1714 1713 1
1767 1714 3
1755 1714 6
1713 1715 1
1716 1715 2
1762 1715 1
1714 1716 7
1744 1717 2
1789 1717 1
1717 1718 4
1720 1719 4
1724 1723 2
1804 1723 1
1720 1725 4
1720 1726 4
1714 1727 1
1729 1728 5
1727 1728 1
1790 1728 1
1805 1728 1
1794 1728 1
1798 1728 1
1761 1729 1
1731 1729 1
1714 1729 5
1730 1731 3
1722 1732 1
1718 1733 1
1718 1734 1
1736 1735 2
1734 1735 1
1718 1736 1
1714 1736 1
1735 1737 2
1738 1737 2
1736 1738 2
1775 1739 2
1740 1739 4
1734 1739 1
1788 1739 1
1744 1740 2
1789 1740 1
1718 1740 1
1788 1741 1
1740 1741 4
1775 1741 2
1734 1741 1
1740 1742 4
1775 1742 2
1734 1742 1
1788 1742 1
1733 1743 1
1734 1743 1
1745 1744 4
1746 1745 4
1804 1745 1
1714 1747 1
1801 1748 1
1747 1748 1
1716 1748 2
1714 1749 1
1749 1750 1
1736 1750 1
1752 1751 2
1791 1751 1
1753 1754 8
1751 1755 1
1754 1755 7
1754 1756 2
1753 1757 1
1758 1759 1
1744 1760 2
1804 1761 1
1724 1761 2
1714 1762 1
1751 1763 1
1714 1765 1
1765 1766 1
1799 1766 1
1796 1766 1
1716 1766 3
1751 1768 1
1763 1769 1
1768 1769 1
1768 1770 1
1763 1770 1
1763 1771 1
1768 1771 1
1763 1772 1
1768 1772 1
1755 1773 1
1768 1773 1
1744 1774 1
1774 1775 1
1744 1775 2
1775 1776 2
1777 1776 2
1744 1777 2
1788 1778 1
1775 1778 2
1717 1778 3
1775 1779 2
1760 1779 2
1775 1780 2
1760 1780 2
1760 1781 2
1775 1781 2
1775 1782 2
1760 1782 2
1775 1783 2
1784 1783 2
1744 1784 2
1760 1785 2
1775 1785 2
1786 1787 1
1789 1788 1
1714 1790 1
1792 1793 1
1761 1794 1
1721 1795 1
1714 1796 1
1729 1797 1
1796 1797 1
1714 1798 1
1714 1799 1
1764 1800 1
1714 1801 1
1714 1802 1
1802 1803 1
1729 1803 1
1731 1805 1
