1655 1041 1
1648 1041 1
1072 1041 1
1827 1042 1
1676 1043 1
1642 1044 1
1673 1045 3
1046 1045 1
1676 1047 2
1676 1048 4
1063 1048 2
1047 1048 2
1813 1051 1
1813 1052 1
1051 1052 1
1630 1055 1
1055 1056 1
1685 1056 1
1619 1057 1
1055 1057 1
1054 1058 1
1701 1059 2
1058 1059 1
1061 1060 2
1059 1060 2
1701 1061 2
1082 1061 3
1676 1063 2
1706 1066 1
1660 1067 3
1042 1069 1
1827 1070 1
1069 1070 1
1668 1076 1
1668 1077 1
1665 1078 1
1078 1079 1
1665 1079 1
1642 1080 1
1655 1084 1
1647 1085 1
1084 1085 1
1827 1092 1
1092 1093 1
1827 1093 1
1634 1097 1
1636 1098 1
1097 1098 1
1655 1101 1
1101 1102 1
1655 1102 1
1620 1105 1
1105 1106 1
1647 1106 1
1655 1107 1
1041 1108 1
1107 1108 1
1107 1109 1
1041 1109 1
1041 1110 1
1107 1110 1
1107 1111 1
1041 1111 1
1671 1612 1
1613 1612 2
1614 1612 2
1667 1612 1
1612 1615 1
1616 1617 3
1616 1618 3
1616 1619 3
1630 1619 1
1621 1620 2
1040 1620 1
1625 1624 3
1676 1626 2
1627 1626 3
1630 1629 1
1629 1631 1
1822 1631 1
1632 1631 4
1055 1631 1
1821 1631 1
1630 1632 4
1634 1633 1
1636 1635 1
1633 1635 1
1634 1636 2
1638 1639 3
1638 1640 3
1642 1641 1
1641 1643 1
1080 1643 1
1644 1643 3
1044 1643 1
1642 1644 3
1641 1645 1
1080 1645 1
1644 1645 2
1644 1646 2
1080 1646 1
1641 1646 1
1620 1647 1
1655 1647 1
1648 1647 1
1627 1650 3
1653 1652 3
1040 1656 1
1657 1656 2
1660 1659 3
1663 1662 2
1612 1662 1
1614 1663 2
1613 1663 2
1665 1664 4
1613 1668 2
1671 1668 1
1614 1668 2
1667 1668 1
1712 1669 2
1668 1669 1
1668 1670 1
1712 1670 2
1673 1672 3
1636 1674 4
1676 1675 1
1043 1677 1
1675 1677 1
1626 1677 2
1675 1678 1
1626 1678 1
1679 1680 5
1650 1681 1
1683 1682 1
1681 1682 1
1650 1683 1
1630 1685 1
1688 1687 3
1627 1690 3
1691 1692 5
1664 1700 1
1054 1701 1
1704 1703 1
1816 1705 1
1706 1705 3
1703 1705 1
1664 1706 1
1704 1706 1
1708 1707 4
1705 1707 3
1066 1707 1
1706 1708 4
1664 1708 1
1708 1709 3
1705 1709 3
1613 1712 4
1614 1712 4
1813 1814 1
1814 1815 1
1813 1815 1
1664 1816 1
1700 1817 1
1816 1817 1
1816 1818 1
1706 1818 1
1816 1819 1
1708 1819 1
1630 1821 1
1630 1822 1
1824 1823 1
1823 1825 1
1826 1825 1
1824 1826 1
1688 1827 4
1042 1827 1
