9293 9270 1
9271 9270 2
9272 9271 2
9319 9274 3
9276 9275 1
9277 9275 1
9278 9279 1
9281 9280 1
9337 9281 1
9281 9282 2
9280 9282 1
9282 9283 2
9284 9283 2
9281 9284 2
9334 9284 1
9336 9285 1
9281 9285 3
9282 9285 2
9288 9287 3
9290 9289 4
9291 9289 4
9300 9292 2
9272 9293 2
9433 9293 1
9288 9294 3
9288 9296 3
9272 9297 2
9299 9298 2
9389 9298 1
9300 9299 2
9398 9301 3
9372 9301 1
9288 9302 3
9389 9303 1
9304 9303 2
9300 9304 2
9319 9305 3
9293 9305 1
9306 9305 2
9272 9306 2
9389 9307 1
9292 9307 2
9288 9308 3
9310 9309 2
9384 9309 1
9364 9311 1
9290 9311 1
9312 9311 1
9319 9312 2
9313 9312 5
9315 9314 1
9288 9315 3
9314 9316 1
9317 9316 3
9392 9316 2
9315 9317 1
9301 9317 2
9319 9318 1
9406 9319 1
9318 9320 1
9321 9320 3
9393 9320 2
9385 9321 1
9319 9321 3
9318 9322 1
9305 9322 1
9393 9323 2
9318 9323 1
9274 9323 3
9345 9324 1
9325 9324 5
9393 9324 2
9318 9324 1
9431 9324 1
9372 9325 2
9295 9325 1
9319 9325 3
9337 9326 1
9327 9328 1
9301 9330 2
9448 9330 1
9330 9331 2
9332 9331 2
9301 9332 2
9334 9333 1
9284 9335 1
9333 9335 1
9337 9336 1
9326 9338 1
9336 9338 1
9340 9339 2
9389 9339 1
9300 9340 2
9288 9341 3
9312 9342 1
9344 9343 1
9312 9343 1
9312 9344 2
9295 9345 1
9345 9346 1
9347 9346 1
9293 9347 1
9319 9347 2
9295 9347 1
9430 9347 2
9398 9348 1
9416 9348 1
9349 9348 2
9272 9349 2
9284 9350 1
9277 9350 1
9351 9350 1
9353 9352 2
9389 9352 1
9300 9353 2
9355 9354 2
9416 9354 1
9272 9355 2
9291 9356 1
9277 9356 1
9277 9357 1
9291 9357 1
9436 9358 1
9301 9358 2
9373 9358 1
9384 9360 1
9361 9360 2
9288 9362 3
9288 9363 3
9288 9364 3
9398 9364 1
9288 9365 3
9288 9366 3
9288 9367 3
9412 9369 1
9371 9370 2
9293 9370 1
9272 9371 2
9277 9373 2
9383 9373 2
9359 9374 1
9376 9375 2
9416 9375 1
9398 9375 1
9272 9376 2
9389 9377 1
9378 9377 2
9300 9378 2
9272 9379 2
9364 9380 1
9380 9381 1
9311 9381 1
9380 9382 1
9311 9382 1
9384 9385 1
9407 9385 3
9384 9386 1
9435 9386 2
9300 9389 2
9388 9389 1
9389 9390 1
9391 9390 2
9300 9391 2
9301 9392 2
9415 9392 1
9319 9393 2
9405 9393 1
9347 9394 2
9393 9394 2
9393 9395 2
9305 9395 2
9393 9396 2
9312 9396 2
9398 9397 1
9364 9399 1
9397 9399 1
9397 9400 1
9301 9400 2
9358 9401 2
9400 9401 2
9397 9402 1
9364 9402 1
9293 9404 1
9379 9404 2
9406 9405 1
9411 9408 1
9291 9408 2
9291 9409 2
9411 9409 1
9408 9409 2
9291 9411 1
9414 9413 1
9398 9415 1
9272 9416 2
9433 9416 1
9416 9417 1
9416 9418 1
9416 9419 1
9434 9420 1
9277 9422 1
9412 9423 1
9369 9424 1
9423 9424 1
9423 9425 1
9426 9425 1
9293 9426 1
9297 9426 2
9412 9426 1
9398 9427 1
9375 9428 1
9427 9428 1
9427 9429 1
9348 9429 1
9272 9430 2
9372 9431 1
9301 9432 1
9431 9432 1
9293 9437 1
9293 9438 1
9293 9439 1
9293 9440 1
9293 9441 1
9293 9442 1
9284 9444 1
9444 9445 1
9284 9445 1
9447 9446 1
9398 9448 1
9389 9449 1
9389 9450 1
9389 9451 1
9389 9452 1
9389 9453 1
9389 9454 1
9389 9455 1
9372 9456 1
9325 9457 1
9456 9457 1
