9760 9759 8
9759 9761 5
9759 9762 5
10065 9763 9
9763 9764 4
9763 9765 4
9763 10059 4
9763 10060 4
9763 10061 4
10060 10063 1
10067 10063 2
10062 10063 4
9764 10063 1
10059 10063 1
10064 10063 1
9765 10065 1
9764 10065 1
10059 10065 1
10063 10065 5
10060 10065 1
10134 10066 1
10067 10066 2
10089 10067 4
10081 10067 1
10066 10068 2
10105 10068 1
10069 10068 3
10067 10069 2
10063 10069 1
10075 10069 4
10063 10070 2
10066 10070 2
10066 10071 2
10072 10071 2
10081 10072 1
10067 10072 2
10083 10072 2
10066 10073 2
10105 10073 1
10074 10073 3
10063 10074 1
10067 10074 2
10088 10074 4
10077 10076 5
9764 10076 1
10083 10076 1
10133 10076 1
10063 10076 1
10079 10078 4
10081 10079 1
10081 10080 1
10090 10081 3
10083 10082 2
10080 10082 1
10081 10083 2
10082 10084 2
10072 10084 3
10134 10084 1
10082 10085 2
10072 10085 2
10082 10086 2
10083 10086 2
10082 10087 2
10072 10087 2
10091 10092 1
10091 10093 1
10094 10095 4
10076 10097 1
10064 10097 1
10096 10097 4
10133 10097 1
9763 10098 1
10121 10099 3
10098 10099 1
9763 10099 4
10063 10100 2
10127 10100 1
10119 10101 2
10063 10101 4
10100 10101 2
10119 10102 2
10063 10102 4
10100 10102 2
10065 10103 3
10100 10103 2
10103 10104 3
10121 10104 3
10065 10104 6
10063 10105 1
10128 10106 1
10105 10106 1
10132 10106 1
10076 10106 3
10105 10107 1
10065 10107 2
10107 10108 2
10065 10108 2
10076 10109 3
10132 10109 1
10105 10109 1
10128 10109 1
10083 10110 1
10076 10111 1
10110 10111 1
10083 10112 1
10110 10112 1
10076 10113 2
10110 10113 1
10128 10113 1
10059 10114 1
10127 10115 1
10065 10115 3
10114 10115 1
10128 10115 1
10114 10116 1
10063 10116 1
10064 10117 1
10117 10118 1
10097 10118 2
10132 10118 1
10117 10119 1
10063 10119 2
10063 10120 2
10119 10120 2
10065 10121 3
10119 10121 2
10123 10122 3
10121 10122 3
10065 10123 3
10125 10124 4
10060 10127 1
9764 10128 1
10128 10129 1
10063 10129 1
9765 10130 1
10130 10131 1
10065 10131 1
10133 10132 1
10081 10134 1
10079 10135 1
10134 10135 1
10083 10136 1
10134 10136 1
10137 10138 1
