15149 12726 1
12728 12726 4
12727 12726 2
12729 12728 4
15148 12728 1
12731 12730 3
14798 12732 3
15048 14799 1
14800 14799 4
15052 14801 3
14799 14801 4
14803 14802 4
14805 14804 9
15077 14804 1
14802 14804 3
15245 14804 1
15239 14804 1
14882 14804 2
14893 14804 1
15047 14805 1
14889 14805 2
14997 14805 1
14874 14805 17
14883 14805 2
15078 14805 3
14919 14805 1
14803 14805 4
14878 14805 2
15114 14805 1
14802 14806 2
14805 14806 2
14805 14807 2
14802 14807 2
14805 14808 2
14802 14808 2
14805 14809 2
14802 14809 2
15025 14810 1
14969 14810 2
14873 14810 1
15161 14810 1
15228 14810 1
14998 14810 1
14914 14810 1
15236 14810 1
15113 14810 1
15187 14810 1
14802 14810 2
14805 14810 15
15244 14810 1
15248 14810 1
14805 14811 4
15134 14811 1
15191 14811 1
14802 14811 2
15053 14812 1
14805 14812 3
14802 14812 2
14815 14814 2
14821 14814 1
15158 14816 2
14817 14816 4
15241 14816 1
15129 14817 1
14929 14817 1
15011 14817 1
14880 14817 2
15058 14817 1
14905 14817 1
14877 14818 1
14817 14818 6
14816 14818 4
14817 14819 8
15018 14819 2
14818 14819 6
15010 14820 1
15020 14820 1
15177 14822 2
14821 14822 1
14821 14823 1
14992 14823 2
15194 14824 2
14821 14824 1
14821 14825 1
14901 14825 2
14821 14826 1
15165 14826 2
14821 14827 1
14970 14827 2
14968 14828 2
14821 14828 1
14821 14829 1
14994 14829 2
14831 14830 2
15048 14830 1
14833 14832 4
15048 14832 1
14832 14834 4
15135 14835 2
14836 14835 3
15134 14837 1
15113 14837 1
15141 14837 1
15228 14837 1
15053 14837 2
14835 14837 3
14838 14837 41
15230 14837 1
14998 14837 1
15057 14837 1
15101 14837 1
15029 14837 1
14873 14837 1
15103 14837 1
15094 14837 1
14882 14837 2
15191 14837 1
15027 14837 2
15213 14837 1
14969 14837 5
15136 14837 2
15153 14837 1
15056 14837 1
15229 14837 1
15163 14837 2
14909 14837 1
15161 14837 1
15248 14837 1
14914 14837 1
15244 14837 1
15088 14837 1
14906 14838 1
14929 14838 1
14836 14838 3
14905 14838 1
14883 14838 2
15061 14838 1
15058 14838 1
15118 14838 1
14979 14838 1
14874 14838 17
14923 14838 1
15028 14838 9
14858 14838 1
14862 14838 1
14840 14839 3
14842 14841 2
15048 14841 1
14844 14843 2
15149 14843 1
14845 14843 4
14846 14845 4
15148 14845 1
14848 14847 4
15148 14847 1
14847 14849 4
14850 14849 2
15149 14849 1
14852 14851 1
14851 14852 4
14854 14853 4
14905 14854 1
14929 14854 3
14856 14855 3
14858 14857 1
15064 14858 2
15149 14858 1
15065 14858 4
15190 14859 1
15221 14859 1
14857 14859 1
15101 14859 1
15249 14859 1
15188 14859 1
14897 14859 1
15151 14859 1
14860 14859 9
15102 14859 1
14843 14860 2
14906 14860 1
14858 14860 2
14898 14860 2
14971 14860 2
15152 14860 1
14883 14860 1
14862 14861 1
14941 14862 1
14880 14862 2
15150 14862 3
14909 14863 5
14862 14863 7
14861 14863 1
14865 14864 8
14863 14864 7
14862 14865 7
14880 14865 2
14865 14866 8
14864 14866 8
14813 14867 1
14867 14868 1
14813 14868 2
14869 14870 3
14871 14870 3
14871 14872 3
14874 14873 1
15032 14875 3
14817 14875 5
15057 14875 1
14798 14876 3
14817 14877 1
15212 14879 1
14880 14879 6
14880 14881 1
14879 14881 1
14883 14882 2
14882 14884 1
14860 14884 1
14887 14886 3
14889 14888 1
14888 14890 1
14805 14890 4
14802 14890 1
15187 14890 1
15025 14890 1
14888 14891 1
14805 14891 1
14888 14892 1
14802 14892 1
15187 14892 1
15025 14892 1
14805 14892 4
14878 14893 1
14895 14894 2
15196 14894 1
15044 14895 1
15011 14895 1
14906 14895 1
15015 14896 3
15235 14896 1
15143 14896 2
14894 14896 2
15017 14896 2
14895 14896 12
15141 14896 1
14917 14896 3
14898 14897 1
15149 14898 1
14977 14898 4
15233 14898 2
14900 14899 1
14897 14899 1
14898 14900 1
14887 14902 3
14856 14903 3
14904 14905 3
14904 14906 3
14908 14907 3
14862 14909 6
14942 14909 4
14853 14910 1
14910 14911 1
14853 14911 1
14853 14912 1
14910 14912 1
14910 14913 1
14853 14913 1
14874 14914 1
14895 14915 1
14895 14916 2
14915 14916 1
14895 14917 3
14916 14917 2
14919 14918 2
15119 14918 1
14929 14919 1
14854 14919 4
14870 14920 1
14870 14921 2
14920 14921 1
14923 14922 2
14921 14922 2
15038 14923 1
14919 14923 1
14870 14923 2
15114 14923 1
15011 14923 1
15106 14924 1
14925 14924 3
14921 14924 2
14870 14925 2
14973 14925 1
14927 14926 3
14929 14928 1
14939 14929 3
14928 14930 1
14919 14930 1
14887 14931 3
14798 14933 3
14934 14935 3
14937 14936 1
15054 14937 4
14937 14938 1
14936 14938 1
14941 14940 1
14880 14941 5
14940 14942 1
15170 14942 2
14862 14942 4
14944 14943 6
15107 14943 1
14942 14943 4
14907 14944 1
14880 14944 2
14862 14944 4
14947 14945 4
15149 14945 1
14946 14945 2
14948 14947 4
15011 14947 1
15148 14947 1
14967 14949 2
15048 14949 1
14874 14969 5
14972 14971 4
14974 14973 2
15243 14973 1
14887 14976 3
15148 14977 1
14978 14977 4
14980 14979 3
15048 14981 1
14982 14981 2
15207 14983 1
14900 14983 2
14900 14984 2
14983 14984 2
14987 14986 5
14895 14986 3
14889 14986 1
15090 14986 2
14989 14988 2
14990 14988 4
15149 14988 1
14991 14990 4
15148 14990 1
14969 14993 3
15131 14993 1
14805 14993 4
14858 14995 1
14995 14996 1
14858 14996 1
14874 14998 1
15001 15000 3
14856 15002 3
14840 15003 3
15006 15005 1
15006 15007 1
15005 15007 1
14986 15008 4
15230 15009 1
14923 15009 2
15011 15010 1
15013 15012 1
15010 15012 1
15011 15013 1
15010 15014 1
14895 15014 4
15116 15014 3
15010 15015 1
15138 15015 1
14895 15015 3
14986 15016 3
15015 15016 3
14895 15017 2
15010 15017 1
15010 15018 1
14817 15018 2
15020 15019 1
15010 15019 1
15011 15020 1
15131 15021 1
14923 15021 4
15010 15021 1
15236 15021 1
15021 15022 4
15195 15022 1
15037 15022 1
14923 15022 7
15230 15022 1
15010 15023 1
15020 15023 1
15010 15024 1
14947 15024 1
14889 15025 1
15025 15026 1
14986 15026 3
15105 15026 2
15028 15027 2
15199 15028 1
14905 15029 1
15029 15030 1
15031 15030 1
14905 15031 1
15153 15032 1
15029 15032 1
14817 15032 3
14817 15033 4
15128 15033 1
15032 15033 3
15032 15034 3
14817 15034 3
15062 15035 2
15029 15035 1
14854 15035 3
15110 15036 2
14854 15036 3
15029 15036 1
15038 15037 1
14944 15040 1
14944 15041 1
15040 15041 1
14798 15043 3
14927 15046 3
15168 15049 2
15048 15049 1
15048 15050 1
15132 15050 2
15092 15051 2
15048 15051 1
14874 15053 2
15028 15056 1
15058 15057 1
14939 15058 3
14870 15058 1
15060 15061 3
15153 15062 1
14929 15062 2
15078 15063 2
15137 15065 1
15066 15065 4
15148 15065 1
15068 15067 3
14870 15071 1
15058 15072 1
15071 15072 1
15075 15073 4
15149 15073 1
15074 15073 2
15076 15075 4
15148 15075 1
15078 15077 1
15063 15079 3
15140 15079 1
15077 15079 1
15187 15079 1
15081 15082 3
15083 15082 1
15084 15082 2
15082 15086 1
15086 15087 1
15082 15087 1
15028 15088 1
14887 15090 3
14979 15090 1
14887 15091 3
15119 15093 1
14919 15093 2
15061 15094 1
15090 15095 1
15090 15096 3
15105 15096 2
15095 15096 1
14802 15097 1
14805 15097 1
14805 15098 1
14802 15098 1
15099 15100 3
14858 15101 1
14843 15102 1
14979 15103 1
15105 15104 2
15090 15104 2
15103 15104 1
15103 15105 1
15090 15105 2
14973 15106 1
14944 15107 3
15158 15107 2
15109 15108 3
15153 15110 1
14929 15110 2
14941 15111 5
14879 15111 5
14798 15112 3
14874 15113 1
15115 15114 3
14887 15114 3
14895 15116 3
15142 15116 2
15117 15118 3
14919 15119 1
15119 15120 1
14919 15120 2
14887 15123 3
14887 15124 3
14887 15125 3
14887 15126 3
15129 15128 1
15218 15129 3
15114 15131 1
14874 15134 1
15232 15135 1
14836 15135 2
15028 15136 2
14895 15138 1
15138 15139 1
14895 15139 1
15063 15140 1
14906 15141 1
14895 15142 2
15141 15142 1
15141 15143 1
14895 15143 2
15141 15144 1
14860 15144 1
15141 15145 1
15146 15145 1
14906 15146 1
15141 15147 1
14895 15147 1
15152 15151 1
14929 15153 1
14929 15154 1
15153 15154 1
14865 15155 1
15217 15156 1
15155 15156 1
14865 15156 2
15212 15158 1
14880 15158 2
14874 15161 1
15028 15163 2
14852 15166 1
14851 15167 1
15166 15167 1
15212 15170 1
14880 15170 2
14880 15172 1
15172 15173 1
15185 15173 1
14865 15173 2
15129 15174 1
15129 15175 1
15174 15175 1
14865 15178 1
15178 15179 1
14865 15179 1
14865 15180 2
15178 15180 1
14865 15181 2
15180 15181 2
15152 15182 1
15182 15183 1
15152 15183 1
14880 15185 1
14927 15186 3
15078 15187 2
14843 15188 1
14900 15189 2
15207 15189 1
14971 15190 1
14874 15191 1
14907 15192 1
14944 15193 1
15192 15193 1
14923 15195 1
14895 15196 1
14927 15197 3
14798 15200 3
15137 15205 1
15205 15206 1
15065 15206 1
14900 15207 1
15207 15208 1
14900 15208 1
15044 15209 1
15209 15210 1
14895 15210 1
15209 15211 1
14895 15211 1
14880 15212 1
15118 15213 1
14870 15214 1
15214 15215 1
14870 15215 1
14865 15217 1
14971 15221 1
14872 15222 1
14872 15223 1
15222 15223 1
14919 15224 1
15224 15225 1
14919 15225 1
15224 15226 1
14919 15226 1
14919 15227 1
15224 15227 1
14874 15228 1
15028 15229 1
14923 15230 1
14923 15231 1
15230 15231 1
14836 15232 1
14895 15235 1
14919 15236 1
14802 15237 1
14805 15237 1
14802 15238 1
14805 15238 1
14878 15239 1
14817 15241 1
14874 15244 1
15047 15245 1
14813 15246 1
15246 15247 1
14813 15247 1
14874 15248 1
14898 15249 1
14805 15250 1
15053 15250 1
