3616 1068 1
3853 1069 1
3760 1070 1
3825 1071 1
3576 1072 1
3275 1073 1
3613 1074 1
3656 1075 1
3576 1076 1
2320 1077 1
3760 1078 1
3650 1079 1
3126 1080 1
4002 1081 1
3308 1082 3
1677 1082 1
1081 1082 1
3308 1083 4
1677 1083 1
1109 1083 1
1081 1083 1
1081 1084 1
3308 1084 3
1677 1084 1
3782 1085 1
3760 1087 1
4072 1088 1
3836 1089 1
3517 1090 1
2755 1091 1
2551 1092 1
3117 1093 1
3426 1094 1
3616 1095 1
3175 1096 1
3540 1097 1
3540 1098 1
3117 1099 1
2187 1100 1
3825 1101 1
1103 1102 1
3844 1104 1
3205 1105 1
3529 1106 1
2561 1107 1
2447 1108 1
3637 1109 1
2296 1110 1
3117 1111 1
3511 1112 1
3253 1112 2
1136 1112 1
2357 1113 1
2184 1114 1
2423 1115 1
3734 1116 1
3893 1117 1
3760 1118 1
3572 1119 1
3117 1120 1
3275 1121 1
3426 1122 1
3905 1123 1
1123 1124 1
3905 1124 2
1124 1125 2
3556 1125 3
3540 1126 1
1103 1127 1
3635 1128 1
3720 1129 1
2755 1130 1
3868 1131 1
3755 1132 1
3992 1133 1
3472 1134 1
3508 1136 1
1138 1137 1
1137 1139 1
1138 1139 2
1139 1140 2
1138 1140 2
1137 1141 1
1138 1141 1
3980 1142 1
3517 1143 1
4059 1144 1
3336 1145 1
3578 1146 1
3252 1147 1
3117 1148 1
3193 1149 1
2320 1150 1
3697 1151 1
3367 1152 1
3368 1152 1
3275 1153 1
3988 1154 1
3980 1155 1
3629 1156 1
2184 1157 1
3945 1158 1
3356 1159 1
3540 1160 1
2483 1161 1
2691 1162 1
1161 1162 1
2691 1163 1
1161 1163 1
3430 1164 1
3992 1165 1
3336 1167 1
3426 1168 1
3992 1169 1
3721 1170 1
3418 1170 2
3663 1171 1
2551 1172 1
3206 1173 1
3873 1174 1
3555 1175 1
3703 1176 1
3193 1177 1
3399 1178 1
3424 1179 2
1178 1179 1
3126 1180 1
1180 1181 1
4042 1181 1
1180 1182 1
4042 1182 1
1180 1183 1
4042 1183 1
4042 1184 1
1180 1184 1
3494 1185 2
1213 1185 1
2308 1186 1
1186 1187 1
3551 1187 1
2755 1188 1
2994 1189 1
3703 1190 1
3257 1191 1
2296 1192 1
3426 1193 1
2244 1194 1
2348 1195 1
3744 1196 1
3980 1197 1
4059 1199 1
3168 1200 1
3993 1201 1
3426 1202 1
3430 1203 1
3508 1204 1
3872 1205 1
2223 1206 1
4002 1207 1
1463 1208 1
1567 1208 1
3306 1208 3
3540 1209 1
3616 1210 1
3576 1211 1
3760 1212 1
1214 1213 1
3180 1214 4
2916 1215 1
3576 1216 1
4025 1217 1
3540 1218 1
3517 1219 1
3825 1222 1
2320 1223 1
1223 1224 1
3279 1224 1
3796 1225 1
3798 1226 1
1225 1226 1
2097 1228 1
3555 1229 1
3117 1230 1
3801 1231 1
3850 1232 1
3850 1233 1
3980 1234 1
3126 1235 1
2348 1236 1
3535 1237 2
1378 1237 1
2453 1238 1
3126 1239 1
4038 1240 1
1240 1241 1
2360 1241 2
1250 1241 1
2223 1242 1
3205 1243 1
2223 1244 1
2694 1245 1
1704 1246 1
3151 1246 2
1245 1246 1
3187 1247 1
1247 1248 1
3139 1248 1
3868 1249 1
2891 1250 1
2360 1251 2
1250 1251 1
3517 1252 1
2112 1253 1
2387 1254 1
2549 1255 1
3992 1256 1
3850 1258 1
3782 1259 1
3540 1260 1
2472 1261 1
3168 1262 1
3426 1263 1
3117 1264 1
3308 1265 1
1265 1266 1
3308 1266 1
2755 1267 1
2223 1268 1
2405 1269 1
3508 1270 1
3555 1271 1
3117 1272 1
4083 1273 2
1285 1273 1
3332 1274 2
1273 1274 2
3339 1275 2
1413 1275 1
3576 1276 1
2755 1277 1
1323 1278 1
2562 1278 2
2577 1279 1
3576 1280 1
2282 1281 1
2528 1282 1
3517 1283 1
3117 1284 1
2954 1285 1
3558 1286 1
2244 1287 1
2766 1288 1
2766 1289 1
2766 1290 1
2766 1291 1
2766 1292 1
3540 1293 1
3430 1294 1
3117 1295 1
3576 1296 1
3616 1297 1
3508 1298 1
3180 1299 1
3546 1300 1
3703 1301 1
3801 1302 1
2351 1303 1
3483 1304 1
3517 1305 1
3576 1306 1
3430 1311 1
3988 1312 1
2197 1314 1
3117 1315 1
3576 1316 1
3193 1317 1
3508 1318 1
3812 1319 1
3198 1320 2
1517 1320 1
1319 1320 1
2397 1321 1
1220 1323 1
3844 1324 1
3137 1325 1
1324 1325 1
3578 1326 1
3184 1327 1
1327 1328 1
3406 1328 1
2447 1329 1
3128 1330 1
2465 1331 1
3992 1332 1
3656 1333 1
4002 1334 1
3508 1335 1
3504 1336 1
1336 1337 1
2216 1337 2
2197 1339 1
2916 1340 1
2223 1341 1
3644 1342 1
2577 1344 1
2577 1345 1
1344 1345 1
2771 1346 1
1103 1347 1
3184 1349 1
3406 1350 2
1349 1350 1
1673 1350 1
3426 1351 1
3903 1353 1
3546 1355 1
2320 1356 1
2223 1357 1
3508 1358 1
3558 1359 1
3517 1360 1
3760 1361 1
3821 1362 1
3205 1363 1
4108 1364 1
3734 1365 1
4096 1366 1
3460 1367 1
2604 1368 1
2320 1369 1
4059 1370 1
3576 1371 1
3868 1372 1
3546 1373 1
1602 1374 1
3207 1374 3
1516 1374 1
3821 1375 1
3205 1376 1
3455 1377 1
3533 1378 1
2423 1379 1
4025 1380 1
3720 1381 1
3087 1382 1
3875 1383 2
3807 1384 3
1383 1384 2
2397 1385 1
2273 1386 1
1386 1387 1
4057 1387 2
3616 1389 1
2604 1390 1
2755 1391 1
3633 1392 1
2187 1393 1
3214 1394 1
3430 1395 1
2771 1396 1
1436 1397 1
3438 1397 3
1396 1397 1
3306 1398 3
1397 1398 3
1397 1399 3
3306 1399 3
2916 1400 1
4096 1401 1
2187 1402 1
3308 1403 1
1403 1404 1
3308 1404 1
3868 1405 1
3992 1406 1
3426 1407 1
3198 1408 1
3198 1409 1
1408 1409 1
3304 1410 1
1410 1411 1
3304 1411 1
4025 1412 1
2102 1413 1
3193 1414 1
3430 1415 1
3540 1417 1
3853 1418 1
2223 1419 1
3850 1420 1
2369 1421 1
3064 1422 1
1424 1423 1
2549 1425 1
2646 1426 1
3992 1427 1
3980 1428 1
2841 1429 1
3555 1430 1
3517 1431 1
3992 1432 1
2369 1434 1
3868 1435 1
2098 1436 1
3540 1437 1
3426 1438 1
2098 1439 3
1463 1439 1
1567 1439 1
2933 1440 1
4072 1441 1
2296 1442 1
4072 1443 1
2239 1444 1
3215 1445 1
3968 1446 1
3760 1447 1
3430 1448 1
1557 1449 1
1581 1449 1
1448 1449 1
3128 1449 3
3936 1451 1
2282 1452 1
3432 1453 1
2320 1454 1
3980 1455 1
2549 1456 1
3426 1457 1
3868 1458 1
3310 1459 1
1458 1459 1
4059 1460 1
3868 1461 1
2244 1462 1
3093 1463 1
1463 1464 1
1567 1464 1
3306 1464 2
3430 1465 1
3556 1466 1
3907 1466 1
4104 1467 1
3428 1468 1
1468 1469 1
2153 1469 1
2342 1470 1
3635 1471 1
2320 1472 1
1647 1473 1
3279 1473 3
1492 1473 1
1472 1473 1
2234 1474 1
3850 1475 1
2817 1476 1
1476 1477 1
4091 1477 1
2604 1478 1
3853 1479 1
3669 1480 1
2320 1481 1
3576 1482 1
3432 1483 1
3151 1484 1
1483 1484 1
3629 1485 1
1487 1486 1
3576 1488 1
2320 1489 1
3744 1490 1
1489 1490 1
3432 1491 1
2320 1492 1
2328 1493 1
3275 1494 1
3648 1495 1
3576 1497 1
3478 1498 1
3850 1499 1
3651 1500 1
3537 1501 1
3540 1502 1
3801 1503 1
1503 1504 1
3256 1504 1
3256 1505 1
1503 1505 1
3558 1506 1
3508 1507 1
3271 1508 1
2184 1509 1
1511 1510 1
3629 1512 1
3771 1513 1
3760 1514 1
3117 1515 1
3533 1516 1
4025 1517 1
3187 1518 1
2551 1519 1
3853 1520 1
3405 1521 1
3850 1522 1
3651 1523 1
3432 1525 1
3771 1526 1
2447 1527 1
3432 1528 1
2140 1529 1
2218 1530 1
1530 1531 1
1532 1531 1
4075 1531 2
2182 1532 1
1532 1533 1
4075 1533 1
3992 1534 1
3621 1535 1
3903 1536 1
3483 1537 1
3616 1538 1
3432 1539 1
2447 1540 1
3936 1541 1
3619 1542 1
3992 1543 1
2549 1544 1
3993 1545 1
2409 1546 1
3980 1547 1
4059 1548 1
3992 1549 1
2239 1550 1
2199 1551 1
3517 1552 1
3517 1554 1
3341 1555 1
3377 1556 1
3430 1557 1
3432 1558 1
3432 1559 1
3635 1560 1
2821 1561 1
3117 1563 1
2184 1564 1
2342 1565 1
4096 1566 1
1450 1567 1
3426 1568 1
2397 1569 1
3430 1570 1
3426 1571 1
2308 1572 1
3546 1573 1
3432 1574 1
3992 1575 1
3253 1576 1
3821 1577 1
3540 1578 1
3782 1579 1
3680 1580 1
3430 1581 1
3187 1582 1
3834 1583 1
4002 1584 1
1646 1585 1
4083 1585 2
4017 1586 1
2413 1587 1
3432 1588 1
3540 1589 1
3430 1590 1
3658 1591 1
2528 1592 1
2854 1593 1
2965 1594 1
1691 1595 1
3328 1595 3
1594 1595 1
3517 1596 1
3275 1597 1
4096 1598 1
3187 1599 1
3905 1600 1
2197 1601 1
2954 1602 1
3195 1604 1
3812 1605 1
1604 1605 1
3629 1606 1
3472 1609 1
2282 1610 1
3579 1611 1
1611 1612 1
2469 1612 1
3117 1613 1
3857 1614 1
3432 1615 1
3151 1616 1
1615 1616 1
3540 1617 1
2273 1618 1
3665 1619 1
3430 1622 1
3651 1623 1
3703 1624 1
3760 1625 1
2216 1626 1
3651 1627 1
3514 1628 1
3572 1629 1
2472 1631 1
3426 1632 1
3508 1633 1
3193 1634 1
3554 1635 1
4072 1637 1
3683 1638 1
3576 1639 1
3540 1640 1
2187 1641 1
3555 1642 1
2342 1643 1
1562 1644 1
2187 1645 1
2954 1646 1
2320 1647 1
3656 1648 1
3225 1649 1
3117 1650 1
2549 1651 1
3385 1652 1
2549 1653 1
3193 1654 1
4108 1655 1
2239 1656 1
1198 1658 1
4025 1659 1
2835 1660 1
2483 1661 1
2691 1662 1
1661 1662 1
2691 1663 1
1661 1663 1
2691 1664 1
1661 1664 1
1661 1665 1
2691 1665 1
3117 1666 1
3576 1667 1
2320 1668 1
3430 1669 1
4025 1670 1
3616 1671 1
2397 1672 1
3184 1673 1
3430 1674 1
3850 1675 1
3117 1676 1
4002 1677 1
3558 1678 1
3405 1679 1
2549 1680 1
3540 1681 1
3546 1682 1
3168 1683 1
3652 1685 1
3187 1686 1
3576 1687 1
2646 1688 1
3616 1689 1
3540 1690 1
2965 1691 1
3117 1692 1
2244 1693 1
4117 1694 1
3517 1695 1
3205 1696 1
3426 1697 1
3426 1698 1
2184 1699 1
3430 1700 1
3789 1701 1
3850 1702 1
2184 1703 1
3432 1704 1
3955 1705 1
2409 1706 1
3455 2092 4
3850 2092 1
3863 2093 1
3863 2094 2
2486 2094 1
2093 2094 1
2093 2095 1
3260 2095 1
3976 2096 1
3380 2097 4
2099 2098 3
1343 2098 1
3093 2098 1
1450 2098 1
3117 2100 1
2102 2101 1
3207 2102 4
2101 2103 1
3339 2103 2
2103 2104 2
1275 2104 2
3537 2104 4
3350 2105 4
3483 2105 1
2108 2107 1
2107 2109 1
1586 2109 1
2329 2109 1
2984 2109 1
3396 2109 7
2513 2109 3
3401 2110 2
3275 2111 1
3207 2112 4
3253 2115 1
2815 2116 1
1347 2116 1
2115 2116 1
2422 2116 1
2587 2116 1
2117 2116 5
1103 2117 2
2561 2117 2
2816 2117 2
2423 2117 2
3253 2117 2
2815 2118 1
3392 2118 3
2115 2118 1
1102 2119 1
3394 2119 4
2118 2119 3
3021 2120 1
1127 2120 1
3394 2120 4
2115 2120 1
2120 2121 4
3166 2121 5
3624 2122 4
2120 2122 4
2284 2123 1
2124 2123 6
2120 2123 4
3394 2124 4
2285 2124 1
3836 2124 1
3506 2124 2
2766 2124 1
2126 2125 7
1382 2125 1
2120 2125 4
3086 2125 1
3394 2126 4
3506 2126 2
3087 2126 2
2766 2126 1
3289 2127 8
2125 2127 7
3086 2127 1
2284 2127 1
2120 2128 4
3289 2128 4
2120 2129 4
3621 2129 5
3660 2130 6
1429 2130 1
2120 2130 4
2130 2131 6
3218 2131 6
2130 2132 6
3328 2132 6
2115 2133 1
3021 2133 1
3392 2133 2
2115 2134 1
3271 2134 2
3021 2134 1
3021 2135 1
3267 2135 2
2115 2135 1
3267 2136 5
2739 2136 1
2115 2136 1
3021 2136 1
1107 2136 1
2136 2137 5
3271 2137 6
2512 2138 1
3396 2138 7
2137 2138 6
2140 2139 1
2955 2140 3
3688 2141 3
1685 2141 1
1269 2141 1
2139 2141 1
2948 2142 1
3880 2142 2
4025 2143 1
3426 2144 1
3432 2145 1
2145 2146 1
3151 2146 1
2148 2147 1
3988 2148 1
2153 2148 3
2150 2149 1
2147 2149 1
2237 2150 1
2148 2150 1
2150 2151 2
2147 2151 1
2151 2152 2
2153 2152 2
3428 2153 1
2507 2153 1
2150 2153 2
2153 2154 3
2151 2154 2
2156 2155 3
2154 2155 3
2153 2156 3
2158 2157 4
2156 2157 4
2154 2157 3
2156 2158 4
2154 2158 3
2158 2159 4
2156 2159 4
2156 2160 4
2158 2160 4
2156 2161 4
2154 2161 3
2158 2161 4
2158 2162 4
2156 2162 4
2158 2163 4
2156 2163 4
2154 2163 3
2158 2164 4
2156 2164 4
2158 2165 4
2156 2165 4
2154 2165 3
2156 2166 3
2154 2166 3
2156 2167 3
2154 2167 3
2156 2168 3
2154 2168 3
2154 2169 3
2170 2169 3
2153 2170 3
2154 2171 3
2148 2171 4
1154 2171 1
2154 2172 3
2148 2172 4
1154 2172 1
2151 2173 2
2153 2173 2
3350 2174 1
2174 2175 1
4068 2175 1
2177 2176 1
3913 2177 1
3126 2178 1
2245 2179 13
3680 2179 14
3215 2181 1
2180 2181 1
2726 2181 2
3242 2181 1
3159 2181 1
2881 2182 1
2180 2182 1
2880 2182 2
2184 2183 1
3005 2185 1
1501 2185 1
3703 2185 3
2187 2186 1
3144 2188 1
1257 2188 1
2373 2188 1
3195 2188 1
2190 2189 3
3262 2190 2
3195 2190 2
2191 2190 5
3429 2190 4
2192 2190 2
3426 2193 5
3117 2194 1
3760 2195 1
2197 2196 1
3253 2197 5
2199 2198 1
2198 2200 1
3791 2200 4
2440 2200 3
3663 2201 1
3992 2202 1
3377 2203 1
3377 2204 2
2203 2204 1
4025 2205 1
2207 2206 1
2205 2206 1
4025 2207 1
2190 2207 3
3426 2208 1
3576 2209 1
3576 2210 1
3755 2211 1
3117 2212 1
3504 2213 1
2331 2214 1
2492 2214 1
3207 2214 4
1336 2214 1
2213 2214 1
2213 2215 1
2216 2215 4
2492 2215 1
3504 2216 4
3564 2216 4
3985 2217 6
2215 2217 4
1179 2217 2
2388 2218 1
2219 2218 2
3189 2220 1
1193 2221 1
3107 2221 1
2220 2221 1
2669 2221 1
2546 2221 5
2665 2221 1
3215 2221 10
2223 2222 1
2225 2224 1
3637 2225 5
2879 2226 1
2961 2226 1
1560 2226 1
2783 2226 1
2544 2226 1
1471 2226 1
2828 2226 1
2224 2226 1
2898 2226 1
3348 2226 14
2485 2226 1
2589 2226 1
2662 2226 1
1128 2226 1
2224 2227 1
1238 2227 1
3318 2227 5
2452 2227 1
2974 2227 1
3637 2228 2
2224 2228 1
2652 2229 1
3005 2229 1
1321 2229 1
1385 2229 1
3703 2229 9
2428 2229 1
1672 2229 1
2396 2229 1
2640 2229 1
3275 2230 1
3576 2231 1
3426 2232 1
3633 2233 1
2237 2234 1
3859 2234 1
3784 2234 1
3144 2234 1
2235 2234 1
2236 2234 1
3429 2235 3
2239 2238 1
3555 2240 1
3126 2241 1
2223 2242 1
2244 2243 1
2405 2244 1
3207 2244 4
2313 2245 1
2243 2245 1
2938 2245 2
2493 2245 1
3680 2245 13
1238 2245 1
2982 2245 3
1598 2245 1
2897 2245 1
2974 2245 1
2315 2246 7
2245 2246 13
2271 2246 1
3680 2246 18
2316 2246 8
2243 2247 1
3207 2247 1
2092 2248 3
3540 2249 1
3821 2250 1
3823 2251 2
2250 2251 1
1375 2251 1
3508 2252 1
3656 2253 1
3260 2254 2
2253 2254 1
2660 2254 1
2253 2255 1
3658 2255 2
2255 2256 2
3260 2256 3
2258 2257 1
2257 2259 1
2258 2259 1
4004 2260 1
2257 2260 1
2257 2261 1
4004 2261 1
2760 2262 3
3253 2262 4
1558 2263 1
3151 2263 3
1539 2263 1
3215 2265 1
2267 2266 1
2701 2267 3
2266 2268 1
2267 2268 1
2266 2269 1
2267 2269 1
2266 2270 1
2267 2270 1
3680 2271 1
2273 2272 1
2272 2274 1
1658 2274 1
4057 2274 3
1677 2275 1
2742 2275 7
1081 2275 1
2274 2275 3
3308 2275 12
1584 2275 1
2909 2276 1
2272 2276 1
2303 2276 1
1386 2276 1
3066 2276 1
1618 2276 1
4110 2276 7
3011 2277 3
4110 2277 11
2276 2277 7
2277 2278 11
2404 2278 15
1637 2278 1
3302 2278 27
1441 2278 1
4110 2279 11
2276 2279 7
3011 2279 3
2788 2280 11
2279 2280 11
2902 2280 1
1644 2280 1
3314 2280 27
2379 2280 3
2282 2281 1
3992 2283 1
2285 2284 1
2234 2286 1
2288 2287 1
3206 2288 5
2287 2289 1
2961 2289 1
3380 2289 2
3126 2290 1
3978 2291 1
2290 2291 1
2290 2292 1
3978 2292 1
2290 2293 1
3978 2293 1
3540 2294 1
2296 2295 1
3253 2296 5
2298 2297 5
2297 2299 4
3508 2300 1
3253 2301 1
2300 2301 1
3275 2302 1
2273 2303 1
2303 2304 1
4057 2304 2
3257 2305 8
2864 2305 7
3802 2305 1
3576 2306 1
2330 2307 1
3159 2307 6
1076 2307 1
1296 2307 1
2306 2307 1
2651 2307 1
3180 2308 4
2288 2309 1
1566 2310 1
2783 2310 1
2309 2310 1
3139 2310 5
1247 2310 1
1245 2310 1
3665 2311 1
2314 2313 1
2313 2315 1
2356 2315 1
2987 2315 1
3680 2315 7
1238 2315 1
1598 2315 1
2897 2315 1
2315 2316 7
3680 2316 8
2316 2317 8
3308 2317 12
1208 2317 3
2788 2318 11
2412 2318 1
2317 2318 12
4089 2318 25
2778 2318 1
2320 2319 1
3279 2320 1
1313 2320 1
1668 2321 1
3279 2321 4
1356 2321 1
2608 2321 1
2319 2321 1
3279 2322 4
1668 2322 1
2973 2322 1
2319 2322 1
1454 2322 1
2319 2323 1
3279 2323 2
1668 2323 1
3782 2325 1
3629 2326 1
2328 2327 1
2236 2328 1
3189 2328 1
2237 2328 1
2806 2328 1
3144 2328 1
2235 2328 1
3784 2328 1
3859 2328 1
2108 2329 1
3576 2330 1
3504 2331 1
2216 2332 2
2331 2332 1
3782 2333 1
2207 2334 1
3651 2335 1
3426 2336 3
2308 2337 1
3508 2338 1
3850 2339 1
3184 2340 1
2340 2341 1
3406 2341 1
3180 2342 4
3868 2343 1
3426 2344 1
2344 2345 1
3215 2345 9
2546 2345 5
3032 2345 1
2426 2345 1
3117 2346 1
2348 2347 1
3144 2348 1
3195 2348 1
3215 2348 1
3850 2349 1
2351 2350 1
3340 2351 4
2105 2352 1
1338 2353 1
3446 2353 4
3564 2353 4
3697 2354 1
1151 2355 1
3697 2355 2
2354 2355 1
2357 2356 1
2360 2359 1
1343 2360 1
2891 2360 1
2490 2360 2
4038 2360 1
3553 2361 1
2361 2362 1
3553 2362 2
3553 2363 3
2362 2363 2
2361 2364 1
3553 2364 1
3508 2365 1
3430 2366 1
3193 2367 1
2369 2368 1
2368 2370 1
3648 2370 1
3648 2371 1
2368 2371 1
2373 2372 4
3616 2374 1
2376 2375 1
3850 2377 1
3784 2378 1
1561 2379 1
3441 2379 3
2945 2379 1
3314 2380 3
2379 2380 3
3356 2381 1
3553 2381 2
3437 2383 5
2631 2383 4
3472 2384 1
3168 2385 1
2387 2386 1
3200 2389 1
3200 2390 2
2389 2390 1
3769 2391 1
3420 2392 2
2391 2392 1
2391 2393 1
3714 2393 5
1691 2393 1
2998 2393 1
2392 2393 2
2963 2394 1
3151 2394 2
2558 2395 1
2402 2395 3
3002 2395 1
3144 2395 10
2394 2395 2
2696 2395 3
2397 2396 1
1672 2398 1
3703 2398 4
2396 2398 1
2652 2398 1
2398 2399 4
2428 2399 1
1385 2399 1
3703 2399 7
3405 2400 1
3144 2401 2
3144 2402 3
2401 2402 2
2244 2403 1
2529 2404 6
2405 2404 15
1287 2404 1
1116 2404 1
2996 2404 1
1194 2404 1
2458 2404 1
1462 2404 1
2403 2404 1
1693 2404 1
3262 2405 4
3887 2405 6
2509 2405 4
3734 2405 2
3261 2405 4
2244 2405 6
3263 2405 4
2404 2406 15
3221 2406 16
3356 2407 15
2404 2407 15
2409 2408 1
1546 2410 1
1706 2410 1
2408 2410 1
2411 2410 8
2655 2410 1
2412 2410 4
2409 2411 4
3455 2411 4
1546 2412 1
2411 2412 4
2408 2412 1
2609 2415 2
2414 2415 1
3663 2416 1
3760 2417 1
1526 2418 1
2417 2418 1
1186 2418 1
3773 2418 3
2417 2419 1
3773 2419 3
1186 2419 1
1526 2419 1
2417 2420 1
1186 2420 1
3773 2420 3
1526 2420 1
3853 2421 1
2423 2422 1
3380 2423 1
3207 2423 4
2425 2424 3
3426 2426 1
3651 2427 1
2397 2428 1
3432 2429 1
2429 2430 1
3151 2430 1
3489 2431 1
2226 2431 1
3193 2432 1
2751 2433 1
3683 2433 4
3077 2433 2
2433 2434 4
3683 2434 4
2436 2435 1
2438 2437 1
2435 2437 1
2436 2438 1
1343 2438 1
2508 2438 2
2438 2439 2
2435 2439 1
2439 2440 2
3791 2440 3
1551 2441 1
3791 2441 4
2440 2441 3
2440 2442 3
3791 2442 4
2995 2442 1
2435 2443 1
2438 2443 2
3430 2444 1
2447 2446 1
3253 2447 5
2446 2448 1
2721 2448 1
1108 2448 1
3253 2448 4
1540 2448 1
2721 2449 1
1329 2449 1
2446 2449 1
1108 2449 1
1527 2449 1
3253 2449 6
1540 2449 1
3405 2450 1
1627 2451 1
3085 2451 1
2522 2451 1
2450 2451 1
3543 2451 4
2453 2452 1
1433 2453 1
3685 2454 3
3540 2456 1
3517 2457 1
3734 2458 1
2461 2460 1
3180 2461 4
2460 2462 1
3921 2462 2
3178 2463 2
2462 2463 2
2722 2464 1
1643 2464 1
3180 2464 4
2460 2464 1
1470 2464 1
2466 2465 4
3685 2466 7
3579 2467 1
2469 2468 1
2467 2468 1
3579 2469 3
3168 2470 1
2472 2471 1
3144 2472 1
3195 2472 1
3215 2472 1
2369 2473 2
2320 2474 1
3576 2475 1
3126 2476 1
2476 2477 1
2478 2477 1
3154 2478 4
1135 2478 1
3126 2478 1
2476 2479 1
2478 2479 1
2476 2480 1
2478 2480 1
3517 2482 1
3616 2484 1
4055 2485 1
3928 2486 1
2296 2487 1
3430 2488 1
3205 2491 1
3504 2492 1
2409 2493 1
3893 2494 1
3980 2495 1
3508 2496 1
2184 2497 1
1157 2498 1
2497 2498 1
2717 2498 2
1564 2498 1
1509 2498 1
3368 2498 7
3126 2499 1
3936 2500 1
3112 2501 1
3798 2501 2
2501 2502 2
3798 2502 2
2504 2503 1
2239 2505 1
3168 2506 1
3938 2511 1
2108 2512 1
3396 2513 3
2554 2513 1
2512 2513 1
3343 2514 3
2513 2514 3
4059 2515 1
3405 2516 1
3430 2517 1
2481 2518 1
3953 2519 2
2518 2519 1
3576 2520 1
3651 2521 2
3405 2522 1
2282 2523 1
3663 2524 1
3976 2525 2
3117 2526 1
2528 2527 1
3180 2528 4
1282 2529 1
3010 2529 1
1592 2529 1
2527 2529 1
3061 2529 1
3887 2529 6
2529 2530 6
3746 2530 7
1116 2531 1
3742 2531 8
2530 2531 7
2529 2532 6
2533 2532 6
3887 2533 6
3469 2534 1
2187 2535 1
3555 2536 1
1245 2538 1
3207 2538 2
3207 2539 6
2981 2539 1
1401 2539 1
2538 2539 2
2983 2539 1
3460 2540 1
3252 2541 1
2541 2542 1
3242 2542 2
3426 2543 3
4055 2544 1
2282 2545 1
2545 2546 1
2732 2546 3
3189 2546 5
3472 2547 1
3126 2548 1
3189 2549 1
1257 2549 1
3144 2549 1
2184 2550 1
2552 2551 7
2552 2553 7
2555 2554 1
3343 2555 4
3576 2556 1
3472 2557 1
3151 2558 2
3151 2559 3
2558 2559 2
2801 2560 1
2559 2560 3
3151 2560 4
3159 2561 1
3253 2561 5
1343 2562 1
1220 2562 1
2563 2562 3
3214 2564 1
3117 2565 1
3119 2566 1
2565 2566 1
3540 2567 1
3214 2568 1
2835 2570 2
3429 2570 4
2184 2571 1
3430 2572 1
3117 2573 1
3401 2574 1
3401 2575 1
2574 2575 1
1279 2576 1
2986 2576 3
2577 2576 5
3016 2577 2
3015 2577 2
3260 2577 2
3703 2578 1
2580 2579 1
3343 2580 4
2423 2581 1
2581 2582 1
2600 2582 1
1379 2582 1
3412 2582 3
2320 2583 1
3279 2584 8
1077 2584 1
2934 2584 1
1472 2584 1
2583 2584 1
1223 2584 1
1369 2584 1
1150 2584 1
1481 2584 1
1223 2585 1
1369 2585 1
1472 2585 1
2583 2585 1
3279 2585 4
3478 2586 1
2561 2587 1
3976 2588 1
3635 2589 1
3193 2590 1
2351 2591 1
4096 2592 1
3340 2593 2
1366 2593 1
2592 2593 1
3340 2594 2
1366 2594 1
2592 2594 1
2369 2595 1
3558 2597 1
3336 2598 1
3576 2599 1
2445 2600 1
3249 2601 2
2600 2601 1
2406 2601 1
3844 2602 1
3137 2603 1
2602 2603 1
2453 2606 1
2223 2607 1
2320 2608 1
3576 2610 1
3936 2611 1
2184 2612 1
2097 2613 1
3432 2614 1
3151 2615 1
2614 2615 1
3034 2616 1
1302 2616 1
3863 2616 3
2369 2617 1
3703 2618 1
3472 2619 1
3426 2620 4
3275 2621 1
3868 2622 1
3863 2623 1
3651 2624 2
2917 2625 4
3418 2625 6
2716 2625 1
1170 2626 2
1237 2626 2
2625 2626 6
3418 2626 11
2625 2627 6
3332 2627 7
1304 2627 1
1585 2628 2
2625 2628 6
3418 2628 9
3426 2629 1
3873 2630 1
2972 2631 1
2634 2631 1
2630 2631 1
3437 2631 4
3492 2632 1
3850 2633 1
3675 2634 1
3426 2635 5
3603 2636 2
3095 2636 1
3812 2637 1
3517 2638 1
3980 2639 1
2397 2640 1
2640 2641 1
3703 2641 4
1321 2641 1
1501 2641 1
3187 2642 1
3603 2643 2
3095 2643 1
3517 2644 1
2646 2645 1
3215 2646 1
3144 2646 1
3189 2646 1
3426 2647 1
2909 2648 1
4057 2648 2
2549 2650 1
3576 2651 1
2397 2652 1
3576 2653 1
3616 2654 1
2409 2655 1
3720 2656 1
3517 2657 1
3903 2658 1
3913 2659 1
2577 2660 3
2577 2661 1
2660 2661 1
3635 2662 1
3923 2663 1
3090 2664 1
3439 2664 3
2663 2664 1
3426 2665 1
3558 2666 1
1302 2667 1
1503 2667 1
3256 2667 5
2981 2667 1
3034 2667 1
2667 2668 1
3260 2668 2
3426 2669 1
4091 2670 2
1476 2670 1
3426 2671 3
2673 2672 1
2672 2674 1
2673 2674 1
2411 2675 3
3426 2676 1
3126 2681 1
2267 2682 1
3517 2683 1
3430 2684 1
3207 2685 1
3207 2686 2
2685 2686 1
2223 2687 1
3853 2689 1
3992 2690 1
2483 2691 2
3508 2692 1
3540 2693 1
3207 2694 4
3432 2695 1
3151 2696 3
2695 2696 1
1491 2696 1
3663 2697 1
3517 2698 1
2114 2699 1
3517 2700 1
3555 2702 1
2702 2703 1
1131 2703 1
1175 2703 1
3310 2703 3
3955 2704 1
2704 2705 1
2765 2705 1
3957 2705 2
3760 2706 1
3432 2707 1
3151 2708 1
2707 2708 1
3472 2709 1
3446 2710 1
2709 2710 1
3572 2711 1
3903 2712 1
3556 2713 1
2712 2713 1
1309 2714 1
3262 2714 1
1310 2714 1
1308 2714 1
2469 2714 2
2369 2715 1
3976 2716 1
1535 2717 1
3621 2717 2
3868 2718 1
3426 2719 1
3629 2720 1
2447 2721 1
2342 2722 1
1643 2723 1
3700 2723 4
2722 2723 1
1470 2723 1
3259 2724 4
2723 2724 4
2723 2725 4
1565 2725 1
3700 2725 6
2911 2725 1
3540 2727 1
3872 2728 1
3872 2729 1
3576 2730 1
2425 2731 3
2282 2732 3
3132 2733 1
3576 2734 1
3616 2735 1
2737 2736 1
2736 2738 1
2737 2738 1
2423 2739 1
1127 2740 1
1107 2740 1
3021 2740 1
1576 2740 1
2117 2740 5
2739 2740 1
3117 2741 1
3065 2742 2
3306 2742 7
2901 2742 1
2776 2742 1
1081 2742 1
1109 2742 1
2184 2743 1
3980 2744 1
3546 2745 1
2745 2746 1
3760 2746 2
3430 2747 1
3009 2748 1
3128 2748 3
3135 2748 1
2747 2748 1
3215 2749 1
3540 2750 1
2469 2751 1
3432 2752 1
2752 2753 1
3151 2753 3
2968 2753 1
3517 2754 1
3850 2756 1
1644 2757 1
2758 2757 3
1463 2757 1
3093 2758 1
1562 2758 1
3517 2759 1
2845 2760 2
3253 2760 3
3275 2761 1
3517 2762 1
3821 2763 1
2763 2764 1
1577 2764 1
3823 2764 2
3955 2765 1
3193 2768 1
3430 2769 1
2771 2770 1
3350 2771 4
1439 2772 3
3438 2772 5
2770 2772 1
1346 2772 1
3850 2774 1
2423 2775 2
2981 2775 1
3207 2776 4
2775 2776 2
3868 2777 1
2453 2778 1
2778 2779 1
3318 2779 1
2778 2780 1
2788 2780 11
2412 2780 1
4089 2780 13
2248 2781 1
2778 2781 1
4089 2781 13
2788 2781 11
4089 2782 12
2788 2782 11
2778 2782 1
2225 2783 1
1701 2784 1
3253 2784 2
1638 2785 1
2786 2785 2
3683 2786 1
2786 2787 3
2785 2787 2
3024 2788 1
1584 2788 1
1677 2788 1
1081 2788 1
2789 2788 11
2787 2788 3
2834 2788 1
1207 2788 1
1334 2788 1
4002 2789 7
2786 2789 3
2788 2790 11
3306 2790 11
2105 2791 2
1304 2791 1
2105 2792 4
2791 2792 2
1304 2792 1
2223 2793 1
3426 2794 1
3126 2795 1
3992 2797 1
2197 2798 1
3184 2799 1
2799 2800 1
3406 2800 1
3432 2801 1
2234 2802 1
2551 2803 1
2814 2804 1
2803 2804 1
1092 2804 1
2551 2804 7
2992 2804 1
2833 2804 1
1519 2804 1
1172 2804 1
2755 2807 1
2807 2808 1
2809 2808 7
1277 2808 1
1267 2808 1
1391 2808 1
1091 2808 1
1191 2808 1
1130 2808 1
1524 2809 1
3257 2809 1
2755 2809 6
1391 2810 1
1130 2810 1
1267 2810 1
1277 2810 1
1191 2810 1
2809 2810 6
2807 2810 1
1091 2811 1
1267 2811 1
2807 2811 1
1277 2811 1
1130 2811 1
2809 2811 7
1191 2811 1
1391 2811 1
3540 2812 1
2551 2813 1
2551 2814 1
2816 2815 1
2819 2818 1
2821 2820 3
1644 2820 1
2818 2820 1
1562 2821 1
1322 2821 3
2819 2821 1
1343 2821 1
3441 2822 5
1326 2822 1
2820 2822 3
1146 2822 1
3314 2823 3
2818 2823 1
1644 2823 1
3314 2824 5
2823 2824 3
2903 2824 3
3314 2825 1
2818 2825 1
3928 2826 1
3275 2827 1
4055 2828 1
3432 2829 1
2105 2830 1
3663 2831 1
3992 2832 1
2551 2833 1
4002 2834 1
2570 2835 1
1607 2835 1
3859 2835 1
3489 2835 1
2604 2836 1
3187 2837 1
2837 2838 1
1599 2838 1
1518 2838 1
4084 2838 3
3576 2839 1
3913 2840 1
3540 2843 1
2561 2844 1
2844 2845 1
3253 2845 2
2844 2846 1
3253 2846 2
2844 2847 1
2561 2847 1
2561 2848 1
2844 2848 1
2844 2849 1
2561 2849 1
2561 2850 1
2844 2850 1
3834 2851 1
2376 2852 1
3432 2853 1
2466 2854 4
3426 2855 3
3144 2856 1
3193 2857 1
3198 2858 1
2857 2858 1
3720 2859 1
3663 2860 1
3992 2861 1
3117 2862 1
3801 2863 4
1191 2864 1
3257 2864 7
1188 2864 1
2863 2864 4
3517 2865 1
3193 2866 1
2223 2867 1
2870 2869 1
2870 2871 1
2869 2871 1
3432 2872 1
3576 2873 1
3685 2874 3
2234 2875 1
3426 2876 1
2296 2877 1
3517 2878 1
4055 2879 1
3405 2882 2
3913 2883 1
2177 2884 1
2883 2884 1
2883 2885 1
2840 2885 1
2883 2886 1
2177 2886 1
2189 2888 1
3903 2889 1
2472 2890 1
2140 2892 1
2892 2893 1
3688 2893 1
2234 2894 1
3517 2895 1
3540 2896 1
3857 2897 1
4055 2898 1
3371 2899 1
3193 2900 1
3633 2901 1
2819 2902 1
1644 2903 1
3314 2903 3
2902 2903 1
3426 2904 1
3709 2905 1
2108 2906 1
3396 2907 1
2906 2907 1
3619 2908 1
2273 2909 1
3514 2910 1
2342 2911 1
2320 2912 1
3279 2913 2
2912 2913 1
3006 2913 1
2912 2914 1
3279 2914 1
2916 2915 1
3207 2916 4
3207 2917 4
1400 2917 1
1215 2917 1
2915 2917 1
3368 2918 4
2917 2918 4
3117 2919 1
3782 2920 1
3572 2921 1
2239 2922 1
3426 2923 1
3508 2924 1
3923 2925 1
3834 2926 1
3432 2927 1
3151 2928 1
2927 2928 1
3928 2929 2
2187 2930 1
2930 2931 1
3242 2931 2
3558 2932 1
3144 2933 1
2320 2934 1
1492 2935 1
1150 2935 1
1647 2935 1
3744 2935 6
1077 2935 1
2934 2935 1
1481 2935 1
2934 2936 1
3744 2936 2
1077 2936 1
2934 2937 1
3744 2937 1
3088 2938 1
3206 2938 2
3252 2939 1
3193 2940 1
3117 2941 1
2239 2942 1
3193 2943 1
3430 2944 1
3578 2945 1
3572 2946 1
2234 2947 1
3880 2948 1
3508 2949 1
2549 2950 1
3508 2951 1
3603 2952 2
3095 2952 1
3336 2953 1
3207 2954 4
3801 2956 2
3426 2957 1
3787 2958 1
3478 2959 1
3517 2960 1
2225 2961 1
3426 2962 1
3432 2963 1
3206 2964 1
3126 2966 1
3576 2967 1
3432 2968 1
3685 2969 3
3166 2970 1
3993 2971 1
3873 2972 1
2320 2973 1
2453 2974 1
3206 2975 1
3992 2976 1
3651 2977 1
3936 2978 1
3205 2979 1
3572 2980 1
2423 2981 1
3207 2982 3
2983 2982 1
2981 2982 1
2561 2983 1
2108 2984 1
2577 2985 1
2660 2986 1
2577 2986 3
2985 2986 1
2288 2987 1
3434 2988 1
2990 2989 2
1365 2989 1
2988 2989 1
3434 2990 1
3734 2990 1
3663 2991 1
2551 2992 1
3430 2993 1
2199 2995 1
2244 2996 1
3576 2997 1
2965 2998 1
2324 2999 1
3426 3000 2
3508 3001 1
3151 3002 1
4059 3003 1
4025 3004 1
2397 3005 1
2320 3006 1
3279 3007 1
3006 3007 1
3279 3008 1
3006 3008 1
3430 3009 1
2528 3010 1
3010 3011 1
1658 3011 1
4109 3011 3
2181 3012 1
3430 3013 1
4072 3014 1
2187 3017 3
3540 3018 1
2994 3019 1
3801 3020 1
2816 3021 1
2348 3022 1
3720 3023 1
4002 3024 1
1167 3025 1
3253 3025 2
2376 3026 1
3117 3027 1
3688 3028 1
3508 3029 1
3031 3030 1
4137 3032 1
3508 3033 1
3801 3034 1
2835 3035 1
3035 3036 1
2570 3036 3
1660 3036 1
3992 3037 1
3117 3038 1
3117 3039 1
3426 3040 1
3042 3041 1
3042 3043 2
3041 3043 1
3043 3044 2
3042 3044 2
3041 3045 1
3042 3045 1
3857 3046 1
3117 3047 1
3801 3048 1
3980 3049 1
3051 3050 3
2453 3052 1
3850 3053 1
3508 3054 1
2387 3055 1
3057 3056 1
3232 3058 1
3056 3058 1
3769 3059 1
2868 3060 1
2528 3061 1
3850 3063 1
1618 3065 1
4057 3065 2
2273 3066 1
3558 3067 1
3850 3068 1
3651 3069 1
3430 3070 1
3540 3071 1
3151 3072 2
1453 3072 1
2387 3073 1
1608 3074 1
3075 3074 2
3579 3076 1
2469 3077 2
3076 3077 1
3931 3078 2
3077 3078 2
3683 3079 2
3077 3079 2
3077 3080 2
3931 3080 2
2714 3081 2
3077 3081 2
3077 3082 2
3683 3082 2
3683 3083 2
3077 3083 2
3850 3084 1
3651 3085 1
3087 3086 1
3206 3088 2
3868 3089 1
2562 3090 1
4137 3091 1
3529 3092 1
3760 3094 1
2413 3095 1
3095 3096 1
3603 3096 2
3095 3097 1
3603 3097 1
3117 3098 1
3394 3099 1
3426 3100 2
3572 3101 1
3572 3102 1
2267 3103 1
3103 3104 1
2267 3104 1
3103 3105 1
2267 3105 1
3529 3106 1
3426 3107 1
2239 3108 1
3555 3109 1
3834 3110 1
1583 3111 1
3836 3111 2
3110 3111 1
3796 3112 1
1342 3113 1
3332 3113 2
3870 3113 1
3870 3114 1
3332 3114 2
1342 3114 1
3426 3115 1
3117 3116 1
2573 3118 1
3116 3118 1
3448 3118 18
1148 3118 1
2346 3118 1
1323 3118 1
1295 3118 1
1613 3118 1
1676 3118 1
2741 3118 1
1109 3118 1
3292 3118 36
3119 3118 80
3845 3118 1
4018 3118 1
3038 3118 1
1666 3118 1
2901 3118 1
1099 3118 1
2100 3118 1
1272 3118 1
1111 3118 1
4056 3118 2
1563 3118 1
1207 3118 1
2664 3118 3
3356 3119 4
4110 3119 11
3439 3119 3
3117 3119 42
2789 3119 11
4057 3119 2
3633 3119 1
4002 3119 1
3637 3119 1
3291 3119 36
1220 3119 1
2573 3120 1
1323 3120 1
3119 3120 36
1099 3120 1
3448 3120 18
3806 3120 1
3116 3120 1
4056 3120 2
3845 3120 1
1207 3120 1
1676 3120 1
1666 3120 1
4018 3120 1
2664 3120 3
2346 3120 1
2100 3120 1
2901 3120 1
1111 3121 1
1295 3121 1
3116 3121 1
1323 3121 1
1563 3121 1
3027 3121 1
3119 3121 10
2919 3121 1
2346 3121 1
1272 3121 1
3448 3122 18
3121 3122 10
3895 3122 15
3119 3122 36
3951 3123 1
1207 3123 1
1264 3123 1
4018 3123 1
1613 3123 1
1692 3123 1
2526 3123 1
3039 3123 1
1650 3123 1
1315 3123 1
3447 3123 1
2788 3123 11
3038 3123 1
2862 3123 1
3894 3123 1
3121 3123 10
1093 3123 1
2573 3123 1
2664 3123 3
1148 3123 1
1120 3123 1
2941 3123 1
3119 3123 60
1666 3123 1
2194 3123 1
1230 3123 1
2741 3123 1
1099 3123 1
1515 3123 1
1676 3123 1
2279 3123 11
3806 3124 1
1099 3124 1
3121 3124 10
2526 3124 1
1264 3124 1
2788 3124 11
1120 3124 1
1676 3124 1
1692 3124 1
1650 3124 1
4018 3124 1
2664 3124 3
3951 3124 1
1666 3124 1
2862 3124 1
3447 3124 1
3039 3124 1
1207 3124 1
1515 3124 1
2941 3124 1
3119 3124 46
3894 3124 1
1093 3124 1
2194 3124 1
2573 3124 1
1315 3124 1
1230 3124 1
3126 3125 1
3128 3127 232
3962 3127 1
3094 3127 1
1493 3127 1
1538 3127 1
2654 3127 1
2241 3127 1
1508 3127 1
1594 3127 1
1671 3127 1
2484 3127 1
1107 3127 1
3890 3127 1
3694 3127 37
3099 3127 1
4074 3127 1
1239 3127 1
2476 3127 1
3125 3127 1
2717 3127 2
1415 3127 1
1569 3127 1
1108 3127 1
1127 3127 1
1305 3127 1
2422 3127 1
2334 3127 1
2684 3127 1
3133 3127 15
2211 3127 1
1212 3127 1
2327 3127 1
2500 3127 1
2700 3127 1
1124 3127 2
3417 3127 21
2499 3127 1
1132 3127 1
3167 3127 1
1080 3127 1
2374 3127 1
1689 3127 1
2518 3127 1
2888 3127 1
3799 3127 5
1474 3127 1
2404 3127 15
2769 3127 1
3682 3127 3
2375 3127 1
3952 3127 1
1297 3127 1
3768 3127 22
2527 3127 1
1389 3127 1
1347 3127 1
3026 3127 1
1557 3127 1
2852 3127 1
3272 3127 57
2795 3127 1
1269 3127 1
2815 3127 1
1294 3127 1
3013 3127 1
1448 3127 1
3754 3127 1
2290 3127 1
1682 3127 1
1596 3127 1
1486 3127 1
3110 3127 1
1180 3127 1
3886 3127 1
2966 3127 1
1581 3127 1
2739 3127 1
2681 3127 1
1247 3127 1
3070 3127 1
1186 3127 1
2115 3127 1
1540 3127 1
1245 3127 1
3021 3127 1
1700 3127 1
4105 3127 1
1576 3127 1
1395 3127 1
2178 3127 1
1235 3127 1
1669 3127 1
2147 3127 1
2894 3127 1
1465 3127 1
1622 3127 1
1691 3127 1
2548 3127 1
3752 3127 21
2120 3127 4
2229 3127 9
2417 3127 1
2598 3127 1
3131 3127 15
1068 3127 1
2735 3127 1
1095 3127 1
2558 3127 1
4123 3127 1
2111 3127 1
3774 3127 1
3934 3127 1
1201 3127 1
1210 3127 1
3840 3127 12
2308 3128 1
2397 3128 9
1487 3128 1
2189 3128 1
3714 3128 22
2469 3128 1
3936 3128 5
2234 3128 2
3151 3128 1
3168 3128 2
3132 3128 15
3760 3128 3
3260 3128 5
3703 3128 22
2561 3128 1
3887 3128 1
3615 3128 21
3137 3128 37
3834 3128 1
2694 3128 1
3253 3128 14
2816 3128 2
3517 3128 3
2447 3128 2
3755 3128 3
2528 3128 1
3187 3128 2
3621 3128 2
3139 3128 51
1103 3128 2
3993 3128 1
2376 3128 3
3418 3128 21
2965 3128 2
3275 3128 1
2423 3128 2
3126 3128 14
3537 3128 1
3430 3128 39
3616 3128 14
2481 3128 1
3336 3128 1
3546 3128 1
2207 3128 1
3271 3128 1
3905 3128 2
3273 3128 57
3836 3128 1
3683 3128 3
2405 3128 16
3394 3128 5
2328 3128 2
2148 3128 1
2114 3128 1
3128 3129 232
1700 3129 1
1127 3129 1
1247 3129 1
3952 3129 1
1132 3129 1
3021 3129 1
1493 3129 1
3754 3129 1
2115 3129 1
3127 3129 232
2499 3129 1
1080 3129 1
2894 3129 1
1474 3129 1
2211 3129 1
1294 3129 1
3934 3129 1
1576 3129 1
2327 3129 1
4105 3129 1
2769 3130 1
1538 3130 1
3128 3130 43
2795 3130 1
1671 3130 1
2290 3130 1
1395 3130 1
2484 3130 1
2815 3130 1
4074 3130 1
1239 3130 1
1297 3130 1
1576 3130 1
3890 3130 1
1465 3130 1
2422 3130 1
1347 3130 1
1389 3130 1
3013 3130 1
2476 3130 1
2681 3130 1
2241 3130 1
1068 3130 1
1210 3130 1
1415 3130 1
1294 3130 1
2548 3130 1
2735 3130 1
2178 3130 1
2684 3130 1
3125 3130 1
1180 3130 1
2374 3130 1
3774 3130 1
1622 3130 1
1095 3130 1
2739 3130 1
2966 3130 1
2654 3130 1
1669 3130 1
2499 3130 1
1235 3130 1
1448 3130 1
2476 3131 1
1180 3131 1
2548 3131 1
2733 3131 1
3133 3131 15
2290 3131 1
3132 3131 15
3125 3131 1
2681 3131 1
1235 3131 1
3126 3132 12
2795 3133 1
2966 3133 1
2178 3133 1
2241 3133 1
3132 3133 15
3131 3133 15
1239 3133 1
3162 3134 1
3890 3134 1
2185 3134 3
3774 3134 1
3138 3134 51
1385 3134 1
3417 3134 21
2684 3134 1
2518 3134 1
1330 3134 1
3935 3134 1
2147 3134 1
1669 3134 1
2751 3134 1
1622 3134 1
1190 3134 1
2598 3134 1
3799 3134 5
1557 3134 1
2652 3134 1
3005 3134 1
1501 3134 1
4074 3134 1
2399 3134 7
1395 3134 1
1415 3134 1
1541 3134 1
1508 3134 1
3135 3134 1
3171 3134 1
1581 3134 1
2611 3134 1
3145 3134 1
3682 3134 3
1465 3134 1
2699 3134 1
3840 3134 12
3131 3134 15
3133 3134 15
3013 3134 1
1294 3134 1
2769 3134 1
2396 3134 1
3099 3134 1
1201 3134 1
3128 3134 131
2428 3134 1
1672 3134 1
3070 3134 1
1451 3134 1
3754 3135 1
3128 3135 91
1089 3135 1
3131 3135 15
3110 3135 1
1486 3135 1
1269 3135 1
2404 3135 15
3133 3135 15
3138 3135 51
2211 3135 1
3694 3135 37
3133 3136 15
3137 3136 22
1245 3136 1
1412 3136 1
2205 3136 1
3131 3136 15
1104 3136 1
1486 3136 1
1341 3136 1
2503 3136 1
4096 3137 1
3418 3137 14
2225 3137 1
3206 3137 2
2223 3137 1
4025 3137 2
2405 3137 16
3652 3137 16
3660 3137 6
1487 3137 1
2153 3137 3
3156 3137 7
2694 3137 1
3533 3137 2
3119 3137 15
3385 3137 5
3844 3137 4
2841 3137 1
2954 3137 2
3637 3137 14
3318 3137 1
4137 3137 1
2288 3137 1
2881 3137 1
3371 3137 4
2504 3137 1
3132 3137 15
3935 3138 1
2949 3138 1
2783 3138 1
2378 3138 1
1401 3138 1
2982 3138 3
1245 3138 1
3792 3138 1
3239 3138 7
1541 3138 1
3054 3138 1
2309 3138 1
1247 3138 1
2243 3138 1
2592 3138 1
2981 3138 1
1366 3138 1
2196 3138 1
3832 3138 1
2611 3138 1
1335 3138 1
3091 3138 1
4095 3138 1
3220 3138 1
2600 3138 1
1598 3138 1
2983 3138 1
3133 3138 15
1566 3138 1
3139 3138 51
1451 3138 1
3784 3139 1
2423 3139 1
2288 3139 1
2561 3139 1
3187 3139 1
2197 3139 1
3207 3139 3
3508 3139 4
2225 3139 1
3221 3139 1
3240 3139 7
3936 3139 4
4096 3139 6
3660 3139 1
2694 3139 1
4137 3139 1
2244 3139 1
2445 3139 1
3132 3139 15
2729 3140 1
1205 3140 1
3138 3140 51
2728 3140 1
3141 3140 55
3871 3140 1
3139 3141 51
3872 3141 4
2611 3142 1
3935 3142 1
3139 3142 22
3133 3142 15
1541 3142 1
2592 3142 1
3091 3142 1
1366 3142 1
1451 3142 1
1670 3143 1
2564 3143 1
3004 3143 1
1201 3143 1
3032 3143 1
2205 3143 1
2143 3143 1
1101 3143 1
2558 3143 1
4024 3143 1
1380 3143 1
1366 3143 1
1071 3143 1
2890 3143 1
3133 3143 15
1659 3143 1
2242 3143 1
1486 3143 1
3091 3143 1
2592 3143 1
1195 3143 1
1217 3143 1
3144 3143 36
3218 3144 27
3132 3144 15
2694 3144 1
2472 3144 1
2646 3144 1
3825 3144 3
1487 3144 1
3993 3144 1
3151 3144 16
2223 3144 12
2933 3144 1
2549 3144 8
3432 3144 4
3214 3144 1
4025 3144 9
2348 3144 1
4137 3144 2
3219 3144 27
4096 3144 2
2717 3145 2
3128 3145 85
3272 3145 57
1089 3145 1
3694 3145 37
1124 3145 2
3110 3145 1
3133 3145 15
3133 3146 15
3147 3146 15
3132 3147 15
3149 3148 15
3133 3148 15
3132 3149 15
1704 3150 1
2872 3150 1
3151 3150 17
3133 3150 15
2569 3151 5
2773 3151 2
2694 3151 1
3429 3151 4
3132 3151 15
3432 3151 29
1268 3152 1
4024 3152 1
2607 3152 1
2205 3152 1
1217 3152 1
2222 3152 1
2687 3152 1
1380 3152 1
2867 3152 1
1419 3152 1
1245 3152 1
1670 3152 1
3133 3152 15
1244 3152 1
3072 3152 2
1341 3152 1
2143 3152 1
3004 3152 1
3144 3152 34
3032 3152 1
3154 3153 15
3133 3153 15
3132 3154 15
2581 3155 1
2120 3155 4
2203 3155 1
1115 3155 1
2983 3155 1
2406 3155 1
3131 3155 15
2204 3155 2
1109 3155 1
2981 3155 1
2511 3155 1
3471 3155 1
3156 3155 29
3221 3156 1
3377 3156 2
3637 3156 1
2126 3156 7
3836 3156 14
3633 3156 1
3238 3156 3
3225 3156 3
3644 3156 19
3472 3156 9
2561 3156 1
3938 3156 1
2553 3156 6
2423 3156 3
3394 3156 4
2551 3156 6
3132 3156 15
3834 3156 5
3755 3156 2
2384 3157 1
3156 3157 17
3131 3157 15
2926 3158 1
3833 3158 1
1216 3158 1
3157 3158 17
1639 3158 1
3960 3158 1
3725 3158 16
1583 3158 1
1497 3158 1
2154 3158 3
1488 3158 1
1296 3158 1
3727 3158 14
1076 3158 1
2997 3158 1
2651 3158 1
2215 3158 1
2851 3158 1
2967 3158 1
1276 3158 1
2610 3158 1
1251 3158 2
2556 3158 1
2306 3158 1
2511 3158 1
2330 3158 1
3995 3158 1
3032 3158 1
2839 3158 1
3360 3158 10
3159 3158 78
1072 3158 1
1250 3158 1
3637 3159 1
3755 3159 2
3553 3159 3
3903 3159 5
3514 3159 3
3478 3159 5
2105 3159 4
3709 3159 1
2225 3159 1
2360 3159 3
2891 3159 1
4096 3159 4
2234 3159 1
3206 3159 1
2328 3159 1
3207 3159 12
2577 3159 6
3187 3159 1
2216 3159 1
4108 3159 1
3156 3159 39
3184 3159 1
3418 3159 14
2445 3159 1
3938 3159 1
3928 3159 1
3923 3159 1
2854 3159 1
3548 3159 28
2244 3159 1
3508 3159 3
3057 3159 1
2465 3159 1
3578 3159 1
3260 3159 3
3576 3159 37
2423 3159 3
2320 3159 1
3629 3159 1
3603 3159 7
3371 3159 20
2405 3159 15
3489 3159 4
1198 3159 1
3652 3159 16
3665 3159 1
2369 3159 8
2197 3159 1
3472 3159 9
3385 3159 19
3873 3159 1
4137 3159 1
2771 3159 1
2112 3159 1
2153 3159 3
3225 3159 1
3648 3159 13
3834 3159 5
3350 3159 10
3291 3159 45
3734 3159 2
3205 3159 1
3368 3159 32
3801 3159 1
3663 3159 1
3504 3159 4
4048 3159 8
2388 3159 1
3159 3160 244
3185 3160 166
3158 3160 78
3159 3161 248
1687 3161 1
3160 3161 244
1667 3161 1
2599 3161 1
3513 3161 1
2652 3162 1
2578 3162 1
2640 3162 1
2558 3162 1
1245 3162 1
1107 3162 1
3128 3162 98
3021 3162 1
2334 3162 1
4069 3162 1
3131 3162 15
2739 3162 1
2120 3162 4
1321 3162 1
3799 3162 5
1301 3162 1
2888 3162 1
3099 3162 1
1501 3162 1
2618 3162 1
3768 3162 22
2396 3162 1
2699 3162 1
1269 3162 1
2115 3162 1
1127 3162 1
1624 3162 1
1508 3162 1
3702 3162 1
1557 3162 1
2527 3162 1
2751 3162 1
1176 3162 1
1594 3162 1
2398 3162 4
2641 3162 4
3752 3162 21
3886 3162 1
1691 3162 1
3156 3163 16
3131 3163 15
2384 3163 1
3131 3164 15
3132 3164 16
2813 3165 1
1245 3165 1
3333 3165 106
2559 3165 3
2970 3165 1
2121 3165 5
3691 3165 19
3164 3165 16
2682 3165 1
3166 3165 152
2751 3165 1
3701 3165 3
2267 3166 1
3700 3166 1
2694 3166 1
3394 3166 4
3151 3166 3
3332 3166 94
3132 3166 16
2469 3166 1
3905 3166 6
3621 3166 6
3692 3166 19
2551 3166 1
3168 3167 1
3180 3168 4
4123 3169 1
1596 3169 1
1513 3169 1
3170 3169 17
1305 3169 1
3918 3169 1
1153 3169 1
1212 3169 1
3167 3169 1
2761 3169 1
2417 3169 1
4006 3169 1
2111 3169 1
3094 3169 1
1186 3169 1
1552 3169 1
3770 3169 1
2700 3169 1
3760 3170 3
3771 3170 3
3168 3170 2
3517 3170 5
3284 3170 4
3275 3170 3
2308 3170 1
2558 3171 1
2417 3171 1
2700 3171 1
1186 3171 1
2852 3171 1
3167 3171 1
1540 3171 1
4123 3171 1
1212 3171 1
2375 3171 1
1596 3171 1
1108 3171 1
3417 3171 21
3094 3171 1
2111 3171 1
1682 3171 1
3026 3171 1
1305 3171 1
3128 3171 39
3167 3172 1
1200 3172 1
3173 3172 9
2470 3172 1
1262 3172 1
1683 3172 1
2385 3172 1
4123 3172 1
2506 3172 1
3343 3173 4
3168 3173 8
3344 3173 1
3761 3174 20
3172 3174 9
2529 3174 6
3733 3174 4
2723 3174 4
3276 3174 8
1586 3174 1
3175 3174 82
3518 3174 24
2462 3174 2
1185 3174 2
3887 3175 6
4017 3175 1
3921 3175 2
3734 3175 4
3173 3175 9
3494 3175 2
3700 3175 4
3343 3175 4
3277 3175 8
3342 3175 20
3519 3175 24
2580 3175 1
3761 3176 20
3175 3176 84
2462 3176 2
3518 3176 24
3174 3176 82
3172 3176 9
3276 3176 8
2579 3176 1
3172 3177 9
3178 3177 9
3921 3178 2
3173 3178 9
3180 3179 50
1514 3179 1
1447 3179 1
2482 3179 1
1252 3179 1
1186 3179 1
1683 3179 1
1596 3179 1
3516 3179 1
1470 3179 1
2470 3179 1
3094 3179 1
2337 3179 1
2960 3179 1
1200 3179 1
1078 3179 1
2759 3179 1
2988 3179 1
2457 3179 1
2460 3179 1
1554 3179 1
3274 3179 1
1282 3179 1
2385 3179 1
1305 3179 1
1213 3179 1
3061 3179 1
1143 3179 1
4106 3179 1
2706 3179 1
1070 3179 1
2195 3179 1
1431 3179 1
4050 3179 1
3010 3179 1
1219 3179 1
2527 3179 1
1592 3179 1
1087 3179 1
1695 3179 1
4123 3179 1
4073 3179 1
1073 3179 1
2722 3179 1
2895 3179 1
2506 3179 1
2865 3179 1
3167 3179 1
3732 3179 1
1572 3179 1
1212 3179 1
3517 3180 15
2461 3180 1
3275 3180 2
1214 3180 1
2342 3180 3
2308 3180 3
3168 3180 7
3760 3180 11
3434 3180 3
2528 3180 5
3182 3181 69
1219 3181 1
1143 3181 1
2470 3181 1
2482 3181 1
2706 3181 1
2865 3181 1
4123 3181 1
1633 3181 1
3516 3181 1
1186 3181 1
1572 3181 1
1592 3181 1
1282 3181 1
1514 3181 1
3512 3181 1
2457 3181 1
1507 3181 1
1073 3181 1
1470 3181 1
2951 3181 1
1447 3181 1
1318 3181 1
1213 3181 1
3061 3181 1
4050 3181 1
2527 3181 1
2385 3181 1
3274 3181 1
3010 3181 1
1314 3181 1
1078 3181 1
1212 3181 1
3507 3181 1
1683 3181 1
1252 3181 1
4106 3181 1
2195 3181 1
2960 3181 1
3964 3181 1
1431 3181 1
1554 3181 1
2895 3181 1
3671 3181 1
3664 3181 1
1305 3181 1
2692 3181 1
2460 3181 1
1204 3181 1
1596 3181 1
1540 3181 1
1358 3181 1
2722 3181 1
2446 3181 1
4073 3181 1
1087 3181 1
2252 3181 1
1200 3181 1
3094 3181 1
2506 3181 1
1070 3181 1
2988 3181 1
3167 3181 1
2337 3181 1
1695 3181 1
3033 3181 1
2924 3181 1
2759 3181 1
3732 3181 1
1108 3181 1
1214 3182 1
2308 3182 3
2342 3182 2
3760 3182 11
3434 3182 3
3508 3182 14
3517 3182 15
3275 3182 2
2197 3182 1
2461 3182 1
3168 3182 7
2447 3182 3
3665 3182 1
2528 3182 5
3184 3183 1
3356 3184 1
3159 3184 1
3406 3184 1
3159 3185 166
2458 3185 1
2776 3185 3
2964 3185 1
3560 3185 1
2368 3185 1
2619 3185 1
2243 3185 1
1336 3185 1
1598 3185 1
2576 3185 5
2557 3185 1
2600 3185 1
2327 3185 1
2384 3185 1
1609 3185 1
2660 3185 1
3292 3185 36
4095 3185 1
2492 3185 1
2715 3185 1
2949 3185 1
1489 3185 1
3792 3185 1
2889 3185 1
2959 3185 1
3316 3185 36
3986 3185 1
3312 3185 36
3477 3185 1
2617 3185 1
2196 3185 1
1658 3185 1
1109 3185 1
2404 3185 15
3952 3185 1
1649 3185 1
1474 3185 1
2730 3185 1
3902 3185 1
1374 3185 3
1401 3185 1
2538 3185 2
2658 3185 1
2331 3185 1
2211 3185 1
3300 3185 36
1353 3185 1
1536 3185 1
1379 3185 1
1619 3185 1
1434 3185 1
2826 3185 1
2917 3185 4
2547 3185 1
1134 3185 1
3549 3185 28
2475 3185 1
2473 3185 2
3183 3185 1
2213 3185 1
2873 3185 1
3471 3185 1
3754 3185 1
3708 3185 1
1421 3185 1
2595 3185 1
1498 3185 1
2586 3185 1
2709 3185 1
1116 3185 1
1253 3185 1
1335 3185 1
3187 3186 1
3189 3187 1
2236 3187 1
2235 3187 1
3784 3187 1
3859 3187 1
3191 3187 1
2237 3187 1
2806 3187 1
4084 3187 1
3144 3187 1
3189 3188 106
2628 3188 9
1631 3188 1
1452 3188 1
1071 3188 1
2793 3188 1
2650 3188 1
1582 3188 1
1394 3188 1
1646 3188 1
2281 3188 1
2286 3188 1
2975 3188 1
2546 3188 5
1544 3188 1
1599 3188 1
1653 3188 1
1285 3188 1
2435 3188 1
2523 3188 1
1491 3188 1
1357 3188 1
4026 3188 39
3384 3188 5
1456 3188 1
2198 3188 1
1206 3188 1
2695 3188 1
3672 3188 45
1493 3188 1
4027 3188 40
2545 3188 1
1261 3188 1
2242 3188 1
2995 3188 1
1255 3188 1
3728 3188 17
3726 3188 11
2440 3188 3
3022 3188 1
4033 3188 40
2875 3188 1
1247 3188 1
2837 3188 1
1518 3188 1
1610 3188 1
1551 3188 1
3186 3188 1
2732 3188 3
2802 3188 1
1659 3188 1
2947 3188 1
1425 3188 1
3418 3189 9
3637 3189 11
3385 3189 5
2436 3189 1
3206 3189 1
2646 3189 3
2549 3189 6
3812 3189 40
4025 3189 1
3432 3189 2
2472 3189 2
2234 3189 4
3144 3189 39
3187 3189 6
4137 3189 1
2282 3189 9
2348 3189 3
3791 3189 5
2328 3189 1
3214 3189 2
2199 3189 3
3195 3189 50
2954 3189 2
3825 3189 1
2223 3189 10
1566 3190 1
3191 3190 8
2642 3190 1
1686 3190 1
3186 3190 1
1247 3190 1
2783 3190 1
2309 3190 1
1245 3190 1
3187 3191 4
2694 3191 1
2225 3191 1
2288 3191 1
4096 3191 1
3193 3192 1
2943 3194 1
3195 3194 11
2940 3194 1
1366 3194 1
2866 3194 1
2367 3194 1
2900 3194 1
1149 3194 1
2857 3194 1
2768 3194 1
3192 3194 1
3217 3195 9
4025 3195 3
3144 3195 49
3432 3195 2
4096 3195 1
2348 3195 1
3193 3195 10
3214 3195 1
3216 3195 9
3993 3195 2
3151 3195 14
4137 3195 1
3825 3195 3
2472 3195 3
2223 3195 1
4033 3196 40
3195 3196 72
1604 3196 1
3194 3196 11
3004 3196 1
1659 3196 1
4032 3196 49
3810 3196 12
3032 3196 1
2143 3196 1
2590 3196 1
4026 3196 39
1366 3196 1
1476 3197 1
3198 3197 15
4092 3197 4
3194 3197 11
4025 3198 1
3893 3198 2
3339 3198 2
3209 3198 4
3193 3198 1
3195 3198 11
2817 3198 1
2351 3198 1
3432 3198 3
3812 3198 1
3151 3198 7
2900 3199 1
2471 3199 1
2857 3199 1
2866 3199 1
3032 3199 1
2940 3199 1
4027 3199 40
1394 3199 1
2768 3199 1
1261 3199 1
2367 3199 1
1588 3199 1
3200 3199 64
3022 3199 1
1222 3199 1
1525 3199 1
2242 3199 1
2943 3199 1
1319 3199 1
4026 3199 39
1149 3199 1
2856 3199 1
1177 3199 1
1528 3199 1
3816 3199 7
3192 3199 1
1631 3199 1
3432 3200 3
3214 3200 1
3144 3200 40
4137 3200 1
4025 3200 3
2472 3200 3
2223 3200 1
3825 3200 1
3812 3200 44
2348 3200 1
3193 3200 16
3151 3200 10
3022 3201 1
1394 3201 1
3816 3201 7
1261 3201 1
2856 3201 1
2471 3201 1
1631 3201 1
3200 3201 67
1222 3201 1
2943 3201 1
2242 3201 1
2866 3201 1
4026 3201 39
1149 3201 1
2900 3201 1
2367 3201 1
1177 3201 1
4027 3201 40
1319 3201 1
2940 3201 1
2857 3201 1
2696 3201 3
3192 3201 1
2768 3201 1
2367 3202 1
1149 3202 1
2943 3202 1
2696 3202 3
4027 3202 40
2900 3202 1
2637 3202 1
2857 3202 1
3032 3202 1
1177 3202 1
3200 3202 58
2768 3202 1
1261 3202 1
2940 3202 1
2866 3202 1
3192 3202 1
1631 3202 1
2471 3202 1
1319 3202 1
3200 3203 11
1177 3203 1
3192 3203 1
2943 3203 1
1222 3203 1
1631 3203 1
1319 3203 1
2471 3203 1
2242 3203 1
1261 3203 1
1394 3203 1
3022 3203 1
2367 3204 1
2940 3204 1
2866 3204 1
2943 3204 1
1149 3204 1
4027 3204 40
2900 3204 1
2857 3204 1
3192 3204 1
1177 3204 1
2768 3204 1
3200 3204 50
3206 3205 5
3207 3206 12
3215 3206 5
2382 3206 5
3371 3206 5
3385 3206 5
3249 3206 5
2561 3207 1
3533 3207 1
3504 3207 4
2694 3207 1
3478 3207 1
3720 3207 6
2916 3207 3
2112 3207 1
2423 3207 2
2197 3207 1
4055 3207 6
2225 3207 2
3635 3207 6
4096 3207 3
2954 3207 1
2244 3207 1
3255 3207 39
3254 3207 39
3892 3208 1
2670 3208 2
2591 3208 1
3209 3208 5
2351 3209 2
4091 3209 3
3893 3209 1
2387 3209 4
3208 3210 5
3209 3210 6
2386 3210 1
3073 3211 1
3208 3211 5
3209 3211 6
3208 3212 5
3209 3212 6
3055 3212 1
1254 3213 1
3208 3213 5
3209 3213 6
3144 3214 1
3195 3214 1
3215 3214 1
3746 3215 7
3426 3215 71
3198 3215 10
3238 3215 3
3209 3215 1
3734 3215 1
3644 3215 1
2646 3215 1
3418 3215 22
2561 3215 1
3214 3215 1
2405 3215 15
3242 3215 25
2549 3215 6
2423 3215 1
4137 3215 1
3791 3215 1
2225 3215 1
2181 3215 1
2472 3215 1
2288 3215 1
4096 3215 1
2153 3215 3
3377 3215 7
2348 3215 1
3206 3215 1
3637 3215 11
3195 3215 40
3953 3215 2
2223 3215 5
3221 3215 1
2187 3215 7
3189 3215 76
3144 3215 1
2244 3215 7
3714 3215 27
2445 3215 1
3225 3215 3
3660 3218 6
3221 3220 1
3660 3221 6
2405 3221 15
2949 3222 1
3832 3222 1
1245 3222 1
2983 3222 1
2981 3222 1
2600 3222 1
2378 3222 1
1401 3222 1
3239 3222 7
3139 3222 22
3220 3222 1
1335 3222 1
2196 3222 1
2982 3222 3
2243 3222 1
4095 3222 1
1598 3222 1
3139 3223 13
3792 3223 1
3054 3223 1
3239 3223 7
2378 3223 1
2981 3223 1
3220 3223 1
3832 3223 1
1649 3224 1
3225 3224 3
1480 3224 1
3669 3225 1
2249 3226 1
2727 3226 1
4010 3226 3
2406 3226 1
2750 3226 1
3645 3226 19
3559 3226 1
1368 3226 1
1417 3226 1
2456 3226 1
3347 3226 1
1478 3226 1
1098 3226 1
1390 3226 1
1126 3226 1
3224 3226 3
2836 3226 1
2567 3226 1
2812 3226 1
3227 3226 42
1437 3226 1
3537 3227 3
3642 3227 1
3348 3227 1
3232 3227 1
3238 3227 3
2405 3227 15
3221 3227 1
3644 3227 19
2181 3227 1
3540 3227 33
2097 3227 1
3225 3227 3
2604 3227 4
2547 3228 1
3835 3228 14
3560 3228 1
3995 3228 1
1583 3228 1
2619 3228 1
2406 3228 1
2557 3228 1
2851 3228 1
3754 3228 1
3645 3228 1
2384 3228 1
3833 3228 1
3224 3228 3
3156 3228 31
4010 3228 3
2203 3228 1
2926 3228 1
1134 3228 1
3228 3229 31
3156 3229 31
1218 3230 1
1502 3230 1
3231 3230 1
1578 3230 1
3539 3230 1
1640 3230 1
4010 3230 3
3227 3230 19
3645 3230 1
3224 3230 3
2294 3230 1
4009 3230 3
1160 3230 1
3012 3230 1
3641 3230 1
2243 3231 1
2588 3231 1
3232 3231 19
3224 3231 3
3019 3231 1
3641 3231 1
2982 3231 3
3645 3231 1
1598 3231 1
3012 3231 1
4010 3231 3
1189 3231 1
3508 3232 4
3642 3232 2
3483 3232 1
4038 3232 1
4096 3232 2
3478 3232 1
4036 3232 1
2288 3232 2
3348 3232 7
2225 3232 2
2994 3232 2
3637 3232 4
3644 3232 1
4040 3232 1
3238 3232 3
2181 3232 1
2244 3232 1
2112 3232 1
3207 3232 4
3976 3232 1
3057 3232 1
4037 3232 1
4041 3232 1
3225 3232 3
3377 3232 5
3206 3232 3
3723 3233 12
3490 3233 10
3987 3233 4
3234 3233 49
3231 3233 19
3268 3233 6
3232 3234 49
3617 3235 1
3672 3235 45
4010 3235 3
3012 3235 1
3224 3235 3
1094 3235 1
3215 3235 62
3427 3235 46
3768 3236 22
2208 3236 1
3235 3236 62
4010 3236 3
2393 3236 5
1571 3236 1
2647 3236 1
3654 3236 12
3215 3236 149
4092 3236 1
3531 3236 53
3819 3236 10
3224 3236 3
3790 3236 1
3414 3236 2
3386 3236 22
1154 3237 1
3224 3237 3
3012 3237 1
3238 3237 8
4010 3237 3
3859 3238 1
3156 3238 1
3988 3238 1
3225 3238 3
3784 3238 1
3633 3238 2
2264 3238 1
3429 3238 3
2181 3238 1
4010 3239 3
3224 3239 3
3240 3239 7
3225 3240 3
3238 3240 3
3224 3241 3
3012 3241 1
3242 3241 25
1147 3241 1
2404 3241 15
2982 3241 3
2629 3241 1
3644 3242 2
3988 3242 1
2405 3242 15
2244 3242 7
3221 3242 1
2187 3242 5
2181 3242 1
3734 3242 4
3350 3242 10
3225 3242 3
3746 3242 7
3887 3242 6
3207 3242 3
3787 3242 1
4096 3242 1
3252 3242 5
3238 3242 3
3426 3242 12
3241 3243 25
3242 3243 29
2542 3243 2
2931 3243 2
2154 3244 3
1194 3244 1
2404 3244 15
3215 3244 44
1693 3244 1
1122 3244 1
1598 3244 1
2403 3244 1
1457 3244 1
2996 3244 1
1462 3244 1
3403 3244 12
1287 3244 1
3241 3244 25
3215 3245 45
3244 3245 44
3403 3245 12
3100 3246 2
4010 3246 3
2676 3246 1
3012 3246 1
1342 3246 1
1168 3246 1
2794 3246 1
3224 3246 3
1568 3246 1
2958 3246 1
2530 3246 7
3360 3246 10
3753 3246 1
3242 3246 44
2144 3246 1
2232 3246 1
2930 3246 1
1154 3246 1
3251 3246 1
3733 3246 4
3000 3246 2
2529 3246 6
3360 3247 10
1342 3247 1
3012 3247 1
3753 3247 1
2529 3247 6
3733 3247 4
3224 3247 3
2530 3247 7
2794 3247 1
3242 3247 39
2930 3247 1
1168 3247 1
3251 3247 1
2676 3247 1
2232 3247 1
3000 3247 2
2144 3247 1
3100 3247 2
1568 3247 1
1335 3248 1
3249 3248 18
3054 3248 1
1401 3248 1
2982 3248 3
1598 3248 1
1253 3248 1
2233 3248 1
3792 3248 1
2949 3248 1
2243 3248 1
4010 3248 3
3224 3248 3
4095 3248 1
1392 3248 1
3238 3249 3
2561 3249 1
2197 3249 1
2694 3249 1
2445 3249 1
2423 3249 1
3225 3249 3
3221 3249 8
3663 3249 3
2288 3249 1
2244 3249 1
2570 3249 3
4137 3249 1
3205 3249 3
4096 3249 3
3633 3249 3
3207 3249 3
2112 3249 1
3629 3249 3
3508 3249 4
3036 3250 3
3224 3250 3
2982 3250 3
1598 3250 1
2287 3250 1
2243 3250 1
3249 3250 12
3252 3251 1
4117 3253 1
2561 3253 1
3336 3253 5
3508 3253 29
2447 3253 6
3665 3253 3
2296 3253 6
3789 3253 1
2197 3253 4
3144 3253 10
3266 3253 10
3265 3253 10
3264 3253 10
3178 3253 10
3256 3253 10
3207 3253 22
3801 3256 3
3257 3256 17
2423 3256 1
3801 3257 13
2755 3257 1
3260 3257 13
3263 3257 13
3258 3257 18
3262 3257 13
3261 3257 13
3652 3258 16
3259 3258 27
3494 3258 2
2405 3258 15
3700 3259 4
3256 3260 2
3801 3260 1
2577 3260 1
3658 3260 9
3656 3260 1
3257 3260 2
3863 3260 3
2561 3267 2
3253 3267 1
2816 3267 2
2423 3267 2
3149 3267 4
3721 3268 1
3232 3268 6
3636 3268 4
2422 3269 1
3267 3269 5
2815 3269 1
2587 3269 1
2115 3269 1
3271 3270 6
3269 3270 5
3267 3271 9
2816 3271 1
3253 3271 1
1389 3272 1
2404 3272 15
1185 3272 2
1297 3272 1
1210 3272 1
3934 3272 1
1095 3272 1
1538 3272 1
3699 3272 1
2735 3272 1
3273 3272 57
3393 3272 5
2654 3272 1
3270 3272 6
3693 3272 16
1671 3272 1
2484 3272 1
2374 3272 1
1068 3272 1
3494 3273 2
3616 3273 14
2405 3273 15
3271 3273 6
3652 3273 16
3700 3273 1
3394 3273 5
3275 3274 1
3180 3275 4
3274 3276 1
1494 3276 1
1153 3276 1
2761 3276 1
1597 3276 1
3277 3276 8
2111 3276 1
1073 3276 1
3275 3277 9
3343 3277 4
2723 3278 4
3393 3278 5
2579 3278 1
2462 3278 2
3176 3278 1
3733 3278 4
2137 3278 6
3761 3278 20
1185 3278 2
3518 3278 24
3279 3278 81
2529 3278 6
3276 3278 8
2320 3279 19
3734 3279 4
3803 3279 5
3494 3279 2
3271 3279 6
3921 3279 2
3700 3279 4
3887 3279 6
2580 3279 1
3519 3279 24
3277 3279 8
3342 3279 20
3394 3279 5
3175 3279 1
2529 3280 6
3276 3280 8
2934 3280 1
1185 3280 2
3761 3280 20
2579 3280 1
2723 3280 4
1492 3280 1
2462 3280 2
3518 3280 24
1481 3280 1
3279 3280 75
3733 3280 4
1369 3281 1
2583 3281 1
3279 3281 84
3451 3281 21
3280 3281 75
1223 3281 1
1472 3281 1
2912 3282 1
3280 3282 75
3279 3282 77
3006 3282 1
3284 3283 111
4026 3283 39
2432 3283 1
2697 3283 1
2485 3283 1
1376 3283 1
3986 3283 1
1105 3283 1
2607 3283 1
2656 3283 1
3698 3283 1
3276 3283 8
2416 3283 1
2828 3283 1
2659 3283 1
3518 3283 24
2590 3283 1
3004 3283 1
1414 3283 1
1381 3283 1
1177 3283 1
2959 3283 1
4049 3283 1
1317 3283 1
2991 3283 1
3378 3283 9
4080 3283 1
1498 3283 1
1244 3283 1
2720 3283 1
3032 3283 1
4051 3283 1
3848 3283 1
1560 3283 1
4027 3283 40
2625 3283 6
1128 3283 1
2586 3283 1
1606 3283 1
3418 3284 6
3812 3284 41
3629 3284 3
3193 3284 6
4055 3284 2
3377 3284 9
3205 3284 3
3277 3284 8
3635 3284 2
3519 3284 24
4025 3284 1
3720 3284 2
3478 3284 4
3913 3284 1
4137 3284 1
3663 3284 3
3144 3284 39
2223 3284 2
3215 3284 1
2827 3285 1
3276 3285 8
3277 3285 11
2621 3285 1
2375 3286 1
2878 3286 1
3285 3286 11
2762 3286 1
2852 3286 1
2698 3286 1
3092 3286 1
3287 3286 46
3518 3286 24
3026 3286 1
1283 3286 1
3528 3286 1
2638 3286 1
3344 3287 1
2376 3287 3
3517 3287 5
3277 3287 11
3519 3287 24
3529 3287 5
3291 3287 33
3276 3288 8
3289 3288 52
3518 3288 24
3761 3288 20
3087 3289 1
3394 3289 4
3277 3289 8
2285 3289 1
3342 3289 20
3519 3289 24
2126 3289 7
3276 3290 8
3518 3290 24
3291 3290 33
3519 3291 24
3275 3291 4
3517 3291 5
3277 3291 8
3291 3292 36
2638 3292 1
3290 3292 33
1121 3292 1
3300 3293 36
3292 3293 36
3291 3293 43
2878 3293 1
3316 3293 36
1111 3294 1
3047 3294 1
3845 3294 1
1207 3294 1
2901 3294 1
4056 3294 2
2573 3294 1
1676 3294 1
2100 3294 1
3292 3294 36
1272 3294 1
4018 3294 1
3119 3294 68
3448 3294 18
1099 3294 1
1666 3294 1
3518 3295 24
3286 3295 1
3290 3295 33
3287 3295 35
1106 3295 1
3287 3296 35
3290 3296 33
1106 3296 1
3286 3296 1
3518 3296 24
3290 3297 33
1106 3297 1
3287 3297 34
2638 3298 1
3287 3298 36
3290 3298 33
1106 3298 1
3311 3299 36
3287 3299 44
3315 3299 36
3298 3299 36
3324 3299 38
2698 3300 1
3291 3300 36
3290 3300 33
2302 3300 1
3300 3301 36
2897 3301 1
1692 3301 1
2313 3301 1
3065 3301 2
1443 3301 1
2757 3301 3
2274 3301 3
1284 3301 1
1441 3301 1
2941 3301 1
4071 3301 1
1676 3301 1
1230 3301 1
2526 3301 1
3894 3301 1
3039 3301 1
1342 3301 1
2304 3301 2
2862 3301 1
2404 3301 15
3645 3301 1
2573 3301 1
1120 3301 1
3447 3301 1
1099 3301 1
1264 3301 1
1387 3301 2
2938 3301 2
3639 3301 4
1093 3301 1
1666 3301 1
2154 3301 3
4056 3301 2
3484 3301 5
2648 3301 2
2194 3301 1
1315 3301 1
1088 3301 1
1515 3301 1
3302 3301 113
1238 3301 1
4018 3301 1
1650 3301 1
2493 3301 1
4072 3302 6
4055 3302 6
3633 3302 1
2445 3302 1
3720 3302 6
3478 3302 1
3318 3302 1
3988 3302 1
3206 3302 3
3629 3302 1
3669 3302 1
2314 3302 1
3489 3302 4
2916 3302 3
4110 3302 12
3635 3302 6
4057 3302 13
3377 3302 5
3857 3302 1
2153 3302 3
3644 3302 2
4096 3302 2
2273 3302 2
2112 3302 1
3508 3302 4
2409 3302 1
2288 3302 2
3205 3302 1
3637 3302 2
3663 3302 1
3253 3302 5
3291 3302 36
3238 3302 3
2423 3302 2
2758 3302 3
3117 3302 21
2453 3302 1
2225 3302 2
2405 3302 15
1410 3303 1
3301 3303 113
3304 3303 114
3302 3304 113
3300 3305 36
1567 3305 1
3306 3305 39
1463 3305 1
3633 3306 1
3637 3306 1
3291 3306 36
3308 3306 5
4002 3306 1
4047 3306 1
2789 3306 11
4089 3306 4
3207 3306 1
1450 3306 1
3093 3306 1
4057 3306 2
3438 3306 3
3305 3307 39
3308 3307 40
3853 3308 1
2789 3308 11
4002 3308 3
4096 3308 1
3988 3308 1
3093 3308 1
4057 3308 3
3306 3308 47
4110 3308 11
3857 3308 1
3356 3308 8
3637 3308 1
1450 3308 1
2357 3308 2
3436 3308 11
3680 3308 9
4095 3309 1
4012 3309 1
3089 3309 1
1435 3309 1
2788 3309 11
1405 3309 1
3310 3309 77
3307 3309 40
1208 3309 3
3788 3309 6
2303 3309 1
3305 3309 39
2179 3309 14
2777 3309 1
3308 3310 40
2273 3310 1
3555 3310 9
3868 3310 15
4096 3310 1
3680 3310 14
3356 3310 4
3306 3310 45
2789 3310 11
3287 3311 36
2698 3311 1
3290 3311 33
1106 3311 1
3290 3312 33
1283 3312 1
3291 3312 36
3450 3312 1
3312 3313 36
1644 3313 1
2379 3313 3
2818 3313 1
2901 3313 1
1334 3313 1
3314 3313 47
2902 3313 1
1387 3313 2
1109 3313 1
1562 3314 1
2819 3314 2
4002 3314 1
3633 3314 1
3291 3314 36
4110 3314 11
3637 3314 1
2789 3314 11
4057 3314 2
3441 3314 3
3356 3314 4
3290 3315 33
1106 3315 1
1283 3315 1
3287 3315 36
3291 3316 36
3290 3316 33
2230 3316 1
2762 3316 1
2648 3317 2
3318 3317 48
3316 3317 36
2452 3317 1
2974 3317 1
3024 3317 1
1383 3317 2
1238 3317 1
2901 3317 1
3582 3317 5
3291 3318 36
4002 3318 1
3633 3318 1
3875 3318 2
2225 3318 1
3442 3318 5
3356 3318 4
4089 3318 4
3637 3318 1
2789 3318 11
4110 3318 11
2453 3318 6
4057 3318 2
3316 3319 36
2452 3319 1
3318 3319 49
1238 3319 1
3024 3319 1
2901 3319 1
2974 3319 1
2648 3319 2
1383 3319 2
3582 3319 5
3318 3320 49
3316 3320 36
2648 3320 2
1238 3320 1
2901 3320 1
1383 3320 2
2452 3320 1
3024 3320 1
2974 3320 1
3582 3320 5
3582 3321 5
1238 3321 1
2974 3321 1
3318 3321 49
3316 3321 36
3024 3321 1
2901 3321 1
1383 3321 2
2452 3321 1
2648 3321 2
2974 3322 1
2648 3322 2
2901 3322 1
2452 3322 1
3316 3322 36
1238 3322 1
3024 3322 1
3318 3322 48
3582 3322 5
3316 3323 36
1383 3323 2
3582 3323 5
3318 3323 45
2452 3323 1
2648 3323 2
3452 3323 1
2762 3324 1
1106 3324 1
3599 3324 1
3106 3324 1
3290 3324 33
3287 3324 38
3279 3325 33
3276 3325 8
1356 3325 1
3518 3325 24
3276 3326 8
3289 3326 8
3690 3327 17
3276 3327 8
2404 3327 15
3761 3327 20
2228 3327 2
1429 3327 1
3518 3327 24
3328 3327 90
1595 3327 3
3342 3328 20
2405 3328 15
2223 3328 1
3519 3328 24
3660 3328 6
3548 3328 28
2965 3328 2
3420 3328 2
3637 3328 2
2841 3328 1
3688 3328 17
3478 3328 2
3277 3328 8
2097 3328 1
3553 3328 4
2445 3328 1
1429 3329 1
2404 3329 15
3276 3329 8
3690 3329 17
3549 3329 28
3761 3329 20
3518 3329 24
3328 3329 96
1595 3329 3
3277 3330 9
3276 3330 8
1625 3331 1
3761 3331 20
3332 3331 58
3330 3331 9
2621 3331 1
3527 3331 25
2683 3331 1
3287 3332 25
3342 3332 20
3548 3332 28
3385 3332 19
2216 3332 8
3483 3332 6
3371 3332 20
3535 3332 4
3644 3332 9
3418 3332 21
3377 3332 9
2351 3332 2
3350 3332 10
3339 3332 4
3760 3332 1
4083 3332 4
3277 3332 9
3348 3332 2
3275 3332 1
3519 3332 25
3517 3332 1
4005 3332 4
3334 3333 58
3166 3333 106
3904 3333 6
3538 3333 34
3331 3333 58
3620 3333 6
1625 3334 1
3761 3334 20
3527 3334 25
3332 3334 58
2621 3334 1
3330 3334 9
2683 3334 1
3336 3335 1
3253 3336 5
2877 3337 1
3253 3337 9
1110 3337 1
2295 3337 1
1442 3337 1
2487 3337 1
1192 3337 1
2338 3337 1
3335 3337 1
3666 3338 5
3501 3338 6
4001 3338 3
3025 3338 2
3253 3338 25
3337 3338 9
3340 3339 4
2102 3339 2
4096 3340 2
3342 3341 5
3344 3342 2
3760 3342 18
2308 3342 3
3343 3342 6
3345 3342 2
3346 3342 2
3396 3343 3
3348 3347 1
2225 3348 3
3377 3348 11
3720 3348 5
3635 3348 5
2113 3348 9
4055 3348 5
3350 3349 2
3347 3349 1
4068 3350 7
3377 3350 4
2680 3350 7
3348 3350 1
2174 3351 1
3352 3351 49
1626 3351 1
2332 3351 2
3349 3351 2
3727 3351 14
3370 3351 4
3638 3351 3
1303 3351 1
2350 3351 1
3649 3351 1
2215 3351 4
2978 3351 1
3347 3351 1
3384 3351 5
2899 3351 1
1337 3351 2
1652 3351 1
3725 3351 16
2591 3351 1
1079 3351 1
1304 3351 1
3348 3352 1
3350 3352 3
3385 3352 20
3650 3352 2
2216 3352 9
3936 3352 1
3371 3352 21
3377 3352 3
2351 3352 3
3483 3352 1
3349 3353 2
3350 3353 3
3350 3354 7
3353 3354 3
3638 3354 3
2204 3355 2
3356 3355 23
3638 3355 3
3354 3355 7
3785 3355 14
3605 3356 9
3604 3356 9
3350 3356 7
3608 3356 9
3610 3356 9
2405 3356 15
3607 3356 9
3606 3356 9
3609 3356 9
3784 3356 14
3611 3356 9
3377 3356 5
3056 3357 1
2362 3357 2
3383 3357 15
2628 3357 9
1628 3357 1
2626 3357 11
3384 3357 5
2498 3357 7
4064 3357 1
1593 3357 1
2599 3357 1
2154 3357 3
1326 3357 1
3370 3357 4
2783 3357 1
1331 3357 1
2979 3357 1
3354 3357 7
2730 3357 1
1346 3357 1
1371 3357 1
3922 3357 1
3159 3357 108
4015 3357 3
2910 3357 1
2792 3357 4
1364 3357 1
3566 3357 1
3628 3357 1
3360 3357 10
3369 3357 15
2630 3357 1
3562 3357 2
2363 3357 3
2307 3357 6
1566 3357 1
1250 3357 1
2256 3357 3
2831 3357 1
1216 3357 1
2359 3357 1
3646 3357 19
3350 3358 7
3354 3358 7
3350 3359 8
3354 3359 7
3359 3360 8
3350 3360 10
2203 3360 1
3360 3361 10
1342 3361 1
3332 3361 11
3350 3362 10
3360 3362 10
3354 3362 7
3332 3363 32
2103 3363 2
1273 3363 2
3484 3363 5
3534 3363 2
2215 3363 1
1342 3363 1
2203 3363 1
3870 3363 8
3360 3363 10
3360 3364 10
4010 3364 3
2406 3364 1
3242 3364 17
3645 3364 1
1342 3364 1
2939 3364 1
3347 3365 1
3350 3365 10
3360 3365 10
1170 3366 2
3347 3366 1
3332 3366 3
3368 3367 37
3622 3367 9
2712 3367 1
2917 3367 4
3939 3367 1
1124 3367 2
2908 3367 1
3376 3367 3
3906 3367 9
1304 3367 1
2625 3367 6
3389 3367 5
1170 3367 2
2571 3367 1
3091 3367 1
3347 3367 1
2717 3367 2
3377 3368 6
4137 3368 1
3348 3368 1
3418 3368 8
3905 3368 11
3621 3368 11
3619 3368 2
2184 3368 12
3483 3368 1
3207 3368 4
3903 3368 1
1304 3369 1
2183 3369 1
3368 3369 15
3347 3369 1
2743 3369 1
2625 3369 6
1170 3369 2
1114 3369 1
2612 3369 1
3347 3370 1
3371 3370 4
3532 3370 1
1304 3370 1
3348 3371 1
3637 3371 13
3483 3371 1
3206 3371 1
3533 3371 2
3191 3371 18
3422 3372 3
2350 3372 1
2332 3372 2
3370 3372 4
1275 3372 2
3482 3372 5
1237 3372 2
3332 3372 38
1585 3372 2
3384 3372 5
1170 3372 2
1337 3372 2
2226 3372 1
3638 3372 3
2625 3372 6
1285 3373 1
2975 3373 1
1378 3373 1
3384 3373 5
2626 3373 11
3532 3373 1
3724 3373 13
3032 3373 1
2309 3373 1
1173 3373 1
2783 3373 1
3726 3373 11
1646 3373 1
1429 3373 1
2130 3373 6
3370 3373 4
2628 3373 9
3137 3373 47
2154 3374 3
3373 3374 47
3137 3374 52
3843 3374 1
1566 3374 1
2625 3375 6
1114 3375 1
3347 3375 1
1304 3375 1
2743 3375 1
2908 3375 1
2612 3375 1
1170 3375 2
2183 3375 1
3368 3375 15
1304 3376 1
3347 3376 1
3377 3376 3
3720 3377 1
4055 3377 1
3371 3377 8
3635 3377 1
2225 3377 2
3478 3377 5
3348 3377 1
3483 3377 1
3489 3377 14
3385 3377 8
3376 3378 3
1498 3378 1
3389 3378 5
2586 3378 1
3377 3378 9
2485 3379 1
1560 3379 1
2589 3379 1
2979 3379 1
2879 3379 1
2828 3379 1
2792 3379 4
3634 3379 1
1128 3379 1
1381 3379 1
2625 3379 6
2630 3379 1
3942 3379 1
3922 3379 1
1471 3379 1
1129 3379 1
2628 3379 9
2898 3379 1
4054 3379 1
2201 3379 1
1346 3379 1
2662 3379 1
2831 3379 1
3380 3379 56
1326 3379 1
3628 3379 1
2544 3379 1
2656 3379 1
3023 3379 1
2987 3379 1
3636 3379 4
1170 3379 2
3719 3379 1
2859 3379 1
1364 3379 1
2491 3379 1
3378 3379 9
3381 3379 7
2224 3379 1
3377 3380 10
3801 3380 1
2423 3380 1
3635 3380 6
3873 3380 1
2288 3380 2
4108 3380 1
3629 3380 2
2105 3380 4
3905 3380 2
2225 3380 2
3418 3380 16
3205 3380 2
2771 3380 1
3720 3380 6
3923 3380 1
3637 3380 4
3663 3380 2
3578 3380 1
4055 3380 6
3377 3381 7
3376 3381 3
3389 3381 5
2625 3382 6
2975 3382 1
3017 3382 1
2890 3382 1
1195 3382 1
1456 3382 1
3726 3382 11
1653 3382 1
1402 3382 1
2186 3382 1
1426 3382 1
2793 3382 1
1698 3382 1
1100 3382 1
1242 3382 1
2650 3382 1
1425 3382 1
3403 3382 12
1357 3382 1
1255 3382 1
2564 3382 1
2242 3382 1
1641 3382 1
1206 3382 1
3381 3382 7
3215 3382 58
1544 3382 1
3389 3383 5
3376 3383 3
2550 3383 1
2625 3383 6
1703 3383 1
3368 3383 15
3376 3384 3
1285 3384 1
3385 3384 5
2954 3385 2
3206 3385 1
3377 3385 3
3637 3385 11
4084 3385 18
3189 3386 22
3384 3386 5
3726 3386 11
2995 3386 1
2975 3386 1
2198 3386 1
1551 3386 1
2435 3386 1
1703 3387 1
2550 3387 1
3389 3387 5
3368 3387 14
3376 3387 3
2625 3387 6
2625 3388 6
3347 3388 1
3422 3388 3
3638 3388 3
1170 3388 2
1304 3388 1
1275 3388 2
4125 3388 5
3757 3388 5
1337 3388 2
3332 3388 31
2959 3389 1
3347 3389 1
1304 3389 1
3377 3389 5
3986 3389 1
2628 3390 9
2625 3390 6
3628 3390 1
1346 3390 1
2987 3390 1
2630 3390 1
1124 3390 2
2981 3390 1
2831 3390 1
3389 3390 5
2224 3390 1
3922 3390 1
2979 3390 1
3757 3390 5
1326 3390 1
3380 3390 36
1364 3390 1
1302 3390 1
2792 3390 4
3392 3391 3
3021 3391 1
2115 3391 1
3253 3392 1
2816 3392 2
3147 3392 4
3391 3393 3
3394 3393 5
1127 3393 1
3253 3394 1
3392 3394 5
2816 3394 1
1103 3394 2
2984 3395 1
3393 3395 5
2329 3395 1
2512 3395 1
2137 3395 6
2107 3395 1
3396 3395 13
3271 3396 6
2108 3396 5
3394 3396 5
4017 3396 1
2555 3396 1
3393 3397 5
2512 3397 1
2137 3397 6
3396 3397 10
3279 3398 10
3393 3398 5
2137 3398 6
2474 3398 1
2110 3400 1
3401 3400 2
3400 3402 2
3401 3402 3
3100 3403 2
2794 3403 1
3000 3403 2
3215 3403 12
2144 3403 1
1168 3403 1
1568 3403 1
3753 3403 1
2232 3403 1
2676 3403 1
3427 3404 46
3403 3404 12
3215 3404 59
3406 3405 1
3408 3405 1
3407 3405 1
3409 3405 1
3184 3406 6
3652 3406 16
3205 3410 1
3412 3411 78
1696 3411 1
2485 3411 1
2898 3411 1
1560 3411 1
3634 3411 1
4080 3411 1
2544 3411 1
1156 3411 1
2697 3411 1
2662 3411 1
3719 3411 1
1129 3411 1
2915 3411 1
2589 3411 1
2600 3411 1
2272 3411 1
1215 3411 1
1363 3411 1
2656 3411 1
4054 3411 1
2859 3411 1
3628 3411 1
2828 3411 1
2326 3411 1
1105 3411 1
1379 3411 1
2991 3411 1
2524 3411 1
3698 3411 1
2831 3411 1
2581 3411 1
2262 3411 4
1400 3411 1
3410 3411 1
1243 3411 1
2720 3411 1
1381 3411 1
2404 3411 15
2860 3411 1
1376 3411 1
1171 3411 1
3824 3411 1
1512 3411 1
1128 3411 1
2277 3411 11
1312 3411 1
2846 3411 2
2416 3411 1
2979 3411 1
2303 3411 1
3645 3411 1
1485 3411 1
1606 3411 1
3662 3411 1
3253 3412 5
3988 3412 1
2916 3412 3
3663 3412 8
3205 3412 9
4110 3412 11
3720 3412 5
2405 3412 15
3644 3412 1
2445 3412 1
2423 3412 2
4055 3412 5
3629 3412 8
3635 3412 5
2273 3412 2
3189 3413 1
3215 3414 2
3413 3414 1
2492 3415 1
3416 3415 2
3755 3416 2
3564 3416 4
3938 3416 1
3504 3416 4
1237 3417 2
3756 3417 4
2917 3417 4
3721 3417 1
2096 3417 1
3415 3417 2
3418 3417 21
3012 3417 1
2716 3417 1
4124 3417 2
1585 3417 2
3642 3418 3
3207 3418 4
4083 3418 2
3535 3418 2
2181 3418 1
3416 3418 6
3537 3418 4
3976 3418 2
3848 3419 1
3417 3419 21
3420 3419 22
3215 3420 1
3769 3420 1
3503 3420 4
3418 3420 21
3215 3421 21
3417 3421 21
3415 3422 2
3418 3422 3
1178 3423 1
3757 3423 5
3422 3423 3
3424 3423 16
3870 3423 8
3418 3424 8
1343 3424 1
2887 3424 2
3399 3424 1
3644 3424 8
3426 3425 1
3284 3426 1
1351 3427 1
1645 3427 1
1393 3427 1
3425 3427 1
2904 3427 1
4033 3427 40
3215 3427 46
2236 3428 1
3429 3428 3
3432 3431 1
2236 3432 1
3144 3432 1
3195 3432 1
3151 3432 1
1483 3433 1
3431 3433 1
3151 3433 2
3180 3434 4
3948 3435 8
3439 3435 3
3950 3435 8
3441 3435 3
3947 3435 8
3949 3435 8
3438 3435 3
3442 3435 5
3436 3435 14
3440 3435 3
3437 3436 12
3435 3436 8
3263 3436 3
3438 3436 3
3873 3437 3
3436 3437 5
3853 3437 1
3675 3437 2
3436 3438 5
2098 3438 4
2771 3438 3
2562 3439 3
3435 3439 4
3923 3439 3
3495 3440 2
2105 3440 6
3435 3440 4
2821 3441 4
3435 3441 4
3578 3441 3
3435 3442 4
4108 3442 3
3807 3442 5
3207 3443 1
3232 3444 1
3443 3444 1
3446 3445 1
3443 3445 1
3207 3446 1
3472 3446 1
3117 3447 1
3876 3448 1
2212 3448 1
1315 3448 1
1120 3448 1
3039 3448 1
2194 3448 1
3119 3448 18
1264 3448 1
2941 3448 1
3447 3448 1
2526 3448 1
1230 3448 1
1515 3448 1
2862 3448 1
1692 3448 1
1650 3448 1
1093 3448 1
3894 3448 1
2788 3449 11
1515 3449 1
1230 3449 1
1315 3449 1
2664 3449 3
3951 3449 1
4018 3449 1
1093 3449 1
3894 3449 1
1099 3449 1
3447 3449 1
2862 3449 1
2526 3449 1
1120 3449 1
1692 3449 1
1666 3449 1
1207 3449 1
2941 3449 1
2573 3449 1
1676 3449 1
3039 3449 1
3047 3449 1
2194 3449 1
3119 3449 36
1650 3449 1
1264 3449 1
3275 3450 1
3279 3451 21
1150 3451 1
3176 3451 1
1647 3451 1
2529 3451 6
2723 3451 4
1077 3451 1
1185 3451 2
3733 3451 4
3318 3452 1
3452 3453 1
3318 3453 6
2227 3453 5
3557 3454 1
1286 3454 1
2932 3454 1
3455 3454 7
3452 3454 1
1265 3454 1
2597 3454 1
3988 3455 1
3857 3455 1
2409 3455 5
3460 3455 3
2411 3455 11
3709 3455 1
2357 3455 2
3318 3455 5
3558 3455 9
3308 3455 5
4002 3455 3
2789 3455 11
3850 3455 21
4046 3455 3
2092 3455 3
1450 3455 1
3992 3455 21
4057 3455 3
3454 3456 7
3455 3456 7
2202 3457 1
2248 3457 1
2377 3457 1
3068 3457 1
2283 3457 1
3454 3457 7
1432 3457 1
1543 3457 1
1475 3457 1
1427 3457 1
1232 3457 1
2410 3457 1
1133 3457 1
2349 3457 1
1546 3457 1
4086 3457 1
3063 3457 1
1312 3457 1
2861 3457 1
2540 3457 1
2756 3457 1
1332 3457 1
2493 3457 1
2412 3457 1
2897 3457 1
1706 3457 1
2774 3457 1
1258 3457 1
3455 3457 48
2633 3457 1
1165 3457 1
1169 3457 1
2788 3457 11
1312 3458 1
1534 3458 1
1677 3458 1
3455 3458 55
1499 3458 1
2356 3458 1
1675 3458 1
1567 3458 1
2690 3458 1
2655 3458 1
3454 3458 7
2493 3458 1
3849 3458 1
2410 3458 7
2797 3458 1
1549 3458 1
4086 3458 1
1081 3458 1
1256 3458 1
2788 3458 11
3037 3458 1
2248 3458 1
2540 3458 1
1233 3458 1
1702 3458 1
1420 3458 1
2976 3458 1
1406 3458 1
2832 3458 1
2339 3458 1
1575 3458 1
2408 3458 1
2412 3458 1
1522 3458 1
1113 3458 1
3024 3458 1
3991 3458 1
3084 3458 1
4077 3458 1
3053 3458 1
3460 3459 2
3452 3459 1
1265 3459 1
3318 3460 1
3308 3460 1
1450 3460 1
3857 3460 5
2357 3460 2
4002 3460 3
3455 3460 4
3452 3461 1
3318 3461 7
3582 3461 5
2452 3461 1
3452 3462 1
4071 3462 1
2404 3462 15
3302 3462 22
3014 3462 1
4010 3462 3
1443 3462 1
3302 3463 81
1215 3463 1
1471 3463 1
3088 3463 1
1335 3463 1
2491 3463 1
2987 3463 1
4071 3463 1
1129 3463 1
2859 3463 1
1400 3463 1
3452 3463 1
2600 3463 1
2662 3463 1
2224 3463 1
2287 3463 1
2544 3463 1
1392 3463 1
2279 3463 11
1560 3463 1
2404 3463 15
3719 3463 1
2272 3463 1
1128 3463 1
2915 3463 1
2581 3463 1
2303 3463 1
2828 3463 1
2277 3463 11
2949 3463 1
2485 3463 1
2262 3463 4
2589 3463 1
3477 3463 1
3014 3463 1
4054 3463 1
3942 3463 1
1312 3463 1
1342 3463 1
2879 3463 1
1088 3463 1
2846 3463 2
2228 3463 2
1443 3463 1
3792 3463 1
3054 3463 1
2201 3463 1
2656 3463 1
2961 3463 1
4095 3463 1
2898 3463 1
3634 3463 1
1381 3463 1
3023 3463 1
1379 3463 1
1253 3463 1
1480 3463 1
1401 3463 1
3024 3464 1
3582 3464 5
3452 3464 1
2279 3464 11
3318 3464 18
3452 3465 1
3137 3465 16
3895 3465 15
3452 3466 1
3582 3466 5
2788 3466 11
3024 3466 1
3318 3466 17
2788 3467 11
3318 3467 17
3452 3467 1
3582 3467 5
3469 3468 1
3452 3468 1
2239 3469 8
3318 3469 1
3318 3470 2
3052 3470 1
3452 3470 1
3472 3471 1
3207 3472 4
3156 3473 14
2557 3473 1
1134 3473 1
3995 3473 1
1609 3473 1
3833 3473 1
1583 3473 1
2926 3473 1
3560 3473 1
2851 3473 1
2709 3473 1
2384 3473 1
3471 3473 1
2619 3473 1
2547 3473 1
3560 3474 1
1609 3474 1
2211 3474 1
2709 3474 1
1109 3474 1
2981 3474 1
2125 3474 7
2547 3474 1
2619 3474 1
3835 3474 14
3471 3474 1
2384 3474 1
3156 3474 28
2901 3474 1
2557 3474 1
3308 3475 3
1081 3475 1
1677 3475 1
3455 3476 14
3321 3476 1
3594 3476 1
3067 3476 1
1083 3476 1
3475 3476 1
1359 3476 1
2666 3476 1
3320 3476 1
1678 3476 1
3319 3476 1
1506 3476 1
2905 3476 1
1084 3476 1
1082 3476 1
3478 3477 1
3385 3478 1
3207 3478 4
3371 3478 1
1598 3479 1
1253 3479 1
1401 3479 1
2538 3479 2
3477 3479 1
3207 3479 7
4095 3479 1
2686 3480 2
3207 3480 12
2776 3480 1
3477 3480 1
2539 3480 6
2196 3480 1
1253 3480 1
1253 3481 1
3477 3481 1
3207 3481 2
3698 3482 1
3942 3482 1
3483 3482 5
3477 3482 1
1156 3482 1
3478 3483 1
3377 3483 6
3629 3483 3
3023 3484 1
3377 3484 5
2961 3484 1
2224 3484 1
3477 3484 1
2591 3485 1
3725 3485 16
3870 3485 8
3727 3485 14
1273 3485 2
1342 3485 1
2103 3485 2
2203 3485 1
3332 3485 46
3484 3485 5
3534 3485 2
2215 3485 4
3484 3486 5
3377 3486 10
3638 3486 3
1556 3486 1
2203 3486 1
3484 3487 5
3232 3487 6
3641 3487 1
3489 3488 9
3639 3488 4
3484 3488 5
3348 3489 1
3503 3489 13
3377 3489 8
3284 3489 13
3249 3489 21
1335 3490 1
3232 3490 10
2949 3490 1
1537 3490 1
1253 3490 1
1598 3490 1
3477 3490 1
2987 3490 1
1401 3490 1
2287 3490 1
3492 3491 1
3491 3493 1
2632 3493 1
3494 3493 4
1185 3493 2
3492 3494 2
1214 3494 1
3343 3494 4
1343 3495 1
3496 3495 2
3460 3497 1
2540 3498 1
2410 3498 1
1367 3498 1
2248 3498 2
2675 3498 2
4086 3498 2
3497 3498 1
3455 3498 11
3498 3499 11
3455 3499 11
3336 3500 1
2798 3501 1
1314 3501 1
3500 3501 1
3253 3501 6
1339 3501 1
1601 3501 1
3420 3502 4
3503 3502 4
3031 3502 1
3769 3502 1
3489 3503 4
3418 3503 5
3207 3504 4
3508 3507 1
3253 3508 5
3792 3509 1
3054 3509 1
3253 3509 16
1633 3509 1
1318 3509 1
3512 3509 1
1204 3509 1
1701 3509 1
1507 3509 1
3671 3509 1
2798 3509 1
2924 3509 1
1694 3509 1
2949 3509 1
2252 3509 1
3839 3509 1
3507 3509 1
1694 3510 1
3507 3510 1
1701 3510 1
1204 3510 1
1507 3510 1
3253 3510 10
3671 3510 1
3792 3510 1
3054 3510 1
2365 3511 1
3512 3511 1
1298 3511 1
4113 3511 1
3964 3511 1
3253 3511 32
3001 3511 1
1335 3511 1
3670 3511 6
2496 3511 1
1270 3511 1
2252 3511 1
3029 3511 1
2951 3511 1
2692 3511 1
3510 3511 10
1633 3511 1
3033 3511 1
3508 3512 1
3514 3513 1
3159 3514 4
3159 3515 9
2210 3515 1
2231 3515 1
2734 3515 1
1280 3515 1
4116 3515 1
3513 3515 1
1316 3515 1
2653 3515 1
1211 3515 1
3517 3516 1
3180 3517 4
1554 3518 1
1431 3518 1
4006 3518 1
1143 3518 1
1252 3518 1
1360 3518 1
2700 3518 1
2895 3518 1
1552 3518 1
1596 3518 1
2457 3518 1
2657 3518 1
3516 3518 1
2754 3518 1
1219 3518 1
2960 3518 1
3519 3518 24
2644 3518 1
2482 3518 1
1695 3518 1
1090 3518 1
2759 3518 1
1305 3518 1
2865 3518 1
3517 3519 23
3343 3519 4
3518 3520 24
2375 3520 1
3287 3520 26
3520 3521 26
3523 3521 25
3518 3521 24
3287 3521 27
3518 3522 24
3287 3522 24
3518 3523 24
3287 3523 25
3332 3524 53
3549 3524 28
3523 3524 25
3523 3525 25
3549 3525 28
3332 3525 53
2852 3526 1
3287 3526 26
3518 3526 24
3026 3526 1
3518 3527 24
3519 3527 25
3529 3528 1
3426 3530 1
2243 3531 1
2987 3531 1
3215 3531 53
3530 3531 1
2981 3531 1
4033 3531 40
1598 3531 1
3848 3531 1
2890 3531 1
1195 3531 1
4010 3531 3
2983 3531 1
1407 3531 1
2224 3531 1
2564 3531 1
3533 3532 1
3207 3533 4
3535 3534 2
3532 3534 1
3533 3535 2
3191 3535 4
1273 3536 2
1635 3536 1
3681 3536 1
1585 3536 2
3537 3536 16
3534 3536 2
1237 3536 2
2103 3536 2
1275 3536 2
2519 3536 2
3128 3537 4
4083 3537 4
2916 3537 1
3339 3537 4
3554 3537 2
3644 3537 1
3535 3537 4
3953 3537 2
1342 3538 1
3725 3538 16
3534 3538 2
1273 3538 2
3870 3538 8
3332 3538 34
3727 3538 14
3540 3539 1
3405 3541 1
2400 3542 1
3541 3542 1
1623 3542 1
2521 3542 2
2335 3542 1
2467 3542 1
3686 3542 1
3069 3542 1
3543 3542 24
1679 3542 1
1523 3542 1
2427 3542 1
2977 3542 1
2516 3542 1
2882 3542 2
3581 3542 2
2624 3542 2
3778 3542 1
3916 3542 1
1500 3542 1
1521 3542 1
3405 3543 13
3651 3543 14
3579 3543 2
2882 3544 2
2450 3544 1
2522 3544 1
3543 3544 12
3541 3544 1
2516 3544 1
3778 3544 1
1521 3544 1
3916 3544 1
2400 3544 1
3581 3544 2
3546 3545 1
1373 3547 1
1300 3547 1
1573 3547 1
1682 3547 1
3548 3547 26
3545 3547 1
3761 3547 20
1355 3547 1
3342 3548 20
3546 3548 7
1355 3549 1
1573 3549 1
1682 3549 1
1373 3549 1
3548 3549 28
3545 3549 1
2745 3549 1
3761 3549 20
1300 3549 1
1555 3550 1
3549 3550 28
3551 3550 29
3773 3551 4
2308 3551 1
3548 3551 28
3341 3551 1
2361 3552 1
3553 3552 30
3549 3552 28
2915 3552 1
3836 3553 14
3548 3553 28
3380 3553 4
2916 3553 1
3709 3553 1
3260 3553 3
3446 3554 4
3905 3556 11
3903 3556 1
3558 3557 1
3540 3559 1
3472 3560 1
2926 3561 1
1134 3561 1
2709 3561 1
2851 3561 1
1609 3561 1
2547 3561 1
2211 3561 1
2901 3561 1
1583 3561 1
3995 3561 1
3560 3561 1
3833 3561 1
2619 3561 1
3754 3561 1
3156 3561 20
2384 3561 1
2557 3561 1
2120 3561 4
3156 3562 2
3560 3562 1
3564 3563 2
3562 3563 2
3156 3564 3
3562 3565 2
3564 3565 3
4064 3565 1
1276 3566 1
1639 3566 1
3159 3566 16
2967 3566 1
2997 3566 1
3602 3566 1
1497 3566 1
1306 3566 1
3562 3566 2
1072 3566 1
2209 3566 1
2361 3566 1
2556 3566 1
2520 3566 1
1488 3567 1
3566 3567 15
2643 3567 2
3159 3567 19
1482 3567 1
2581 3568 1
3156 3568 3
1115 3568 1
3560 3568 1
3570 3569 1
3328 3569 1
3572 3571 1
1629 3573 1
3571 3573 1
1119 3573 1
3574 3573 6
3101 3573 1
1586 3573 1
2711 3573 1
3572 3574 10
4017 3574 1
3576 3575 1
3159 3577 46
2581 3577 1
1687 3577 1
3693 3577 16
2952 3577 2
1379 3577 1
3707 3577 13
2256 3577 3
2873 3577 1
3575 3577 1
1115 3577 1
3639 3577 4
3705 3577 11
2839 3577 1
2636 3577 2
3350 3578 4
3580 3579 3
3154 3579 4
3405 3581 2
4107 3582 1
1384 3582 3
3442 3582 5
1238 3583 1
3318 3583 18
2974 3583 1
3582 3583 5
2788 3583 11
3024 3583 1
4076 3584 12
3435 3584 17
3582 3584 5
3024 3585 1
3318 3585 6
3582 3585 5
3318 3586 6
3024 3586 1
3582 3586 5
3024 3587 1
3582 3587 5
3318 3587 6
3582 3588 5
3318 3588 6
3024 3588 1
3435 3589 11
3582 3589 5
2664 3589 3
1397 3589 3
3678 3590 8
3591 3590 13
3582 3590 5
3436 3591 16
3442 3591 5
3024 3592 1
3582 3592 5
1383 3592 2
3318 3592 12
2901 3592 1
2974 3592 1
1238 3592 1
2452 3592 1
2648 3592 2
2606 3593 1
3318 3593 7
3582 3593 5
1109 3593 1
3024 3594 1
3582 3594 5
1238 3594 1
3318 3594 10
1383 3594 2
2974 3594 1
2452 3594 1
2664 3595 3
1397 3595 3
3582 3595 5
3435 3595 11
4129 3596 11
3582 3596 5
2379 3596 3
3435 3596 25
2664 3596 3
4099 3596 3
3591 3597 16
4129 3597 11
3582 3597 5
2664 3598 3
3582 3598 5
4099 3598 3
3435 3598 11
3529 3599 1
3252 3600 1
3600 3601 1
1194 3601 1
1693 3601 1
1287 3601 1
2535 3601 1
2243 3601 1
1462 3601 1
2403 3601 1
3017 3601 3
2996 3601 1
3242 3601 13
1598 3601 1
3603 3602 2
1587 3602 1
2413 3603 2
3613 3612 1
1074 3614 1
2529 3614 6
3981 3614 1
2554 3614 1
1185 3614 2
2723 3614 4
1467 3614 1
3615 3614 24
1096 3614 1
3733 3614 4
3176 3614 1
4016 3614 1
3612 3614 1
3700 3615 4
3887 3615 6
3494 3615 2
4017 3615 1
2555 3615 1
4104 3615 1
3734 3615 4
3613 3615 2
3175 3615 2
3982 3615 1
3426 3617 1
3619 3618 1
2908 3620 1
2717 3620 2
1542 3620 1
3621 3620 6
3618 3620 1
3394 3621 4
2767 3621 2
3619 3621 3
2766 3621 1
2129 3622 5
3618 3622 1
2908 3622 1
1542 3622 1
3621 3622 9
3622 3623 9
3624 3623 9
2126 3624 7
2124 3624 6
3905 3624 9
3621 3624 9
3394 3624 4
3660 3624 6
3906 3625 9
3624 3625 21
2130 3625 6
2123 3625 6
3622 3625 9
2125 3625 7
2123 3626 6
2130 3626 6
3624 3626 18
3906 3626 9
3622 3626 9
2497 3627 1
1564 3627 1
3622 3627 9
1509 3627 1
3368 3627 13
1157 3627 1
3629 3628 1
3206 3629 5
2828 3630 1
1170 3630 2
2656 3630 1
3942 3630 1
2898 3630 1
2792 3630 4
2979 3630 1
1128 3630 1
3922 3630 1
3023 3630 1
4054 3630 1
2859 3630 1
1326 3630 1
2628 3630 9
1471 3630 1
2544 3630 1
2831 3630 1
1364 3630 1
3719 3630 1
2589 3630 1
2201 3630 1
1560 3630 1
2630 3630 1
3636 3630 4
3380 3630 45
2879 3630 1
2662 3630 1
2491 3630 1
1346 3630 1
1381 3630 1
3634 3630 1
3628 3630 1
1129 3630 1
2485 3630 1
3380 3631 23
1364 3631 1
1326 3631 1
2628 3631 9
2792 3631 4
3628 3631 1
2979 3631 1
2831 3631 1
1170 3631 2
3922 3631 1
1346 3631 1
2630 3631 1
2981 3632 1
3032 3632 1
1253 3632 1
2901 3632 1
2979 3632 1
2243 3632 1
1105 3632 1
2983 3632 1
2416 3632 1
2720 3632 1
1401 3632 1
2831 3632 1
4095 3632 1
1376 3632 1
2991 3632 1
1606 3632 1
4067 3632 7
1245 3632 1
3249 3632 26
3628 3632 1
2196 3632 1
3207 3633 4
3635 3634 1
3637 3635 5
3634 3636 1
3637 3636 4
2859 3636 1
4054 3636 1
2382 3637 5
3348 3637 5
3207 3637 12
4055 3637 5
2225 3637 1
3380 3637 5
3720 3637 5
3215 3637 5
3385 3637 5
3635 3637 5
3371 3637 5
3642 3637 5
3634 3638 1
4054 3638 1
3377 3638 3
3489 3639 4
3638 3639 3
3639 3640 4
4125 3640 5
3503 3640 9
3642 3641 12
4054 3641 1
2485 3641 1
1128 3641 1
2828 3641 1
2662 3641 1
1560 3641 1
2544 3641 1
3634 3641 1
2589 3641 1
2898 3641 1
3720 3642 6
3635 3642 5
4055 3642 5
2113 3642 9
3489 3642 10
2915 3643 1
3644 3643 26
1400 3643 1
2511 3643 1
2525 3643 2
1340 3643 1
2588 3643 1
4066 3643 5
3012 3643 1
3641 3643 12
1215 3643 1
3938 3644 1
2181 3644 1
3642 3644 12
3416 3644 5
3537 3644 4
3976 3644 3
2916 3644 4
1215 3645 1
1400 3645 1
3644 3645 19
2915 3645 1
2525 3645 2
3641 3645 12
3645 3646 18
3156 3646 19
2656 3647 1
3634 3647 1
2859 3647 1
2879 3647 1
1471 3647 1
2589 3647 1
3719 3647 1
4054 3647 1
2544 3647 1
2961 3647 1
1381 3647 1
3207 3647 20
1128 3647 1
3023 3647 1
1560 3647 1
2898 3647 1
2485 3647 1
2828 3647 1
2224 3647 1
1129 3647 1
2662 3647 1
3556 3648 13
3905 3648 2
3801 3648 2
3928 3648 1
2369 3648 4
3650 3649 1
3446 3650 4
3407 3651 1
3406 3651 1
3408 3651 1
3652 3651 1
3651 3652 12
3653 3652 4
3238 3652 3
2406 3654 1
3215 3654 12
2345 3654 9
3645 3654 1
3656 3655 1
3658 3657 6
3655 3657 1
1333 3657 1
3977 3657 1
1075 3657 1
1648 3657 1
3178 3658 4
3260 3658 1
3656 3658 6
3657 3659 6
3260 3659 6
2841 3660 1
2766 3660 1
3394 3660 4
3661 3660 2
3663 3662 1
3206 3663 5
3665 3664 1
3253 3665 5
3839 3666 1
3664 3666 1
3253 3666 5
1145 3666 1
2311 3666 1
3668 3667 4
3207 3669 4
3489 3669 1
1318 3670 1
2924 3670 1
1358 3670 1
3253 3670 6
2949 3670 1
3508 3671 1
3189 3672 45
2281 3672 1
4026 3672 39
1610 3672 1
2523 3672 1
1452 3672 1
1261 3673 1
1236 3673 1
1281 3673 1
2645 3673 1
2568 3673 1
3022 3673 1
2435 3673 1
2347 3673 1
4032 3673 49
3790 3673 3
1688 3673 1
4033 3673 40
4026 3673 39
2222 3673 1
2546 3673 5
3189 3673 65
3672 3673 1
1242 3673 1
3032 3673 1
1426 3673 1
3675 3674 1
2312 3675 2
1343 3675 1
1174 3676 1
3437 3676 3
3674 3676 1
3676 3677 3
3437 3677 4
3677 3678 4
1397 3678 3
3436 3678 8
3680 3679 5
1677 3679 1
3677 3679 4
4096 3680 1
3437 3680 11
2789 3680 11
3207 3680 3
4089 3680 4
2314 3680 1
3308 3680 5
3206 3680 2
4002 3680 1
3857 3680 1
2357 3680 2
3853 3680 1
2288 3680 1
2453 3680 2
2409 3680 1
2244 3680 1
3554 3681 1
3077 3682 2
3683 3682 3
2469 3683 3
2388 3683 3
3685 3684 3
3651 3686 1
3686 3687 1
1685 3687 1
2516 3687 1
3886 3687 1
1269 3687 1
3688 3687 5
3887 3688 1
2140 3688 3
3087 3688 2
2285 3688 1
3652 3688 1
3064 3688 1
3651 3688 1
2405 3688 1
3405 3688 1
3394 3688 4
1685 3689 1
3886 3689 1
3688 3689 5
2516 3689 1
1269 3689 1
3686 3689 1
3086 3690 1
2892 3690 1
3886 3690 1
1529 3690 1
1685 3690 1
3688 3690 17
2139 3690 1
2284 3690 1
2120 3690 4
3686 3690 1
1382 3690 1
1269 3690 1
1422 3690 1
2516 3690 1
3692 3691 19
3690 3691 17
2558 3691 1
3151 3692 1
3688 3692 17
4010 3693 3
2977 3693 1
3069 3693 1
2335 3693 1
1627 3693 1
2521 3693 2
3652 3693 16
2624 3693 2
3085 3693 1
2427 3693 1
1623 3693 1
3686 3693 1
3137 3694 37
3864 3694 7
2404 3694 15
3693 3694 16
1269 3694 1
1185 3695 2
3258 3695 33
3693 3695 16
2404 3695 15
3406 3696 17
3941 3696 1
3693 3696 16
3629 3698 1
3700 3699 1
3343 3700 4
2342 3700 5
3699 3701 1
3166 3701 3
3388 3701 1
3703 3702 1
2397 3703 8
3537 3703 1
3915 3704 1
1124 3704 2
1302 3704 1
3648 3704 5
2617 3705 1
3648 3705 11
2368 3705 1
1421 3705 1
2826 3705 1
3704 3705 5
2595 3705 1
1536 3706 1
1279 3706 1
2952 3706 2
3159 3706 29
1667 3706 1
2889 3706 1
2475 3706 1
1379 3706 1
4020 3706 1
1115 3706 1
2256 3706 3
3705 3706 11
1503 3706 1
2581 3706 1
1353 3706 1
3096 3706 2
2610 3706 1
3648 3707 13
3705 3707 11
1495 3707 1
3709 3708 1
2362 3710 2
3708 3710 1
3553 3710 4
3710 3711 4
3328 3711 5
1228 3711 1
3420 3712 2
3848 3712 1
3712 3713 2
3714 3713 22
3761 3713 20
2965 3714 3
3769 3714 2
3342 3714 20
3503 3714 4
3420 3714 4
3714 3715 23
1594 3715 1
3761 3715 20
3712 3715 2
3328 3716 12
2867 3716 1
2130 3716 6
1498 3716 1
3712 3716 2
2959 3716 1
2600 3716 1
3030 3717 1
3712 3717 2
2392 3717 2
3502 3717 6
2391 3717 1
3502 3718 6
3717 3718 6
3720 3719 1
3637 3720 5
3023 3721 1
1129 3721 1
2656 3721 1
1381 3721 1
3642 3721 6
3719 3721 1
3348 3722 6
3719 3722 1
2656 3722 1
1381 3722 1
1129 3722 1
2859 3722 1
3722 3723 6
2226 3723 1
3792 3723 1
2961 3723 1
3232 3723 12
2224 3723 1
3054 3723 1
2485 3724 1
2589 3724 1
1128 3724 1
2662 3724 1
1129 3724 1
1560 3724 1
2544 3724 1
3719 3724 1
2828 3724 1
3637 3724 13
2898 3724 1
1381 3724 1
2656 3724 1
3724 3725 13
1378 3725 1
3371 3725 16
1173 3725 1
2828 3726 1
2662 3726 1
3719 3726 1
1128 3726 1
2656 3726 1
2485 3726 1
1560 3726 1
1381 3726 1
3637 3726 11
2898 3726 1
1129 3726 1
1646 3727 1
2975 3727 1
3726 3727 11
3385 3727 14
1281 3728 1
3189 3728 17
3726 3728 11
1244 3728 1
2607 3728 1
1268 3728 1
2975 3728 1
2519 3729 2
3215 3729 37
3115 3729 1
2719 3729 1
1202 3729 1
2600 3729 1
2193 3729 5
2856 3729 1
3728 3729 17
1263 3729 1
2635 3729 5
1697 3729 1
1438 3729 1
3432 3730 1
3151 3731 1
3730 3731 1
3434 3732 1
2988 3733 1
4106 3733 1
3732 3733 1
3734 3733 4
3434 3734 3
2405 3734 4
3343 3734 4
2510 3734 3
3733 3735 4
1155 3735 1
1547 3735 1
2495 3735 1
2744 3735 1
3979 3735 1
3736 3735 22
3049 3735 1
1234 3735 1
1142 3735 1
2639 3735 1
1197 3735 1
2529 3735 6
1455 3735 1
1657 3736 1
3980 3736 12
3734 3736 4
3887 3736 6
1428 3737 1
3736 3737 24
3735 3737 22
3739 3738 24
3737 3738 24
3736 3739 24
3737 3740 24
3739 3740 24
3735 3741 22
3742 3741 22
3734 3742 1
3736 3742 22
3746 3742 7
2999 3743 1
2723 3743 4
3733 3743 4
3744 3743 19
2462 3743 2
2529 3743 6
1185 3743 2
3734 3744 4
2324 3744 1
3990 3744 3
3921 3744 2
3180 3744 1
4017 3744 1
3168 3744 1
3700 3744 4
3887 3744 6
2320 3744 7
3494 3744 2
3746 3745 4
3733 3745 4
3887 3746 6
3734 3746 4
3746 3747 10
3733 3747 4
2529 3747 6
3746 3748 4
3733 3748 4
3733 3749 4
2529 3749 6
3746 3749 10
3733 3750 4
3746 3750 4
3746 3751 4
3733 3751 4
1185 3752 2
3733 3752 4
2554 3752 1
3615 3752 21
4016 3752 1
2529 3752 6
1467 3752 1
2723 3752 4
3981 3752 1
3426 3753 1
3755 3754 1
3207 3755 4
3754 3756 1
2213 3756 1
2511 3756 1
3416 3756 4
3418 3757 5
3756 3757 4
3757 3758 5
4125 3758 5
3332 3758 10
3760 3759 1
3546 3760 1
3180 3760 4
1212 3761 1
2706 3761 1
1514 3761 1
3094 3761 1
1361 3761 1
1118 3761 1
1078 3761 1
3994 3761 1
1087 3761 1
2195 3761 1
4073 3761 1
2337 3761 1
1186 3761 1
3759 3761 1
4050 3761 1
1572 3761 1
1070 3761 1
3342 3761 20
2417 3761 1
1447 3761 1
2746 3762 2
3342 3762 22
3761 3762 20
1682 3763 1
1300 3763 1
3548 3763 22
3761 3763 20
2973 3764 1
3279 3764 23
3761 3764 20
2608 3764 1
1454 3764 1
3761 3765 20
3548 3765 20
3761 3766 20
3548 3766 21
1682 3766 1
3761 3767 20
3548 3767 21
1682 3767 1
3714 3768 22
3059 3768 1
3761 3768 20
3771 3770 1
3770 3772 1
3918 3772 1
2417 3772 1
1186 3772 1
1513 3772 1
3773 3772 5
3771 3773 4
2308 3773 1
3760 3773 1
3430 3774 1
1395 3775 1
1669 3775 1
3070 3775 1
3128 3775 10
2769 3775 1
1622 3775 1
1415 3775 1
4074 3775 1
3774 3775 1
1465 3775 1
3013 3775 1
3128 3776 9
1622 3776 1
1465 3776 1
2769 3776 1
3774 3776 1
1669 3776 1
1395 3776 1
4074 3776 1
1415 3776 1
3013 3776 1
1415 3777 1
3128 3777 14
3962 3777 1
3070 3777 1
2684 3777 1
3774 3777 1
2769 3777 1
1622 3777 1
4074 3777 1
1465 3777 1
1689 3777 1
3013 3777 1
1669 3777 1
1395 3777 1
3405 3778 1
3085 3779 1
3778 3779 1
2400 3779 1
1611 3779 1
2427 3779 1
3069 3779 1
3543 3779 9
1623 3779 1
3916 3779 1
2450 3779 1
3685 3780 3
3782 3781 1
2236 3782 1
3859 3782 1
3784 3782 1
4010 3783 3
1154 3783 1
1259 3783 1
1085 3783 1
3781 3783 1
2325 3783 1
2920 3783 1
1579 3783 1
3784 3783 11
3988 3784 1
3782 3784 7
3428 3784 1
3238 3784 3
3633 3784 2
3784 3785 14
1468 3785 1
2333 3785 1
2233 3785 1
2920 3785 1
1392 3785 1
3783 3785 11
3785 3786 14
3787 3786 14
3784 3787 14
1397 3788 3
1081 3788 1
1567 3788 1
3306 3788 6
3253 3789 5
3791 3790 4
2443 3790 2
2199 3791 3
2438 3791 3
3508 3792 1
3430 3793 1
1674 3794 1
2444 3794 1
2944 3794 1
1330 3794 1
2572 3794 1
1570 3794 1
2993 3794 1
3793 3794 1
3128 3794 9
3975 3794 1
3796 3795 1
3795 3797 1
1225 3797 1
3798 3797 2
3796 3798 3
3961 3799 1
1591 3799 1
3034 3799 1
3260 3799 5
2623 3799 1
3801 3800 3
3256 3801 1
2577 3801 4
3863 3801 1
2956 3802 2
1503 3802 1
3257 3802 10
1231 3802 1
3800 3802 3
3048 3802 1
3020 3802 1
3540 3804 1
2896 3805 1
3227 3805 23
2693 3805 1
1293 3805 1
3804 3805 1
2404 3805 15
3018 3805 1
2843 3805 1
1690 3805 1
1617 3805 1
3117 3806 1
3808 3807 3
1343 3807 1
3875 3807 2
3432 3809 1
1525 3810 1
3816 3810 7
2143 3810 1
1528 3810 1
3809 3810 1
2856 3810 1
1670 3810 1
1588 3810 1
3144 3810 12
4024 3810 1
3810 3811 12
2143 3811 1
3032 3811 1
3812 3811 14
3004 3811 1
4137 3812 1
3215 3812 1
3144 3812 48
3195 3812 1
4025 3812 2
1307 3812 1
3195 3813 13
3810 3813 12
3815 3814 13
3813 3814 13
4026 3814 39
3195 3814 50
3195 3815 13
3810 3815 12
2829 3816 1
3809 3816 1
2853 3816 1
1525 3816 1
3151 3816 7
1588 3816 1
1528 3816 1
3198 3817 11
3816 3817 7
2494 3817 1
1517 3817 1
2857 3817 1
2591 3817 1
1275 3818 2
3816 3818 7
3819 3818 10
1319 3818 1
3198 3818 13
1117 3819 1
1525 3819 1
3816 3819 7
1528 3819 1
3198 3819 10
1588 3819 1
1408 3819 1
3821 3820 1
1362 3822 1
3820 3822 1
3823 3822 2
2605 3823 3
3821 3823 6
3205 3824 1
3189 3825 1
3144 3825 1
3195 3825 1
3430 3826 1
3128 3827 4
3826 3827 1
3162 3827 1
3925 3827 1
1590 3827 1
3168 3828 1
2999 3829 1
1586 3829 1
3828 3829 1
1299 3829 1
1196 3829 1
3744 3829 6
3829 3830 6
3744 3830 6
3829 3831 6
3744 3831 6
3660 3832 1
3834 3833 1
2983 3835 1
3836 3835 14
2926 3835 1
3995 3835 1
2851 3835 1
2981 3835 1
1583 3835 1
3833 3835 1
2123 3835 6
2423 3836 1
2124 3836 6
3834 3836 6
2561 3836 1
2361 3837 1
3553 3837 16
2915 3837 1
3835 3837 14
3835 3838 14
2256 3838 3
3553 3838 18
2361 3838 1
3665 3839 1
3839 3840 1
1694 3840 1
1192 3840 1
1601 3840 1
2295 3840 1
1701 3840 1
2798 3840 1
1110 3840 1
1339 3840 1
2877 3840 1
2311 3840 1
3253 3840 12
1383 3841 1
3807 3841 2
3442 3842 4
1655 3842 1
1364 3842 1
3841 3842 2
3844 3843 1
3117 3845 1
3845 3846 1
3119 3846 2
2100 3846 1
3426 3847 1
3874 3848 1
2208 3848 1
2647 3848 1
2923 3848 1
2876 3848 1
2855 3848 3
2530 3848 7
3040 3848 1
3847 3848 1
2543 3848 3
1632 3848 1
2620 3848 4
2336 3848 3
3989 3848 1
2458 3848 1
2957 3848 1
2962 3848 1
1571 3848 1
2671 3848 3
3215 3848 38
3850 3849 1
1534 3851 1
2412 3851 1
4077 3851 1
4086 3851 1
1549 3851 1
1420 3851 1
3068 3851 1
2377 3851 1
2283 3851 1
1432 3851 1
1133 3851 1
3455 3851 47
2339 3851 1
1233 3851 1
1475 3851 1
1702 3851 1
3037 3851 1
1256 3851 1
2349 3851 1
2633 3851 1
1165 3851 1
2832 3851 1
2774 3851 1
1543 3851 1
2905 3851 1
3849 3851 1
3063 3851 1
1675 3851 1
1575 3851 1
2690 3851 1
3084 3851 1
2861 3851 1
2976 3851 1
1406 3851 1
1522 3851 1
1499 3851 1
2756 3851 1
2248 3851 1
2797 3851 1
1427 3851 1
1258 3851 1
1312 3851 1
3991 3851 1
2202 3851 1
1332 3851 1
1232 3851 1
3053 3851 1
1169 3851 1
3853 3852 1
1418 3854 1
4070 3854 1
2818 3854 1
1567 3854 1
3645 3854 1
2689 3854 1
1463 3854 1
1069 3854 1
4009 3854 3
3855 3854 37
2230 3854 1
1342 3854 1
2421 3854 1
4126 3854 1
4125 3854 5
2313 3854 1
1644 3854 1
1323 3854 1
3852 3854 1
2628 3854 9
2762 3854 1
1520 3854 1
1479 3854 1
1170 3854 2
3418 3855 16
2821 3855 1
3853 3855 9
1562 3855 1
2562 3855 1
1220 3855 1
3517 3855 1
3807 3855 1
2314 3855 1
3275 3855 1
3093 3855 1
2098 3855 1
3644 3855 2
3537 3855 3
1510 3855 1
2819 3855 1
1450 3855 1
3857 3856 1
1614 3858 1
2897 3858 1
1113 3858 1
3856 3858 1
4019 3858 1
2356 3858 1
1677 3858 1
3024 3858 1
3460 3858 11
3046 3858 1
1081 3858 1
1567 3858 1
3258 3860 9
3258 3861 5
3259 3862 8
3928 3863 7
3862 3863 7
3263 3863 3
3260 3863 3
3262 3863 3
3801 3863 2
3645 3864 1
4010 3864 3
3156 3864 7
2204 3864 2
3540 3865 1
1589 3866 1
3865 3866 1
1260 3866 1
1209 3866 1
3227 3866 8
1097 3866 1
1681 3866 1
2613 3866 1
3071 3866 1
3868 3867 1
2622 3869 1
3310 3869 3
3867 3869 1
1461 3869 1
3644 3870 8
2511 3870 1
4066 3870 5
3872 3871 1
3350 3873 4
3426 3874 1
3117 3876 1
2373 3878 1
3877 3878 1
3880 3879 3
2948 3879 1
2142 3879 2
3883 3881 6
3879 3881 3
2142 3881 2
3885 3881 4
3880 3881 6
3883 3882 6
3880 3882 6
2142 3882 2
3885 3882 4
3879 3882 3
2948 3883 1
3882 3883 6
3880 3883 6
3883 3884 6
3880 3884 6
3880 3885 4
3879 3885 3
2948 3885 1
3887 3886 1
2405 3887 4
3343 3887 4
2528 3887 5
1382 3888 1
3028 3888 1
3086 3888 1
1422 3888 1
2284 3888 1
1269 3888 1
3886 3888 1
3688 3888 8
1685 3888 1
1529 3889 1
3886 3889 1
3688 3889 2
3430 3890 1
3890 3891 1
3128 3891 1
3893 3892 1
3117 3894 1
1093 3895 1
1284 3895 1
2573 3895 1
3119 3895 15
3894 3895 1
2526 3895 1
1099 3895 1
2862 3895 1
3098 3895 1
2194 3895 1
1692 3895 1
1666 3895 1
4018 3895 1
2941 3895 1
1676 3895 1
3668 3896 4
3668 3897 4
3668 3898 4
3668 3899 4
3668 3900 4
3668 3901 4
3903 3902 1
3902 3904 1
1124 3904 2
3905 3904 6
1353 3904 1
2889 3904 1
2767 3905 2
3394 3905 4
2766 3905 1
3903 3905 3
3902 3906 1
3905 3906 9
2120 3906 4
1600 3906 1
2889 3906 1
1353 3906 1
3556 3907 13
3906 3907 9
2712 3907 1
1124 3907 2
3906 3908 9
3556 3908 10
1125 3909 3
1495 3909 1
3648 3909 15
3908 3909 10
2368 3909 1
3906 3910 9
3368 3910 9
3430 3911 1
1164 3912 1
3128 3912 4
1203 3912 1
3911 3912 1
3171 3912 1
3914 3913 2
1352 3913 1
3801 3915 1
3405 3916 1
3916 3917 1
3543 3917 4
2427 3917 1
1500 3917 1
1679 3917 1
3771 3918 1
2559 3919 3
3151 3919 5
1574 3919 1
1545 3920 1
2263 3920 3
3919 3920 5
2401 3920 1
3195 3920 53
2971 3920 1
2753 3920 3
4026 3920 39
3343 3921 4
2461 3921 1
3923 3922 1
3350 3923 4
2925 3924 1
3439 3924 4
3922 3924 1
1278 3924 2
3430 3925 1
2616 3926 1
3260 3926 2
2668 3927 2
3926 3927 2
2256 3927 3
3260 3927 7
3863 3928 1
3469 3929 4
2534 3929 1
2505 3930 1
1550 3930 1
2942 3930 1
2922 3930 1
3108 3930 1
1444 3930 1
3929 3930 4
1656 3930 1
3469 3930 12
2238 3930 1
3933 3931 1
3932 3931 3
3262 3931 1
2469 3931 2
3616 3934 1
3936 3935 1
3935 3937 1
2611 3937 1
1541 3937 1
3139 3937 4
1451 3937 1
3207 3938 4
3619 3939 1
3939 3940 1
3091 3940 1
3368 3940 4
2712 3940 1
1699 3940 1
3184 3941 1
3629 3942 1
2224 3943 1
2287 3943 1
3023 3943 1
2201 3943 1
2987 3943 1
1471 3943 1
2879 3943 1
2491 3943 1
2961 3943 1
3942 3943 1
3380 3943 10
3945 3944 2
1158 3944 1
3945 3946 2
3944 3946 2
3117 3951 1
3187 3952 1
3537 3953 4
2481 3953 1
3955 3954 1
3954 3956 1
2765 3956 1
1705 3956 1
3957 3956 4
2704 3956 1
3955 3957 4
3957 3958 2
3954 3958 1
2765 3958 1
3957 3959 2
1705 3959 1
3954 3959 1
3603 3960 1
3256 3961 1
3616 3962 1
3273 3963 2
3962 3963 1
1689 3963 1
3508 3964 1
3966 3965 1
3968 3966 1
3968 3967 2
3965 3967 1
1446 3967 1
3966 3968 1
3965 3969 1
3968 3969 2
1446 3969 1
3965 3970 1
3968 3970 2
1446 3970 1
3965 3971 1
3968 3971 2
1446 3971 1
3432 3972 1
3972 3973 1
3151 3973 2
1559 3973 1
3972 3974 1
3151 3974 1
3430 3975 1
3489 3976 5
3656 3977 1
3062 3978 1
3149 3978 4
3126 3978 1
3980 3979 1
1636 3980 1
3982 3981 1
3343 3982 4
1178 3983 1
3424 3983 2
3983 3984 2
1337 3984 2
2332 3984 2
3985 3984 6
2216 3985 8
3424 3985 3
3478 3986 1
3088 3987 1
2938 3987 2
3232 3987 4
3242 3988 1
3429 3988 3
4047 3988 1
3784 3988 1
3159 3988 1
3426 3989 1
3992 3991 1
3760 3994 1
3834 3995 1
2851 3996 1
3110 3996 1
3836 3996 4
1583 3996 1
3995 3996 1
3110 3997 1
3836 3997 4
3995 3997 1
1583 3997 1
2851 3997 1
3928 3998 4
3863 3999 6
3998 3999 4
2929 3999 2
3508 4000 1
4000 4001 1
3253 4001 3
2953 4001 1
4004 4003 4
2258 4004 1
3517 4006 1
3430 4007 1
2517 4008 1
3145 4008 1
3128 4008 6
2488 4008 1
1311 4008 1
2366 4008 1
4007 4008 1
1340 4009 1
3537 4009 3
3645 4009 1
1392 4010 1
2233 4010 1
3238 4010 3
3652 4011 3
4010 4011 3
3868 4012 1
4012 4013 1
1405 4013 1
2788 4013 11
3310 4013 16
3089 4013 1
2777 4013 1
1435 4013 1
1435 4014 1
3089 4014 1
1405 4014 1
2777 4014 1
4012 4014 1
3310 4014 5
1124 4015 2
3368 4015 3
4017 4016 1
2805 4017 2
1603 4017 1
3117 4018 1
3857 4019 1
3576 4020 1
3868 4021 1
2343 4022 1
1249 4022 1
2240 4022 1
1372 4022 1
1229 4022 1
4021 4022 1
3109 4022 1
1430 4022 1
1642 4022 1
3310 4022 13
2536 4022 1
2718 4022 1
1271 4022 1
3310 4023 13
4022 4023 13
4025 4024 1
3207 4025 4
3144 4026 39
1425 4026 1
1341 4026 1
1419 4026 1
1456 4026 1
1101 4026 1
1255 4026 1
2890 4026 1
2793 4026 1
4024 4026 1
2950 4026 1
1268 4026 1
2867 4026 1
1245 4026 1
1380 4026 1
3004 4026 1
1440 4026 1
2650 4026 1
2242 4026 1
2205 4026 1
1412 4026 1
2222 4026 1
2687 4026 1
1195 4026 1
1659 4026 1
1544 4026 1
1357 4026 1
1680 4026 1
1670 4026 1
1242 4026 1
1217 4026 1
1651 4026 1
2607 4026 1
1222 4026 1
2564 4026 1
1244 4026 1
2143 4026 1
3032 4026 1
1426 4026 1
3812 4027 40
4026 4027 39
4026 4028 39
1688 4028 1
2435 4028 1
1426 4028 1
2568 4028 1
4033 4028 40
1236 4028 1
2347 4028 1
3189 4028 64
1242 4028 1
1281 4028 1
2645 4028 1
1261 4028 1
2546 4028 5
4032 4028 49
3790 4028 3
2687 4028 1
3022 4028 1
3032 4028 1
2435 4029 1
2546 4029 5
1281 4029 1
1242 4029 1
2347 4029 1
3022 4029 1
1236 4029 1
3189 4029 64
1688 4029 1
3790 4029 3
4033 4029 40
2645 4029 1
4026 4029 39
1261 4029 1
2568 4029 1
1426 4029 1
4032 4029 49
4026 4030 39
3812 4030 40
4030 4031 40
1177 4031 1
1319 4031 1
4026 4031 39
4051 4031 1
3200 4031 46
1631 4031 1
2390 4031 2
3022 4032 1
1101 4032 1
1394 4032 1
1222 4032 1
2696 4032 3
1071 4032 1
3032 4032 1
4026 4032 39
2695 4032 1
1491 4032 1
2471 4032 1
1261 4032 1
1631 4032 1
2242 4032 1
3195 4032 49
4026 4033 39
3195 4033 40
4049 4034 1
2432 4034 1
1414 4034 1
1319 4034 1
1317 4034 1
1654 4034 1
3200 4034 45
4026 4034 39
1319 4035 1
4051 4035 1
1634 4035 1
2390 4035 2
3200 4035 45
4026 4035 39
1177 4035 1
1221 4038 1
4039 4038 3
3144 4042 1
3126 4042 1
3147 4042 4
4043 4042 1
3992 4044 1
4046 4045 1
4044 4045 1
3992 4046 1
3455 4046 4
3193 4049 1
3760 4050 1
3812 4051 1
4051 4052 1
1659 4052 1
2390 4052 2
3200 4052 4
3200 4053 4
3032 4053 1
4051 4053 1
2143 4053 1
3004 4053 1
4055 4054 1
3637 4055 5
4057 4056 2
3066 4056 1
1198 4057 1
2273 4057 6
4059 4058 1
2462 4060 2
1370 4060 1
1144 4060 1
1548 4060 1
2515 4060 1
3003 4060 1
1460 4060 1
4061 4060 10
1199 4060 1
4058 4060 1
4059 4061 8
3921 4061 2
3253 4062 2
1694 4062 1
4062 4063 2
2784 4063 2
3253 4063 4
3156 4064 1
3564 4065 1
4064 4065 1
2331 4066 1
3416 4066 5
2211 4066 1
1336 4066 1
3221 4067 7
2130 4067 6
2678 4068 8
3350 4068 1
2679 4068 8
2677 4068 8
3703 4069 1
3853 4070 1
4072 4071 1
3760 4073 1
3430 4074 1
2182 4075 1
2218 4075 1
2383 4076 5
4136 4076 6
3436 4076 12
3850 4077 1
4079 4078 3
3205 4080 1
4082 4081 4
4084 4083 4
2954 4083 2
3187 4084 3
4046 4086 3
2410 4087 7
4086 4087 3
2675 4087 2
3455 4087 18
2248 4087 3
2274 4087 3
2788 4088 11
4086 4088 1
2778 4088 1
4089 4088 13
3308 4089 12
4046 4089 1
2789 4089 11
2092 4089 1
2453 4089 1
2411 4089 1
4091 4090 2
1476 4090 1
2817 4091 1
2796 4091 2
1343 4091 1
2350 4092 1
3209 4092 5
4090 4092 2
3198 4093 5
1476 4093 1
1319 4093 1
4092 4093 4
1319 4094 1
1476 4094 1
3198 4094 5
4092 4094 4
4096 4095 1
3207 4096 4
3495 4098 1
3440 4099 3
2830 4099 1
4098 4099 1
3495 4100 2
4098 4100 1
2792 4101 4
2352 4101 1
4100 4101 2
3440 4101 7
3683 4102 1
3683 4103 1
4102 4103 1
3343 4104 4
3430 4105 1
3434 4106 1
4108 4107 1
3350 4108 4
1198 4109 1
4110 4109 4
2528 4109 1
4112 4109 3
4109 4110 3
4111 4110 5
2273 4110 6
3508 4113 1
3572 4114 1
3574 4115 6
2921 4115 1
2980 4115 1
4114 4115 1
1586 4115 1
2946 4115 1
3102 4115 1
3576 4116 1
3253 4117 5
3807 4118 2
1383 4118 1
4118 4119 2
3442 4119 2
3802 4120 1
3260 4120 2
3260 4121 4
1191 4121 1
4120 4121 2
4121 4122 4
3260 4122 4
3168 4123 1
2859 4124 1
3642 4124 2
4124 4125 2
2096 4125 1
3418 4125 5
3012 4125 1
3853 4126 1
4126 4127 1
3437 4127 2
2631 4128 4
3437 4128 7
4127 4128 2
1397 4129 3
3436 4129 11
4128 4129 7
1580 4130 1
1081 4130 1
1403 4130 1
1598 4130 1
2279 4130 11
2356 4130 1
1677 4130 1
1113 4130 1
4129 4130 11
1265 4130 1
1463 4130 1
3308 4130 41
1567 4130 1
4126 4130 1
2788 4130 11
4126 4131 1
1677 4131 1
3308 4131 23
1081 4131 1
1113 4131 1
1312 4131 1
1580 4131 1
1567 4131 1
2274 4131 3
2356 4131 1
2897 4131 1
1265 4131 1
4129 4131 11
1580 4132 1
4126 4132 1
2356 4132 1
1265 4132 1
1677 4132 1
2897 4132 1
1113 4132 1
1081 4132 1
4129 4132 11
3308 4132 19
1567 4132 1
2356 4133 1
1081 4133 1
4126 4133 1
1312 4133 1
3308 4133 19
4129 4133 11
1677 4133 1
1113 4133 1
1265 4133 1
1580 4133 1
1567 4133 1
1265 4134 1
4129 4134 11
4126 4134 1
1580 4134 1
1677 4134 1
1081 4134 1
1312 4134 1
1113 4134 1
2356 4134 1
3308 4134 19
1567 4134 1
2316 4135 8
2271 4135 1
1113 4135 1
2356 4135 1
4126 4135 1
3680 4135 28
4128 4135 7
2788 4135 11
1677 4135 1
4127 4136 2
1397 4136 3
3436 4136 6
3207 4137 4
3850 4138 1
2092 4139 1
4138 4139 1
