1206 1207 3
1206 1208 3
1206 1209 3
1218 1209 1
1213 1210 1
1210 1211 4
1213 1212 1
1217 1213 3
1233 1214 1
1236 1214 1
1215 1214 4
1231 1214 1
1212 1214 1
1213 1215 1
1211 1215 1
1218 1215 2
1212 1216 1
1210 1216 1
1219 1218 3
1232 1218 1
1207 1220 1
1220 1221 1
1222 1221 1
1207 1222 1
1211 1222 1
1218 1222 1
1223 1224 1
1223 1225 1
1223 1226 1
1223 1227 1
1223 1228 1
1223 1229 1
1218 1231 1
1211 1233 1
1233 1234 1
1222 1234 1
1211 1235 1
1233 1235 1
1218 1236 1
1236 1237 1
1222 1237 1
1236 1238 1
1222 1238 1
1236 1239 1
1209 1239 1
