5664 5638 2
5638 5639 128
5690 5639 1
9583 5639 1
5703 5639 1
9577 5639 1
9619 5639 1
9625 5639 1
9561 5639 1
5665 5639 1
9580 5639 1
9571 5639 1
5685 5639 1
5705 5639 1
9595 5639 1
9606 5639 1
9626 5639 1
5674 5639 1
9586 5639 1
5684 5639 1
9558 5639 1
9622 5639 1
9616 5639 1
5696 5639 1
5689 5639 1
9564 5639 1
9569 5639 1
5740 5639 1
5698 5639 1
5707 5639 1
5694 5639 1
9584 5639 1
9579 5639 1
5670 5639 1
5673 5639 1
9620 5639 1
9566 5639 1
9581 5639 1
9568 5639 1
5666 5639 1
9615 5639 1
5734 5639 1
5699 5639 1
9610 5639 1
9576 5639 1
5724 5639 1
9604 5639 1
5697 5639 1
5687 5639 1
5663 5639 1
5728 5639 1
5667 5639 1
5681 5639 1
5668 5639 1
5732 5639 1
9607 5639 1
9556 5639 1
5723 5639 1
9609 5639 1
5727 5639 1
9590 5639 1
9582 5639 1
5738 5639 1
9592 5639 1
9578 5639 1
5716 5639 1
9563 5639 1
9621 5639 1
5704 5639 1
5676 5639 1
9557 5639 1
9559 5639 1
5688 5639 1
9614 5639 1
9562 5639 1
9575 5639 1
5712 5639 1
9587 5639 1
5671 5639 1
5672 5639 1
9591 5639 1
5641 5639 1
5642 5639 1
5643 5639 1
5645 5639 1
5646 5639 1
5647 5639 1
5648 5639 1
5649 5639 1
5650 5639 1
5651 5639 1
5652 5639 1
5653 5639 1
5660 5639 1
5662 5639 1
5715 5639 1
5669 5639 1
5739 5639 1
9588 5639 1
5675 5639 1
5693 5639 1
9618 5639 1
5708 5639 1
9601 5639 1
9624 5639 1
9560 5639 1
5719 5639 1
5722 5639 1
5725 5639 1
5711 5639 1
9623 5639 1
5640 5639 1
9570 5639 1
9594 5639 1
5686 5639 1
9585 5639 1
9613 5639 1
9603 5639 1
9611 5639 1
5726 5639 1
9597 5639 1
9567 5639 1
9612 5639 1
5720 5639 1
5695 5639 1
5745 5639 1
5721 5639 1
9600 5639 1
9593 5639 1
9605 5639 1
5638 5640 1
5638 5641 1
5638 5642 1
5638 5643 1
5638 5645 1
5638 5646 1
5638 5647 1
5638 5648 1
5638 5649 1
5638 5650 1
5638 5651 1
5638 5652 1
5638 5653 1
5655 5654 1
5654 5656 1
5655 5656 1
5659 5658 3
5638 5660 1
5638 5662 1
5638 5663 1
5638 5665 1
5638 5666 1
5638 5667 1
5638 5668 1
5638 5669 1
5638 5670 1
5638 5671 1
5638 5672 1
5638 5673 1
5638 5674 1
5638 5675 1
5638 5676 1
5678 5677 1
5680 5679 1
5677 5679 1
5678 5680 1
5683 5680 3
5638 5681 1
5683 5682 3
5638 5684 1
5638 5685 1
5638 5686 1
5638 5687 1
5638 5688 1
5638 5689 1
5638 5690 1
5691 5692 3
5638 5693 1
5638 5694 1
5638 5695 1
5638 5696 1
5638 5697 1
5638 5698 1
5638 5699 1
5701 5700 1
9596 5701 1
5701 5702 2
5700 5702 1
9565 5702 1
5638 5703 1
5638 5704 1
5638 5705 1
5638 5706 4
5638 5707 1
5638 5708 1
5638 5711 1
5638 5712 1
5638 5715 1
5638 5716 1
5655 5717 1
5717 5718 1
5655 5718 1
5638 5719 1
5638 5720 1
5638 5721 1
5638 5722 1
5638 5723 1
5638 5724 1
5638 5725 1
5638 5726 1
5638 5727 1
5638 5728 1
5655 5729 1
9598 5730 1
5655 5730 2
5729 5730 1
5729 5731 1
9598 5731 1
5655 5731 2
5638 5732 1
5638 5734 1
5638 5738 1
5638 5739 1
5638 5740 1
5638 5745 1
5638 9556 1
5638 9557 1
5638 9558 1
5638 9559 1
5638 9560 1
5638 9561 1
5638 9562 1
5638 9563 1
5638 9564 1
5701 9565 1
5638 9566 1
5638 9567 1
5638 9568 1
5638 9569 1
5638 9570 1
5638 9571 1
9573 9572 1
9608 9574 1
9573 9574 2
9572 9574 1
5638 9575 1
5638 9576 1
5638 9577 1
5638 9578 1
5638 9579 1
5638 9580 1
5638 9581 1
5638 9582 1
5638 9583 1
5638 9584 1
5638 9585 1
5638 9586 1
5638 9587 1
5638 9588 1
5638 9590 1
5638 9591 1
5638 9592 1
5638 9593 1
5638 9594 1
5638 9595 1
5638 9597 1
5655 9598 1
5638 9600 1
5638 9601 1
5638 9603 1
5638 9604 1
5638 9605 1
5638 9606 1
5638 9607 1
9573 9608 1
5638 9609 1
5638 9610 1
5638 9611 1
5638 9612 1
5638 9613 1
5638 9614 1
5638 9615 1
5638 9616 1
5638 9618 1
5638 9619 1
5638 9620 1
5638 9621 1
5638 9622 1
5638 9623 1
5638 9624 1
5638 9625 1
5638 9626 1
