5153 5152 3
5158 5155 1
5176 5155 1
5153 5156 3
5158 5157 1
5176 5158 1
5189 5158 3
5175 5159 1
5157 5159 1
5160 5159 3
5166 5159 1
5158 5160 2
5176 5160 3
5175 5161 1
5166 5161 1
5190 5161 1
5157 5161 1
5160 5161 4
5160 5162 1
5153 5163 3
5158 5166 1
5175 5167 1
5193 5167 1
5425 5167 3
5166 5167 1
5155 5168 1
5166 5168 1
5155 5169 2
5166 5169 1
5175 5169 1
5166 5170 1
5175 5170 1
5155 5170 2
5166 5171 1
5197 5171 1
5160 5171 3
5175 5171 1
5153 5172 3
5176 5175 1
5189 5176 3
5175 5177 1
5178 5177 1
5176 5178 1
5178 5179 1
5175 5179 1
5175 5180 1
5178 5180 1
5178 5181 1
5175 5181 1
5178 5182 1
5175 5182 1
5175 5183 1
5423 5183 1
5160 5184 1
5175 5184 1
5175 5185 1
5155 5185 2
5185 5186 2
5423 5186 2
5175 5187 1
5190 5187 1
5423 5187 2
5175 5188 1
5158 5188 1
5176 5190 1
5423 5191 1
5190 5191 1
5423 5192 1
5190 5192 1
5156 5193 1
5193 5194 1
5425 5194 1
5425 5195 1
5193 5195 1
5176 5197 1
5155 5423 2
5176 5423 2
5423 5424 1
5158 5425 1
5151 5425 3
5156 5425 1
5176 5425 1
