1 0 1
1800 2 1
646 2 1
1395 2 1
910 2 9
1536 2 1
1213 2 7
0 2 1
3 2 19
911 3 14
313 3 2
647 3 1
1 3 2
5 4 1
1042 5 2
1262 5 1
1354 6 1
315 6 1
1263 6 1
1465 6 1
1627 6 1
1836 6 1
574 6 6
881 6 1
1341 6 1
4 6 1
7 6 14
57 7 2
1281 7 2
162 7 1
575 7 6
564 7 1
810 7 2
840 7 1
295 7 4
232 7 1
511 7 2
438 7 1
815 7 1
570 7 1
342 7 2
1055 7 2
671 7 2
119 7 1
120 7 1
466 7 2
816 7 1
163 7 1
336 7 2
50 7 2
5 7 9
9 7 2
775 7 2
247 7 2
653 7 1
784 7 2
54 7 1
712 7 1
161 7 1
506 7 2
320 7 1
53 7 1
160 7 1
831 7 1
62 7 2
825 7 1
482 7 2
52 7 2
317 7 2
457 7 1
886 7 2
1038 7 1
686 7 2
63 7 2
490 7 2
4 8 1
9 8 1
53 9 5
5 9 1
4 10 1
9 10 2
10 11 2
7 11 2
398 12 10
401 12 7
13 12 4
709 13 1
398 13 10
12 13 1
383 13 1
20 13 5
15 14 1
20 15 7
1349 16 1
14 16 1
17 16 2
631 17 1
668 17 1
15 17 1
14 18 1
17 18 1
1592 19 1
1349 19 1
1133 19 1
14 19 1
20 19 5
37 20 3
33 20 8
1139 20 2
38 20 3
668 20 2
15 20 2
811 21 1
19 21 5
13 21 6
425 22 2
706 22 1
961 22 1
948 22 1
285 22 7
1141 22 1
416 22 6
1841 22 1
785 22 2
619 22 1
1018 22 2
1051 22 1
394 22 9
1349 22 1
903 22 2
1463 22 3
1719 22 1
778 22 4
55 22 4
198 22 12
283 22 3
286 22 1
300 22 1
302 22 2
702 22 1
14 22 1
23 22 64
284 23 3
56 23 4
707 23 1
610 23 1
152 23 1
945 23 1
430 23 2
24 23 1
1587 23 1
1269 23 3
1034 23 3
77 23 5
852 23 2
1099 23 2
136 23 7
395 23 9
904 23 2
74 23 1
1304 23 1
82 23 1
424 23 2
696 23 1
764 23 4
191 23 5
303 23 2
151 23 6
902 23 1
1019 23 2
279 23 2
763 23 1
1086 23 1
1668 23 1
301 23 1
668 23 1
492 23 1
199 23 13
15 23 1
25 24 4
1285 24 1
36 25 1
76 25 11
920 25 1
26 25 21
137 25 11
28 27 2
588 28 5
995 29 1
30 29 4
747 29 1
27 29 1
829 29 1
589 30 2
28 30 2
470 30 2
590 30 2
32 31 4
815 32 1
34 33 28
996 33 1
35 34 28
36 34 28
40 39 1
1017 40 2
1087 40 1
1161 40 1
368 40 6
1230 40 2
1081 40 1
39 41 1
42 41 1
40 42 1
39 43 1
42 43 1
39 44 1
42 44 1
42 45 1
39 45 1
1798 46 1
47 46 3
1479 46 1
39 46 1
1008 47 1
462 47 1
40 47 1
958 47 1
177 47 7
347 47 1
463 47 1
464 47 8
313 47 5
1798 48 1
1479 48 1
39 48 1
47 48 3
266 49 1
50 49 2
5 50 1
120 50 6
7 51 2
49 51 2
5 52 1
53 52 5
468 53 1
516 53 1
1038 53 1
54 53 58
784 54 1
317 54 1
247 54 1
62 54 1
621 54 1
56 55 4
1321 55 1
1268 55 1
1654 55 1
1139 56 2
1269 56 3
33 56 4
5 57 1
53 57 5
59 58 1
1532 60 1
1229 60 2
1571 60 1
1398 60 1
1332 60 1
1510 60 1
1549 60 1
921 60 1
1202 60 1
1175 60 6
721 60 1
442 60 1
1595 60 1
1727 60 1
1776 60 1
58 60 1
1328 60 1
1308 60 1
1244 60 2
841 60 1
61 60 26
1830 60 1
722 61 2
325 61 3
464 61 8
1161 61 4
591 61 2
803 61 7
1259 61 1
1203 61 4
313 61 1
443 61 4
463 61 1
670 61 1
796 61 2
521 61 7
1230 61 2
28 61 1
347 61 2
470 61 1
1329 61 2
1622 61 2
59 61 1
590 61 3
431 61 1
518 61 1
1084 61 1
462 61 1
960 61 3
1334 61 3
221 61 2
1333 61 1
714 61 2
1738 61 2
589 61 1
358 61 1
593 61 4
177 61 3
5 62 1
63 62 6
5 63 1
53 63 9
1081 64 1
65 64 2
67 66 1
899 68 1
1648 68 1
66 68 1
69 68 4
67 69 5
911 69 9
313 69 1
420 70 2
398 70 10
70 71 4
70 72 4
74 73 1
1586 75 1
1598 75 1
372 75 1
594 75 1
292 75 1
1100 75 2
76 75 33
397 75 8
1610 75 1
619 75 1
1584 75 1
797 75 1
1463 75 3
1098 75 1
179 75 1
73 75 1
283 75 3
628 75 1
1142 75 2
1456 75 1
781 75 1
1457 75 1
764 76 1
1647 76 1
1019 76 1
696 76 1
500 76 1
180 76 3
997 76 1
422 76 1
91 76 1
136 76 8
284 76 4
945 76 1
1360 76 1
904 76 1
390 76 3
226 76 5
1066 76 1
1370 76 1
919 76 1
798 76 1
386 76 4
398 76 11
74 76 2
151 76 1
228 76 2
707 76 1
1390 76 1
424 76 1
729 76 4
1238 76 3
1581 76 2
334 76 1
1801 76 1
700 76 2
227 76 2
1034 76 6
964 76 4
1099 76 3
695 76 1
1041 76 1
514 76 2
78 76 2
480 76 3
1067 76 4
191 76 5
24 76 1
1140 76 2
279 76 2
1088 76 1
324 76 3
617 76 5
502 76 1
153 76 6
693 76 1
77 76 5
25 76 1
478 76 2
373 76 1
384 76 1
868 76 4
1208 76 1
1405 76 1
124 76 2
691 76 2
229 76 2
694 76 1
154 76 1
261 76 1
1366 76 1
188 76 4
388 76 2
121 76 3
852 76 5
1046 76 1
230 76 2
501 76 1
902 76 1
80 76 38
78 77 5
868 77 4
76 78 8
696 78 1
79 78 18
390 79 3
191 79 5
694 79 4
693 79 2
1043 79 2
77 79 5
83 82 4
1136 82 2
85 82 1
84 83 12
996 83 1
35 84 12
36 84 12
87 86 3
613 88 3
89 88 4
140 89 7
91 90 1
76 92 86
901 92 1
998 92 1
385 92 1
1607 92 1
1623 92 1
1599 92 1
1473 92 1
1289 92 1
1545 92 1
90 92 1
260 92 1
1387 92 1
1664 92 1
1578 92 1
1196 92 1
1166 92 1
1812 92 1
1481 92 1
1422 92 1
1574 92 1
1457 92 1
1811 92 1
701 92 1
1535 92 1
1821 92 1
1507 92 1
1544 92 1
1722 92 1
1237 92 1
690 92 1
1601 92 1
1105 92 1
1780 92 1
1261 92 1
1584 92 1
1369 92 1
851 92 1
1817 92 1
1122 92 1
1609 92 1
1098 92 1
1223 92 1
278 92 1
1462 92 1
1796 92 1
1135 92 1
1663 92 1
1704 92 1
1806 92 1
1568 92 1
1633 92 1
1580 92 1
1301 92 1
1547 92 1
1754 92 1
1512 92 1
1404 92 1
1604 92 1
1453 92 1
323 92 1
1392 92 1
616 92 2
867 92 1
1156 92 1
1039 92 1
1667 92 1
1638 92 1
441 92 1
1287 92 1
387 92 1
966 92 1
421 92 1
872 92 1
1746 92 1
1808 92 1
1674 92 1
1673 92 1
576 92 1
968 92 1
1003 92 2
1721 92 1
1207 92 1
1040 92 1
187 92 1
1580 93 1
1547 93 1
1574 93 1
94 93 7
1607 93 1
1512 93 1
90 93 1
681 94 3
1581 94 2
91 94 1
1067 94 2
81 94 3
697 94 3
498 94 3
102 94 3
1031 94 3
155 94 8
215 94 1
324 94 1
93 95 7
1412 95 3
94 95 12
1562 95 1
1607 96 1
94 96 7
1547 96 1
1512 96 1
1580 96 1
90 96 1
1574 96 1
96 97 7
94 97 11
1412 97 3
1047 98 1
99 98 14
97 98 11
1562 98 1
1302 98 1
94 99 12
215 99 1
1048 99 2
101 100 4
1366 100 1
1360 101 1
102 101 3
104 103 1
103 105 1
1402 105 1
106 105 3
1155 105 1
420 106 1
234 106 8
136 106 3
140 106 4
104 106 2
852 106 2
398 106 10
279 106 2
71 106 1
1004 107 3
106 107 6
1155 107 1
1402 107 1
103 107 1
106 108 1
103 108 1
1155 109 1
397 109 8
278 109 1
1461 109 1
148 109 4
106 109 28
701 109 1
238 109 10
399 109 10
1003 109 2
103 109 1
111 110 2
103 110 1
1155 110 1
71 111 1
398 111 10
104 111 2
111 112 13
399 112 10
1461 112 1
397 112 8
1155 112 1
103 112 1
114 113 3
113 115 1
113 116 1
443 117 1
113 117 1
118 117 2
114 118 2
120 119 6
5 119 1
53 120 23
124 123 4
76 124 6
12 125 1
125 126 1
1741 126 1
13 126 4
766 126 2
128 127 10
1533 127 1
233 127 7
750 127 1
234 128 7
349 128 1
381 128 5
61 129 1
61 130 2
129 130 1
1032 131 2
61 131 4
130 131 2
1552 132 3
133 132 16
129 132 1
1233 132 10
1588 132 1
1333 133 1
59 133 1
249 133 6
1329 133 2
1203 133 1
464 133 8
61 133 85
313 133 1
1334 133 1
960 133 1
1154 133 1
722 133 2
760 133 1
325 133 1
178 134 40
133 134 54
726 134 8
1206 134 4
444 134 2
132 134 16
1783 134 1
136 135 6
852 135 4
852 136 5
1285 136 1
138 136 6
25 136 14
279 136 2
140 139 2
1642 139 1
152 140 2
1396 140 1
1534 141 2
139 141 2
89 141 5
1534 142 2
1773 142 1
139 142 2
143 142 4
349 143 3
140 143 7
1681 143 1
1001 144 2
89 144 6
1052 144 2
139 144 2
139 145 2
1001 145 2
89 145 4
1809 146 1
1346 146 1
1665 146 1
147 146 16
1052 146 2
233 146 7
139 146 2
1001 146 2
140 147 6
234 147 8
1347 147 2
1665 148 1
139 148 2
106 148 4
996 149 1
77 149 5
150 149 6
35 150 6
36 150 6
694 151 1
693 151 1
697 151 1
149 151 4
1138 151 2
390 151 3
1138 152 2
149 152 4
277 153 6
154 153 13
1140 153 1
480 153 1
997 153 1
156 153 5
700 153 1
964 153 1
158 153 5
798 154 1
82 154 2
763 154 1
226 154 4
155 154 17
277 154 6
156 154 6
76 154 8
610 155 2
695 155 1
373 155 7
696 155 1
764 155 4
763 155 1
229 156 1
227 156 1
153 156 11
230 156 1
157 156 6
228 156 1
277 156 6
852 159 1
293 159 1
161 160 6
162 161 13
163 161 5
54 162 18
54 163 9
165 164 1
165 166 2
164 166 1
1015 167 1
166 167 2
168 167 4
288 168 1
1016 168 2
1488 168 1
165 168 2
167 169 4
168 169 8
289 169 4
171 170 3
166 170 2
287 170 1
165 171 2
714 171 3
670 171 1
288 171 1
287 172 1
173 172 3
166 172 2
288 173 1
165 173 2
164 174 1
165 174 1
245 175 1
52 175 2
1014 176 1
177 176 3
346 176 1
1738 177 2
879 177 4
463 177 1
878 177 4
670 177 1
347 177 1
537 177 4
47 177 4
880 177 4
1084 177 1
1151 177 1
460 177 10
518 177 2
358 177 4
1332 178 1
1175 178 6
346 178 1
176 178 3
1551 178 2
1424 178 1
723 178 4
1204 178 2
1298 178 2
1501 178 1
61 178 40
1776 178 1
1524 178 1
683 178 2
1830 178 1
1328 178 1
1014 178 1
1063 178 2
1595 178 1
1439 178 1
1118 178 1
1727 178 1
469 178 1
522 178 7
1549 178 1
180 179 1
594 181 1
1598 181 1
1584 181 1
179 181 1
76 181 5
1608 181 1
770 182 1
193 182 5
1070 182 1
1141 182 1
1266 182 1
781 182 1
1294 182 1
292 182 1
283 182 3
797 182 1
76 182 25
179 182 1
1584 182 1
477 182 1
428 182 1
1432 182 1
594 182 1
1260 182 1
737 182 1
1214 182 1
1584 183 1
76 183 23
179 183 1
641 183 21
1260 184 1
1726 184 1
477 184 1
781 184 1
76 184 15
428 184 1
1675 184 1
777 184 1
1432 184 1
179 184 1
594 184 1
1584 184 1
770 184 1
1608 184 1
1810 184 1
821 184 1
1726 185 1
405 185 13
594 185 1
1584 185 1
1214 185 1
76 185 18
179 185 1
188 187 1
1746 189 1
1821 189 1
76 189 15
1481 189 1
1535 189 1
387 189 1
1237 189 1
966 189 1
1422 189 1
1545 189 1
867 189 1
1796 189 1
187 189 1
1633 189 1
1601 189 1
1507 189 1
191 190 5
187 190 1
1422 190 1
1746 190 1
966 190 1
188 191 4
78 191 5
1625 192 2
869 192 5
389 192 3
1416 192 2
79 192 21
862 192 4
190 192 5
1422 193 1
966 193 1
1746 193 1
191 193 5
187 193 1
870 194 5
1667 194 1
576 194 1
777 194 1
76 194 26
1512 194 1
1598 194 1
1289 194 1
1369 194 1
1141 194 1
1387 194 1
193 194 5
323 194 1
1689 194 1
1609 194 1
391 194 3
1722 194 1
196 195 41
1512 195 1
323 195 1
1817 195 1
283 195 3
1609 195 1
1141 195 1
576 195 1
1704 195 1
1598 195 1
702 195 1
777 195 1
193 195 5
1667 195 1
870 195 5
391 195 3
1767 195 2
1689 195 1
1568 195 1
302 195 2
399 195 10
1722 195 1
284 196 3
121 196 1
696 196 1
303 196 2
480 196 3
324 196 3
695 196 1
77 196 5
386 196 2
191 196 5
492 196 1
390 196 3
693 196 1
858 196 2
398 196 10
694 196 1
76 197 12
1689 197 1
1584 197 1
870 197 5
193 197 5
870 198 5
193 198 5
1827 198 1
199 198 12
1611 199 1
77 199 5
33 199 4
1668 199 1
191 199 5
1139 199 2
38 199 1
1827 200 1
870 200 5
193 200 5
199 200 11
1827 201 1
1321 201 1
278 201 1
193 201 5
1654 201 1
1303 201 1
901 201 1
1003 201 2
1013 201 1
1473 201 1
1122 201 1
1268 201 1
1141 201 1
701 201 1
1224 201 1
23 201 27
1462 201 1
870 201 5
1841 201 1
193 202 5
1303 202 1
23 202 6
204 203 6
193 203 5
1303 203 1
191 204 5
1304 204 1
193 205 5
870 205 5
1598 205 1
206 205 15
391 205 3
1689 205 1
694 206 1
77 206 5
191 206 5
390 206 3
693 206 1
391 207 3
870 207 5
1598 207 1
193 207 5
206 207 15
1689 207 1
193 208 5
1598 208 1
206 208 15
391 208 3
870 208 5
1689 208 1
206 209 15
870 209 5
193 209 5
1689 209 1
1598 209 1
391 209 3
187 210 1
211 210 1
1390 211 1
1238 211 3
868 211 4
188 211 4
211 212 1
187 212 1
211 213 1
187 213 1
867 214 1
1746 214 1
1237 214 1
966 214 1
1481 214 1
1601 214 1
1507 214 1
1535 214 1
1633 214 1
187 214 1
211 214 12
1796 214 1
1422 214 1
94 215 5
217 216 10
549 216 9
537 217 8
463 217 1
216 218 10
217 218 11
217 219 11
218 219 11
217 220 13
550 220 10
1293 220 1
218 220 11
325 221 1
222 221 5
225 221 5
670 221 1
589 222 1
960 222 1
223 222 14
325 222 1
590 222 3
670 222 1
224 223 27
223 225 10
154 226 5
1140 226 1
964 226 1
700 226 1
365 227 2
153 227 8
480 227 1
227 228 7
153 229 8
366 229 2
964 229 1
229 230 7
1322 231 1
232 231 2
160 232 1
466 232 1
816 232 5
234 233 7
415 233 6
151 234 6
1720 235 1
1665 235 1
233 235 7
236 235 9
234 236 8
1565 236 1
233 237 7
1665 237 1
1720 237 1
236 237 9
1052 238 2
106 238 10
233 238 7
128 239 7
233 239 7
233 240 7
241 240 9
1052 240 2
234 241 7
140 241 2
241 242 9
233 242 7
1052 242 2
9 243 2
248 244 2
243 244 2
1669 244 1
9 244 6
52 245 1
1797 246 1
53 247 5
5 247 1
9 248 2
1329 249 2
250 249 4
322 249 2
1084 249 1
171 249 1
1159 250 1
518 250 1
1333 250 1
1476 251 1
252 251 2
794 252 1
251 253 2
252 253 2
255 254 1
257 256 3
1298 256 2
254 256 1
221 257 2
255 257 1
163 258 1
258 259 1
163 259 2
261 260 1
1039 262 1
1392 262 1
263 262 7
385 262 1
260 262 1
1721 262 1
1663 262 1
1404 262 1
261 263 1
1405 263 1
514 263 2
121 263 1
386 263 1
334 263 1
265 264 1
260 264 1
261 265 1
362 265 5
5 266 1
50 267 1
266 267 1
269 268 3
271 270 1
270 272 1
273 272 1
625 273 4
271 273 1
275 274 1
274 276 1
682 276 1
277 276 7
987 276 4
1345 276 1
230 277 1
366 277 2
156 277 8
229 277 1
365 277 1
275 277 1
228 277 1
227 277 1
279 278 1
1361 279 1
278 280 1
1003 280 2
701 280 1
1608 280 1
893 280 2
1033 280 1
1196 280 1
1463 280 3
619 280 1
1453 280 1
399 280 10
1004 280 3
391 280 3
76 280 26
283 280 3
594 280 1
278 281 1
701 281 1
282 281 2
279 282 2
136 282 6
701 283 1
278 283 1
284 283 3
279 284 2
25 284 4
1285 284 1
278 285 1
136 285 7
701 285 1
1004 285 3
1457 285 1
199 286 1
288 287 1
287 289 1
1487 289 1
1828 289 1
168 289 4
291 290 1
287 290 1
1488 291 1
288 291 1
136 292 1
124 293 4
1707 294 1
768 294 1
295 294 3
468 295 3
120 295 6
5 295 1
516 295 3
295 296 3
294 296 3
156 297 3
978 297 1
1418 297 1
154 298 6
297 298 3
1478 298 3
640 299 4
1478 299 3
154 299 11
297 299 3
301 300 1
1361 301 1
300 302 1
303 302 2
301 303 1
1136 303 2
83 303 4
76 303 1
1568 304 1
1141 304 1
305 304 24
399 304 10
870 304 5
302 304 2
1689 304 1
702 304 1
1598 304 1
1817 304 1
1704 304 1
693 305 1
694 305 1
398 305 10
77 305 5
386 305 2
121 305 1
696 305 1
492 305 1
303 305 2
300 306 1
303 306 1
300 307 1
303 307 1
303 308 1
300 308 1
865 310 3
980 310 3
156 310 7
979 311 3
312 311 18
1421 311 4
1679 311 2
987 311 4
1478 311 3
310 311 7
991 311 8
156 312 17
696 312 1
798 312 1
101 312 2
100 312 3
630 312 1
807 312 3
1366 312 1
1161 313 1
113 313 1
1115 313 1
314 313 2
1230 313 2
114 314 2
5 315 1
317 316 2
315 316 1
63 317 6
5 317 1
7 318 2
316 318 2
320 319 1
162 320 5
320 321 2
319 321 1
171 322 1
250 322 4
324 323 1
327 326 1
326 328 1
329 328 2
327 329 1
328 330 2
329 330 4
1531 330 1
1762 330 1
326 330 1
801 332 1
1288 332 2
331 332 1
581 332 1
331 333 1
1288 333 2
1493 335 1
910 335 9
1536 335 1
68 335 1
69 335 13
53 336 5
5 336 1
338 337 4
339 338 5
5 340 1
342 341 2
340 341 1
459 342 5
5 342 1
7 343 2
341 343 2
345 344 1
760 344 2
347 346 1
518 347 1
670 347 1
177 347 6
349 348 1
143 350 2
348 350 1
1542 350 1
1542 351 1
143 351 2
348 351 1
143 352 4
1052 352 2
348 352 1
1542 352 1
354 353 4
749 353 1
1242 353 1
348 353 1
1391 353 1
381 354 1
349 354 1
1243 354 2
1757 355 1
348 355 1
143 355 2
348 356 1
143 356 3
1052 356 2
1511 357 1
1829 357 1
1737 357 1
1571 357 1
358 357 5
1084 358 1
291 358 8
1738 358 2
518 358 2
1807 359 1
358 359 6
357 359 5
357 360 5
1807 360 1
358 360 6
557 361 6
1807 361 1
358 361 9
357 361 5
1528 361 1
13 362 3
363 362 8
277 364 6
364 365 6
227 365 3
364 366 6
229 366 5
368 367 1
1230 368 2
1622 368 1
1161 368 1
291 368 4
1159 368 3
1030 368 1
731 369 4
367 369 1
40 369 6
40 370 6
369 370 6
373 372 1
798 373 1
480 373 2
964 373 1
375 374 1
374 376 1
795 376 1
375 376 2
374 377 1
375 377 1
339 378 5
378 379 4
381 380 1
128 382 1
380 382 1
384 383 5
672 383 1
514 384 2
155 384 8
729 384 4
386 385 1
388 387 1
390 389 3
1821 389 1
387 389 1
78 390 5
388 390 2
387 391 1
390 391 3
1821 391 1
393 392 3
391 392 3
390 393 3
395 394 9
1196 394 1
391 394 3
1453 394 1
1166 394 1
616 394 2
996 395 1
730 395 2
390 395 3
617 395 5
395 396 8
391 396 3
1166 396 1
1196 396 1
616 396 2
1453 396 1
616 397 2
1196 397 1
1166 397 1
391 397 3
398 397 8
617 398 5
390 398 3
414 399 1
397 399 8
398 399 10
1617 400 1
401 400 14
399 400 10
1377 400 5
407 401 3
1618 401 1
388 401 2
418 401 1
398 401 10
401 402 10
399 402 10
13 403 10
399 403 10
399 404 10
401 404 14
1377 404 5
399 405 10
1840 405 1
1369 405 1
76 405 13
399 406 10
1373 406 3
407 406 12
398 407 10
1611 407 1
1774 407 1
1658 407 1
399 408 10
106 408 10
399 409 10
1344 409 7
12 409 16
12 410 16
1344 410 7
399 410 10
399 411 10
70 411 12
1198 411 2
397 412 8
414 412 1
413 412 9
398 413 9
391 414 3
1453 414 1
398 414 5
1689 415 1
151 415 6
1598 415 1
391 415 3
1598 416 1
1689 416 1
391 416 3
151 416 6
418 417 2
1821 417 1
387 417 1
388 418 2
211 418 4
1821 419 1
401 419 2
387 419 1
422 421 1
421 423 1
424 423 1
422 424 1
1136 424 2
83 424 4
85 424 1
421 425 1
424 425 2
421 426 1
424 426 1
424 427 1
421 427 1
226 428 1
101 429 4
1360 429 1
1086 430 1
1139 430 2
33 430 4
433 432 1
435 434 1
432 434 1
552 435 4
433 435 2
432 436 1
435 436 1
50 437 2
1275 437 1
161 438 6
293 439 1
439 440 1
851 440 1
159 440 2
74 441 1
443 442 1
1259 443 1
1202 444 1
442 444 1
1536 444 1
1727 444 1
1510 444 1
1167 444 1
1776 444 1
1398 444 1
1175 444 6
1560 444 1
1232 444 8
61 444 24
1229 444 2
61 445 50
1178 445 10
953 445 1
471 445 21
1204 445 2
1147 445 3
444 445 24
1501 445 1
1549 446 1
721 446 1
1783 446 1
953 446 1
1178 446 10
1595 446 1
1776 446 1
1328 446 1
841 446 1
133 446 43
445 446 2
1202 446 1
1332 446 1
1309 446 7
444 446 24
1510 446 1
1440 446 1
1501 446 1
1132 447 10
445 447 2
1178 447 10
1206 447 4
133 447 43
799 447 1
1553 447 1
1501 447 1
953 447 1
1783 447 1
444 447 24
1309 447 7
133 448 28
1132 448 10
1553 448 1
799 448 1
1501 448 1
444 448 24
444 449 24
953 449 1
799 449 1
61 449 28
1394 449 2
1501 449 1
1524 450 1
469 450 1
1737 450 1
1501 450 1
1063 450 2
1118 450 1
1551 450 2
663 450 3
841 450 1
1653 450 2
1829 450 1
444 450 24
1089 450 1
1204 450 2
1160 450 4
522 450 7
1511 450 1
683 450 2
723 450 4
1431 450 1
1308 450 1
1528 450 1
61 450 56
959 450 1
721 450 1
1298 450 2
1577 450 1
1708 450 1
133 451 64
1492 451 1
1783 451 1
450 451 56
844 451 6
1782 451 1
1501 452 1
444 452 24
953 452 1
1553 452 1
1308 452 1
1394 452 1
61 452 29
442 453 1
117 453 1
117 454 1
442 454 1
5 455 1
457 456 1
455 456 1
5 457 1
120 457 6
153 458 6
226 458 4
54 459 8
1150 460 1
1159 460 3
670 460 1
1738 460 2
1230 460 2
1084 460 1
137 460 6
461 460 12
518 460 2
714 460 3
59 460 1
1622 460 1
177 462 6
1084 462 1
714 462 3
670 462 1
1738 463 2
177 463 6
670 463 1
714 464 3
1159 464 3
460 464 4
1151 464 1
1230 464 2
1115 464 1
47 464 1
59 464 1
1622 464 1
1056 465 1
466 465 2
53 466 5
5 466 1
7 467 2
465 467 2
54 468 4
470 469 1
588 470 5
723 471 4
1118 471 1
1063 471 2
61 471 21
1298 471 2
469 471 1
1551 471 2
522 471 7
683 471 2
1524 471 1
133 472 33
471 472 21
1178 472 10
953 472 1
472 473 33
1384 473 1
133 473 34
475 474 1
32 475 4
474 476 1
475 476 1
478 477 2
1136 478 2
83 478 4
76 479 1
477 479 1
482 481 1
53 482 5
5 482 1
482 483 2
481 483 1
485 484 1
487 486 4
1438 486 1
1458 486 1
484 486 1
1429 486 1
485 487 2
1505 487 1
1164 487 2
818 487 4
813 487 2
1429 488 1
484 488 1
487 488 3
1438 488 1
490 489 1
53 490 5
5 490 1
490 491 2
489 491 1
1139 492 2
33 492 4
62 493 1
493 494 1
62 494 1
496 495 2
716 495 1
342 496 2
5 496 2
570 496 1
155 497 4
1067 498 2
94 498 5
697 498 1
1218 499 3
155 499 4
155 500 4
1647 500 1
1208 500 1
1241 501 1
155 501 4
820 501 1
1647 501 1
384 502 5
1660 503 1
155 503 4
155 504 4
506 505 2
1627 505 1
5 506 1
53 506 5
7 507 2
505 507 2
156 508 3
1477 508 1
1835 508 1
312 509 6
1771 509 1
1141 509 1
508 509 3
1753 509 1
511 510 1
53 511 5
5 511 1
511 512 1
510 512 1
76 513 1
1707 515 1
516 515 2
54 516 4
518 517 1
1606 519 1
1332 519 1
517 519 1
250 519 3
1274 520 1
1245 520 3
1657 520 1
517 520 1
1398 520 1
521 520 9
1335 520 1
1403 520 1
1622 521 1
518 521 1
714 521 3
588 521 5
225 521 5
1159 521 3
1334 521 1
1403 522 1
1657 522 1
1335 522 1
521 522 7
1274 522 1
517 522 1
1398 522 1
521 523 6
1335 523 1
1398 523 1
517 523 1
1657 523 1
1274 523 1
1403 523 1
1229 524 2
1829 524 1
921 524 1
1737 524 1
1511 524 1
517 524 1
1657 524 1
1248 524 3
460 524 12
1571 524 1
1511 525 1
460 525 6
517 525 1
921 525 1
1248 525 3
1829 526 1
1571 526 1
921 526 1
1737 526 1
1657 526 1
1248 526 3
517 526 1
1511 526 1
1229 526 2
1403 526 1
460 526 16
1335 526 1
1274 526 1
1782 526 1
1571 527 1
921 527 1
1737 527 1
517 527 1
1511 527 1
1829 527 1
177 527 7
1536 528 1
47 528 18
527 528 7
1232 528 8
946 528 4
527 529 7
177 529 7
527 530 7
47 530 7
177 531 7
527 531 7
527 532 7
177 532 7
177 533 7
527 533 7
177 534 7
527 534 7
527 535 7
177 535 7
527 536 7
537 536 8
177 537 7
539 538 8
536 538 8
537 539 8
536 540 8
539 540 8
542 541 9
536 541 8
1494 541 1
1165 542 1
537 542 8
1494 543 1
542 543 10
536 543 8
1071 543 1
545 544 8
536 544 8
435 545 1
537 545 8
552 545 4
545 546 8
536 546 8
548 547 8
536 547 8
537 548 8
217 549 9
536 549 8
217 550 10
549 550 9
1471 551 1
552 551 9
536 551 8
537 552 8
1008 552 1
604 552 1
552 553 9
536 553 8
1471 553 1
536 554 8
1471 554 1
552 554 9
527 555 7
177 555 7
1737 556 1
921 556 1
517 556 1
1829 556 1
1571 556 1
1511 556 1
177 556 6
1829 557 1
1737 557 1
1511 557 1
517 557 1
1571 557 1
358 557 6
217 558 4
336 559 1
559 560 1
336 560 2
5 561 2
101 562 1
562 563 1
101 563 1
120 564 6
566 565 1
568 567 1
565 567 1
566 568 2
570 569 1
161 570 6
570 571 2
569 571 1
468 572 1
53 573 4
898 573 1
1596 573 1
572 573 1
881 574 1
575 574 6
573 574 4
53 575 4
5 575 1
480 576 1
247 577 2
1656 577 1
57 578 2
1699 578 1
578 579 2
7 579 2
581 580 1
580 582 1
332 582 1
332 583 1
580 583 1
580 584 1
332 584 3
793 584 2
830 585 3
500 585 4
1209 586 3
585 586 4
500 586 5
87 587 3
1622 588 1
223 588 10
1334 588 1
714 588 2
222 589 5
222 590 5
960 591 1
225 591 5
670 591 1
222 591 5
61 592 1
222 592 5
223 593 4
722 593 2
1622 593 1
398 594 1
468 595 1
295 596 2
1643 596 1
595 596 1
366 597 1
277 598 10
1421 598 4
597 598 1
682 598 1
987 598 4
99 599 1
95 599 1
99 600 1
95 600 1
95 601 1
1209 601 3
602 601 4
94 602 1
500 602 3
54 603 4
606 605 1
608 607 5
1538 607 1
942 607 1
605 607 1
1685 607 2
625 608 4
497 608 2
606 608 3
610 609 1
33 610 4
1139 610 2
1719 611 1
778 611 4
1775 611 1
155 611 8
948 611 1
609 611 1
613 612 1
1195 614 1
612 614 1
88 614 3
1556 614 1
1195 615 1
88 615 3
612 615 1
1556 615 1
617 616 2
24 619 1
621 620 1
1146 622 1
620 622 1
1640 622 1
623 622 3
796 623 2
621 623 1
620 624 1
1784 624 1
54 624 2
696 625 1
1548 626 2
626 627 4
502 628 1
630 629 2
1267 629 1
1006 630 7
498 630 3
37 630 1
1111 630 1
119 632 1
632 633 1
119 633 2
5 634 1
63 635 1
634 635 1
561 636 2
1465 636 1
634 636 1
63 637 1
634 637 1
63 638 2
634 638 1
638 639 2
7 639 2
1287 640 1
1780 640 1
226 640 4
1156 640 1
777 641 1
1261 641 1
640 641 4
969 641 6
1477 641 1
1105 641 1
1806 641 1
1266 641 1
76 641 21
1835 641 1
1754 641 1
477 641 1
1726 641 1
1418 641 1
978 641 1
640 642 4
458 642 10
969 642 6
458 643 10
969 643 6
640 643 4
640 644 4
226 644 4
1360 645 1
964 645 4
1581 645 1
1041 645 1
1366 645 1
1140 645 2
997 645 1
700 645 2
691 645 2
1067 645 4
647 646 1
217 647 4
299 648 1
962 648 2
961 648 1
154 648 4
1753 648 1
299 649 1
154 649 2
1753 649 1
154 650 2
299 650 1
1753 650 1
299 651 1
1719 651 1
154 651 2
653 652 1
816 653 5
652 654 1
7 654 1
62 655 1
1688 656 1
54 656 5
1784 656 1
1445 656 1
1446 656 1
655 656 1
1021 657 3
1582 657 1
1583 657 1
89 657 4
435 658 2
1482 658 1
859 659 1
1676 659 1
545 659 3
658 659 1
658 660 1
859 660 1
545 660 3
1676 660 1
859 661 1
545 661 3
1676 661 1
658 661 1
443 662 1
1560 663 1
443 663 3
662 663 1
1756 664 1
511 664 2
7 665 2
664 665 2
317 666 1
666 667 1
317 667 1
20 668 7
879 670 1
173 670 4
120 671 6
5 671 1
1536 674 1
47 674 11
957 674 1
1232 674 8
674 675 11
47 675 12
675 676 12
1028 676 1
745 676 1
47 676 14
94 677 1
677 678 1
94 678 1
94 679 1
677 679 1
677 680 1
681 680 1
94 681 1
366 682 1
1062 683 1
590 683 2
1118 684 1
222 684 5
1063 684 2
683 684 2
921 684 1
686 685 1
53 686 5
5 686 1
1567 687 1
1290 687 1
686 687 4
685 687 1
1464 688 1
295 688 4
1605 688 1
1546 688 1
7 689 4
688 689 4
691 690 1
1547 692 1
1156 692 1
1105 692 1
1261 692 1
1780 692 1
1806 692 1
1574 692 1
1287 692 1
1811 692 1
645 692 19
1673 692 1
1638 692 1
1580 692 1
1040 692 1
1754 692 1
690 692 1
1599 692 1
968 692 1
1664 692 1
1544 692 1
78 693 5
1390 693 1
78 694 5
1238 694 3
78 695 5
78 696 5
699 698 2
1594 698 1
876 699 2
54 699 4
279 701 1
492 702 1
1359 703 2
1753 703 1
1826 703 1
704 703 5
702 703 1
373 704 7
673 704 2
480 704 2
798 704 1
964 704 1
492 704 1
1722 705 1
822 705 5
1609 705 1
704 705 11
1291 705 1
703 705 5
968 705 1
707 706 1
1136 707 2
83 707 4
85 707 1
706 708 1
709 708 1
707 709 1
13 710 2
1428 710 1
710 711 2
13 711 5
1741 711 1
766 711 2
161 712 6
1244 713 2
714 713 3
879 714 1
1488 714 1
173 714 4
171 715 6
921 715 1
713 715 3
342 716 2
1273 716 1
498 717 2
1599 717 1
498 718 3
717 718 2
1638 718 1
1112 719 1
720 719 2
54 720 4
722 721 1
721 723 1
593 723 4
1657 723 1
841 723 1
721 724 1
1657 724 1
841 724 1
593 724 3
1232 725 8
1510 725 1
721 725 1
1536 725 1
61 725 18
1549 725 1
1595 725 1
1776 725 1
841 725 1
1328 725 1
1202 725 1
1332 725 1
1204 726 2
1501 726 1
721 726 1
61 726 8
1532 726 1
1524 726 1
841 726 1
721 727 1
841 727 1
1657 727 1
593 727 3
721 728 1
593 728 1
35 730 2
36 730 2
1486 731 1
368 731 4
1229 731 2
1724 732 1
731 732 4
40 732 5
731 733 4
368 733 5
1184 734 2
368 734 8
733 734 5
1405 735 1
736 735 3
384 737 1
384 738 8
737 738 1
873 738 7
737 739 1
873 739 7
384 739 8
737 740 1
873 740 7
384 740 8
86 741 1
86 742 1
741 742 1
86 743 1
741 743 1
741 744 1
86 744 1
463 745 1
590 747 2
829 748 1
747 748 1
995 748 1
30 748 4
27 748 1
381 749 1
1603 750 1
1542 750 1
1566 750 1
749 750 1
128 750 5
758 751 2
752 751 2
752 753 2
751 753 2
752 754 2
751 754 2
751 755 2
752 755 2
752 756 2
751 756 2
751 757 2
752 757 2
751 758 2
752 758 2
760 759 1
344 761 1
759 761 1
759 762 1
344 762 2
1492 762 1
694 763 1
764 763 7
154 763 1
33 764 6
696 764 1
38 764 2
1139 764 2
695 764 1
155 764 2
76 764 2
798 764 2
99 765 4
13 766 3
766 767 1
13 767 1
468 768 1
768 769 1
468 769 2
230 770 1
229 771 1
229 772 2
771 772 1
366 773 2
772 773 2
965 774 1
775 774 2
120 775 6
5 775 1
774 776 2
7 776 2
695 777 1
764 778 4
777 778 1
1141 778 1
1753 778 1
1775 779 1
948 779 1
155 779 12
777 779 1
778 779 4
1141 779 1
822 779 5
1359 779 2
1141 780 1
777 780 1
1753 780 1
764 780 3
154 781 1
697 782 1
784 783 2
1297 783 1
53 784 5
5 784 1
430 785 2
1224 785 1
787 786 2
788 786 2
787 788 2
786 788 2
787 789 2
788 789 2
788 790 2
787 790 2
788 791 2
787 791 2
788 792 2
787 792 2
332 793 2
800 793 1
375 795 1
798 797 1
1139 798 2
33 798 4
1536 799 1
1233 799 10
1232 799 8
61 799 11
801 800 1
955 801 1
956 801 1
1229 802 2
803 802 5
1560 802 1
1167 802 1
1259 803 1
1230 803 2
1161 803 1
802 804 5
805 804 5
803 805 5
807 806 1
312 808 6
1806 808 1
1235 808 1
1772 808 2
1750 808 1
963 808 1
806 808 1
1772 809 2
806 809 1
1806 809 1
312 809 4
5 810 1
53 810 5
383 811 1
813 812 1
812 814 1
1113 814 1
817 814 2
1777 814 1
819 814 3
487 814 6
162 815 5
54 816 8
818 817 2
1692 817 1
1505 818 1
817 819 2
818 819 3
102 820 2
900 820 2
501 820 3
424 821 1
968 822 1
1609 822 1
1722 822 1
373 822 5
5 823 1
823 824 1
825 824 1
5 825 1
120 825 6
827 826 1
54 827 4
827 828 2
826 828 1
589 829 2
1207 830 1
1674 830 1
500 830 3
54 831 4
838 832 7
833 832 7
1390 833 1
1238 833 3
1796 834 1
1237 834 1
832 834 7
1481 834 1
833 834 7
1507 834 1
834 835 7
833 835 7
833 836 8
834 836 7
833 837 8
836 837 8
834 838 7
833 838 7
840 839 2
1093 839 1
54 840 4
653 840 1
722 841 1
593 842 2
1657 842 1
841 842 1
715 843 1
1083 843 1
249 843 5
848 843 2
1595 843 1
1328 843 1
848 844 2
1328 844 1
1595 844 1
715 844 1
249 844 6
1083 844 1
715 845 1
322 845 1
715 846 1
322 846 1
715 847 1
322 847 1
322 848 2
715 848 1
816 849 1
849 850 1
7 850 1
852 851 1
1003 853 2
851 853 1
135 853 4
1457 853 1
136 854 1
851 854 1
856 855 5
1801 855 1
857 856 8
668 857 1
1804 858 1
34 858 3
1587 858 1
545 859 1
252 860 1
252 861 1
860 861 1
1237 862 1
1507 862 1
1481 862 1
694 862 4
1046 863 1
864 863 2
1585 863 1
153 865 3
968 865 1
1609 865 1
868 867 1
77 869 5
1601 869 1
1535 869 1
1633 869 1
867 869 1
1601 870 1
1633 870 1
77 870 5
867 870 1
1535 870 1
870 871 5
149 871 5
729 872 1
1604 873 1
1808 873 1
1721 873 1
1223 873 1
1039 873 1
384 873 7
872 873 1
872 874 1
1808 874 1
1604 874 1
1223 874 1
729 874 4
876 875 1
54 876 4
875 877 1
876 877 2
5 881 1
881 882 1
810 882 1
881 883 1
810 883 2
883 884 2
7 884 2
886 885 2
881 885 1
5 886 1
54 886 4
885 887 2
7 887 2
889 888 1
890 888 1
798 891 1
764 892 2
891 892 1
1141 892 1
136 893 2
1457 893 1
136 894 2
893 894 2
893 895 2
136 895 2
893 896 2
136 896 4
1135 896 1
76 897 4
896 897 4
516 898 1
67 899 1
902 901 1
904 903 2
901 903 1
33 904 4
902 904 1
1139 904 2
901 905 1
904 905 1
901 906 1
904 906 1
904 907 1
901 907 1
911 910 9
1232 910 8
464 911 12
913 912 16
910 912 9
1536 912 1
1213 912 7
1747 912 1
313 913 1
122 913 1
911 913 14
1536 914 1
1213 914 7
1747 914 1
913 914 16
910 914 9
1536 915 1
910 915 9
69 915 10
1536 916 1
1529 916 1
917 916 11
910 916 9
313 917 1
911 917 9
1529 918 1
917 918 11
1536 918 1
910 918 9
124 920 4
670 921 1
921 922 1
923 922 3
1244 922 2
670 923 1
714 923 2
923 924 3
921 924 1
1244 924 2
1089 925 1
926 925 2
921 925 1
670 926 1
431 926 1
221 927 2
921 927 1
1727 927 1
1727 928 1
921 928 1
221 928 2
921 929 1
1727 929 1
221 929 2
1830 930 1
921 930 1
591 930 2
921 931 1
591 931 2
1830 931 1
1830 932 1
591 932 2
921 932 1
462 933 5
1248 933 3
921 933 1
1571 933 1
460 934 4
1248 934 3
921 934 1
921 935 1
463 935 3
1737 935 1
1829 935 1
1737 936 1
1829 936 1
921 936 1
463 936 3
463 937 3
921 937 1
1829 937 1
1737 937 1
463 938 3
1737 938 1
921 938 1
1829 938 1
1657 939 1
1248 939 3
1229 939 2
460 939 8
921 939 1
1511 939 1
222 940 1
921 940 1
1511 941 1
921 941 1
347 941 2
606 942 1
831 943 1
831 944 2
943 944 1
1167 946 1
313 946 4
1229 946 2
466 947 2
1790 947 1
610 948 1
950 949 2
948 949 1
1480 949 1
610 950 1
478 950 1
952 951 3
1480 951 1
1642 951 1
948 951 1
610 952 1
152 952 1
478 952 1
61 953 1
506 954 2
1559 954 1
958 957 1
960 959 1
82 961 1
961 962 1
82 962 2
807 963 1
5 965 1
188 966 1
1746 967 1
966 967 1
211 967 3
1422 967 1
964 968 1
153 969 6
1544 969 1
1609 969 1
968 969 1
1105 969 1
1261 969 1
969 970 6
153 970 6
153 971 3
968 971 1
1609 971 1
971 972 3
156 972 6
980 972 3
1371 973 2
974 973 4
822 973 1
968 973 1
964 974 1
1372 974 2
696 974 1
373 974 3
229 975 2
968 975 1
1009 976 1
975 976 2
366 976 3
975 977 2
366 977 2
230 978 1
1418 979 1
156 979 3
978 979 1
978 980 1
277 980 3
1835 980 1
364 981 3
980 981 3
1419 982 3
980 982 3
364 982 6
980 983 3
1419 983 3
156 983 6
156 984 6
980 984 3
1419 984 3
277 985 6
1419 985 3
980 985 3
980 986 3
364 986 3
156 987 4
980 987 3
987 988 4
1421 988 4
156 988 8
1421 989 4
987 989 4
156 989 8
1419 990 3
980 990 3
153 990 7
990 991 7
156 991 8
1105 992 1
990 992 7
153 992 11
1261 992 1
1544 992 1
1323 993 1
153 993 12
992 993 11
154 994 6
980 994 3
1419 994 3
470 995 2
36 996 3
35 996 3
386 998 1
140 999 1
999 1000 1
89 1000 1
140 1001 2
999 1001 1
1001 1002 2
143 1002 3
1773 1002 1
852 1003 2
1003 1004 2
136 1004 3
1006 1005 1
1005 1007 1
630 1007 2
1736 1007 1
229 1009 1
496 1010 1
496 1011 2
1010 1011 1
1629 1011 1
496 1012 1
1010 1012 1
74 1013 1
463 1014 1
1016 1015 1
1019 1018 2
1122 1018 1
33 1019 4
1139 1019 2
945 1019 1
1021 1020 1
657 1022 3
1020 1022 1
1564 1022 1
1388 1022 1
657 1023 1
1020 1023 1
657 1024 1
1020 1024 1
1564 1025 1
1020 1025 1
657 1025 3
1388 1025 1
1020 1026 1
657 1026 1
114 1027 3
462 1028 1
1588 1032 1
61 1032 2
1034 1033 1
1285 1034 1
25 1034 5
1099 1034 3
1573 1035 1
227 1036 1
365 1037 3
1036 1037 1
1543 1037 2
459 1038 5
514 1039 1
1041 1040 1
919 1043 1
124 1043 4
671 1044 1
671 1045 2
1044 1045 1
1048 1047 1
1047 1049 1
99 1049 1
344 1050 2
152 1051 1
140 1052 2
1051 1052 1
1051 1053 1
140 1053 1
140 1054 1
1051 1054 1
120 1055 6
5 1055 1
5 1056 1
840 1057 1
1057 1058 1
7 1058 1
5 1059 1
1059 1060 1
1055 1060 2
7 1061 2
1060 1061 2
590 1062 1
590 1063 2
1062 1063 1
57 1064 1
57 1065 2
1064 1065 1
136 1066 6
163 1068 1
1068 1069 1
7 1069 1
229 1070 1
542 1071 1
32 1072 4
1074 1073 1
217 1075 4
1077 1076 1
1076 1078 1
1770 1078 1
1077 1078 2
1695 1079 1
1076 1079 1
1470 1079 1
1077 1079 3
625 1080 4
1084 1083 1
334 1085 1
362 1085 5
431 1089 1
162 1090 1
1090 1091 1
7 1091 1
217 1092 4
840 1093 1
1095 1094 1
124 1095 4
1097 1096 4
1094 1096 1
1644 1096 1
1457 1096 1
1098 1096 1
852 1097 1
1099 1097 1
123 1097 1
1095 1097 1
1099 1098 1
1098 1100 1
1034 1100 2
1100 1101 2
1463 1101 3
76 1101 5
820 1102 1
1102 1103 1
820 1103 5
1320 1103 4
700 1105 1
603 1106 1
603 1107 2
1106 1107 1
136 1108 6
136 1109 6
1111 1110 1
720 1112 1
485 1113 1
876 1116 1
1116 1117 1
699 1117 1
589 1118 1
313 1119 2
313 1120 2
1119 1120 2
313 1121 2
1119 1121 2
945 1122 1
1019 1123 1
1122 1123 1
1122 1124 1
1019 1124 1
1019 1125 1
1122 1125 1
1128 1127 1
1127 1129 1
1128 1129 1
1006 1130 1
1130 1131 1
1412 1131 3
630 1131 4
1232 1132 8
1536 1132 1
133 1132 10
15 1133 1
1723 1134 1
775 1134 2
852 1135 1
1284 1136 1
996 1136 1
1284 1137 1
996 1137 1
996 1138 1
1284 1138 1
996 1139 1
1284 1139 1
696 1141 1
78 1142 2
1141 1142 1
1142 1143 2
76 1143 2
1359 1144 2
974 1144 5
1141 1144 1
1371 1144 2
1141 1145 1
625 1145 1
796 1146 1
1640 1147 1
1146 1147 1
61 1147 3
62 1148 2
1836 1148 1
7 1149 2
1148 1149 2
1150 1151 1
269 1152 1
1153 1152 2
104 1155 1
964 1156 1
1156 1157 1
1780 1157 1
1287 1157 1
226 1157 3
1780 1158 1
1156 1158 1
1287 1158 1
226 1158 3
1167 1160 1
1161 1160 4
1229 1160 2
1230 1161 2
1128 1162 1
1162 1163 1
1777 1163 1
1164 1163 2
1128 1164 1
617 1166 1
1161 1167 1
1167 1168 1
1229 1168 2
1161 1168 3
313 1169 3
1229 1169 2
1167 1169 1
1229 1170 2
1167 1170 1
313 1170 3
1167 1171 1
803 1171 4
1560 1171 1
1229 1171 2
1167 1172 1
1560 1172 1
803 1172 4
1229 1172 2
1167 1173 1
1560 1173 1
803 1173 4
1229 1173 2
1560 1174 1
803 1174 5
1229 1174 2
1167 1174 1
1174 1175 5
803 1175 6
1177 1176 6
1175 1176 6
803 1177 6
1231 1178 4
1175 1178 6
1308 1178 1
61 1178 10
1202 1178 1
1180 1179 6
1174 1179 5
1231 1179 4
803 1180 7
803 1181 5
1167 1181 1
1560 1181 1
1229 1181 2
1181 1182 5
1180 1182 5
368 1183 1
1167 1183 1
1167 1184 1
368 1184 2
803 1185 1
1167 1185 1
1274 1186 1
368 1186 8
1486 1186 1
1657 1186 1
1335 1186 1
1167 1186 1
1229 1186 2
1403 1186 1
40 1187 3
1167 1187 1
1229 1187 2
40 1188 1
1167 1188 1
1787 1189 1
686 1189 2
1189 1190 2
7 1190 2
418 1191 1
1191 1192 1
401 1192 1
831 1193 1
7 1194 1
1193 1194 1
613 1195 1
617 1196 1
70 1197 1
70 1198 2
1197 1198 1
70 1199 1
1197 1199 1
70 1200 3
1402 1200 1
1593 1200 1
1197 1200 1
1203 1202 1
61 1204 2
1202 1204 1
1204 1205 2
1501 1205 1
133 1205 4
1212 1205 1
133 1206 4
1501 1206 1
1204 1206 2
1208 1207 1
1207 1209 1
500 1209 3
1674 1209 1
500 1210 3
1209 1210 3
500 1211 1
1207 1211 1
61 1212 1
911 1213 7
1250 1213 6
25 1214 1
1006 1215 1
1215 1216 1
630 1216 1
1218 1217 1
499 1219 3
1217 1219 1
1336 1219 1
1614 1219 1
1614 1220 1
1217 1220 1
1336 1220 1
499 1220 3
217 1221 4
1650 1222 1
217 1222 4
729 1223 1
1086 1224 1
1224 1225 1
430 1225 1
5 1226 1
247 1227 2
1226 1227 1
7 1228 2
1227 1228 2
1230 1229 2
1698 1229 1
803 1231 4
1229 1231 2
1560 1231 1
1229 1232 2
1274 1232 1
1782 1232 1
1335 1232 1
1403 1232 1
1657 1232 1
464 1232 8
61 1233 10
1232 1233 8
1536 1233 1
1657 1234 1
1335 1234 1
464 1234 7
1274 1234 1
1782 1234 1
1229 1234 2
1403 1234 1
100 1235 1
1238 1237 1
1507 1239 1
211 1239 6
1746 1239 1
1601 1239 1
1481 1239 1
1796 1239 1
1237 1239 1
1746 1240 1
1601 1240 1
1481 1240 1
1237 1240 1
211 1240 6
1796 1240 1
1507 1240 1
371 1241 1
501 1241 2
1243 1242 1
714 1244 2
1487 1244 1
1244 1245 2
714 1245 3
1335 1246 1
1398 1246 1
1245 1246 3
521 1246 5
1335 1247 1
1245 1247 3
521 1247 5
1398 1247 1
1244 1248 2
714 1248 3
1274 1249 1
464 1249 5
1657 1249 1
1248 1249 3
464 1250 6
1335 1250 1
1248 1250 3
1657 1250 1
1244 1251 2
588 1251 3
1657 1251 1
1006 1252 1
630 1253 1
1252 1253 1
1412 1254 3
1252 1254 1
630 1254 4
1252 1255 1
630 1255 5
1805 1255 1
1412 1255 3
1412 1256 3
630 1256 4
1252 1256 1
886 1257 1
886 1258 2
1257 1258 1
227 1260 1
997 1261 1
5 1263 1
784 1264 2
1263 1264 1
7 1265 2
1264 1265 2
1019 1266 1
1006 1267 1
1269 1268 1
1321 1270 1
1654 1270 1
1268 1270 1
56 1270 3
56 1271 1
1268 1271 1
1268 1272 1
56 1272 1
342 1273 1
1159 1274 1
50 1275 1
438 1276 1
1276 1277 1
438 1277 2
1347 1278 2
856 1279 5
1088 1279 1
1281 1280 1
53 1281 5
5 1281 1
1280 1282 1
1281 1282 2
36 1284 1
36 1285 1
25 1286 1
1285 1286 1
700 1287 1
124 1289 1
686 1290 1
673 1291 1
1055 1292 2
1672 1292 1
463 1293 1
904 1294 1
329 1295 1
329 1296 1
784 1297 1
1727 1298 1
221 1298 2
1716 1299 1
1300 1299 3
1298 1299 2
1616 1300 1
221 1300 2
121 1301 1
1048 1302 1
1304 1303 1
1303 1305 1
204 1305 1
204 1306 1
1303 1306 1
1203 1308 1
1427 1309 3
1308 1309 1
1532 1309 1
1332 1309 1
61 1309 7
1389 1310 1
1034 1310 1
76 1310 1
697 1310 1
5 1311 1
1311 1312 1
336 1312 1
336 1313 1
1311 1313 1
1311 1314 1
496 1314 1
336 1315 1
1311 1315 1
336 1316 2
1311 1316 1
1316 1317 2
7 1317 2
1674 1318 1
501 1318 2
1241 1319 3
1318 1319 2
1423 1319 1
1318 1320 2
1518 1320 1
820 1320 4
1269 1321 1
232 1322 1
153 1323 1
119 1324 1
1324 1325 1
7 1325 1
1072 1326 1
1326 1327 1
1072 1327 1
1329 1328 1
490 1330 2
1465 1330 1
7 1331 2
1330 1331 2
1333 1332 1
1159 1335 1
1218 1336 1
501 1337 2
1674 1337 1
1337 1338 2
1572 1338 1
820 1338 3
5 1339 1
1339 1340 1
119 1340 1
5 1341 1
482 1342 2
1341 1342 1
1342 1343 2
7 1343 2
1378 1344 1
1377 1344 5
401 1344 7
365 1345 1
1347 1346 1
1278 1348 2
1346 1348 1
1809 1348 1
668 1349 1
1349 1350 1
17 1350 1
1349 1351 1
857 1351 1
566 1352 1
1352 1353 1
568 1353 1
5 1354 1
52 1355 1
1354 1355 1
52 1356 1
1354 1356 1
52 1357 2
1354 1357 1
1357 1358 2
7 1358 2
1753 1359 1
373 1359 2
1765 1362 1
1363 1362 2
1777 1364 1
1365 1364 4
1469 1364 1
1362 1364 2
1363 1365 3
1164 1365 1
269 1367 3
79 1368 1
1370 1369 1
188 1370 1
1361 1370 1
868 1370 1
1372 1371 2
414 1373 1
407 1373 3
1791 1373 1
407 1374 3
1373 1374 3
407 1375 3
1373 1375 3
414 1376 1
1373 1376 3
407 1376 3
401 1377 5
1373 1377 3
1617 1377 1
1377 1378 5
401 1378 6
54 1379 1
1379 1380 1
7 1380 1
1433 1382 1
1383 1382 2
133 1384 1
712 1385 2
1619 1385 1
1262 1386 1
180 1387 1
1021 1388 1
1243 1391 1
334 1392 1
1392 1393 1
1085 1393 1
444 1394 1
61 1394 3
1 1395 1
1334 1398 1
1398 1399 1
588 1399 1
588 1400 1
1398 1400 1
521 1401 1
1398 1401 1
420 1402 1
1159 1403 1
1405 1404 1
1404 1406 1
735 1406 2
1406 1407 2
1408 1407 2
735 1408 2
1410 1409 1
1409 1411 1
1410 1411 1
1599 1412 1
498 1412 3
1638 1412 1
1412 1413 3
630 1413 3
1412 1414 3
630 1414 3
630 1415 3
1412 1415 3
1043 1416 2
1545 1416 1
79 1417 2
1416 1417 2
229 1418 1
1477 1419 1
1418 1419 1
277 1419 3
364 1420 3
1419 1420 3
1419 1421 3
156 1421 4
188 1422 1
371 1423 1
347 1424 1
1424 1425 1
47 1425 1
61 1426 1
1426 1427 1
1440 1427 1
61 1427 3
709 1428 1
818 1429 1
487 1430 2
1429 1430 1
1438 1430 1
1203 1431 1
228 1432 1
1433 1434 3
813 1438 1
462 1439 1
61 1440 3
133 1441 1
1440 1441 1
160 1443 1
232 1444 2
1443 1444 1
1691 1444 1
317 1445 1
247 1446 1
86 1447 1
1449 1448 1
1447 1448 1
86 1449 1
1447 1450 1
1449 1450 1
1452 1451 3
617 1453 1
457 1454 1
1454 1455 1
7 1455 1
124 1456 1
852 1457 1
1164 1458 1
1460 1459 2
71 1461 1
1099 1462 1
1462 1463 1
1473 1463 1
1034 1463 3
516 1464 1
5 1465 1
1465 1466 1
490 1466 1
1465 1467 1
490 1467 1
1465 1468 1
490 1468 1
1363 1469 1
1077 1470 1
604 1471 1
1471 1472 1
552 1472 1
1099 1473 1
232 1474 1
7 1475 1
1474 1475 1
794 1476 1
227 1477 1
156 1478 3
1835 1478 1
1477 1478 1
47 1479 1
478 1480 1
1238 1481 1
435 1482 1
623 1483 1
712 1484 1
7 1485 1
1484 1485 1
1030 1486 1
1488 1487 1
1487 1489 1
291 1489 1
160 1490 1
160 1491 2
1490 1491 1
760 1492 1
67 1493 1
1165 1494 1
1494 1495 1
542 1495 1
1128 1496 1
1496 1497 1
1128 1497 1
1128 1498 1
1496 1498 1
1128 1499 1
1496 1499 1
1496 1500 1
1128 1500 1
61 1501 1
810 1502 1
810 1503 2
1502 1503 1
1505 1504 1
487 1506 1
1504 1506 1
1238 1507 1
1507 1508 1
1509 1508 1
1238 1509 1
1334 1510 1
518 1511 1
324 1512 1
1580 1513 1
1574 1513 1
1512 1513 1
1547 1513 1
1607 1513 1
94 1513 5
815 1514 1
7 1515 1
1514 1515 1
920 1516 1
1516 1517 1
25 1517 1
900 1518 1
820 1519 1
1518 1519 1
820 1520 1
1518 1520 1
825 1522 1
825 1523 1
1522 1523 1
28 1524 1
876 1526 1
699 1527 1
1526 1527 1
358 1528 1
917 1529 1
1529 1530 1
917 1530 1
329 1531 1
1203 1532 1
381 1533 1
1642 1534 1
140 1534 2
868 1535 1
313 1536 1
606 1538 1
5 1539 1
1539 1540 1
671 1540 2
7 1541 2
1540 1541 2
349 1542 1
1609 1543 1
227 1543 2
1140 1544 1
919 1545 1
5 1546 1
1067 1547 1
960 1549 1
1678 1550 1
1038 1550 2
1830 1551 1
591 1551 2
1551 1552 2
61 1552 3
1552 1553 3
61 1553 4
1555 1554 3
1551 1554 2
1761 1554 1
1521 1555 1
591 1555 2
613 1556 1
88 1557 1
1556 1557 1
88 1558 1
1556 1558 1
506 1559 1
1259 1560 1
803 1561 1
1560 1561 1
215 1562 1
99 1563 1
1562 1563 1
1021 1564 1
381 1566 1
686 1567 1
386 1568 1
1598 1569 1
1689 1569 1
1817 1569 1
1568 1569 1
305 1569 5
1704 1569 1
305 1570 3
1568 1570 1
1704 1570 1
1817 1570 1
1084 1571 1
900 1572 1
1067 1574 1
67 1575 1
1575 1576 1
69 1576 1
325 1577 1
1088 1578 1
1279 1579 1
1578 1579 1
1581 1580 1
180 1584 1
1066 1586 1
61 1588 1
1590 1589 1
1590 1591 1
1589 1591 1
668 1592 1
420 1593 1
699 1594 1
1329 1595 1
1038 1596 1
1596 1597 1
7 1597 1
693 1598 1
1067 1599 1
498 1600 1
1599 1600 1
868 1601 1
1370 1602 2
1601 1602 1
1746 1602 1
381 1603 1
729 1604 1
468 1605 1
1159 1606 1
1581 1607 1
151 1608 1
480 1609 1
284 1610 1
137 1613 1
393 1613 1
697 1613 1
1218 1614 1
499 1615 1
1614 1615 1
1618 1617 1
712 1619 1
368 1620 1
40 1621 1
1620 1621 1
1046 1623 1
863 1624 1
1623 1624 1
693 1625 2
1796 1625 1
5 1627 1
1627 1628 1
506 1628 1
5 1629 1
1281 1630 2
1629 1630 1
1630 1631 2
7 1631 2
1629 1632 1
1281 1632 1
868 1633 1
1781 1634 1
653 1634 2
840 1635 1
1634 1635 1
623 1636 1
1636 1637 1
1483 1637 1
1067 1638 1
796 1640 1
796 1641 1
1640 1641 1
152 1642 1
516 1643 1
123 1644 1
825 1645 1
1645 1646 1
7 1646 1
67 1648 1
1650 1649 1
1649 1651 1
1222 1651 1
1649 1652 1
1222 1652 1
1622 1653 2
1657 1653 1
1269 1654 1
247 1656 1
1622 1657 1
1660 1659 1
1659 1661 1
503 1661 1
503 1662 1
1659 1662 1
121 1663 1
691 1664 1
234 1665 1
324 1667 1
9 1669 1
1097 1671 1
1055 1672 1
964 1673 1
1647 1674 1
501 1675 1
545 1676 1
1038 1678 1
1754 1679 1
101 1679 2
101 1680 2
1679 1680 2
1683 1681 1
1682 1681 1
497 1684 1
497 1685 2
1684 1685 1
815 1686 1
1686 1687 1
815 1687 2
784 1688 1
694 1689 1
1689 1690 1
763 1690 1
466 1691 1
1505 1692 1
1694 1693 1
1692 1693 1
1505 1694 1
1077 1695 1
1077 1696 1
1695 1696 1
1230 1698 1
5 1699 1
57 1700 1
1699 1700 1
1702 1701 1
1699 1701 1
5 1702 1
1699 1703 1
57 1703 1
386 1704 1
63 1705 1
63 1706 2
1705 1706 1
516 1707 1
1334 1708 1
161 1709 1
1709 1710 1
7 1710 1
161 1711 1
1709 1711 1
1709 1712 1
161 1712 1
161 1713 1
1709 1713 1
161 1714 1
1709 1714 1
1709 1715 1
161 1715 1
1616 1716 1
1008 1717 1
1008 1718 1
1717 1718 1
763 1719 1
1565 1720 1
514 1721 1
480 1722 1
775 1723 1
1087 1724 1
500 1726 1
325 1727 1
221 1728 1
1727 1728 1
222 1729 2
1830 1729 1
1727 1729 1
1727 1730 1
221 1730 1
1727 1731 1
222 1731 2
1830 1731 1
221 1732 1
1727 1732 1
221 1733 1
1727 1733 1
320 1734 1
1734 1735 1
7 1735 1
1006 1736 1
1738 1737 1
570 1739 1
7 1740 1
1739 1740 1
13 1741 1
120 1743 1
7 1744 1
1743 1744 1
188 1746 1
122 1747 1
433 1748 1
1748 1749 1
435 1749 1
807 1750 1
457 1751 1
1751 1752 1
457 1752 1
798 1753 1
1360 1754 1
429 1755 1
1754 1755 1
5 1756 1
143 1757 1
765 1758 1
1758 1759 1
765 1759 1
1758 1760 1
765 1760 1
1521 1761 1
329 1762 1
333 1763 1
333 1764 1
1763 1764 1
1363 1765 1
1765 1766 1
1363 1766 1
858 1767 2
1841 1767 1
1769 1768 2
1767 1768 2
858 1769 2
1077 1770 1
630 1771 1
1806 1772 1
100 1772 2
349 1773 1
155 1775 1
325 1776 1
1164 1777 1
1164 1778 1
1777 1778 1
1777 1779 1
487 1779 1
1140 1780 1
653 1781 1
59 1782 1
1154 1783 1
54 1784 1
54 1785 1
1784 1785 1
1784 1786 1
54 1786 1
5 1787 1
1787 1788 1
686 1788 1
686 1789 1
1787 1789 1
466 1790 1
1658 1791 1
1791 1792 1
407 1792 1
1791 1793 1
407 1793 1
564 1794 1
1794 1795 1
7 1795 1
1390 1796 1
1008 1798 1
552 1799 1
1798 1799 1
313 1800 1
438 1802 1
1802 1803 1
7 1803 1
1006 1805 1
1366 1806 1
358 1807 1
729 1808 1
1347 1809 1
707 1810 1
964 1811 1
1801 1812 1
1812 1813 1
855 1813 1
160 1815 1
1815 1816 1
7 1816 1
121 1817 1
342 1818 1
1818 1819 1
1820 1819 1
496 1819 2
570 1820 1
388 1821 1
53 1822 1
7 1823 1
1822 1823 1
344 1824 1
1824 1825 1
344 1825 1
673 1826 1
1668 1827 1
1016 1828 1
1738 1829 1
960 1830 1
1830 1831 1
591 1831 1
1830 1832 1
591 1832 1
591 1833 1
1830 1833 1
1830 1834 1
591 1834 1
228 1835 1
5 1836 1
815 1838 1
1838 1839 1
32 1839 1
764 1840 1
1587 1841 1
1841 1842 1
858 1842 1
