3113 3112 3
3115 3114 1
3113 3115 3
3246 3115 1
3114 3116 1
3248 3116 1
3117 3116 2
3115 3117 1
3243 3117 1
3114 3118 1
3117 3118 1
3115 3119 1
3114 3119 1
3114 3120 1
3117 3120 1
3114 3121 1
3117 3121 1
3114 3122 1
3117 3122 1
3114 3123 1
3115 3123 1
3117 3124 1
3114 3124 1
3114 3125 1
3115 3125 1
3117 3126 1
3114 3126 1
3117 3127 1
3114 3127 1
3248 3128 1
3117 3128 2
3114 3128 1
3114 3129 1
3117 3129 1
3117 3130 1
3114 3130 1
3114 3240 1
3117 3240 1
3114 3241 1
3117 3241 1
3244 3243 2
3245 3243 1
3243 3248 1
3117 3249 1
3248 3249 1
3117 3250 1
3248 3250 1
3117 3251 1
3248 3251 1
3117 3252 1
3248 3252 1
3248 3253 1
3117 3253 1
3117 3254 1
3248 3254 1
3117 3255 1
3248 3255 1
3117 3256 1
3248 3256 1
3117 3257 1
3248 3257 1
3117 3258 1
3248 3258 1
3248 3259 1
3117 3259 1
