25 0 1
20 0 1
24 0 1
397 0 4
23 0 1
22 0 1
19 1 1
0 1 7
0 2 7
19 2 1
393 2 1
22 2 1
24 2 1
18 3 1
2 3 8
22 3 1
138 4 1
25 4 1
116 4 1
3 4 9
3 5 9
116 5 1
25 6 1
19 6 1
120 6 1
0 6 7
0 7 7
138 7 1
19 7 1
195 8 1
7 8 9
20 9 1
397 9 4
11 10 4
12 10 2
15 12 4
14 12 4
10 12 2
13 12 4
34 16 7
182 16 2
13 16 4
29 16 4
173 16 4
177 16 4
96 17 3
116 18 1
195 19 1
18 19 2
77 19 1
176 20 1
19 20 5
20 21 7
116 22 1
20 22 7
18 22 2
19 22 5
19 23 5
20 23 7
113 23 1
176 23 1
91 23 1
19 24 5
18 24 2
77 25 1
19 25 5
91 25 1
210 26 1
27 26 8
81 26 2
102 26 4
179 27 1
83 27 3
29 27 20
180 27 1
126 27 3
85 27 2
26 28 8
29 28 8
13 29 3
182 29 1
85 29 3
27 29 11
29 30 8
26 30 8
29 31 9
26 31 8
31 32 9
128 32 2
38 32 9
29 32 27
56 32 17
40 32 2
55 32 10
34 33 10
213 33 1
31 33 9
85 34 1
178 34 3
16 34 3
29 34 11
31 35 9
40 35 2
34 35 10
31 36 9
27 36 10
99 36 2
26 37 8
29 37 8
29 38 9
154 38 1
26 38 8
38 39 9
27 39 9
172 40 1
29 40 2
40 41 2
34 41 3
16 42 6
41 42 3
147 42 3
40 43 2
44 43 2
29 44 6
40 45 2
27 45 2
27 46 2
40 46 2
40 47 2
34 47 3
16 48 8
59 48 2
143 48 3
47 48 3
50 49 3
47 49 3
34 50 3
204 50 1
13 50 3
47 51 3
50 51 3
207 52 1
29 52 2
52 53 2
213 53 1
207 53 1
29 53 3
207 54 1
29 54 4
52 54 2
213 54 1
127 55 3
29 55 10
54 55 4
131 55 4
200 55 1
205 55 1
136 56 3
164 56 2
208 56 2
29 56 17
55 56 10
106 56 4
55 57 10
27 57 10
34 58 1
16 59 2
58 59 1
183 60 2
16 60 3
58 60 1
16 61 3
58 61 1
183 61 2
63 62 4
163 62 3
27 63 3
80 63 3
63 64 4
163 64 3
62 64 4
66 65 1
27 66 3
101 66 5
65 67 1
66 67 2
66 68 2
67 68 2
70 69 3
71 69 3
73 72 1
27 73 1
13 73 3
72 74 1
73 74 2
211 74 1
75 76 3
27 78 1
78 79 1
66 79 1
205 81 1
27 81 2
29 82 3
84 82 1
83 82 3
175 85 1
86 85 3
197 88 1
87 88 1
90 89 3
222 92 1
34 92 2
92 93 2
16 93 2
29 94 1
214 95 1
196 95 1
100 95 1
94 95 1
29 95 4
23 97 1
21 97 1
21 98 1
154 99 1
27 99 2
29 100 1
121 102 2
154 102 1
27 102 4
105 103 3
104 103 3
70 105 3
147 106 3
29 106 4
66 107 1
171 108 1
107 108 1
66 108 2
216 109 1
107 109 1
66 109 2
111 110 1
107 110 1
66 111 1
24 112 1
113 114 1
105 115 4
122 115 1
13 115 4
29 117 4
118 117 3
77 120 1
27 121 2
172 121 1
115 122 1
83 122 4
166 122 4
165 122 4
170 122 4
90 122 4
139 122 4
169 122 4
167 122 4
89 122 4
168 122 4
71 122 4
124 123 3
66 125 4
27 125 1
27 127 3
213 127 1
207 127 1
29 128 2
207 128 1
128 129 2
213 129 1
207 129 1
29 129 3
128 130 2
154 130 1
27 130 3
29 131 4
207 131 1
213 131 1
128 131 2
133 132 3
219 134 1
134 135 1
207 136 1
29 136 3
213 136 1
136 137 3
44 137 3
195 138 1
70 139 3
70 140 3
13 141 3
29 142 2
207 142 1
29 143 3
142 143 2
143 144 3
16 144 3
143 145 3
117 145 3
16 146 3
143 146 3
142 147 2
29 147 3
207 147 1
117 148 3
147 148 3
150 149 4
147 149 3
217 149 1
29 150 3
173 150 1
83 150 1
117 150 1
150 151 3
147 151 3
117 152 3
147 152 3
82 153 3
147 153 3
27 154 1
73 155 1
154 155 1
154 156 1
203 156 1
73 156 2
203 157 1
73 157 2
154 157 1
73 158 1
154 158 1
172 159 1
154 159 1
27 159 2
154 160 1
27 160 2
172 160 1
63 161 1
154 161 1
154 162 1
63 162 1
154 163 1
63 163 3
174 163 1
29 164 2
205 164 1
66 171 1
27 172 1
27 174 1
182 181 1
34 182 5
182 183 2
181 183 1
27 184 1
184 185 1
27 185 1
66 186 1
184 186 1
184 187 1
63 187 1
184 188 1
125 188 1
23 189 1
25 189 1
91 190 1
189 190 2
23 191 1
23 192 1
23 193 1
23 194 1
114 194 1
29 196 1
197 198 1
197 199 1
85 200 1
82 201 1
201 202 1
82 202 1
73 203 1
27 205 1
27 206 1
205 206 1
85 207 1
207 208 1
29 208 2
208 209 2
44 209 2
27 210 1
73 211 1
120 212 1
85 213 1
29 214 1
27 216 1
117 217 1
25 218 1
220 221 1
29 222 1
176 393 1
18 393 2
20 393 7
23 394 1
393 394 1
20 394 1
397 394 4
394 395 5
176 395 1
2 395 8
18 395 1
21 395 1
25 396 1
393 396 1
24 396 1
21 396 1
23 397 1
22 397 1
393 397 1
21 397 1
113 398 1
6 398 9
77 398 1
194 398 2
195 398 1
7 398 9
397 398 4
20 398 1
20 399 1
397 399 4
