9840 9839 1
12210 9839 1
12211 9840 3
9842 9841 2
12210 9841 1
10085 9842 4
10188 9842 7
10203 9842 4
12211 9842 3
10270 9843 1
9844 9843 12
10374 9843 1
10229 9843 3
10226 9843 1
10295 9843 2
9841 9843 2
10230 9843 3
10337 9843 2
9872 9844 6
9842 9844 2
9859 9844 2
10227 9844 2
10188 9844 1
9841 9845 2
10281 9845 4
10230 9845 3
10843 9845 1
9846 9845 13
10173 9845 1
10398 9845 1
10229 9845 3
9859 9846 1
9872 9846 4
9842 9846 6
10174 9846 2
9841 9847 2
9842 9847 3
10082 9848 3
9841 9848 2
9849 9848 5
9842 9849 2
10853 9849 1
10083 9849 3
10856 9850 1
10337 9850 2
9851 9850 13
10230 9850 3
9841 9850 2
9866 9850 1
10867 9850 1
10840 9850 1
10276 9850 2
10109 9851 2
10143 9851 9
9859 9851 1
9872 9851 5
10188 9851 3
10147 9851 3
10860 9851 1
9842 9851 13
9853 9852 1
10845 9853 1
9855 9854 2
10304 9854 1
9852 9854 1
9853 9855 16
9857 9856 2
10258 9856 1
10217 9858 2
9859 9858 3
9861 9859 4
9866 9860 1
10292 9860 1
10835 9860 1
10843 9860 1
10295 9860 2
9861 9860 14
10098 9860 3
10312 9860 2
9858 9860 3
10868 9860 1
10830 9860 1
10130 9861 5
10147 9861 6
9859 9861 17
9863 9862 1
10300 9864 1
10186 9864 1
10848 9864 1
10076 9864 1
10314 9864 1
9865 9864 11
10827 9864 1
10363 9864 1
10079 9864 1
10097 9864 1
9862 9864 1
10858 9864 1
9863 9865 11
9859 9866 1
9868 9867 4
10096 9868 1
9872 9868 3
9873 9869 1
10144 9870 1
10287 9870 1
10285 9870 1
10089 9870 1
10286 9870 1
10288 9870 1
10269 9870 1
10226 9871 1
10374 9871 1
9872 9871 5
10338 9871 2
10227 9872 3
10174 9872 3
10316 9872 6
10223 9872 3
9872 9874 2
10861 9874 1
10868 9875 1
10125 9875 4
9874 9875 2
9876 9875 7
9859 9876 1
9842 9876 4
9872 9876 2
9877 9878 3
9877 10070 3
9877 10071 3
9877 10072 3
9877 10073 3
10373 10074 2
9842 10074 7
10276 10074 2
10862 10074 1
10074 10075 7
10156 10075 1
10276 10075 2
10846 10075 1
9851 10075 9
9863 10076 1
10258 10077 1
10078 10077 2
9863 10079 1
10081 10080 1
10083 10081 4
10080 10082 1
10083 10082 3
10116 10082 1
10081 10083 1
10227 10083 1
10117 10083 1
10183 10083 3
10321 10084 1
10322 10084 2
10085 10084 3
10087 10086 3
10084 10086 3
10188 10087 2
12211 10087 2
10085 10087 5
10090 10088 1
10089 10088 1
10090 10091 1
10089 10091 1
10258 10092 1
10093 10092 2
10095 10094 2
10352 10094 1
10379 10096 1
9863 10097 1
10217 10098 2
9859 10098 3
10100 10099 1
9853 10101 1
10254 10102 1
9855 10102 2
10101 10102 1
10285 10103 1
10286 10103 1
10288 10103 1
10287 10103 1
9853 10104 1
10382 10105 1
10104 10105 1
9855 10105 2
10107 10106 4
10183 10107 3
10109 10108 1
10305 10109 1
10395 10110 1
10851 10110 1
10187 10110 2
10354 10110 1
10393 10110 1
10111 10110 7
10108 10110 1
10188 10111 3
10109 10111 5
10383 10112 1
10354 10112 1
10153 10112 3
10365 10112 1
10108 10112 1
9851 10112 10
10187 10112 2
10142 10112 1
10111 10113 5
10270 10113 1
10187 10113 2
10108 10113 1
10393 10113 1
10115 10114 2
10258 10114 1
10117 10116 1
10083 10117 4
9861 10118 1
10298 10119 3
10118 10119 1
9861 10119 12
10310 10119 5
10153 10119 3
10085 10120 2
9853 10121 1
10121 10122 1
10385 10122 1
9855 10122 2
10258 10123 1
10124 10123 2
9842 10125 4
10162 10125 1
10866 10125 1
10222 10126 1
10863 10126 1
10226 10126 1
10389 10126 1
10390 10126 1
10127 10126 15
10374 10126 1
10861 10126 1
10349 10126 1
10343 10126 1
10292 10126 1
10838 10126 1
10125 10126 4
10316 10127 5
9859 10127 1
10227 10127 3
9842 10127 4
10223 10127 2
9868 10128 4
10832 10129 1
10131 10130 1
9861 10130 4
10258 10132 1
10133 10132 2
10135 10134 1
10136 10137 4
10139 10138 3
10188 10138 5
10253 10138 2
9853 10140 1
10140 10141 1
9855 10141 2
10831 10141 1
10143 10142 1
10089 10144 2
10090 10144 2
10287 10144 2
10107 10145 4
10147 10146 1
9861 10147 4
10146 10148 1
10147 10148 2
10148 10153 2
10147 10153 3
10153 10154 3
10147 10154 6
10298 10154 3
10197 10155 3
9851 10155 10
10153 10155 3
10376 10155 1
10368 10155 2
10828 10155 1
10143 10156 1
10120 10157 3
10322 10157 2
10157 10158 3
10120 10158 3
10157 10159 3
10120 10159 3
10120 10160 3
10157 10160 3
10120 10161 3
10157 10161 3
10085 10162 1
10087 10163 1
10162 10163 1
10165 10164 2
10258 10164 1
10166 10167 4
10103 10168 1
10103 10169 1
10168 10169 1
10103 10170 1
10168 10170 1
10103 10171 1
10168 10171 1
10103 10172 1
10168 10172 1
10174 10173 1
10398 10175 1
10173 10175 1
10313 10175 2
9872 10175 5
9853 10176 1
9855 10177 2
10361 10177 1
10176 10177 1
10178 10179 3
10130 10180 1
10180 10181 1
10130 10181 2
10089 10182 1
10287 10182 1
9853 10184 1
10184 10185 1
10857 10185 1
9855 10185 2
9863 10186 1
10838 10187 1
10188 10187 2
10316 10188 1
10188 10189 3
10187 10189 2
10191 10190 3
10189 10190 3
10188 10191 5
10866 10192 1
10187 10192 2
10087 10192 7
10236 10192 2
10322 10192 2
9842 10193 2
10187 10193 2
10191 10194 2
10187 10194 2
10138 10195 2
10187 10195 2
10354 10196 1
10187 10196 2
10111 10196 3
10187 10197 2
9842 10197 3
10829 10198 1
10191 10198 3
10187 10198 2
10187 10199 2
12213 10199 2
10187 10200 2
9842 10200 2
10187 10201 2
10138 10201 2
10203 10202 2
10398 10202 1
10174 10203 1
10203 10204 3
10202 10204 2
10204 10205 3
10380 10205 1
10206 10205 4
10307 10206 5
10203 10206 5
12211 10206 2
9842 10207 2
10202 10207 2
10202 10208 2
10859 10208 1
10380 10208 1
10844 10208 1
10206 10208 7
10306 10208 1
10387 10208 1
10211 10210 4
10847 10212 1
10213 10212 2
10089 10214 1
10090 10214 1
10139 10215 3
10188 10215 2
9859 10216 1
9859 10217 2
10216 10217 1
9859 10218 3
10217 10218 2
9861 10219 5
10218 10219 3
10284 10219 1
10220 10219 1
9859 10220 1
10223 10222 1
10861 10224 1
9872 10224 5
10222 10224 1
10378 10224 2
10227 10226 1
9872 10228 2
10226 10228 1
9872 10229 3
10228 10229 2
10228 10230 2
9872 10230 3
10865 10231 1
10230 10231 3
9868 10231 4
10865 10232 1
9868 10232 4
10230 10232 3
10230 10233 3
9868 10233 3
10226 10234 1
10083 10234 2
10234 10235 2
10083 10235 2
12211 10236 2
10226 10236 1
10236 10237 2
12211 10237 3
12213 10238 3
10237 10238 3
10206 10239 5
10859 10239 1
10844 10239 1
10236 10239 2
10345 10239 1
9842 10240 2
10236 10240 2
12213 10241 2
10236 10241 2
10236 10242 2
12215 10242 2
12213 10243 3
10386 10243 1
10236 10243 2
10236 10244 2
9840 10244 2
10236 10245 2
9842 10245 2
9842 10246 2
10236 10246 2
12215 10247 2
10236 10247 2
10130 10248 1
10130 10249 1
10248 10249 1
9853 10250 1
10250 10251 1
9855 10251 2
10299 10251 1
10139 10253 3
10188 10253 5
9853 10254 1
10255 10256 4
10255 10257 4
10258 10259 1
10280 10259 2
10258 10260 1
10833 10260 2
10258 10261 1
10850 10261 2
10302 10262 2
10258 10262 1
10258 10263 1
10839 10263 2
10258 10264 1
10303 10264 2
10188 10265 1
10253 10266 3
10265 10266 1
10355 10266 2
10188 10267 1
10267 10268 4
9842 10269 2
9859 10269 1
10316 10269 4
10188 10270 1
10270 10271 1
10191 10271 1
10270 10272 1
10138 10272 1
12213 10273 1
10270 10273 1
10270 10274 1
10267 10274 1
10253 10275 4
10270 10275 1
10373 10275 2
10355 10275 2
9842 10276 2
10270 10276 1
10390 10277 1
10269 10277 7
10276 10277 2
10343 10277 1
10830 10277 1
10838 10277 1
10863 10277 1
10270 10278 1
10267 10278 1
9842 10281 4
10345 10281 1
10391 10281 1
10089 10282 1
10127 10282 1
9876 10282 1
9859 10284 1
10291 10289 1
10290 10289 1
9859 10292 1
9859 10294 1
10294 10295 1
9859 10295 2
10147 10296 1
10296 10297 1
10147 10297 2
10297 10298 2
10147 10298 3
9853 10299 1
9863 10300 1
10090 10301 1
10089 10301 1
9853 10304 1
10307 10306 1
10305 10307 1
10206 10308 1
10306 10308 1
10130 10309 1
10309 10310 1
10342 10310 1
10864 10310 1
10130 10310 5
10181 10310 1
9859 10311 1
10311 10312 1
9859 10312 2
10397 10313 1
9872 10313 2
9863 10314 1
10394 10318 2
10317 10318 1
10351 10320 6
10343 10320 1
10392 10320 2
9872 10320 11
10340 10320 1
10085 10321 1
10321 10322 1
10085 10322 2
10324 10323 2
10322 10323 2
10085 10324 2
10324 10325 2
10322 10325 2
9842 10326 2
10322 10326 2
10322 10327 2
10087 10327 2
9842 10328 2
10322 10328 2
10322 10329 2
10324 10329 2
10322 10330 2
9842 10330 2
10322 10331 2
10087 10331 2
10333 10332 1
10335 10334 4
10336 10335 5
10838 10337 1
9872 10337 2
10389 10338 1
9872 10338 2
10316 10340 1
10130 10341 1
10341 10342 1
10130 10342 2
10316 10343 1
10343 10344 1
9872 10344 1
10203 10345 1
10365 10346 1
10188 10346 2
9842 10347 2
10346 10347 2
10346 10348 2
10215 10348 2
10316 10349 1
9872 10350 2
10349 10350 1
9872 10351 6
10350 10351 2
10390 10351 1
10838 10351 1
10089 10353 1
10090 10353 1
10109 10354 1
10253 10355 2
10365 10355 1
10355 10356 2
10253 10356 2
10355 10357 2
10138 10357 2
10253 10358 2
10355 10358 2
10355 10359 2
10862 10359 1
10253 10359 3
10355 10360 2
10253 10360 2
9853 10361 1
9863 10363 1
9876 10364 1
10188 10365 1
10367 10366 1
10365 10366 1
10188 10367 1
10365 10368 1
9842 10368 2
10367 10369 1
10365 10369 1
10138 10370 2
10365 10370 1
10862 10370 1
10365 10371 1
10367 10371 1
9842 10372 1
10365 10372 1
10188 10373 2
10365 10373 1
10227 10374 1
10089 10375 1
10090 10375 1
10143 10376 1
10223 10377 1
10377 10378 1
9872 10378 2
10307 10380 1
10089 10381 1
10090 10381 1
9853 10382 1
10143 10383 1
10336 10384 3
9853 10385 1
12211 10386 1
10307 10387 1
10391 10388 1
10206 10388 2
10387 10388 1
10227 10389 1
10316 10390 1
10203 10391 1
10863 10392 1
9872 10392 2
10109 10393 1
10109 10395 1
10395 10396 1
10111 10396 1
10174 10397 1
10174 10398 1
10398 10399 1
9872 10399 1
9863 10827 1
10143 10828 1
10188 10829 1
9859 10830 1
9853 10831 1
10089 10834 1
10090 10834 1
9859 10835 1
10094 10836 1
10836 10837 1
10094 10837 1
10316 10838 1
10143 10840 1
10089 10841 1
10090 10841 1
9859 10843 1
10307 10844 1
10143 10846 1
9863 10848 1
10109 10851 1
10111 10852 1
10851 10852 1
9846 10854 1
10290 10854 1
10291 10854 1
10089 10854 1
10143 10856 1
9853 10857 1
9863 10858 1
10307 10859 1
10223 10861 1
10188 10862 1
10316 10863 1
10130 10864 1
10096 10865 1
10085 10866 1
10143 10867 1
9859 10868 1
12209 12208 2
10258 12208 1
12211 12210 1
10227 12211 1
12213 12212 1
12210 12212 1
12211 12213 5
10188 12213 3
12210 12214 1
12215 12214 1
12211 12215 3
