8954 8953 3
8975 8955 1
8958 8957 1
8957 8959 1
8960 8959 1
8958 8960 1
8963 8962 3
8965 8964 3
8967 8966 1
8969 8968 1
8966 8968 1
8967 8969 1
8965 8971 3
8973 8972 1
9024 8974 1
8975 8974 2
8972 8974 1
8960 8975 1
8973 8975 1
8988 8975 1
8977 8976 3
8979 8978 3
9004 8980 1
8981 8980 2
9029 8980 1
8965 8982 3
8977 8983 3
8965 8984 3
8988 8987 1
8975 8989 1
8987 8989 1
8962 8994 1
8962 8995 1
8994 8995 1
8980 8996 1
8998 8997 1
8996 8997 1
8980 8998 1
8996 8999 1
8998 8999 1
8998 9000 1
8996 9000 1
8998 9001 1
8996 9001 1
8955 9002 1
9002 9003 1
8955 9003 1
8965 9007 3
9010 9009 3
8969 9011 1
9011 9012 1
8969 9012 1
9013 9014 3
8960 9017 1
8960 9018 1
9017 9018 1
9017 9019 1
8975 9019 1
9022 9021 1
9022 9023 1
9021 9023 1
8975 9024 1
8955 9025 1
9024 9025 1
8955 9026 1
9024 9026 1
9024 9027 1
8955 9027 1
