11802 6499 1
11780 6500 1
6499 6500 1
6499 6501 1
11780 6501 1
7965 6502 1
8143 6503 1
6503 6504 1
11794 6504 1
6503 6505 1
11794 6505 1
9519 6506 1
8143 6507 1
11788 6508 1
7928 7927 1
7931 7930 1
9430 7931 3
7930 7932 1
8255 7932 1
9524 7932 2
11772 7933 1
7933 7934 1
11772 7934 1
9406 7935 2
8382 7935 1
8223 7936 1
7937 7936 2
11769 7938 1
11768 7938 1
8509 7939 1
7940 7939 4
7977 7941 2
8510 7941 1
7939 7941 4
11822 7942 1
8184 7943 1
9558 7943 3
7942 7943 1
8548 7943 1
7942 7944 1
9558 7944 1
11864 7945 4
9524 7946 1
8456 7947 1
8197 7947 1
8516 7947 1
8395 7947 1
7946 7947 1
9524 7947 5
8143 7948 1
8303 7948 2
9530 7949 1
9425 7951 2
9424 7951 2
8382 7952 1
7953 7952 2
9490 7954 1
9453 7956 1
8510 7957 1
7959 7957 4
7958 7957 2
8509 7959 1
7960 7959 4
11731 7961 1
11731 7962 1
7961 7962 1
7965 7964 1
7964 7966 1
7965 7966 1
11845 7967 1
7969 7968 1
8057 7969 1
7968 7970 1
8370 7970 1
7969 7970 4
8152 7970 1
8518 7970 1
7972 7971 1
7972 7973 3
8146 7973 1
7971 7973 1
8072 7973 1
8382 7974 1
9406 7974 2
8308 7975 1
7976 7975 2
7979 7978 1
9416 7979 3
7988 7979 3
7979 7980 2
7978 7980 1
7979 7981 2
7980 7981 2
7978 7982 1
8415 7982 1
7979 7982 5
8068 7982 2
8341 7982 1
8066 7982 1
7979 7983 2
7978 7983 1
7983 7984 2
7979 7984 2
9453 7985 1
9532 7986 1
9471 7987 2
8454 7987 1
9451 7991 1
9570 7993 1
8047 7994 1
7993 7994 1
9417 7994 2
9417 7995 1
7993 7995 1
9417 7996 1
7993 7996 1
11891 7997 2
11768 7998 1
8000 7999 1
8282 8000 2
8430 8000 1
7999 8001 1
8002 8001 2
8219 8001 1
8220 8002 1
8000 8002 1
8105 8003 1
8004 8003 2
8005 8004 2
9408 8006 1
8008 8007 2
8009 8007 4
8098 8007 1
8356 8007 1
9425 8008 2
9424 8008 2
9425 8009 1
8010 8009 4
9426 8010 4
8005 8011 2
11864 8012 4
8013 8014 3
8098 8015 1
8016 8015 2
8017 8015 4
8351 8015 1
9424 8016 2
9425 8016 2
9425 8017 1
8018 8017 4
9426 8018 4
11864 8019 4
9462 8020 4
8021 8020 2
8510 8020 1
9556 8023 1
9490 8024 1
9476 8025 1
11806 8028 1
8028 8029 1
8404 8029 1
8033 8029 2
11897 8029 3
8033 8030 2
8404 8030 1
11897 8030 3
8028 8030 1
11897 8031 3
8033 8031 2
8404 8031 1
8028 8031 1
11897 8032 1
8028 8032 1
11897 8033 2
8028 8033 1
11897 8034 2
8033 8034 2
9408 8036 1
8038 8037 1
11839 8039 4
8037 8039 1
8254 8039 2
8398 8039 1
8153 8040 1
11846 8040 2
11846 8041 2
8040 8041 2
11846 8042 2
8040 8042 2
7952 8044 1
8046 8045 1
8044 8045 1
7952 8046 1
8048 8047 1
7953 8048 2
8382 8048 1
11727 8049 1
9413 8050 2
8049 8050 1
8287 8050 1
8287 8051 1
8158 8051 1
8049 8051 1
9413 8051 4
8253 8051 1
9522 8053 1
11827 8054 1
9424 8055 2
9425 8055 2
11864 8056 4
7928 8057 1
11864 8058 4
8132 8059 2
11788 8059 3
8129 8060 1
11788 8060 4
8059 8060 3
8061 8062 3
8064 8063 1
8483 8065 1
8063 8065 1
8193 8065 1
8064 8065 6
8293 8065 1
8366 8065 1
8100 8065 1
7979 8066 1
8066 8067 1
8068 8067 2
7979 8067 2
8066 8068 1
7979 8068 2
7979 8069 2
8068 8069 2
8071 8070 4
8509 8070 1
7972 8072 1
9453 8073 1
9451 8074 1
8076 8075 1
8074 8075 1
9451 8076 2
8308 8076 1
8393 8076 2
8076 8077 1
8074 8077 1
8074 8078 1
8076 8078 1
8076 8079 1
8074 8079 1
8076 8080 1
8074 8080 1
8074 8081 1
8076 8081 1
8074 8082 1
8076 8082 1
8076 8083 1
8074 8083 1
8076 8084 1
8074 8084 1
8076 8085 1
8074 8085 1
9408 8086 1
8088 8087 2
8344 8087 1
8089 8090 3
8105 8091 1
8092 8091 2
8005 8092 2
8094 8093 2
11797 8093 4
8510 8093 1
9483 8096 1
9483 8097 1
8096 8097 1
8510 8098 1
9424 8098 2
9425 8098 3
9422 8099 1
8064 8100 1
9451 8102 1
8104 8103 1
8343 8104 2
8283 8104 1
8005 8105 2
8223 8105 1
8105 8106 1
8105 8107 1
8105 8108 1
8105 8109 1
8105 8110 1
8105 8111 1
8105 8112 1
8105 8113 1
8105 8114 1
8283 8115 1
8116 8115 2
11746 8117 1
8011 8118 2
8105 8118 1
7965 8119 1
9576 8120 3
8119 8120 1
6502 8120 1
8409 8120 1
9416 8121 3
11864 8122 4
8223 8124 1
8125 8124 2
9469 8126 1
11864 8127 4
9408 8128 1
8130 8129 1
8130 8131 2
8129 8131 1
8132 8131 2
8130 8132 2
8129 8132 1
8132 8133 2
8130 8133 3
8135 8134 3
8133 8134 3
8130 8135 3
8133 8136 3
11788 8136 3
9553 8140 1
8140 8141 1
9553 8141 2
8141 8142 2
9553 8142 3
8295 8142 1
8145 8144 1
8522 8145 1
8196 8145 2
7972 8146 1
11784 8147 1
8392 8148 1
8407 8148 2
8147 8148 1
8538 8148 1
11784 8148 7
8512 8148 1
8478 8148 1
9439 8149 1
9490 8151 1
7969 8152 1
11846 8153 1
8153 8154 1
11846 8154 1
11756 8156 1
8156 8157 1
11756 8157 1
8159 8158 1
8287 8160 1
8158 8160 1
9516 8160 2
11780 8161 1
8158 8161 1
11780 8162 1
8158 8162 1
11780 8163 1
8158 8163 1
8158 8164 1
11780 8164 1
8158 8165 1
11780 8165 1
11780 8166 1
8158 8166 1
8158 8167 1
11780 8167 1
8253 8168 1
8158 8168 1
9413 8168 2
9413 8169 2
8253 8169 1
8158 8169 1
11780 8170 1
8158 8170 1
8158 8171 1
9413 8171 2
8253 8171 1
8253 8172 1
9413 8172 2
8158 8172 1
8253 8173 1
8174 8173 3
8158 8173 1
11850 8174 1
8159 8174 1
9416 8174 3
11780 8175 1
8158 8175 1
8158 8176 1
11780 8176 1
9522 8178 1
11778 8179 1
9451 8181 1
8076 8182 1
8181 8182 1
8181 8183 1
8076 8183 1
11822 8184 1
8548 8185 1
9558 8185 2
8184 8185 1
9416 8186 3
9490 8187 1
11788 8188 1
9408 8189 1
8190 8191 3
9453 8192 1
8064 8193 1
9488 8194 1
9524 8197 1
9416 8198 3
9469 8199 1
8201 8200 1
8200 8202 1
8201 8202 3
8248 8202 1
8554 8202 1
9447 8203 2
8105 8203 1
8350 8204 1
8098 8204 1
8098 8205 1
8350 8205 1
8350 8206 1
8098 8206 1
8098 8207 1
8350 8207 1
8098 8208 1
8350 8208 1
8098 8209 1
8350 8209 1
8350 8210 1
8098 8210 1
8350 8211 1
8098 8211 1
8098 8212 1
8350 8212 1
8510 8213 1
8214 8213 2
11886 8213 4
11827 8216 1
9416 8217 3
11880 8218 1
8220 8219 1
8221 8220 2
8522 8220 1
8005 8222 2
8105 8224 1
8222 8224 2
8521 8225 2
8105 8225 1
8105 8226 1
8396 8226 2
8281 8227 2
8105 8227 1
8369 8228 2
8105 8228 1
8223 8229 1
8233 8229 2
8057 8230 1
9553 8231 2
8231 8232 2
9576 8232 2
9408 8234 3
9488 8235 1
9451 8236 1
9439 8238 1
8240 8241 3
8243 8242 1
8243 8244 1
8242 8244 1
8242 8245 1
8243 8245 1
8500 8247 1
11788 8247 2
8201 8248 1
8251 8249 1
8250 8249 1
9416 8249 3
9488 8252 1
11850 8253 1
8549 8254 1
11835 8254 2
8062 8255 1
8255 8256 1
19128 8256 1
8255 8257 1
19128 8257 1
9474 8258 1
8255 8258 1
19128 8259 1
8255 8259 1
8255 8260 1
9474 8260 1
19128 8261 1
8255 8261 1
8255 8262 1
9474 8262 1
8255 8263 1
19128 8263 1
8255 8264 1
19128 8264 1
8255 8265 1
19128 8265 1
8255 8266 1
19128 8266 1
9416 8267 3
11864 8268 4
11891 8269 1
8271 8270 1
8271 8272 1
8270 8272 1
9498 8274 1
8274 8275 1
8389 8275 1
9441 8275 3
8277 8276 1
8277 8278 1
8276 8278 1
7989 8279 1
11880 8280 1
8005 8281 2
9552 8285 1
11775 8286 1
9536 8287 1
9536 8288 1
8287 8288 1
9413 8289 1
8287 8289 1
11864 8290 4
9426 8291 4
11778 8292 1
8064 8293 1
11788 8294 1
9553 8295 1
9416 8297 3
11740 8297 4
8303 8298 2
9553 8299 1
9553 8300 1
8299 8300 1
9488 8301 1
8303 8302 3
8317 8302 2
8314 8303 1
8302 8304 3
8317 8304 2
8303 8304 3
7928 8306 1
8306 8307 1
7928 8307 1
9416 8309 3
9416 8310 3
9416 8311 3
9556 8312 1
8314 8313 1
8313 8315 1
8314 8315 1
8314 8316 1
8313 8316 1
8303 8317 2
8313 8317 1
8317 8318 2
8303 8318 2
8317 8319 2
8298 8319 2
8298 8320 2
8317 8320 2
8317 8321 2
8298 8321 2
8298 8322 2
8317 8322 2
8317 8323 2
8324 8323 2
8303 8324 2
8317 8325 2
8324 8325 2
8317 8326 2
8324 8326 2
8324 8327 2
8317 8327 2
8324 8328 2
8317 8328 2
8324 8329 2
8317 8329 2
8324 8330 2
8317 8330 2
8324 8331 2
8317 8331 2
8298 8332 2
8317 8332 2
8298 8333 2
8317 8333 2
8298 8334 2
8317 8334 2
8317 8335 2
8298 8335 2
8298 8336 2
8317 8336 2
8298 8337 2
8317 8337 2
8317 8338 2
6507 8338 1
7948 8338 3
8317 8339 2
8303 8339 2
8317 8340 2
8303 8340 2
7979 8341 1
8057 8342 1
9556 8345 1
8345 8346 1
9558 8346 1
8038 8347 1
9568 8348 1
8347 8348 1
9425 8350 1
9425 8351 1
9425 8352 1
9425 8353 1
9425 8354 1
9425 8355 1
9425 8356 1
9425 8357 1
9425 8358 1
9425 8359 1
9439 8360 1
11740 8361 1
8360 8361 1
8360 8362 1
11762 8362 1
11762 8363 1
8360 8363 1
8360 8364 1
11740 8364 1
8064 8366 1
9429 8367 1
8367 8368 1
9429 8368 1
8005 8369 2
8553 8370 1
8057 8370 2
8370 8371 1
8342 8371 1
8230 8372 1
8370 8372 1
9522 8373 1
8373 8374 1
8388 8374 1
9522 8374 2
9568 8375 1
9541 8376 1
11763 8377 1
9456 8378 1
8277 8379 1
8277 8380 1
8379 8380 1
9488 8381 1
8382 8383 1
9406 8383 2
11775 8384 1
7928 8385 1
8494 8386 1
8387 8386 2
9522 8388 1
9451 8389 1
9488 8390 1
11851 8391 1
11784 8392 1
9488 8394 1
7990 8395 1
8005 8396 2
8536 8397 1
19131 8397 2
11839 8398 1
8305 8399 1
11775 8401 1
8401 8402 1
11775 8402 1
8305 8403 1
11827 8404 1
9488 8406 1
11784 8407 2
8436 8407 1
11746 8408 1
9522 8409 1
11806 8414 1
7979 8415 1
7979 8416 1
8415 8416 1
8509 8417 1
8418 8417 4
7928 8419 1
11788 8420 2
8500 8420 1
9408 8421 1
7989 8422 1
9496 8423 1
6506 8424 1
11796 8424 2
8423 8424 1
11731 8425 1
11734 8426 1
11806 8428 1
9541 8429 1
9498 8431 1
11806 8432 1
11808 8433 1
8432 8433 1
8432 8434 1
11808 8434 1
11808 8435 1
8432 8435 1
11784 8436 1
11822 8437 1
9553 8438 1
8438 8439 1
9553 8439 1
8241 8440 1
8440 8441 1
8241 8441 1
8241 8442 1
8440 8442 1
8241 8443 1
8440 8443 1
8241 8444 1
8440 8444 1
8446 8445 1
8445 8447 1
8446 8447 1
9451 8448 1
9552 8449 1
11788 8451 1
11841 8452 1
9451 8453 1
9469 8454 1
8365 8456 1
9505 8457 1
8456 8457 1
9505 8458 1
8456 8458 1
9505 8459 1
8456 8459 1
9439 8461 1
11806 8463 1
8463 8464 1
11808 8464 1
11808 8465 1
8463 8465 1
7928 8466 1
9408 8467 1
11880 8468 1
9558 8469 1
8468 8469 1
9543 8470 1
11806 8471 1
9425 8472 1
8291 8472 4
9451 8473 1
8473 8474 1
9568 8474 1
8473 8475 1
9568 8475 1
9568 8476 2
8487 8476 1
8473 8476 1
11756 8477 1
11784 8478 1
9490 8480 1
9413 8481 1
11845 8482 1
8064 8483 1
11788 8484 1
9558 8485 1
11817 8485 1
9558 8486 1
11817 8486 1
9451 8487 1
8487 8488 1
9568 8488 1
9568 8489 1
8487 8489 1
7957 8490 1
11841 8491 1
8490 8491 1
8490 8492 1
11841 8492 1
9556 8493 1
11788 8495 1
11788 8496 1
8495 8496 1
9488 8497 1
9408 8499 1
11788 8500 1
11788 8501 1
8500 8501 1
11788 8502 1
8305 8505 1
9480 8506 1
9541 8507 1
11850 8511 1
11784 8512 1
8076 8513 1
7965 8514 1
8514 8515 1
9576 8515 1
9582 8516 1
11897 8517 1
7969 8518 1
11780 8519 1
7928 8520 1
8005 8521 2
11806 8523 1
9552 8524 1
8267 8526 1
11880 8527 1
8052 8528 1
8528 8529 1
8052 8529 1
9408 8530 1
8556 8531 1
9471 8531 2
11740 8532 1
9541 8533 1
8305 8534 1
8534 8535 1
8305 8535 1
19131 8536 1
8536 8537 1
19131 8537 1
11784 8538 1
9439 8539 1
8539 8540 1
11740 8540 1
9536 8541 1
9536 8542 1
8541 8542 1
8541 8543 1
9536 8543 1
9553 8545 1
9553 8546 1
8545 8546 1
11808 8547 1
11822 8548 1
11835 8549 1
9541 8550 1
8479 8551 1
8479 8552 1
8551 8552 1
7928 8553 1
8201 8554 1
9488 8555 1
9469 8556 1
9406 9405 2
8382 9405 1
8086 9407 1
9408 9407 17
8499 9407 1
8467 9407 1
9465 9407 3
9464 9407 1
8036 9407 1
8530 9407 1
8128 9407 1
8234 9407 3
11878 9407 1
8006 9407 1
8189 9407 1
8421 9407 1
8308 9409 1
9552 9409 1
9410 9409 2
9412 9411 3
11903 9411 1
11727 9413 1
8308 9413 1
9536 9413 1
11850 9413 1
8159 9413 1
9414 9413 2
9416 9415 3
8048 9417 1
9570 9417 1
9416 9418 3
9421 9420 1
8358 9422 1
9423 9422 2
8098 9422 1
9427 9422 4
9424 9423 2
9425 9423 2
8509 9425 1
9426 9425 22
9425 9427 1
9428 9427 4
9426 9428 4
9430 9429 5
9432 9431 1
11787 9432 2
8430 9432 1
8144 9433 1
9431 9433 1
9434 9433 2
8145 9434 1
9432 9434 1
9425 9435 2
9424 9435 2
9437 9436 4
9439 9438 1
9441 9440 84
8429 9440 1
8102 9440 1
11837 9440 1
8527 9440 1
8274 9440 1
8385 9440 1
8236 9440 1
8216 9440 1
8149 9440 1
8279 9440 1
11817 9440 2
8493 9440 1
8507 9440 1
7991 9440 1
11805 9440 1
8480 9440 1
11826 9440 1
8054 9440 1
11844 9440 1
11884 9440 1
8218 9440 1
8179 9440 1
8432 9440 1
19126 9440 1
8404 9440 1
8376 9440 1
11818 9440 1
8422 9440 1
11785 9440 1
8292 9440 1
8023 9440 1
11742 9440 1
9551 9440 1
8487 9440 1
11879 9440 1
11764 9440 1
8461 9440 1
9450 9440 1
8389 9440 1
9489 9440 1
8449 9440 1
19127 9440 1
8360 9440 1
11777 9440 1
7967 9440 1
8187 9440 1
8280 9440 1
8312 9440 1
8074 9440 1
8037 9440 1
8524 9440 1
9540 9440 1
9555 9440 1
8539 9440 1
8431 9440 1
8520 9440 1
9438 9440 1
8238 9440 1
8285 9440 1
8151 9440 1
8468 9440 1
8428 9440 1
11725 9440 1
8448 9440 1
8471 9440 1
11832 9440 1
8414 9440 1
8347 9440 1
7927 9440 1
8533 9440 1
8482 9440 1
8377 9440 1
8028 9440 1
8473 9440 1
8463 9440 1
8453 9440 1
8523 9440 1
8024 9440 1
7954 9440 1
11791 9440 1
8345 9440 1
8550 9440 1
8181 9440 1
11880 9441 6
11845 9441 3
11827 9441 6
9490 9441 8
9488 9441 12
9451 9441 11
9439 9441 6
9498 9441 2
7989 9441 2
8038 9441 2
9556 9441 8
11806 9441 8
11778 9441 5
11763 9441 1
11775 9441 2
9541 9441 7
7928 9441 3
9552 9441 6
9443 9442 3
9445 9444 4
9446 9445 9
8005 9447 2
9421 9448 1
9449 9448 3
9451 9450 1
7928 9451 4
11875 9452 1
8216 9452 1
8074 9452 1
9450 9452 1
8487 9452 1
11805 9452 1
8429 9452 1
8345 9452 1
8149 9452 1
11884 9452 1
11777 9452 1
8527 9452 1
8524 9452 1
8456 9452 1
9555 9452 1
8312 9452 1
8285 9452 1
19126 9452 1
8539 9452 1
8376 9452 1
9453 9452 34
8102 9452 1
8292 9452 1
8449 9452 1
8493 9452 1
8395 9452 1
8473 9452 1
8463 9452 1
8461 9452 1
8550 9452 1
8238 9452 1
19127 9452 1
11818 9452 1
11817 9452 1
9541 9453 3
8365 9453 1
9451 9453 5
9556 9453 6
8038 9453 1
11778 9453 2
11880 9453 2
9439 9453 4
9552 9453 3
11827 9453 3
7990 9453 1
11806 9453 2
7956 9454 1
9534 9454 1
9452 9454 34
11825 9454 4
19118 9454 2
9453 9454 49
11792 9454 1
9479 9454 2
9491 9454 2
11843 9454 2
9450 9455 1
8023 9455 1
9456 9455 5
8414 9455 1
11785 9455 1
8218 9455 1
9552 9456 1
9556 9456 1
9451 9456 1
11806 9456 1
11880 9456 1
9416 9456 3
11785 9457 1
8023 9457 1
9450 9457 1
8414 9457 1
9456 9457 5
8218 9457 1
9441 9458 52
8463 9458 1
8074 9458 1
8181 9458 1
7967 9458 1
8524 9458 1
11785 9458 1
8520 9458 1
8274 9458 1
8390 9458 1
8301 9458 1
8555 9458 1
8527 9458 1
8406 9458 1
19126 9458 1
11837 9458 1
8384 9458 1
8347 9458 1
8292 9458 1
8428 9458 1
8497 9458 1
8252 9458 1
8493 9458 1
8345 9458 1
11805 9458 1
8487 9458 1
8389 9458 1
8394 9458 1
8381 9458 1
11818 9458 1
8235 9458 1
8037 9458 1
11826 9458 1
8286 9458 1
8385 9458 1
8523 9458 1
8216 9458 1
11777 9458 1
8473 9458 1
11816 9458 1
8404 9458 1
8482 9458 1
8285 9458 1
8448 9458 1
7927 9458 1
8194 9458 1
9551 9458 1
8218 9458 1
19127 9458 1
9450 9458 1
9487 9458 1
8280 9458 1
8533 9458 1
9459 9460 3
9459 9461 3
9463 9462 4
8509 9462 1
9408 9464 1
8421 9465 1
9408 9465 3
9464 9465 1
8308 9466 1
9467 9466 2
9469 9468 1
8510 9469 1
8070 9469 4
8195 9469 2
9471 9470 2
9468 9470 1
9469 9471 7
9470 9472 2
11867 9472 3
11870 9472 7
7987 9472 2
9471 9472 13
8531 9472 2
11867 9473 3
9470 9473 2
11871 9473 3
8255 9473 1
9474 9473 8
9416 9474 3
8062 9474 1
9471 9474 7
9476 9475 2
8025 9475 1
9476 9477 2
9475 9477 2
9453 9478 1
9453 9479 2
9478 9479 1
9481 9480 2
8308 9480 1
9493 9480 1
9483 9482 1
9482 9484 1
9483 9484 1
11903 9485 1
9486 9485 6
11903 9486 1
9488 9487 1
9490 9489 1
9453 9491 2
11733 9491 1
9493 9492 1
8417 9493 4
8498 9493 2
8510 9493 1
9492 9494 1
9480 9494 1
9492 9495 1
9480 9495 1
8522 9496 1
9497 9496 2
9500 9499 4
6503 9499 1
8143 9500 1
11851 9500 1
11848 9500 2
6509 9500 1
9500 9501 6
9499 9501 4
11770 9501 1
9499 9502 2
9501 9502 6
6503 9502 1
8391 9502 1
11770 9502 1
9500 9502 8
11866 9503 1
9471 9503 4
11871 9503 3
11867 9504 3
11871 9504 3
9503 9504 4
9471 9504 6
8365 9505 1
9483 9506 1
9506 9507 1
9483 9507 1
9506 9508 1
8096 9508 1
9483 9508 2
9510 9509 2
9588 9509 1
9506 9509 1
9483 9510 2
9425 9510 1
11726 9510 4
9510 9511 2
9506 9511 1
9588 9511 1
9506 9512 1
9588 9512 1
9483 9512 2
8511 9513 1
9506 9513 1
9514 9513 4
9588 9513 1
11850 9514 1
9483 9514 2
9416 9514 3
11761 9515 1
9513 9515 4
8399 9515 1
11760 9515 1
8426 9515 1
9516 9515 35
8505 9515 1
8173 9515 3
7949 9515 1
8506 9515 1
8481 9515 1
19114 9515 2
8378 9515 1
8513 9515 1
8395 9515 1
8519 9515 1
8375 9515 1
8403 9515 1
8526 9515 1
8384 9515 1
8456 9515 1
8532 9515 1
8551 9515 1
8547 9515 1
8470 9515 1
11883 9515 1
9566 9515 1
8452 9515 1
8517 9515 1
8286 9515 1
7990 9516 1
9558 9516 1
8305 9516 3
11841 9516 1
9536 9516 1
11897 9516 1
9409 9516 1
11775 9516 2
8159 9516 1
8365 9516 1
9466 9516 1
9568 9516 1
11780 9516 1
9456 9516 1
9413 9516 1
8174 9516 3
8479 9516 1
11762 9516 1
19115 9516 2
9480 9516 1
8267 9516 1
9543 9516 1
11740 9516 1
9530 9516 1
8076 9516 1
11808 9516 1
9514 9516 4
11734 9516 1
9518 9517 2
8223 9517 1
8430 9519 1
9520 9519 2
9522 9521 2
8053 9521 1
9522 9523 2
9521 9523 2
9582 9524 1
7931 9524 1
8365 9524 1
8062 9524 1
9525 9524 3
9526 9524 1
7990 9524 1
9528 9527 1
8510 9528 1
11887 9528 2
11888 9528 4
9527 9529 1
9530 9529 1
8308 9530 1
11833 9530 2
9528 9530 1
9530 9531 1
9527 9531 1
9533 9532 4
9453 9534 1
9536 9535 1
9535 9537 1
9536 9537 2
11800 9537 1
9535 9538 1
9536 9538 1
9445 9539 4
9541 9540 1
9540 9542 1
9543 9542 1
9541 9543 1
8138 9543 2
8308 9543 1
9540 9544 1
9543 9544 1
9543 9545 1
9540 9545 1
9543 9546 1
9540 9546 1
9540 9547 1
9543 9547 1
9540 9548 1
9543 9548 1
9543 9549 1
9540 9549 1
9540 9550 1
9543 9550 1
9552 9551 1
11756 9553 3
9554 9553 2
11899 9553 1
9556 9555 1
9555 9557 1
9558 9557 3
11818 9557 1
8345 9557 1
8308 9558 1
11822 9558 5
9556 9558 4
11880 9558 1
7929 9558 2
9555 9559 1
9453 9559 2
11818 9559 1
9555 9560 1
9558 9560 2
11818 9560 1
8345 9561 1
9453 9561 4
9555 9561 1
8347 9561 1
11818 9561 1
8345 9562 1
11818 9562 1
9555 9562 1
9558 9562 3
9558 9563 3
9555 9563 1
11818 9563 1
8345 9563 1
9558 9564 2
9555 9564 1
8345 9564 1
9555 9565 1
9558 9565 2
11818 9565 1
9409 9566 1
9446 9567 3
8038 9568 1
9569 9568 2
9451 9568 2
8308 9568 1
9441 9572 1
9574 9573 1
9572 9573 1
9441 9574 1
9572 9575 1
9574 9575 1
9522 9576 1
7965 9576 3
9553 9576 2
9578 9577 3
9445 9579 4
8522 9580 1
9581 9580 2
8098 9582 1
8357 9582 1
9584 9582 4
9583 9582 2
9424 9583 2
9425 9583 2
9425 9584 1
9585 9584 4
9426 9585 4
9587 9586 3
9483 9588 1
9588 9589 1
9483 9589 1
9588 9590 1
9510 9590 1
9592 9591 2
8223 9591 1
9541 11725 1
9426 11726 4
9435 11727 2
8098 11727 1
9510 11727 4
8353 11727 1
8223 11728 1
11729 11728 2
11731 11730 1
11730 11732 1
11731 11732 2
8425 11732 1
9453 11733 1
8308 11734 1
11735 11734 2
8159 11734 1
11880 11734 1
11814 11734 1
11850 11734 1
9449 11736 3
9422 11738 1
11738 11739 1
11740 11739 1
8296 11740 4
9439 11740 2
9422 11740 3
8308 11740 1
8099 11741 1
11738 11741 1
11740 11741 3
19119 11741 1
9552 11742 1
9409 11743 1
11742 11743 1
9409 11744 1
11742 11744 1
11746 11745 1
8139 11746 3
11745 11747 1
11746 11747 2
8408 11748 1
11750 11748 2
11751 11748 2
11746 11748 7
11747 11748 2
11749 11748 2
8117 11748 1
11746 11749 2
11745 11749 1
11745 11750 1
11746 11750 2
11746 11751 2
11745 11751 1
11754 11753 2
8223 11753 1
11756 11755 1
11790 11756 3
11755 11757 1
8477 11757 1
9553 11757 3
11786 11757 1
9416 11758 3
9425 11759 2
9424 11759 2
9466 11760 1
11762 11761 1
9439 11762 1
9416 11762 3
9490 11764 1
8461 11765 1
11764 11765 1
11766 11765 4
8480 11765 1
8238 11765 1
9490 11766 2
9439 11766 2
11768 11767 3
7928 11768 1
11767 11769 1
11768 11769 7
7998 11769 1
8306 11769 1
9500 11770 3
8391 11770 1
11772 11771 1
11772 11773 2
11774 11773 2
11771 11773 1
11772 11774 2
11771 11774 1
11776 11775 3
11778 11777 1
11777 11779 1
11780 11779 1
11802 11780 1
8159 11780 1
8308 11780 1
11778 11780 2
8525 11780 2
11777 11781 1
11780 11781 1
11777 11782 1
11780 11782 2
8292 11782 1
8292 11783 1
11777 11783 1
11780 11783 2
9552 11785 1
11756 11786 1
8130 11788 3
7928 11788 2
8104 11788 1
11789 11788 2
8460 11788 1
9490 11791 1
9453 11792 1
9426 11793 4
11795 11794 2
8246 11794 1
8143 11794 1
9496 11796 1
9519 11796 1
8509 11797 1
11798 11797 4
9522 11799 2
9536 11800 1
9536 11801 1
11800 11801 1
11804 11802 4
8098 11802 1
11803 11802 2
8355 11802 1
9425 11803 2
9424 11803 2
9425 11804 1
11793 11804 4
11806 11805 1
11808 11807 1
11805 11807 1
11806 11808 3
8400 11808 2
8308 11808 1
11808 11809 1
11805 11809 1
11788 11811 1
8502 11812 1
8484 11812 1
8247 11812 2
8420 11812 2
8060 11812 4
8466 11812 1
11811 11812 1
8294 11812 1
8419 11812 1
11834 11812 1
11788 11812 20
11838 11812 2
8188 11812 1
8103 11812 1
6508 11812 1
8451 11812 1
11814 11813 1
8055 11814 2
8354 11814 1
11830 11814 4
8098 11814 1
11734 11815 1
11813 11815 1
9488 11816 1
9556 11817 2
9556 11818 1
9558 11819 1
11818 11819 1
11822 11821 1
8472 11822 4
8359 11822 1
7951 11822 2
8098 11822 1
8468 11823 1
8548 11823 1
11821 11823 1
9558 11823 5
8184 11823 1
8437 11823 1
9453 11824 1
11824 11825 1
9453 11825 4
7985 11825 1
8073 11825 1
11827 11826 1
8508 11828 1
11829 11828 2
9425 11830 1
11831 11830 4
9426 11831 4
11778 11832 1
11788 11834 1
11836 11835 3
11778 11837 1
11788 11838 2
8500 11838 1
11835 11839 3
8038 11839 2
8308 11841 1
11842 11841 2
7957 11841 1
9453 11843 2
8192 11843 1
11845 11844 1
11847 11846 2
8137 11846 1
9443 11849 3
11852 11851 3
9416 11853 3
9587 11854 3
8283 11855 1
11856 11855 2
11858 11857 1
9421 11858 1
11857 11859 1
11858 11859 1
11858 11860 1
11857 11860 1
11857 11861 1
11862 11861 2
11858 11861 2
11858 11862 2
11857 11862 1
11864 11863 4
9416 11864 25
9469 11866 1
9471 11867 3
8199 11867 1
11866 11867 1
11871 11868 3
11867 11868 3
9474 11868 5
11867 11869 3
11871 11869 3
9474 11869 5
8126 11870 1
9471 11870 7
11867 11870 3
11871 11870 3
11866 11871 1
19116 11871 1
9471 11871 3
11873 11872 4
8098 11872 1
11759 11872 2
8352 11872 1
11874 11873 4
9425 11873 1
9426 11874 4
9453 11875 1
11876 11877 4
9408 11878 1
11880 11879 1
11879 11881 1
11734 11881 1
11734 11882 3
8158 11882 1
8253 11882 1
11879 11882 1
9558 11883 1
11827 11884 1
11886 11885 1
11884 11885 1
8509 11886 1
11827 11886 1
8215 11886 4
11889 11888 4
8509 11888 1
11891 11890 2
19123 11891 4
7997 11892 2
11891 11892 5
8269 11892 1
11890 11892 2
11864 11893 4
8254 11894 2
11835 11894 3
11839 11895 3
11894 11895 3
8347 11896 1
11894 11896 3
11839 11896 4
9416 11897 3
11806 11897 1
11827 11897 1
9421 11898 1
9449 11898 3
11901 11900 3
11903 11902 1
11902 11904 1
11905 11904 1
7963 11905 3
11903 11905 1
9486 11906 1
11902 11906 1
9411 11907 1
11902 11907 1
11902 11908 1
9485 11908 1
11902 19113 1
9411 19113 1
19115 19114 2
8074 19114 1
9451 19115 1
9416 19115 3
9469 19116 1
9453 19117 1
9453 19118 2
19117 19118 1
9422 19119 1
11740 19120 2
8099 19120 1
19119 19120 1
8223 19121 1
19122 19121 2
11769 19125 1
11768 19125 1
11880 19126 1
11827 19127 1
9416 19128 3
8062 19128 1
9587 19129 3
8397 19130 2
19131 19130 3
8397 19132 2
19130 19132 3
19131 19132 3
8522 19133 1
19134 19133 2
