8799 8798 2
8907 8798 1
8801 8800 3
8941 8800 1
8803 8802 2
8804 8802 3
8907 8802 1
8827 8806 2
8826 8806 2
8808 8806 3
8807 8806 1
8805 8806 1
8892 8809 6
8810 8809 7
8846 8810 1
8830 8810 1
8853 8810 3
8828 8810 4
8878 8810 1
8829 8810 11
8802 8810 2
8848 8810 2
8908 8810 1
8809 8811 1
8883 8811 1
8871 8811 1
8916 8811 1
8863 8811 1
8920 8811 1
8847 8811 1
8928 8811 1
8924 8811 1
8897 8811 1
8873 8811 1
8937 8811 1
8912 8811 1
8946 8811 1
8810 8811 16
8876 8811 1
8810 8812 16
8811 8812 16
8813 8814 1
8923 8814 2
8813 8815 1
8904 8815 2
8813 8816 1
8839 8816 2
8813 8817 1
8915 8817 2
8854 8818 2
8813 8818 1
8926 8819 2
8939 8819 1
8813 8819 1
8821 8820 1
8925 8821 1
8868 8821 2
8947 8822 1
8823 8822 2
8820 8822 1
8940 8823 1
8810 8823 6
8804 8823 3
8821 8823 1
8917 8823 1
8849 8823 1
8820 8824 1
8947 8824 1
8825 8824 2
8917 8825 1
8821 8825 1
8804 8825 3
8810 8828 4
8804 8830 3
8831 8830 2
8907 8830 1
8833 8832 3
8835 8834 3
8938 8836 1
8837 8836 2
8833 8838 3
8834 8840 1
8834 8841 1
8840 8841 1
8843 8842 1
8884 8843 1
8869 8843 4
8842 8844 1
8905 8844 1
8845 8844 2
8907 8845 1
8843 8845 1
8814 8845 1
8859 8845 2
8810 8845 6
8804 8845 3
8810 8846 4
8848 8847 2
8887 8847 1
8810 8848 4
8850 8849 2
8936 8849 1
8801 8851 3
8801 8852 3
8810 8853 4
8892 8855 6
8823 8855 7
8919 8856 1
8855 8856 7
8892 8856 6
8823 8856 8
8909 8858 1
8804 8858 3
8825 8860 1
8862 8861 1
8860 8861 1
8825 8862 1
8945 8863 1
8828 8863 2
8833 8864 3
8865 8866 1
8906 8866 2
8843 8870 4
8810 8871 7
8892 8871 6
8810 8872 7
8892 8872 6
8810 8873 8
8892 8873 6
8872 8873 7
8806 8874 1
8874 8875 1
8877 8875 1
8806 8875 2
8945 8876 1
8828 8876 2
8806 8877 1
8846 8878 1
8879 8878 2
8804 8878 3
8828 8878 1
8907 8878 1
8936 8880 1
8881 8880 2
8878 8882 3
8913 8882 1
8945 8882 1
8878 8883 4
8882 8883 3
8886 8885 3
8848 8887 1
8945 8888 1
8913 8888 1
8810 8888 7
8927 8888 1
8887 8888 1
8892 8888 6
8945 8889 1
8810 8889 7
8888 8889 7
8892 8890 6
8810 8890 6
8887 8890 1
8927 8890 1
8913 8891 1
8810 8891 4
8887 8891 1
8927 8891 1
8810 8892 6
8891 8892 4
8945 8892 1
8892 8893 6
8845 8893 7
8845 8894 6
8892 8894 6
8845 8895 6
8892 8895 6
8892 8896 6
8845 8896 6
8892 8897 6
8810 8897 7
8845 8898 6
8892 8898 6
8892 8899 6
8845 8899 6
8892 8900 6
8901 8900 6
8810 8901 6
8903 8901 3
8945 8902 1
8913 8902 1
8887 8902 1
8810 8902 4
8927 8902 1
8814 8905 1
8907 8908 1
8804 8908 3
8935 8908 2
8886 8910 3
8886 8911 3
8853 8912 2
8927 8912 1
8846 8913 1
8913 8914 1
8846 8914 1
8908 8916 1
8918 8917 2
8925 8917 1
8823 8919 1
8830 8920 1
8922 8921 3
8945 8924 1
8828 8924 2
8853 8927 1
8927 8928 1
8853 8928 2
8849 8929 1
8929 8930 1
8823 8930 1
8858 8931 1
8931 8932 1
8858 8932 1
8858 8933 2
8931 8933 1
8858 8934 2
8933 8934 2
8802 8937 1
8823 8942 1
8823 8943 1
8942 8943 1
8828 8945 1
8802 8946 1
8917 8947 1
