1195 1128 1
1191 1128 2
1501 1191 1
1128 1192 2
1491 1192 2
1194 1193 2
1195 1193 1
1128 1193 2
1503 1194 2
1501 1194 2
1191 1194 2
1501 1195 1
1503 1196 2
1195 1196 1
1194 1197 2
1196 1197 2
1196 1198 2
1194 1198 2
1194 1199 2
1195 1199 1
1200 1199 1
1501 1200 1
1490 1489 2
1488 1489 1
1191 1491 2
1493 1492 1
1201 1493 1
1500 1493 2
1492 1494 1
1493 1494 2
1494 1495 2
1493 1495 2
1493 1496 2
1492 1496 1
1498 1497 3
1496 1497 2
1499 1497 2
1493 1498 3
1492 1499 1
1493 1499 2
1202 1501 1
1502 1501 2
1501 1503 1
