126 124 6
1959 124 5
124 125 5
14473 126 1
14491 127 1
127 128 1
14491 128 1
12255 130 2
14497 132 1
12241 133 1
14473 134 1
14475 135 1
134 135 1
1833 136 4
14465 137 1
137 138 1
14467 138 1
14467 139 1
137 139 1
14467 140 1
137 140 1
1868 141 1
14232 142 1
14462 143 2
142 143 1
176 143 1
142 144 1
14462 144 1
14462 145 1
142 145 1
14462 146 1
142 146 1
467 147 1
14462 147 2
142 147 1
4866 148 1
1904 149 1
1937 150 1
11961 151 1
3760 152 1
14228 153 2
152 153 1
1918 154 3
153 154 2
156 154 2
152 155 1
14228 155 2
152 156 1
14228 156 2
1971 157 2
447 157 1
157 158 1
14453 158 1
157 159 1
447 159 1
14454 159 2
447 160 1
157 160 1
14454 160 2
1835 161 1
12224 162 1
11993 163 1
11927 164 1
166 165 1
164 165 1
11927 166 1
4868 167 1
11997 168 1
14497 169 1
14491 170 1
170 171 1
1867 171 2
171 172 2
3311 172 2
12163 173 1
14228 174 1
173 174 1
2036 175 1
14232 176 1
14462 177 1
176 177 1
124 178 1
180 179 1
178 179 1
124 180 1
1867 181 1
181 182 1
3311 182 1
1835 183 1
12316 184 1
184 185 1
382 185 1
12319 185 2
1838 187 1
187 188 1
1838 188 2
436 188 1
187 189 1
436 189 1
1838 189 2
187 190 1
1838 190 1
1835 191 1
13968 192 1
13968 193 1
192 193 1
12314 194 1
3295 195 1
12245 196 1
195 196 1
195 197 1
198 197 1
3295 198 1
195 199 1
12145 199 1
12165 200 1
200 201 1
12165 201 1
200 202 1
12165 202 1
12165 203 1
200 203 1
12165 204 1
200 204 1
12165 205 1
200 205 1
200 206 1
14491 206 1
200 207 1
11931 207 1
11931 208 1
200 208 1
12165 209 1
200 209 1
200 210 1
12165 210 1
212 211 1
200 211 1
12165 212 1
200 213 1
11931 213 1
11931 214 1
200 214 1
3808 216 2
545 216 1
1937 217 1
1833 218 1
1868 219 1
14446 220 1
1937 221 1
1963 222 1
14453 223 2
222 223 1
531 223 1
11951 224 1
14453 224 1
1835 225 1
1837 226 2
225 226 1
1835 227 1
1937 228 1
3821 230 1
230 231 1
11905 231 1
12133 232 1
232 233 1
434 233 2
11902 233 4
12133 234 4
233 234 4
232 235 1
11902 235 1
14470 236 1
14470 237 2
236 237 1
576 237 1
1963 238 1
1835 239 1
1837 240 1
239 240 1
566 241 1
1837 241 2
1915 242 1
242 243 1
1850 243 1
1919 244 1
3745 245 1
244 245 1
1878 246 1
1837 247 3
4863 247 1
519 247 1
226 247 1
430 248 1
14212 248 2
12216 249 1
14497 250 1
568 251 1
130 251 2
1913 252 1
4855 253 4
532 253 1
252 253 1
254 253 2
4853 254 2
252 254 1
4853 255 2
252 255 1
1882 256 1
252 256 1
355 354 1
354 356 1
355 356 1
4860 357 1
4858 358 1
1839 359 1
358 359 1
11993 360 1
1994 361 1
360 361 1
1832 362 1
14445 363 1
14497 364 1
14477 365 1
1992 366 1
4868 367 1
366 367 1
366 368 1
4868 368 1
14219 369 1
14219 370 1
14497 371 1
1869 372 1
12285 373 1
372 373 1
3799 374 3
385 374 2
3799 375 5
374 375 3
383 375 3
14497 376 1
3787 377 1
14439 378 1
1835 379 2
14497 380 1
4875 381 1
13984 382 1
525 383 1
382 383 1
3799 383 3
3799 384 1
382 384 1
382 385 1
3799 385 2
1920 386 1
3745 387 1
386 387 1
14497 388 1
14222 389 1
389 390 1
14222 390 1
568 391 1
12255 391 2
130 392 3
391 392 2
484 392 2
130 393 2
391 393 2
1878 395 1
14497 396 1
1835 398 1
14497 400 1
14491 401 1
401 402 1
1867 402 1
3808 403 1
1835 404 1
14497 405 1
12231 405 1
12231 406 1
14497 406 1
14497 407 1
12231 407 1
14497 408 1
12231 408 1
14497 409 1
12231 409 1
14497 410 1
12231 410 1
14497 411 1
12231 411 1
12231 412 1
14497 412 1
14497 413 1
12231 413 1
14497 414 1
12231 414 1
12231 415 1
14497 415 1
14497 416 1
12231 416 1
12231 417 1
14497 417 1
14497 418 1
12231 418 1
14497 419 1
12231 419 1
12302 420 1
1835 422 1
1837 423 1
422 423 1
1937 424 1
3783 425 3
425 426 3
1925 426 3
1966 427 1
427 428 1
1966 428 1
1992 429 1
14212 430 1
136 431 1
1904 433 1
436 434 1
11902 434 2
1937 435 1
11900 436 1
11902 437 1
436 437 1
436 438 1
11902 438 1
536 439 1
11902 439 2
436 439 1
436 440 1
12258 440 1
436 441 1
12258 441 1
12258 442 1
436 442 1
436 443 1
12258 443 1
436 444 1
1838 444 1
436 445 1
3305 445 1
3305 446 1
436 446 1
1971 447 1
14454 448 1
447 448 1
447 449 1
1971 449 1
447 450 1
536 450 1
11900 450 2
11900 451 1
447 451 1
447 452 1
14454 452 1
525 453 1
447 453 1
14454 453 2
447 454 1
1971 454 1
447 455 1
14473 455 2
447 456 1
14473 456 1
2022 457 1
447 457 1
14482 458 1
1937 459 1
1867 460 2
500 460 1
3311 461 2
460 461 2
1987 462 1
12219 463 1
2006 463 2
462 463 1
1839 464 1
14521 465 1
14497 466 1
14462 467 1
1839 468 1
12258 469 1
468 469 1
12258 470 1
468 470 1
468 471 1
12258 471 1
12258 472 1
468 472 1
12258 473 1
468 473 1
12158 474 3
12125 475 1
14212 477 1
14212 478 1
477 478 1
1835 479 1
479 480 1
1837 480 2
4868 481 1
14497 482 1
130 484 2
568 484 1
14489 485 1
485 486 1
14489 486 1
14489 487 1
485 487 1
14489 488 1
485 488 1
14446 489 1
3808 490 1
489 490 1
489 491 1
3808 491 1
14473 493 1
126 494 1
493 494 1
493 495 1
126 495 1
493 496 1
126 496 1
1830 497 1
14445 498 1
14497 499 1
14491 500 1
2059 501 1
14465 502 1
14467 503 1
502 503 1
12171 504 1
124 505 1
505 506 1
124 506 1
13968 507 1
507 508 1
13968 508 1
14497 509 1
511 510 1
511 512 1
510 512 1
14222 513 1
513 514 1
14222 514 1
3808 516 1
14497 518 1
1835 519 1
14222 520 1
520 521 1
14222 521 1
1835 523 1
523 524 1
1837 524 1
1963 525 1
3795 526 1
525 526 1
525 527 1
238 527 1
525 528 1
238 528 1
1968 529 1
3745 530 1
529 530 1
1832 531 1
4854 532 1
4860 533 1
1932 534 1
4884 536 1
11900 537 1
536 537 1
536 538 1
3305 538 1
3784 539 1
1904 540 1
3812 541 1
541 542 1
3803 542 1
14233 543 2
552 543 1
3787 544 1
4868 545 1
1994 546 1
545 546 1
1994 547 1
545 547 1
1994 548 1
545 548 1
14453 549 1
545 549 1
1994 550 1
545 550 1
1874 551 1
11909 552 1
1835 555 1
1937 557 1
1929 558 1
14473 559 1
1888 560 1
559 560 1
1835 561 1
14497 562 1
14228 563 1
11892 564 1
3812 565 1
1835 566 1
12255 568 1
568 569 1
130 569 1
2053 570 1
2055 570 1
1904 571 1
2020 572 1
1878 573 1
14209 574 1
574 575 1
14209 575 1
12227 576 1
14465 577 1
1825 1824 4
1827 1826 8
545 1826 1
220 1826 1
12251 1826 1
3751 1826 4
14210 1827 1
14446 1827 5
12075 1827 1
4868 1827 1
220 1828 1
1829 1828 9
12243 1828 1
545 1828 1
1826 1828 8
12251 1828 1
14210 1829 1
1827 1829 8
12075 1829 1
14446 1829 5
4868 1829 1
1831 1830 2
1901 1830 1
1833 1832 4
3301 1833 2
1835 1834 1
12170 1835 1
11983 1836 2
14495 1836 3
14481 1836 36
14223 1836 4
12184 1836 3
480 1836 2
14224 1836 3
1837 1836 62
12087 1836 2
4877 1836 2
1957 1836 2
1834 1836 1
3840 1836 2
14505 1837 15
14430 1837 1
3779 1837 1
1835 1837 45
4875 1837 1
1913 1837 1
1882 1837 2
14436 1837 1
4854 1837 1
11892 1837 1
14479 1837 23
3762 1837 1
4853 1837 2
14212 1837 3
1874 1837 23
1868 1837 1
13984 1837 1
12314 1837 1
14210 1837 1
3792 1837 1
4855 1837 6
14473 1837 1
14518 1837 1
3777 1837 2
12080 1837 1
2033 1837 6
4868 1837 2
2028 1837 2
12075 1837 1
1832 1837 2
14446 1837 5
1932 1837 1
14483 1837 1
3295 1837 1
4866 1837 1
11900 1838 1
1847 1838 2
1830 1839 1
1838 1839 4
4858 1839 1
14443 1839 1
14209 1840 4
12125 1841 1
1841 1842 2
14526 1842 2
195 1843 1
14526 1843 2
14487 1843 4
1843 1844 4
12064 1844 2
14487 1844 6
14455 1845 1
1847 1846 2
1845 1846 1
14455 1847 1
1833 1847 4
222 1848 1
536 1848 1
1880 1848 1
357 1848 1
12296 1848 1
4878 1848 1
12243 1848 1
362 1848 1
1846 1848 2
14453 1848 26
531 1848 1
12190 1848 4
12251 1848 1
381 1848 1
3778 1848 1
151 1848 1
3309 1848 1
1962 1848 1
195 1848 1
168 1848 1
12335 1848 1
148 1848 1
11989 1848 1
12335 1849 1
1850 1849 24
12190 1849 4
11988 1849 4
1880 1849 1
11989 1849 1
357 1849 1
12243 1849 1
4871 1849 6
195 1849 1
1846 1849 2
3778 1849 1
148 1849 1
12251 1849 1
4878 1849 1
12296 1849 1
381 1849 1
3779 1850 1
12075 1850 1
1847 1850 2
1839 1850 2
4860 1850 1
4866 1850 1
14430 1850 1
3295 1850 2
14505 1850 25
14210 1850 1
14449 1850 4
4875 1850 1
11997 1850 1
14433 1850 1
1915 1850 1
14515 1850 1
14470 1850 8
1963 1850 2
1832 1850 2
4884 1850 1
14442 1850 1
4879 1850 1
11961 1850 1
4878 1851 1
1852 1851 4
1846 1851 2
12209 1852 3
1847 1852 2
14449 1852 4
14430 1852 1
4879 1852 1
1852 1853 5
1851 1853 4
11962 1854 1
12129 1854 1
1853 1854 5
14461 1854 10
12335 1854 1
246 1854 1
1856 1855 5
1853 1855 5
4879 1856 1
14524 1856 4
1852 1856 5
1847 1856 2
1851 1857 4
1852 1857 10
4870 1857 1
12190 1857 4
1880 1858 1
14479 1858 25
3796 1858 9
1857 1858 10
3778 1858 1
381 1858 1
1860 1859 30
12251 1859 1
3778 1859 1
1858 1859 25
12001 1859 1
3834 1859 1
12222 1859 2
4856 1859 1
12075 1860 1
14479 1860 25
3835 1860 1
3779 1860 1
1932 1860 1
4857 1860 1
14473 1860 2
1857 1861 10
14479 1861 11
1858 1861 1
1846 1862 2
4878 1862 1
1856 1862 4
1856 1863 5
1862 1863 4
12153 1863 1
12153 1864 1
1856 1864 5
1862 1864 4
1846 1865 2
1850 1865 2
436 1866 1
1838 1866 3
1846 1866 2
14491 1867 4
14494 1867 3
1833 1868 4
1870 1869 3
14222 1871 1
1871 1872 1
14222 1872 1
12079 1873 1
1874 1873 2
4860 1874 1
12080 1874 1
12075 1874 1
1904 1874 11
3779 1874 1
14430 1874 1
1837 1875 27
12079 1875 1
3742 1875 2
532 1875 1
3781 1875 5
381 1875 1
1906 1875 19
1873 1875 2
252 1875 1
1878 1877 1
13977 1878 1
12170 1878 1
12111 1879 5
573 1879 1
1854 1879 1
12287 1879 1
1877 1879 1
14461 1879 9
14430 1880 1
1882 1881 2
252 1881 1
1913 1882 1
14432 1882 4
12318 1883 1
1837 1883 6
12014 1883 3
1881 1883 2
12000 1884 1
14473 1885 1
14475 1886 1
1885 1886 1
1885 1887 1
12013 1887 1
1888 1887 2
14473 1888 3
3842 1889 1
1890 1889 7
14470 1889 4
1839 1889 1
1968 1889 1
12227 1889 1
1892 1891 3
14228 1893 2
395 1894 1
1893 1894 1
14461 1894 2
1835 1895 1
1837 1896 8
12243 1896 1
12251 1896 1
551 1896 1
1895 1896 1
252 1896 1
12001 1896 1
545 1896 1
148 1896 1
561 1897 1
1837 1897 2
4864 1898 1
1897 1898 2
1837 1898 3
14484 1899 1
1901 1900 4
1904 1903 1
1874 1905 7
12308 1905 1
3778 1905 1
149 1905 1
12103 1905 1
1903 1905 1
3744 1906 1
1837 1906 19
1905 1906 7
3780 1906 7
551 1906 1
12082 1906 3
14491 1907 1
14491 1908 4
170 1908 1
500 1908 1
1907 1908 1
401 1908 1
1907 1909 1
1867 1909 1
1835 1910 1
1910 1911 1
1837 1911 2
1837 1912 3
3759 1912 1
1911 1912 2
14432 1913 4
14445 1914 6
1850 1915 4
1917 1916 2
1901 1916 1
14228 1918 3
1918 1919 4
1918 1920 4
1923 1921 1
1922 1921 4
1999 1922 2
1925 1924 4
3783 1925 3
1926 1927 3
1926 1928 3
1930 1929 4
1931 1930 5
1833 1932 4
1934 1933 4
12297 1935 1
493 1935 1
555 1935 1
1837 1935 5
489 1935 1
1937 1936 1
12123 1938 1
424 1938 1
217 1938 1
11958 1938 1
12213 1938 1
3741 1938 1
228 1938 1
12114 1938 1
14431 1938 19
12214 1938 1
221 1938 1
459 1938 1
150 1938 1
557 1938 1
1936 1938 1
12144 1938 1
12228 1938 1
435 1938 1
551 1938 1
12019 1938 1
1940 1939 1
14449 1940 5
222 1941 1
14453 1941 3
531 1941 1
1939 1941 1
455 1942 2
14447 1942 3
1939 1942 1
531 1943 1
14453 1943 3
1939 1943 1
222 1943 1
12217 1944 2
14447 1944 3
1939 1944 1
14446 1946 5
1825 1947 4
1949 1948 1
12119 1949 1
1948 1950 1
1951 1950 1
4882 1951 1
1949 1951 1
1951 1952 1
1948 1952 1
1951 1953 1
1948 1953 1
1954 1955 1
1967 1955 4
1955 1956 4
1837 1957 2
3837 1957 1
1961 1960 3
1963 1962 1
1833 1963 4
1850 1964 11
4843 1964 3
1962 1964 1
362 1964 1
531 1964 1
536 1964 1
3814 1964 2
236 1964 1
222 1964 1
1929 1966 2
1965 1966 3
1889 1968 5
447 1970 1
1971 1970 2
14467 1971 4
1970 1972 1
14453 1972 1
1974 1973 1
1833 1974 4
1976 1975 2
12115 1975 1
1973 1975 1
11918 1976 1
11900 1976 1
1974 1976 1
3845 1977 3
1889 1977 4
1977 1978 4
14467 1978 4
11919 1979 2
14487 1979 3
1981 1980 1
458 1982 1
3750 1982 1
2070 1982 1
1980 1982 1
12115 1982 1
1983 1982 5
1946 1983 1
1981 1983 2
1976 1983 1
14482 1983 1
14497 1984 1
12317 1985 1
12231 1985 1
12226 1985 1
1984 1985 1
14497 1985 6
132 1985 1
14434 1986 6
1985 1986 6
1922 1987 4
14501 1988 1
14501 1989 2
1988 1989 1
1989 1990 2
14503 1990 2
1992 1991 1
14446 1992 5
1991 1993 1
3750 1993 1
1994 1993 4
498 1993 1
163 1993 1
11993 1994 3
1946 1994 2
4868 1994 1
1992 1994 2
14445 1994 2
1996 1995 4
1916 1997 1
1997 1998 1
1999 1998 2
1889 1999 4
1916 1999 1
1915 1999 1
1998 2000 2
14505 2000 27
2062 2000 25
2002 2001 8
1998 2001 2
2027 2001 6
2025 2001 4
14232 2002 1
14505 2002 26
2028 2002 6
1999 2002 2
11915 2002 1
2031 2002 5
1832 2002 1
1889 2002 4
3842 2002 1
1932 2002 1
1999 2003 6
1998 2003 2
2025 2003 4
2068 2004 25
3841 2004 1
12001 2004 1
11914 2004 1
13974 2004 1
1998 2004 2
12229 2004 1
14504 2004 25
2069 2004 25
2002 2004 35
11987 2004 6
2025 2004 4
2030 2004 5
2006 2005 3
1998 2005 2
1999 2006 2
1987 2006 1
1971 2006 1
1889 2006 4
11961 2006 1
1921 2006 1
1998 2007 2
1922 2007 2
2009 2008 2
12162 2008 1
2011 2010 1
421 2011 2
1901 2011 1
14470 2012 5
3841 2012 1
2010 2012 1
12321 2012 2
2012 2013 5
14512 2013 5
2014 2015 3
2017 2016 2
568 2016 1
12255 2017 2
391 2018 2
2016 2018 2
2017 2018 3
1901 2020 1
2021 2020 2
12180 2022 1
2023 2022 4
1971 2022 1
11896 2025 1
236 2025 1
1889 2025 4
576 2025 1
2025 2026 4
1889 2026 5
12252 2026 1
12124 2027 1
2028 2027 6
2025 2027 4
3842 2028 1
1889 2028 4
11915 2028 3
1932 2028 1
1832 2028 1
11911 2029 3
2025 2029 4
2006 2029 7
2031 2030 5
2025 2030 4
2033 2031 6
1889 2031 4
2023 2031 12
2048 2031 6
12180 2031 1
2033 2032 6
2030 2032 5
2031 2033 9
3787 2033 5
2031 2034 7
2047 2034 6
2032 2034 6
2032 2035 6
2036 2035 6
2033 2036 6
1833 2036 4
12158 2036 3
2032 2037 6
2036 2037 7
474 2037 1
2036 2038 6
2032 2038 6
2032 2039 6
2036 2039 6
2032 2040 6
2036 2040 6
2036 2041 7
474 2041 1
2032 2041 6
2032 2042 6
2036 2042 6
2032 2043 6
2036 2043 7
474 2043 1
2032 2044 6
2036 2044 6
2046 2045 5
2030 2045 5
2031 2046 11
2030 2047 5
2048 2047 6
2031 2048 9
2022 2048 4
14447 2049 4
3845 2050 1
3841 2050 1
2051 2050 3
14470 2051 1
3842 2051 1
2053 2052 4
2050 2052 3
2002 2053 4
2051 2053 3
2053 2054 4
2052 2054 4
2057 2055 1
2052 2055 4
2053 2055 7
2053 2056 7
2055 2056 7
2053 2057 1
2059 2058 1
14449 2059 5
3828 2060 1
12327 2060 1
14505 2060 4
12304 2060 1
12229 2061 1
2002 2061 25
14504 2061 25
14504 2062 25
14505 2062 25
2062 2063 25
14219 2063 25
11988 2063 4
4871 2063 6
12135 2063 1
1850 2064 26
168 2064 1
2062 2064 25
2066 2065 26
2062 2065 25
12135 2065 1
12120 2066 3
14505 2066 25
11961 2066 1
2065 2067 26
2066 2067 26
14504 2068 25
14505 2068 25
14504 2069 25
14505 2069 25
1981 2070 1
1831 2071 2
1901 2071 1
3289 2072 4
14449 2072 5
129 3290 1
3292 3291 1
14516 3292 2
1901 3292 1
11896 3293 1
137 3293 1
3294 3293 5
3814 3293 2
3291 3293 1
14470 3294 1
11979 3294 3
14465 3294 1
1839 3294 5
3292 3294 1
4858 3294 1
12250 3294 1
1833 3295 4
14497 3296 1
14497 3297 11
518 3297 1
562 3297 1
250 3297 1
169 3297 1
3296 3297 1
12022 3297 1
13959 3297 1
3820 3297 1
12231 3297 1
12205 3297 1
3297 3298 11
14434 3298 11
12176 3299 1
1837 3299 2
3301 3300 1
2006 3301 4
14453 3302 1
3300 3302 1
3300 3303 1
218 3303 1
1833 3303 2
3305 3304 2
3300 3304 1
4884 3305 1
3301 3305 1
11900 3305 3
3305 3306 2
3304 3306 2
3301 3307 1
3300 3307 1
3300 3308 1
14453 3308 1
14515 3309 1
12190 3310 4
1850 3310 5
3309 3310 1
1867 3311 5
14494 3311 3
3312 3311 1
3836 3311 2
14497 3313 1
12088 3739 1
400 3739 1
12230 3739 1
482 3739 1
3313 3739 1
13971 3739 1
12231 3739 1
12149 3739 1
388 3739 1
499 3739 1
12239 3739 1
14497 3739 12
14434 3740 12
3739 3740 12
1937 3741 1
12079 3742 1
1874 3742 2
551 3743 1
532 3743 1
252 3743 1
12079 3743 1
3778 3743 1
1837 3743 6
3742 3743 2
12079 3744 1
1874 3744 5
3778 3744 1
3742 3744 2
1919 3745 1
1839 3745 2
1920 3745 1
14470 3745 3
1968 3745 1
3842 3745 1
1946 3750 1
3750 3751 1
11937 3751 1
14446 3751 4
366 3751 1
220 3752 1
3751 3752 4
1829 3752 5
3751 3753 4
1829 3753 4
3750 3754 1
14477 3754 1
11937 3755 1
14453 3755 7
366 3755 1
12247 3755 2
3750 3755 1
525 3755 1
11928 3755 1
3750 3756 1
14446 3756 3
366 3756 1
11937 3756 1
14477 3757 1
3750 3757 1
11937 3758 1
3750 3758 1
14446 3758 4
366 3758 1
1835 3759 1
394 3760 1
3761 3760 2
14445 3762 6
14475 3762 4
14451 3763 4
3765 3764 3
12026 3766 1
11924 3766 1
3767 3766 3
12053 3767 4
12224 3767 1
517 3767 1
12025 3767 1
14471 3767 4
12027 3767 1
12037 3767 3
12215 3769 2
3768 3769 1
1840 3770 1
12291 3771 1
1893 3771 1
3772 3771 5
3770 3771 1
13985 3771 1
14228 3772 1
11909 3772 1
3784 3772 1
1840 3772 1
12161 3772 1
539 3773 1
3772 3773 6
3771 3773 5
200 3774 1
3775 3774 2
14232 3775 1
12165 3775 1
12225 3775 1
12044 3775 2
12043 3776 2
3775 3776 4
3774 3776 2
200 3776 1
4860 3777 1
3779 3778 1
1833 3779 4
3778 3780 1
11957 3780 1
571 3780 1
13973 3780 1
540 3780 1
1874 3780 7
3778 3781 1
551 3781 1
12328 3781 1
12288 3781 1
1874 3781 5
183 3782 1
4870 3782 1
3778 3782 1
195 3782 1
1837 3782 5
12079 3782 1
13982 3783 1
1925 3783 1
1833 3784 4
2059 3785 1
3787 3786 1
3801 3788 1
13976 3788 1
544 3788 1
377 3788 1
2033 3788 6
3786 3788 1
1837 3789 9
4885 3789 1
3788 3789 6
255 3789 2
3788 3790 6
2033 3790 6
3792 3791 1
3794 3793 1
12334 3794 2
12162 3794 1
1963 3795 1
11988 3796 4
357 3796 1
14479 3796 9
12251 3796 1
1946 3797 1
3797 3798 1
3799 3798 2
1946 3799 1
1963 3799 1
14482 3799 1
13984 3799 1
3799 3800 3
3798 3800 2
458 3800 1
3787 3801 1
565 3802 1
3803 3802 2
3812 3803 3
3805 3804 2
3802 3804 2
12172 3805 3
3803 3805 2
3805 3806 2
3802 3806 2
3808 3807 1
14446 3808 1
4868 3808 1
3807 3809 1
3808 3809 6
12201 3809 2
403 3809 1
216 3809 2
516 3809 1
3812 3811 1
3803 3812 1
3803 3813 1
3811 3813 1
497 3814 1
1839 3814 2
244 3815 1
3841 3815 1
3814 3815 2
14470 3815 5
386 3815 1
3745 3816 4
3841 3816 1
529 3816 1
3814 3816 2
3814 3817 2
3745 3817 6
529 3817 1
3841 3817 1
4843 3817 3
3814 3818 2
4843 3818 3
3745 3818 5
1833 3819 2
11998 3819 1
14497 3820 1
2046 3821 5
3822 3821 4
2023 3822 4
12180 3822 1
14446 3823 1
14446 3824 1
3823 3824 1
14446 3825 1
3823 3825 1
1835 3826 1
1837 3827 1
3826 3827 1
14433 3828 1
1929 3829 1
3829 3830 1
1966 3830 2
558 3830 1
3767 3831 2
12045 3831 1
3295 3832 1
3777 3833 2
13961 3833 1
3835 3834 1
1835 3837 1
1835 3839 1
3839 3840 1
1837 3840 2
3842 3841 1
1901 3842 1
2021 3842 2
11996 3843 1
2028 3843 2
3841 3843 1
3841 3844 1
3745 3844 1
3841 3845 1
14470 3845 3
14512 3846 2
3841 3846 1
386 3846 1
3841 3847 1
11914 3847 1
2028 3847 2
14512 4839 7
12323 4839 3
12159 4839 1
12175 4839 1
236 4839 1
3841 4839 1
1889 4840 1
3841 4840 1
3841 4841 1
3745 4841 1
3745 4842 1
3841 4842 1
14470 4843 3
3841 4843 1
386 4843 1
14470 4844 3
4843 4844 3
3841 4845 1
4843 4845 3
3745 4845 3
3745 4846 3
4843 4846 3
14467 4847 3
4843 4847 3
4843 4848 3
14467 4848 3
4843 4849 3
14467 4849 3
3745 4850 3
4843 4850 3
3745 4851 1
3841 4851 1
12321 4852 2
3841 4852 1
14512 4852 4
236 4852 1
14432 4853 4
1913 4853 1
14432 4854 4
4853 4855 3
1913 4855 1
14432 4855 4
4854 4855 1
4857 4856 1
1901 4858 1
4859 4858 2
1833 4860 4
12083 4861 1
1837 4861 2
12310 4862 1
1837 4862 4
4861 4862 2
1837 4863 7
379 4863 2
4862 4863 4
1835 4864 1
1833 4866 4
4868 4867 1
1992 4868 1
14449 4868 5
14451 4869 4
14430 4870 1
533 4871 1
14505 4871 6
12185 4871 1
11986 4871 1
4874 4871 1
4870 4871 1
12251 4872 1
12079 4872 1
4870 4872 1
1874 4872 4
13961 4872 1
14451 4873 4
4875 4874 1
1833 4875 4
1835 4876 1
4876 4877 1
1837 4877 2
4879 4878 1
1833 4879 4
4881 4880 3
14451 4881 8
12130 4882 1
4883 4882 2
1833 4884 4
1835 4885 1
11892 4887 1
1833 11892 4
14212 11893 2
12001 11893 1
11893 11894 1
430 11894 1
14212 11894 2
4881 11895 3
1839 11896 1
11896 11897 1
464 11897 1
358 11897 1
1839 11897 3
12321 11898 2
3294 11898 3
11896 11898 1
11900 11899 2
11896 11899 1
4884 11900 1
1971 11900 1
1839 11900 1
11899 11901 2
11902 11901 2
11900 11902 3
12133 11902 2
4884 11902 1
3305 11903 2
11899 11903 2
11905 11904 3
11899 11904 2
12241 11905 2
4868 11905 1
3821 11905 1
14445 11905 1
11900 11905 2
1992 11905 1
11904 11906 3
11905 11906 3
11909 11908 1
14209 11909 4
11908 11910 1
14233 11910 1
2006 11911 3
12135 11911 1
447 11911 1
1932 11913 1
11915 11914 1
14465 11916 1
14467 11917 1
11916 11917 1
1833 11918 4
12026 11919 1
14471 11919 2
12033 11920 2
14471 11920 3
11919 11920 2
12064 11921 2
11919 11921 2
12052 11921 2
11923 11921 3
12026 11921 1
12065 11921 3
12033 11921 2
3767 11921 8
12065 11922 3
11919 11922 2
3767 11922 7
12052 11922 2
12026 11922 1
11923 11922 3
11919 11923 2
14471 11923 3
11923 11924 3
12064 11924 2
12026 11924 1
3767 11924 8
162 11924 1
12033 11924 2
1940 11925 1
11927 11926 1
492 11927 2
13981 11927 1
11929 11928 1
11968 11929 1
14515 11929 4
1922 11930 1
11932 11931 3
12165 11931 1
14491 11932 3
14445 11937 1
366 11938 1
11937 11938 1
14452 11938 2
14448 11939 1
11937 11939 1
14448 11940 1
11937 11940 1
133 11941 1
545 11941 1
12240 11941 1
11937 11941 1
11905 11941 5
366 11941 1
12027 11942 1
12053 11942 3
14470 11943 1
1850 11944 1
11943 11944 1
3294 11945 1
11943 11945 1
14470 11946 1
11943 11946 1
14470 11947 1
11943 11947 1
11943 11948 1
14512 11948 1
12223 11950 1
1837 11950 2
447 11951 1
1971 11951 4
12231 11952 1
14497 11952 3
13971 11952 1
12231 11953 1
11952 11953 3
12230 11953 1
466 11953 1
13971 11953 1
14497 11953 6
396 11953 1
1825 11954 4
1825 11955 4
1825 11956 4
1904 11957 1
1937 11958 1
251 11959 2
378 11959 1
14441 11959 4
1835 11960 1
1833 11961 4
1878 11962 1
11962 11963 1
12129 11963 1
246 11963 1
12178 11963 1
11964 11963 4
1878 11964 5
1940 11965 1
11966 11967 3
1901 11968 1
1901 11969 1
1901 11970 1
1901 11971 1
1901 11972 1
1901 11973 1
1901 11974 1
1901 11975 1
1901 11976 1
1901 11977 1
1901 11978 1
11980 11979 3
14233 11979 5
3767 11981 1
1835 11982 1
11982 11983 1
1837 11983 2
11985 11984 3
3779 11986 1
14505 11987 6
13974 11987 1
12001 11987 1
11986 11987 1
12185 11987 1
533 11987 1
11986 11988 1
12185 11988 1
533 11988 1
14505 11988 4
3295 11989 1
14209 11990 1
14209 11991 1
11990 11991 1
14209 11992 1
11990 11992 1
14446 11993 5
14446 11994 2
14446 11995 2
11915 11996 1
1833 11997 4
3301 11998 1
1934 11999 4
1932 12001 1
12001 12002 1
13974 12002 1
2028 12002 2
12001 12003 1
11913 12003 1
14212 12004 2
12001 12004 1
14212 12005 2
12004 12005 2
12001 12006 1
11913 12006 1
12001 12007 1
11913 12007 1
12001 12008 1
11913 12008 1
11979 12009 2
543 12009 1
12259 12010 1
3294 12010 5
12009 12010 2
12148 12010 1
358 12010 1
1870 12012 3
14473 12013 1
4855 12014 3
255 12014 2
4855 12015 3
12014 12015 3
4855 12016 4
12014 12016 3
12014 12017 3
1837 12017 4
227 12017 1
12014 12018 3
14436 12018 3
1937 12019 1
14231 12021 3
14497 12022 1
12024 12023 1
1833 12024 4
12044 12025 2
12053 12025 2
12027 12026 1
12027 12028 1
12026 12028 1
12027 12029 1
12026 12029 1
12026 12030 1
12027 12030 1
12026 12031 1
12027 12031 1
12026 12032 1
12027 12032 1
14471 12033 2
12026 12033 1
12033 12034 2
504 12034 1
14487 12034 3
12026 12035 1
12027 12035 1
12037 12036 3
12026 12036 1
200 12036 1
12027 12037 1
12165 12037 1
12036 12038 3
3767 12038 3
12026 12039 1
11942 12039 1
12027 12040 1
12026 12040 1
12026 12041 1
11942 12041 1
12026 12042 1
12027 12042 1
12044 12043 2
12026 12043 1
12027 12044 1
12049 12045 4
12052 12045 2
12043 12045 2
12025 12045 6
12043 12046 2
176 12046 1
3775 12046 3
3775 12047 3
176 12047 1
12043 12047 2
12025 12048 3
12043 12048 2
12025 12049 4
12048 12049 3
12026 12050 1
12027 12050 1
12027 12051 1
12026 12051 1
12053 12052 2
12026 12052 1
12027 12053 1
12052 12054 2
12115 12054 1
12055 12054 3
1976 12055 1
12053 12055 2
12026 12056 1
12027 12056 1
12026 12057 1
12027 12057 1
14471 12058 1
12026 12058 1
12026 12059 1
12027 12059 1
12027 12060 1
12026 12060 1
12026 12061 1
12027 12061 1
12027 12062 1
12026 12062 1
12026 12063 1
12027 12063 1
12053 12064 2
12026 12064 1
12064 12065 2
12053 12065 3
12065 12066 3
12064 12066 2
11942 12066 3
12064 12067 2
11942 12067 2
12026 12068 1
12027 12068 1
12027 12069 1
12026 12069 1
12027 12070 1
12026 12070 1
12027 12071 1
12026 12071 1
12026 12072 1
12027 12072 1
14471 12073 1
12026 12073 1
1870 12074 3
1833 12075 4
14513 12076 1
14497 12078 1
381 12079 1
148 12079 1
12080 12079 3
4866 12080 1
4875 12080 1
4860 12080 1
12080 12081 2
13961 12081 1
12079 12081 1
433 12082 1
1874 12082 3
12079 12082 1
1835 12083 1
1835 12084 1
12084 12085 1
1837 12085 1
1835 12086 1
12086 12087 1
1837 12087 2
14497 12088 1
1835 12089 1
12089 12090 1
1837 12090 1
12294 12091 2
11979 12091 3
1904 12103 1
14465 12104 1
14467 12105 1
12104 12105 1
11985 12107 3
12109 12108 3
14228 12110 1
12178 12111 1
14461 12111 5
395 12111 1
12110 12111 1
137 12111 1
4881 12112 2
4881 12113 2
1937 12114 1
436 12115 1
1976 12115 2
1976 12116 1
12115 12116 1
1976 12117 1
12115 12117 1
12115 12118 1
1976 12118 1
12321 12121 2
14470 12121 3
12121 12122 3
1850 12122 4
536 12122 1
1937 12123 1
11915 12124 1
12126 12125 2
12130 12125 1
14222 12127 5
12127 12128 4
14222 12128 5
1878 12129 1
12130 12131 1
4883 12131 2
4883 12132 2
12130 12132 1
11902 12133 4
4883 12133 2
12130 12133 1
12130 12134 1
229 12134 2
11961 12135 1
12135 12136 1
1850 12136 1
12135 12137 1
2006 12137 1
447 12139 1
14473 12139 2
12139 12140 2
14447 12140 2
14447 12141 2
12139 12141 2
14447 12142 2
12139 12142 2
1937 12144 1
3295 12145 1
14465 12146 1
14467 12147 1
12146 12147 1
11979 12148 2
12295 12148 1
14497 12149 1
1835 12150 1
1837 12151 1
12150 12151 1
1856 12153 1
14465 12154 1
12154 12155 1
14467 12155 1
12157 12156 1
12160 12159 1
2031 12160 4
14209 12161 4
12311 12163 2
12162 12163 1
1835 12164 1
12143 12166 1
12143 12167 2
12166 12167 1
12143 12168 2
12167 12168 2
11918 12173 1
12173 12174 1
1976 12174 1
14228 12175 1
1835 12176 1
1878 12178 1
12178 12179 1
11964 12179 2
395 12179 1
12109 12181 3
1835 12183 1
1837 12184 3
12183 12184 1
14449 12185 1
14449 12186 2
12185 12186 1
14449 12187 3
12186 12187 2
481 12188 1
222 12188 1
12187 12188 3
14453 12188 6
531 12188 1
14453 12189 6
222 12189 1
481 12189 1
531 12189 1
12187 12189 3
14449 12190 4
12187 12190 3
1850 12191 4
12190 12191 4
12190 12192 4
1850 12192 4
14449 12193 4
12190 12193 4
12190 12194 4
14449 12194 4
12190 12195 4
14449 12195 4
12190 12196 4
14453 12196 4
12186 12197 2
14453 12197 4
12190 12197 4
447 12198 1
12186 12198 2
14453 12198 5
12190 12198 4
2072 12199 1
12199 12200 1
2072 12200 1
545 12201 1
3808 12201 2
11993 12202 1
12307 12203 1
363 12203 1
12202 12203 1
366 12203 1
1994 12203 4
11931 12204 1
14497 12205 1
14448 12206 1
12169 12207 1
476 12207 1
1835 12211 1
12211 12212 1
1837 12212 2
1937 12213 1
1937 12214 1
14473 12217 2
447 12217 1
1954 12218 1
1829 12218 4
1921 12219 2
1921 12220 1
12219 12220 1
2008 12221 1
493 12222 1
14473 12222 2
1835 12223 1
14497 12226 1
1901 12227 1
14516 12227 2
1937 12228 1
14232 12229 1
14483 12230 1
13971 12231 1
12230 12231 1
14497 12231 5
12231 12231 5
14497 12232 5
12231 12232 5
12230 12233 1
14497 12233 2
13971 12233 1
11907 12234 1
11907 12235 1
12234 12235 1
14448 12236 1
12238 12237 1
14497 12239 1
12241 12240 1
12240 12242 1
12241 12242 1
14210 12243 1
12335 12244 1
12245 12244 3
12243 12244 1
195 12244 1
14210 12245 1
3295 12245 1
14442 12245 1
1827 12246 1
12243 12246 1
1971 12247 2
447 12247 1
11931 12248 1
12248 12249 1
12204 12249 1
1831 12250 3
12075 12251 1
1968 12252 2
14209 12253 1
12253 12254 1
12255 12254 1
14209 12255 1
12253 12256 1
12255 12256 1
436 12257 1
12253 12257 1
12258 12257 2
14209 12258 1
1839 12258 1
11900 12258 1
12250 12259 1
12133 12260 1
12133 12261 1
436 12262 1
12261 12262 1
11902 12262 2
12261 12263 1
11902 12263 3
536 12263 1
232 12263 1
11902 12264 1
12261 12264 1
11902 12265 1
12261 12265 1
12261 12266 1
12260 12266 1
4882 12267 1
1951 12268 1
12267 12268 1
12270 12269 1
12267 12269 1
4882 12270 1
12267 12271 1
12270 12271 1
12267 12272 1
12270 12272 1
12274 12273 1
12267 12273 1
4882 12274 1
12270 12275 1
12267 12275 1
1951 12276 1
12267 12276 1
1951 12277 1
12267 12277 1
12267 12278 1
14488 12278 1
14488 12279 1
12267 12279 1
14488 12280 1
12267 12280 1
1951 12281 1
12267 12281 1
1951 12282 1
12267 12282 1
1951 12283 1
12267 12283 1
12270 12284 1
12267 12284 1
1869 12285 1
1878 12287 1
1904 12288 1
12169 12289 1
12207 12290 1
12289 12290 1
11909 12291 1
14233 12292 2
12291 12292 1
11979 12293 3
12292 12293 2
14233 12294 2
12291 12294 1
14233 12295 2
12291 12295 1
14433 12296 1
3762 12297 1
14491 12298 1
14491 12299 1
12298 12299 1
14491 12300 1
12300 12301 1
14491 12301 1
1833 12302 4
1951 12303 1
12119 12303 1
14457 12304 1
14448 12306 1
1946 12307 1
1904 12308 1
4886 12309 3
1835 12310 1
12314 12313 1
1833 12314 4
1971 12315 1
12170 12316 1
14497 12317 1
1835 12318 1
13984 12319 1
12316 12319 1
14443 12320 1
1839 12321 2
12320 12321 1
12321 12322 2
1839 12322 2
12321 12323 2
14470 12323 3
14512 12324 3
12323 12324 3
14512 12325 3
12323 12325 3
14512 12326 3
12323 12326 3
14442 12327 1
1904 12328 1
1835 12329 1
1915 12332 1
12332 12333 1
1999 12333 1
14442 12335 1
12335 12336 1
12337 12336 1
14442 12337 1
12335 12338 1
12337 12338 1
1884 12339 1
12339 12340 1
12341 12340 1
1884 12341 1
12341 12342 1
12339 12342 1
1884 12343 1
12339 12343 1
14524 13958 1
14497 13959 1
4860 13961 1
13961 13962 1
12080 13962 1
14445 13963 1
13963 13964 1
429 13964 1
14452 13964 2
2071 13965 1
13968 13967 1
215 13968 3
13968 13969 1
13967 13969 1
13967 13970 1
13968 13970 1
382 13971 1
3799 13971 3
1835 13972 1
1904 13973 1
1832 13974 1
13974 13975 1
2028 13975 2
3787 13976 1
12216 13978 2
249 13978 1
12216 13979 2
13978 13979 2
12216 13980 2
13978 13980 2
4868 13983 1
1833 13984 4
12161 13985 1
1835 13986 1
1833 14210 4
14212 14211 2
12001 14211 1
1932 14212 1
14212 14213 1
14211 14213 1
14215 14214 1
14489 14215 4
173 14216 1
3793 14216 1
12146 14216 1
447 14216 1
13985 14216 1
14214 14216 1
563 14216 1
3770 14216 1
12315 14216 1
137 14216 1
14464 14216 1
12252 14216 1
12104 14216 1
358 14216 1
155 14216 2
157 14216 1
1899 14216 1
2025 14216 4
502 14216 1
14217 14216 26
12291 14216 1
12221 14216 1
13965 14216 1
1971 14217 3
12163 14217 1
3794 14217 1
1840 14217 1
14228 14217 3
1968 14217 1
14484 14217 1
11909 14217 1
4858 14217 1
14465 14217 5
12161 14217 1
2071 14217 1
14215 14217 1
2008 14217 1
1889 14217 4
14214 14218 1
13974 14218 1
2062 14218 25
11998 14218 1
11988 14218 4
4871 14218 6
2060 14218 4
14219 14218 30
1998 14218 2
14504 14218 26
2005 14218 3
14215 14219 1
14505 14219 27
1999 14219 2
14232 14219 1
11961 14219 1
1932 14219 1
3301 14219 1
1832 14219 1
2006 14219 3
1837 14220 2
398 14220 1
14220 14221 1
14222 14221 1
1837 14222 1
14220 14223 1
4863 14223 1
191 14223 1
1837 14223 4
14220 14224 1
161 14224 1
1837 14224 3
14226 14225 1
12162 14226 1
12334 14226 2
156 14227 2
14228 14227 5
153 14227 2
14225 14227 1
155 14227 2
14512 14228 5
11997 14228 1
3760 14228 1
14226 14228 1
12163 14228 1
168 14229 1
14228 14229 2
14225 14229 1
14231 14230 3
1833 14232 4
11909 14233 3
1833 14430 4
1937 14431 18
1874 14431 1
14432 14431 4
1833 14433 4
14497 14434 35
14436 14435 1
4855 14436 3
13972 14437 1
14435 14437 1
1837 14437 2
14439 14438 1
489 14440 1
11959 14440 4
484 14440 2
12156 14440 1
14441 14440 10
14438 14440 1
12222 14440 2
14439 14441 2
14446 14441 1
14473 14441 2
130 14441 3
12157 14441 1
1833 14442 4
14444 14443 2
1901 14443 1
14452 14445 3
14446 14445 9
14448 14445 3
14453 14445 3
14447 14446 16
1946 14446 1
14445 14446 1
1992 14446 1
1940 14447 1
14473 14447 4
14449 14448 8
14445 14448 1
14450 14449 10
1833 14449 19
14451 14449 10
14445 14452 2
1992 14452 2
1992 14453 1
14518 14453 1
14515 14453 1
1868 14453 1
12314 14453 1
14210 14453 1
1971 14453 5
14433 14453 1
14445 14453 1
4868 14453 2
11929 14453 1
14446 14453 4
4860 14453 2
4884 14453 1
1932 14453 2
1974 14453 1
3779 14453 1
14513 14453 1
14430 14453 2
11993 14453 1
1940 14453 1
1847 14453 2
13984 14453 1
11961 14453 1
14449 14453 4
136 14453 1
2020 14453 1
1963 14453 3
12075 14453 1
14232 14453 1
2036 14453 1
4866 14453 1
12024 14453 1
11892 14453 1
3295 14453 3
4879 14453 1
3301 14453 1
1832 14453 2
1946 14453 1
11918 14453 1
12302 14453 1
4875 14453 1
3784 14453 1
11997 14453 1
14442 14453 1
14457 14453 1
14454 14453 7
1932 14454 1
4884 14454 1
3784 14454 1
4875 14454 1
1963 14454 1
13984 14454 1
12314 14454 1
4866 14454 1
4868 14454 1
1992 14454 1
14518 14454 1
1971 14454 2
1832 14454 1
14430 14454 1
3779 14454 1
4860 14454 1
11892 14454 1
11929 14454 1
1868 14454 1
3295 14454 1
11961 14454 1
12075 14454 1
14505 14454 25
1833 14455 4
14457 14456 1
1833 14457 4
168 14458 1
1846 14458 2
175 14458 1
12173 14458 1
148 14458 1
12335 14458 1
11989 14458 1
4870 14458 1
195 14458 1
151 14458 1
420 14458 1
1973 14458 1
3758 14458 4
13961 14458 1
3750 14458 1
12001 14458 1
447 14458 1
357 14458 1
536 14458 1
12190 14458 4
431 14458 1
14517 14458 1
381 14458 1
525 14458 1
142 14458 1
531 14458 1
12186 14458 2
12023 14458 1
11928 14458 1
1880 14458 1
12243 14458 1
545 14458 1
12202 14458 1
12076 14458 1
11937 14458 1
382 14458 1
141 14458 1
194 14458 1
366 14458 1
12251 14458 1
3778 14458 1
4887 14458 1
362 14458 1
14456 14458 1
539 14458 1
4878 14458 1
12296 14458 1
14453 14458 50
1973 14459 1
12202 14459 1
194 14459 1
382 14459 1
572 14459 1
175 14459 1
168 14459 1
3300 14459 1
3832 14459 1
536 14459 1
12076 14459 1
4878 14459 1
1880 14459 1
14453 14459 49
11937 14459 1
525 14459 1
3758 14459 4
366 14459 1
12243 14459 1
431 14459 1
3309 14459 1
534 14459 1
357 14459 1
12251 14459 1
142 14459 1
12296 14459 1
141 14459 1
362 14459 1
148 14459 1
531 14459 1
545 14459 1
12173 14459 1
12190 14459 4
14456 14459 1
4887 14459 1
420 14459 1
381 14459 1
539 14459 1
12335 14459 1
151 14459 1
12023 14459 1
3778 14459 1
14517 14459 1
3750 14459 1
11928 14459 1
1846 14459 2
14461 14460 3
14456 14460 1
12335 14460 1
11962 14460 1
1852 14461 5
14442 14461 1
14465 14461 1
14228 14461 2
1878 14461 8
14457 14461 1
14463 14462 4
14232 14462 2
14465 14464 1
14470 14465 1
3747 14465 1
14467 14465 1
1889 14465 1
3745 14465 4
1969 14465 1
3748 14465 1
3749 14465 1
3746 14465 1
14467 14466 1
14464 14466 1
14465 14467 8
1889 14467 4
14470 14467 3
14467 14468 5
577 14468 1
502 14468 1
12104 14468 1
12146 14468 1
14464 14468 1
502 14469 1
12146 14469 1
14470 14469 5
12104 14469 1
137 14469 1
14464 14469 1
14465 14470 5
12227 14470 1
3746 14470 2
1876 14470 5
1919 14470 1
2011 14470 1
1839 14470 4
1920 14470 1
3842 14470 1
12027 14471 1
14473 14472 1
1958 14473 3
1959 14473 3
1971 14473 1
14472 14474 1
14475 14474 1
14473 14475 3
14477 14476 1
1946 14477 1
14449 14477 5
11965 14478 1
365 14478 1
12236 14478 1
13983 14478 1
501 14478 1
11925 14478 1
167 14478 1
2058 14478 1
14479 14478 23
4878 14478 1
3796 14478 9
14476 14478 1
12306 14478 1
12206 14478 1
1858 14478 1
4868 14479 2
14448 14479 3
4879 14479 1
12075 14479 1
14477 14479 2
2059 14479 2
1940 14479 2
3779 14479 1
1852 14479 10
14505 14479 4
4860 14479 1
14430 14479 1
4875 14479 1
3299 14480 2
3791 14480 1
12251 14480 1
531 14480 1
14509 14480 2
4867 14480 1
382 14480 1
1837 14480 41
13974 14480 1
3751 14480 4
11950 14480 2
11960 14480 1
14478 14480 23
12212 14480 2
14478 14481 23
1935 14481 5
241 14481 2
404 14481 1
253 14481 4
1837 14481 36
14483 14482 1
14432 14483 5
12162 14484 1
14485 14484 2
1979 14486 3
14526 14486 2
12064 14486 2
14487 14486 13
475 14486 1
12033 14486 2
12045 14486 1
11923 14486 3
539 14486 1
14471 14487 4
1841 14487 2
12025 14487 1
12171 14487 1
3295 14487 1
3784 14487 1
12053 14487 2
12125 14487 1
4882 14488 1
14491 14490 7
200 14490 1
11934 14491 2
11933 14491 2
12165 14491 1
11936 14491 2
3765 14491 2
11935 14491 2
14491 14492 7
14490 14492 7
14494 14493 3
12329 14495 1
1837 14495 3
14497 14496 1
3799 14497 1
14483 14497 1
509 14498 1
376 14498 1
14496 14498 1
12231 14498 1
364 14498 1
380 14498 1
14497 14498 9
371 14498 1
12078 14498 1
14498 14499 9
14434 14499 9
14501 14500 2
11926 14500 1
11927 14501 1
4865 14501 3
14503 14502 2
14500 14502 2
4886 14503 3
14501 14503 4
3819 14504 2
2068 14504 25
13974 14504 1
12229 14504 1
219 14504 1
2060 14504 4
12313 14504 1
12001 14504 1
4871 14504 6
2069 14504 25
564 14504 1
11988 14504 4
12135 14504 1
14505 14504 26
3785 14504 1
2062 14504 25
1932 14505 1
4875 14505 1
14433 14505 1
11961 14505 1
14232 14505 1
1832 14505 1
1868 14505 1
14442 14505 1
14430 14505 1
2059 14505 1
14449 14505 1
3779 14505 1
1999 14505 2
11892 14505 1
4860 14505 1
14457 14505 1
1833 14505 2
12314 14505 1
12001 14506 1
13974 14506 1
2060 14506 4
11987 14506 6
1998 14506 2
14219 14506 29
11988 14506 4
12229 14506 1
4871 14506 6
14504 14506 26
3778 14507 1
1837 14507 28
477 14507 1
11988 14507 4
141 14507 1
4871 14507 6
12001 14507 1
2060 14507 4
13986 14507 1
13975 14507 2
194 14507 1
11987 14507 6
4887 14507 1
248 14507 2
12230 14507 1
14504 14507 1
3833 14507 2
493 14507 1
13974 14507 1
1835 14508 1
1837 14509 2
14508 14509 1
14470 14510 1
14510 14511 1
14512 14511 1
14228 14512 1
14454 14512 6
1839 14512 2
12160 14512 1
3842 14512 1
14470 14512 9
1920 14512 1
1833 14513 4
11968 14514 1
14515 14514 4
1901 14515 1
14516 14515 6
14518 14517 1
1833 14518 4
539 14519 1
4870 14519 1
151 14519 1
13961 14519 1
148 14519 1
14454 14519 45
536 14519 1
447 14519 1
195 14519 1
2062 14519 25
362 14519 1
14517 14519 1
525 14519 1
12001 14519 1
382 14519 1
4887 14519 1
545 14519 1
381 14519 1
366 14519 1
12251 14519 1
11928 14519 1
141 14519 1
194 14519 1
3778 14519 1
14521 14520 3
14517 14520 1
545 14520 1
4868 14521 1
14518 14521 1
14524 14521 4
465 14522 1
14521 14522 4
14520 14522 3
13958 14523 1
14520 14523 3
1862 14523 4
14524 14523 8
14521 14524 3
1856 14524 4
12164 14525 1
14517 14525 1
1837 14525 2
475 14526 1
1841 14526 2
