17214 16868 1
17050 16868 1
17110 16868 1
17693 16868 1
16869 16868 6
17268 16868 1
16952 16869 1
17215 16869 3
17027 16869 7
17527 16869 3
17051 16869 3
16871 16869 4
16968 16869 6
17269 16869 3
17306 16870 3
16965 16870 4
16871 16870 4
17562 16870 1
17527 16870 3
16927 16870 15
16873 16872 1
17568 16874 1
16872 16874 1
17476 16874 1
16875 16874 12
17511 16874 1
17489 16874 1
17603 16874 1
17648 16874 1
17467 16874 1
17618 16874 1
17102 16874 1
17577 16874 1
17499 16874 1
16950 16875 1
16873 16875 1
17045 16875 11
17577 16876 1
16872 16876 1
17476 16876 1
17499 16876 1
17603 16876 1
17511 16876 1
17618 16876 1
17487 16876 1
17568 16876 1
17102 16876 1
17467 16876 1
16875 16876 12
17648 16876 1
17511 16877 1
17603 16877 1
17577 16877 1
17618 16877 1
17467 16877 1
17648 16877 1
17487 16877 1
16875 16877 12
17489 16877 1
17102 16877 1
17568 16877 1
17499 16877 1
16872 16877 1
17511 16878 1
17568 16878 1
17467 16878 1
17487 16878 1
17476 16878 1
17499 16878 1
17648 16878 1
16875 16878 12
16872 16878 1
17489 16878 1
17102 16878 1
17618 16878 1
17603 16878 1
17511 16879 1
17467 16879 1
17487 16879 1
17489 16879 1
17603 16879 1
16872 16879 1
17568 16879 1
17577 16879 1
17102 16879 1
17618 16879 1
17476 16879 1
16875 16879 11
17577 16880 1
17648 16880 1
16872 16880 1
17467 16880 1
17489 16880 1
17102 16880 1
17603 16880 1
17511 16880 1
17476 16880 1
17568 16880 1
17618 16880 1
17487 16880 1
16875 16880 13
16880 16881 13
16875 16881 14
16883 16882 15
16881 16882 14
17100 16882 1
16875 16883 14
16950 16883 5
16873 16883 5
17045 16883 10
16871 16883 4
16881 16884 14
16883 16884 15
17084 16884 1
17692 16885 1
16883 16885 15
16881 16885 14
16883 16886 17
17221 16886 1
17640 16886 1
17013 16886 1
16881 16886 14
17013 16887 1
17640 16887 1
16881 16887 14
17044 16887 1
16883 16887 17
16881 16888 14
17013 16888 1
17438 16888 1
17640 16888 1
16883 16888 17
16883 16889 17
17013 16889 1
16881 16889 14
17640 16889 1
17702 16889 1
16881 16890 14
16883 16890 15
17347 16890 1
16881 16891 14
17689 16891 1
16883 16891 17
16894 16891 4
16881 16892 14
17452 16892 1
16883 16892 15
16883 16893 3
17511 16893 1
16872 16893 1
16883 16894 4
16893 16894 3
16896 16895 34
17037 16895 7
17326 16895 2
17047 16895 6
17150 16895 5
17583 16895 3
17504 16895 2
17173 16895 5
17468 16895 3
16894 16895 4
17298 16895 5
16870 16896 6
16970 16896 3
16883 16896 4
17242 16896 2
16908 16896 3
16910 16896 5
17106 16896 2
16917 16896 5
16869 16896 7
16963 16896 5
16895 16897 34
16896 16897 34
17307 16898 1
16941 16898 7
16900 16899 1
16902 16901 1
16899 16901 1
17106 16902 1
16900 16902 10
17361 16903 1
17642 16903 1
17498 16903 1
17456 16903 1
17619 16903 1
17011 16903 1
16902 16903 9
16899 16903 1
17199 16903 1
17615 16903 1
17709 16904 1
17619 16904 1
16899 16904 1
17615 16904 1
17456 16904 1
16902 16904 9
17498 16904 1
17361 16904 1
17255 16904 1
17642 16904 1
16899 16905 1
16900 16905 9
17709 16905 1
17011 16905 1
17199 16905 1
17255 16905 1
17642 16905 1
17619 16905 1
17361 16905 1
17498 16905 1
16900 16906 1
17700 16907 1
16908 16907 2
16906 16907 1
16900 16908 9
16871 16908 4
17106 16908 3
16910 16909 4
17110 16909 1
17268 16909 1
16990 16910 12
17269 16910 3
16871 16910 4
16992 16910 13
16968 16910 3
17085 16912 1
16913 16912 2
17270 16913 3
17307 16913 2
17306 16913 2
17323 16913 3
16871 16913 4
17117 16913 2
17106 16913 2
17206 16913 10
17527 16913 2
16965 16913 2
17497 16914 1
17516 16914 3
17652 16914 2
17010 16914 2
17710 16914 1
16967 16914 1
17292 16914 3
16912 16914 2
17469 16914 2
17647 16914 2
17330 16914 2
16915 16914 35
17088 16914 2
17376 16914 2
17461 16914 2
17464 16914 2
17316 16914 2
17556 16914 1
17336 16914 2
17306 16915 1
16908 16915 2
16913 16915 2
17077 16915 2
16910 16915 2
16963 16915 2
16970 16915 2
16869 16915 2
17270 16915 1
16956 16915 2
16870 16915 2
17542 16915 1
17176 16915 2
17033 16915 3
16943 16915 2
17242 16915 1
16917 16915 3
16968 16915 1
16883 16915 2
17053 16916 4
17386 16916 2
16945 16917 7
17242 16917 3
16871 16917 4
17106 16917 2
16919 16918 1
16956 16919 3
16919 16920 2
16918 16920 1
16920 16921 2
17459 16921 1
16919 16921 3
16918 16922 1
16919 16922 4
17271 16922 2
16919 16923 4
16922 16923 4
16918 16924 1
16919 16924 1
16919 16925 1
16918 16925 1
16927 16926 1
17573 16928 1
17440 16928 1
17245 16928 1
17470 16928 1
17231 16928 1
17716 16928 1
16929 16928 13
17522 16928 1
17394 16928 1
16926 16928 1
17471 16928 1
17413 16928 1
17710 16928 1
17546 16928 1
16965 16929 1
17527 16929 1
16927 16929 11
17306 16929 1
17245 16930 1
17394 16930 1
17546 16930 1
17471 16930 1
16926 16930 1
17231 16930 1
17716 16930 1
17413 16930 1
17573 16930 1
17683 16930 1
17522 16930 1
17710 16930 1
16929 16930 13
17440 16930 1
17413 16931 1
16929 16931 13
17522 16931 1
17231 16931 1
17440 16931 1
17710 16931 1
17245 16931 1
17573 16931 1
17683 16931 1
16926 16931 1
17471 16931 1
17716 16931 1
17470 16931 1
17546 16931 1
17470 16932 1
17716 16932 1
16929 16932 13
17394 16932 1
17231 16932 1
17546 16932 1
17440 16932 1
17710 16932 1
17245 16932 1
17522 16932 1
17413 16932 1
17471 16932 1
16926 16932 1
17683 16932 1
17245 16933 1
17522 16933 1
17716 16933 1
16929 16933 12
17470 16933 1
17546 16933 1
17683 16933 1
17394 16933 1
17231 16933 1
17573 16933 1
17710 16933 1
17471 16933 1
16926 16933 1
16929 16934 4
17710 16934 1
16926 16934 1
17245 16934 1
16929 16935 4
16934 16935 4
16927 16936 1
17138 16937 1
16870 16937 11
17302 16937 1
16936 16937 1
17448 16937 1
17664 16937 1
17457 16937 1
17188 16937 1
17236 16937 4
16936 16938 1
16939 16938 1
16871 16939 4
16870 16939 5
16927 16939 6
16941 16940 1
16940 16942 1
16943 16942 1
17307 16943 3
16871 16943 4
16941 16943 6
16945 16944 1
17701 16946 1
17581 16946 1
17006 16946 1
17571 16946 1
17398 16946 1
17246 16946 1
17325 16946 1
17615 16946 1
16947 16946 9
16944 16946 1
17242 16947 1
16945 16947 8
17106 16947 1
17006 16948 1
16945 16948 7
17398 16948 1
17246 16948 1
17581 16948 1
17571 16948 1
17590 16948 1
16944 16948 1
17605 16949 2
16950 16949 3
16883 16951 6
17018 16951 3
16949 16951 3
16954 16953 1
16956 16955 1
16953 16955 1
17527 16956 2
16954 16956 4
16871 16956 4
16941 16958 1
16943 16959 2
16958 16959 1
17364 16959 1
16961 16960 1
16960 16962 1
16963 16962 1
16961 16963 7
17360 16963 1
17051 16963 3
16871 16963 4
17306 16963 3
17270 16963 3
16965 16964 1
16964 16966 1
16870 16966 5
17453 16966 1
17626 16966 1
17593 16966 1
17445 16966 1
16968 16967 1
17622 16969 1
17161 16969 1
16967 16969 1
17060 16969 10
17101 16969 1
16970 16969 14
16871 16970 4
17035 16970 12
16968 16970 6
17056 16970 10
17608 16971 1
16967 16971 1
17602 16971 1
17161 16971 1
17691 16971 1
17402 16971 1
16869 16971 9
17675 16971 1
17622 16971 1
17566 16971 1
17622 16972 1
17414 16972 1
17060 16972 10
17161 16972 1
16970 16972 14
16967 16972 1
16967 16973 1
17481 16973 1
17622 16973 1
17161 16973 1
16970 16973 14
17060 16973 10
17622 16974 1
17643 16974 1
16970 16974 14
16967 16974 1
17161 16974 1
17060 16974 10
16970 16975 3
17622 16975 1
16967 16975 1
17161 16975 1
17161 16976 1
16967 16976 1
17622 16976 1
16977 16976 4
17653 16977 1
16968 16977 3
17654 16977 1
16986 16978 5
16977 16978 7
16976 16978 4
16980 16978 6
16979 16978 5
16977 16979 5
16976 16979 4
16979 16980 5
16977 16980 6
16982 16981 7
16980 16981 6
17133 16982 7
16977 16982 6
16982 16983 14
17599 16983 1
16981 16983 7
17712 16983 1
17505 16983 1
17672 16983 1
17132 16983 1
17646 16983 1
17149 16983 1
16977 16984 6
16980 16984 6
16977 16985 4
16976 16985 4
16977 16986 5
16976 16986 4
16977 16987 4
16976 16987 4
16976 16988 4
16977 16988 4
16990 16989 1
17139 16991 1
17622 16991 1
17611 16991 1
17093 16991 1
17472 16991 1
17046 16991 1
17181 16991 1
17638 16991 1
16992 16991 13
17707 16991 1
16989 16991 1
17714 16991 1
17703 16991 1
17141 16991 1
17269 16992 1
16990 16992 12
16968 16992 1
17093 16993 1
17714 16993 1
17139 16993 1
17622 16993 1
17638 16993 1
16992 16993 13
17141 16993 1
17611 16993 1
17046 16993 1
17707 16993 1
17114 16993 1
16989 16993 1
17472 16993 1
17181 16993 1
17714 16994 1
17139 16994 1
17611 16994 1
17472 16994 1
17114 16994 1
16992 16994 10
17046 16994 1
17703 16994 1
16989 16994 1
17181 16994 1
17141 16994 1
17638 16995 1
17141 16995 1
17114 16995 1
17703 16995 1
17472 16995 1
17046 16995 1
17139 16995 1
16992 16995 12
17181 16995 1
16989 16995 1
17611 16995 1
17714 16995 1
16992 16996 13
16995 16996 12
16996 16997 13
16910 16997 14
17417 16997 1
17563 16998 1
16910 16998 14
16996 16998 13
16996 16999 13
16910 16999 15
17690 16999 1
17402 16999 1
16910 17000 14
17160 17000 1
16996 17000 13
16996 17001 13
16910 17001 14
17389 17001 1
17617 17002 1
16910 17002 14
16996 17002 13
16910 17003 14
16996 17003 13
17388 17003 1
17267 17004 1
17173 17004 5
16910 17004 18
16996 17004 13
17611 17004 1
16996 17005 13
17521 17005 1
17608 17005 1
16910 17005 16
17622 17005 1
16945 17006 1
17571 17007 1
17590 17007 1
16947 17007 8
17006 17007 1
17325 17007 1
17581 17007 1
17398 17007 1
17701 17007 1
17615 17007 1
17009 17008 1
16909 17010 1
16910 17010 2
16900 17011 1
17642 17012 1
16902 17012 10
17619 17012 1
17456 17012 1
17255 17012 1
17199 17012 1
17011 17012 1
17709 17012 1
17615 17012 1
17361 17012 1
17498 17012 1
16873 17013 1
17013 17014 1
17640 17014 1
17015 17014 3
16950 17015 1
16873 17015 1
17342 17015 1
17015 17016 3
17014 17016 3
17013 17017 1
16873 17017 2
17017 17018 2
16873 17018 3
17020 17019 1
17022 17021 1
17019 17021 1
17020 17022 12
17067 17022 1
17307 17023 1
16927 17024 1
16870 17025 1
17024 17025 1
17027 17026 1
17707 17028 1
17026 17028 1
17622 17028 1
16869 17028 3
17029 17030 3
16911 17031 1
17031 17032 1
17033 17032 1
16911 17033 7
17508 17033 3
16871 17033 4
17035 17034 1
16970 17036 11
17060 17036 10
17034 17036 1
16869 17037 7
17131 17037 6
16873 17038 1
17038 17039 1
16883 17039 3
17227 17039 1
16911 17040 1
17040 17041 1
17162 17041 1
17042 17041 8
17362 17041 1
17187 17041 1
17713 17041 1
17283 17041 1
17569 17041 1
17629 17041 1
17508 17042 1
16911 17042 8
17362 17043 1
17162 17043 1
17488 17043 1
17283 17043 1
17040 17043 1
17713 17043 1
17042 17043 7
17629 17043 1
17045 17044 1
16990 17046 1
17236 17047 4
17453 17047 1
16870 17047 6
16945 17048 1
16917 17049 2
17048 17049 1
17241 17049 1
17051 17050 1
16963 17052 4
17427 17052 1
17050 17052 1
17437 17052 1
17035 17054 1
17344 17055 1
17698 17055 1
17482 17055 1
17670 17055 1
17054 17055 1
17056 17055 12
17622 17055 1
17483 17055 1
17677 17055 1
17305 17055 1
17651 17055 1
17319 17055 1
17113 17055 1
16968 17056 1
17035 17056 12
17344 17057 1
17319 17057 1
17056 17057 10
17482 17057 1
17305 17057 1
17698 17057 1
17054 17057 1
17670 17057 1
17502 17057 1
17677 17057 1
17483 17057 1
17056 17058 4
17698 17058 1
17054 17058 1
17482 17058 1
17677 17058 1
17056 17059 1
17054 17059 1
17483 17060 1
17319 17060 1
17305 17060 1
17056 17060 10
17502 17060 1
17651 17060 1
17054 17060 1
17344 17060 1
17670 17060 1
17677 17060 1
16970 17061 11
17311 17061 1
17060 17061 10
17060 17062 10
16970 17062 12
17392 17062 1
17473 17062 1
16970 17063 10
17060 17063 10
17060 17064 10
17565 17064 1
16970 17064 11
16970 17065 11
17339 17065 1
17060 17065 10
17582 17066 2
17548 17066 1
17060 17066 10
16970 17066 13
17069 17068 1
17474 17070 1
17598 17070 1
17601 17070 1
17486 17070 1
17071 17070 6
17068 17070 1
17561 17070 1
17069 17071 6
17117 17071 1
17598 17072 1
17071 17072 5
17383 17072 1
17068 17072 1
17486 17072 1
17601 17072 1
17474 17073 1
17383 17073 1
17561 17073 1
17601 17073 1
17486 17073 1
17068 17073 1
17071 17073 6
17601 17074 1
17598 17074 1
17071 17074 8
17474 17074 1
17383 17074 1
17561 17074 1
17068 17074 1
17486 17074 1
17074 17075 8
17071 17075 9
17077 17076 12
17075 17076 9
17515 17076 3
17086 17076 1
17071 17077 9
17117 17077 4
16871 17077 4
17069 17077 5
17075 17078 9
17077 17078 12
17515 17078 3
17166 17078 1
17572 17079 1
17075 17079 9
17077 17079 10
17567 17080 1
17077 17080 10
17075 17080 9
17186 17081 1
17075 17081 9
17116 17081 1
17455 17081 1
17077 17081 12
17206 17082 1
17082 17083 1
16913 17083 1
17045 17084 1
17409 17085 1
17308 17085 1
17437 17085 1
17427 17085 1
17669 17085 1
17137 17085 1
17501 17085 1
16913 17085 9
17693 17085 1
17069 17086 1
17077 17087 3
17501 17087 1
17077 17088 2
17087 17088 1
17020 17089 1
17443 17090 1
17408 17090 1
17594 17090 1
17340 17090 1
17526 17090 1
17632 17090 1
17557 17090 1
17549 17090 1
17140 17090 1
17089 17090 1
17022 17090 12
17558 17090 1
17430 17090 1
16954 17091 1
16956 17092 1
17091 17092 1
16990 17093 1
17202 17094 1
17094 17095 1
17204 17095 1
16961 17096 1
17096 17097 1
16963 17097 1
17035 17098 1
17098 17099 1
17110 17099 1
16970 17099 3
17045 17100 1
17035 17101 1
17045 17102 1
17369 17103 2
17104 17103 3
17023 17104 2
17103 17105 3
17104 17105 3
17106 17107 1
16908 17108 1
17107 17108 1
16908 17109 2
17107 17109 1
17536 17109 1
16968 17110 1
17210 17111 1
17212 17112 2
17111 17112 1
17035 17113 1
16990 17114 1
17009 17115 1
17117 17116 1
17116 17118 1
17077 17118 1
17027 17119 1
17167 17120 1
17677 17120 1
17559 17120 1
17465 17120 1
17580 17120 1
17707 17120 1
17546 17120 1
17589 17120 1
17127 17120 1
17622 17120 1
17121 17120 12
17119 17120 1
17257 17120 1
17051 17121 1
17035 17121 1
16968 17121 1
17269 17121 1
17215 17121 1
17527 17121 1
17027 17121 7
17622 17122 1
17580 17122 1
17677 17122 1
17707 17122 1
17127 17122 1
17589 17122 1
17546 17122 1
17121 17122 12
17119 17122 1
17465 17122 1
17341 17122 1
17559 17122 1
17257 17122 1
17127 17123 1
17589 17123 1
17341 17123 1
17546 17123 1
17257 17123 1
17119 17123 1
17622 17123 1
17465 17123 1
17707 17123 1
17677 17123 1
17121 17123 11
17167 17123 1
17546 17124 1
17589 17124 1
17707 17124 1
17121 17124 12
17341 17124 1
17580 17124 1
17127 17124 1
17622 17124 1
17465 17124 1
17119 17124 1
17677 17124 1
17559 17124 1
17167 17124 1
17707 17125 1
17589 17125 1
17677 17125 1
17257 17125 1
17127 17125 1
17119 17125 1
17167 17125 1
17559 17125 1
17465 17125 1
17341 17125 1
17622 17125 1
17580 17125 1
17546 17125 1
17121 17125 14
17121 17126 14
17125 17126 14
17215 17127 1
17121 17128 3
17127 17128 1
17465 17128 1
17546 17128 1
17622 17129 1
17580 17129 1
17707 17129 1
17121 17129 12
17465 17129 1
17589 17129 1
17546 17129 1
17257 17129 1
17559 17129 1
17127 17129 1
17341 17129 1
17677 17129 1
17167 17129 1
17465 17130 1
17622 17130 1
17589 17130 1
17121 17130 5
17127 17130 1
17546 17130 1
16869 17131 6
17622 17131 1
17546 17131 1
17127 17131 1
17707 17131 1
17465 17131 1
17133 17132 1
17135 17134 1
17184 17135 3
17185 17135 3
17134 17136 1
17135 17136 1
16965 17137 1
16870 17138 4
17137 17138 1
17693 17138 1
17427 17138 1
16990 17139 1
17020 17140 1
16990 17141 1
16941 17142 1
17604 17143 1
17687 17143 1
17637 17143 1
16898 17143 7
17329 17143 1
17165 17143 1
17539 17143 1
17142 17143 1
17687 17144 1
16898 17144 7
17539 17144 1
17329 17144 1
17224 17144 1
17165 17144 1
17604 17144 1
17142 17144 1
17637 17145 1
17539 17145 1
17165 17145 1
17604 17145 1
17142 17145 1
16898 17145 7
17224 17145 1
17329 17145 1
16945 17147 1
16917 17148 1
17147 17148 1
17133 17149 1
17377 17150 4
16963 17150 5
17555 17151 1
16963 17151 6
17150 17151 5
17150 17152 5
17266 17152 1
16963 17152 6
17150 17153 5
16963 17153 5
17655 17154 1
17150 17154 5
17228 17154 1
16963 17154 7
16963 17155 5
17150 17155 5
17150 17156 5
16963 17156 5
17150 17157 5
16963 17157 5
16963 17158 5
17150 17158 5
16963 17159 5
17150 17159 5
16990 17160 1
16968 17161 1
16911 17162 1
17164 17163 1
17163 17164 2
17386 17164 1
16941 17165 1
17069 17166 1
17027 17167 1
17167 17168 1
17121 17168 1
16911 17169 1
17169 17170 1
17033 17170 1
17163 17171 1
17171 17172 1
17164 17172 1
17611 17173 1
17436 17173 3
16910 17173 5
17067 17174 1
17558 17175 1
17176 17175 6
17174 17175 1
17443 17175 1
17526 17175 1
17430 17175 1
16871 17176 4
17067 17176 3
17020 17176 11
17641 17177 1
17175 17177 6
17176 17177 7
16902 17179 1
17179 17180 1
16902 17180 1
16990 17181 1
16954 17182 5
17527 17182 1
17202 17183 1
17069 17186 1
16911 17187 1
16927 17188 1
17188 17189 1
16939 17189 1
16961 17190 1
17620 17191 1
17710 17191 1
17190 17191 1
17192 17191 10
17465 17191 1
17600 17191 1
17560 17191 1
17497 17191 1
17320 17191 1
17673 17191 1
17333 17191 1
17306 17192 1
17270 17192 1
16961 17192 7
17051 17192 1
17190 17193 1
17620 17193 1
17333 17193 1
17600 17193 1
17710 17193 1
17497 17193 1
17673 17193 1
17192 17193 9
17465 17193 1
17560 17193 1
17190 17194 1
17192 17194 1
17190 17195 1
17620 17195 1
17333 17195 1
17320 17195 1
17465 17195 1
17673 17195 1
17710 17195 1
17192 17195 10
17600 17195 1
17560 17195 1
17497 17195 1
17190 17196 1
17320 17196 1
17192 17196 10
17465 17196 1
17560 17196 1
17673 17196 1
17710 17196 1
17497 17196 1
17600 17196 1
17333 17196 1
17620 17196 1
17673 17197 1
17333 17197 1
17190 17197 1
17710 17197 1
17320 17197 1
17560 17197 1
17497 17197 1
17465 17197 1
17192 17197 11
17620 17197 1
17600 17197 1
17192 17198 11
17197 17198 11
16900 17199 1
17199 17200 1
16902 17200 1
17202 17201 1
17506 17203 1
17201 17203 1
17204 17203 3
17183 17203 1
17202 17204 5
17386 17204 1
17206 17205 1
17350 17207 1
17579 17207 1
17512 17207 1
17546 17207 1
17601 17207 1
17208 17207 12
17710 17207 1
17615 17207 1
17500 17207 1
17231 17207 1
17497 17207 1
17539 17207 1
17205 17207 1
17307 17208 1
17306 17208 1
17106 17208 1
17323 17208 1
17206 17208 5
17117 17208 1
17527 17208 1
17270 17208 1
16965 17208 1
17210 17209 1
17209 17211 1
17115 17211 1
17212 17211 2
17210 17212 3
17009 17212 2
16871 17212 4
17212 17213 2
17209 17213 1
17008 17213 1
17215 17214 1
17020 17219 1
17422 17220 3
17176 17220 4
17219 17220 1
17045 17221 1
17407 17222 1
17223 17222 2
16941 17224 1
16898 17225 1
17224 17225 1
17637 17226 1
17329 17226 1
17604 17226 1
17687 17226 1
17539 17226 1
17224 17226 1
16898 17226 6
16950 17227 1
16961 17228 1
17230 17229 2
17633 17229 1
16965 17231 1
17539 17232 1
17231 17232 1
17579 17232 1
17601 17232 1
17350 17232 1
17497 17232 1
17615 17232 1
17208 17232 12
17509 17232 1
17710 17232 1
17546 17232 1
17512 17232 1
17500 17232 1
17546 17233 1
17601 17233 1
17615 17233 1
17710 17233 1
17497 17233 1
16913 17233 8
17231 17233 1
17539 17233 1
17500 17233 1
17394 17234 1
17683 17234 1
16929 17234 11
17573 17234 1
17413 17234 1
17440 17234 1
17546 17234 1
17710 17234 1
17471 17234 1
17231 17234 1
17470 17234 1
17522 17234 1
17546 17235 1
17231 17235 1
16929 17235 11
17471 17235 1
17440 17235 1
17522 17235 1
17573 17235 1
17413 17235 1
17683 17235 1
17394 17235 1
17470 17235 1
17716 17235 1
17231 17236 1
17710 17236 1
16870 17236 4
17546 17236 1
16870 17237 5
17138 17237 1
17236 17237 4
16939 17238 4
17236 17238 4
16945 17239 1
16917 17240 1
17239 17240 1
17242 17241 1
16927 17243 1
16870 17244 1
17243 17244 1
16927 17245 1
16945 17246 1
16947 17247 1
17246 17247 1
17053 17248 1
17393 17249 2
16916 17249 4
17248 17249 1
17328 17250 1
16916 17250 5
17249 17250 4
16916 17251 5
17444 17251 1
17249 17251 4
16916 17252 5
17454 17252 1
17249 17252 4
17249 17253 4
16916 17253 4
17249 17254 4
16916 17254 4
16900 17255 1
17255 17256 1
16902 17256 1
17027 17257 1
16927 17258 1
17258 17259 1
16870 17259 1
17263 17260 1
17262 17260 1
17261 17260 3
16900 17264 1
16908 17265 1
17264 17265 1
16961 17266 1
16990 17267 1
17269 17268 1
16956 17271 2
17546 17271 1
17271 17272 2
16956 17272 2
17274 17273 6
17276 17273 3
17277 17273 3
17271 17273 2
17275 17273 3
17304 17273 1
17343 17274 3
17342 17274 3
16956 17274 2
17274 17275 3
17271 17275 2
17274 17276 3
17271 17276 2
17274 17277 3
17271 17277 2
17279 17278 3
17271 17278 2
17274 17278 3
17271 17279 2
17274 17279 3
16956 17280 3
17271 17280 2
17280 17281 3
16956 17281 3
16919 17282 2
17271 17282 2
16911 17283 1
17020 17284 1
17284 17285 1
17647 17285 2
17422 17285 3
17176 17285 6
17287 17286 2
17710 17286 1
17270 17287 1
17306 17287 1
17342 17287 3
17286 17288 2
17287 17288 4
17418 17288 3
17020 17289 1
17176 17290 1
17289 17290 1
17362 17291 1
17033 17291 3
17612 17291 1
17362 17292 1
17291 17292 1
17033 17292 3
16954 17294 1
17294 17295 1
17182 17295 2
17480 17295 1
17027 17296 1
16869 17297 1
17296 17297 1
17327 17298 4
16917 17298 5
17009 17299 1
17708 17300 1
17301 17300 3
17299 17300 1
17552 17300 1
17009 17301 3
17210 17301 1
16927 17302 1
17302 17303 1
16939 17303 1
17274 17304 1
17035 17305 1
17106 17308 1
16908 17309 2
17308 17309 1
17308 17310 1
16917 17310 3
17556 17310 1
17035 17311 1
17396 17312 4
17164 17312 3
17023 17313 3
17369 17313 2
17023 17314 3
17313 17314 3
17313 17315 3
17023 17315 3
16869 17316 2
16868 17316 1
17206 17317 1
16913 17318 1
17317 17318 1
17035 17319 1
16961 17320 1
17192 17321 1
17320 17321 1
17323 17322 1
17475 17324 1
17322 17324 1
16913 17324 4
17405 17324 1
17710 17324 1
17242 17325 1
17325 17326 1
17242 17326 2
17325 17327 1
16917 17327 4
17615 17327 1
17571 17327 1
17053 17328 1
16941 17329 1
17309 17330 1
16908 17330 2
17020 17331 1
17331 17332 1
17422 17332 3
17176 17332 4
16961 17333 1
16900 17334 1
16908 17335 1
17334 17335 1
16870 17336 2
17138 17336 1
16943 17337 2
17539 17337 1
16943 17338 2
17337 17338 2
17035 17339 1
17020 17340 1
17027 17341 1
17035 17344 1
17346 17345 3
17045 17347 1
16941 17348 1
17348 17349 1
16943 17349 1
17206 17350 1
17350 17351 1
17208 17351 2
17500 17351 1
17500 17352 1
17350 17352 1
17208 17352 2
17208 17353 2
17500 17353 1
17350 17353 1
17500 17354 1
17208 17354 2
17350 17354 1
17208 17355 2
17350 17355 1
17500 17355 1
17710 17356 1
17497 17356 1
17208 17356 4
17500 17356 1
17350 17356 1
17009 17357 1
17301 17358 1
17357 17358 1
17301 17359 3
17708 17359 1
17357 17359 1
17552 17359 1
16900 17361 1
16911 17362 1
17362 17363 1
17488 17363 1
17042 17363 2
17307 17364 1
17364 17365 1
17366 17365 1
17307 17366 1
17364 17367 1
17366 17367 1
17366 17368 1
17364 17368 1
17023 17369 2
17364 17369 1
17369 17370 2
17023 17370 2
17023 17371 2
17369 17371 2
17364 17372 1
17373 17372 1
17307 17373 1
16943 17374 2
17364 17374 1
17686 17374 1
17373 17375 1
17364 17375 1
16963 17376 2
17052 17376 1
17710 17377 1
17465 17377 1
17497 17377 1
16963 17377 4
17377 17378 4
17497 17378 1
16963 17378 4
17710 17378 1
17475 17379 1
17453 17379 1
17381 17379 5
17710 17379 1
17602 17379 1
16963 17379 8
17377 17379 4
16963 17380 4
17377 17380 4
16963 17381 5
17377 17381 4
17381 17382 5
17710 17382 1
16963 17382 8
17475 17382 1
17453 17382 1
17602 17382 1
17497 17382 1
17069 17383 1
17383 17384 1
17071 17384 1
17486 17385 1
17561 17385 1
17071 17385 6
17601 17385 1
17474 17385 1
17598 17385 1
17383 17385 1
17387 17386 3
16990 17388 1
16990 17389 1
16900 17390 1
16908 17391 1
17390 17391 1
17035 17392 1
17386 17393 2
16927 17394 1
17396 17395 1
17312 17396 1
17312 17397 2
17395 17397 1
17442 17397 1
16945 17398 1
16954 17399 1
17399 17400 1
16956 17400 1
16968 17402 1
17402 17403 1
16970 17403 1
17680 17404 1
16869 17404 2
17402 17404 1
17206 17405 1
17020 17408 1
17307 17409 1
16943 17410 2
17409 17410 1
17412 17411 3
16927 17413 1
17035 17414 1
16945 17415 1
16917 17416 1
17415 17416 1
16990 17417 1
17287 17418 3
17497 17418 1
17710 17418 1
16927 17419 1
16870 17420 1
17419 17420 1
17176 17421 2
17594 17421 1
17176 17422 3
17421 17422 2
17547 17423 1
17176 17423 4
17422 17423 3
17274 17424 1
17274 17425 1
17424 17425 1
17274 17426 1
17424 17426 1
17306 17427 1
17164 17428 3
17588 17428 1
17506 17428 1
17699 17429 1
17312 17429 5
17428 17429 3
17525 17429 1
17020 17430 1
17526 17431 1
17430 17431 1
17443 17431 1
17558 17431 1
17022 17431 4
17496 17432 1
17545 17432 1
17182 17432 3
17182 17433 3
17432 17433 3
16911 17434 1
17434 17435 1
17033 17435 1
17707 17436 1
16910 17436 3
17622 17436 1
17270 17437 1
17045 17438 1
17212 17439 1
17112 17439 1
16927 17440 1
16929 17441 1
17440 17441 1
17396 17442 1
17020 17443 1
17053 17444 1
16927 17445 1
16945 17446 1
17446 17447 1
16917 17447 1
16927 17448 1
16939 17449 1
17448 17449 1
16941 17450 1
16943 17451 1
17450 17451 1
17045 17452 1
17306 17453 1
17053 17454 1
17117 17455 1
16900 17456 1
16927 17457 1
17457 17458 1
16939 17458 1
16919 17459 1
17459 17460 1
16919 17460 1
17099 17461 1
16970 17461 2
16900 17462 1
17462 17463 1
16908 17463 1
17410 17464 1
16943 17464 2
17051 17465 1
17465 17466 1
16963 17466 2
17710 17466 1
17045 17467 1
16908 17468 3
17616 17468 2
16956 17469 2
17681 17469 1
16927 17470 1
16927 17471 1
16990 17472 1
17035 17473 1
17069 17474 1
17270 17475 1
17045 17476 1
16954 17477 1
17477 17478 1
17496 17478 1
17546 17478 1
17182 17478 4
17545 17478 1
17182 17479 2
17477 17479 1
17546 17479 1
16954 17480 1
17035 17481 1
17035 17482 1
17035 17483 1
16911 17484 1
17033 17485 1
17484 17485 1
17069 17486 1
17045 17487 1
16911 17488 1
17045 17489 1
17206 17490 1
17490 17491 1
16913 17491 1
16954 17492 1
16956 17493 1
17492 17493 1
17212 17494 2
17708 17494 1
17212 17495 2
17494 17495 2
16954 17496 1
17270 17497 1
16900 17498 1
17045 17499 1
17323 17500 1
17117 17501 1
17035 17502 1
17502 17503 1
17056 17503 1
17106 17504 2
17615 17504 1
17133 17505 1
17386 17506 1
17717 17507 1
17204 17507 2
17506 17507 1
17206 17509 1
17208 17510 1
17509 17510 1
16950 17511 1
17206 17512 1
17512 17513 1
16913 17513 1
17601 17514 1
17077 17514 2
17514 17515 2
17077 17515 3
16917 17516 3
17310 17516 1
17571 17516 1
17033 17517 2
17629 17517 1
17517 17518 2
17033 17518 2
17027 17519 1
17519 17520 1
16869 17520 1
16990 17521 1
16927 17522 1
17067 17523 1
17176 17524 2
17523 17524 1
17396 17525 1
17020 17526 1
16947 17528 1
16947 17529 2
17528 17529 1
17529 17530 2
17590 17530 1
16947 17530 3
17529 17531 2
16947 17531 2
16900 17532 1
17532 17533 1
16908 17533 1
16927 17534 1
17534 17535 1
16870 17535 1
16900 17536 1
16941 17537 1
17537 17538 1
16943 17538 1
17307 17539 1
16911 17540 1
17033 17541 1
17540 17541 1
17406 17543 1
17406 17544 1
17543 17544 1
16954 17545 1
17527 17546 1
17020 17547 1
17035 17548 1
17020 17549 1
16961 17550 1
16963 17551 1
17550 17551 1
17009 17552 1
17202 17553 1
17204 17554 1
17553 17554 1
16961 17555 1
17242 17556 1
17020 17557 1
17020 17558 1
17027 17559 1
16961 17560 1
17069 17561 1
16990 17563 1
17138 17564 1
16939 17564 2
17035 17565 1
17527 17566 1
17069 17567 1
17045 17568 1
16911 17569 1
17042 17570 1
17569 17570 1
16945 17571 1
17069 17572 1
16927 17573 1
16929 17574 1
17573 17574 1
17206 17575 1
17575 17576 1
16913 17576 1
17045 17577 1
16875 17578 1
17577 17578 1
17206 17579 1
17027 17580 1
16945 17581 1
16970 17582 2
17622 17582 1
17582 17583 2
16970 17583 3
17585 17584 2
17582 17584 2
16970 17585 2
16900 17586 1
17586 17587 1
16908 17587 1
17163 17588 1
17027 17589 1
16945 17590 1
16990 17591 1
16910 17592 1
17591 17592 1
17527 17593 1
17067 17594 1
16911 17595 1
17595 17596 1
17033 17596 1
17269 17597 1
17069 17598 1
17133 17599 1
16961 17600 1
17117 17601 1
17051 17602 1
17045 17603 1
16941 17604 1
17640 17605 1
16950 17605 2
17027 17606 1
17606 17607 1
16869 17607 1
17269 17608 1
17597 17609 1
17608 17609 1
17608 17610 1
17597 17610 1
16990 17611 1
17508 17612 1
17206 17613 1
17613 17614 1
16913 17614 1
17106 17615 1
17615 17616 1
16908 17616 2
16990 17617 1
17045 17618 1
16900 17619 1
16961 17620 1
17192 17621 1
17620 17621 1
16968 17622 1
17707 17623 1
17622 17623 1
17714 17623 1
16992 17623 3
17622 17624 1
17056 17624 3
17698 17624 1
17677 17624 1
17622 17625 1
17056 17625 1
16965 17626 1
16945 17627 1
17627 17628 1
16917 17628 1
17508 17629 1
17206 17630 1
16913 17631 1
17630 17631 1
17020 17632 1
17274 17634 1
17634 17635 1
17274 17635 1
17274 17636 1
17634 17636 1
16941 17637 1
16990 17638 1
17138 17639 1
16939 17639 1
16950 17640 1
17020 17641 1
16900 17642 1
17035 17643 1
16927 17644 1
16870 17645 1
17644 17645 1
17133 17646 1
17524 17647 1
17176 17647 2
17045 17648 1
17020 17649 1
17176 17650 1
17649 17650 1
17035 17651 1
16883 17652 2
17039 17652 1
16961 17655 1
16927 17656 1
16870 17657 1
17656 17657 1
17542 17658 1
17658 17659 1
16915 17659 1
17027 17660 1
16869 17661 1
17660 17661 1
17206 17662 1
16913 17663 1
17662 17663 1
16927 17664 1
17664 17665 1
16939 17665 1
17508 17666 1
17666 17667 1
17033 17667 1
17666 17668 1
17033 17668 1
17323 17669 1
17035 17670 1
17056 17671 1
17670 17671 1
17133 17672 1
16961 17673 1
17192 17674 1
17673 17674 1
16968 17675 1
17675 17676 1
16970 17676 1
17035 17677 1
17027 17678 1
17678 17679 1
16869 17679 1
17027 17680 1
16956 17681 2
17693 17681 1
16919 17682 1
17681 17682 1
16927 17683 1
17022 17684 1
17022 17685 1
17684 17685 1
16941 17686 1
16941 17687 1
16898 17688 1
17687 17688 1
17045 17689 1
16990 17690 1
17215 17691 1
17045 17692 1
17527 17693 1
16927 17694 1
16870 17695 1
17694 17695 1
17206 17696 1
16913 17697 1
17696 17697 1
17035 17698 1
17396 17699 1
16900 17700 1
16945 17701 1
17045 17702 1
16990 17703 1
16992 17704 1
17703 17704 1
16898 17705 1
16898 17706 1
17705 17706 1
17269 17707 1
17210 17708 1
16900 17709 1
17306 17710 1
17710 17711 1
17287 17711 1
17133 17712 1
16911 17713 1
16990 17714 1
17714 17715 1
16910 17715 1
16927 17716 1
17202 17717 1
