7892 7529 1
7894 7530 2
7529 7530 1
7539 7530 1
7532 7531 2
7598 7531 1
8035 7533 1
7534 7535 3
8011 7536 1
7892 7537 1
8011 7538 1
7540 7539 1
7567 7540 3
7892 7543 1
7548 7547 1
7902 7549 1
7895 7550 1
7895 7551 1
7550 7551 1
7900 7552 1
7550 7552 1
7550 7553 1
7600 7553 1
7894 7553 2
7894 7554 3
7585 7554 2
7550 7554 1
7994 7555 1
7892 7556 1
7892 7557 4
7586 7557 1
7594 7557 1
7556 7557 1
7596 7558 1
7902 7559 1
7904 7560 1
7559 7560 1
7946 7561 1
7561 7562 1
7946 7562 1
8013 7564 1
7564 7565 1
7999 7565 1
7956 7566 1
7902 7568 1
7919 7569 1
7919 7570 3
7569 7570 1
7585 7570 2
7956 7571 1
7892 7572 1
8013 7573 1
7573 7574 1
7999 7574 1
7892 7575 1
7892 7576 1
7900 7577 1
7577 7578 1
7895 7578 2
7919 7579 2
7578 7579 2
7908 7580 1
7902 7581 1
8013 7582 1
7582 7583 1
7999 7583 1
7603 7585 1
7895 7585 2
7892 7586 1
7958 7588 1
7999 7589 1
7584 7591 1
8027 7592 1
7591 7592 1
7895 7593 1
7892 7594 1
7894 7595 2
7594 7595 1
7956 7597 1
7902 7599 1
7892 7600 1
7958 7601 1
7958 7602 1
7601 7602 1
7900 7603 1
7892 7604 1
7895 7605 1
7605 7606 1
7895 7606 1
7892 7607 1
8011 7608 1
8011 7609 1
7558 7610 1
7892 7891 1
7891 7893 1
8012 7893 1
7894 7893 2
7928 7894 6
8001 7894 1
7999 7894 3
7895 7894 11
7540 7894 1
7908 7894 11
7994 7894 1
7558 7894 1
7892 7894 14
7923 7894 3
8013 7894 1
7956 7894 4
7900 7895 5
7953 7895 2
7896 7895 4
7956 7895 4
7954 7895 2
7897 7898 3
7923 7898 1
7899 7900 3
8001 7900 1
7895 7900 1
7902 7901 1
7549 7903 1
7916 7903 1
7990 7903 1
7581 7903 1
7949 7903 1
7599 7903 1
7904 7903 9
7901 7903 1
7985 7903 1
7951 7903 1
7542 7904 1
8001 7904 1
7902 7904 9
7895 7904 3
7900 7904 1
7549 7905 1
7949 7905 1
7599 7905 1
7916 7905 1
7901 7905 1
7904 7905 8
7581 7905 1
7951 7905 1
7990 7905 1
7901 7906 1
7951 7906 1
7985 7906 1
7581 7906 1
7904 7906 10
7568 7906 1
7990 7906 1
7599 7906 1
7916 7906 1
7949 7906 1
7549 7906 1
7924 7907 3
7964 7907 6
7908 7907 11
7895 7908 7
8030 7908 1
7923 7908 3
7894 7908 9
7894 7909 14
7593 7909 1
7964 7909 6
7556 7909 1
7924 7909 3
7927 7909 4
7907 7909 11
7595 7910 2
7912 7910 14
7894 7910 21
7965 7910 8
7909 7910 14
7575 7910 1
7912 7911 14
7909 7911 14
7894 7911 16
7924 7912 3
7543 7912 1
7894 7912 14
7907 7912 11
7593 7912 1
7964 7912 6
7927 7912 4
7894 7913 13
7907 7913 11
7927 7913 4
7604 7913 1
7964 7913 6
7927 7914 4
8019 7914 1
7964 7914 6
7907 7914 11
7894 7914 13
7908 7915 11
7907 7915 11
7902 7916 1
7951 7917 1
7904 7917 3
7916 7917 1
7985 7917 1
7951 7918 1
7916 7918 1
7581 7918 1
8015 7918 2
7904 7918 5
7895 7919 4
8001 7919 1
8017 7920 2
7921 7920 4
8030 7921 1
7528 7921 3
7936 7921 1
7923 7922 1
7987 7923 4
7895 7923 1
7997 7923 3
7900 7923 1
7985 7924 1
7923 7924 3
7922 7924 1
8029 7925 1
7908 7925 4
7924 7925 3
7908 7926 3
7924 7926 3
7924 7927 3
7928 7927 4
7923 7928 3
7558 7928 1
7610 7929 1
7928 7929 6
7927 7929 4
7922 7929 1
7610 7930 1
7607 7930 1
8034 7930 1
7894 7930 14
7929 7930 6
7964 7930 6
7928 7931 4
7927 7931 4
7985 7932 1
7922 7932 1
7923 7932 3
7990 7932 1
7894 7933 9
7593 7933 1
7597 7933 1
7566 7933 1
7922 7933 1
7985 7933 1
8002 7933 1
7955 7933 1
7571 7933 1
7908 7934 11
7580 7934 1
7933 7934 9
7936 7935 11
7934 7935 11
8020 7936 2
7908 7936 11
7921 7936 3
7895 7936 8
8017 7937 2
7938 7937 16
7968 7937 8
7934 7937 11
7921 7938 6
8022 7938 3
7908 7938 11
7895 7938 8
7937 7939 16
7938 7939 18
8018 7939 4
7937 7940 16
7938 7940 21
8031 7940 2
7920 7940 1
7968 7940 8
7952 7940 2
8017 7940 2
8018 7940 4
7934 7941 11
7608 7941 1
8023 7941 1
7536 7941 1
8024 7941 1
7538 7941 1
8010 7941 1
7942 7941 19
7609 7941 1
7895 7942 8
8011 7942 6
8020 7942 5
8033 7942 4
7908 7942 11
7968 7943 8
8036 7943 2
7941 7943 19
7942 7943 26
8024 7943 1
8025 7943 5
7968 7944 8
7942 7944 26
7941 7944 19
8024 7944 1
8036 7944 2
8025 7944 5
7934 7945 11
7561 7945 1
7946 7945 12
7908 7946 11
7550 7947 1
7894 7947 2
7922 7947 1
7898 7948 1
7922 7948 1
7902 7949 1
7949 7950 1
7904 7950 3
8015 7950 2
7902 7951 1
7921 7952 2
7956 7955 1
7995 7956 1
7895 7956 1
7996 7956 1
7958 7957 10
8028 7957 1
7555 7957 1
7955 7957 1
7993 7957 1
8034 7957 1
7566 7957 1
7571 7957 1
7597 7957 1
7994 7958 4
8030 7958 1
7892 7958 6
7956 7958 4
8035 7958 1
7958 7959 15
7575 7959 1
7557 7959 4
7957 7959 10
8029 7960 1
7958 7960 6
7955 7960 1
7566 7960 1
8002 7960 1
7571 7960 1
7958 7961 12
7601 7961 1
7983 7961 7
8003 7961 3
7960 7961 6
7588 7961 1
7981 7961 2
7981 7962 2
8003 7962 3
7958 7962 10
7983 7962 7
7960 7962 6
7958 7963 8
7981 7963 2
7601 7963 1
7960 7963 6
7597 7964 1
7593 7964 1
7955 7964 1
7566 7964 1
7895 7964 6
7571 7964 1
7894 7965 8
7964 7965 6
7537 7965 1
7894 7966 9
8012 7966 1
7965 7966 8
7985 7967 1
7908 7967 7
7964 7967 6
7985 7968 1
7895 7968 8
7964 7968 6
8026 7969 1
8024 7969 1
8017 7969 2
7968 7969 8
7936 7969 13
7920 7969 1
7968 7970 8
7894 7970 8
7942 7971 8
7968 7971 8
7968 7972 8
7973 7972 8
7895 7973 8
7975 7974 8
7968 7974 8
7895 7975 8
7576 7976 1
7894 7976 8
7964 7976 6
7985 7977 1
7976 7977 8
7894 7977 9
7985 7978 1
7908 7978 8
7964 7978 6
8029 7978 1
7980 7979 6
7964 7979 6
7587 7980 1
7895 7980 8
8009 7980 4
7955 7981 1
7958 7981 2
7958 7982 7
7981 7982 2
8003 7982 3
7588 7982 1
7601 7982 1
7533 7983 1
8029 7983 1
7571 7983 1
7958 7983 7
7566 7983 1
7955 7983 1
8002 7983 1
7895 7985 1
7987 7986 1
7985 7986 1
7895 7987 1
7895 7988 2
7985 7988 1
7990 7988 1
7908 7989 1
7985 7989 1
7900 7990 1
7992 7991 2
7598 7991 1
7994 7993 1
7582 7998 1
7999 7998 2
8013 7999 3
7894 8000 4
7572 8000 1
7998 8000 2
7589 8000 1
7892 8002 1
7958 8003 3
8029 8003 1
8002 8003 1
8029 8004 1
8002 8004 1
7958 8004 4
7975 8005 4
7900 8006 1
7895 8007 2
8006 8007 1
8007 8008 2
7895 8008 2
8011 8010 1
7942 8011 1
8013 8012 1
7546 8013 1
7545 8013 1
7544 8013 3
7547 8013 1
8001 8013 1
7996 8013 1
7900 8014 1
7895 8015 2
8014 8015 1
7980 8016 2
8015 8016 2
7921 8017 2
8029 8017 1
7938 8018 4
7920 8018 1
8017 8018 2
7892 8019 1
8021 8020 3
7936 8020 1
8011 8023 1
8020 8024 3
8020 8025 5
8024 8025 3
8020 8026 5
8024 8026 3
7975 8027 4
7584 8027 1
7994 8028 1
8030 8029 1
8029 8031 1
7921 8031 2
7994 8034 1
7942 8036 2
8024 8036 1
