246 0 1
0 1 1
246 1 1
246 2 1
2 3 1
246 3 1
5 4 1
218 8 1
223 10 1
234 11 1
246 13 1
13 14 1
246 14 1
223 15 1
218 217 4
219 218 6
221 220 1
220 222 1
233 222 1
223 222 5
11 222 1
263 222 1
234 223 3
221 223 1
251 224 1
15 224 1
250 224 1
244 224 1
222 224 5
223 224 12
10 224 1
272 224 1
267 224 1
226 225 1
228 227 6
227 229 4
234 230 1
227 230 1
231 232 3
234 233 1
252 234 1
236 235 1
233 235 1
260 236 1
234 236 1
233 237 1
238 237 1
234 238 1
218 238 1
233 239 1
230 239 1
241 240 3
218 242 3
8 242 1
218 243 3
242 243 3
223 244 1
246 245 1
245 247 1
246 247 1
246 248 1
248 249 1
246 249 1
223 250 1
223 251 1
252 253 8
253 254 5
253 255 5
227 257 1
257 258 1
259 258 2
227 258 2
257 259 1
227 259 2
246 261 1
246 262 1
261 262 1
234 263 1
263 264 1
265 264 1
234 265 1
223 267 1
246 268 1
268 269 1
246 269 1
246 270 1
270 271 1
246 271 1
223 272 1
