8270 8269 1
12774 8274 2
9099 8274 1
9099 8275 1
8274 8275 2
12774 8275 2
8278 8277 2
9082 8277 1
12879 8279 1
8279 9028 1
12880 9028 1
12880 9029 1
8279 9029 1
12726 9030 1
8279 9030 1
8279 9031 1
9032 9031 1
12879 9032 1
9032 9033 1
8279 9033 1
9035 9034 1
8279 9034 1
12879 9035 1
9035 9036 1
8279 9036 1
8277 9039 1
9105 9040 1
12749 9040 2
9039 9040 1
12838 9044 1
12845 9045 1
9044 9045 1
9050 9049 1
12882 9051 1
12736 9052 2
9089 9052 1
9051 9052 1
9093 9053 1
9062 9063 1
9064 9063 2
12725 9066 1
12745 9070 1
12738 9072 1
9072 9073 1
12811 9073 1
9075 9074 1
12720 9075 3
9080 9075 3
9074 9076 1
9075 9076 1
12852 9081 1
12850 9087 1
9087 9088 1
12772 9088 1
12882 9089 1
9093 9095 1
9095 9096 1
9053 9096 1
9053 9097 1
9095 9097 1
9053 9098 1
9095 9098 1
12774 9099 1
9047 9101 1
9101 9102 1
9047 9102 1
12694 9103 1
12752 9104 1
12747 9105 1
12695 12694 3
12698 12699 1
9057 12699 2
12698 12700 1
12805 12700 2
12701 12702 3
12704 12703 1
12764 12704 1
12727 12705 1
12797 12705 1
12706 12705 4
12817 12705 1
12703 12705 1
12728 12706 2
12704 12706 1
12765 12706 1
12703 12707 1
12727 12707 1
12817 12707 1
12797 12707 1
12706 12707 4
12877 12708 1
12709 12708 2
12730 12708 7
12730 12710 7
12710 12711 4
12715 12714 3
12717 12718 1
9048 12718 2
12720 12719 3
12723 12722 2
9079 12722 1
12866 12722 1
12695 12724 3
12879 12726 1
12728 12727 1
12730 12729 7
12798 12729 1
12727 12729 1
12797 12729 1
12790 12729 1
12780 12729 1
9070 12729 1
12728 12730 3
12745 12730 3
12729 12731 7
12708 12731 7
12710 12732 7
12729 12732 7
12739 12733 1
12734 12733 9
9066 12733 1
12729 12733 7
12740 12734 1
12725 12734 1
12730 12734 7
12882 12736 2
12737 12736 3
12735 12736 3
12695 12738 3
12740 12739 1
12764 12740 1
9066 12741 1
12739 12741 1
12734 12741 2
12715 12742 3
12764 12745 1
12747 12746 1
12764 12747 1
12749 12748 1
12746 12748 1
12747 12749 2
8277 12749 1
9104 12751 1
12752 12751 2
12751 12753 2
12754 12753 3
12752 12754 2
12753 12755 3
9103 12755 1
12756 12755 4
12694 12756 1
12754 12756 3
12754 12757 3
12751 12757 2
12759 12758 4
12757 12758 3
9103 12758 1
12754 12759 3
12694 12759 1
12751 12760 2
12754 12760 2
8276 12762 1
12763 12762 2
12764 12765 1
12766 12765 1
12767 12768 1
12779 12768 2
12770 12769 1
8269 12771 1
12772 12771 5
9049 12771 1
12769 12771 1
9087 12771 1
9081 12771 1
9085 12772 2
12786 12772 1
12850 12772 1
9083 12772 2
9084 12772 2
12852 12772 1
9050 12772 1
12770 12772 1
12785 12772 1
12784 12772 1
8270 12772 1
12774 12773 1
12773 12775 1
12774 12775 1
12706 12776 1
12776 12777 1
12706 12777 1
12745 12780 1
12788 12787 3
12745 12790 1
12793 12792 1
12695 12793 3
12792 12794 1
12795 12794 1
12807 12795 3
12793 12795 1
12728 12797 1
12728 12798 1
12799 12800 3
12715 12806 3
12695 12808 3
12738 12811 1
12765 12817 1
12711 12827 1
12827 12828 1
12829 12828 1
12711 12829 1
12720 12836 3
12840 12839 1
12840 12841 1
12839 12841 1
12839 12842 1
12840 12842 1
12840 12843 1
12839 12843 1
12840 12844 1
12839 12844 1
12838 12845 1
9079 12845 1
12846 12845 2
9092 12853 1
12854 12853 2
12863 12862 3
12863 12864 3
12866 12865 1
12722 12867 1
12865 12867 1
12764 12869 1
12814 12870 1
12872 12871 1
12870 12871 1
12814 12872 1
12870 12873 1
12872 12873 1
12879 12880 1
12882 12881 1
12881 12883 1
12882 12883 1
12884 12885 3
12696 12887 1
12889 12888 1
12887 12888 1
12696 12889 1
