516 515 2
518 516 4
627 517 1
613 517 1
649 517 1
515 517 2
612 517 1
523 517 1
635 517 1
518 517 19
624 517 2
628 517 1
647 517 1
651 517 1
623 517 1
621 517 1
650 517 1
600 517 2
609 518 1
516 518 14
634 518 1
606 518 6
604 518 13
633 518 1
622 518 1
605 518 6
517 519 19
518 519 20
521 520 9
650 520 1
649 520 1
624 520 2
600 520 2
651 520 1
515 520 2
633 521 1
516 521 8
612 522 1
624 522 2
647 522 1
515 522 2
518 522 6
516 523 1
525 524 6
530 524 3
568 524 4
569 525 7
531 525 3
577 526 5
524 526 6
527 526 7
531 527 3
525 527 14
529 528 1
531 529 6
648 529 3
629 530 1
528 530 1
531 530 3
537 531 1
643 531 1
653 531 1
529 531 3
652 531 1
648 531 3
533 532 3
530 532 3
531 533 3
535 534 3
530 534 3
531 535 3
537 536 3
530 536 3
531 537 3
550 537 5
539 538 4
530 538 3
547 539 5
586 539 6
644 539 1
637 539 1
639 539 1
560 539 1
641 539 1
643 539 1
636 539 1
569 539 4
638 539 1
640 539 1
642 539 1
531 539 5
530 540 3
538 540 4
539 540 5
655 541 1
614 541 2
617 541 3
542 541 10
607 541 1
540 541 5
608 542 2
539 542 8
531 542 2
537 543 3
530 543 3
539 544 3
530 544 3
565 545 4
530 545 3
546 545 4
591 545 4
568 545 4
539 545 7
530 546 3
547 546 4
550 547 4
531 547 5
530 548 3
547 548 3
550 549 4
530 549 3
531 550 3
537 551 4
530 551 3
549 551 4
530 552 3
547 552 4
549 552 4
549 553 4
530 553 3
554 553 4
531 554 3
550 554 4
537 555 5
598 555 4
549 555 4
549 556 4
598 556 4
537 556 5
549 557 4
598 557 4
558 557 6
550 558 5
626 559 1
560 559 9
625 559 1
557 559 6
563 559 7
558 560 6
560 561 8
563 561 7
557 561 6
561 562 8
563 562 7
560 562 8
557 563 6
560 563 7
563 564 7
560 564 7
547 565 4
530 565 3
530 566 3
539 566 3
547 567 3
530 567 3
530 568 3
569 568 4
531 569 5
525 570 10
530 570 3
579 570 8
602 570 5
568 570 4
568 571 4
525 571 6
530 571 3
527 572 6
571 572 6
525 573 6
568 573 4
530 573 3
573 574 6
530 574 3
527 574 6
568 575 4
525 575 5
580 576 6
527 576 7
575 576 5
568 577 4
525 577 5
525 578 4
568 578 4
525 579 8
610 579 3
568 579 4
525 580 6
568 580 4
530 580 3
530 581 3
582 581 3
629 581 1
531 582 5
584 583 3
530 583 3
531 584 5
530 585 3
586 585 3
531 586 5
530 587 3
586 587 4
530 588 3
593 588 4
587 588 4
539 588 5
530 589 3
590 589 6
529 589 6
530 590 3
629 590 1
631 590 2
531 590 6
586 591 4
530 591 3
530 592 3
586 592 3
586 593 4
530 593 3
530 594 3
586 594 3
586 595 3
530 595 3
586 596 3
530 596 3
547 597 3
530 597 3
550 598 4
530 598 3
530 599 3
586 599 3
516 600 2
518 601 7
651 601 1
650 601 1
600 601 2
624 601 2
613 601 1
610 602 3
525 602 5
518 603 1
519 603 1
608 607 1
537 608 4
518 609 4
569 610 3
614 610 2
525 611 3
610 611 3
516 612 1
516 613 1
632 614 1
531 614 2
614 615 2
584 615 2
614 616 2
582 616 2
614 617 2
539 617 3
614 618 2
547 618 3
547 619 3
618 619 3
614 620 2
586 620 2
609 621 1
518 622 4
622 623 1
516 624 2
560 625 1
560 626 1
516 627 1
516 628 1
531 629 1
629 630 1
531 630 1
529 631 2
654 631 1
531 632 1
518 633 4
518 634 4
516 635 1
646 645 3
634 647 1
633 649 1
516 650 1
516 651 1
529 654 1
608 655 1
