1182 1181 3
1314 1181 1
1188 1181 2
1299 1183 1
1186 1183 3
1188 1183 2
1185 1183 2
1184 1183 2
1300 1183 1
1188 1187 1
1195 1188 2
1194 1188 3
1298 1188 1
1302 1188 1
1196 1188 4
1197 1188 4
1301 1188 1
1315 1189 1
1188 1189 3
1187 1189 1
1191 1190 3
1189 1190 3
1188 1191 3
1191 1192 3
1189 1192 3
1189 1193 3
1191 1193 3
1183 1196 2
1181 1197 1
1188 1303 1
1303 1304 1
1181 1304 1
1183 1305 1
1303 1305 1
1188 1306 1
1306 1307 1
1181 1307 1
1306 1308 1
1183 1308 1
1183 1309 1
1306 1309 1
1181 1310 1
1310 1311 1
1197 1311 1
1183 1312 1
1196 1313 2
1312 1313 1
1316 1313 1
1188 1315 1
1183 1316 1
