78 76 1
77 76 1
355 76 3
81 76 1
80 76 1
79 76 1
349 82 3
84 83 4
92 85 1
94 85 1
95 86 1
85 86 1
94 87 1
86 87 2
85 88 1
85 89 1
95 89 1
356 90 1
85 90 1
357 93 1
356 93 1
101 95 1
91 95 1
94 95 1
96 97 1
98 99 1
356 100 1
95 102 1
95 103 1
104 103 1
91 104 1
337 336 1
355 337 3
339 338 2
341 338 2
336 338 1
342 339 2
337 339 1
336 340 1
339 340 1
342 341 2
336 341 1
337 342 1
342 343 1
336 343 1
345 344 2
83 344 1
346 347 3
349 348 3
354 350 3
353 350 3
93 352 2
91 352 1
101 352 1
357 352 1
103 352 2
86 352 2
94 352 1
351 352 1
102 352 1
92 356 1
351 356 1
351 357 1
