6247 6198 1
6199 6198 2
6201 6200 3
6204 6202 1
6203 6202 3
6202 6204 1
6221 6204 1
6206 6205 4
6207 6206 6
6208 6207 17
6206 6209 4
6247 6210 1
6199 6210 2
6206 6211 1
6211 6212 1
6206 6212 1
6236 6213 3
6261 6214 1
6215 6214 3
6262 6214 1
6234 6215 1
6232 6215 4
7135 6215 1
7132 6216 4
6214 6216 3
6229 6216 1
6261 6216 1
6262 6216 1
6242 6218 2
7133 6218 5
6267 6218 1
6248 6218 1
6218 6219 5
6248 6219 1
6267 6219 1
7133 6219 5
6241 6220 3
6255 6220 2
6222 6221 2
6226 6221 2
6204 6221 2
6223 6221 2
6227 6221 2
6203 6221 5
6228 6221 2
6225 6223 2
6224 6223 2
6221 6223 2
6205 6229 1
7132 6230 1
6251 6230 1
6253 6230 1
6257 6230 1
6221 6230 4
6232 6231 1
6207 6232 10
6231 6233 1
6232 6233 1
6232 6234 4
6236 6235 3
6232 6236 5
6202 6237 1
6237 6238 1
6204 6238 2
6250 6238 1
6237 6239 1
6204 6239 1
6241 6240 4
6237 6240 1
6255 6240 2
6207 6241 1
6202 6241 1
6200 6241 1
6264 6241 1
6263 6241 1
6266 6241 1
6237 6242 1
6241 6242 2
6242 6243 2
6237 6243 1
6255 6243 2
6241 6243 5
6242 6244 2
6255 6244 2
6241 6244 5
6237 6245 1
6241 6245 1
6237 6246 1
6204 6246 2
7133 6248 1
6248 6249 1
7133 6249 1
6221 6250 1
6254 6253 4
6267 6255 1
6241 6255 2
6241 6256 2
6255 6256 2
6260 6259 3
6234 6261 1
7135 6262 1
6265 6264 1
6252 6264 1
6200 6267 1
6232 6269 1
6236 6270 1
6234 7132 1
6215 7132 3
6251 7132 2
6205 7132 1
7135 7132 1
7136 7133 12
6200 7133 1
6241 7133 2
7133 7134 6
7133 7135 8
