15880 15833 4
15834 15833 5
15881 15834 4
16507 15835 1
15833 15835 5
15836 15835 6
15840 15836 1
15881 15836 1
15834 15836 5
15883 15837 10
16205 15837 1
15833 15837 5
16191 15837 2
16354 15837 1
16385 15837 1
15834 15838 5
15880 15838 4
15840 15839 5
15838 15839 5
15844 15840 4
15834 15840 8
15834 15841 5
15880 15841 4
15841 15842 5
15840 15842 5
15883 15843 4
15880 15843 4
16177 15844 1
15969 15844 12
16039 15844 3
16030 15844 2
16011 15844 3
15845 15844 14
15992 15844 3
15913 15844 1
15862 15844 2
15871 15844 2
16495 15844 1
16360 15844 1
15881 15844 2
15976 15844 5
15846 15844 15
15972 15844 7
16021 15844 1
16486 15844 1
15904 15844 2
16093 15844 3
16196 15844 2
15848 15847 3
15850 15849 1
15959 15850 1
15871 15850 1
16229 15850 1
15834 15850 1
16039 15850 1
15925 15850 1
15952 15850 1
15881 15850 1
15924 15851 1
15852 15851 3
15849 15851 1
16532 15851 1
15904 15852 1
16211 15852 1
15925 15852 1
15983 15852 1
15834 15852 2
15850 15852 4
16057 15852 1
16031 15852 1
16196 15852 1
16138 15852 1
16338 15852 3
15959 15852 9
16039 15852 3
15881 15852 1
16155 15852 1
16167 15852 1
15862 15852 1
16280 15852 2
15846 15852 3
16111 15852 3
16011 15852 1
15857 15852 1
15871 15852 1
16169 15852 4
15849 15853 1
16532 15853 1
15924 15853 1
15850 15853 4
16311 15853 1
15855 15854 2
16302 15854 1
15857 15856 1
16483 15858 1
15877 15858 1
16469 15858 1
16086 15858 1
16430 15858 1
16126 15858 1
16283 15858 1
16267 15858 1
16400 15858 1
15991 15858 1
15856 15858 1
16485 15858 1
16454 15858 1
16272 15858 1
16448 15858 1
16453 15858 1
15982 15858 1
16366 15858 1
16362 15858 1
16092 15858 1
16472 15858 1
16082 15858 1
16478 15858 1
16411 15858 1
15919 15858 1
16244 15858 1
15859 15858 26
15983 15859 6
15992 15859 4
16255 15859 1
15920 15859 5
15857 15859 6
16093 15859 5
15862 15861 1
15864 15863 4
15861 15863 1
16297 15863 3
16468 15864 1
15862 15864 5
15990 15864 2
15866 15865 2
16482 15865 1
15868 15869 3
15871 15870 1
15938 15871 2
15862 15871 1
16009 15871 2
16433 15871 2
16356 15871 2
16385 15872 1
15870 15872 1
15873 15872 2
15850 15873 1
15844 15873 4
15871 15873 4
16011 15873 1
15871 15874 1
15870 15874 1
15870 15875 1
16532 15875 1
16503 15875 1
16247 15875 1
16354 15875 1
15852 15875 14
16279 15875 1
16137 15875 1
16221 15875 1
16435 15875 1
16491 15875 1
16174 15875 2
16385 15875 1
16166 15875 1
16433 15876 2
15881 15876 4
15862 15876 1
15959 15876 1
16434 15876 2
15857 15877 1
15997 15878 1
15879 15878 2
15881 15880 4
16153 15880 1
16380 15880 1
16503 15880 1
15876 15881 1
16159 15882 2
16452 15882 1
15883 15882 6
15880 15882 4
16380 15882 1
15904 15883 2
15876 15883 11
15844 15883 4
15834 15883 5
15972 15883 7
16486 15883 1
16360 15883 1
15846 15883 3
15917 15883 2
16206 15883 1
15871 15883 2
15992 15883 5
15862 15883 1
15969 15883 8
16294 15883 1
16011 15883 4
15881 15883 6
16293 15884 1
16452 15884 1
16380 15884 1
15966 15884 1
16400 15884 1
15883 15884 11
16159 15884 2
16485 15884 1
15880 15884 4
16359 15884 1
15898 15896 3
15897 15896 3
15900 15899 1
15899 15901 1
15902 15901 1
16053 15902 3
15900 15902 1
15904 15903 1
16349 15905 1
16091 15905 3
16463 15905 1
16513 15905 1
16016 15905 1
16447 15905 1
15903 15905 1
16330 15905 1
15906 15905 10
16030 15906 2
16017 15906 4
16350 15906 3
15850 15906 1
15904 15906 4
16294 15906 2
16331 15906 3
15862 15906 1
16276 15906 1
15959 15906 6
15912 15907 1
15903 15907 1
16441 15907 1
16020 15907 1
16513 15907 1
16241 15907 1
16384 15907 1
15908 15907 7
16215 15908 1
16021 15908 1
15913 15908 1
16057 15908 1
16026 15908 1
15904 15908 2
16489 15909 1
16010 15909 1
16304 15909 1
16380 15909 1
15970 15909 3
16146 15909 1
15903 15909 1
16251 15909 1
16220 15909 1
16439 15909 1
16163 15909 6
16058 15909 6
16186 15909 1
16532 15909 1
16385 15909 1
16340 15909 2
16524 15909 1
16071 15909 1
16161 15909 6
16328 15909 1
16487 15909 1
16152 15909 1
16191 15909 2
15844 15909 43
15966 15909 1
16162 15909 6
16353 15909 1
16359 15909 1
16509 15909 1
16278 15909 1
16160 15909 5
16484 15909 1
16452 15909 1
15968 15909 3
16221 15909 1
16059 15909 8
15911 15910 3
15913 15912 1
15914 15915 3
16059 15916 8
15917 15916 13
16262 15916 3
16257 15917 2
15969 15917 8
16162 15918 6
16163 15918 6
15916 15918 2
15883 15918 9
15920 15919 1
16126 15921 1
16296 15921 1
15922 15921 3
15919 15921 1
15920 15922 9
15846 15922 3
16026 15922 1
16253 15922 1
15925 15924 1
15857 15925 2
15983 15925 2
16311 15926 1
16532 15926 1
15852 15926 5
16518 15926 1
15924 15926 1
15958 15926 1
15924 15927 1
15852 15927 1
15924 15928 1
15852 15928 1
16291 15929 1
15852 15929 3
16405 15929 1
15924 15929 1
15924 15930 1
15852 15930 2
16492 15930 1
16405 15931 1
15924 15931 1
15852 15931 3
16291 15931 1
15852 15932 3
15924 15932 1
16109 15932 2
15934 15933 1
15924 15933 1
15925 15934 1
15846 15934 3
15876 15935 1
15881 15936 2
15935 15936 1
15936 15937 2
15938 15937 2
16308 15938 5
15881 15938 4
16468 15938 1
16186 15939 1
16073 15939 3
15876 15939 6
15935 15939 1
15946 15940 6
15876 15940 11
15945 15940 6
15948 15940 5
15939 15940 6
15883 15941 13
15916 15941 1
15940 15941 11
16489 15941 1
15883 15942 13
16489 15942 1
15916 15942 1
15940 15942 11
16059 15943 8
15883 15943 19
15940 15943 11
15940 15944 11
15883 15944 11
15876 15945 6
16073 15945 3
15935 15945 1
16186 15945 1
15935 15946 1
16073 15946 3
15876 15946 6
16122 15946 1
15876 15947 6
15946 15947 6
15935 15948 1
16073 15948 3
15876 15948 5
15834 15949 1
15949 15950 1
15852 15950 2
16521 15950 1
16521 15951 1
15952 15951 2
15949 15951 1
15959 15952 2
16468 15952 1
16061 15952 4
15834 15952 2
15949 15953 1
15954 15953 2
16521 15953 1
16468 15954 1
15881 15954 1
16136 15954 2
15834 15954 3
15840 15955 2
16521 15955 1
15949 15955 1
16302 15956 1
15957 15956 2
15959 15958 1
16201 15959 1
15862 15959 1
15958 15960 1
15952 15960 1
15952 15961 1
15958 15961 1
15958 15962 1
15876 15962 1
15846 15963 3
15900 15963 2
15848 15964 3
15848 15965 3
15881 15966 1
15954 15967 1
15966 15967 1
16380 15968 1
15966 15968 1
15969 15968 3
15881 15969 4
16070 15969 1
15966 15970 1
16380 15970 1
15969 15970 3
16380 15971 1
15972 15971 2
15966 15971 1
16070 15972 1
15881 15972 4
15966 15973 1
15972 15973 2
16380 15973 1
15966 15974 1
16380 15974 1
15876 15974 2
15966 15975 1
15976 15975 1
15881 15976 5
16300 15976 1
15876 15977 1
15966 15977 1
15862 15978 1
16038 15979 2
15978 15979 1
15844 15979 3
16038 15980 2
16345 15980 1
15978 15980 1
15852 15980 4
15978 15981 1
15864 15981 1
15983 15982 1
16448 15984 1
15925 15984 4
15982 15984 1
16472 15984 1
16267 15984 1
16472 15985 1
16448 15985 1
15982 15985 1
16267 15985 1
15925 15985 4
15982 15986 1
16448 15986 1
16267 15986 1
16472 15986 1
15925 15986 4
16448 15987 1
16267 15987 1
16472 15987 1
15925 15987 4
15982 15987 1
15982 15988 1
16448 15988 1
16472 15988 1
15925 15988 4
16267 15988 1
15992 15991 1
16426 15993 1
15991 15993 1
16153 15993 1
15883 15993 5
16205 15993 1
16485 15993 1
15846 15994 3
15996 15995 2
15999 15998 1
16001 16000 3
16197 16000 1
16440 16000 1
15998 16000 1
16198 16001 1
15860 16001 2
15999 16001 2
16067 16001 1
16440 16002 1
16001 16002 3
16197 16002 1
15998 16002 1
16197 16003 1
16001 16003 3
16440 16003 1
15998 16003 1
16005 16004 3
16249 16006 1
16007 16006 2
16009 16008 1
16011 16010 1
16205 16012 1
16400 16012 1
16153 16012 1
16359 16012 1
16010 16012 1
16485 16012 1
16503 16012 1
15883 16012 7
15883 16013 6
16010 16013 1
16426 16013 1
16380 16013 1
16153 16013 1
16205 16013 1
16485 16013 1
16014 16015 3
16017 16016 1
16019 16018 2
15959 16018 1
16468 16018 1
16021 16020 1
15959 16021 1
16023 16022 2
16355 16022 1
16026 16025 1
16436 16027 1
16025 16027 1
16414 16027 1
16455 16027 1
16442 16027 1
16028 16027 7
16346 16027 1
16026 16028 3
16021 16028 3
16215 16028 3
15913 16028 3
16057 16028 2
15904 16028 3
16321 16029 2
16071 16029 1
16028 16029 21
16027 16029 7
16090 16029 5
16181 16029 6
15938 16031 1
15876 16031 1
15952 16031 1
15871 16032 2
15844 16032 4
15862 16032 2
16035 16034 3
16033 16034 3
16037 16036 2
16302 16036 1
16039 16038 2
16221 16038 1
16196 16039 1
15846 16039 3
16038 16040 2
16041 16040 2
16039 16041 3
16196 16041 2
15846 16041 3
16215 16041 1
15871 16041 1
16038 16042 2
16039 16042 2
16038 16043 2
16221 16043 1
16041 16043 2
16038 16044 2
16039 16044 2
16039 16045 2
16038 16045 2
16221 16046 1
16041 16046 2
16038 16046 2
16039 16047 2
16038 16047 2
16041 16048 2
16038 16048 2
16039 16049 2
16038 16049 2
16038 16050 2
16041 16050 2
16052 16051 3
16355 16055 1
16056 16055 2
16159 16058 2
16380 16058 1
15969 16058 6
16204 16058 2
16058 16059 6
16161 16059 6
15969 16059 8
16377 16060 1
15969 16060 6
16058 16060 6
16063 16062 1
16065 16064 2
16062 16064 1
16063 16065 1
16515 16066 1
16197 16066 1
16064 16066 2
16067 16066 5
16065 16067 3
16198 16067 1
16069 16068 2
16302 16068 1
15904 16071 1
15876 16072 2
15876 16073 3
16072 16073 2
16073 16074 3
16075 16074 3
15876 16075 3
16073 16076 3
16075 16076 3
16075 16077 3
16073 16077 3
16073 16078 3
16075 16078 3
16073 16079 3
16075 16079 3
16017 16080 1
16094 16081 1
16494 16081 1
15906 16081 6
16358 16081 1
16396 16081 1
16109 16081 1
16080 16081 1
15992 16082 1
16205 16083 1
16426 16083 1
15883 16083 4
16082 16083 1
16485 16083 1
16085 16084 3
15983 16086 1
16011 16087 1
15881 16087 1
15846 16087 3
15881 16088 1
15938 16089 1
16088 16089 1
16182 16090 1
16220 16090 1
16435 16090 1
16028 16090 5
16509 16090 1
15959 16091 3
16174 16091 2
16093 16092 1
16017 16094 1
16096 16095 2
16355 16095 1
15959 16097 1
16425 16098 1
15852 16098 3
16097 16098 1
16292 16098 1
15852 16099 1
16097 16099 1
15852 16100 4
16329 16100 1
16097 16100 1
16292 16100 1
16425 16100 1
16329 16101 1
15852 16101 4
16292 16101 1
16097 16101 1
16425 16101 1
16292 16102 1
16329 16102 1
16425 16102 1
15852 16102 4
16097 16102 1
15852 16103 2
16329 16103 1
16097 16103 1
16502 16104 1
16298 16104 1
16337 16104 1
15852 16104 7
16110 16104 1
16528 16104 1
16097 16104 1
16404 16104 1
15852 16105 1
16097 16105 1
16107 16106 1
16097 16106 1
16111 16107 2
16338 16107 2
15959 16107 2
16292 16108 1
15852 16108 3
16097 16108 1
16425 16108 1
15959 16109 2
16111 16110 1
16502 16112 1
16337 16112 1
16528 16112 1
16492 16112 1
16110 16112 1
16107 16112 5
16337 16113 1
16110 16113 1
16404 16113 1
16528 16113 1
16298 16113 1
15852 16113 6
16502 16113 1
16298 16114 1
16502 16114 1
16404 16114 1
15852 16114 6
16110 16114 1
16337 16114 1
16528 16114 1
16298 16115 1
16110 16115 1
16337 16115 1
16528 16115 1
15852 16115 6
16502 16115 1
16404 16115 1
16117 16118 3
15846 16119 3
16280 16119 1
16121 16120 3
15876 16122 1
16122 16123 1
15876 16123 1
16125 16124 3
15920 16126 1
16126 16127 1
16296 16127 1
16469 16127 1
15922 16127 3
15922 16128 3
16296 16128 1
16126 16128 1
16453 16128 1
16126 16129 1
15922 16129 2
16296 16129 1
16126 16130 1
15922 16130 2
16296 16130 1
16126 16131 1
15922 16131 2
16478 16131 1
16126 16132 1
15922 16132 2
16478 16132 1
16478 16133 1
16126 16133 1
15922 16133 2
15922 16134 2
16126 16134 1
16478 16134 1
15922 16135 2
16126 16135 1
16478 16135 1
16138 16137 1
16138 16139 1
16137 16139 1
16137 16140 1
16138 16140 1
16137 16141 1
16138 16141 1
15852 16142 1
16137 16142 1
16143 16144 3
16145 16144 3
16093 16146 1
16119 16148 1
16412 16149 1
16148 16149 1
16119 16149 2
16151 16150 3
15992 16152 1
15881 16153 1
16503 16154 1
16153 16154 1
16155 16154 2
15881 16155 2
15881 16156 1
16153 16156 1
15883 16157 7
16485 16157 1
16153 16157 1
16400 16157 1
16359 16157 1
16191 16157 2
16385 16157 1
16426 16158 1
16485 16158 1
15883 16158 5
16503 16158 1
16153 16158 1
16205 16158 1
16153 16159 1
15881 16159 2
16503 16160 1
16380 16160 1
16159 16160 2
15976 16160 5
15969 16161 6
16204 16161 2
16380 16161 1
16159 16161 2
16159 16162 2
15972 16162 6
16458 16162 2
16380 16162 1
16159 16163 2
15972 16163 6
16458 16163 2
16380 16163 1
15876 16164 3
16380 16164 1
16159 16164 2
15876 16165 2
16159 16165 2
16167 16166 1
15925 16167 4
16166 16168 1
16169 16168 1
15846 16169 5
16167 16169 1
16169 16170 1
16166 16170 1
16169 16171 1
16166 16171 1
15999 16172 1
16172 16173 1
16497 16173 1
16001 16173 2
16419 16174 1
15959 16174 2
16176 16175 2
16302 16175 1
16178 16177 5
15846 16177 3
16093 16178 3
15844 16178 6
15846 16178 5
16177 16178 1
16026 16180 1
16180 16181 1
16266 16181 1
16520 16181 1
16500 16181 1
16028 16181 6
16354 16181 1
16026 16182 1
16451 16183 1
15922 16183 5
16182 16183 1
16347 16183 1
16252 16183 1
16450 16183 1
16185 16184 3
15862 16186 1
16327 16187 1
15862 16187 2
16186 16187 1
16186 16188 1
16191 16188 2
16032 16188 3
16327 16188 1
15883 16189 1
16186 16189 1
15883 16190 1
16186 16190 1
15871 16191 2
16186 16191 1
16032 16192 2
16191 16192 2
16191 16193 2
16032 16193 2
15873 16194 3
16191 16194 2
16480 16194 1
16053 16195 3
16198 16197 1
16001 16199 1
16197 16199 1
16201 16200 1
16200 16202 1
16203 16202 1
16201 16203 1
16377 16204 1
15969 16204 2
16206 16205 1
15883 16207 3
16426 16207 1
16485 16207 1
16205 16207 1
16485 16208 1
16205 16208 1
16400 16208 1
15883 16208 4
16359 16208 1
16503 16209 1
15883 16209 2
16205 16209 1
16400 16210 1
16205 16210 1
16380 16210 1
16485 16210 1
15883 16210 4
16212 16211 3
16109 16213 1
15952 16213 1
16217 16216 3
16219 16218 3
16021 16220 1
16196 16221 1
16221 16222 1
16039 16222 1
16221 16223 1
16532 16223 1
16041 16223 3
16480 16223 1
16041 16224 1
16221 16224 1
16480 16225 1
16041 16225 4
16487 16225 1
16532 16225 1
16221 16225 1
16227 16226 1
16229 16228 1
16226 16228 1
16227 16229 1
16231 16230 1
16226 16230 1
16227 16231 1
16231 16232 1
16226 16232 1
16231 16233 1
16226 16233 1
16226 16234 1
16231 16234 1
16226 16235 1
16231 16235 1
16226 16236 1
16231 16236 1
16226 16237 1
16231 16237 1
16240 16239 3
16057 16241 1
15846 16242 3
16111 16242 1
16211 16242 3
16338 16242 1
16093 16244 1
16178 16245 3
16244 16245 1
16439 16245 1
16366 16245 1
16244 16246 1
16439 16246 1
16366 16246 1
16178 16246 3
16031 16247 1
16093 16251 1
16253 16252 1
16517 16256 1
16257 16256 2
16256 16258 2
16259 16258 3
16257 16259 2
16259 16260 3
16258 16260 3
16256 16261 2
16259 16261 2
15917 16262 3
16256 16262 2
16256 16263 2
15917 16263 2
16265 16264 3
15913 16266 1
15857 16267 1
16269 16268 2
16468 16268 1
16444 16271 2
16270 16271 1
16093 16272 1
16277 16276 2
16395 16276 1
16093 16278 1
15850 16279 1
15983 16283 1
15964 16284 1
16286 16285 1
16284 16285 1
15964 16286 1
16284 16287 1
16286 16287 1
16284 16288 1
16286 16288 1
16290 16289 2
16468 16289 1
16280 16291 1
15983 16292 1
16294 16293 1
16293 16295 1
16403 16295 1
16475 16295 1
16477 16295 1
16445 16295 1
16419 16295 1
16459 16295 1
16340 16295 2
15906 16295 9
16397 16295 1
15920 16296 1
16420 16297 2
15862 16297 3
16111 16298 1
16300 16299 1
15976 16301 1
16299 16301 1
16496 16303 2
16302 16303 1
15992 16304 1
16468 16306 1
16065 16306 1
16307 16306 2
15871 16309 1
15871 16310 1
16309 16310 1
15850 16311 1
16280 16312 1
16312 16313 1
16280 16313 1
16001 16314 1
16066 16314 1
16001 16315 1
16066 16315 1
16066 16316 1
16001 16316 1
16066 16317 1
16067 16317 1
16066 16318 1
16001 16318 1
16215 16319 1
16480 16320 1
16041 16320 3
16532 16320 1
16319 16320 1
16319 16321 1
16028 16321 2
16323 16322 2
16495 16322 1
16324 16322 1
16326 16325 3
15862 16327 1
15844 16328 1
15959 16329 1
16331 16330 1
16280 16333 1
16119 16334 1
16333 16334 1
16333 16335 1
16119 16335 1
16333 16336 1
16119 16336 1
16338 16337 1
15852 16339 2
16502 16339 1
16337 16339 1
16030 16340 2
16445 16340 1
16344 16342 3
16343 16342 3
16341 16342 3
16155 16345 1
16021 16346 1
15920 16347 1
15846 16348 3
16350 16349 1
16351 16352 3
15844 16353 1
15904 16354 1
16468 16356 1
16357 16356 4
15959 16358 1
16360 16359 1
15983 16362 1
15850 16364 1
16364 16365 1
15873 16365 1
16093 16366 1
16366 16367 1
16178 16367 2
16514 16367 1
16366 16368 1
16178 16368 2
16514 16368 1
16338 16369 1
16464 16370 1
16242 16370 3
16473 16370 1
16369 16370 1
16464 16371 1
16473 16371 1
16369 16371 1
16242 16371 3
16242 16372 4
16473 16372 1
16464 16372 1
16369 16372 1
16518 16372 1
16242 16373 4
16464 16373 1
16369 16373 1
16473 16373 1
16518 16373 1
16464 16374 1
16242 16374 4
16518 16374 1
16369 16374 1
16473 16374 1
16518 16375 1
16369 16375 1
16473 16375 1
16242 16375 4
16464 16375 1
15969 16377 1
16379 16378 2
16468 16378 1
15881 16380 1
15938 16381 1
16380 16381 1
16215 16384 1
16011 16385 1
15873 16386 1
16385 16386 1
15873 16387 1
16385 16387 1
16385 16388 1
15873 16388 1
16385 16389 1
15873 16389 1
15873 16390 1
16385 16390 1
16385 16391 1
15873 16391 1
15996 16392 2
16017 16396 1
16350 16397 1
16342 16398 1
16342 16399 1
16398 16399 1
15992 16400 1
15883 16401 2
16400 16401 1
16485 16401 1
16400 16402 1
15883 16402 2
16485 16402 1
16350 16403 1
16338 16404 1
16280 16405 1
16211 16406 1
16242 16407 1
16406 16407 1
16242 16408 1
16406 16408 1
16518 16409 1
16406 16409 1
16242 16409 2
15857 16411 1
16119 16412 1
16535 16413 1
16119 16413 2
16412 16413 1
16057 16414 1
16512 16415 1
16416 16415 2
16201 16417 1
15959 16418 1
16417 16418 1
15862 16419 1
16419 16420 1
15862 16420 2
15834 16421 1
16421 16422 1
15954 16422 1
16468 16423 1
16424 16423 2
15857 16425 1
15992 16426 1
15883 16427 2
16485 16427 1
16426 16427 1
15883 16428 2
16426 16428 1
16485 16428 1
15846 16429 3
15983 16430 1
15900 16431 1
16431 16432 1
15963 16432 1
16057 16435 1
15904 16436 1
16436 16437 1
16465 16437 1
15906 16437 2
16177 16439 1
15860 16440 1
16026 16441 1
16215 16442 1
16030 16445 1
16030 16446 1
16445 16446 1
15850 16447 1
15857 16448 1
16472 16449 1
16448 16449 1
15925 16449 2
15920 16450 1
15920 16451 1
16011 16452 1
15920 16453 1
16093 16454 1
15913 16455 1
15972 16456 1
15972 16457 1
16456 16457 1
15972 16458 2
16456 16458 1
16294 16459 1
16459 16460 1
16294 16460 1
16276 16463 1
16111 16464 1
15904 16465 1
16011 16466 2
15883 16467 1
16466 16467 1
15920 16469 1
15983 16472 1
16211 16473 1
16331 16475 1
16331 16477 1
15920 16478 1
15871 16480 1
16041 16481 2
16480 16481 1
16532 16481 1
15857 16483 1
15992 16484 1
15992 16485 1
16196 16487 1
16486 16489 1
16466 16490 1
16087 16490 1
15850 16491 1
15959 16492 1
15959 16494 1
15860 16497 1
15904 16498 1
16498 16499 1
15883 16499 1
16021 16500 1
16111 16502 1
15881 16503 1
16503 16504 1
16087 16504 1
16503 16505 1
16087 16505 1
15836 16506 1
16503 16506 1
15840 16507 1
15913 16509 1
15904 16513 1
16093 16514 1
16065 16515 1
16306 16516 1
16515 16516 1
16257 16517 1
16211 16518 1
16242 16519 1
16518 16519 1
16215 16520 1
15834 16521 1
16120 16522 1
16120 16523 1
16522 16523 1
15969 16524 1
15900 16526 1
16526 16527 1
15963 16527 1
16338 16528 1
15959 16529 1
16529 16530 1
16018 16530 1
16529 16531 1
15852 16531 1
16039 16532 1
16532 16533 1
16041 16533 1
16532 16534 1
15850 16534 1
16119 16535 1
