10340 9371 5
10338 9371 3
9606 9371 2
9373 9372 2
10336 9372 2
10337 9373 2
9440 9373 1
10336 9374 2
9373 9374 2
9376 9375 4
9378 9377 4
9432 9378 6
9380 9379 1
9556 9380 3
9382 9381 2
9379 9381 1
9742 9381 1
9563 9382 3
9380 9382 1
9521 9382 1
9461 9382 2
9496 9382 3
9740 9383 1
9379 9383 1
9384 9383 2
9380 9384 1
9438 9384 1
9386 9385 8
9482 9385 7
9379 9385 1
9438 9386 1
9461 9386 8
9504 9386 1
9584 9386 2
9380 9386 1
9735 9387 1
9379 9387 1
9570 9387 1
9557 9387 1
9386 9387 8
9671 9387 1
9689 9387 1
9387 9388 7
9671 9388 1
9740 9388 1
9460 9388 1
9386 9388 9
9689 9388 1
9730 9389 1
9387 9389 7
9597 9389 1
9386 9389 9
9597 9390 1
9387 9390 7
9386 9390 8
9386 9391 7
9387 9391 7
9520 9392 2
9379 9392 1
9730 9392 1
9671 9392 1
9697 9392 1
9641 9392 1
9393 9392 8
9723 9392 1
9521 9393 3
9461 9393 1
9380 9393 3
9504 9393 1
9379 9394 1
9393 9394 1
9384 9395 1
9379 9395 1
9379 9396 1
9384 9396 2
9740 9396 1
9384 9397 1
9379 9397 1
9384 9398 1
9379 9398 1
9562 9399 3
9688 9399 2
9379 9399 1
9714 9399 1
9660 9399 1
9382 9399 9
9697 9399 1
9468 9400 5
9415 9400 1
9496 9400 1
9443 9400 1
9417 9400 3
9461 9401 1
9386 9401 1
9402 9401 3
9504 9401 1
9405 9403 9
9405 9404 1
9478 9405 4
9403 9406 1
9404 9406 1
9491 9407 1
9610 9407 1
9415 9407 3
9435 9407 1
9375 9407 1
9713 9408 1
9409 9408 2
9411 9410 4
9491 9411 1
9413 9412 3
9737 9414 1
9736 9414 1
9415 9414 3
9447 9415 2
9454 9415 1
9533 9415 4
9455 9415 1
9453 9415 5
9426 9415 2
9417 9415 2
9417 9416 4
9414 9416 3
9613 9416 1
9454 9417 1
9415 9417 4
9443 9417 1
9446 9417 7
9442 9417 1
9410 9417 1
9414 9418 3
9417 9418 3
9417 9419 4
9613 9419 1
9414 9419 3
9417 9420 4
9613 9420 1
9414 9420 3
9415 9421 4
9414 9421 3
9421 9422 4
9423 9422 4
9415 9423 4
9490 9424 1
9407 9424 6
9734 9424 1
9414 9424 3
9434 9424 1
9414 9425 3
9426 9425 3
9454 9426 1
9442 9426 1
9415 9426 3
9670 9427 1
9414 9427 3
9428 9427 4
9415 9428 3
9443 9428 1
9430 9429 3
9432 9431 2
9644 9431 1
9405 9432 2
9431 9433 2
9632 9433 1
9378 9433 3
9435 9434 1
9411 9436 4
9411 9437 4
9411 9438 4
9384 9438 1
9440 9439 1
9600 9440 3
9599 9440 3
9707 9441 1
10340 9441 7
9536 9441 1
9668 9441 1
9706 9441 1
9456 9441 1
9439 9441 1
9464 9441 1
9651 9442 1
9443 9442 4
9447 9443 2
9426 9443 2
9417 9443 2
9444 9443 5
9445 9443 4
9442 9443 1
9455 9443 1
9410 9447 1
9375 9447 2
9448 9447 7
9405 9447 2
9386 9451 5
9597 9451 1
9387 9451 1
9671 9451 1
9689 9451 1
9735 9451 1
9387 9452 1
9597 9452 1
9671 9452 1
9730 9452 1
9735 9452 1
9386 9452 5
9652 9454 1
9415 9454 4
10337 9456 1
9458 9457 1
9426 9458 4
9458 9459 1
9457 9459 1
9461 9460 1
9499 9461 4
9463 9462 4
9443 9464 1
9668 9465 1
10340 9465 4
9706 9465 1
9707 9465 1
9464 9465 1
9707 9466 1
9464 9466 1
10340 9466 2
9464 9467 1
9613 9467 1
9468 9467 7
9550 9467 3
9707 9467 1
9660 9467 1
9496 9468 1
9415 9468 1
9417 9468 3
9410 9468 1
9443 9468 1
9468 9469 3
9464 9469 1
9707 9469 1
9550 9470 3
9660 9470 1
9469 9470 3
9468 9470 7
9469 9471 3
9400 9471 3
9469 9472 3
9400 9472 3
9400 9473 3
9469 9473 3
10340 9474 2
9707 9474 1
9464 9474 1
9613 9475 1
9707 9475 1
10340 9475 3
9464 9475 1
9400 9476 2
9464 9476 1
9707 9476 1
9707 9477 1
9550 9477 3
9417 9477 5
9464 9477 1
9611 9478 3
9481 9480 4
9744 9482 1
9583 9482 1
9735 9482 1
9386 9482 8
9730 9482 1
9557 9482 1
9679 9482 1
9597 9482 1
9386 9483 8
9482 9483 8
9557 9484 1
9401 9484 2
9482 9484 1
9401 9485 2
9557 9485 1
9482 9485 1
9671 9486 1
9482 9486 1
9401 9486 2
9401 9487 2
9482 9487 1
9557 9487 1
9401 9488 2
9482 9488 1
9557 9488 1
9482 9489 1
9401 9489 2
9557 9489 1
9491 9490 1
9655 9491 4
9411 9492 1
9490 9492 1
9494 9493 1
9665 9494 4
9496 9495 2
9493 9495 1
9556 9496 3
9494 9496 1
9495 9497 2
9638 9497 2
9498 9497 4
9496 9498 3
9378 9500 4
9378 9501 4
9378 9502 4
9503 9504 4
9375 9505 1
9710 9506 1
9447 9506 2
9505 9506 1
9447 9507 3
9505 9507 1
9694 9507 1
9710 9507 1
9505 9508 1
9447 9508 2
9710 9508 1
9407 9509 1
9505 9509 1
9511 9510 2
9505 9510 1
9375 9511 1
9510 9512 2
9513 9512 2
9511 9513 2
9448 9513 3
9510 9514 2
9513 9514 2
9513 9515 2
9510 9515 2
9510 9516 2
9513 9516 2
9710 9517 1
9505 9517 1
9447 9517 2
9375 9518 1
9505 9518 1
9447 9519 2
9710 9519 1
9505 9519 1
9521 9520 2
9629 9520 1
9588 9521 4
9520 9522 2
9521 9522 2
9520 9523 2
10329 9523 2
10329 9524 2
9520 9524 2
9520 9525 2
10329 9525 2
9520 9526 2
9393 9526 2
9520 9527 2
10329 9527 2
9520 9528 2
9393 9528 2
9520 9529 2
10329 9529 2
10329 9530 2
9520 9530 2
9520 9531 2
10329 9531 2
10329 9532 2
9520 9532 2
9535 9534 3
9412 9536 1
9706 9537 1
9536 9537 1
9668 9537 1
10340 9537 3
9463 9539 4
9541 9540 3
9454 9542 1
9542 9543 1
9690 9543 1
9426 9543 2
9415 9544 1
9542 9544 1
9415 9545 1
9542 9545 1
9690 9546 1
9542 9546 1
9426 9546 2
9542 9547 1
9415 9547 1
9690 9548 1
9542 9548 1
9417 9548 2
9542 9549 1
9417 9549 2
9690 9549 1
9690 9550 1
9542 9550 1
9417 9550 3
9400 9551 9
9598 9551 2
9626 9551 2
9662 9551 2
9550 9551 3
9571 9551 2
9468 9552 3
9550 9552 3
9554 9553 4
9426 9553 1
9555 9553 1
9461 9557 1
9570 9558 1
9482 9558 7
9386 9558 8
9386 9559 8
9570 9559 1
9482 9559 7
9482 9560 7
9679 9560 1
9386 9560 7
9557 9561 1
9386 9561 1
9563 9562 3
9671 9562 1
9504 9563 1
9409 9564 2
9713 9564 1
9405 9565 1
9403 9566 1
9565 9566 1
9432 9567 1
9567 9568 1
9708 9568 2
9378 9568 3
9461 9570 1
9660 9571 1
9400 9571 2
9573 9572 1
9704 9573 4
9575 9574 2
9572 9574 1
9573 9575 1
9494 9575 2
9574 9576 2
9575 9576 2
9574 9577 2
9575 9577 2
9574 9578 2
9575 9578 2
9574 9579 2
9575 9579 2
9575 9580 1
9572 9580 1
9582 9581 3
9584 9583 1
9384 9584 4
9534 9585 1
9585 9586 1
9587 9586 1
9534 9587 2
9590 9589 3
9494 9591 2
9726 9591 1
9591 9592 2
9575 9592 2
9591 9593 2
9575 9593 2
9575 9594 2
9591 9594 2
9591 9595 2
9575 9595 2
9461 9597 1
9660 9598 1
9400 9598 2
9603 9602 4
9604 9605 4
9440 9606 2
9656 9606 1
9607 9608 4
9607 9609 4
9612 9611 4
9410 9613 1
9447 9614 2
9613 9614 1
9644 9614 1
9447 9615 2
9644 9615 1
9613 9615 1
9644 9616 1
9613 9616 1
9447 9616 2
9644 9617 1
9447 9617 2
9613 9617 1
9613 9618 1
10340 9618 3
9740 9618 1
9695 9618 1
9740 9619 1
9613 9619 1
10340 9619 2
10340 9620 1
9613 9620 1
9613 9621 1
10340 9621 1
9613 9622 1
10340 9622 2
9740 9622 1
9613 9623 1
10340 9623 2
9740 9623 1
9613 9624 1
9695 9624 1
9740 9624 1
10340 9624 3
10340 9625 1
9613 9625 1
9613 9626 1
9468 9626 2
9587 9627 4
9521 9629 1
9629 9630 1
10329 9630 1
9629 9631 1
10329 9631 1
9432 9632 1
9534 9634 1
9587 9635 1
9634 9635 1
9405 9636 2
9644 9636 1
9403 9637 2
9636 9637 2
9714 9638 1
9498 9638 2
9638 9639 2
9498 9639 2
9498 9640 2
9638 9640 2
9380 9641 1
9641 9642 1
9393 9642 1
9641 9643 1
9393 9643 1
9405 9644 1
9644 9645 1
9403 9645 1
9447 9646 1
9644 9646 1
9644 9647 1
9447 9647 1
9447 9648 1
9644 9648 1
9447 9649 1
9644 9649 1
9644 9650 1
9447 9650 1
9455 9651 1
9455 9652 1
9575 9654 1
9440 9656 1
9373 9657 1
9656 9657 1
9373 9658 1
9656 9658 1
9589 9659 1
9659 9659 1
9496 9660 1
9660 9661 1
9400 9661 1
9660 9662 1
9400 9662 2
9400 9663 1
9660 9663 1
9660 9664 1
9665 9664 1
9496 9665 2
9400 9666 1
9660 9666 1
9665 9667 1
9660 9667 1
9669 9668 1
9701 9669 3
9443 9670 1
9504 9671 1
9671 9672 1
9393 9672 3
9697 9672 1
9730 9672 1
9563 9673 1
9671 9673 1
9563 9674 1
9671 9674 1
9563 9675 1
9671 9675 1
9671 9676 1
9401 9676 1
9401 9677 2
9671 9677 1
9681 9677 1
9681 9678 1
9671 9678 1
9401 9678 2
9461 9679 1
9386 9680 1
9679 9680 1
9401 9681 1
9401 9682 1
9681 9682 1
9401 9683 1
9681 9683 1
9681 9684 1
9401 9684 1
9681 9685 1
9401 9685 1
9461 9688 2
9730 9688 1
9461 9689 1
9442 9690 1
9690 9691 1
9443 9691 1
9690 9692 1
9443 9692 1
9443 9693 1
9690 9693 1
9375 9694 1
9436 9695 1
10340 9696 1
9695 9696 1
9521 9697 1
9611 9699 1
9699 9700 1
9478 9700 1
9405 9702 1
9403 9703 1
9702 9703 1
9581 9706 1
9415 9707 1
9432 9708 2
9710 9708 1
9405 9710 1
9710 9711 1
9403 9711 1
9447 9712 1
9710 9712 1
9496 9714 1
9496 9716 1
9665 9717 1
9716 9717 1
9716 9718 1
9665 9718 1
9405 9719 1
9403 9720 1
9719 9720 1
9602 9722 1
9380 9723 1
9393 9724 1
9723 9724 1
9393 9725 1
9723 9725 1
9494 9726 1
9494 9727 1
9726 9727 1
9405 9728 1
9403 9729 1
9728 9729 1
9461 9730 1
9730 9731 1
9393 9731 1
9405 9732 1
9732 9733 1
9403 9733 1
9610 9734 1
9461 9735 1
9415 9736 1
9415 9737 1
9611 9738 1
9738 9739 1
9478 9739 1
9438 9740 1
9496 9742 1
9584 9744 1
9611 9746 1
9478 9747 1
9746 9747 1
10326 10325 2
9629 10325 1
9521 10326 1
10326 10327 2
10325 10327 2
10329 10328 2
10325 10328 2
9521 10329 2
10326 10329 2
10326 10330 2
10325 10330 2
10329 10331 2
10325 10331 2
10326 10332 2
10325 10332 2
10325 10333 2
10329 10333 2
10326 10334 2
10325 10334 2
10329 10335 2
10325 10335 2
10337 10336 2
9450 10337 3
9449 10337 3
10337 10338 3
10336 10338 2
9668 10339 1
9722 10339 1
10338 10339 3
9536 10339 1
9606 10339 2
9490 10339 1
9706 10339 1
10340 10339 10
9602 10340 1
9438 10340 1
9443 10340 1
9410 10340 1
9491 10340 1
9440 10340 3
9669 10340 1
9415 10340 1
10337 10340 4
9412 10340 1
9436 10340 1
9581 10340 1
