5996 5121 1
5939 5121 4
5346 5121 1
6166 5122 1
7607 5122 1
6121 5122 1
7199 5122 1
5940 5122 1
5995 5122 1
5121 5122 6
5939 5123 5
6319 5123 2
7834 5123 1
5940 5123 1
6875 5123 1
5125 5124 4
5126 5124 4
5308 5125 9
5128 5127 3
7571 5129 1
5130 5129 2
5136 5130 4
5134 5130 1
5129 5131 2
5132 5131 2
5134 5132 1
5130 5132 2
5134 5133 1
5138 5134 4
5786 5134 4
5468 5134 3
5801 5134 7
7799 5135 1
5133 5135 1
7318 5135 1
5136 5135 3
5656 5136 6
5134 5136 45
5431 5136 18
7631 5137 1
5138 5137 2
5134 5138 1
5137 5139 2
5138 5139 3
5139 5140 3
5157 5140 3
6094 5140 3
5467 5140 3
5134 5140 16
6372 5141 1
7453 5141 1
5140 5141 16
7788 5141 1
5136 5141 19
7754 5142 1
7788 5142 1
6237 5142 2
7912 5142 1
6372 5142 1
5143 5142 23
5140 5142 16
7453 5142 1
5134 5143 18
6413 5143 1
5431 5143 5
5766 5143 5
5139 5144 3
5157 5144 3
5138 5144 5
5144 5145 5
5469 5145 4
5146 5145 10
5138 5146 5
5468 5146 4
5786 5146 6
5146 5147 10
5145 5147 10
5145 5148 10
5146 5148 10
5146 5149 10
5145 5149 10
5469 5150 4
5144 5150 5
5151 5150 16
5138 5151 5
5468 5151 4
7730 5152 1
5144 5152 5
5469 5152 4
5153 5152 11
6505 5152 1
6048 5153 1
5138 5153 5
5468 5153 4
5971 5153 1
5146 5154 15
5469 5154 4
5144 5154 5
6095 5154 6
5157 5155 3
5467 5155 3
5134 5155 12
6824 5155 3
5139 5155 3
6940 5155 1
6094 5155 3
7046 5156 1
5136 5156 13
5155 5156 12
5137 5157 2
5138 5157 3
6824 5158 3
7019 5158 1
5157 5158 3
6940 5158 1
6452 5158 1
5159 5158 11
5467 5158 3
5786 5159 3
6651 5159 1
5804 5159 1
5805 5159 1
5138 5159 3
7321 5159 1
5302 5159 1
5935 5159 2
5688 5159 4
5468 5159 3
5467 5160 3
5159 5160 6
5157 5160 3
5159 5161 9
5157 5161 3
6824 5161 3
5467 5161 3
6824 5162 3
5159 5162 9
5157 5162 3
6940 5162 1
5467 5162 3
5157 5163 3
5467 5163 3
6824 5163 3
5159 5163 10
7613 5163 1
5157 5164 3
7019 5164 1
5159 5164 10
6824 5164 3
6940 5164 1
5467 5164 3
6824 5165 3
5467 5165 3
5159 5165 10
6940 5165 1
6452 5165 1
5157 5165 3
5159 5166 9
5157 5166 3
5467 5166 3
6824 5166 3
6824 5167 3
5467 5167 3
5159 5167 9
5157 5167 3
5137 5168 2
5494 5168 2
5169 5168 6
6943 5168 2
5786 5169 2
5458 5169 3
5138 5169 2
5468 5169 2
5171 5170 2
5128 5170 1
5173 5172 1
6130 5173 1
6122 5173 3
5185 5173 4
6245 5173 1
5193 5174 3
5175 5174 3
5172 5174 1
5187 5175 2
5290 5175 4
5804 5175 1
5803 5175 1
5294 5175 1
5805 5175 1
5173 5175 3
5175 5176 3
5172 5176 1
5193 5176 3
5172 5177 1
5173 5177 5
6072 5177 1
5193 5177 3
5177 5178 5
5179 5178 7
5188 5178 7
5270 5179 2
5312 5179 5
5373 5179 11
7540 5179 1
5642 5179 1
5952 5179 2
5408 5179 1
5310 5179 4
6169 5179 4
5256 5179 49
5173 5179 20
5653 5179 3
5539 5179 8
5533 5179 2
6370 5179 2
5668 5179 12
6179 5179 2
5501 5179 4
6245 5179 1
6395 5180 2
6150 5180 2
5758 5180 2
5742 5180 2
6221 5180 2
6519 5180 1
5453 5180 5
6722 5180 2
5951 5180 1
7633 5180 1
7155 5180 1
7532 5180 1
5959 5180 2
7257 5180 1
5866 5180 16
6492 5180 2
6344 5180 2
5177 5180 5
6473 5180 5
7778 5180 1
5709 5180 5
7159 5180 1
5181 5180 95
5643 5180 7
5652 5180 3
6861 5180 3
5255 5180 2
7779 5180 1
7117 5180 1
6163 5180 5
6332 5180 3
6449 5180 2
5667 5180 4
7517 5180 1
6671 5180 5
7658 5180 1
6330 5180 3
5221 5180 7
6503 5180 2
6629 5180 2
7036 5180 2
5172 5180 1
6709 5180 2
5276 5181 1
5533 5181 2
5501 5181 4
7540 5181 1
6169 5181 4
5952 5181 2
5373 5181 4
5642 5181 1
7094 5181 1
5668 5181 12
7093 5181 1
5408 5181 1
5653 5181 3
5312 5181 5
5256 5181 49
5173 5181 20
6492 5182 2
5221 5182 7
7508 5182 1
6503 5182 2
5193 5182 3
6861 5182 3
5183 5182 19
7036 5182 2
5177 5182 5
5172 5182 1
5185 5183 4
5642 5183 1
6477 5183 2
6130 5183 1
5175 5183 1
6927 5183 2
5256 5183 51
5312 5183 5
5173 5183 17
5659 5183 6
6245 5183 1
5440 5183 1
5668 5183 15
6122 5183 2
7047 5183 1
6861 5184 3
6056 5184 1
5185 5184 12
7304 5184 1
7036 5184 2
5172 5184 1
5177 5184 5
6837 5185 4
5175 5185 1
5173 5185 17
6949 5186 1
6001 5186 1
6149 5186 1
5177 5186 5
7304 5186 1
6025 5186 1
5193 5186 3
5187 5186 10
5175 5187 4
6002 5187 3
5173 5187 7
5185 5187 1
5668 5187 1
5233 5188 4
5173 5188 7
5177 5188 5
5193 5188 3
5959 5189 2
6221 5189 2
7779 5189 1
6503 5189 2
5643 5189 7
5742 5189 2
6163 5189 5
7117 5189 1
5866 5189 16
6861 5189 3
6671 5189 5
7633 5189 1
6449 5189 2
7257 5189 1
7539 5189 1
6332 5189 3
6347 5189 4
7159 5189 1
7532 5189 1
7155 5189 1
6722 5189 2
5172 5189 1
5652 5189 3
5234 5189 1
5255 5189 2
5667 5189 4
6492 5189 2
5758 5189 2
5912 5189 1
6709 5189 2
5713 5189 7
6473 5189 5
5221 5189 7
5193 5189 3
6519 5189 1
6629 5189 2
6330 5189 3
5188 5189 7
5453 5189 5
6150 5189 2
5181 5189 95
6449 5190 1
7392 5190 1
5234 5190 7
5193 5190 3
5443 5190 1
6949 5190 1
7425 5190 1
5221 5190 7
5293 5190 1
7772 5190 1
6347 5190 4
7159 5190 1
6318 5190 1
5233 5190 4
5787 5190 2
7664 5190 1
7353 5190 1
5172 5190 1
5643 5190 7
6633 5190 1
5191 5190 66
7603 5190 1
7463 5190 2
5758 5190 2
7467 5190 1
6709 5190 2
7614 5190 1
5713 5190 7
6615 5190 1
6150 5190 2
7397 5190 1
5453 5190 5
7887 5190 1
5892 5190 1
6473 5190 5
6861 5190 3
6671 5190 5
5393 5191 2
5294 5191 4
6245 5191 2
7047 5191 1
5298 5191 1
5893 5191 1
5381 5191 3
6716 5191 1
6286 5191 1
5256 5191 31
5789 5191 1
5173 5191 14
5290 5191 6
5668 5191 5
5442 5191 1
5193 5192 3
5175 5192 4
5172 5192 1
5237 5192 2
5172 5193 1
7424 5193 1
5173 5193 3
5175 5194 4
5193 5194 3
5187 5195 4
5194 5195 4
5187 5196 4
5194 5196 4
5194 5197 4
5187 5197 4
5194 5198 4
5187 5198 4
5187 5199 4
5194 5199 4
5194 5200 4
5187 5200 4
5187 5201 4
5194 5201 4
5172 5201 1
5185 5202 5
5193 5202 3
7304 5202 1
7179 5203 1
5795 5203 3
7846 5203 1
6483 5203 3
6153 5203 1
5957 5203 4
7304 5203 1
6879 5203 5
6485 5203 3
7091 5203 4
7851 5203 2
5204 5203 32
5207 5203 4
7317 5203 2
7427 5203 2
7841 5203 1
5202 5203 5
5210 5204 114
5690 5204 2
5213 5204 7
5679 5204 4
5465 5204 1
5260 5204 6
6002 5204 6
5185 5204 6
5955 5204 6
6879 5205 5
5206 5205 10
5202 5205 5
5260 5206 5
5507 5206 3
5185 5206 5
5185 5207 4
5193 5207 3
5172 5207 1
5207 5208 4
7508 5208 1
5183 5208 6
5208 5209 6
7302 5209 3
5210 5209 114
5287 5209 4
7805 5209 1
5258 5209 57
5466 5209 31
5182 5209 1
6784 5209 1
6835 5209 1
5677 5209 16
5388 5210 4
5286 5210 4
5952 5210 3
5387 5210 4
6202 5210 1
6785 5210 2
5405 5210 31
6836 5210 1
5183 5210 82
5389 5210 4
5182 5211 1
5258 5211 57
7805 5211 1
5466 5211 31
5210 5211 114
5677 5211 16
5287 5211 4
7302 5211 3
7312 5211 1
5208 5211 6
5211 5212 114
5213 5212 114
6236 5213 2
5267 5213 1
5210 5213 120
5203 5214 1
5211 5214 114
5204 5214 116
5216 5215 116
5203 5215 1
5214 5215 116
5204 5216 116
5207 5217 4
5218 5217 4
6002 5218 1
5185 5218 4
7091 5219 4
5207 5219 4
5220 5219 8
5185 5220 4
7540 5220 1
5260 5220 4
6122 5220 1
6128 5220 1
6035 5220 3
5668 5220 1
5173 5220 1
5256 5220 3
7748 5221 1
5207 5221 4
5173 5221 7
5179 5222 7
5221 5222 7
5224 5223 7
5221 5223 7
5290 5224 4
6130 5224 1
5173 5224 7
5185 5225 7
5221 5225 7
5185 5226 6
5221 5226 6
5224 5227 7
5221 5227 7
5221 5228 7
5224 5228 7
5221 5229 7
5224 5229 7
5221 5230 7
5224 5230 7
5172 5231 1
5237 5231 2
5193 5231 3
5175 5231 4
5193 5232 3
5172 5232 1
5185 5232 3
5173 5233 4
5193 5233 3
5233 5234 4
5173 5234 8
7036 5234 2
5193 5235 3
5172 5235 1
5179 5235 6
6861 5235 3
7618 5236 1
7229 5236 3
5172 5236 1
5220 5236 7
7424 5236 1
7425 5236 1
6949 5236 1
5187 5237 2
5172 5237 1
5237 5238 2
5187 5238 2
5175 5239 2
5237 5239 2
5172 5239 1
5175 5240 2
5237 5240 2
5175 5241 2
5237 5241 2
5175 5242 2
5237 5242 2
5175 5243 2
5172 5243 1
5237 5243 2
5172 5244 1
5181 5244 2
7425 5244 1
5172 5245 1
5175 5245 1
5175 5246 2
5172 5246 1
5293 5246 1
5175 5247 1
5172 5247 1
5172 5248 1
5175 5248 1
5172 5249 1
5175 5249 1
5172 5250 1
5187 5250 1
6061 5251 1
5252 5251 2
5963 5252 3
6448 5252 4
5297 5252 1
6174 5252 1
5637 5252 3
5314 5252 1
6470 5252 1
5635 5252 1
5483 5252 2
6062 5252 1
6872 5252 1
5489 5253 8
5251 5253 2
5490 5253 12
5640 5253 3
5254 5253 23
5252 5254 23
6318 5255 1
5256 5255 2
5642 5256 6
7525 5256 2
6245 5256 2
5175 5256 1
6090 5256 3
6477 5256 4
6470 5256 1
6012 5256 4
5260 5256 11
6904 5256 1
5883 5256 1
5255 5257 2
5179 5257 2
5183 5258 57
7229 5258 3
5866 5258 16
6473 5258 5
6629 5258 2
6221 5258 2
6671 5258 5
5643 5258 7
7425 5258 1
5255 5258 2
7159 5258 1
5758 5258 2
6010 5258 5
6163 5258 5
5742 5258 2
5709 5258 5
7633 5258 1
6519 5258 1
5453 5258 5
6150 5258 2
7748 5258 1
5757 5258 1
6344 5258 2
5742 5259 2
7427 5259 2
6344 5259 2
5255 5259 2
5260 5259 12
5709 5259 5
6666 5259 1
7763 5260 1
6130 5260 1
5378 5260 4
5256 5260 51
5264 5261 3
5265 5261 3
5262 5261 4
5609 5262 2
5602 5262 3
5263 5262 15
5608 5262 2
5591 5262 4
5261 5262 2
5267 5266 3
5268 5266 3
6318 5269 1
5270 5269 2
6245 5270 1
5348 5270 4
5270 5271 2
5269 5271 2
5273 5272 2
5269 5272 2
5270 5273 2
5179 5274 2
5269 5274 2
6366 5275 1
6369 5275 2
5269 5275 2
5276 5275 7
7000 5275 2
5349 5276 12
5270 5276 2
6179 5276 2
6370 5276 2
6367 5276 1
5275 5277 7
5278 5277 8
6030 5277 1
6202 5278 1
5276 5278 7
5181 5278 1
6243 5278 3
5373 5278 8
7110 5279 1
5280 5279 13
7257 5279 1
7863 5279 1
6086 5279 1
5269 5279 2
6369 5279 2
7310 5279 1
5652 5279 3
6298 5280 1
5270 5280 2
7111 5280 3
5298 5280 1
5653 5280 3
6087 5280 1
6299 5280 1
5642 5280 1
6370 5280 2
5280 5281 13
5279 5281 13
5279 5282 13
7257 5282 1
5283 5282 13
5642 5283 1
5280 5283 13
7310 5284 1
7863 5284 1
6086 5284 1
5279 5284 13
7110 5284 1
5280 5284 14
6218 5284 1
5269 5285 2
5286 5285 3
5270 5286 2
5273 5286 4
5286 5287 4
5285 5287 3
5276 5288 4
6366 5288 1
5269 5288 2
6369 5288 2
5290 5289 4
7170 5290 1
5448 5290 1
5291 5290 61
5292 5290 60
5294 5293 1
5128 5295 3
5290 5296 4
5298 5297 1
5126 5297 4
5299 5297 1
7630 5298 2
5297 5298 1
6448 5298 4
5300 5299 4
5590 5299 1
5301 5300 4
5975 5301 6
5303 5302 2
5306 5302 4
5305 5303 1
5304 5303 2
5307 5306 5
5316 5308 1
5780 5308 17
5778 5308 17
5310 5309 1
5371 5310 10
5276 5310 7
6750 5311 1
6844 5311 3
7517 5311 1
6749 5311 1
5309 5311 1
7782 5311 2
5179 5311 9
5316 5312 1
5313 5312 1
5315 5312 1
5125 5312 12
5314 5312 1
5312 5313 5
5126 5313 4
5312 5314 5
5308 5314 1
5126 5314 4
5126 5315 4
5312 5315 5
5126 5316 4
5308 5316 1
6584 5316 1
5312 5316 5
5126 5317 4
5125 5317 4
5125 5318 4
5126 5318 4
5320 5319 1
5128 5320 3
7821 5321 1
6923 5321 1
5322 5321 7
7116 5321 1
6787 5321 1
7837 5321 1
7496 5321 1
5319 5321 1
5320 5322 4
5128 5322 3
5319 5323 1
7116 5323 1
7837 5323 1
6787 5323 1
5320 5323 4
5325 5324 1
5263 5325 3
5325 5326 3
7352 5326 1
5324 5326 1
7249 5326 1
5328 5327 3
6249 5328 4
5778 5328 1
5927 5329 3
5330 5329 4
5786 5330 6
5329 5330 4
7120 5332 1
5333 5332 8
6066 5332 1
5420 5332 6
5332 5334 8
5333 5334 8
5333 5335 8
5332 5335 8
6370 5336 2
6367 5336 1
5405 5337 4
5336 5337 4
5134 5338 1
5338 5339 1
5136 5339 1
5341 5340 1
5338 5340 1
5134 5341 1
5766 5341 5
7820 5341 1
7465 5342 1
7907 5342 1
6416 5342 1
5343 5342 4
5343 5344 5
5342 5344 4
5343 5345 5
5344 5345 5
5342 5345 4
6416 5345 1
6320 5346 2
5347 5346 3
6289 5346 1
5349 5346 4
5348 5346 4
5717 5349 1
5351 5350 2
7848 5350 1
7710 5352 1
5351 5352 4
5350 5352 2
5350 5353 2
7710 5353 1
5351 5353 4
5352 5353 4
7710 5354 1
5584 5354 1
5351 5354 6
5352 5354 4
5354 5355 6
5351 5355 6
5351 5356 6
5354 5356 6
5358 5357 1
5357 5359 1
5358 5359 1
5361 5360 4
5362 5361 5
5364 5363 1
5330 5363 4
5366 5365 1
5365 5367 1
6774 5367 2
7357 5367 1
5366 5367 4
5369 5368 2
6061 5368 1
5310 5369 6
5347 5369 8
5859 5369 6
5371 5369 9
6062 5369 1
5348 5369 9
5897 5369 3
5368 5370 2
5371 5370 2
5369 5371 8
5373 5372 2
7909 5372 1
6382 5373 1
6872 5373 1
5315 5373 1
6277 5373 1
6068 5373 1
5372 5374 2
5179 5374 2
7500 5375 2
6278 5375 2
6218 5375 1
6069 5375 2
5372 5375 2
5376 5375 9
5298 5376 1
5373 5376 8
5378 5377 2
5372 5377 2
5298 5378 1
5312 5378 5
5373 5378 8
5278 5379 9
7500 5379 2
6278 5379 2
7532 5379 1
5372 5379 2
6976 5379 1
5379 5380 9
7891 5380 1
6624 5380 4
5278 5380 14
5382 5381 4
6243 5381 1
6241 5381 1
7727 5383 2
5384 5383 3
5384 5385 3
5383 5385 3
5301 5386 3
6206 5387 2
5952 5388 1
6653 5388 1
5778 5388 1
5780 5388 1
5290 5390 4
5393 5392 2
5391 5392 7
5392 5393 6
5395 5393 5
5393 5394 5
5392 5394 4
5395 5396 3
5398 5397 1
6991 5398 2
5642 5398 2
5291 5398 3
7170 5398 1
5397 5399 1
5398 5399 1
5291 5400 3
5401 5400 3
5403 5402 18
6332 5402 3
6105 5402 1
7803 5402 1
6832 5402 1
7241 5402 1
7221 5402 1
6330 5402 3
7868 5402 1
7529 5402 1
5887 5403 1
6459 5403 1
5179 5403 5
6106 5403 1
5501 5403 37
6320 5403 2
5642 5403 1
6783 5403 1
5260 5403 1
5405 5404 4
5406 5404 4
5404 5405 2
5312 5405 5
5465 5405 6
6107 5405 3
5337 5405 1
5690 5405 13
5653 5406 3
5408 5407 1
5410 5409 2
7155 5409 1
5407 5409 1
5291 5410 3
5408 5410 2
7668 5411 1
7155 5411 1
5412 5411 3
5407 5411 1
5328 5412 2
5410 5412 1
5401 5412 3
5179 5412 4
6000 5412 1
5183 5412 2
5291 5412 3
5408 5412 2
5412 5413 2
5850 5413 1
5407 5413 1
5412 5414 6
7668 5414 1
6353 5414 2
6759 5414 2
5407 5414 1
5330 5415 4
5417 5416 1
5688 5417 4
5417 5418 1
5416 5418 1
5333 5419 2
6628 5419 1
5333 5420 6
5419 5420 2
7910 5420 1
6066 5420 1
5566 5420 1
5420 5421 6
7120 5421 1
5419 5421 2
5566 5421 1
5333 5421 7
6066 5421 1
5423 5422 1
6023 5423 1
5366 5423 2
5422 5424 1
5423 5424 1
5426 5425 2
5590 5425 1
5301 5426 2
5428 5427 1
5688 5428 4
5428 5429 1
5427 5429 1
5431 5430 1
5433 5431 4
6020 5432 1
5433 5432 18
6372 5432 1
5567 5432 1
7895 5432 1
7039 5432 1
6532 5432 1
7661 5432 1
6858 5432 1
7850 5432 1
7244 5432 1
5430 5432 1
7859 5432 1
7912 5432 1
7754 5432 1
7453 5432 1
7788 5432 1
7667 5432 1
6568 5432 1
5937 5433 7
5431 5433 18
5136 5433 3
7895 5434 1
5136 5434 3
6985 5434 1
5430 5434 1
6143 5436 1
5437 5436 2
5437 5438 2
5436 5438 2
5440 5439 1
5442 5441 6
6476 5441 1
7228 5441 1
7902 5441 1
7519 5441 1
5439 5441 1
6477 5442 5
5393 5442 2
5659 5442 5
7047 5442 1
5440 5442 1
5294 5442 2
6589 5443 3
7467 5443 1
5441 5443 6
5660 5443 2
5442 5443 20
7173 5443 1
5589 5443 5
7614 5443 1
5439 5444 1
5183 5444 1
5660 5445 2
5446 5445 37
6753 5445 1
6476 5445 1
6419 5445 1
7463 5445 2
7317 5445 2
7331 5445 1
7539 5445 1
7759 5445 1
7804 5445 1
7154 5445 2
5954 5445 3
7300 5445 1
7564 5445 1
6733 5445 4
7228 5445 1
6615 5445 1
7902 5445 1
5958 5445 1
6314 5445 1
5957 5445 4
6764 5445 1
7324 5445 1
7424 5445 1
6708 5445 1
5439 5445 1
7524 5445 2
5440 5446 1
6122 5446 4
6734 5446 4
7540 5446 1
5659 5446 7
6315 5446 1
5381 5446 3
6477 5446 4
7219 5446 1
6545 5446 1
6381 5446 2
5955 5446 7
7525 5446 2
7173 5447 1
5958 5447 1
6419 5447 1
6753 5447 1
7550 5447 1
7804 5447 1
7605 5447 1
7759 5447 1
5439 5447 1
7228 5447 1
7424 5447 1
7524 5447 2
7527 5447 1
6764 5447 1
7331 5447 1
7539 5447 1
6708 5447 1
7289 5447 2
5660 5447 2
7324 5447 1
7397 5447 1
5448 5447 29
6476 5447 1
7519 5447 1
7622 5447 1
7902 5447 1
7540 5448 1
5659 5448 8
5393 5448 2
5440 5448 1
6477 5448 5
7606 5448 1
7525 5448 2
7047 5448 1
6122 5448 5
7528 5448 1
7172 5449 1
7171 5449 1
5451 5450 1
5939 5451 4
5450 5452 1
6319 5452 2
7497 5452 1
5939 5452 5
6121 5452 1
7425 5453 1
5256 5453 5
7229 5453 3
5179 5454 4
5453 5454 4
5453 5455 5
5260 5455 5
5717 5456 1
6206 5456 5
5328 5457 1
5458 5457 3
5690 5457 2
5519 5457 1
5518 5457 1
5517 5457 1
5778 5457 1
5939 5459 4
5384 5460 3
7076 5460 2
5462 5461 4
5384 5461 4
5460 5461 3
5384 5462 4
5460 5462 3
5384 5463 4
5462 5463 4
5465 5464 1
5405 5465 4
6517 5465 4
6120 5465 4
6172 5466 1
6893 5466 1
6365 5466 2
7320 5466 1
6163 5466 5
7712 5466 1
5464 5466 1
7592 5466 1
5689 5466 2
7179 5466 1
7362 5466 1
7021 5466 2
7134 5466 2
7765 5466 1
6197 5466 1
6460 5466 1
6456 5466 1
6495 5466 1
5405 5466 31
7637 5466 1
7851 5466 2
7343 5466 1
5468 5467 3
5494 5467 2
5134 5468 1
5468 5469 4
5467 5469 3
5642 5470 1
5291 5470 3
6902 5470 1
7388 5471 1
5472 5471 2
5471 5473 2
5472 5473 2
5471 5474 2
5472 5474 2
5481 5475 1
5476 5475 1
5480 5475 1
5915 5476 1
5475 5476 3
5477 5476 2
5476 5477 6
6214 5477 3
5479 5477 3
5478 5477 3
5483 5482 1
5485 5483 1
5488 5483 1
6871 5483 4
5482 5484 1
6798 5484 1
5485 5484 5
7220 5484 1
6434 5484 1
6239 5484 1
6242 5485 6
5348 5485 9
5963 5485 1
5483 5485 1
6240 5485 10
5482 5486 1
5483 5486 2
5486 5487 2
5488 5487 2
5483 5488 2
5964 5489 3
5252 5489 8
5486 5489 2
7499 5489 1
6469 5489 1
6323 5490 3
5486 5490 2
5252 5490 12
7889 5490 1
7717 5490 4
7909 5490 1
5485 5491 4
5482 5491 1
6732 5491 1
6272 5491 1
7348 5491 1
5468 5492 1
5492 5493 1
5468 5493 1
5468 5494 2
5492 5494 1
5497 5496 1
7225 5498 1
5499 5498 3
5496 5498 1
5126 5499 4
5497 5499 2
6067 5500 1
5733 5500 3
5652 5500 3
5501 5500 32
6855 5500 2
6986 5500 1
6905 5500 3
7117 5500 1
7717 5500 4
5840 5500 2
5757 5500 1
5641 5500 3
7889 5500 1
5498 5500 3
7127 5500 1
6369 5500 2
6068 5501 1
5499 5501 3
5642 5501 8
6448 5501 4
5297 5501 1
6090 5501 3
6320 5501 2
5653 5501 3
5533 5501 1
5734 5501 3
5887 5501 1
6370 5501 2
6062 5501 1
6783 5501 1
5500 5502 32
5403 5502 34
5864 5502 1
6903 5503 1
6906 5503 1
7715 5503 1
5504 5503 12
6803 5503 1
7904 5503 1
5496 5503 1
7225 5503 1
5729 5503 1
6669 5503 2
6319 5503 2
6904 5504 2
5497 5504 2
7630 5504 2
5291 5504 7
6004 5504 2
6320 5504 2
5730 5504 2
6102 5505 2
5507 5506 3
5509 5508 1
5504 5509 1
6566 5509 1
6564 5509 1
6813 5510 1
5508 5510 1
5511 5510 2
6003 5511 4
5509 5511 3
5513 5512 1
6720 5514 4
5512 5514 1
5513 5514 6
7830 5514 1
5514 5515 6
5513 5515 6
5514 5516 6
5513 5516 6
5521 5520 3
5668 5522 11
5290 5522 4
5173 5522 3
6245 5522 2
5893 5522 1
5256 5522 6
5523 5522 1
5183 5522 12
5525 5524 1
5290 5525 4
5524 5526 1
5527 5526 4
7229 5526 3
5525 5527 1
5256 5527 3
5290 5527 4
5524 5528 1
5527 5528 1
5527 5529 1
5524 5529 1
5527 5530 1
5524 5530 1
5264 5531 3
5532 5531 3
6108 5533 1
5535 5534 1
7349 5535 1
5290 5535 4
5535 5536 1
5534 5536 1
5263 5537 3
7337 5538 1
5539 5538 2
6659 5539 2
5897 5539 2
5371 5539 4
5538 5540 2
7782 5540 2
7223 5540 1
5541 5540 9
7337 5540 1
7781 5540 1
6844 5540 3
7648 5540 1
7908 5541 1
6659 5541 2
5348 5541 4
7590 5541 1
5539 5541 8
6182 5542 1
7778 5542 1
5179 5542 7
7790 5542 1
5538 5542 2
7299 5542 1
7223 5542 1
5544 5543 2
5538 5543 2
5539 5544 2
5546 5545 1
5264 5546 3
5262 5546 4
5546 5547 1
5545 5547 1
5264 5548 3
5532 5548 3
5550 5549 1
5518 5550 1
6033 5550 4
5519 5550 1
5458 5550 3
5549 5551 1
7812 5551 1
5552 5551 2
5291 5552 3
6127 5552 2
6651 5552 1
5550 5552 1
5457 5552 1
5544 5552 1
5310 5552 1
6668 5552 1
5679 5552 1
5668 5552 1
6659 5552 1
6169 5552 1
5549 5553 1
5552 5553 4
6954 5553 2
7812 5553 1
5549 5554 1
5862 5554 1
5552 5554 3
6949 5554 1
5549 5555 1
6949 5555 1
5552 5555 3
5862 5555 1
5552 5556 3
6949 5556 1
5549 5556 1
5862 5556 1
5558 5557 2
7812 5557 1
5549 5557 1
5457 5558 1
5550 5558 1
5558 5559 2
7812 5559 1
5549 5559 1
6949 5560 1
5549 5560 1
5552 5560 2
7790 5561 1
5552 5561 6
7299 5561 1
5862 5561 1
7337 5561 1
5549 5561 1
6153 5561 1
5552 5562 5
5862 5562 1
5549 5562 1
7337 5562 1
7790 5562 1
7299 5562 1
5862 5563 1
6949 5563 1
5552 5563 3
5549 5563 1
5552 5564 1
5549 5564 1
5549 5565 1
5550 5565 1
5333 5566 1
5431 5567 1
5136 5568 3
7827 5568 1
7788 5568 1
5567 5568 1
5570 5569 3
7788 5569 1
5567 5569 1
7827 5569 1
5431 5570 2
5766 5570 5
7635 5570 1
5134 5570 1
5134 5571 1
5136 5572 1
5571 5572 1
6532 5573 1
7788 5573 1
7039 5573 1
5574 5573 5
7774 5573 1
5571 5573 1
5431 5574 3
5134 5574 2
5766 5574 5
7783 5574 1
5369 5575 1
7888 5576 1
6272 5576 1
6239 5576 1
7220 5576 1
7657 5576 1
7177 5576 1
6798 5576 1
6732 5576 1
5974 5576 6
5575 5576 1
6972 5576 1
7682 5576 1
7451 5576 1
7648 5576 1
5969 5576 1
6816 5576 1
6843 5576 1
7444 5576 1
6434 5576 1
7646 5576 1
5577 5576 28
7348 5576 1
5896 5576 1
6157 5576 1
5369 5577 1
5346 5577 1
5270 5577 1
5778 5577 1
6240 5577 10
5897 5577 3
7590 5577 1
5485 5577 1
5541 5577 1
6622 5577 1
5975 5577 6
5970 5577 1
7256 5578 1
7896 5578 1
7833 5578 1
7070 5578 1
7905 5578 1
5579 5578 10
6655 5578 1
6401 5578 1
7474 5578 1
5703 5578 1
6551 5579 1
6026 5579 1
5425 5579 1
6402 5579 1
5704 5579 1
5299 5579 1
6432 5579 1
5727 5579 1
5980 5579 1
5581 5580 10
5578 5580 10
5579 5581 10
5583 5582 10
5578 5582 10
5579 5583 10
5351 5584 1
5128 5585 3
5587 5586 1
5586 5588 1
5587 5588 1
7804 5589 1
5787 5589 2
5442 5589 5
6753 5589 1
5301 5590 4
5264 5591 3
5265 5591 3
5262 5591 4
5608 5592 1
5264 5592 3
5597 5592 1
5532 5592 3
5264 5593 3
5532 5593 3
5532 5594 3
5264 5594 3
5532 5595 3
5264 5595 3
5532 5596 3
5264 5596 3
5264 5597 3
5608 5597 1
5532 5597 3
5264 5598 3
5532 5598 3
5608 5598 1
5595 5598 1
5607 5599 1
5264 5599 3
5264 5600 3
5264 5601 3
5532 5601 3
5265 5602 3
5262 5602 4
5264 5602 3
5264 5603 3
5264 5604 9
5604 5605 4
5604 5606 4
5607 5606 1
5604 5607 4
5265 5608 3
5262 5608 4
5264 5608 3
5262 5609 4
5265 5609 3
5264 5609 3
5263 5610 3
5263 5611 3
5263 5612 3
5612 5613 1
5263 5613 3
5263 5614 3
5263 5615 3
5263 5616 3
5263 5617 3
5618 5617 2
5263 5618 3
5263 5619 3
5627 5619 2
5628 5619 2
5263 5620 3
5263 5621 3
5263 5622 3
5263 5623 3
5263 5624 3
5263 5625 3
5263 5626 3
5263 5627 3
5627 5628 2
5263 5628 3
5263 5629 3
5263 5630 3
5263 5631 5
5631 5632 4
5263 5633 3
5635 5634 1
5308 5635 1
5126 5635 4
6803 5636 1
5733 5636 3
7722 5636 1
5637 5636 18
5634 5636 1
7531 5636 1
6276 5636 1
6905 5636 3
5808 5636 1
6161 5636 1
7621 5636 1
7835 5636 1
6906 5636 1
6067 5636 1
6815 5636 3
5316 5637 1
6277 5637 1
6320 5637 2
5313 5637 1
5734 5637 3
5314 5637 1
6090 5637 3
6448 5637 4
5635 5637 1
5297 5637 1
7630 5637 3
6904 5637 2
6062 5637 1
6892 5637 1
5730 5637 2
6470 5637 1
5796 5637 3
5653 5637 1
5312 5637 5
6068 5637 1
5125 5637 1
5315 5637 1
5809 5637 1
6905 5638 3
7835 5638 1
7124 5638 1
5634 5638 1
6276 5638 1
6161 5638 1
7855 5638 1
6803 5638 1
6906 5638 1
5637 5638 24
6067 5638 1
7717 5638 4
6815 5638 3
5808 5638 1
7722 5638 1
5733 5638 3
7621 5638 1
7531 5638 1
7889 5638 1
7715 5638 1
7889 5639 1
6803 5639 1
5634 5639 1
6815 5639 3
7855 5639 1
5733 5639 3
5729 5639 1
5637 5639 26
7621 5639 1
7715 5639 1
6903 5639 1
6161 5639 1
6469 5639 1
6905 5639 3
7835 5639 1
7124 5639 1
7904 5639 1
6061 5639 1
7717 5639 4
5808 5639 1
6163 5639 5
7531 5639 1
6906 5639 1
7666 5639 1
5252 5640 3
5634 5640 1
6161 5640 1
5642 5641 3
5634 5641 1
6161 5641 1
5316 5642 1
5125 5642 1
6688 5642 1
5815 5642 1
6517 5642 1
5635 5642 1
5668 5642 1
5314 5642 1
5840 5643 2
5256 5643 7
5641 5643 3
5757 5643 1
5179 5644 8
5643 5644 7
7425 5644 1
5643 5645 7
5260 5645 7
5647 5646 2
7141 5646 1
7143 5648 2
5647 5648 3
5646 5648 2
5647 5649 2
5646 5649 2
5647 5650 2
5646 5650 2
7124 5652 1
5653 5652 3
5126 5653 4
5179 5654 3
5652 5654 3
5652 5655 3
5406 5655 3
5433 5656 4
5659 5658 1
5658 5660 1
5659 5660 2
7804 5661 1
7289 5661 2
7424 5661 1
5662 5661 16
6476 5661 1
5958 5661 1
7331 5661 1
5660 5661 2
7519 5661 1
7300 5661 1
7173 5661 1
6708 5661 1
7228 5661 1
7902 5661 1
6419 5661 1
7219 5662 1
5659 5662 7
6122 5662 3
6477 5662 4
5664 5663 16
5661 5663 16
5191 5664 1
5290 5664 4
7540 5664 1
5662 5664 16
5661 5665 16
5666 5665 18
5787 5665 2
5393 5666 2
5662 5666 16
5668 5667 4
5660 5667 2
5308 5668 2
5369 5668 2
5659 5668 6
5667 5669 3
5179 5669 3
6503 5670 2
6519 5670 1
5667 5670 4
7633 5670 1
5183 5670 12
6722 5670 2
6492 5670 2
5670 5671 12
5522 5671 12
6318 5672 1
5522 5672 13
5670 5672 12
7633 5672 1
6519 5672 1
5522 5673 12
5670 5673 12
5892 5674 1
5522 5674 14
7633 5674 1
5670 5674 12
6318 5674 1
6519 5674 1
5892 5675 1
5670 5675 12
5522 5675 13
7283 5676 1
6519 5676 1
5522 5676 13
5670 5676 12
6449 5677 2
5667 5677 4
6709 5677 2
6722 5677 2
5183 5677 16
6949 5677 1
6420 5677 2
5959 5677 2
5667 5678 4
5679 5678 4
6462 5679 4
5668 5679 15
6583 5680 1
6492 5680 2
5522 5680 20
6221 5680 2
5667 5680 4
6519 5680 1
7633 5680 1
6722 5680 2
6420 5680 2
6503 5680 2
6150 5680 2
6709 5680 2
5660 5681 2
7902 5681 1
6419 5681 1
7324 5681 1
5183 5681 8
6764 5681 1
6753 5681 1
7397 5681 1
6764 5682 1
5183 5682 10
7331 5682 1
7324 5682 1
6476 5682 1
6419 5682 1
5660 5682 2
7902 5682 1
6753 5682 1
5958 5682 1
5684 5683 1
5683 5685 1
5684 5685 3
6823 5685 1
6178 5685 1
6178 5686 1
6823 5686 1
5683 5686 1
5684 5686 3
5688 5687 4
7054 5687 1
5291 5688 59
5690 5689 2
5778 5690 1
6688 5690 4
5405 5690 4
7409 5691 1
5624 5691 2
5624 5692 4
7696 5692 1
5691 5692 2
5624 5693 4
5692 5693 4
7526 5694 1
7135 5694 1
7393 5694 1
7811 5694 1
7063 5694 1
7078 5694 2
7684 5694 1
5262 5694 12
7495 5694 1
6177 5694 1
7016 5694 1
7867 5694 1
5262 5695 13
5694 5695 12
7393 5695 1
5695 5696 13
5262 5696 13
5262 5697 14
5694 5697 12
7332 5697 1
7647 5697 1
5694 5698 12
5262 5698 13
5698 5699 13
5262 5699 13
5701 5700 5
5700 5702 4
6585 5702 2
5704 5703 1
5797 5704 4
5590 5704 1
5706 5705 1
5703 5705 1
5704 5706 1
5889 5706 1
6926 5706 2
7764 5706 1
7638 5706 1
5706 5707 2
5703 5707 1
5706 5708 2
5707 5708 2
7229 5709 3
5256 5709 5
7421 5709 1
7425 5709 1
5713 5710 7
5179 5710 7
5709 5710 5
5709 5711 5
6949 5711 1
7229 5711 3
5712 5711 7
7427 5711 2
5668 5712 1
5260 5712 3
6130 5712 4
5256 5712 7
5256 5713 7
5709 5713 5
7797 5713 1
5715 5714 1
7673 5715 2
5714 5716 1
5715 5716 1
5720 5717 3
5718 5717 4
5719 5717 4
5456 5718 1
6174 5719 1
6317 5719 1
5968 5719 1
6622 5719 1
5963 5719 1
6189 5719 1
5346 5719 1
5721 5722 4
5724 5723 1
5723 5725 1
5724 5725 1
5723 5726 1
5724 5726 1
5590 5727 1
5728 5727 3
5301 5728 3
5730 5729 1
7701 5731 1
6903 5731 1
7715 5731 1
5732 5731 19
5808 5731 1
7855 5731 1
7717 5731 4
7909 5731 1
6803 5731 1
5729 5731 1
5733 5731 3
6061 5731 1
7889 5731 1
7904 5731 1
6906 5731 1
6905 5731 3
6815 5731 3
7531 5731 1
6062 5732 1
6892 5732 1
6872 5732 1
5796 5732 3
7630 5732 3
5809 5732 1
6904 5732 2
5730 5732 2
6090 5732 3
6870 5732 1
6448 5732 4
5297 5732 1
5734 5732 3
5734 5733 3
6803 5733 1
5729 5733 1
5126 5734 4
5730 5734 2
5688 5735 4
5702 5735 1
6243 5736 3
6525 5736 2
7368 5737 2
7367 5737 2
5738 5737 2
6243 5737 3
5736 5737 5
6622 5738 1
5736 5738 4
5688 5739 4
5130 5739 2
5521 5740 1
5741 5740 2
5256 5742 2
6476 5742 1
5742 5743 2
7425 5743 1
5179 5743 3
5128 5744 3
5290 5745 4
5746 5745 1
5289 5747 1
5749 5748 1
5747 5748 1
5290 5749 4
5289 5749 1
5749 5750 1
5747 5750 1
5747 5751 1
5749 5751 1
5749 5752 1
5747 5752 1
5749 5753 1
5747 5753 1
5749 5754 1
5747 5754 1
6791 5755 1
6604 5755 1
5642 5757 1
5256 5758 2
5757 5758 1
5179 5759 2
5758 5759 2
5758 5760 2
5260 5760 2
5757 5761 1
5398 5761 2
7257 5761 1
5757 5762 1
7257 5762 1
5398 5762 2
5757 5763 1
7257 5763 1
5398 5763 2
7165 5764 1
5766 5765 5
6170 5765 1
5134 5765 1
5688 5766 26
5346 5767 1
5121 5768 2
5995 5768 1
5767 5768 1
5507 5769 3
5507 5770 3
5853 5771 1
7773 5771 1
5829 5771 1
5772 5771 5
7396 5771 1
5772 5773 6
5771 5773 5
5829 5774 1
5771 5774 5
7396 5774 1
7773 5774 1
5773 5774 6
5772 5774 6
5853 5774 1
5853 5775 1
5829 5775 1
5771 5775 5
7396 5775 1
5772 5775 7
5773 5775 6
5775 5776 7
5772 5776 7
5771 5776 5
5772 5777 7
5775 5777 7
5690 5778 2
5779 5778 23
5348 5778 23
5254 5778 20
5254 5780 18
5779 5780 21
5781 5780 18
5627 5782 1
6457 5783 1
7600 5783 1
7626 5783 1
7011 5783 1
5619 5783 7
6878 5783 1
5782 5783 1
7115 5783 1
6878 5784 1
7626 5784 1
5628 5784 4
6457 5784 1
5782 5784 1
6457 5785 1
5782 5785 1
5627 5785 2
5134 5786 1
5393 5787 2
7622 5787 1
5789 5788 2
5787 5788 2
5393 5789 2
5191 5789 5
5392 5790 2
5787 5790 2
5789 5791 2
5787 5791 2
5351 5793 1
5793 5794 1
5351 5794 1
5679 5795 3
6153 5795 1
6949 5795 1
5126 5796 6
6717 5796 1
5704 5796 2
5301 5797 4
5799 5798 1
5936 5799 4
7074 5800 4
7073 5800 1
7327 5800 1
6910 5800 1
7498 5800 1
5798 5800 1
5801 5800 8
7546 5800 1
7213 5800 1
5848 5801 3
5799 5801 17
5935 5801 2
6910 5802 1
5798 5802 1
5801 5802 2
5614 5806 2
7012 5806 1
7014 5807 2
5614 5807 3
5806 5807 2
5809 5808 1
5126 5809 4
5809 5810 1
5808 5810 1
5809 5811 1
5808 5811 1
7553 5812 1
5478 5812 4
5642 5813 2
6949 5813 1
5813 5814 2
5815 5814 2
5780 5815 1
5642 5815 2
5817 5816 1
5817 5818 1
5816 5818 1
5128 5819 3
5822 5820 1
5821 5820 4
5887 5821 1
6783 5821 1
7006 5823 1
5128 5824 3
6886 5825 1
5826 5825 2
6549 5826 1
5826 5827 3
5825 5827 2
5826 5828 3
5827 5828 3
5772 5829 1
5829 5830 1
7773 5830 1
5772 5830 5
7396 5830 1
7355 5830 1
5853 5830 1
5829 5831 1
7773 5831 1
5772 5831 2
7015 5832 1
5833 5832 2
5832 5834 2
5835 5834 2
5833 5835 2
5837 5836 2
5832 5836 2
5364 5837 1
5833 5837 2
6208 5838 6
5213 5838 7
5204 5839 8
5203 5839 1
5838 5839 7
7835 5840 1
5642 5840 2
5842 5841 1
5844 5843 3
6209 5843 2
5843 5845 3
5846 5845 5
6821 5845 2
5844 5846 3
5848 5847 1
5936 5848 4
5847 5849 1
5801 5849 2
7789 5849 1
5328 5850 1
5850 5851 1
5457 5851 1
5850 5852 1
5412 5852 1
5772 5853 1
5804 5854 1
6668 5854 1
5721 5854 1
5858 5855 1
5857 5855 1
5856 5855 1
6880 5855 2
6243 5858 1
6491 5860 1
5861 5860 2
5544 5862 1
5501 5864 1
6519 5865 1
5260 5865 2
5256 5866 16
6553 5866 2
5865 5866 2
7091 5866 4
7224 5866 1
7524 5866 1
7508 5866 1
6522 5866 2
6521 5866 2
5866 5867 16
5179 5867 16
5866 5868 16
5869 5868 16
5290 5869 4
5175 5869 1
5256 5869 16
5260 5869 7
5260 5870 16
5866 5870 16
5866 5871 15
5260 5871 15
5260 5872 20
6010 5872 5
5866 5872 15
5866 5873 16
5869 5873 16
5866 5874 16
5869 5874 16
5869 5875 16
5866 5875 16
5869 5876 16
5866 5876 16
5866 5877 16
5869 5877 16
6522 5878 2
5869 5878 7
6521 5878 2
5865 5878 2
7224 5878 1
6553 5878 2
5134 5879 1
5879 5880 1
5136 5880 2
7859 5880 1
7859 5881 1
5879 5881 1
5882 5881 2
5134 5882 1
5431 5882 1
5766 5882 5
7034 5882 1
5595 5884 1
5884 5885 1
5598 5885 2
7383 5885 1
5884 5886 1
5595 5886 1
5888 5887 1
5481 5887 1
5889 5887 1
5891 5890 1
5893 5892 1
6817 5893 4
6896 5894 1
5895 5894 2
5892 5894 1
7479 5895 1
7480 5895 1
6012 5895 4
6517 5895 4
5805 5895 1
5893 5895 1
5883 5895 1
5897 5896 1
7888 5898 1
5896 5898 1
5369 5898 3
6843 5898 1
5896 5899 1
7888 5899 1
5369 5899 3
6843 5899 1
5896 5900 1
7888 5900 1
6843 5900 1
5369 5900 4
5900 5901 4
5371 5901 4
7873 5902 1
5903 5902 2
6092 5903 10
6190 5904 1
5902 5904 2
5905 5904 4
5903 5905 2
5905 5906 4
6190 5906 1
5904 5906 4
5904 5907 4
5905 5907 4
5904 5908 4
6190 5908 1
5905 5908 4
5902 5909 2
5903 5909 2
5903 5910 2
5902 5910 2
5903 5911 2
5902 5911 2
5373 5912 1
6395 5913 2
5912 5913 1
5179 5913 3
5915 5914 1
7746 5916 1
6528 5916 2
5476 5916 5
5914 5916 1
5477 5917 7
5916 5917 5
7771 5917 1
7056 5917 1
5919 5918 8
5916 5918 5
6741 5918 2
7771 5918 1
5606 5919 2
6214 5919 1
5476 5919 5
5476 5920 4
5914 5920 1
6528 5920 2
7056 5921 1
7771 5921 1
6213 5921 1
5920 5921 4
5477 5921 8
5921 5922 8
5923 5922 8
5477 5923 8
6800 5923 1
5799 5924 1
7808 5925 1
7045 5925 1
5924 5925 1
7211 5925 1
5801 5925 4
5927 5926 1
6119 5928 1
6646 5928 1
5926 5928 1
5329 5928 4
5928 5929 4
5329 5929 4
5330 5930 10
5928 5930 4
6095 5930 6
5928 5931 4
6095 5931 6
5330 5931 10
5933 5932 4
7378 5932 1
7379 5932 1
6268 5934 11
5936 5935 4
5937 5936 13
5801 5936 6
5939 5938 4
5121 5939 5
5938 5939 5
5996 5939 1
6320 5939 2
5451 5939 5
5501 5939 3
5121 5940 1
5952 5951 1
5779 5952 4
7658 5953 1
5951 5953 1
7539 5953 1
5179 5953 3
5955 5954 3
5951 5954 1
7658 5954 1
5952 5955 3
5955 5956 3
7658 5956 1
5951 5956 1
5956 5957 3
5955 5957 4
5659 5958 1
5668 5959 2
5958 5959 1
5959 5960 2
5179 5960 2
5679 5961 3
6153 5961 1
5959 5961 2
5963 5962 1
6871 5963 4
5349 5963 4
6176 5963 1
5962 5964 1
5963 5964 3
6924 5964 1
5128 5965 3
5967 5966 1
5349 5968 4
5970 5969 1
5348 5970 4
5330 5971 4
5973 5972 1
5975 5974 6
7298 5974 1
7901 5974 1
5972 5974 1
7828 5974 1
6009 5974 1
5973 5975 1
6818 5975 1
6012 5975 1
6584 5975 1
5883 5975 1
5348 5975 4
5974 5976 6
5975 5976 6
5974 5977 6
5301 5977 6
5577 5978 6
5974 5978 6
5972 5979 1
6655 5979 1
5980 5979 3
5973 5980 1
6384 5980 3
5590 5980 1
5982 5981 3
5979 5981 3
5980 5982 3
5507 5983 3
5507 5984 3
5507 5985 3
5507 5986 3
5507 5987 3
5507 5988 3
5507 5989 3
5507 5990 3
5507 5991 3
6438 5992 1
5618 5992 2
6234 5993 3
5617 5993 4
6232 5993 1
6438 5993 1
5992 5993 2
5618 5994 2
6438 5994 1
5992 5994 2
5996 5995 1
5998 5997 1
5995 5997 1
5939 5998 4
5996 5998 1
6332 5999 3
5995 5999 1
7075 5999 1
6319 5999 2
6726 5999 1
5939 5999 7
6166 5999 1
6002 6001 1
6057 6002 4
6003 6004 4
6742 6004 2
6830 6005 2
6003 6005 4
5619 6006 1
6006 6007 1
5619 6007 1
5619 6008 2
6006 6008 1
7798 6008 1
5883 6009 1
6011 6010 4
6009 6010 1
5256 6010 5
6009 6011 1
6012 6011 4
6737 6011 2
5308 6012 2
5301 6012 4
5883 6012 1
6011 6013 4
5895 6013 4
5895 6014 1
6009 6014 1
6668 6015 1
6651 6015 1
6127 6015 1
6017 6016 3
5431 6018 2
5134 6018 1
6019 6018 1
5766 6018 5
5431 6020 1
7244 6021 1
6171 6021 1
5136 6021 3
6020 6021 1
6023 6022 1
6738 6024 1
6022 6024 1
6023 6024 2
6002 6025 1
5590 6026 1
6818 6026 1
6027 6026 2
5301 6027 2
5606 6028 4
6741 6028 2
7114 6028 1
6028 6029 4
5606 6029 4
5181 6030 3
6749 6030 1
7299 6030 1
5134 6031 1
7859 6032 1
5136 6032 2
6031 6032 1
6653 6033 1
5668 6033 1
6035 6034 3
5330 6037 4
5330 6038 4
5330 6039 4
5330 6040 6
6040 6041 5
7095 6041 2
5330 6042 4
5330 6043 4
5330 6044 4
5330 6045 4
5330 6046 4
5330 6047 4
5364 6047 1
5330 6048 4
5330 6049 4
6051 6050 1
6050 6052 1
6051 6052 1
6050 6053 1
6051 6053 1
6050 6054 1
6051 6054 2
6054 6055 2
7861 6055 2
6051 6055 4
5185 6056 1
5175 6057 1
6202 6058 2
6059 6058 3
7079 6058 1
5130 6060 1
5688 6060 4
6062 6061 1
5126 6062 4
6432 6062 1
5369 6062 1
6061 6063 1
5501 6063 2
6065 6064 2
6063 6064 2
7162 6065 1
5501 6065 2
6902 6065 1
6901 6065 2
5333 6066 1
6068 6067 1
5126 6068 4
6067 6069 1
5373 6069 2
5378 6070 2
6069 6070 2
7305 6071 1
5804 6071 1
5126 6071 1
7306 6071 1
6318 6072 1
5173 6072 2
6074 6073 1
6074 6075 2
6073 6075 1
6074 6076 2
6075 6076 2
6074 6077 2
6075 6077 2
6074 6078 2
6075 6078 2
6074 6079 3
6075 6079 2
6079 6080 3
6074 6080 3
6075 6080 2
6073 6081 1
6074 6081 1
6074 6082 2
6073 6082 1
6082 6083 2
6074 6083 2
6073 6084 1
6074 6084 1
5128 6085 3
6087 6086 1
7111 6087 1
5458 6087 3
7617 6088 1
5153 6089 4
5256 6090 1
6904 6090 2
5980 6090 1
5126 6090 4
5267 6091 3
5204 6091 1
6093 6092 3
5786 6094 3
6943 6094 2
6941 6095 2
6094 6095 3
5786 6095 6
6824 6095 3
6095 6096 6
6097 6096 6
5786 6097 6
6095 6098 6
6824 6098 3
5146 6098 6
5451 6099 1
7831 6100 1
5939 6100 3
7607 6100 1
6099 6100 1
6102 6101 2
7777 6101 1
6101 6103 2
5505 6103 2
6101 6104 2
5505 6104 2
6106 6105 1
5301 6106 4
5405 6107 4
6108 6107 4
5533 6108 2
6110 6109 1
5688 6110 4
6109 6111 1
6110 6111 1
6113 6112 3
5521 6114 3
5521 6115 3
5521 6116 3
5521 6117 3
5521 6118 3
5927 6119 1
5121 6121 1
6424 6123 4
7089 6123 3
7768 6123 1
6425 6123 8
5423 6123 12
7087 6123 1
6975 6123 2
7809 6123 1
5423 6124 14
6424 6124 4
7090 6124 3
6123 6124 12
5423 6125 12
6123 6125 12
5128 6126 3
5294 6127 1
5668 6127 2
5256 6127 1
5290 6127 4
6651 6127 1
6245 6127 2
6668 6127 1
5290 6128 4
5290 6129 4
6286 6130 1
5256 6130 7
6651 6130 1
5294 6130 1
7445 6130 1
5804 6130 1
5290 6130 4
5805 6130 1
6245 6130 1
5290 6131 4
5290 6132 4
5290 6133 4
7322 6133 1
6245 6134 1
5290 6134 4
7210 6134 1
6668 6135 1
5290 6135 4
5290 6136 4
5290 6137 4
7721 6138 1
5290 6138 4
5290 6139 4
5290 6140 4
5151 6141 1
6141 6142 1
7591 6142 1
5151 6142 2
5437 6143 1
6542 6144 1
6143 6144 1
5437 6144 2
6146 6145 1
6148 6145 1
6147 6145 1
6870 6146 1
6002 6149 1
7804 6150 1
5256 6150 2
6150 6151 2
5179 6151 2
5260 6152 2
6150 6152 2
5679 6153 1
6155 6154 4
7304 6154 1
6153 6154 1
7427 6154 2
5185 6155 1
5679 6155 1
5260 6155 2
6153 6156 1
5552 6156 1
5541 6157 1
5134 6159 1
6159 6160 1
7209 6160 1
5136 6160 2
5314 6161 1
7072 6162 1
7722 6162 1
6469 6162 1
7835 6162 1
5637 6162 5
6161 6162 1
5312 6163 5
7072 6163 1
6161 6163 1
7722 6163 1
7835 6163 1
5179 6164 5
6163 6164 5
6163 6165 5
5378 6165 5
5121 6166 1
5684 6167 1
6167 6168 1
5684 6168 1
5387 6169 4
6206 6169 1
5254 6169 1
5134 6171 1
5690 6172 1
5291 6173 3
6176 6174 1
6175 6174 4
5349 6174 4
6286 6175 1
5602 6177 1
5684 6178 1
6245 6179 1
5597 6180 1
6180 6181 1
5597 6181 1
5310 6182 1
6184 6183 1
6186 6184 1
6770 6184 4
6183 6185 1
6186 6185 1
6184 6186 1
6188 6189 4
7683 6189 1
5349 6189 4
5905 6190 1
6190 6191 1
5905 6191 1
5905 6192 1
6190 6192 1
6190 6193 1
5905 6193 1
5905 6194 1
6190 6194 1
6190 6195 1
5905 6195 1
5905 6196 1
6190 6196 1
5690 6197 1
7363 6199 1
6097 6200 4
6202 6201 1
5720 6202 3
5278 6203 1
6201 6203 1
6201 6204 1
6058 6204 1
6206 6205 2
6201 6205 1
6169 6206 1
5577 6206 6
6429 6206 5
6202 6206 1
6205 6207 2
6426 6207 1
5456 6207 4
5210 6208 6
6784 6208 1
6201 6208 1
7417 6208 2
6835 6208 1
5844 6209 2
6788 6209 1
6202 6210 1
6210 6211 1
6058 6211 1
6035 6212 3
6214 6213 1
6213 6215 1
6216 6215 5
7056 6215 1
7771 6215 1
7886 6215 1
6214 6216 3
7207 6216 1
6186 6216 4
5476 6216 1
7898 6217 1
6216 6217 6
6215 6217 5
5298 6218 1
5191 6219 1
6218 6219 1
6218 6220 1
5378 6220 1
7524 6221 1
5256 6221 2
5179 6222 2
6221 6222 2
5260 6223 3
6221 6223 2
6225 6224 3
6223 6224 3
5869 6225 1
5260 6225 3
6223 6226 3
6225 6226 3
6223 6227 3
6225 6227 3
6225 6228 3
6223 6228 3
6223 6229 3
6225 6229 3
6225 6230 3
6223 6230 3
6223 6231 3
6225 6231 3
5617 6232 1
6438 6233 1
6232 6233 1
5617 6233 2
5617 6234 3
6438 6234 1
6232 6234 1
6438 6235 1
5617 6235 2
6232 6235 1
5134 6237 2
7661 6238 1
5136 6238 4
6237 6238 2
7754 6238 1
6240 6239 1
5485 6241 4
6716 6243 1
6245 6244 1
5183 6246 2
6244 6246 1
6244 6247 1
5183 6247 2
6246 6247 2
6246 6248 2
6244 6248 1
6249 6248 2
6245 6249 1
5183 6249 2
6246 6250 2
5327 6250 1
5412 6250 4
5412 6251 3
6246 6251 2
6251 6252 3
5412 6252 4
5412 6253 4
6252 6253 4
6251 6254 3
5412 6254 3
6251 6255 3
5412 6255 3
6251 6256 3
5412 6256 3
5412 6257 3
6251 6257 3
5412 6258 3
6251 6258 3
6251 6259 3
5412 6259 3
6251 6260 3
5412 6260 3
6251 6261 3
5412 6261 3
6251 6262 3
5412 6262 3
6251 6263 3
5412 6263 3
5412 6264 3
6251 6264 3
6251 6265 3
5412 6265 3
6035 6266 3
7603 6267 1
6268 6267 2
5448 6268 1
6335 6268 5
5294 6268 1
5668 6268 1
5968 6268 1
6433 6269 6
6336 6269 6
5934 6269 18
7137 6269 2
7468 6269 2
6267 6269 2
6267 6270 2
6336 6270 6
6271 6270 7
6268 6271 11
6240 6272 1
5817 6273 1
6647 6274 1
6273 6274 1
7860 6274 1
5817 6274 3
5387 6275 4
6206 6275 1
5254 6275 1
6277 6276 1
5126 6277 4
6276 6278 1
5373 6278 2
5179 6279 2
6278 6279 2
6278 6280 2
5378 6280 2
5128 6281 3
5423 6282 1
7809 6283 1
6282 6283 1
7768 6283 1
5423 6283 5
7806 6283 1
7087 6283 1
7087 6284 1
7806 6284 1
7768 6284 1
5423 6284 11
6424 6284 4
7809 6284 1
6282 6284 1
6425 6284 8
6975 6285 2
5423 6285 6
6282 6285 1
7089 6285 3
6287 6286 4
5254 6286 1
6288 6286 1
5347 6288 4
6289 6288 2
5348 6288 5
6291 6290 1
5936 6291 4
6293 6291 1
6293 6292 3
6290 6292 1
6706 6292 1
7547 6292 1
6291 6293 5
7062 6294 1
7547 6294 1
6706 6294 1
6290 6294 1
6293 6294 4
6706 6295 1
7547 6295 1
6293 6295 4
7062 6295 1
6290 6295 1
6297 6296 3
6301 6300 1
6300 6302 1
6301 6302 1
6301 6303 1
6300 6303 1
6774 6304 2
5366 6304 4
7357 6304 1
6304 6305 4
5366 6305 4
7357 6305 1
6304 6306 4
5366 6306 4
5128 6307 3
5804 6308 1
6175 6308 1
5170 6310 1
6310 6311 1
5170 6311 2
7494 6311 1
6927 6313 2
6312 6313 4
6315 6314 1
7291 6315 4
7079 6316 1
6059 6316 3
5349 6317 4
6245 6318 1
6320 6319 2
6318 6319 1
6245 6320 1
5369 6320 1
6496 6320 1
5308 6320 1
5346 6321 2
6319 6321 2
7706 6322 1
7199 6322 1
5939 6322 5
6319 6322 2
7248 6322 1
5637 6323 3
6319 6323 2
7909 6324 1
6323 6324 3
6325 6324 4
6872 6325 1
5637 6325 3
6325 6326 3
6323 6326 3
6323 6327 3
5637 6327 3
5504 6328 2
6319 6328 2
6458 6329 1
6319 6329 2
7127 6329 1
6986 6329 1
7257 6329 1
5403 6329 7
5501 6330 3
6319 6330 2
6330 6331 3
5179 6331 3
5501 6332 3
6319 6332 2
6332 6333 3
5179 6333 3
6332 6334 3
7603 6334 1
6335 6334 5
5668 6335 1
5501 6335 3
6334 6336 5
6268 6336 6
6336 6337 6
6271 6337 6
6336 6338 6
6271 6338 6
6336 6339 6
6271 6339 6
5179 6340 5
7000 6340 2
6332 6340 3
6318 6341 1
6342 6341 1
6409 6342 1
5291 6342 3
6245 6342 1
5270 6343 1
6318 6343 1
5256 6344 2
6318 6344 1
5179 6345 4
6347 6345 4
6344 6345 2
6344 6346 2
5712 6346 4
7427 6346 2
6344 6347 2
7797 6347 1
5256 6347 4
5256 6348 2
6318 6348 1
6633 6349 1
7180 6349 1
7425 6349 1
6318 6349 1
6348 6349 2
6130 6349 7
7229 6349 3
7180 6350 1
6130 6350 3
6348 6350 2
6318 6351 1
6342 6351 1
6342 6352 1
6318 6352 1
5179 6353 2
6318 6353 1
6092 6354 1
6400 6355 1
7832 6355 1
7711 6355 1
7020 6355 1
5903 6355 7
6354 6355 1
7130 6355 1
6914 6355 1
6357 6356 4
5126 6356 4
5308 6357 3
5738 6358 1
5738 6359 3
7893 6359 1
6437 6359 1
6358 6359 1
6358 6360 1
6620 6360 3
5737 6360 4
6838 6361 1
5130 6361 2
5739 6362 2
6361 6362 2
5739 6363 2
6361 6363 2
6035 6364 3
5465 6365 2
6367 6366 1
6366 6368 1
5336 6368 2
6369 6368 2
6366 6369 1
6370 6369 2
6367 6370 1
5126 6370 4
5276 6370 1
6369 6371 2
5179 6371 2
5431 6372 1
6375 6374 1
6378 6375 2
6377 6375 2
6376 6375 5
5376 6379 4
6380 6381 4
5668 6381 1
5659 6381 1
6245 6381 1
5256 6381 1
6383 6382 4
5301 6384 3
6386 6385 2
7170 6385 1
6297 6387 3
5702 6388 1
5735 6389 1
6388 6389 1
6388 6390 1
5735 6390 1
6392 6391 1
6391 6393 1
6392 6393 1
6382 6394 1
6394 6395 1
5373 6395 2
5656 6396 1
5136 6397 2
6396 6397 1
6856 6397 1
5270 6398 1
6398 6399 1
5270 6399 1
6092 6400 1
6402 6401 1
5590 6402 1
6632 6402 2
6404 6403 1
6404 6405 4
6403 6405 1
6932 6405 1
7360 6405 1
7755 6405 1
6407 6406 1
5688 6407 4
6406 6408 1
6407 6408 1
6411 6410 1
5688 6411 4
6410 6412 1
6411 6412 1
6415 6414 1
5343 6416 1
7907 6417 1
6416 6417 1
7465 6417 1
5343 6417 3
5343 6418 2
6416 6418 1
7465 6418 1
5659 6419 1
6419 6420 1
5668 6420 2
5679 6421 2
6420 6421 2
6637 6422 1
5738 6422 2
5738 6423 2
6422 6423 2
5423 6424 4
7768 6424 1
7087 6424 1
6774 6425 2
7698 6425 1
6424 6425 4
5423 6425 8
5717 6426 1
5349 6427 1
6426 6427 1
5456 6428 1
6426 6428 1
5348 6430 4
6431 6430 1
5488 6430 4
5386 6432 3
5590 6432 1
5934 6433 6
6240 6434 1
5509 6435 1
6435 6436 1
5511 6436 1
5738 6437 1
5618 6438 1
6438 6439 1
5618 6439 1
6438 6440 1
5618 6440 1
6438 6441 1
5618 6441 1
7892 6442 1
5887 6442 2
6442 6443 2
5887 6443 3
6445 6444 6
7127 6444 1
6782 6444 1
6986 6444 1
6443 6444 3
5887 6445 4
6783 6445 2
6782 6446 1
6445 6446 6
6443 6446 3
7127 6446 1
6986 6446 1
6442 6447 2
5887 6447 2
5299 6448 1
5126 6448 4
5298 6448 1
7630 6448 3
5668 6449 2
6449 6450 1
5179 6450 1
5679 6451 2
6449 6451 2
5935 6452 1
6452 6453 1
7796 6453 1
5801 6453 2
6455 6454 1
5134 6454 2
5766 6454 5
5404 6456 1
5627 6457 1
6459 6458 1
5465 6460 1
5615 6463 1
5615 6464 1
6463 6464 1
5134 6465 2
5766 6465 5
5431 6465 3
7745 6465 1
5766 6466 5
6687 6466 1
5134 6466 2
5766 6467 5
5134 6467 3
7146 6467 1
6870 6468 1
6470 6469 1
5126 6470 4
5256 6470 1
6176 6470 1
6469 6471 1
5637 6471 1
6469 6472 1
5637 6472 1
6905 6473 3
6906 6473 1
6469 6473 1
5256 6473 5
5179 6474 5
6473 6474 5
6473 6475 5
5260 6475 5
6477 6476 1
6147 6478 1
6002 6479 1
6481 6480 1
6479 6480 1
6002 6481 2
6002 6482 3
6479 6482 1
6479 6483 1
6002 6483 3
6002 6484 1
6479 6484 1
6678 6485 1
6479 6485 1
6002 6485 3
6479 6486 1
5218 6486 1
6488 6487 1
6023 6488 1
5366 6488 1
6488 6489 2
6642 6489 1
6487 6489 1
6487 6490 1
7357 6490 1
6488 6490 3
7729 6490 1
7324 6492 1
5173 6492 2
5179 6493 3
6503 6493 2
6492 6493 2
5185 6494 2
6492 6494 2
5404 6495 1
6497 6496 5
6501 6500 1
5153 6501 4
5364 6501 1
6500 6502 1
6501 6502 1
7324 6503 1
5173 6503 2
5185 6504 2
6503 6504 2
5971 6505 1
6507 6506 4
7203 6506 1
7026 6506 1
7503 6506 1
5343 6507 1
6506 6508 4
6507 6508 5
6507 6509 6
6508 6509 5
6506 6509 4
7028 6509 2
7503 6509 1
6915 6511 1
6513 6512 1
5625 6514 1
6514 6515 1
6945 6515 1
5625 6515 2
6783 6516 1
5822 6516 1
5887 6516 1
5642 6517 1
5256 6519 1
5179 6520 1
6519 6520 1
5260 6521 2
6519 6521 1
5260 6522 2
6519 6522 1
5968 6523 1
6268 6524 1
6523 6524 1
5475 6526 1
6526 6527 1
5475 6527 1
6526 6528 1
5475 6528 2
7746 6529 1
5475 6529 3
6528 6529 2
5656 6530 1
6627 6531 1
5136 6531 2
6530 6531 1
5431 6532 1
6532 6533 1
7788 6533 1
7039 6533 1
5136 6533 4
7774 6533 1
6535 6534 1
6534 6536 1
6535 6536 1
6535 6537 1
6534 6537 1
6534 6538 1
6535 6538 1
6534 6539 1
6535 6539 1
6871 6540 1
5804 6540 1
6035 6541 3
5437 6542 1
6542 6543 1
5437 6543 1
6477 6544 1
6544 6545 4
6547 6546 2
6614 6546 1
6549 6548 1
6549 6550 1
6548 6550 1
6552 6551 2
5590 6551 1
5301 6552 2
5260 6553 2
7633 6553 1
6555 6554 2
6606 6554 1
6554 6556 2
6555 6556 3
6558 6557 4
6555 6557 4
6556 6557 3
6555 6558 4
6556 6558 3
6558 6559 4
6555 6559 4
6554 6560 2
6555 6560 2
5735 6561 1
6561 6562 1
5735 6562 1
5668 6563 1
6915 6563 1
6245 6563 1
5291 6563 3
5504 6564 4
6565 6564 4
5688 6567 4
5431 6568 1
7612 6569 1
7667 6569 1
5136 6569 3
6568 6569 1
6858 6570 1
7612 6570 1
7667 6570 1
7484 6570 1
6465 6570 5
6568 6570 1
6572 6571 2
7404 6571 1
6572 6573 3
6571 6573 2
6573 6574 3
6571 6574 2
6572 6574 3
7404 6574 1
6576 6575 1
5848 6576 1
5688 6576 4
5656 6576 1
6575 6577 1
6576 6577 1
6580 6579 1
7854 6581 1
7723 6581 1
6580 6581 3
6579 6581 1
7854 6582 1
6579 6582 1
6580 6582 3
7723 6582 1
5668 6583 1
5316 6584 1
5301 6584 5
5304 6585 2
5305 6585 1
5134 6586 1
6586 6587 1
5136 6587 1
6466 6588 2
6586 6588 1
7285 6588 1
5442 6589 3
7397 6589 1
6764 6589 1
6591 6590 1
5688 6591 4
6591 6592 1
6590 6592 1
6594 6593 1
7747 6595 1
6593 6595 1
6594 6595 3
7829 6595 1
6593 6596 1
6594 6596 2
6594 6597 3
6596 6597 2
7829 6598 1
6593 6598 1
6597 6598 3
6594 6598 4
6596 6598 2
6594 6599 5
6596 6599 2
6597 6599 3
7829 6599 1
6599 6600 5
6594 6600 5
6596 6600 2
6594 6601 5
6599 6601 5
6594 6602 1
6593 6602 1
6604 6603 1
6026 6603 1
6605 6603 1
6555 6606 1
6555 6607 1
6606 6607 1
6606 6608 1
6555 6608 2
6608 6609 2
6555 6609 3
6555 6610 3
6609 6610 3
6608 6611 2
6555 6611 3
6555 6612 3
6611 6612 3
6555 6613 1
6606 6613 1
5381 6615 1
6617 6616 1
6615 6616 1
5381 6617 1
5772 6618 1
6618 6619 1
5772 6619 1
6715 6620 1
6243 6620 3
6620 6621 3
6635 6621 1
7705 6621 1
6622 6621 5
5349 6622 4
5347 6622 3
5348 6622 4
6243 6622 3
6289 6622 1
6525 6622 2
6635 6623 1
5736 6623 5
7705 6623 1
6620 6623 3
6620 6624 3
5278 6624 4
6626 6625 4
5134 6627 1
5333 6628 1
5256 6629 2
6753 6629 1
5179 6630 2
6629 6630 2
6629 6631 2
5260 6631 2
5301 6632 2
6286 6633 1
6175 6634 1
6633 6634 1
6525 6635 1
7705 6636 1
6622 6636 2
6635 6636 1
6635 6637 1
7705 6637 1
6622 6637 3
6097 6638 4
6507 6639 1
6507 6640 1
6639 6640 1
5668 6641 1
6488 6642 1
7729 6643 1
6642 6643 1
6488 6643 4
7357 6643 1
6488 6644 4
6643 6644 4
6993 6645 1
5927 6646 1
5817 6647 1
6647 6648 1
5817 6648 2
6648 6649 2
5817 6649 2
6647 6649 1
5664 6650 1
5952 6650 4
6651 6650 2
7059 6650 1
6653 6652 1
5254 6653 1
5779 6653 4
5668 6653 1
6033 6654 1
6652 6654 1
5980 6655 1
6657 6656 2
7518 6656 1
6657 6658 2
6656 6658 2
6661 6660 1
6660 6662 1
6661 6662 1
6661 6663 2
6660 6663 1
6663 6664 2
6661 6664 2
6661 6665 1
6660 6665 1
5260 6666 1
6666 6667 1
5712 6667 1
6004 6669 2
7057 6669 1
7091 6671 4
5256 6671 5
6671 6672 5
5179 6672 5
5260 6673 5
6671 6673 5
6675 6674 5
6671 6674 5
5256 6675 5
6130 6676 5
6671 6676 5
6671 6677 5
6130 6677 5
6002 6678 1
6678 6679 1
6481 6679 1
6481 6680 1
6678 6680 1
6481 6681 1
6678 6681 1
6678 6682 1
6481 6682 1
5276 6683 1
6683 6684 1
6685 6684 1
5276 6685 1
5181 6686 1
6683 6686 1
5642 6688 4
6127 6689 1
6015 6690 1
6689 6690 1
6015 6691 1
6689 6691 1
6015 6692 1
6689 6692 1
6015 6693 1
6689 6693 1
6689 6694 1
6127 6694 3
6954 6694 2
6015 6695 1
6689 6695 1
6689 6696 1
6015 6696 1
6954 6697 2
6127 6697 3
6689 6697 1
6689 6698 1
6015 6698 1
6954 6699 2
6689 6699 1
6127 6699 3
6015 6700 1
6689 6700 1
6127 6701 3
6954 6701 2
6689 6701 1
6954 6702 2
6127 6702 3
6689 6702 1
6015 6703 1
6689 6703 1
6015 6704 1
6689 6704 1
6127 6705 3
6954 6705 2
6689 6705 1
6291 6706 1
6293 6707 3
7062 6707 1
6706 6707 1
7547 6707 1
5659 6708 1
5668 6709 2
6708 6709 1
5179 6710 2
6709 6710 2
5679 6711 2
6709 6711 2
5821 6712 3
6713 6712 2
7170 6712 1
5179 6714 1
5453 6714 1
6716 6715 1
6979 6716 3
6980 6716 4
7807 6716 1
6241 6716 2
6981 6716 2
5796 6717 5
6719 6718 4
7838 6720 1
5513 6720 4
6863 6720 1
7830 6720 1
7830 6721 1
5513 6721 4
7838 6721 1
6720 6721 4
6863 6721 1
7902 6722 1
5668 6722 2
5179 6723 2
6722 6723 2
6722 6724 2
5679 6724 2
5153 6725 4
5938 6726 1
6549 6727 2
7439 6727 1
6727 6728 2
6549 6728 2
5848 6729 1
6729 6730 1
7799 6730 1
6576 6730 2
6729 6731 1
5801 6731 1
6240 6732 1
6734 6733 4
7358 6733 1
7313 6733 2
5952 6734 3
5933 6735 4
6885 6735 1
6992 6737 1
6012 6737 2
6023 6738 1
6651 6739 1
7554 6741 1
5606 6741 2
5504 6742 1
6566 6742 1
6564 6742 1
7822 6743 1
6744 6743 2
7822 6745 1
6743 6745 2
6744 6745 2
5606 6746 1
5606 6747 1
6746 6747 1
6746 6748 1
5606 6748 1
6169 6749 1
5310 6750 1
6744 6751 1
6751 6752 1
6744 6752 1
6477 6753 1
5183 6754 1
6753 6754 1
7324 6755 1
6753 6755 1
5183 6755 2
6753 6756 1
5183 6756 1
6753 6757 1
7397 6757 1
5183 6757 2
5183 6758 1
6753 6758 1
5179 6759 2
5866 6761 2
5260 6761 2
6763 6762 3
5659 6764 1
6766 6765 1
7599 6767 1
6913 6767 1
6765 6767 1
6768 6767 3
6186 6768 1
6812 6768 1
6770 6768 4
6766 6768 3
6913 6769 1
6765 6769 1
6768 6769 2
6772 6771 1
6376 6771 4
5366 6774 2
6883 6774 1
7051 6775 1
6774 6775 2
7357 6775 1
5366 6775 4
5128 6776 3
6668 6777 1
6778 6777 1
6497 6779 4
6387 6780 1
6780 6781 1
6387 6781 1
6783 6782 1
5889 6783 1
5481 6783 1
6785 6784 1
5888 6785 1
5481 6785 1
5815 6785 4
7849 6785 1
5320 6787 1
5844 6788 1
6788 6789 1
5844 6789 1
6821 6790 2
5846 6790 3
6788 6790 1
6207 6792 1
5718 6792 1
6207 6793 1
5718 6793 1
5224 6794 1
5688 6795 4
6915 6796 1
5688 6796 4
6651 6796 1
5688 6797 4
6240 6798 1
6816 6799 1
6924 6799 1
6798 6799 1
7220 6799 1
5485 6799 4
5343 6801 1
5343 6802 1
6801 6802 1
5730 6803 1
6805 6804 1
6805 6806 1
6804 6806 1
5134 6807 1
6807 6808 1
5136 6808 1
5130 6809 1
7881 6810 1
7650 6810 1
6809 6810 1
6811 6810 4
6838 6810 1
7048 6811 2
5130 6811 2
5509 6813 1
6717 6814 1
5796 6815 3
7666 6815 1
6814 6815 1
6240 6816 1
5846 6819 1
5846 6820 1
6819 6820 1
6819 6821 1
5846 6821 2
5291 6822 3
5684 6823 1
5786 6824 3
6943 6824 2
5134 6825 1
5136 6826 1
6825 6826 1
5799 6827 1
5801 6828 2
7546 6828 1
6827 6828 1
6830 6829 1
6564 6830 1
6566 6830 1
5504 6830 1
6005 6831 1
6829 6831 1
5179 6832 1
6834 6833 3
6836 6835 1
6842 6836 3
5130 6838 1
6838 6839 1
6060 6839 1
5647 6840 2
7141 6840 1
5647 6841 3
7142 6841 2
6840 6841 2
5897 6843 1
5539 6844 3
6843 6844 1
7888 6844 1
6846 6845 1
7911 6847 1
6846 6847 5
6845 6847 1
6947 6847 3
6846 6848 5
6847 6848 5
6847 6849 5
6846 6849 5
6762 6851 1
6851 6852 1
6762 6852 1
6762 6853 1
6851 6853 1
5128 6854 3
5642 6855 2
7621 6855 1
5134 6856 1
5128 6857 3
5431 6858 1
5136 6859 2
6858 6859 1
7484 6859 1
5173 6860 2
7331 6860 1
6860 6861 2
5173 6861 3
5513 6863 1
5134 6864 1
5136 6865 1
6864 6865 1
5765 6866 1
6864 6866 1
5134 6867 3
6467 6868 2
6867 6868 2
7043 6869 1
6867 6869 2
6467 6869 3
5727 6870 1
6871 6870 4
6468 6870 1
6383 6872 4
5403 6874 2
6329 6874 1
5502 6874 1
5938 6875 1
6668 6876 1
6877 6876 1
5628 6878 1
7229 6879 3
5260 6879 5
7427 6879 2
5970 6881 1
6881 6882 1
5970 6882 1
5366 6883 1
6549 6886 1
6549 6887 2
6886 6887 1
6549 6888 2
6887 6888 2
6887 6889 2
6549 6889 2
5126 6891 4
6357 6891 4
5126 6892 4
6107 6893 1
5366 6894 1
5366 6895 1
6894 6895 1
5895 6896 1
6896 6897 1
5895 6897 1
6206 6898 1
6898 6899 1
5456 6899 2
5456 6900 4
6899 6900 2
7784 6900 2
6904 6903 1
6903 6905 1
6906 6905 1
6090 6905 3
6904 6906 1
6908 6907 2
7485 6907 1
6907 6909 2
6908 6909 2
5799 6910 1
7292 6911 1
5801 6911 2
6910 6911 1
6626 6912 4
6766 6913 1
6092 6914 1
5304 6916 1
6916 6917 1
6916 6918 1
6921 6920 1
5153 6921 4
6921 6922 1
6920 6922 1
5322 6923 1
5963 6924 1
5485 6925 3
7177 6925 1
6924 6925 1
6972 6925 1
7219 6927 1
6846 6928 1
6928 6929 1
6846 6929 1
5970 6930 1
6930 6931 1
5970 6931 1
6404 6932 1
6404 6933 1
6932 6933 1
6404 6934 2
6932 6934 1
6934 6935 2
7360 6935 1
6932 6935 1
6404 6935 3
6937 6936 6
7889 6936 1
7717 6936 4
7842 6937 1
7844 6937 1
5297 6937 1
6448 6937 4
7843 6937 1
6939 6938 6
6936 6938 6
6937 6939 6
5786 6940 1
6940 6941 1
5786 6941 2
6940 6942 1
5786 6942 1
5786 6943 2
6940 6943 1
7613 6944 1
6940 6944 1
5159 6944 2
5625 6945 1
6846 6946 1
6946 6947 1
7911 6947 1
6846 6947 3
7911 6948 1
6947 6948 3
6946 6948 1
6846 6948 3
5668 6949 1
6127 6950 3
7603 6950 1
6949 6950 1
7421 6950 1
6653 6951 1
6949 6951 1
6949 6952 1
7392 6952 1
6127 6952 4
7772 6952 1
7603 6952 1
6653 6953 1
6949 6953 1
6949 6954 1
6127 6954 2
6954 6955 2
5552 6955 2
5552 6956 2
6954 6956 2
6954 6957 2
5552 6957 2
5552 6958 2
6954 6958 2
5552 6959 2
6954 6959 2
6954 6960 2
5552 6960 2
6954 6961 2
5552 6961 2
6954 6962 2
5552 6962 2
6954 6963 2
5552 6963 2
6949 6964 1
6641 6964 2
6964 6965 2
6641 6965 2
6949 6966 1
6127 6966 1
6127 6967 1
6949 6967 1
6949 6968 1
6033 6968 1
6949 6969 1
6127 6969 1
5642 6970 3
6949 6970 1
6688 6971 3
6970 6971 3
6240 6972 1
6974 6973 2
7162 6973 1
7768 6975 1
5423 6975 2
5373 6976 1
6978 6977 2
6982 6977 1
6716 6977 1
7787 6977 1
6206 6983 2
7004 6983 1
6983 6984 2
5387 6984 2
5134 6985 1
6783 6986 1
6986 6987 1
7127 6987 1
6516 6987 2
5821 6988 3
6986 6988 1
7127 6988 1
5821 6989 3
6988 6989 3
6988 6990 3
6712 6990 3
6012 6992 1
7903 6994 1
5603 6994 2
5603 6995 2
6994 6995 2
5603 6996 2
6994 6996 2
6998 6997 1
6998 6999 1
6997 6999 1
7772 7000 1
6179 7000 2
6805 7001 1
7001 7002 1
7003 7002 2
6805 7002 2
7001 7003 1
6805 7003 2
6169 7004 1
7006 7005 1
6668 7005 1
7008 7007 3
7007 7007 1
7007 7009 3
7008 7009 5
7319 7009 1
7009 7010 5
7008 7010 5
5619 7011 1
5614 7012 1
7012 7013 1
5614 7013 1
5614 7014 2
7012 7014 1
5833 7015 1
5591 7016 1
6797 7017 1
6797 7018 1
7017 7018 1
5302 7019 1
6092 7020 1
5690 7021 2
5472 7022 1
5472 7023 2
7022 7023 1
7023 7024 2
5472 7024 3
7388 7024 1
5472 7025 2
7023 7025 2
6507 7026 1
6507 7027 4
7086 7027 1
7026 7027 1
7503 7027 1
7203 7027 1
6507 7028 2
7026 7028 1
6507 7029 3
7907 7029 1
7026 7029 1
7086 7029 1
5291 7030 3
6373 7032 1
7032 7033 1
6373 7033 1
7366 7035 1
5939 7035 1
5173 7036 2
5179 7037 3
7036 7037 2
5234 7037 1
5187 7038 3
7304 7038 1
7036 7038 2
5431 7039 1
7052 7040 1
7041 7040 2
7041 7042 2
7040 7042 2
5134 7043 1
7912 7044 1
5136 7044 2
7043 7044 1
5799 7045 1
5656 7046 1
5936 7048 4
7170 7049 1
5291 7049 3
7050 7049 2
5366 7051 1
7041 7052 1
7041 7053 1
7052 7053 1
6035 7055 3
6214 7056 1
6742 7057 1
7059 7058 1
6651 7059 1
6650 7059 1
5952 7059 1
5664 7059 1
7059 7060 1
7058 7060 1
6650 7061 2
7058 7061 1
7358 7061 1
6291 7062 1
5261 7063 1
5531 7064 1
5531 7065 1
7064 7065 1
5780 7066 1
7682 7067 1
7516 7067 1
5388 7067 4
7826 7067 1
7066 7067 1
6830 7068 1
6005 7069 1
7068 7069 1
6432 7070 1
7070 7071 1
6432 7071 1
5313 7072 1
5799 7073 1
5799 7074 4
7546 7074 1
7213 7074 1
7073 7074 1
5451 7075 1
5384 7076 2
7818 7076 1
5384 7077 2
7076 7077 2
7135 7078 1
5591 7078 2
5513 7080 1
5513 7081 1
7080 7081 1
7083 7082 1
7082 7084 1
7083 7084 1
7083 7085 1
7082 7085 1
6507 7086 1
5423 7087 1
7087 7088 1
5423 7088 1
5423 7089 3
7809 7089 1
7087 7089 1
7087 7090 1
5423 7090 3
7806 7090 1
7425 7091 1
5260 7091 4
7229 7091 3
7091 7092 4
5260 7092 4
7098 7096 1
7097 7096 1
7478 7099 1
7100 7099 2
6584 7101 2
7847 7101 1
6584 7102 2
7101 7102 2
5702 7103 1
7103 7104 1
7105 7104 2
7697 7104 1
5702 7105 2
7105 7106 1
7103 7106 1
5799 7107 1
7107 7108 1
5801 7108 3
7700 7108 1
7565 7108 1
5801 7109 1
7107 7109 1
7111 7110 1
7110 7112 1
5280 7112 3
7310 7112 1
7863 7112 1
6449 7113 1
5179 7113 1
5606 7114 1
5619 7115 1
5320 7116 1
5533 7117 1
5179 7118 2
7779 7118 1
7117 7118 1
7117 7119 1
6108 7119 1
5333 7120 1
5778 7121 1
5457 7122 1
7121 7122 1
7673 7123 2
5653 7124 1
6317 7125 1
7657 7126 1
5719 7126 7
7709 7126 1
7646 7126 1
7125 7126 1
7323 7126 1
7598 7126 1
7713 7126 1
5887 7127 1
7254 7129 1
7128 7129 3
6092 7130 1
5611 7132 1
5611 7133 1
7132 7133 1
5690 7134 2
5591 7135 1
5290 7136 1
5447 7136 1
6268 7137 2
5447 7137 1
7137 7138 2
6271 7138 2
7137 7139 2
5934 7139 2
7669 7140 1
5647 7141 1
7141 7142 1
5647 7142 2
7141 7143 1
5647 7143 2
7143 7144 2
5647 7144 2
7143 7145 2
5647 7145 2
5664 7147 1
7147 7148 1
7059 7148 1
7059 7149 1
7147 7149 1
7059 7150 1
7147 7150 1
7059 7151 1
7147 7151 1
7147 7152 1
7059 7152 2
7658 7152 1
7358 7153 1
6650 7153 2
7147 7153 1
6381 7154 2
7173 7154 1
5408 7155 1
5179 7156 1
7155 7156 1
5410 7157 1
7155 7157 1
6763 7158 3
5256 7159 1
5179 7160 1
7159 7160 1
7159 7161 1
5260 7161 1
5159 7163 1
5159 7164 1
7163 7164 1
7030 7166 2
7341 7166 1
7341 7167 1
7030 7167 2
7166 7167 2
5291 7168 3
5291 7169 3
7170 7169 1
7382 7169 2
5659 7173 1
5412 7174 1
5327 7174 1
5327 7175 1
5412 7175 1
5667 7176 1
5179 7176 1
6240 7177 1
6383 7178 4
5465 7179 1
5294 7180 1
6130 7181 2
7425 7181 1
7180 7181 1
6130 7182 1
7180 7182 1
6127 7183 1
7180 7183 1
6127 7184 1
7180 7184 1
7180 7185 1
6127 7185 1
5369 7186 1
5371 7187 1
7186 7187 1
5592 7188 1
7522 7189 1
5592 7189 2
7188 7189 1
7188 7190 1
5592 7190 1
5592 7191 1
7188 7191 1
5592 7192 1
7188 7192 1
5592 7193 1
7188 7193 1
5592 7194 1
7188 7194 1
7188 7195 1
5592 7195 1
5592 7196 1
7188 7196 1
5546 7197 1
5546 7198 1
7197 7198 1
5121 7199 1
6242 7200 1
5134 7201 1
7201 7202 1
5136 7202 2
7667 7202 1
6507 7203 1
7203 7204 1
6507 7204 2
7503 7204 1
5128 7205 3
7207 7206 1
6216 7208 1
7206 7208 1
5656 7209 1
5799 7211 1
5801 7212 2
7808 7212 1
7211 7212 1
5799 7213 1
5134 7214 1
7850 7215 1
7788 7215 1
5136 7215 3
7214 7215 1
6018 7216 3
7850 7216 1
7214 7216 1
7788 7216 1
6880 7217 1
7243 7218 1
7217 7218 1
5855 7218 2
6240 7220 1
5179 7221 1
5539 7223 1
5260 7224 1
5497 7225 1
5325 7226 1
5325 7227 2
7226 7227 1
7249 7227 1
6477 7228 1
5256 7229 3
7228 7229 1
7425 7229 1
7425 7230 1
7229 7230 3
6130 7230 3
7229 7231 3
7425 7231 1
6130 7231 4
7231 7232 4
5712 7232 4
5712 7233 4
7231 7233 4
5712 7234 4
7231 7234 4
5712 7235 4
7231 7235 4
5712 7236 4
7231 7236 4
7231 7237 4
5712 7237 4
5712 7238 3
7229 7238 3
7425 7239 1
7229 7239 3
6130 7239 3
7229 7240 3
7425 7240 1
5260 7240 3
5179 7241 1
6880 7243 1
5431 7244 1
5607 7245 1
7245 7246 1
5607 7246 1
5607 7247 1
7245 7247 1
5938 7248 1
5325 7249 1
6092 7250 1
5903 7251 3
7408 7251 1
7250 7251 1
7873 7251 1
6135 7252 1
6135 7253 1
7252 7253 1
5299 7256 1
5642 7257 1
7257 7258 1
5179 7258 1
6517 7259 1
7257 7259 1
7257 7260 1
5179 7260 1
6517 7261 1
7257 7261 1
5179 7262 1
7257 7262 1
6688 7263 1
7257 7263 1
5179 7264 1
7257 7264 1
6688 7265 1
7257 7265 1
5179 7266 1
7257 7266 1
6688 7267 1
7257 7267 1
7257 7268 1
5179 7268 1
7257 7269 1
6688 7269 1
5179 7270 1
7257 7270 1
7257 7271 1
6688 7271 1
6688 7272 1
7257 7272 1
7257 7273 1
5470 7273 1
5179 7274 1
7257 7274 1
6688 7275 1
7257 7275 1
7257 7276 1
5179 7276 1
7257 7277 1
6688 7277 1
7257 7278 1
5179 7278 1
6688 7279 1
7257 7279 1
7407 7280 1
6795 7281 1
6795 7282 1
7281 7282 1
6245 7283 1
6134 7284 1
7283 7284 1
5134 7285 1
5136 7286 1
7285 7286 1
5369 7287 1
5371 7288 1
7287 7288 1
7424 7289 1
6122 7289 2
7289 7290 2
7291 7290 2
6122 7291 2
5799 7292 1
5801 7293 1
7292 7293 1
5128 7294 3
5128 7295 3
6572 7296 1
6572 7297 1
7296 7297 1
6584 7298 1
6169 7299 1
7219 7300 1
6927 7301 2
7300 7301 1
7301 7302 2
5183 7302 3
6313 7303 2
7301 7303 2
5185 7304 1
5933 7308 1
7309 7308 1
7111 7310 1
6087 7311 1
7310 7311 1
5952 7312 1
5952 7313 2
7312 7313 1
7313 7314 2
7358 7314 1
6650 7314 3
7313 7315 2
6650 7315 3
7358 7315 1
7312 7316 1
6650 7316 2
7658 7316 1
5955 7317 2
7312 7317 1
5656 7318 1
7008 7319 1
5690 7320 1
5968 7323 1
6122 7324 1
6915 7326 1
5799 7327 1
7327 7328 1
5801 7328 1
6725 7329 1
6725 7330 1
7329 7330 1
6122 7331 1
5608 7332 1
7332 7333 1
5608 7333 2
7580 7333 1
5608 7334 1
7332 7334 1
7332 7335 1
5608 7335 1
7332 7336 1
5608 7336 1
6659 7337 1
5600 7338 1
7338 7339 1
5600 7339 1
7338 7340 1
5600 7340 1
7030 7341 1
7341 7342 1
7030 7342 1
6107 7343 1
6060 7344 1
6060 7345 1
7344 7345 1
6594 7346 1
7346 7347 1
6594 7347 1
6240 7348 1
7350 7351 4
7671 7351 1
5325 7352 1
5789 7353 1
5772 7355 1
6867 7356 1
5136 7356 1
5366 7357 1
5952 7358 1
7358 7359 1
6650 7359 1
6404 7360 1
7360 7361 1
6404 7361 1
6107 7362 1
5369 7364 1
6383 7364 4
5737 7365 1
7366 7365 1
7370 7369 2
7793 7369 1
7370 7371 2
7369 7371 2
7554 7372 1
5607 7372 2
7372 7373 2
7374 7373 2
5607 7374 2
5597 7375 1
7580 7376 1
7375 7376 1
5592 7376 2
5597 7377 2
7375 7377 1
7580 7377 1
7897 7380 1
7381 7380 2
5598 7383 1
5598 7384 1
7383 7384 1
7383 7385 1
5598 7385 1
6668 7386 1
5472 7388 1
5472 7389 1
7388 7389 1
7388 7390 1
5472 7390 1
5472 7391 1
7388 7391 1
5256 7392 1
5609 7393 1
5609 7394 2
7526 7394 1
7393 7394 1
7100 7395 2
7478 7395 1
5772 7396 1
7047 7397 1
5183 7398 1
7397 7398 1
7397 7399 1
5183 7399 1
5183 7400 1
7397 7400 1
5183 7401 1
7397 7401 1
7403 7402 3
7397 7402 1
7467 7402 1
7603 7402 1
5668 7403 1
7047 7403 1
5294 7403 1
6572 7404 1
7404 7405 1
6572 7405 1
6572 7406 1
7404 7406 1
6092 7408 1
5624 7409 1
5612 7410 1
5613 7411 1
7410 7411 1
7410 7412 1
5612 7412 1
6091 7413 1
5203 7413 1
5204 7414 1
5203 7414 1
6091 7415 1
5203 7415 1
5952 7416 1
7416 7417 1
5952 7417 2
7698 7418 1
6023 7418 3
7729 7418 1
6023 7419 3
7729 7419 1
7418 7419 3
6023 7420 3
7418 7420 3
6245 7421 1
6563 7422 1
7421 7422 1
6189 7423 1
6122 7424 1
5256 7425 1
7425 7426 1
5712 7426 1
5260 7427 2
7425 7427 1
7325 7428 1
7430 7429 2
7428 7429 1
7431 7429 2
7325 7430 2
7325 7431 2
7428 7431 1
7430 7432 3
7431 7432 2
7432 7433 3
7430 7433 3
6657 7434 1
7518 7435 1
6657 7435 2
7434 7435 1
7434 7436 1
6657 7436 1
7095 7437 1
6041 7438 2
7872 7438 1
7437 7438 1
6549 7439 1
7439 7440 1
6549 7440 1
6549 7441 1
7439 7441 1
6291 7442 1
6293 7443 1
7442 7443 1
5270 7444 1
7810 7447 1
6139 7448 1
5191 7449 1
5664 7450 1
7449 7450 1
5485 7451 1
5431 7453 1
5590 7454 2
5590 7455 2
5590 7456 2
5590 7457 2
5590 7458 2
5590 7459 2
5590 7460 2
5590 7461 2
5590 7462 2
5381 7463 2
5343 7465 1
7817 7466 1
7815 7466 1
7816 7466 1
5294 7467 1
7467 7468 1
6268 7468 2
7468 7469 2
6271 7469 2
5608 7471 1
7471 7472 1
5608 7472 1
7471 7473 1
5608 7473 1
6026 7474 1
7474 7475 1
6603 7475 1
6026 7476 2
7474 7476 1
7901 7476 1
7474 7477 1
6026 7477 1
7482 7481 1
7482 7483 1
7481 7483 1
5134 7484 1
6908 7485 1
7485 7486 1
6908 7486 2
7486 7487 2
6908 7487 2
7486 7488 2
6908 7488 2
6908 7489 2
7486 7489 2
7486 7490 2
6908 7490 3
7486 7491 2
7490 7491 3
6908 7491 3
7485 7492 1
6908 7492 1
6908 7493 1
7485 7493 1
5170 7494 1
5602 7495 1
5322 7496 1
5938 7497 1
5799 7498 1
6174 7499 1
5373 7500 2
7722 7500 1
7500 7501 2
5179 7501 2
7500 7502 2
5378 7502 2
6507 7503 1
7049 7504 1
7504 7505 1
7049 7505 1
5599 7506 1
7506 7507 1
7554 7507 1
5599 7507 2
5175 7508 1
7508 7509 1
6057 7509 1
6057 7510 1
7508 7510 1
7508 7511 1
5185 7511 1
7508 7512 1
5869 7512 1
5647 7513 1
5647 7514 1
7513 7514 1
6653 7516 1
6169 7517 1
6657 7518 1
6477 7519 1
6544 7520 1
7519 7520 1
5592 7522 1
7522 7523 1
5592 7523 1
7525 7524 2
5609 7526 1
7528 7527 1
5260 7529 1
6892 7531 1
5373 7532 1
7532 7533 1
5179 7533 1
6139 7534 1
7448 7535 1
7534 7535 1
7534 7536 1
7448 7536 1
7448 7537 1
7534 7537 1
7534 7538 1
7448 7538 1
7540 7539 1
5664 7541 1
7539 7541 1
7539 7542 1
5664 7542 1
7539 7543 1
5220 7543 2
7618 7543 1
5373 7544 1
5179 7545 1
7544 7545 1
5799 7546 1
6291 7547 1
6293 7548 1
7547 7548 1
7547 7549 1
6293 7549 1
5393 7550 1
6796 7551 1
6796 7552 1
7551 7552 1
5607 7554 1
5869 7555 1
6225 7556 1
7555 7556 1
6225 7557 1
7555 7557 1
6225 7558 1
7555 7558 1
6225 7559 1
7555 7559 1
7555 7560 1
6225 7560 1
6225 7561 1
7555 7561 1
7597 7563 1
6545 7564 1
5799 7565 1
7567 7566 3
7569 7568 1
7569 7570 1
7568 7570 1
5134 7571 1
7571 7572 1
5132 7572 1
7571 7573 1
5132 7573 1
7571 7574 1
5132 7574 1
5132 7575 1
7571 7575 1
7571 7576 1
5132 7576 1
6023 7577 1
7577 7578 1
7698 7578 1
6023 7578 3
7729 7578 1
6023 7579 1
7577 7579 1
5608 7580 1
7580 7581 1
5608 7581 1
7580 7582 1
5598 7582 1
5608 7583 1
7580 7583 1
5608 7584 1
7580 7584 1
5608 7585 1
7580 7585 1
5504 7586 1
5504 7587 1
7586 7587 1
6742 7588 1
7588 7589 1
6004 7589 1
5151 7591 1
5465 7592 1
7594 7593 1
7594 7595 1
7593 7595 1
7594 7596 1
7593 7596 1
5963 7598 1
6766 7599 1
5619 7600 1
5619 7601 1
7600 7601 1
5668 7603 1
6563 7604 1
7603 7604 1
7606 7605 1
5121 7607 1
6023 7609 1
6023 7610 1
7609 7610 1
5134 7612 1
5935 7613 1
5294 7614 1
6051 7615 1
7615 7616 1
6051 7616 1
6128 7618 1
7618 7619 1
5220 7619 1
5220 7620 1
7618 7620 1
5125 7621 1
5393 7622 1
6051 7624 1
6051 7625 1
7624 7625 1
5628 7626 1
5371 7629 1
5138 7631 1
7631 7632 1
5138 7632 1
5256 7633 1
5179 7634 1
7633 7634 1
5185 7636 1
5221 7636 1
5337 7637 1
7640 7639 3
7008 7641 1
7641 7642 1
7008 7642 1
7008 7643 1
7641 7643 1
7641 7644 1
7008 7644 1
7641 7645 1
7008 7645 1
5346 7646 1
5608 7647 1
7590 7648 1
5541 7649 1
7648 7649 1
7048 7650 1
7650 7651 1
6811 7651 2
7881 7651 1
7650 7652 1
6811 7652 2
7881 7652 1
7650 7653 1
7881 7653 1
6811 7653 2
6811 7654 2
7881 7654 1
7650 7654 1
6811 7655 2
7881 7655 1
7650 7655 1
7650 7656 1
6811 7656 2
7881 7656 1
6622 7657 1
5952 7658 1
7845 7659 1
7660 7659 2
5431 7661 1
5270 7662 1
7662 7663 1
5270 7663 1
6716 7664 1
7664 7665 1
6716 7665 1
5796 7666 1
5431 7667 1
5410 7668 1
6497 7670 4
7869 7672 1
7673 7672 2
7672 7674 2
5715 7674 2
7672 7675 2
5715 7675 2
7672 7676 2
5715 7676 2
7672 7677 2
5715 7677 2
7673 7678 2
7672 7678 2
7672 7679 2
7123 7679 2
5727 7680 1
5727 7681 1
7680 7681 1
5778 7682 1
5261 7684 1
5308 7685 2
7835 7685 1
7685 7686 2
6012 7686 2
6012 7687 2
7685 7687 2
5384 7688 1
5384 7689 2
7688 7689 1
7818 7689 1
5224 7690 1
7690 7691 1
6794 7691 1
7690 7692 1
6794 7692 1
7690 7693 1
6794 7693 1
6794 7694 1
7690 7694 1
7690 7695 1
6794 7695 1
5624 7696 1
5702 7697 1
6023 7698 1
7729 7699 1
6023 7699 2
7698 7699 1
5799 7700 1
6870 7701 1
6468 7702 1
7701 7702 1
7899 7703 1
7701 7703 1
6146 7703 2
7899 7704 1
6146 7704 2
7701 7704 1
6525 7705 1
5451 7706 1
5535 7707 1
7707 7708 1
5535 7708 1
6174 7709 1
5351 7710 1
6092 7711 1
5690 7712 1
6189 7713 1
7713 7714 1
7423 7714 1
7630 7715 1
5298 7716 5
7715 7716 1
7855 7716 1
7889 7716 1
7717 7716 4
6448 7717 4
7715 7717 1
7855 7717 1
7904 7717 1
7717 7718 4
6937 7718 4
5290 7719 1
7719 7720 1
5290 7720 1
5315 7722 1
6580 7723 1
5134 7724 2
5136 7725 2
7724 7725 2
6454 7726 2
7724 7726 2
5384 7727 2
7818 7727 1
5384 7728 2
7727 7728 2
6023 7729 1
6048 7730 1
5400 7731 1
5400 7732 2
7731 7732 1
7732 7733 2
5400 7733 2
7731 7734 1
5400 7734 1
7731 7735 1
5400 7735 1
5400 7736 1
7731 7736 1
7731 7737 1
5400 7737 1
7731 7738 1
5400 7738 1
5400 7739 1
7731 7739 1
7731 7740 1
5400 7740 1
7731 7741 1
5400 7741 1
7731 7742 1
5400 7742 1
7731 7743 1
5400 7743 1
7731 7744 1
5400 7744 1
5475 7746 1
6594 7747 1
6130 7748 1
7748 7749 1
5260 7749 1
5260 7750 1
7748 7750 1
7748 7751 1
5260 7751 1
5260 7752 1
7748 7752 1
5224 7753 1
7748 7753 1
5431 7754 1
6404 7755 1
5780 7756 1
5815 7757 1
7756 7757 1
6122 7759 1
7041 7760 2
7775 7760 1
7760 7761 2
7041 7761 3
7761 7762 3
7041 7762 3
5690 7765 1
6089 7766 1
6089 7767 1
7766 7767 1
5423 7768 1
6580 7769 1
7769 7770 1
6580 7770 1
6214 7771 1
6245 7772 1
5772 7773 1
5134 7774 1
7041 7775 1
7041 7776 1
7775 7776 1
6102 7777 1
6169 7778 1
5533 7779 1
7779 7780 1
6108 7780 1
6659 7781 1
5539 7782 2
7781 7782 1
6206 7784 2
7786 7784 2
5456 7785 2
7784 7785 2
7784 7786 2
6206 7786 2
5431 7788 1
5935 7789 1
5310 7790 1
7792 7791 1
7370 7793 1
7370 7794 1
7793 7794 1
7370 7795 1
7793 7795 1
5848 7796 1
5256 7797 1
5619 7798 1
5656 7799 1
7801 7800 1
7801 7802 1
7800 7802 1
5179 7803 1
6477 7804 1
6785 7805 1
5423 7806 1
5799 7808 1
5423 7809 1
5591 7811 1
5457 7812 1
6620 7813 1
5858 7813 1
5384 7818 1
5384 7819 1
7818 7819 1
5322 7821 1
6744 7822 1
6744 7823 1
7822 7823 1
6744 7824 1
7822 7824 1
7822 7825 1
6744 7825 1
5952 7826 1
5134 7827 1
6012 7828 1
6594 7829 1
5513 7830 1
5938 7831 1
6092 7832 1
5425 7833 1
5451 7834 1
5316 7835 1
7835 7836 1
6584 7836 1
5320 7837 1
5513 7838 1
5679 7841 1
6002 7846 1
6584 7847 1
5351 7848 1
5431 7850 1
5690 7851 2
5778 7852 2
7851 7852 2
7851 7853 2
5457 7853 2
6580 7854 1
7630 7855 1
5616 7856 1
7856 7857 1
7858 7857 1
5616 7858 1
5431 7859 1
5817 7860 1
6051 7861 2
7884 7861 1
6051 7862 2
7861 7862 2
7111 7863 1
6404 7864 1
7864 7865 1
6404 7865 1
5400 7866 1
5602 7867 1
5179 7868 1
7673 7869 1
5739 7870 1
7870 7871 1
5739 7871 1
7095 7872 1
5903 7873 1
7873 7874 1
5903 7874 1
7873 7875 1
5903 7875 1
5903 7876 1
7873 7876 1
7873 7877 1
5903 7877 1
5903 7878 1
7873 7878 1
6092 7879 1
7879 7880 1
5903 7880 1
7048 7881 1
6811 7882 1
7881 7882 1
6811 7883 1
7881 7883 1
6051 7884 1
6051 7885 1
7884 7885 1
5476 7886 1
5294 7887 1
5897 7888 1
5297 7889 1
6937 7890 1
7889 7890 1
5278 7891 1
5887 7892 1
5738 7893 1
7893 7894 1
5737 7894 1
5431 7895 1
5727 7896 1
6216 7898 1
6146 7899 1
6146 7900 1
7899 7900 1
6818 7901 1
5659 7902 1
5603 7903 1
7630 7904 1
6551 7905 1
7905 7906 1
6551 7906 1
5343 7907 1
6872 7909 1
5333 7910 1
6846 7911 1
5431 7912 1
