1649 1284 1
1285 1284 2
1633 1285 1
1645 1285 1
1641 1285 3
1642 1285 2
1638 1285 4
1359 1286 4
1284 1286 2
1634 1286 1
1646 1359 2
1285 1359 3
1633 1359 1
1632 1359 3
1626 1360 5
1286 1360 4
1359 1626 5
1631 1627 4
1626 1627 7
1360 1627 5
1635 1628 2
1631 1628 4
1360 1628 5
1626 1628 8
1631 1629 4
1360 1629 5
1626 1629 7
1359 1630 3
1284 1630 2
1630 1631 3
1626 1631 4
1359 1634 1
1634 1635 1
1626 1635 2
1635 1636 2
1626 1636 2
1634 1637 1
1638 1637 1
1359 1638 1
1638 1639 1
1634 1639 1
1638 1640 1
1634 1640 1
1644 1643 3
1285 1647 1
1647 1648 1
1359 1648 1
1285 1649 1
