10158 6587 1
6641 6587 1
9527 6587 1
6638 6587 1
6639 6587 1
6588 6587 6
9528 6588 3
6594 6588 4
6592 6588 2
9539 6588 3
9543 6588 2
9492 6588 1
9537 6588 2
9504 6588 3
9508 6588 1
6602 6589 1
6649 6589 1
10140 6589 1
6617 6589 1
6614 6589 1
6588 6589 23
10132 6589 1
9536 6589 1
6587 6589 6
6590 6589 15
9538 6589 1
6613 6589 1
9534 6589 1
6644 6589 1
6641 6589 1
6617 6590 1
6662 6590 1
6641 6590 1
6600 6590 1
6587 6590 6
6588 6590 15
6603 6590 1
9510 6590 1
6644 6590 1
10140 6590 1
6643 6590 1
6592 6591 6
9543 6591 1
6594 6593 1
6588 6595 2
6593 6595 1
6641 6595 1
6597 6596 5
6602 6596 1
9521 6596 1
6593 6596 1
6600 6596 1
10134 6596 1
9525 6597 1
10127 6597 1
6594 6597 4
9543 6597 1
6593 6598 1
6599 6598 1
9528 6599 1
6594 6599 4
9539 6599 1
9494 6599 4
10157 6599 1
9504 6599 1
6594 6600 1
9521 6601 1
6600 6601 1
10160 6601 2
6602 6601 1
6599 6601 5
6594 6602 1
9492 6603 1
9494 6604 2
6603 6604 1
9496 6605 2
6604 6605 2
9524 6608 1
6607 6608 3
10157 6609 1
6611 6610 1
6609 6610 1
10157 6611 1
6609 6612 1
6611 6612 1
9537 6613 1
6594 6614 1
9543 6617 1
6617 6618 1
6658 6618 1
6619 6618 2
9543 6619 1
10127 6619 1
6617 6620 1
9545 6620 1
9545 6621 1
6617 6621 1
6643 6622 1
9545 6622 2
6617 6622 1
9545 6623 2
6617 6623 1
6643 6623 1
9545 6624 1
6617 6624 1
6626 6625 1
6617 6625 1
9543 6626 1
6592 6627 1
9548 6628 1
6628 6629 1
9500 6629 1
9500 6630 1
6628 6630 1
6628 6631 1
6632 6631 1
9548 6632 1
6632 6633 1
6628 6633 1
6628 6634 1
6632 6634 1
6628 6635 1
6632 6635 1
9513 6636 1
9504 6638 1
9539 6639 1
6588 6641 1
9528 6642 1
9543 6643 1
9528 6644 1
6646 6645 1
9539 6649 1
6649 6650 1
9519 6650 1
9492 6651 1
6592 6652 1
6652 6653 1
6591 6653 1
6591 6654 2
6652 6654 1
6663 6654 1
6591 6655 1
6652 6655 1
6591 6656 1
6652 6656 1
6591 6657 1
6652 6657 1
10127 6658 1
6658 6659 1
10129 6659 1
10129 6660 1
6658 6660 1
6592 6662 1
6592 6663 1
9551 6664 1
9551 6665 1
6602 9491 1
6599 9491 1
9494 9493 2
6651 9493 1
9492 9494 3
9496 9495 2
9493 9495 2
9494 9496 6
9498 9497 1
10150 9498 4
9500 9499 3
10140 9499 1
9497 9499 1
6644 9499 1
9548 9500 3
9498 9500 1
9528 9500 5
10140 9501 1
6644 9501 1
6628 9501 1
9500 9501 4
9497 9501 1
9497 9502 1
9500 9502 6
9547 9502 3
10140 9502 1
6644 9502 1
9504 9503 1
9534 9505 1
9503 9505 1
9506 9505 3
10132 9505 1
9504 9506 3
10149 9507 2
9508 9507 9
10158 9507 1
9531 9507 6
9528 9508 1
10137 9508 1
9504 9508 1
9539 9508 1
9507 9509 9
9508 9509 9
6592 9510 1
6643 9511 1
6662 9511 1
9510 9511 1
6591 9511 3
9510 9512 1
6636 9512 1
6662 9512 1
6643 9512 1
6617 9512 1
9513 9512 6
9528 9513 2
6592 9513 2
9525 9513 1
9543 9513 2
10141 9514 3
9512 9514 6
9513 9514 11
10135 9514 3
6662 9515 1
6591 9515 3
6643 9515 1
9510 9515 1
9510 9516 1
6662 9516 1
6591 9516 2
9510 9517 1
6663 9517 1
6643 9517 1
6627 9517 1
6591 9517 7
6662 9517 1
9522 9517 1
6652 9517 1
10145 9518 1
6638 9518 1
6662 9518 1
10151 9518 1
6649 9518 1
9522 9518 1
9510 9518 1
9519 9518 8
9538 9518 1
9539 9519 3
6592 9519 4
9504 9519 1
9510 9520 1
6662 9520 1
6591 9520 2
6594 9521 1
6592 9522 1
6652 9523 1
6591 9523 2
9522 9523 1
9526 9525 3
9528 9527 1
6599 9529 4
6638 9529 1
9527 9529 1
6639 9529 1
6609 9529 1
9527 9530 1
6638 9530 1
6639 9530 1
10158 9530 1
9508 9530 5
9508 9531 6
9530 9531 5
6638 9532 1
6599 9532 3
6639 9532 1
9527 9532 1
9504 9534 1
10132 9535 1
9506 9535 2
9534 9535 1
9537 9536 1
9539 9538 1
6649 9540 1
9519 9540 2
9538 9540 1
6649 9541 1
9519 9541 2
9538 9541 1
9543 9542 1
9545 9544 1
9542 9544 1
9543 9545 3
9528 9546 1
9546 9547 1
9548 9547 3
6628 9547 1
9528 9548 1
9547 9549 3
6644 9549 1
10140 9549 1
9500 9549 5
9547 9550 3
9551 9550 4
9548 9551 3
9551 9552 5
6664 9552 1
9550 9552 4
9500 9553 5
9547 9553 3
6644 9553 1
10140 9553 1
10140 9554 1
6644 9554 1
10163 9554 1
6642 9554 1
9500 9554 5
9546 9554 1
10127 10126 1
10129 10128 1
10126 10128 1
10127 10129 2
6597 10130 2
6617 10130 1
10126 10130 1
10129 10131 1
10126 10131 1
9504 10132 1
9506 10133 1
10132 10133 1
9525 10134 1
10134 10135 1
9513 10135 3
6636 10135 1
10134 10136 1
6597 10136 1
10138 10137 3
9528 10140 1
10140 10141 1
9513 10141 3
6644 10141 1
6644 10142 1
10143 10142 2
10140 10142 1
9528 10143 2
6592 10145 1
10137 10148 1
9508 10149 2
10148 10149 1
9539 10151 1
10153 10152 3
9551 10155 1
6665 10156 1
10155 10156 1
9551 10156 2
10138 10157 3
9508 10158 1
9492 10159 1
9494 10160 2
10159 10160 1
10160 10161 2
9496 10161 2
10160 10162 2
6604 10162 2
6599 10162 4
9528 10163 1
