1580 1579 1
1582 1580 1
1596 1580 3
1582 1581 4
1579 1581 1
1606 1581 1
1608 1581 1
1580 1582 3
1597 1582 6
1601 1582 2
1591 1582 2
1599 1582 4
1598 1582 4
1609 1583 1
1611 1583 1
1582 1583 6
1581 1583 4
1608 1583 1
1580 1584 1
1590 1585 1
1582 1585 3
1600 1585 1
1584 1585 1
1582 1586 3
1590 1586 1
1600 1586 1
1584 1586 1
1600 1587 1
1582 1587 4
1590 1587 1
1584 1587 1
1589 1588 2
1604 1588 1
1591 1590 1
1596 1591 3
1582 1591 1
1582 1592 2
1590 1592 1
1600 1592 1
1600 1593 1
1582 1593 2
1590 1593 1
1590 1594 1
1582 1594 2
1600 1594 1
1582 1595 2
1590 1595 1
1600 1595 1
1601 1600 1
1596 1601 3
1582 1601 1
1589 1603 2
1604 1603 1
1604 1605 1
1589 1605 2
1601 1606 1
1591 1608 1
1582 1609 1
1580 1611 1
