6815 6814 5
6817 6814 6
6816 6815 36
7115 6815 1
6818 6817 15
6815 6817 33
6819 6818 18
6821 6820 2
7121 6821 4
7168 6822 1
6823 6822 1
6821 6822 7
8771 6822 1
6820 6822 2
7069 6822 1
6914 6822 1
6821 6823 1
7143 6824 1
6825 6824 2
6817 6827 6
6829 6828 4
7115 6830 1
6819 6830 3
6833 6831 3
6859 6831 1
6832 6831 2
6834 6831 2
6862 6831 1
6838 6836 1
6837 6836 3
7045 6839 1
6840 6839 2
6842 6843 3
6815 6844 5
6817 6844 6
6846 6845 1
6817 6847 6
6890 6848 1
6896 6848 3
6999 6848 1
6843 6848 1
6848 6849 4
6851 6850 1
7065 6851 2
7033 6851 1
6850 6852 1
6853 6852 2
7115 6853 1
6851 6853 1
6819 6853 3
7018 6854 1
6855 6854 4
6852 6854 2
6904 6855 1
6853 6855 2
7044 6855 4
6857 6856 4
6854 6856 4
6855 6857 4
6819 6857 7
6815 6858 5
6817 6858 6
7218 6860 2
6833 6860 1
7219 6860 2
6862 6860 1
7193 6860 2
6859 6860 1
7009 6861 2
6859 6861 1
6862 6861 1
6882 6861 2
6833 6861 3
6864 6863 1
6866 6865 2
7045 6865 1
6868 6867 2
7045 6867 1
6829 6869 4
6829 6870 4
6829 6871 4
6829 6872 4
6829 6873 4
6829 6874 4
6829 6875 4
6829 6876 4
6878 6877 3
6881 6879 4
6880 6879 2
7170 6879 1
6885 6884 5
6881 6884 4
6886 6885 4
6881 6885 6
7169 6885 1
7023 6887 2
7227 6887 1
7045 6888 1
6889 6888 2
6891 6890 4
6989 6891 2
7134 6891 1
6893 6892 1
6945 6893 5
7119 6894 1
7183 6894 1
7185 6894 1
6892 6894 1
7151 6894 1
6966 6894 1
7194 6894 1
6895 6894 11
7229 6894 1
7038 6894 1
7083 6894 1
7199 6894 1
7147 6895 1
6944 6895 1
7071 6895 1
6893 6895 1
6959 6895 1
6958 6895 1
7158 6895 1
6957 6895 1
6967 6895 1
6954 6895 1
7099 6895 1
7134 6895 1
6956 6895 1
6897 6896 4
6843 6897 1
6989 6897 1
6900 6899 2
7045 6899 1
6855 6901 1
6855 6902 1
6901 6902 1
6901 6903 1
6904 6903 1
6857 6904 4
6855 6904 1
6906 6905 3
6908 6907 2
7045 6907 1
6910 6909 3
6971 6911 1
6857 6912 4
6821 6914 1
6819 6915 3
6971 6915 2
6917 6916 4
6890 6917 1
6815 6918 5
6817 6919 6
6817 6920 6
6817 6921 6
6817 6922 6
6815 6922 5
6817 6923 6
6817 6924 6
6817 6925 6
6817 6926 6
6815 6926 5
6817 6927 6
6815 6927 5
6816 6928 4
7134 6928 1
6845 6929 1
6929 6930 1
7179 6930 1
6931 6930 3
6991 6931 3
7101 6931 2
6845 6931 2
7179 6932 1
6931 6932 3
6929 6932 1
6931 6933 7
6932 6933 3
7088 6933 3
6935 6934 7
6933 6934 7
6931 6935 7
6933 6936 7
6935 6936 7
6933 6937 7
6935 6937 7
6933 6938 7
6935 6938 7
6935 6939 7
6933 6939 7
6941 6940 3
6932 6940 3
6991 6941 3
6931 6941 3
6943 6942 2
6819 6942 3
8754 6942 1
6945 6944 4
7016 6946 1
6947 6946 2
6948 6947 2
6950 6949 2
6953 6950 3
6951 6950 6
6819 6950 6
6952 6950 6
6955 6954 2
7072 6954 1
6945 6956 4
6945 6957 4
6945 6958 4
6945 6959 4
6950 6960 2
6878 6961 3
6997 6963 2
6962 6963 1
7143 6964 1
6965 6964 2
6967 6966 1
7072 6967 1
7012 6967 2
6896 6968 1
6968 6969 1
7165 6969 1
8753 6969 1
6848 6969 3
6971 6970 4
7052 6970 1
7165 6970 1
8753 6970 1
6968 6970 1
7134 6971 1
6843 6971 1
6836 6971 1
6890 6971 1
6896 6971 3
6999 6971 1
6863 6972 1
6972 6973 1
6974 6973 3
7225 6973 1
7086 6973 1
6888 6974 1
7097 6974 1
7099 6974 1
6954 6974 1
6989 6974 1
6863 6974 2
6819 6974 13
7053 6975 1
6971 6975 3
6976 6975 1
6843 6976 1
6848 6977 1
6976 6977 1
6979 6978 2
6976 6978 1
8742 6978 1
6843 6979 1
6819 6979 3
7115 6979 1
6976 6980 1
6897 6980 2
8748 6980 1
6976 6981 1
6971 6981 1
6954 6982 1
6956 6982 1
7124 6982 1
6974 6982 10
6878 6983 3
7045 6987 1
6988 6987 2
6895 6989 4
6991 6990 3
6931 6990 3
7023 6992 1
6993 6992 2
6994 6993 2
6996 6995 2
7016 6995 1
6948 6996 2
6999 6998 1
6971 7000 1
6998 7000 1
6998 7001 1
6848 7001 1
7045 7002 1
7003 7002 2
7005 7004 1
7005 7006 2
7004 7006 1
7143 7007 1
7008 7007 2
7140 7010 1
6848 7013 1
7014 7013 1
7015 7014 2
6948 7016 3
7057 7017 1
7056 7017 1
7058 7017 1
6895 7017 1
6904 7018 1
6819 7019 3
7036 7020 1
6819 7020 3
7022 7021 3
6986 7023 1
6994 7023 2
7025 7024 3
7024 7026 2
7025 7026 2
6960 7027 1
7029 7028 1
7027 7028 1
7020 7029 1
6960 7029 1
6819 7029 3
7029 7030 1
7027 7030 1
7032 7031 2
7228 7031 1
6846 7031 1
7023 7034 1
7036 7035 1
6950 7036 2
7035 7037 1
7020 7037 1
6957 7038 1
7194 7039 1
8745 7039 1
7040 7039 10
7125 7039 1
7185 7039 1
7229 7039 1
7038 7039 1
7091 7039 2
7157 7039 1
7151 7039 1
6959 7040 1
7092 7040 3
7147 7040 1
6956 7040 1
6957 7040 1
7099 7040 1
7158 7040 1
6888 7040 1
6982 7041 5
7045 7042 1
7043 7042 2
6819 7044 5
7045 7046 1
7106 7046 2
7139 7047 2
7045 7047 1
7055 7048 2
7045 7048 1
7045 7049 1
7055 7049 2
7045 7050 1
7003 7050 2
7045 7051 1
7220 7051 2
6836 7052 1
7052 7053 1
6971 7053 3
6971 7054 1
7052 7054 1
7060 7059 3
7062 7061 3
6881 7061 4
7022 7066 3
7067 7068 3
6821 7069 1
7012 7071 2
7072 7071 1
7072 7073 1
7072 7074 1
7072 7075 1
7072 7076 1
7072 7077 1
7072 7078 1
7072 7079 1
6991 7081 3
7082 7081 3
7071 7083 1
6982 7085 5
6989 7086 1
6891 7087 1
7086 7087 1
6931 7088 3
8769 7088 2
7088 7089 3
6990 7089 3
7092 7091 2
7091 7093 2
7094 7093 4
7157 7093 1
8745 7093 1
7092 7094 3
7158 7094 1
7097 7096 1
7072 7097 1
7084 7097 2
6974 7098 3
7183 7098 1
7096 7098 1
7194 7098 1
6835 7099 2
7072 7099 1
6864 7100 1
6845 7101 1
7155 7104 2
6846 7104 1
7103 7104 1
6819 7107 3
6974 7108 4
6862 7110 1
6862 7111 1
6862 7112 1
6893 7113 1
7115 7114 1
7121 7115 4
6830 7116 1
7114 7116 1
6853 7117 1
7114 7117 1
7114 7118 1
6853 7118 1
6944 7119 1
7164 7121 6
7123 7121 1
7120 7121 7
7122 7121 7
7072 7124 1
6913 7124 2
6888 7125 1
7183 7126 1
6974 7126 2
7125 7126 1
6890 7127 1
7121 7130 1
7130 7131 1
7121 7131 1
7130 7132 1
7121 7132 1
6878 7133 3
7016 7135 1
7016 7136 1
7099 7138 1
7143 7144 1
7143 7145 1
7143 7146 1
7072 7147 1
7149 7147 2
6959 7151 1
7134 7152 1
7158 7157 1
7157 7159 1
6895 7159 1
7157 7160 1
7094 7160 1
7157 7161 1
7040 7161 1
7094 7162 1
7157 7162 1
6819 7163 3
6896 7165 1
6982 7166 5
6821 7168 1
7134 7171 1
6971 7172 2
7171 7172 1
7172 7173 2
6915 7173 2
6971 7174 1
7171 7174 1
7171 7175 1
6928 7175 1
7152 7176 1
7171 7176 1
6895 7177 1
7171 7177 1
8748 7178 1
7171 7178 1
6891 7178 2
6845 7179 1
6954 7183 1
7183 7184 1
8770 7184 1
6982 7184 3
7185 7184 1
6956 7185 1
6890 7186 1
7186 7187 1
6917 7187 1
7186 7188 1
6971 7188 1
7186 7189 1
6848 7189 1
7186 7190 1
7191 7190 1
6890 7191 1
7191 7192 1
7186 7192 1
7099 7194 1
7138 7195 1
7194 7195 1
6878 7197 3
6958 7199 1
7045 7201 1
7045 7202 1
7045 7203 1
7045 7204 1
7045 7205 1
7045 7206 1
7045 7207 1
7045 7208 1
7045 7209 1
7045 7210 1
7045 7211 1
7045 7212 1
7045 7213 1
7045 7214 1
7045 7215 1
7025 7216 1
7024 7216 1
7020 7222 1
7222 7223 1
7029 7223 1
6863 7225 1
7147 7229 1
7229 8741 1
7040 8741 1
7115 8742 1
6815 8743 1
8742 8743 1
7092 8745 1
6989 8748 1
8748 8749 1
6897 8749 1
8748 8750 1
6897 8750 1
6896 8753 1
6845 8756 1
8756 8769 1
7101 8769 2
7124 8770 1
6821 8771 1
