3401 2798 5
3400 2798 1
2799 2798 5
3402 2798 2
3400 2799 1
2798 2799 5
3401 2799 5
2802 2801 1
2803 2801 1
3101 2801 8
2804 2801 7
2800 2801 7
3203 2802 1
2801 2802 5
3203 2803 1
2801 2803 5
2804 2805 7
3100 2805 7
3100 2806 3
2805 2806 4
3100 3098 3
2805 3098 4
2804 3099 3
3100 3099 3
2801 3101 5
3108 3102 1
3101 3102 4
3107 3102 1
3260 3102 1
3101 3103 4
3149 3103 1
3153 3104 1
3154 3104 1
3153 3105 1
3103 3106 1
3399 3106 4
3108 3106 1
3107 3106 1
3109 3106 1
3211 3110 1
2801 3110 3
3110 3111 3
2801 3111 5
3168 3111 2
3101 3112 3
3110 3112 3
3114 3113 1
3399 3114 4
3107 3114 1
3109 3114 1
3114 3115 2
3244 3115 1
3113 3115 1
3117 3116 1
3119 3117 1
3107 3117 1
3109 3117 1
3399 3117 4
3116 3118 1
3249 3118 1
3117 3118 2
3121 3120 8
3123 3122 6
3120 3122 5
3126 3123 5
3120 3123 7
3125 3124 3
3159 3124 1
3234 3127 1
3128 3127 2
3109 3128 1
3399 3128 4
3235 3128 1
3128 3129 2
3127 3129 2
3174 3130 5
3127 3130 2
3128 3130 7
3127 3131 2
3128 3131 7
3174 3131 5
3127 3132 2
3128 3132 2
3216 3133 2
3244 3133 1
3134 3133 15
3249 3133 1
3243 3133 1
3283 3133 2
3287 3133 1
3195 3133 2
3270 3133 1
3266 3133 1
3127 3133 2
3251 3133 1
3235 3134 1
3166 3134 2
3114 3134 1
3156 3134 2
3172 3134 1
3098 3134 1
3102 3134 1
3106 3134 1
3193 3134 1
2803 3134 1
3128 3134 2
3162 3134 2
3401 3134 1
3103 3134 2
3149 3134 1
3260 3134 1
3278 3134 1
3200 3134 1
3117 3134 1
3398 3134 1
3102 3135 2
3264 3135 1
3102 3136 1
3135 3136 1
3102 3137 2
3135 3137 1
3247 3137 1
3134 3138 2
3243 3138 1
3135 3138 1
3135 3139 1
3134 3139 2
3243 3139 1
3141 3140 1
3103 3141 1
3140 3142 1
3141 3142 1
3141 3143 1
3140 3143 1
3140 3144 1
3141 3144 1
3145 3146 3
3226 3147 1
3124 3147 3
3147 3148 3
3124 3148 3
3103 3150 1
3150 3151 1
3270 3151 1
3103 3151 4
3185 3151 2
3279 3151 1
3153 3152 1
3154 3152 1
3153 3155 1
3154 3155 1
3278 3156 1
3399 3156 4
3154 3157 4
3401 3157 1
3157 3158 8
3157 3159 6
3158 3159 7
3159 3160 6
3157 3160 4
3162 3161 2
3399 3162 4
3109 3162 1
3193 3162 1
3162 3163 2
3161 3163 1
3161 3164 1
3162 3164 5
3163 3164 2
3165 3164 5
3162 3165 5
3161 3165 1
3164 3165 5
3109 3166 1
3172 3166 1
3399 3166 4
3107 3166 1
2802 3167 1
2801 3168 2
3167 3168 1
3101 3169 2
3168 3169 2
3167 3170 1
3211 3170 1
2801 3170 2
3153 3171 1
3154 3171 1
3174 3173 5
3221 3173 1
3128 3173 5
3128 3174 5
3173 3174 5
3261 3174 2
3221 3174 1
3128 3175 5
3174 3175 5
3174 3176 5
3128 3176 5
3128 3177 5
3174 3177 5
3128 3178 5
3174 3178 5
3189 3179 1
3398 3179 2
3179 3180 2
3189 3180 1
3181 3180 5
3398 3180 5
3398 3181 5
3189 3181 1
3180 3181 5
3398 3182 5
3180 3182 5
3401 3183 1
3154 3184 1
3153 3184 1
3270 3185 1
3103 3185 2
3185 3186 2
3211 3186 1
3270 3186 1
3134 3186 5
3287 3186 1
3264 3186 1
3287 3187 1
3134 3187 3
3270 3187 1
3185 3187 2
3287 3188 1
3134 3188 3
3185 3188 2
3270 3188 1
3398 3189 2
3398 3190 1
3189 3190 1
3193 3192 1
3161 3194 1
3192 3194 1
3162 3194 2
3162 3195 2
3192 3195 1
3161 3196 1
3195 3196 2
3162 3196 3
3195 3197 2
3162 3197 2
3195 3198 2
3162 3198 2
3280 3199 1
3279 3199 1
3231 3199 1
3134 3199 7
3282 3199 1
3234 3199 1
3211 3199 1
3192 3199 1
3201 3200 5
3121 3200 4
3121 3201 6
3154 3202 1
3153 3202 1
2801 3204 1
3204 3205 1
2801 3205 1
3160 3206 1
3206 3207 1
3160 3207 1
3206 3208 1
3160 3208 1
3154 3209 1
3153 3209 1
3154 3210 1
3153 3210 1
2803 3211 1
3134 3212 1
3211 3212 1
3134 3213 1
3211 3213 1
3159 3214 1
3214 3215 1
3159 3215 1
3280 3216 1
3166 3216 2
3216 3217 2
3166 3217 2
3246 3218 1
3220 3218 1
3216 3218 2
3166 3218 4
3246 3219 1
3216 3219 2
3166 3219 3
3166 3220 1
3128 3221 2
3234 3222 1
3221 3222 1
3128 3222 2
3221 3223 1
3128 3223 2
3234 3223 1
3128 3224 1
3221 3224 1
3128 3225 1
3221 3225 1
3159 3226 1
3230 3227 2
3159 3227 3
3281 3227 1
3226 3227 1
3226 3228 1
3159 3228 1
3124 3229 1
3226 3229 1
3226 3230 1
3159 3230 2
3098 3231 1
3399 3232 1
3231 3232 1
3154 3233 1
3153 3233 1
3235 3234 1
3241 3236 2
3106 3236 2
3236 3237 2
3291 3237 1
3243 3237 1
3106 3237 4
3236 3238 2
3241 3238 2
3291 3238 1
3106 3238 3
3243 3239 1
3106 3239 3
3236 3239 2
3236 3240 2
3243 3240 1
3106 3240 3
3106 3241 2
3236 3241 2
3243 3242 1
3106 3242 3
3241 3242 2
3106 3243 1
3114 3244 1
3244 3245 1
3114 3245 1
3166 3246 1
3102 3247 1
3102 3248 1
3247 3248 1
3117 3249 1
3249 3250 1
3117 3250 1
3401 3251 1
3251 3252 1
3401 3252 1
3251 3253 1
3157 3253 1
3251 3254 1
3183 3254 1
3251 3255 1
3183 3255 1
3183 3256 1
3251 3256 1
3183 3257 1
3251 3257 1
3158 3258 1
3258 3259 1
3158 3259 1
3221 3261 1
3128 3261 2
3158 3262 1
3262 3263 1
3158 3263 1
3260 3264 1
3264 3265 1
3102 3265 1
3398 3266 1
3266 3267 1
3398 3267 1
2806 3268 1
3399 3269 1
3268 3269 1
3279 3270 1
3103 3270 2
3270 3271 1
3287 3271 1
3134 3271 2
3103 3272 1
3270 3272 1
3141 3273 1
3270 3273 1
3270 3274 1
3134 3274 1
3156 3275 1
3156 3276 2
3275 3276 1
3282 3276 1
3275 3277 1
3282 3277 1
3156 3277 2
3149 3279 1
3172 3280 1
3159 3281 1
3278 3282 1
3282 3283 1
3156 3283 2
3122 3284 1
3122 3285 1
3284 3285 1
3122 3286 1
3284 3286 1
3200 3287 1
3134 3288 1
3287 3288 1
3287 3289 1
3134 3289 1
3400 3290 1
3401 3290 1
3103 3291 1
3106 3292 1
3291 3292 1
3291 3293 1
3106 3293 1
3291 3294 1
3106 3294 1
3103 3295 1
3291 3295 1
3103 3296 1
3291 3296 1
3399 3398 4
3109 3398 1
2806 3399 1
3098 3399 1
3401 3400 2
3399 3401 4
3109 3401 1
3400 3402 1
3401 3402 2
