8993 6947 1
7059 6948 1
8444 6948 3
6947 6948 1
6950 6949 3
6952 6951 1
7213 6953 1
6951 6953 1
8875 6953 3
6955 6954 3
6953 6954 3
8875 6955 3
8337 6958 5
8071 6958 3
8380 6959 1
8682 6960 1
8661 6961 1
6962 6963 1
7222 6963 1
7198 6963 2
8992 6964 1
8802 6965 2
7036 6965 1
6964 6965 1
8802 6966 2
7036 6966 1
6964 6966 1
6964 6967 1
8802 6967 2
7283 6967 1
8983 6968 1
8357 6969 2
7161 6969 1
6968 6969 1
6971 6970 1
7073 6971 3
7043 6972 2
8195 6972 4
8360 6973 1
8846 6974 1
6974 6975 1
8816 6975 1
6974 6976 1
8070 6976 1
7972 6977 1
8233 6978 1
8648 6979 1
7996 6980 1
8059 6983 4
7170 6984 1
6985 6984 4
8847 6984 1
8000 6987 3
6989 6988 5
6988 6990 4
8303 6990 1
8104 6991 1
8412 6992 1
8012 6994 4
6998 6997 3
8921 6999 1
6999 7000 1
8366 7000 1
6999 7001 1
8366 7001 1
8576 7002 2
8052 7003 3
8075 7004 1
7004 7005 1
8179 7005 2
8286 7006 4
7083 7006 1
7005 7006 2
7209 7006 1
8104 7007 1
8584 7009 1
8059 7010 3
8584 7012 1
7012 7013 1
8584 7013 1
7346 7016 1
6972 7016 3
7042 7016 1
8588 7017 1
7299 7018 1
8529 7018 4
7284 7018 1
7174 7018 1
7017 7018 1
8059 7020 3
8059 7021 3
8059 7022 3
8059 7023 3
8929 7024 1
7024 7025 1
8220 7025 1
6983 7026 2
8584 7027 1
7027 7028 1
8447 7028 1
8280 7029 1
7027 7029 1
8280 7030 1
7027 7030 1
7009 7031 1
7027 7031 1
7027 7032 1
7009 7032 1
7009 7033 1
7027 7033 1
7027 7034 1
7009 7034 1
7027 7035 1
7009 7035 1
7037 7036 1
8802 7038 2
7036 7038 1
7360 7038 1
8802 7039 2
7036 7039 1
7360 7039 1
8072 7040 1
8072 7041 1
7040 7041 1
7043 7042 1
8757 7044 1
8757 7045 1
7044 7045 1
8637 7046 1
8499 7047 2
7046 7047 1
7246 7047 1
8002 7048 1
8360 7049 1
8089 7050 1
8311 7051 1
8068 7052 1
7051 7052 1
7980 7053 1
7051 7053 1
7051 7054 1
7980 7054 1
8389 7056 1
8300 7057 1
8845 7058 2
7057 7058 1
7148 7058 1
8993 7059 1
8661 7060 1
7063 7061 3
7062 7061 3
8337 7064 1
6958 7065 1
7064 7065 1
8648 7068 1
8289 7069 1
8464 7070 1
8986 7071 1
8219 7072 1
8120 7074 1
7074 7075 1
8120 7075 2
8129 7076 2
7075 7076 2
7074 7077 1
8722 7077 1
7074 7078 1
8722 7078 1
7074 7079 1
8129 7079 1
8219 7080 1
8083 7081 2
7080 7081 1
7253 7081 1
8576 7082 1
8578 7082 1
8075 7083 1
8576 7085 3
7159 7085 2
8355 7086 1
8219 7088 1
8870 7089 1
8181 7090 3
7089 7090 1
7232 7090 1
7309 7090 1
7276 7091 1
7282 7091 1
7309 7091 1
7089 7091 1
8181 7091 5
7246 7091 1
7089 7092 1
8499 7092 1
8054 7093 2
7221 7093 1
7093 7094 2
8054 7094 2
6952 7095 1
7022 7096 1
8337 7097 1
7097 7098 1
6958 7098 1
8052 7100 3
8986 7101 1
8863 7102 1
7101 7102 1
8262 7104 1
7104 7105 1
8639 7105 1
8639 7106 1
7104 7106 1
7104 7107 1
8639 7107 1
8776 7109 1
8584 7110 1
8661 7114 1
8456 7115 1
8760 7116 1
8927 7117 1
6952 7118 1
8875 7119 1
7118 7119 1
8076 7120 1
8272 7121 1
8303 7122 1
8219 7123 1
8456 7127 1
7986 7128 1
7980 7129 1
7128 7129 1
8081 7130 1
8458 7131 1
8458 7132 1
7131 7132 1
8648 7133 1
8200 7135 3
8360 7136 1
8607 7137 1
8584 7138 1
8447 7139 1
7138 7139 1
8284 7141 1
8510 7142 1
8150 7143 2
7225 7143 1
7142 7143 1
7142 7144 1
8150 7144 1
7145 7146 3
8346 7147 1
8300 7148 1
8389 7149 1
8822 7150 1
8032 7151 1
8233 7153 1
8648 7154 1
8233 7155 1
8648 7156 1
8589 7157 1
8589 7158 1
7157 7158 1
7082 7159 2
8983 7161 1
8586 7162 1
8261 7163 1
8639 7164 1
7163 7164 1
8639 7165 1
7163 7165 1
8210 7167 1
8201 7168 1
7167 7168 1
8591 7172 1
7996 7174 1
8233 7175 1
8071 7178 3
8971 7178 2
8280 7179 3
7159 7179 1
7218 7179 1
7357 7179 1
8104 7180 1
8971 7181 2
7334 7181 1
8129 7182 2
7181 7182 2
7178 7183 2
7181 7183 2
7181 7184 2
7178 7184 2
8337 7186 1
6958 7187 1
7186 7187 1
8276 7188 1
7188 7189 1
7983 7189 1
7188 7190 1
7984 7190 1
7188 7191 1
7983 7191 1
7980 7192 1
7188 7192 1
7980 7193 1
7188 7193 1
7980 7194 1
7188 7194 1
7188 7195 1
7983 7195 1
7983 7196 1
7188 7196 1
7188 7197 1
7983 7197 1
8081 7199 1
8847 7201 1
7201 7202 1
7980 7202 1
7980 7203 1
7201 7203 1
6984 7204 1
7201 7204 1
8729 7206 1
8284 7209 1
8014 7210 1
8014 7211 1
7210 7211 1
6952 7213 1
7146 7214 1
8233 7216 1
7082 7218 1
8464 7220 1
8211 7221 1
8584 7223 1
8226 7224 1
7223 7224 1
8167 7225 1
8896 7226 3
7225 7226 1
7259 7226 1
7263 7226 1
7225 7227 1
8486 7227 3
7259 7227 1
7263 7227 1
8303 7228 1
7082 7229 1
8272 7230 1
8661 7231 1
8225 7232 1
8713 7235 1
8070 7236 1
7235 7236 1
8070 7237 1
7235 7237 1
8816 7238 1
7235 7238 1
8360 7239 1
8838 7240 1
8838 7241 1
7240 7241 1
8337 7242 2
6958 7243 2
7242 7243 2
7067 7244 1
7244 7245 1
8610 7245 1
8870 7246 1
7082 7247 1
7247 7248 1
8576 7248 2
7248 7249 2
8578 7249 2
8005 7250 1
8817 7251 2
7356 7251 1
7250 7251 1
7250 7252 1
8005 7252 1
8081 7253 1
8076 7254 1
8499 7255 1
8499 7256 1
7255 7256 1
8360 7257 1
8012 7258 1
8167 7259 1
8938 7260 1
8360 7261 1
7344 7262 1
8012 7262 2
8167 7263 1
8491 7264 1
8607 7265 1
8584 7266 1
7266 7267 1
8447 7267 1
7266 7268 1
8134 7268 1
7266 7269 1
8134 7269 1
8134 7270 1
7266 7270 1
8914 7271 1
8855 7273 1
7273 7274 1
8021 7274 1
8021 7275 1
7273 7275 1
8870 7276 1
8803 7277 2
7276 7277 1
7309 7277 1
8225 7282 1
8013 7283 1
7285 7284 1
8233 7286 1
8765 7287 1
8948 7288 1
8838 7289 1
7289 7290 1
8838 7290 1
8233 7291 1
8360 7292 1
7087 7293 1
7294 7293 1
7297 7293 1
7295 7293 1
7296 7293 1
8871 7293 1
8425 7293 1
8661 7298 1
8282 7299 1
8076 7300 1
8607 7301 1
7301 7302 1
8098 7302 1
8272 7303 1
8389 7304 1
7998 7305 1
8605 7306 1
7306 7307 1
8672 7307 1
8233 7308 1
8349 7309 1
8355 7310 1
7309 7310 1
7309 7311 1
8727 7311 1
7309 7312 1
8803 7312 1
8669 7313 1
7309 7313 1
8360 7314 1
8605 7316 1
8672 7317 1
7316 7317 1
7316 7318 1
8672 7318 1
8380 7319 1
7986 7320 1
7320 7321 1
7980 7321 1
8057 7322 1
8776 7323 1
8019 7324 1
7222 7325 1
6963 7326 1
7325 7326 1
8053 7327 1
8914 7328 1
7328 7329 1
7271 7329 1
8161 7330 1
7330 7331 1
8802 7331 1
8222 7332 1
8456 7333 1
8971 7334 1
7178 7335 1
7334 7335 1
7122 7336 1
7336 7337 1
7122 7337 1
7336 7338 1
7122 7338 1
7122 7339 1
7336 7339 1
8464 7341 1
8120 7342 1
8129 7343 1
7342 7343 1
6994 7344 1
8661 7345 1
7043 7346 1
8056 7347 1
8282 7348 1
7348 7349 1
8753 7349 1
8753 7350 1
7348 7350 1
7037 7351 1
8600 7352 1
8921 7354 1
8005 7356 1
7082 7357 1
8510 7358 1
8489 7360 1
8233 7361 1
7972 7971 1
7971 7973 1
7974 7973 4
8166 7973 1
7071 7973 1
8793 7973 1
8086 7974 2
8167 7974 5
8986 7974 3
7998 7974 4
7972 7974 3
7022 7974 1
7976 7975 3
7978 7977 1
8420 7978 3
6984 7978 4
6986 7978 1
7977 7979 1
7980 7979 1
7986 7980 2
8276 7980 1
8311 7980 1
8309 7980 1
8071 7980 3
7978 7980 1
8847 7980 1
8231 7980 1
7977 7981 1
7982 7981 1
7978 7982 1
8276 7983 1
8618 7983 3
7984 7983 3
7188 7983 1
7977 7983 1
8308 7983 1
7978 7983 1
8243 7984 3
7978 7984 1
8309 7984 1
8276 7984 1
7977 7985 1
7983 7985 1
7976 7986 3
7989 7988 3
7991 7990 3
7994 7992 2
7993 7992 4
8197 7994 1
8141 7994 1
8878 7994 1
7996 7995 4
7997 7996 9
8000 7999 3
8002 8001 1
7014 8002 1
8004 8002 1
7015 8002 1
8871 8002 1
8015 8002 1
8004 8003 2
8001 8003 1
7048 8003 1
8727 8004 5
8002 8004 2
8817 8005 1
8006 8005 6
8007 8006 7
8228 8007 3
8008 8007 8
8217 8008 21
8380 8008 3
8010 8009 1
8012 8010 4
7262 8011 2
8009 8011 1
8012 8011 10
8596 8011 6
7347 8011 1
6994 8012 1
8136 8012 6
8593 8012 5
8010 8012 1
8056 8012 1
8015 8014 3
8017 8016 3
8019 8018 1
7324 8020 1
8021 8020 5
6951 8020 1
8018 8020 1
7352 8020 1
8290 8020 1
8733 8021 2
6952 8021 1
8019 8021 2
8855 8021 1
8291 8021 2
8600 8021 1
8735 8021 4
8290 8022 1
8018 8022 1
7352 8022 1
8021 8022 5
6951 8022 1
7324 8022 1
8021 8023 4
8018 8023 1
8290 8023 1
7324 8023 1
7352 8023 1
8018 8024 1
8290 8024 1
7324 8024 1
7352 8024 1
8021 8024 7
8732 8024 2
6951 8024 1
8026 8025 2
7288 8025 1
8827 8026 3
8948 8026 1
8030 8029 3
8032 8031 1
8031 8033 1
8619 8033 1
7070 8033 1
8034 8033 7
8783 8033 4
8151 8034 1
8405 8034 1
8156 8034 4
8464 8034 3
8621 8034 1
8032 8034 1
8031 8035 1
8034 8035 7
7341 8035 1
8783 8035 4
8619 8035 1
8031 8036 1
7220 8036 1
8619 8036 1
8034 8036 7
8783 8036 4
8373 8037 1
8379 8037 1
8038 8037 5
8031 8037 1
7151 8037 1
8292 8037 1
8032 8038 4
7998 8038 1
8379 8039 1
8031 8039 1
8373 8039 1
7151 8039 1
7305 8039 1
8038 8039 5
7305 8040 1
8038 8040 5
7151 8040 1
8373 8040 1
8379 8040 1
8031 8040 1
8038 8041 5
8373 8041 1
8031 8041 1
7305 8041 1
8379 8041 1
7151 8041 1
8373 8042 1
8379 8042 1
8038 8042 5
7151 8042 1
8031 8042 1
7305 8042 1
8373 8043 1
8379 8043 1
8031 8043 1
8038 8043 5
7305 8043 1
7151 8043 1
8373 8044 1
8038 8044 4
8031 8044 1
7151 8044 1
8379 8044 1
8038 8045 3
8373 8045 1
8031 8045 1
7305 8045 1
8047 8046 2
8879 8046 1
8565 8047 3
8278 8047 1
8879 8048 1
8047 8048 3
8046 8048 2
8940 8049 1
8048 8049 3
8880 8049 2
8047 8049 5
8051 8050 1
8053 8050 1
8052 8051 4
7997 8053 4
8211 8054 1
8015 8054 3
8012 8056 4
7997 8057 3
8059 8058 5
8061 8060 3
8064 8063 3
8065 8063 1
8067 8066 3
8311 8068 1
7170 8068 1
8069 8068 4
8846 8070 1
8071 8070 3
8713 8070 2
7975 8070 1
8073 8072 3
7976 8074 3
8079 8077 1
8078 8077 3
8222 8077 3
8081 8080 1
8220 8081 4
8083 8082 3
7072 8082 1
7123 8082 1
8080 8082 1
8081 8083 7
8219 8083 7
8086 8085 2
8426 8085 1
7974 8086 5
7974 8086 4
8609 8086 4
8426 8086 1
8167 8086 1
8086 8087 2
8085 8087 2
8089 8088 1
8150 8089 4
8091 8090 1
8088 8090 1
8089 8091 2
8156 8091 4
8294 8091 3
8083 8092 4
8094 8093 3
8588 8095 1
8388 8095 3
7137 8097 1
8098 8097 3
7265 8097 1
8607 8098 3
8098 8099 3
8097 8099 3
8059 8100 3
8102 8101 3
8104 8103 1
8103 8105 1
8642 8105 5
8106 8105 7
8368 8106 4
8316 8106 7
8104 8106 4
8105 8107 7
8108 8107 17
8109 8107 5
8939 8107 3
8317 8107 6
8409 8108 3
8106 8108 14
7180 8109 1
8106 8109 5
8103 8109 1
6991 8109 1
7007 8109 1
8111 8110 1
8110 8112 1
8113 8112 1
8303 8113 1
8111 8113 1
8110 8114 1
8113 8114 1
8110 8115 1
8113 8115 1
8110 8116 1
8113 8116 1
8117 8118 3
8120 8119 1
8877 8120 3
8119 8121 1
8122 8121 1
8120 8122 3
8119 8123 1
8124 8123 1
8120 8124 2
8119 8125 1
8124 8125 1
8124 8126 1
8119 8126 1
8119 8127 1
8124 8127 1
8119 8128 1
8129 8128 1
8971 8129 2
8120 8129 8
8304 8130 1
8303 8130 1
8133 8132 4
8584 8134 1
8059 8135 3
8593 8136 5
8012 8136 4
8139 8138 3
8141 8140 1
8164 8141 3
6978 8142 1
8140 8142 1
8143 8142 2
8301 8143 3
8217 8143 21
8141 8143 1
8233 8143 3
8143 8144 1
8140 8144 1
8235 8145 21
8140 8145 1
7153 8145 1
8928 8145 1
8143 8145 22
8140 8146 1
8147 8146 1
8141 8147 1
8140 8148 1
7994 8148 1
8151 8149 1
8150 8149 4
8167 8150 1
8510 8150 1
8153 8152 3
8139 8155 3
7998 8156 2
7991 8157 3
8094 8158 3
8159 8160 6
7037 8160 1
8065 8160 2
8160 8161 5
7111 8162 1
8163 8162 2
8059 8165 3
8167 8166 1
8059 8168 3
8059 8169 3
8000 8170 3
7348 8171 1
8281 8171 1
8172 8171 3
8282 8172 2
7996 8172 4
8171 8173 3
8174 8173 3
8172 8174 3
8171 8175 3
8176 8175 3
8172 8176 3
8171 8177 3
8174 8177 3
8059 8178 3
8075 8179 1
8182 8180 1
8181 8180 1
8870 8181 3
8225 8181 3
8349 8181 1
7993 8183 3
7993 8184 3
7993 8185 3
8682 8186 2
7993 8186 3
7993 8187 3
8189 8188 3
8191 8190 1
8190 8192 1
8193 8192 1
6996 8193 1
8419 8193 1
8191 8193 1
8418 8193 2
8182 8193 1
8195 8194 6
8765 8195 1
8444 8195 3
6972 8195 3
8217 8195 21
8625 8196 1
6996 8197 1
8198 8197 2
8079 8199 1
8200 8199 3
8210 8201 1
8202 8201 3
8094 8203 3
8205 8204 4
8342 8205 1
8207 8206 1
8485 8207 3
8207 8208 1
8206 8208 1
8206 8209 1
8207 8209 1
8179 8210 1
7991 8211 3
7991 8212 3
7991 8213 3
7991 8214 3
7991 8215 3
7991 8216 3
8817 8217 2
8139 8217 4
7994 8217 2
8496 8217 2
8147 8217 2
8008 8217 2
8233 8217 20
8195 8217 2
8220 8219 4
8929 8220 1
8222 8221 1
8221 8223 1
8077 8223 3
8834 8223 1
7332 8223 1
8284 8224 1
6971 8224 1
8349 8224 1
8179 8224 2
8875 8224 5
8071 8226 3
8584 8226 2
8200 8227 3
8007 8228 1
8230 8229 3
8068 8231 4
6986 8231 1
8420 8231 3
8233 8232 1
8008 8233 1
7280 8233 1
8195 8233 1
8817 8233 1
8147 8233 1
8496 8233 1
7279 8233 1
7176 8233 1
8228 8233 1
7994 8233 1
8217 8233 1
7177 8233 1
7278 8233 1
7281 8233 1
8232 8234 1
8461 8234 1
8217 8234 3
7361 8234 1
7175 8235 1
8724 8235 1
8601 8235 1
8484 8235 1
7155 8235 1
7286 8235 1
7216 8235 1
8747 8235 1
7308 8235 1
8232 8235 1
8913 8235 1
8461 8235 1
8245 8235 1
8928 8235 1
7153 8235 1
7291 8235 1
8981 8235 1
7361 8235 1
8571 8235 1
6978 8235 1
8217 8235 21
6948 8236 3
7287 8236 1
8235 8236 21
8195 8236 28
7016 8236 3
8235 8237 21
8944 8237 1
8008 8237 22
8235 8238 21
6959 8238 1
8008 8238 22
7319 8239 1
8235 8239 21
8008 8239 22
8241 8240 3
8243 8242 3
8094 8244 3
8233 8245 1
8059 8246 3
8355 8247 1
8248 8247 3
8059 8250 3
8252 8251 1
8686 8252 2
6996 8252 1
7117 8253 1
8254 8253 6
8731 8253 1
7162 8253 1
8251 8253 1
8462 8254 3
8586 8254 1
8927 8254 1
8252 8254 1
8256 8255 6
8253 8255 6
8254 8256 11
8251 8257 1
7162 8257 1
8740 8257 1
8254 8257 5
7117 8257 1
8257 8258 5
8256 8258 5
7974 8259 3
7305 8259 1
8781 8259 1
8781 8260 1
7974 8260 3
8259 8260 3
8262 8261 1
8263 8262 3
8147 8262 7
8266 8265 3
7995 8267 1
8059 8268 3
8059 8269 3
8064 8271 3
8059 8273 3
8073 8275 3
7976 8276 3
8277 8276 3
8279 8278 3
8584 8280 1
7082 8280 3
8282 8281 1
8284 8283 1
7141 8285 1
8286 8285 2
8283 8285 1
8179 8286 2
8075 8286 1
8284 8286 3
7141 8287 1
8283 8287 1
8286 8287 2
8286 8288 1
8283 8288 1
8291 8290 1
8038 8292 1
8294 8293 1
8293 8295 1
8091 8295 3
7050 8295 1
8295 8296 3
8783 8296 4
8739 8296 1
8675 8296 1
8091 8296 9
8298 8297 1
8735 8298 4
8289 8298 2
8346 8298 2
8742 8298 2
8975 8299 2
8297 8299 1
8298 8299 3
8200 8302 3
8059 8305 3
8388 8306 3
8059 8307 3
8309 8308 1
8308 8310 1
8311 8310 1
8309 8311 1
8657 8311 3
8308 8312 1
8313 8312 1
8309 8313 1
7320 8314 1
7980 8314 2
8308 8314 1
7304 8315 1
8606 8315 1
7056 8315 1
7149 8315 1
8316 8315 5
8389 8316 5
8789 8316 3
8315 8317 5
8106 8317 6
8319 8318 3
8000 8320 3
8322 8321 4
8388 8321 3
8388 8322 3
8324 8323 1
7152 8324 2
8568 8324 1
8323 8325 1
8326 8325 1
8910 8326 3
8324 8326 1
8323 8327 1
8326 8327 1
8329 8328 1
8655 8329 3
7284 8330 1
8331 8330 3
8328 8330 1
7017 8330 1
8329 8331 1
8588 8331 1
7285 8331 1
8059 8332 3
8342 8333 1
8335 8334 3
8337 8336 1
8905 8337 3
8339 8338 1
8336 8338 1
8337 8339 2
8243 8339 3
8200 8340 3
8749 8341 1
8202 8341 3
8343 8342 3
8181 8344 4
8346 8345 1
8256 8346 4
8345 8347 1
8346 8347 1
8349 8348 1
7333 8350 1
8958 8350 1
7115 8350 1
8351 8350 5
8348 8350 1
7127 8350 1
8456 8351 3
8349 8351 1
8462 8351 1
8353 8352 1
8348 8352 1
8349 8353 1
8355 8354 7
8348 8354 1
8974 8354 5
8875 8355 5
8349 8355 2
8348 8356 1
8974 8356 5
8224 8356 10
7209 8356 1
7005 8356 2
6970 8356 1
8983 8357 2
8195 8357 4
8015 8358 3
8360 8359 1
8873 8361 1
7314 8361 1
6973 8361 1
8359 8361 1
8362 8361 14
8952 8361 1
8964 8361 5
7261 8361 1
7257 8361 1
8916 8361 1
8360 8362 12
8934 8362 3
8964 8363 5
8364 8363 16
7354 8363 1
6999 8363 1
8361 8363 14
8921 8364 2
8362 8364 14
8366 8365 15
6999 8365 1
8361 8365 14
8362 8366 14
8921 8366 1
8361 8367 14
8366 8367 15
6999 8367 1
8663 8368 8
8061 8369 3
7230 8370 1
7303 8370 1
8371 8370 3
8272 8371 4
8766 8371 3
7121 8372 1
8370 8372 3
8654 8372 1
8371 8372 5
8032 8373 1
7972 8375 1
8375 8376 1
7101 8376 1
7096 8376 1
7974 8376 3
8375 8377 1
8378 8377 1
7972 8378 1
8785 8378 4
8032 8379 1
8008 8380 4
8195 8381 4
8383 8382 3
8385 8384 1
8387 8386 1
8384 8386 1
8932 8387 2
8625 8387 1
8385 8387 1
7996 8388 4
8588 8388 2
8391 8390 3
8095 8392 5
8512 8392 3
7017 8392 1
8394 8393 5
8392 8393 5
8095 8394 5
8059 8395 3
8274 8398 1
8399 8398 3
8401 8400 3
8403 8402 3
8405 8404 1
7008 8405 2
8687 8405 1
7070 8406 1
8404 8406 1
8034 8406 2
7070 8407 1
8404 8407 1
8034 8407 2
8034 8408 2
7070 8408 1
8404 8408 1
8938 8409 2
8410 8409 3
8412 8411 1
6992 8413 1
8411 8413 1
8414 8413 2
8412 8414 2
8770 8414 3
8059 8415 3
8417 8416 4
8120 8417 1
8059 8422 3
8424 8423 2
8687 8423 1
7997 8425 5
8167 8426 1
8086 8427 5
8609 8427 4
8426 8427 1
8086 8428 1
8426 8428 1
8086 8429 1
8426 8429 1
8086 8430 2
8426 8430 1
7974 8431 2
8430 8431 2
7974 8432 2
8426 8432 1
7974 8433 2
8432 8433 2
7974 8434 3
8432 8434 2
7974 8435 10
8426 8435 1
8782 8435 6
8434 8435 3
8988 8435 2
8432 8436 2
8437 8436 2
7974 8437 2
6995 8437 2
8687 8437 1
8426 8438 1
8988 8438 2
7974 8438 8
8782 8438 6
8440 8439 1
8426 8439 1
8167 8440 1
8059 8441 3
8443 8442 3
8195 8444 4
8993 8444 2
8446 8445 3
8584 8447 5
8447 8448 4
8133 8449 4
8452 8451 3
8726 8451 1
8453 8454 3
8453 8455 3
8458 8457 1
8015 8458 3
8458 8459 1
8457 8459 1
8061 8460 3
8233 8461 1
7997 8462 3
8059 8463 3
8465 8466 3
8465 8467 3
7995 8468 1
8468 8469 1
8470 8469 1
7995 8470 1
8267 8471 1
8468 8471 1
8468 8472 1
8470 8472 1
8468 8473 1
8474 8473 1
7995 8474 1
8474 8475 1
8468 8475 1
8468 8476 1
8477 8476 1
7995 8477 1
8477 8478 1
8468 8478 1
8468 8479 1
8480 8479 1
7995 8480 1
8480 8481 1
8468 8481 1
8468 8482 1
8480 8482 1
8468 8483 1
8477 8483 1
8233 8484 1
8487 8486 2
8687 8486 1
8167 8486 3
8488 8489 3
8864 8490 1
8491 8490 2
8491 8492 3
8490 8492 2
7264 8492 1
8494 8493 3
8496 8495 3
8344 8497 1
8497 8498 1
7358 8498 1
8499 8498 6
7246 8498 1
7142 8498 1
7116 8498 1
7309 8498 1
8637 8499 2
8760 8499 1
8349 8499 1
8870 8499 2
8510 8499 2
8344 8499 2
7246 8500 1
7309 8500 1
8497 8500 1
8798 8500 1
8636 8500 1
8499 8500 6
7142 8500 1
8059 8501 3
8388 8502 3
8914 8503 1
8451 8503 1
8076 8503 4
8822 8503 1
8396 8503 1
8503 8504 4
8059 8505 3
8451 8506 1
7150 8507 1
7300 8507 1
8506 8507 1
7254 8507 1
7120 8507 1
8780 8507 1
8714 8507 1
8503 8507 8
7328 8507 1
8669 8510 2
8151 8510 2
8511 8510 4
8803 8510 2
8811 8510 2
8181 8510 2
8984 8512 1
8388 8512 3
8667 8512 1
8322 8513 3
8512 8513 3
8512 8514 3
7017 8514 1
7284 8514 1
8515 8514 5
8388 8515 3
7285 8515 1
8588 8515 1
8512 8516 3
8517 8516 3
8388 8517 3
8322 8517 4
8519 8518 3
8512 8518 3
8388 8519 3
8521 8520 3
8512 8520 3
8388 8521 3
8519 8522 3
8512 8522 3
8512 8523 3
8519 8523 3
8512 8524 3
8525 8524 3
8388 8525 3
8527 8526 3
8512 8526 3
8388 8527 3
7017 8528 1
8512 8528 3
8529 8528 4
7285 8529 1
8588 8529 1
8282 8529 1
7996 8529 2
8388 8529 3
8529 8530 4
8512 8530 3
7017 8530 1
8532 8531 3
8512 8531 3
8388 8532 3
8512 8533 3
8532 8533 3
8095 8534 4
8512 8534 3
8534 8535 4
8536 8535 4
8095 8536 4
8536 8537 4
8534 8537 4
8536 8538 4
8534 8538 4
8512 8539 3
8540 8539 3
8388 8540 3
8321 8541 3
8512 8541 3
8543 8542 3
8512 8542 3
8388 8543 3
8543 8544 3
8512 8544 3
8512 8545 3
8543 8545 3
8547 8546 3
8512 8546 3
8388 8547 3
8543 8548 3
8512 8548 3
8543 8549 3
8512 8549 3
8502 8550 3
8512 8550 3
8512 8551 3
8540 8551 3
8512 8552 3
8540 8552 3
8540 8553 3
8512 8553 3
8540 8554 3
8512 8554 3
8512 8555 3
8306 8555 3
8532 8556 3
8512 8556 3
8512 8557 3
8532 8557 3
8512 8558 3
8532 8558 3
8540 8559 3
8512 8559 3
8512 8560 3
8540 8560 3
8512 8561 3
8540 8561 3
8512 8562 3
8540 8562 3
8064 8563 3
8065 8563 1
8353 8564 4
7176 8567 1
7994 8567 1
7992 8567 1
7177 8567 1
8570 8569 3
8233 8571 1
8225 8572 1
8181 8573 2
8572 8573 1
7232 8573 1
7309 8574 1
7232 8574 1
8572 8574 1
8181 8574 4
7282 8574 1
8576 8575 2
7218 8575 1
7082 8576 6
7085 8577 3
8578 8577 5
8575 8577 2
8576 8578 13
8578 8579 3
8575 8579 2
8579 8580 3
8839 8580 2
7002 8580 2
8578 8580 7
8961 8581 1
7288 8581 1
8026 8581 3
8094 8582 3
8584 8583 1
8877 8584 3
8583 8585 1
8226 8585 1
8926 8586 1
8587 8586 2
8591 8590 1
8806 8592 1
8590 8592 1
7327 8592 1
7172 8592 1
8593 8592 5
8053 8593 1
8591 8593 3
8012 8594 5
8592 8594 5
8592 8595 5
8012 8595 5
8136 8596 6
8592 8596 5
8012 8597 5
8592 8597 5
8592 8598 5
8012 8598 5
8012 8599 6
7258 8599 1
8592 8599 5
8233 8601 1
8064 8603 3
8059 8604 3
7976 8605 3
8389 8606 1
7998 8608 1
8608 8609 1
7974 8609 4
8985 8609 1
6977 8609 1
7067 8610 1
6962 8610 1
8611 8610 2
8059 8613 3
8615 8614 1
8303 8615 1
8614 8616 1
8615 8616 1
8034 8619 1
8621 8620 1
8619 8620 1
8034 8621 1
8081 8622 1
8622 8623 1
8763 8623 1
8083 8623 2
8625 8624 1
8624 8626 1
8931 8626 2
8627 8626 3
8625 8627 1
8932 8627 2
8387 8628 3
8624 8628 1
8931 8628 2
8196 8629 1
8624 8629 1
8196 8630 1
8624 8630 1
8624 8631 1
8196 8631 1
8274 8632 1
8632 8633 1
8398 8633 1
8120 8634 1
8401 8635 3
8637 8636 1
8015 8637 1
8668 8637 1
8869 8637 1
8870 8637 1
8871 8637 1
8181 8637 1
8803 8637 1
8639 8638 2
8636 8638 1
7163 8638 1
8262 8639 1
8261 8639 1
8637 8639 1
7046 8640 1
8636 8640 1
8798 8640 1
8499 8640 3
8389 8641 1
7304 8642 1
7149 8642 1
8316 8642 5
8641 8642 1
7056 8642 1
8584 8643 1
8643 8644 1
8447 8644 1
8061 8646 3
8648 8647 1
7156 8649 1
7154 8649 1
8647 8649 1
6979 8649 1
7133 8649 1
8650 8649 7
8830 8649 1
7068 8649 1
8849 8650 8
8648 8650 7
8652 8651 2
8687 8651 1
8272 8654 1
8403 8656 3
8120 8658 1
8129 8659 1
8658 8659 1
8661 8660 1
7231 8662 1
7060 8662 1
8660 8662 1
7345 8662 1
8663 8662 8
7114 8662 1
6961 8662 1
7298 8662 1
8661 8663 7
8368 8664 8
8662 8664 8
8139 8666 3
8588 8667 1
8669 8668 5
8349 8669 1
8096 8670 1
8670 8671 1
8672 8671 1
8071 8672 3
8096 8672 1
8605 8672 2
8052 8673 3
8294 8675 1
8014 8676 1
8014 8677 1
8676 8677 1
8679 8678 3
8729 8680 2
8195 8680 4
8682 8681 1
8186 8683 3
6960 8683 1
8681 8683 1
8683 8684 3
8685 8684 3
8186 8685 3
8120 8688 1
8688 8689 1
8129 8689 1
8688 8690 1
8417 8690 1
8688 8691 1
8417 8691 1
8417 8692 1
8688 8692 1
8688 8693 1
8417 8693 1
8417 8694 1
8688 8694 1
8688 8695 1
8120 8695 1
8124 8696 1
8688 8696 1
8688 8697 1
8124 8697 1
7342 8698 1
8688 8698 1
8122 8698 2
8688 8699 1
8124 8699 1
8701 8700 1
8688 8700 1
8120 8701 1
8701 8702 1
8688 8702 1
8688 8703 1
8124 8703 1
8688 8704 1
8124 8704 1
8688 8705 1
8124 8705 1
8707 8706 1
8688 8706 1
8120 8707 1
8124 8708 1
8688 8708 1
8710 8709 2
7342 8709 1
8688 8709 1
8120 8710 2
8417 8711 1
8688 8711 1
8634 8712 1
8688 8712 1
7976 8713 3
8076 8714 1
8716 8715 1
8831 8717 1
8718 8717 2
8715 8717 1
8195 8718 4
8716 8718 2
7087 8719 1
8007 8720 1
8720 8721 1
8228 8721 1
8120 8722 1
8319 8723 3
8233 8724 1
8496 8725 3
8495 8725 1
8349 8727 1
8729 8728 1
8680 8730 2
7206 8730 1
8728 8730 1
8462 8731 1
8733 8732 2
8731 8732 1
8462 8733 1
8732 8734 2
8735 8734 8
8959 8734 2
8807 8734 1
6953 8734 3
8733 8735 2
8742 8735 1
8298 8735 1
8875 8735 3
8254 8735 2
8735 8736 9
6953 8736 3
8908 8736 1
8959 8736 2
8732 8736 2
8807 8736 1
6953 8737 3
8908 8737 1
8735 8737 7
8807 8737 1
8732 8737 2
8807 8738 1
8908 8738 1
8959 8738 2
8732 8738 2
8735 8738 6
8294 8739 1
8462 8740 1
8742 8741 1
8908 8743 1
8741 8743 1
8298 8743 4
7069 8743 1
8794 8743 1
8741 8744 1
8908 8744 1
7069 8744 1
8298 8744 4
8794 8744 1
8291 8745 1
8745 8746 1
8021 8746 1
8233 8747 1
8749 8748 1
8179 8749 1
8748 8750 1
8341 8750 1
8000 8751 3
8139 8752 3
8282 8753 1
8059 8754 3
8194 8755 5
8757 8756 1
8015 8757 3
8756 8758 1
8757 8758 1
8202 8760 3
8762 8761 3
8219 8763 1
8059 8764 3
8195 8765 4
8768 8767 2
8687 8767 1
8059 8771 3
8584 8772 1
8772 8773 1
8447 8773 1
8026 8774 1
8774 8775 1
8776 8775 1
8823 8776 3
8026 8776 1
8776 8777 1
8774 8777 1
8776 8778 1
8774 8778 1
8776 8779 1
8774 8779 1
8396 8780 1
7998 8781 1
7305 8782 1
6977 8782 1
7974 8782 6
8985 8782 1
8781 8782 1
8787 8783 4
7305 8783 1
8156 8783 4
8781 8783 1
8785 8784 4
8783 8784 4
8156 8785 4
8156 8786 4
8783 8786 4
8156 8787 4
8783 8787 4
8781 8788 1
7305 8788 1
7974 8788 2
8083 8790 4
7998 8793 1
8289 8794 1
8298 8795 2
7069 8795 1
8794 8795 1
8120 8796 1
8796 8797 1
8129 8797 1
8344 8798 1
8059 8799 3
8013 8800 1
7330 8801 1
8800 8801 1
8802 8801 3
7360 8801 1
7037 8802 1
8161 8802 1
8013 8802 3
8489 8802 1
8992 8802 1
8160 8802 2
8870 8803 1
8349 8803 1
8803 8804 4
8000 8805 3
8591 8806 1
8298 8807 1
8713 8808 1
8070 8809 1
8808 8809 1
7975 8812 1
8812 8813 1
8070 8813 1
8812 8814 1
8070 8814 1
8812 8815 1
8816 8815 1
8846 8816 1
8243 8816 3
8713 8816 1
7975 8816 1
8005 8817 2
8081 8818 1
7199 8819 1
8818 8819 1
8083 8819 4
8854 8819 1
7088 8819 1
8200 8820 3
8059 8821 3
8081 8824 1
8083 8825 1
8824 8825 1
8685 8826 4
8817 8829 4
8648 8830 1
8716 8831 1
8061 8832 3
8231 8833 1
8222 8834 1
8980 8835 1
8061 8836 3
8189 8837 3
8015 8838 3
7357 8839 1
8576 8839 2
8839 8840 2
8841 8840 2
8576 8841 2
8843 8842 2
8839 8842 2
8576 8843 2
8841 8844 2
8839 8844 2
8195 8845 4
8300 8845 2
8848 8847 3
8650 8850 5
8650 8851 5
7996 8852 1
7299 8853 1
8852 8853 1
7017 8853 1
8529 8853 4
7284 8853 1
8219 8854 1
8052 8855 3
7997 8856 3
8857 8858 3
8059 8859 3
6983 8861 2
8440 8862 4
8785 8863 4
8986 8863 1
8491 8864 1
8491 8865 1
8864 8865 1
7351 8866 1
8160 8866 2
8802 8867 2
8866 8867 2
8802 8868 3
8866 8868 2
7330 8868 1
8059 8872 3
8360 8873 1
6996 8875 1
8876 8875 2
6952 8875 4
8278 8879 1
8047 8880 2
8879 8880 1
8047 8881 3
8880 8881 2
8940 8881 1
8047 8882 2
8880 8882 2
8254 8883 1
8256 8884 1
8883 8884 1
8886 8885 3
8059 8887 3
8219 8888 1
8083 8889 2
7130 8889 1
8888 8889 1
8891 8890 3
8893 8892 1
8892 8894 1
8951 8894 1
8895 8894 3
8909 8894 1
8262 8895 5
8893 8895 3
8687 8896 1
8167 8896 3
8897 8896 2
8052 8898 4
8059 8899 3
8000 8900 3
7288 8901 1
8026 8901 2
8878 8902 1
7994 8903 1
8902 8903 1
7994 8904 1
8902 8904 1
8584 8906 1
8584 8907 2
8906 8907 1
7110 8907 1
8742 8908 1
8893 8909 1
8337 8911 1
8911 8912 1
8339 8912 1
8233 8913 1
8915 8914 3
8360 8916 1
8120 8917 1
8129 8918 1
8917 8918 1
8917 8919 1
8920 8919 2
7342 8919 1
8120 8920 2
8197 8922 1
8922 8923 1
7994 8923 1
8495 8924 1
8725 8925 1
8924 8925 1
8926 8927 1
7113 8927 2
8233 8928 1
7997 8929 3
7322 8931 1
8932 8931 2
8057 8932 1
8387 8933 2
8931 8933 2
8358 8935 1
8935 8936 1
8358 8936 1
8938 8937 1
8409 8939 3
8937 8939 1
7260 8939 1
8047 8940 1
8026 8941 1
7309 8942 1
8355 8942 2
8355 8943 3
7309 8943 1
8942 8943 2
7086 8943 1
8380 8944 1
8026 8945 1
8162 8946 1
8946 8947 1
8948 8947 1
7011 8948 3
8162 8948 1
7218 8949 1
7229 8949 1
7357 8949 1
7159 8949 1
8576 8949 5
8578 8950 5
8949 8950 5
8893 8951 1
8360 8952 1
8955 8956 3
8687 8957 1
8768 8957 2
8462 8958 1
8254 8959 2
8958 8959 1
8959 8960 2
8256 8960 2
8026 8961 1
8961 8962 1
8026 8962 2
8811 8963 1
7234 8963 1
8803 8963 1
8151 8963 1
8181 8963 1
8669 8963 1
8150 8963 1
8510 8963 1
8362 8964 5
7136 8964 1
7292 8964 1
7239 8964 1
7049 8964 1
8231 8965 1
7980 8966 1
8965 8966 1
8833 8967 1
8965 8967 1
8965 8968 1
7980 8968 1
8965 8969 1
8833 8969 1
8970 8971 3
8153 8971 3
8013 8972 1
7360 8973 1
7330 8973 1
8802 8973 3
8972 8973 1
7095 8974 1
8875 8974 5
6953 8974 3
7147 8975 1
8346 8975 2
8342 8976 1
8976 8977 1
8205 8977 1
8342 8978 1
8976 8978 1
8333 8979 1
8976 8979 1
8233 8981 1
8687 8982 1
7125 8982 2
8588 8984 1
8986 8985 1
7263 8987 1
7974 8987 6
7259 8987 1
8985 8987 1
7225 8987 1
6977 8987 1
7096 8987 1
8985 8988 1
7974 8988 2
8898 8989 1
8871 8989 1
8990 8989 1
8425 8989 1
8200 8991 3
8026 8994 1
