6530 6529 1
6589 6530 1
6529 6531 1
6532 6531 3
12995 6531 1
12868 6531 1
12869 6532 2
6540 6532 3
6530 6532 1
6534 6533 1
6534 6535 1
6537 6536 3
6540 6538 3
6539 6538 3
6542 6541 5
6537 6541 5
6544 6543 3
6546 6545 3
6660 6547 1
6549 6548 1
13014 6549 1
6548 6550 1
6551 6550 1
12938 6551 3
6549 6551 1
6534 6552 1
6605 6553 1
6546 6553 3
6621 6555 1
6546 6556 3
6540 6557 3
6559 6558 5
6571 6558 3
6561 6560 1
6561 6562 1
6560 6562 1
6563 6564 3
6566 6565 4
6567 6566 5
6569 6568 3
6571 6570 3
6546 6573 3
6575 6574 1
6546 6575 3
6577 6576 2
6574 6576 1
13024 6576 1
6575 6577 1
12936 6577 1
6579 6578 1
6540 6580 3
6583 6581 1
6565 6581 2
6608 6581 2
13006 6581 1
6654 6581 5
6582 6581 1
6653 6581 5
6607 6581 1
6606 6581 1
6584 6581 1
6652 6581 5
6581 6582 4
6581 6583 4
6581 6584 4
6581 6585 4
6546 6586 3
6546 6587 3
6540 6588 3
12957 6588 1
6661 6588 1
12920 6591 1
6590 6591 3
6546 6592 3
6594 6593 3
6596 6595 2
6598 6597 6
12987 6597 1
12958 6597 1
6595 6597 2
12941 6597 1
13022 6597 1
12959 6598 1
6685 6598 3
6599 6598 4
6596 6598 2
6540 6598 4
12952 6598 2
6579 6598 1
6535 6598 1
12949 6598 1
6586 6598 2
12934 6598 1
6553 6598 1
12913 6598 1
6673 6598 1
6603 6598 2
12949 6599 1
6673 6599 1
6540 6599 3
12910 6600 1
6546 6601 3
6546 6602 3
6604 6603 4
6605 6603 1
6566 6606 4
6566 6607 4
6566 6608 4
6546 6609 3
6611 6610 3
6553 6612 1
12873 6613 1
12984 6613 1
6598 6613 12
12958 6613 1
12960 6613 1
13016 6613 1
12970 6613 2
12964 6613 1
12886 6613 1
6612 6613 1
12971 6613 1
12983 6613 1
6546 6614 3
6616 6615 1
6546 6616 3
13003 6617 1
12906 6617 1
6618 6617 7
6637 6617 1
12912 6617 1
12986 6617 1
6615 6617 1
13020 6617 1
6601 6618 1
6616 6618 2
12913 6618 1
6540 6618 3
6556 6618 1
6685 6618 1
6592 6618 1
6546 6619 3
6621 6620 1
6625 6621 3
6555 6622 1
6620 6622 1
6555 6623 1
6620 6623 1
6625 6624 3
6546 6626 3
13018 6627 1
6629 6627 1
6628 6627 2
6544 6630 3
6631 6630 3
6552 6632 1
6540 6632 3
6571 6633 3
6571 6634 3
6636 6635 3
6601 6637 1
6638 6639 3
6608 6640 1
12916 6641 1
12953 6641 1
6640 6641 1
13012 6641 1
6581 6641 6
12974 6641 1
13015 6641 1
6609 6643 1
6645 6644 1
6643 6644 1
6533 6645 2
6609 6645 1
6540 6645 3
6645 6646 1
6643 6646 1
6643 6647 1
6648 6647 1
6609 6648 1
6643 6649 1
6650 6649 1
6533 6650 2
6540 6650 3
6665 6650 2
6609 6650 1
6542 6651 3
6656 6655 3
6658 6657 3
6542 6659 3
6624 6661 1
12968 6662 1
6599 6662 2
12886 6663 1
6662 6663 2
6598 6663 3
12967 6664 1
6665 6664 2
6533 6665 2
12975 6665 1
13013 6666 1
6664 6666 2
13008 6666 1
6650 6666 4
6600 6667 1
12909 6668 1
6667 6668 1
6600 6668 2
6571 6669 3
6552 6670 1
6670 6671 1
6632 6671 1
6546 6672 3
6546 6673 3
6546 6674 3
6678 6677 3
6542 6677 3
6537 6677 3
6679 6677 3
12883 6680 2
6681 6680 3
12966 6682 1
6661 6683 1
6683 6684 1
6588 6684 1
6546 6685 3
6687 6686 3
6571 6688 3
12869 12868 1
6546 12870 3
12872 12871 3
6586 12873 1
6580 12874 1
12874 12875 1
6580 12875 1
12874 12876 1
6580 12876 1
6580 12877 1
12874 12877 1
6631 12878 3
6680 12879 1
12879 12880 1
6680 12880 1
6635 12881 1
12881 12882 1
12883 12882 1
6635 12883 2
12885 12884 3
6579 12886 1
12968 12887 1
12956 12887 2
13019 12887 1
6598 12887 6
12951 12887 2
12886 12887 1
6540 12888 3
6616 12906 1
6582 12907 1
12907 12908 1
13002 12908 1
13005 12908 1
12961 12908 1
6581 12908 4
12910 12909 1
12913 12912 1
6546 12913 3
6579 12914 2
12914 12915 2
6579 12915 2
6608 12916 1
12918 12917 2
13015 12917 1
12916 12917 1
6608 12918 1
6565 12918 1
12920 12919 1
12920 12921 1
12919 12921 1
6591 12922 1
12919 12922 1
6591 12923 1
12919 12923 1
6594 12925 3
6546 12926 3
12928 12927 1
6679 12929 3
6546 12931 3
6546 12932 3
6546 12933 3
6605 12933 1
6546 12934 3
6546 12935 3
6598 12935 1
6546 12936 3
12939 12940 1
12980 12940 2
6603 12941 1
6678 12943 3
6537 12944 3
6537 12945 3
6571 12946 3
6571 12947 3
6571 12948 3
6534 12949 1
12952 12951 2
6607 12953 1
6624 12954 1
12954 12955 1
6661 12955 1
6599 12956 2
12968 12956 1
12959 12958 1
6685 12960 1
6583 12961 1
12885 12963 3
6685 12964 1
6533 12967 1
6673 12968 1
6599 12969 1
12968 12969 1
12968 12970 1
6599 12970 2
6603 12971 1
6635 12972 1
12972 12973 1
6635 12973 1
6565 12974 1
12883 12976 2
13021 12976 1
12976 12977 2
6680 12977 2
12913 12983 1
6586 12984 1
6556 12986 1
12949 12987 1
6599 12988 1
12987 12988 1
6599 12989 1
12987 12989 1
12957 12991 1
12991 12992 1
6588 12992 1
13018 12993 1
12994 12993 2
12869 12995 1
6538 13000 1
6538 13001 1
13000 13001 1
6584 13002 1
6685 13003 1
13006 13005 1
6533 13008 1
6665 13009 1
13008 13009 1
13013 13010 1
13008 13010 1
6645 13010 2
6645 13011 2
13008 13011 1
13013 13011 1
6606 13012 1
6533 13013 1
6565 13015 1
6685 13016 1
12934 13019 1
6592 13020 1
6635 13021 1
6535 13022 1
12936 13024 1
