424 78 1
79 80 3
82 81 3
389 83 1
790 83 2
85 84 1
381 85 1
279 85 1
380 85 1
379 85 3
354 86 1
84 86 1
87 86 6
802 86 1
362 86 1
458 86 1
328 86 1
114 87 1
281 87 1
271 87 1
279 87 1
782 87 1
85 87 1
331 88 1
89 88 2
98 88 1
974 89 2
459 90 1
91 90 2
297 91 1
789 91 1
102 92 1
389 93 1
95 93 5
94 93 3
789 94 2
96 95 8
97 98 1
412 98 2
114 98 2
796 99 2
367 99 1
101 100 3
103 102 3
768 102 1
970 102 1
270 104 1
768 104 1
105 104 2
305 106 1
83 106 1
105 106 6
93 106 1
110 106 1
768 107 1
270 107 1
105 107 4
107 108 2
107 109 2
111 110 2
391 110 1
112 111 2
276 113 1
114 113 2
798 114 1
271 114 1
489 114 3
268 115 7
359 115 3
113 115 2
358 115 2
278 115 2
85 268 2
114 268 2
271 268 3
279 268 2
789 269 1
272 271 3
273 271 1
279 271 1
85 271 1
275 274 1
315 275 5
409 275 2
107 275 1
271 276 1
276 277 1
975 277 1
276 278 1
279 278 2
433 279 1
271 279 1
323 279 3
276 280 1
281 280 1
806 281 1
404 281 3
271 281 1
406 281 1
805 281 1
284 283 1
301 284 2
289 284 1
286 285 4
353 285 1
397 285 1
807 285 1
283 285 1
374 286 2
346 286 1
284 286 4
93 287 1
106 288 1
287 288 1
768 289 1
291 290 6
451 290 1
413 290 1
313 290 1
336 290 1
346 291 1
309 291 4
454 291 2
398 292 1
299 292 1
449 292 2
360 292 1
290 292 3
293 292 11
401 292 1
803 292 1
440 292 1
981 293 2
300 293 2
395 293 2
779 293 2
307 293 4
291 293 6
982 294 5
295 294 5
78 295 14
295 296 5
970 298 4
300 299 2
338 300 2
346 300 1
768 301 1
303 302 2
389 302 1
789 303 3
305 304 1
790 305 2
389 305 1
304 306 1
106 306 1
308 307 2
346 307 1
980 307 2
310 309 7
311 310 7
312 310 7
978 311 10
978 312 12
309 313 1
105 314 1
390 315 1
345 315 1
302 315 1
343 315 1
105 315 6
766 316 1
397 317 1
386 317 1
316 317 1
772 317 4
450 317 1
319 318 1
339 319 2
289 319 1
318 320 1
319 320 1
318 321 1
970 321 1
768 322 1
371 324 5
295 324 5
295 325 5
421 325 5
441 326 5
295 326 5
295 327 5
378 327 5
271 328 1
329 330 3
974 331 2
972 331 1
331 332 1
331 333 1
470 334 1
335 334 2
309 336 1
401 337 1
293 337 7
299 337 1
290 337 3
449 337 2
768 339 1
275 340 1
343 342 1
389 343 1
303 343 2
315 344 1
342 344 1
269 345 2
389 345 1
346 347 1
346 348 1
346 349 1
346 350 1
346 351 1
346 352 1
284 353 1
782 354 1
355 356 3
279 357 1
357 358 1
85 358 2
357 359 1
361 359 1
271 359 3
981 360 1
85 361 1
281 362 1
293 363 4
766 365 1
365 366 1
970 366 1
796 367 1
98 368 1
368 369 1
88 369 2
369 370 2
371 370 2
88 371 2
78 371 6
373 372 2
459 372 1
789 373 1
297 373 1
101 375 3
789 376 1
297 376 1
789 377 1
297 377 1
78 378 6
972 378 2
382 383 3
385 383 1
419 383 2
383 384 1
418 384 2
796 386 1
786 387 1
293 388 4
789 389 1
303 390 2
389 390 1
112 391 3
275 392 1
302 393 1
393 394 1
315 394 1
81 395 4
311 395 5
284 397 1
395 398 1
400 399 2
459 399 1
789 400 1
297 400 1
779 401 2
972 402 2
453 402 1
378 403 2
402 403 2
473 406 2
408 407 2
459 407 1
789 408 1
297 408 1
105 409 2
270 409 1
768 409 1
799 410 1
411 410 2
309 413 1
298 414 1
414 415 1
298 415 2
415 416 2
298 416 2
391 417 1
419 418 2
382 418 2
786 420 1
78 421 6
423 422 2
459 422 1
297 423 1
789 423 1
102 426 1
426 427 1
92 427 1
429 428 1
429 430 2
428 430 1
813 430 1
424 431 1
78 432 1
431 432 1
459 434 1
435 434 2
789 435 1
297 435 1
793 436 1
793 437 1
436 437 1
377 438 2
459 438 1
981 440 1
78 441 6
284 442 1
442 443 1
284 443 1
295 444 1
778 445 1
444 445 1
110 446 1
106 447 1
446 447 1
980 448 1
800 449 1
307 449 4
448 449 1
770 450 1
309 451 1
975 453 1
114 455 1
455 456 1
98 456 1
802 457 1
98 457 2
455 457 1
279 458 1
297 459 1
789 459 1
459 460 1
459 461 1
459 462 1
459 463 1
459 464 1
459 465 1
459 466 1
459 467 1
83 468 1
468 469 1
106 469 1
376 471 2
459 471 1
981 472 1
786 475 1
390 476 1
476 477 1
315 477 1
389 478 1
389 479 1
389 480 1
389 481 1
389 482 1
389 483 1
389 484 1
275 486 1
345 487 1
315 488 1
487 488 1
289 766 1
767 766 2
768 767 1
275 768 4
786 768 4
770 769 1
791 770 2
289 770 1
397 771 1
769 771 1
283 771 1
353 771 1
415 771 2
99 771 2
807 771 1
772 771 9
796 772 3
770 772 2
298 772 2
284 772 4
766 772 1
769 773 1
99 773 2
774 773 3
346 774 1
396 774 2
770 774 1
796 774 2
99 775 2
353 775 1
769 775 1
397 775 1
365 775 1
781 775 1
807 775 1
283 775 1
776 775 10
795 775 1
796 776 3
766 776 1
284 776 4
770 776 1
782 776 1
296 777 5
778 777 6
295 778 6
346 779 1
780 779 2
782 781 1
93 782 1
341 782 3
276 783 1
784 783 3
397 783 1
781 783 1
271 784 1
782 784 1
284 784 1
786 785 1
104 786 2
107 786 1
95 786 4
106 786 5
340 787 1
785 787 1
392 787 1
486 787 1
768 787 8
387 787 1
475 787 1
420 787 1
274 787 1
789 788 3
475 788 1
785 788 1
274 788 1
786 789 2
275 789 1
789 790 2
768 791 1
768 793 4
794 793 3
796 795 1
289 796 1
322 796 2
970 797 1
795 797 1
980 800 1
295 801 1
114 802 1
395 803 1
284 807 1
295 808 1
808 809 1
810 809 1
295 810 1
383 812 1
429 813 1
289 814 1
289 815 1
289 816 1
289 817 1
289 818 1
796 970 3
766 970 1
284 970 1
981 970 2
319 970 1
795 971 1
807 971 1
472 971 1
440 971 1
970 971 6
99 971 2
975 972 1
973 972 2
331 972 1
974 973 2
976 975 2
271 975 1
97 975 1
978 977 10
977 979 7
312 979 7
979 980 7
81 981 4
977 981 5
78 982 6
