6282 6281 5
6283 6282 22
6285 6284 6
8119 6286 1
7225 6286 2
6613 6286 2
7864 6286 2
8173 6286 2
6287 6286 6
8614 6286 2
6289 6288 13
7207 6289 1
6999 6289 5
9092 6290 1
6288 6290 13
6289 6290 15
6289 6291 15
6290 6291 15
6294 6293 2
6293 6293 4
6295 6294 25
6297 6296 1
7156 6297 3
8318 6297 3
7175 6297 4
7349 6297 1
8939 6297 2
6299 6298 3
8225 6298 1
6296 6298 1
8449 6298 1
6461 6299 25
6345 6299 1
7992 6299 2
6539 6299 4
8117 6299 1
6297 6299 1
6301 6300 25
6283 6301 94
6302 6301 46
6303 6304 2
6306 6305 4
6308 6307 1
7582 6308 1
6461 6308 4
7992 6308 2
6307 6309 1
6308 6309 2
8951 6309 1
6295 6310 1
6311 6312 1
6314 6313 1
6295 6314 3
8710 6315 1
6315 6316 1
7401 6316 3
8571 6316 7
8509 6317 1
6316 6317 10
6316 6318 10
7731 6319 1
6316 6319 10
9057 6320 2
6315 6320 1
8834 6322 1
9102 6322 1
7459 6322 1
7460 6322 5
6321 6322 3
6324 6323 5
6283 6324 12
6864 6325 28
8437 6326 3
8062 6326 1
6902 6326 1
6892 6326 1
8060 6326 3
8399 6326 5
8375 6326 3
6703 6326 1
8202 6326 6
6414 6326 1
8533 6326 2
6933 6326 1
6931 6326 1
6614 6326 1
7640 6326 11
6897 6326 1
7467 6326 2
8425 6326 7
9275 6326 1
6865 6326 1
8629 6326 2
9113 6326 1
6921 6326 1
7863 6326 1
6928 6326 1
6849 6326 1
8532 6326 2
8438 6326 3
8059 6326 2
6376 6326 116
6900 6326 1
6876 6326 1
8821 6326 2
8423 6326 5
6325 6326 1
7142 6326 3
8530 6326 1
8366 6326 1
6705 6326 1
8130 6326 2
6878 6326 1
8535 6326 2
6932 6326 1
7143 6326 20
6890 6326 1
8420 6326 6
6594 6326 7
6593 6326 1
7462 6326 14
6919 6326 1
8061 6326 1
6874 6326 1
8064 6326 1
8426 6326 6
8534 6326 3
8128 6326 1
6706 6326 1
6873 6326 1
8874 6326 2
6909 6326 1
6922 6326 1
7747 6326 2
6501 6326 22
6502 6326 1
6503 6326 1
6871 6326 1
6879 6326 1
6696 6326 1
8537 6326 2
6700 6326 1
6924 6326 1
6504 6326 1
6927 6326 1
6934 6326 1
8421 6326 4
6893 6326 1
7147 6326 2
7465 6326 3
6916 6326 1
6610 6326 7
6913 6326 1
6908 6326 1
6898 6326 1
6930 6326 1
7461 6326 2
6915 6326 1
6920 6326 1
6866 6326 1
6868 6326 1
6905 6326 1
8536 6326 2
7463 6326 3
8911 6326 1
6923 6326 1
6617 6326 1
8065 6326 1
6895 6326 1
8686 6326 3
6875 6326 1
6894 6326 1
6896 6326 1
6702 6326 1
6884 6326 1
7141 6326 2
8063 6326 1
6917 6326 1
6914 6326 1
6847 6326 1
8909 6326 2
6918 6326 1
9009 6326 1
6701 6326 1
6370 6326 116
7098 6327 1
6357 6327 120
7424 6327 19
7609 6327 1
6377 6327 118
6337 6327 144
6334 6327 175
6372 6327 135
6350 6327 145
6354 6327 122
7063 6327 1
6864 6327 1
7607 6327 1
8458 6327 1
8805 6327 1
7572 6327 1
6355 6327 121
8859 6327 1
7608 6327 1
8585 6327 1
8206 6327 1
7370 6327 1
7294 6327 1
6341 6327 147
7846 6327 1
8906 6327 1
8907 6327 1
8069 6327 1
6326 6327 117
6351 6327 145
6356 6327 124
6677 6327 1
6691 6328 1
8340 6328 2
7741 6328 5
6327 6328 176
6818 6328 9
7532 6328 2
7180 6328 1
8590 6328 1
6631 6328 1
8023 6328 1
8805 6329 1
7572 6329 1
7532 6329 2
8590 6329 1
6327 6329 176
6631 6330 1
6329 6330 179
7741 6330 5
8981 6330 1
6329 6331 179
8981 6331 1
6327 6332 176
6869 6332 1
7532 6332 2
8981 6332 1
6819 6332 13
8590 6332 1
7179 6332 1
6329 6332 179
8590 6333 1
6327 6333 176
7532 6333 2
8590 6334 1
7098 6334 1
6327 6334 175
7532 6334 2
6356 6334 124
6631 6335 1
8069 6335 1
7741 6335 5
6334 6335 178
6864 6336 1
6326 6336 117
6864 6337 1
6326 6337 117
7129 6337 1
7609 6337 1
6355 6337 121
7424 6337 19
8585 6337 1
6353 6337 143
6677 6337 1
7608 6338 1
8911 6338 1
6702 6338 1
7462 6338 14
6892 6338 1
8064 6338 1
8061 6338 1
6895 6338 1
6934 6338 1
6337 6338 144
9113 6338 1
7461 6338 2
6913 6338 1
8423 6338 5
6890 6338 1
8420 6338 6
6919 6338 1
8059 6338 2
7608 6339 1
6337 6339 144
7294 6339 1
6357 6339 120
6827 6340 15
7505 6340 1
6833 6340 11
7608 6340 1
8205 6340 1
9257 6340 1
7370 6340 1
6882 6340 1
7741 6340 5
8196 6340 4
6341 6340 147
8190 6340 5
6620 6340 1
6635 6340 1
6625 6340 1
6624 6340 1
6631 6340 1
6627 6340 1
7133 6340 1
6337 6340 144
8191 6340 6
6626 6340 1
8365 6340 1
6349 6340 148
6928 6340 1
8421 6340 4
8197 6340 4
6880 6340 1
6835 6340 12
8189 6340 6
6881 6340 1
6337 6341 144
7572 6341 1
6326 6341 117
7608 6341 1
6864 6341 1
8805 6341 1
6357 6341 120
7294 6341 1
6341 6342 147
7370 6342 1
6836 6343 11
8205 6343 1
8201 6343 5
6341 6343 147
6827 6343 15
8190 6343 5
9257 6343 1
6624 6343 1
6629 6343 1
6627 6343 1
8189 6343 6
6620 6343 1
8365 6343 1
8197 6343 4
7370 6343 1
6623 6343 1
6341 6344 147
7370 6344 1
6341 6345 147
7370 6345 1
7370 6346 1
8532 6346 2
6341 6346 147
6896 6346 1
7370 6347 1
6635 6347 1
6835 6347 12
7179 6347 1
6341 6347 147
6819 6347 13
8425 6348 7
6629 6348 1
8421 6348 4
8191 6348 6
6819 6348 13
7179 6348 1
6928 6348 1
6626 6348 1
8201 6348 5
6341 6348 147
8206 6348 1
6625 6348 1
8196 6348 4
6932 6348 1
7370 6348 1
6341 6349 147
7370 6349 1
7608 6350 1
6337 6350 144
6337 6351 144
7608 6351 1
6351 6352 145
7063 6352 1
6372 6352 135
8907 6352 1
7608 6353 1
6337 6353 143
7609 6354 1
6326 6354 117
6864 6354 1
6355 6354 121
6361 6355 118
7295 6355 1
6357 6355 120
6326 6355 117
7294 6355 1
6864 6355 1
8690 6355 1
8365 6356 1
8205 6356 1
7609 6356 1
6355 6356 121
7295 6357 1
6364 6357 118
6864 6357 1
6326 6357 117
7296 6357 1
8690 6357 1
6361 6357 118
7294 6358 1
6357 6358 120
6895 6359 1
6706 6359 1
8536 6359 2
6930 6359 1
6705 6359 1
6623 6359 1
8423 6359 5
8530 6359 1
8426 6359 6
8535 6359 2
9257 6359 1
6836 6359 11
8533 6359 2
6627 6359 1
6616 6359 1
6927 6359 1
6849 6359 1
8532 6359 2
6835 6359 12
6610 6359 7
6357 6359 120
6896 6359 1
6593 6359 1
6908 6359 1
6827 6359 15
6933 6359 1
6869 6359 1
8537 6359 2
6833 6359 11
7142 6359 3
7294 6359 1
8538 6359 1
7505 6359 1
6912 6359 1
8197 6359 4
8910 6359 2
6635 6359 1
6827 6360 15
9257 6360 1
8205 6360 1
8196 6360 4
8060 6360 3
6703 6360 1
6357 6360 120
6625 6360 1
7294 6360 1
6626 6360 1
8191 6360 6
8365 6360 1
6364 6361 117
7296 6361 1
6864 6361 1
6326 6361 116
7295 6362 1
8690 6362 1
6361 6362 118
7295 6363 1
6361 6363 118
8690 6363 1
6864 6364 1
6326 6364 117
6326 6365 117
6864 6365 1
6365 6366 118
8338 6366 1
7922 6366 1
8910 6366 2
6616 6366 1
6864 6367 1
6326 6367 117
6367 6368 118
8068 6368 1
6370 6369 117
8068 6369 1
6879 6369 1
7178 6369 1
6830 6369 16
6885 6369 1
6367 6369 118
6594 6369 7
6884 6369 1
6882 6370 1
6883 6370 1
6326 6370 116
6864 6370 1
6846 6370 1
6881 6370 1
6414 6370 1
6880 6370 1
8202 6370 6
7548 6371 1
8343 6371 1
8256 6371 1
6844 6371 1
9019 6371 1
8131 6371 4
8823 6371 3
6370 6371 117
9274 6371 1
8347 6371 1
8344 6371 1
8346 6371 1
7145 6371 30
8037 6371 1
7388 6371 9
9222 6371 1
8999 6371 1
7546 6371 1
6845 6371 1
7530 6371 6
6843 6371 1
7332 6371 1
7920 6371 1
6879 6371 1
6885 6372 1
6371 6372 134
8342 6372 1
6869 6373 1
8907 6373 1
8206 6373 1
6372 6373 135
6834 6373 11
8947 6373 1
6372 6374 135
6819 6374 13
7179 6374 1
8907 6374 1
6869 6374 1
6372 6375 135
8340 6375 2
8206 6375 1
8907 6375 1
6691 6375 1
6864 6376 1
6326 6376 116
6864 6377 1
6326 6377 117
6379 6378 4
6380 6379 4
6381 6379 1
6382 6381 5
6399 6383 1
6384 6383 4
6386 6384 5
6387 6384 5
6385 6384 10
8314 6387 1
8120 6387 1
6396 6387 10
6571 6387 3
6383 6387 1
6398 6387 10
6389 6387 10
6388 6387 12
6397 6387 10
8518 6387 1
6390 6387 10
6391 6387 10
7586 6387 1
6392 6387 10
6387 6389 5
6396 6392 11
6395 6392 11
8566 6392 1
6394 6392 11
6345 6392 11
6393 6392 12
6401 6400 4
6461 6401 44
8117 6401 1
6535 6401 1
7992 6401 3
7356 6401 1
7511 6402 11
6403 6402 20
6400 6402 4
6808 6402 4
7868 6403 1
6976 6403 1
6991 6403 2
6567 6403 25
6546 6403 4
6956 6403 2
6992 6403 2
6972 6403 3
7633 6403 2
6580 6403 15
7304 6403 3
6812 6403 1
7207 6403 5
6401 6403 28
6990 6403 2
6944 6403 1
6988 6403 1
6299 6403 6
6507 6403 1
6983 6403 1
6748 6403 2
7947 6403 1
6471 6403 16
6637 6403 10
7677 6403 8
8894 6404 4
7323 6404 2
6639 6404 5
7335 6404 2
8970 6404 1
8717 6404 2
8449 6404 1
7818 6404 3
8163 6404 2
8148 6404 2
7508 6404 2
8150 6404 2
6638 6404 11
6402 6404 20
8500 6404 2
7339 6404 1
8154 6404 2
7474 6404 2
8161 6404 2
6405 6404 53
6983 6405 1
6963 6405 1
7578 6405 9
6299 6405 2
6972 6405 3
6419 6405 21
6535 6405 3
7992 6405 2
6580 6405 12
6950 6405 8
6546 6405 2
6401 6405 8
7868 6405 1
6403 6405 189
7677 6405 1
7207 6405 5
6732 6405 7
7356 6405 1
6805 6405 16
6461 6405 43
7633 6405 2
7110 6405 12
6567 6405 11
7218 6405 7
6956 6405 2
6518 6405 7
6578 6405 7
6782 6405 14
6976 6405 1
6514 6405 14
8117 6405 1
7304 6405 3
6507 6405 1
8257 6406 3
6639 6406 5
7822 6406 3
7971 6406 3
8556 6406 1
8869 6406 1
7676 6406 7
7672 6406 3
9043 6406 1
8894 6406 4
7553 6406 1
9394 6406 1
7224 6406 1
7818 6406 3
7756 6406 2
8448 6406 1
6403 6406 119
7558 6406 1
7244 6406 2
8044 6406 2
6470 6406 8
8779 6406 1
7827 6406 2
9228 6406 1
7470 6406 2
6545 6406 1
7102 6406 3
8444 6406 1
6638 6406 11
7409 6406 3
7635 6406 2
9011 6406 1
9343 6406 1
6402 6406 20
7571 6406 2
8204 6406 2
8443 6406 2
8808 6406 2
8611 6406 5
7223 6406 6
8164 6406 3
8678 6406 3
8227 6407 2
8916 6407 3
8384 6407 3
9129 6407 1
8267 6407 1
8835 6407 3
8857 6407 3
7341 6407 2
6460 6407 2
7300 6407 1
8649 6407 1
8515 6407 1
7117 6407 3
8604 6407 2
6406 6407 119
6513 6407 6
7282 6407 5
7580 6407 6
6405 6407 202
8984 6407 1
6806 6407 6
9230 6407 1
8045 6407 1
6766 6407 9
9007 6407 1
7919 6407 5
9224 6407 1
8967 6407 1
7344 6407 2
9183 6407 1
8721 6407 3
8854 6407 1
9071 6407 1
8636 6407 1
9040 6407 1
6463 6408 102
6405 6408 270
6407 6408 202
8943 6409 2
7755 6409 2
7985 6409 9
6810 6409 1
8371 6409 3
7324 6409 7
7387 6409 2
9143 6409 3
6408 6409 270
9265 6409 1
7058 6409 2
9258 6409 1
7327 6409 8
8434 6409 1
6405 6409 309
8547 6409 3
6755 6409 1
6958 6409 12
8578 6410 1
8461 6410 2
6547 6410 65
6469 6410 7
8970 6410 1
7335 6410 2
8150 6410 2
6954 6410 1
6463 6410 102
9252 6410 1
8230 6410 1
7508 6410 2
7474 6410 2
6421 6410 18
7323 6410 2
8251 6410 1
7127 6410 1
8364 6410 1
7339 6410 1
8500 6410 2
7222 6410 1
8154 6410 2
7456 6410 1
6407 6410 202
6405 6410 292
8148 6410 2
9033 6410 1
9284 6410 1
8449 6410 1
9176 6410 1
8884 6411 1
6424 6411 19
6407 6411 202
6463 6411 102
6412 6411 288
7578 6412 6
6950 6412 4
6405 6412 286
6403 6412 4
6518 6412 4
7218 6412 4
6578 6412 4
6732 6412 4
6514 6412 8
6805 6412 8
6419 6412 12
7110 6412 4
6782 6412 8
6864 6414 28
6879 6414 28
8202 6415 6
6414 6415 1
6869 6415 1
6416 6417 18
8620 6418 3
6419 6418 6
8289 6419 3
6405 6419 8
6951 6420 2
6765 6420 6
7860 6420 4
7844 6420 4
8856 6420 2
7116 6420 2
6405 6420 47
8898 6420 2
7666 6420 2
8482 6420 2
8855 6420 3
6418 6420 6
7174 6420 2
7605 6420 4
7203 6420 4
7536 6420 2
6418 6421 6
8482 6421 2
6405 6421 18
7605 6421 4
8855 6421 3
8898 6421 2
7636 6422 7
8599 6422 1
8148 6422 2
9176 6422 1
9252 6422 1
8251 6422 1
8967 6422 1
8500 6422 2
8970 6422 1
9230 6422 1
6405 6422 127
8499 6422 1
6460 6422 2
8968 6422 1
7222 6422 1
7335 6422 2
6954 6422 1
7127 6422 1
8984 6422 1
8716 6422 1
7717 6422 1
7953 6422 3
8364 6422 1
8230 6422 1
9284 6422 1
9181 6422 1
8218 6422 2
8227 6422 2
9331 6422 1
9033 6422 1
8717 6422 2
6469 6422 7
8461 6422 2
7339 6422 1
6547 6422 65
8138 6422 1
6421 6422 18
8165 6422 2
7569 6422 1
8239 6422 1
7344 6422 2
7456 6422 1
8957 6422 1
8328 6422 1
7341 6422 2
9183 6422 1
7433 6422 10
7757 6422 13
7323 6422 2
8578 6422 1
8500 6423 2
7341 6423 2
7222 6423 1
6469 6423 7
8230 6423 1
7717 6423 1
6421 6423 18
8461 6423 2
8967 6423 1
7456 6423 1
8138 6423 1
7127 6423 1
6547 6423 65
9331 6423 1
9230 6423 1
6405 6423 125
8364 6423 1
9183 6423 1
9252 6423 1
9181 6423 1
8165 6423 2
7344 6423 2
6460 6423 2
8391 6423 1
8150 6423 2
8970 6423 1
8599 6423 1
8984 6423 1
8968 6423 1
8499 6423 1
8251 6423 1
7569 6423 1
8717 6423 2
7339 6423 1
9033 6423 1
9284 6423 1
9176 6423 1
8227 6423 2
6954 6423 1
8716 6423 1
8578 6423 1
8218 6423 2
8239 6423 1
6421 6424 18
6412 6424 19
6424 6425 19
6412 6425 127
8884 6425 1
6407 6425 5
6463 6425 102
8929 6425 1
6421 6426 18
6405 6426 18
6421 6427 18
6405 6427 18
6421 6428 18
6405 6428 18
6429 6430 1
8942 6430 1
6452 6431 3
6430 6431 3
6693 6451 15
6431 6451 5
6684 6451 18
6429 6452 1
8942 6452 1
6687 6453 16
8942 6453 1
6677 6453 13
6429 6453 1
7731 6454 1
8080 6454 1
8708 6454 1
6322 6454 2
9348 6455 1
8752 6455 1
6322 6455 2
8080 6455 1
8322 6455 1
6464 6456 1
8793 6456 1
6322 6456 2
8752 6456 1
6322 6457 1
6322 6458 1
6322 6459 1
6461 6460 2
7339 6460 1
7935 6461 1
8227 6462 2
6460 6462 2
8578 6462 1
9183 6462 1
7341 6462 2
6405 6462 8
8967 6462 1
7339 6462 1
8364 6463 1
8148 6463 2
9183 6463 1
7341 6463 2
6405 6463 102
6547 6463 65
6460 6463 2
9284 6463 1
9176 6463 1
8251 6463 1
7127 6463 1
8717 6463 2
8150 6463 2
9033 6463 1
7339 6463 1
7222 6463 1
7344 6463 2
8967 6463 1
6469 6463 7
8227 6463 2
7323 6463 2
7335 6463 2
8461 6463 2
8230 6463 1
9252 6463 1
8984 6463 1
8500 6463 2
6464 6465 1
9162 6465 1
8793 6465 1
9120 6465 1
9214 6465 1
8376 6465 1
6306 6466 4
6403 6468 2
8231 6469 1
6403 6469 7
6468 6469 2
8707 6469 2
6471 6470 8
6473 6472 5
6940 6473 6
6474 6473 14
6600 6473 6
7942 6473 6
7916 6473 6
6475 6476 2
6478 6477 5
6283 6478 8
6480 6479 4
6481 6482 1
8710 6482 1
6481 6483 1
8710 6483 1
6481 6484 1
9362 6486 1
9227 6486 1
9124 6486 1
6485 6486 1
8543 6486 1
8836 6486 1
6489 6488 4
6491 6490 2
9046 6490 1
7348 6491 3
7995 6491 1
7351 6491 4
7349 6491 3
7357 6491 4
6493 6492 3
6490 6492 2
6537 6493 3
6491 6493 11
7357 6493 4
8565 6494 1
8433 6494 3
8959 6494 1
6493 6494 8
6492 6494 3
9151 6494 1
8270 6496 2
7390 6496 4
6716 6496 4
7878 6496 2
7611 6496 2
7610 6496 1
6495 6496 4
6563 6496 4
6786 6496 4
7750 6496 3
7115 6496 4
7005 6496 2
9233 6497 1
7724 6497 10
6786 6497 3
6495 6497 3
6563 6497 2
7115 6497 2
6630 6498 30
6632 6499 1
6629 6499 1
8197 6499 4
8196 6499 4
7741 6499 5
8203 6499 5
6826 6499 14
6498 6499 1
6626 6499 1
6620 6499 1
6624 6499 1
6625 6499 1
6627 6499 1
6631 6499 1
8191 6499 6
6619 6499 1
6616 6499 1
8200 6499 5
6633 6499 1
8910 6499 2
8190 6499 5
8201 6499 5
8189 6499 6
8947 6500 1
7181 6500 1
6834 6500 11
6630 6500 1
6869 6500 1
6499 6500 19
8192 6500 8
8189 6501 6
6499 6501 19
8191 6501 6
6619 6501 1
8197 6501 4
6624 6501 1
6616 6501 1
8195 6501 5
6626 6501 1
6627 6501 1
6635 6501 1
8196 6501 4
6615 6501 1
6835 6501 12
6628 6501 1
8188 6501 3
6634 6501 1
8198 6501 4
6826 6501 14
6621 6501 1
6620 6501 1
6829 6501 15
6623 6501 1
8194 6501 5
6625 6501 1
6630 6501 1
6836 6501 11
8910 6501 2
6622 6501 1
8190 6501 5
6864 6502 28
8256 6503 7
6502 6503 29
6864 6503 28
6864 6504 28
6898 6504 32
6844 6504 12
6847 6504 33
6503 6504 31
6866 6504 32
6902 6504 31
6890 6504 29
6910 6504 35
6503 6505 31
6507 6506 3
8439 6506 2
6461 6507 2
6506 6508 3
6507 6508 4
6508 6509 4
6507 6509 4
6511 6510 1
6858 6511 6
6511 6512 1
6510 6512 1
6514 6513 6
7285 6513 2
7860 6513 2
6405 6514 6
6513 6515 6
6514 6515 8
6807 6516 8
7899 6516 4
6754 6516 3
8363 6516 2
6767 6516 12
6515 6516 8
7128 6516 6
7637 6516 6
7118 6516 4
7245 6516 4
6412 6516 77
7908 6516 4
6781 6516 8
8858 6516 4
8266 6516 4
8290 6517 1
6518 6517 2
6405 6518 4
6517 6519 2
7476 6519 6
7667 6519 2
7986 6519 4
7109 6519 7
6731 6519 2
6405 6519 24
7219 6519 2
6521 6520 3
8459 6523 1
9197 6523 1
9233 6523 1
6522 6523 1
6521 6524 3
6600 6525 1
6527 6526 8
6972 6527 5
6526 6528 8
6527 6528 9
6528 6529 9
6527 6529 9
6531 6530 4
6345 6530 1
7186 6531 10
7188 6531 3
6532 6531 6
7059 6531 1
7061 6531 1
7189 6531 3
6345 6531 3
6533 6531 6
6542 6535 2
6541 6535 5
6544 6535 2
6536 6535 6
6537 6536 9
6539 6536 4
7992 6536 1
6535 6536 3
6538 6536 9
6297 6536 5
8117 6536 1
6535 6539 2
6536 6539 7
6540 6539 5
6543 6542 2
6536 6543 2
7468 6543 1
6546 6545 1
7304 6546 1
6285 6546 4
9380 6547 1
7433 6547 10
7555 6547 5
9394 6547 1
7528 6547 1
8257 6547 3
8444 6547 1
8567 6547 3
7322 6547 2
8957 6547 1
6545 6547 1
7636 6547 7
8678 6547 3
7853 6547 1
7953 6547 3
9294 6547 1
7409 6547 3
6566 6547 1
7816 6547 1
6403 6547 65
8463 6547 1
7570 6547 2
8869 6547 1
7757 6547 13
6405 6548 84
6566 6548 1
8869 6548 1
7635 6548 2
8607 6548 2
8239 6548 1
7409 6548 3
8227 6548 2
7432 6548 1
8147 6548 2
7570 6548 2
8159 6548 2
9394 6548 1
7508 6548 2
7339 6548 1
8161 6548 2
8044 6548 6
7816 6548 1
8622 6548 1
8439 6548 2
8139 6548 2
8463 6548 1
8649 6548 1
8148 6548 2
7323 6548 2
8443 6548 2
7322 6548 2
7474 6548 2
7569 6548 1
8716 6548 1
8968 6548 1
8154 6548 2
8257 6548 3
7510 6548 8
7528 6548 1
8449 6548 1
7344 6548 2
8766 6548 2
7555 6548 5
8499 6548 1
8507 6548 2
8606 6548 2
9331 6548 1
7335 6548 2
6545 6548 1
8567 6548 3
8967 6548 1
8165 6548 2
8678 6548 3
8500 6548 2
8717 6548 2
8444 6548 1
8984 6548 1
8599 6548 1
7756 6548 6
8138 6548 1
8150 6548 2
6280 6550 2
6554 6551 3
6552 6551 4
6553 6552 7
6556 6555 3
6555 6556 3
6555 6557 3
8814 6558 1
6560 6559 2
6980 6560 5
6560 6561 4
8739 6561 1
6559 6561 2
6561 6562 4
6560 6562 4
6786 6564 5
9153 6564 1
7390 6564 3
7613 6564 1
6495 6564 6
7890 6564 1
7735 6564 1
9102 6564 1
7301 6564 1
9362 6564 1
6322 6564 1
6716 6564 1
8710 6564 1
7115 6564 4
9044 6564 1
8866 6564 1
7724 6564 1
9053 6564 2
9277 6564 1
6563 6564 5
9020 6564 1
9044 6565 1
8397 6565 1
9025 6565 1
8178 6565 1
6322 6565 1
7115 6565 4
7301 6565 1
6495 6565 2
7613 6565 1
6786 6565 4
8179 6565 2
7735 6565 1
9020 6565 1
8249 6565 2
7890 6565 1
9153 6565 1
7642 6565 4
6716 6565 3
7447 6565 6
7459 6565 2
6563 6565 2
9352 6565 1
9003 6565 1
6567 6566 1
6569 6568 4
8318 6568 1
6386 6568 3
8008 6570 1
6571 6570 2
8315 6571 1
7136 6571 1
6742 6571 1
6570 6572 2
6573 6572 2
6571 6573 2
6480 6575 4
6302 6576 3
6301 6576 9
6294 6576 3
6461 6577 1
6405 6578 4
6580 6579 5
6285 6580 8
6461 6580 2
6582 6581 5
6283 6582 10
6584 6583 1
6584 6585 6
8993 6585 1
8961 6585 1
8118 6585 2
7389 6585 1
6583 6585 1
6283 6587 8
6589 6588 5
6590 6589 6
6591 6590 4
6592 6591 6
6597 6593 1
6864 6593 28
6594 6593 1
6884 6593 33
6888 6593 33
6609 6593 33
6610 6594 6
6593 6594 1
6627 6595 1
6624 6595 1
6631 6595 1
6594 6595 7
6884 6595 1
6626 6595 1
6625 6595 1
6634 6595 1
7741 6595 5
6829 6595 15
8197 6595 4
8190 6595 5
6620 6595 1
8952 6595 1
8191 6595 6
8189 6595 6
8196 6595 4
6889 6596 1
6593 6596 1
6610 6596 6
6609 6597 1
6887 6597 1
6598 6597 6
6888 6597 1
6596 6597 6
6610 6598 6
6593 6598 1
6600 6599 1
6603 6600 24
6601 6600 24
6604 6600 24
6602 6600 24
6602 6601 34
6606 6605 1
6605 6607 1
6606 6607 2
9382 6607 1
6886 6609 33
6610 6609 1
6885 6610 1
6594 6610 6
6884 6610 1
6597 6610 6
6886 6610 1
6611 6612 1
6322 6612 1
9003 6612 1
8727 6612 1
7754 6612 1
8875 6612 1
9218 6612 1
8029 6612 1
8080 6612 1
7730 6612 1
9154 6612 1
7641 6612 1
9018 6612 1
6864 6614 28
6621 6615 46
6619 6615 36
6624 6615 41
6625 6615 43
6628 6615 37
6627 6615 44
6620 6615 43
6622 6615 53
6614 6615 29
6626 6615 42
6623 6616 37
6615 6616 57
6630 6616 30
6614 6616 29
6634 6616 33
6897 6617 31
6616 6617 58
6864 6617 28
6617 6618 60
6630 6619 30
6614 6619 29
9257 6619 1
6634 6619 33
7505 6620 1
6635 6620 30
8947 6620 1
7180 6620 4
6614 6620 29
6623 6620 37
6619 6620 36
9257 6620 1
6630 6620 30
6614 6621 29
6625 6621 43
6620 6621 43
6619 6621 36
6614 6622 29
7181 6622 3
6633 6622 32
6625 6622 43
6621 6622 46
6632 6622 34
6628 6622 37
6619 6622 36
6629 6622 39
6624 6622 41
6620 6622 43
6614 6623 29
6619 6623 36
6623 6624 37
6619 6624 36
8947 6624 1
6635 6624 30
6630 6624 30
9257 6624 1
6614 6624 29
7505 6624 1
9257 6625 1
7181 6625 3
6619 6625 36
7505 6625 1
6635 6625 30
6623 6625 37
8947 6625 1
6630 6625 30
6614 6625 29
7179 6625 3
6614 6626 29
8947 6626 1
7179 6626 3
7505 6626 1
6635 6626 30
6619 6626 36
6623 6626 37
9257 6626 1
6630 6626 30
6623 6627 37
6614 6627 29
8947 6627 1
6619 6627 36
6635 6627 30
9257 6627 1
7505 6627 1
6630 6627 30
6631 6627 35
6619 6628 36
6614 6628 29
9257 6629 1
6630 6629 30
6619 6629 36
7181 6629 3
6414 6629 29
6614 6630 29
7180 6631 4
6630 6631 30
6630 6632 30
7179 6632 3
6635 6633 30
6630 6633 30
6614 6634 29
7178 6634 3
6614 6635 29
6637 6636 7
8439 6636 2
6461 6637 3
7716 6638 5
6636 6638 5
6403 6638 11
6636 6639 2
6403 6639 5
7716 6639 2
8176 6640 5
6640 6641 7
8710 6642 1
7445 6642 5
6642 6643 6
7446 6643 6
9178 6643 1
8849 6643 1
6642 6644 6
8018 6644 1
9195 6644 1
7073 6644 3
6536 6645 1
6645 6646 1
6536 6646 5
7991 6646 1
8431 6646 1
9341 6646 1
9250 6647 2
6539 6647 7
6646 6647 5
6648 6649 1
6648 6650 1
6301 6651 5
6652 6653 1
6471 6654 4
6656 6655 5
6654 6655 4
6471 6656 4
6993 6656 5
6655 6657 5
6656 6657 5
6591 6658 4
8271 6660 1
6659 6660 1
8680 6662 1
6661 6662 4
9358 6662 1
9362 6662 1
8840 6662 1
8695 6662 1
7917 6662 1
8459 6662 1
8540 6662 1
8116 6662 1
8385 6663 1
6661 6663 8
6661 6664 4
6661 6665 4
9233 6665 1
6301 6666 5
6382 6667 5
6670 6669 12
6972 6670 5
6670 6671 13
6669 6671 12
6671 6672 13
6670 6672 13
6674 6673 4
6480 6675 4
8590 6677 4
6676 6677 1
7608 6677 11
6677 6678 13
6688 6679 14
6678 6679 14
6680 6679 16
6688 6680 14
6678 6680 14
6690 6681 16
6680 6681 16
6678 6681 14
6688 6681 14
6691 6682 14
6677 6682 13
6688 6682 14
6684 6682 18
6678 6682 14
6682 6683 20
6688 6684 14
6678 6684 14
6690 6684 16
6677 6685 13
6688 6685 14
6684 6685 18
6685 6686 19
6687 6686 16
6677 6686 13
6692 6687 14
6678 6687 14
6677 6688 13
6677 6689 13
6688 6689 14
6689 6690 15
6677 6691 13
6677 6692 13
6692 6693 14
6677 6694 13
9085 6694 1
6677 6695 13
6864 6696 28
6676 6696 1
6697 6696 31
6784 6696 1
7640 6697 1
6696 6697 31
6696 6698 31
6696 6699 31
6696 6700 31
6864 6700 28
6892 6701 30
6704 6701 37
6864 6701 28
6919 6701 29
6890 6701 29
6916 6701 29
6894 6701 34
6700 6701 32
6915 6701 29
8060 6702 1
6864 6702 28
6696 6702 31
6703 6702 36
8333 6702 1
6902 6702 31
6864 6703 28
8911 6703 1
6702 6703 36
6702 6704 36
6895 6705 33
6931 6705 29
6696 6705 31
6864 6705 28
6896 6706 34
6895 6706 33
6849 6706 41
6931 6706 29
6864 6706 28
6902 6706 31
6930 6706 29
6705 6706 38
6927 6706 29
6912 6707 32
6706 6707 50
6709 6708 5
6710 6709 10
6712 6713 1
6712 6714 1
6301 6715 5
6718 6717 5
6719 6718 6
6721 6720 1
6980 6721 5
6721 6722 4
6746 6722 2
6720 6722 1
6722 6723 4
6721 6723 4
6301 6724 5
6283 6726 12
6726 6727 5
6726 6728 5
6726 6729 5
6726 6730 5
7931 6731 1
6732 6731 2
6405 6732 4
6733 6734 1
6736 6735 5
6283 6736 8
6301 6737 5
6739 6738 4
7489 6738 1
6740 6738 4
6294 6739 3
7404 6739 3
7406 6739 3
7403 6739 3
7405 6739 3
6967 6739 3
6600 6739 3
6742 6741 1
7166 6742 2
7165 6742 2
7162 6742 2
6799 6742 2
6744 6742 2
6568 6742 2
6769 6742 2
6386 6742 2
6387 6742 2
7135 6742 5
6388 6742 2
7169 6742 2
7167 6742 2
6744 6743 1
6741 6743 1
6388 6744 5
6394 6744 3
6742 6744 2
6396 6744 3
7162 6744 3
6721 6746 2
6748 6747 5
7380 6747 4
6471 6748 4
6988 6748 5
6748 6749 5
6747 6749 5
6751 6750 2
6981 6751 6
8850 6752 1
6750 6752 2
6751 6752 4
6752 6753 4
6751 6753 4
6412 6754 3
6405 6755 1
6758 6757 1
9173 6759 3
6757 6759 1
9067 6759 3
9031 6759 2
9189 6759 1
9031 6760 2
6757 6760 1
9067 6760 3
9189 6760 1
9173 6760 3
9173 6761 3
9175 6761 4
6757 6761 1
9189 6761 1
9067 6761 3
9031 6761 2
7699 6762 7
6763 6762 8
6972 6763 5
6762 6764 8
6763 6764 8
6419 6765 15
7315 6765 6
6765 6766 3
7560 6766 3
6419 6766 9
6419 6767 12
6766 6767 9
6769 6768 2
8820 6768 1
7164 6769 3
7163 6769 3
6773 6769 6
6798 6769 3
6742 6769 8
6768 6770 2
8253 6770 2
6771 6770 4
6769 6771 12
7170 6771 7
6768 6772 2
7439 6772 4
8583 6772 2
7702 6772 2
9246 6772 1
6773 6772 18
7823 6772 2
8253 6772 2
7711 6772 2
6794 6773 6
6396 6773 6
6796 6773 6
7170 6773 9
6802 6773 6
7136 6773 3
6742 6773 3
6800 6773 6
6799 6773 6
6801 6773 6
6793 6773 10
6795 6773 6
6803 6773 6
6798 6773 6
6769 6773 15
6797 6773 6
6345 6773 6
6772 6774 18
6773 6774 20
8012 6774 3
6773 6775 20
8012 6775 3
6772 6775 18
6772 6776 18
6773 6776 18
8012 6777 3
6773 6777 23
6772 6777 18
7284 6777 3
6345 6778 1
6779 6778 3
7580 6781 6
6782 6781 8
6405 6782 6
7304 6782 1
6677 6783 1
7424 6783 19
7640 6783 11
8585 6783 1
6696 6783 1
6696 6784 1
7640 6784 10
9233 6786 1
6286 6787 1
6324 6788 5
6790 6789 1
6294 6789 1
6604 6790 15
6603 6790 15
6602 6790 15
6601 6790 15
6792 6791 2
8510 6792 2
6805 6804 2
6461 6805 2
6405 6805 6
6804 6806 2
7203 6806 2
6805 6806 6
6805 6807 8
6806 6807 6
6401 6808 4
6405 6810 1
6812 6811 5
6471 6811 4
6285 6812 8
6813 6814 3
6521 6815 3
6634 6816 1
9257 6816 1
6869 6816 1
6631 6816 1
7741 6816 5
6873 6816 1
6827 6816 15
6829 6816 15
8023 6816 1
6885 6816 1
7741 6817 5
6631 6817 1
8189 6818 6
7741 6818 5
6620 6818 1
6631 6818 1
6818 6819 9
7180 6819 1
8196 6819 4
6625 6819 1
8200 6819 5
6632 6819 1
8191 6819 6
6626 6819 1
7178 6820 1
8192 6820 6
7181 6820 1
6819 6820 11
6830 6820 14
7179 6820 1
7654 6821 3
7177 6821 1
6820 6821 20
6300 6822 6
7304 6823 4
8190 6825 5
6625 6825 1
8197 6825 4
6627 6825 1
6616 6825 1
6624 6825 1
6629 6825 1
8191 6825 6
8201 6825 5
8196 6825 4
6626 6825 1
6620 6825 1
8189 6825 6
8910 6825 2
6625 6826 1
6623 6826 1
6620 6826 1
8194 6826 5
6836 6826 11
8198 6826 4
8191 6826 6
8201 6826 5
6629 6826 1
8196 6826 4
6626 6826 1
8188 6826 3
6624 6826 1
6621 6826 1
6622 6826 1
6627 6826 1
6615 6826 1
8195 6826 5
8190 6826 5
6628 6826 1
8189 6826 6
8197 6826 4
6629 6827 1
8191 6827 6
6627 6827 1
8190 6827 5
6619 6827 1
6620 6827 1
6624 6827 1
8197 6827 4
8201 6827 5
8196 6827 4
8189 6827 6
6625 6827 1
6826 6827 14
6626 6827 1
8064 6828 1
6827 6828 15
6919 6828 1
9257 6828 1
8910 6829 2
6616 6829 1
6619 6829 1
6826 6829 14
6634 6830 1
6829 6830 15
6830 6831 16
7178 6831 1
6830 6832 16
7178 6832 1
8191 6833 6
6627 6833 1
8196 6833 4
6620 6833 1
6624 6833 1
6626 6833 1
8190 6833 5
8189 6833 6
8197 6833 4
6625 6833 1
6626 6834 1
8197 6834 4
6624 6834 1
6627 6834 1
8196 6834 4
8190 6834 5
6625 6834 1
6620 6834 1
8191 6834 6
8189 6834 6
8189 6835 6
8203 6835 5
6625 6835 1
6627 6835 1
8196 6835 4
8191 6835 6
6620 6835 1
8197 6835 4
6624 6835 1
6633 6835 1
6626 6835 1
8190 6835 5
8197 6836 4
8191 6836 6
6626 6836 1
8196 6836 4
6625 6836 1
6624 6836 1
6627 6836 1
8910 6836 2
8189 6836 6
6620 6836 1
8190 6836 5
6616 6836 1
6839 6838 4
6986 6839 8
8419 6840 1
6839 6840 6
6838 6840 4
6839 6841 6
6840 6841 6
8342 6843 6
8342 6844 6
6843 6844 7
7547 6844 8
8256 6844 7
7549 6844 8
8256 6845 7
7549 6845 8
8342 6845 6
6843 6845 7
7547 6845 8
6845 6846 12
6879 6846 28
6843 6847 7
6864 6847 28
6902 6847 31
6847 6848 33
6934 6849 29
6847 6849 33
6864 6849 28
6895 6849 33
6928 6849 30
6851 6850 1
8210 6851 3
6851 6852 2
6850 6852 1
6852 6853 2
6854 6853 2
6851 6854 2
6852 6855 2
6856 6855 2
6851 6856 2
6858 6857 3
9064 6857 1
9052 6857 1
6980 6858 7
6857 6859 3
6858 6859 3
6600 6860 1
8591 6861 1
8683 6862 1
6861 6862 2
8590 6863 4
7296 6864 19
7294 6864 15
8694 6864 1
6370 6864 1
6879 6864 28
7370 6864 6
6376 6864 1
6878 6864 28
7295 6864 18
6863 6864 5
7609 6864 14
8068 6864 1
8590 6864 4
7922 6864 1
8458 6864 5
7608 6864 11
6864 6865 28
8037 6865 7
6890 6866 29
6864 6866 28
8343 6866 7
7826 6866 1
6866 6867 32
6864 6868 28
7989 6869 1
6913 6869 29
6868 6869 29
6868 6870 29
6864 6871 28
7295 6872 18
6871 6872 29
6871 6873 29
6864 6873 28
6864 6874 28
6871 6874 29
6871 6875 29
6864 6875 28
6864 6876 28
6876 6877 29
6326 6878 1
6864 6878 28
8342 6879 6
6864 6879 28
6326 6879 1
6879 6880 28
6879 6881 28
6879 6882 28
6879 6883 28
7663 6883 1
6610 6884 1
6593 6884 33
6864 6884 28
6593 6885 33
8907 6885 5
6598 6886 1
6596 6886 1
6593 6886 33
6886 6887 33
6610 6888 1
6886 6888 33
6609 6889 33
8333 6890 1
6864 6890 28
6890 6891 29
6864 6892 28
6890 6892 29
8333 6892 1
6864 6893 28
6892 6893 30
6892 6894 30
6915 6894 29
6917 6894 30
6864 6894 28
6864 6895 28
6932 6895 29
6890 6895 29
6934 6895 29
6933 6895 30
8333 6895 1
6864 6896 28
6895 6896 33
6864 6897 28
7177 6897 2
7332 6898 9
6864 6898 28
6898 6899 32
6864 6900 28
6900 6901 29
7547 6902 8
6864 6902 28
6902 6903 31
6902 6904 31
6904 6905 32
6908 6905 32
6864 6905 28
6905 6906 34
6908 6906 32
6914 6906 29
6904 6906 32
6906 6907 36
6902 6908 31
6864 6908 28
6864 6909 28
6902 6909 31
6909 6910 32
7549 6910 8
6922 6910 29
6910 6911 35
6902 6912 31
6864 6913 28
8333 6913 1
6864 6914 28
6864 6915 28
6864 6916 28
7465 6917 1
6918 6917 30
6864 6917 28
6864 6918 28
6917 6918 30
7463 6918 1
8333 6919 1
6864 6919 28
6864 6920 28
6864 6921 28
6920 6921 29
6864 6922 28
6864 6923 28
6864 6924 28
6924 6925 29
6924 6926 29
6864 6927 28
8422 6928 1
6929 6928 30
6864 6928 28
6928 6929 30
8421 6929 1
6864 6930 28
6864 6931 28
6864 6932 28
6932 6933 29
6864 6933 28
8333 6934 1
6864 6934 28
6587 6935 5
8984 6936 1
6299 6936 3
7870 6937 1
6936 6937 3
6299 6937 4
7686 6939 1
8882 6939 1
8026 6939 1
9306 6939 1
6938 6939 1
8830 6939 1
7727 6939 1
8982 6939 1
7379 6939 1
6942 6941 5
6283 6942 6
6944 6943 1
6285 6944 10
6943 6945 1
6944 6945 1
6306 6946 4
6710 6948 4
6950 6949 1
6405 6950 4
6461 6950 1
6949 6951 1
6950 6951 4
6953 6952 2
6461 6954 1
9183 6955 1
8499 6955 1
6956 6955 16
8439 6955 2
7339 6955 1
7569 6955 1
8970 6955 1
8716 6955 1
8165 6955 2
8984 6955 1
8138 6955 1
8578 6955 1
9181 6955 1
8163 6955 2
8599 6955 1
6954 6955 1
8968 6955 1
6577 6956 2
6963 6956 1
6461 6956 16
8856 6957 2
8599 6957 1
6405 6957 43
8482 6957 2
8499 6957 1
6954 6957 1
7536 6957 2
7569 6957 1
9181 6957 1
7174 6957 2
7203 6957 4
8138 6957 1
8984 6957 1
7860 6957 4
7844 6957 4
9183 6957 1
7116 6957 2
8716 6957 1
8970 6957 1
6951 6957 2
7339 6957 1
6765 6957 6
7666 6957 2
8578 6958 1
7335 6958 2
9230 6958 1
7717 6958 1
8970 6958 1
9331 6958 1
8148 6958 2
6405 6958 12
8449 6958 1
6954 6958 1
7474 6959 2
7717 6959 1
6401 6959 9
8500 6959 2
8150 6959 2
8218 6959 2
6954 6959 1
9181 6960 1
6299 6960 2
6954 6960 1
8449 6961 1
7323 6961 2
7339 6961 1
8045 6961 1
6401 6961 36
8984 6961 1
8163 6961 2
8138 6961 1
7508 6961 2
8154 6961 2
7717 6961 1
9230 6961 1
8239 6961 1
8717 6961 2
9331 6961 1
8548 6961 1
7474 6961 2
8507 6961 2
6954 6961 1
8500 6961 2
8970 6961 1
8150 6961 2
8227 6961 2
7344 6961 2
8161 6961 2
9211 6961 1
7569 6961 1
9181 6961 1
8599 6961 1
8159 6961 2
8968 6961 1
8606 6961 2
8499 6961 1
9183 6961 1
8607 6961 2
8968 6962 1
8046 6962 2
8970 6962 1
7339 6962 1
8984 6962 1
9183 6962 1
9331 6962 1
7569 6962 1
8218 6962 2
8227 6962 2
8239 6962 1
8138 6962 1
9181 6962 1
7717 6962 1
9230 6962 1
6954 6962 1
8599 6962 1
6963 6962 23
8716 6962 1
8499 6962 1
6461 6963 18
7992 6963 2
6536 6963 2
6965 6964 5
6966 6965 6
6967 6966 4
6285 6968 8
6968 6969 5
6968 6970 5
6580 6971 5
6285 6972 20
6972 6973 5
6972 6974 5
6972 6975 5
6972 6976 5
6972 6977 5
6285 6978 4
6401 6978 3
6401 6979 9
6285 6979 4
6285 6980 26
6980 6981 9
6981 6982 6
6980 6983 5
6980 6984 5
6980 6985 5
6980 6986 5
6285 6987 4
6285 6988 6
6812 6989 5
6471 6989 3
6944 6990 5
6471 6990 1
6471 6991 4
6944 6991 5
6944 6992 5
6471 6992 1
6285 6993 10
6471 6993 2
6993 6994 5
6471 6994 4
6993 6995 5
6471 6995 5
6285 6996 8
6996 6997 5
7207 6997 4
7207 6998 4
6996 6998 5
6285 6999 8
6999 7000 5
6284 7001 5
7003 7002 1
7134 7003 2
8315 7003 1
7162 7003 2
7299 7003 2
7297 7003 6
6396 7003 2
7166 7003 2
7298 7003 2
6345 7003 2
7004 7005 1
7006 7007 1
7006 7008 1
7006 7009 1
7006 7010 1
9233 7010 1
7006 7011 1
7006 7012 1
9198 7013 1
8090 7013 1
7006 7013 1
9233 7013 1
7006 7014 1
7006 7015 1
7006 7016 1
7006 7017 1
7006 7018 1
7006 7019 1
7006 7020 1
7006 7021 1
7006 7022 1
9233 7022 1
7006 7023 1
7006 7024 1
7006 7025 1
7006 7026 1
7006 7027 1
7006 7028 1
9209 7029 1
7006 7029 1
7006 7030 1
7006 7031 1
7006 7032 1
7006 7033 1
7006 7034 1
7006 7035 1
7006 7036 1
7006 7037 1
7006 7038 1
7006 7039 1
7006 7040 1
7006 7041 1
7006 7042 1
7006 7043 1
7006 7044 1
7006 7045 1
7006 7046 1
7006 7047 1
7006 7048 1
7006 7049 1
7006 7050 1
9233 7051 1
7006 7051 1
6973 7052 4
6973 7053 5
7052 7053 4
7053 7054 5
6973 7054 5
6431 7055 1
6430 7055 1
7114 7055 2
6452 7055 1
7113 7055 2
8319 7055 1
6430 7056 1
6452 7056 1
7113 7056 2
7114 7056 2
6452 7057 1
6430 7057 1
7113 7057 2
7114 7057 2
6405 7058 2
6531 7060 4
6345 7060 1
8590 7063 4
6986 7064 7
6839 7065 7
7064 7065 7
7067 7066 5
6283 7067 10
8412 7069 2
8076 7069 2
8057 7069 2
7068 7069 2
6303 7069 2
7314 7069 2
6953 7069 2
7071 7070 4
7873 7072 1
9061 7072 1
9195 7072 1
7724 7072 1
7072 7073 2
7072 7074 2
7072 7075 2
7072 7076 2
7072 7077 2
7072 7078 2
7579 7079 10
6975 7079 11
7079 7080 11
6975 7080 11
6382 7082 5
6382 7083 5
6382 7084 6
6382 7085 5
6382 7086 5
6382 7087 5
6382 7088 5
6382 7089 5
6382 7090 7
6382 7091 5
6382 7092 6
6382 7093 5
7068 7094 2
7097 7096 4
8590 7098 4
8069 7098 4
7101 7100 2
6567 7102 3
8046 7103 2
6539 7103 3
7103 7104 3
6539 7104 4
7104 7105 4
6299 7105 4
7103 7106 3
7104 7106 4
6299 7106 4
8452 7109 4
8227 7109 2
7110 7109 7
6405 7110 4
8117 7110 1
6461 7110 2
7992 7110 2
7111 7112 1
7410 7112 2
8319 7113 1
6431 7113 1
6431 7114 1
8319 7114 1
7110 7116 4
8269 7116 1
7110 7117 3
7116 7117 1
7893 7117 1
7117 7118 3
7110 7118 4
7121 7120 1
7377 7121 5
7120 7122 1
7123 7122 1
6345 7123 1
7121 7123 1
6674 7125 4
7124 7125 4
6403 7127 1
6412 7128 6
9224 7128 1
7127 7128 1
7300 7128 1
8251 7128 1
7608 7129 11
6337 7129 1
7131 7130 5
7132 7131 8
7090 7132 3
6380 7132 8
7134 7135 8
7159 7135 4
6742 7135 1
7136 7135 1
7158 7135 4
7160 7135 4
7161 7135 4
7156 7135 4
7157 7135 4
6386 7136 2
6388 7136 2
7169 7136 2
7135 7136 5
7162 7136 2
7170 7136 2
6710 7137 4
6710 7138 4
6709 7139 7
7139 7140 6
9273 7141 1
6906 7141 1
6905 7142 1
9273 7142 1
6906 7142 1
7147 7142 2
8530 7143 1
6504 7143 1
6908 7143 1
8437 7143 3
8399 7143 5
6909 7143 1
8059 7143 2
7146 7143 3
7142 7143 3
8538 7143 1
6912 7143 1
6706 7143 1
6903 7143 1
6904 7143 1
8911 7143 1
6702 7143 1
6847 7143 1
7143 7144 20
6844 7144 1
7332 7144 1
6845 7144 1
6902 7144 1
9019 7144 1
8999 7144 1
8131 7144 4
7144 7145 28
7547 7145 1
7549 7145 1
7529 7145 6
6905 7146 1
7147 7146 2
9273 7146 1
6906 7146 1
6906 7147 1
9273 7147 1
6974 7148 4
6974 7149 5
7148 7149 4
6974 7150 5
7149 7150 5
8116 7152 1
7154 7153 5
6674 7154 6
7156 7155 3
6742 7155 1
7136 7155 1
7168 7167 5
6798 7170 3
6773 7170 6
7136 7170 2
7172 7171 5
7173 7172 6
6600 7173 3
6732 7174 4
8520 7174 1
6536 7175 3
7176 7177 1
7177 7178 2
7177 7179 2
7179 7180 3
7177 7181 2
6970 7183 12
6970 7184 13
7183 7184 12
6970 7185 13
7184 7185 13
6531 7186 3
7187 7186 6
7844 7190 2
8482 7190 1
8856 7190 1
7174 7190 1
6951 7190 1
6765 7190 3
7116 7190 1
7666 7190 1
7536 7190 1
7860 7190 2
7191 7190 17
7203 7190 2
6578 7191 1
7578 7191 1
6514 7191 2
7218 7191 1
6782 7191 2
6518 7191 1
6805 7191 2
6419 7191 3
6732 7191 1
7110 7191 1
6950 7191 1
7190 7192 17
8558 7192 1
8979 7192 1
8945 7192 1
7191 7192 21
8806 7192 1
6792 7194 2
6471 7195 4
6994 7196 5
7195 7196 4
6994 7197 5
7196 7197 5
6401 7200 9
6979 7201 10
7200 7201 9
7201 7202 10
6979 7202 10
8818 7203 2
6805 7203 8
7205 7204 4
7207 7206 4
6998 7208 5
7206 7208 4
7208 7209 5
6998 7209 5
6301 7210 5
6282 7211 5
6999 7212 1
7212 7213 1
6999 7213 1
7072 7215 1
6521 7216 3
7218 7217 1
6405 7218 4
7217 7219 1
7218 7219 2
6403 7222 1
7323 7223 2
6401 7223 6
8161 7223 2
8163 7223 2
6812 7224 1
6282 7229 5
6568 7230 1
7232 7231 5
7233 7232 6
6294 7233 3
7234 7235 1
7753 7235 1
7234 7236 1
7236 7237 2
8542 7239 1
7238 7239 1
8398 7239 1
8178 7239 1
7753 7239 1
8043 7239 1
8679 7239 1
8764 7239 1
9352 7239 1
7613 7239 1
7634 7239 1
7238 7240 1
8764 7240 1
9277 7240 1
6471 7241 5
7241 7242 5
6995 7242 6
6995 7243 6
7242 7243 6
6991 7244 2
8916 7245 3
6950 7245 4
7246 7247 1
7246 7248 1
7246 7249 1
7246 7250 1
7573 7251 1
7246 7251 1
7246 7252 1
7246 7253 1
7246 7254 1
7246 7255 1
7246 7256 1
7246 7257 1
7246 7258 1
7246 7259 1
7246 7260 1
7246 7261 1
7246 7262 1
7246 7263 1
7246 7264 1
7246 7265 1
7246 7266 1
7246 7267 1
7246 7268 1
7246 7269 1
7246 7270 1
7246 7271 1
7246 7272 1
7246 7273 1
7246 7274 1
7246 7275 1
7246 7276 1
7246 7277 1
7246 7278 1
7186 7279 1
7279 7280 1
7186 7280 2
7280 7281 2
6531 7281 2
7944 7282 2
9369 7282 1
6403 7282 7
7963 7282 2
6742 7283 1
7283 7284 1
6773 7284 3
7978 7284 1
6514 7285 2
7287 7286 8
8088 7286 3
7286 7288 5
7286 7289 5
6306 7290 4
6536 7291 3
7738 7292 1
8095 7292 1
7292 7293 3
7410 7293 1
7370 7294 6
8590 7294 4
7609 7294 14
7609 7295 14
7493 7295 1
7294 7295 15
9361 7295 1
7295 7296 18
7294 7296 15
8315 7297 1
6403 7300 1
7304 7303 1
8940 7305 1
7304 7305 2
7303 7305 1
7167 7306 1
7306 7307 1
7167 7307 1
6971 7308 3
7308 7309 3
6971 7309 4
6971 7310 4
7309 7310 4
7479 7312 4
7311 7312 9
6856 7313 4
6303 7314 2
6419 7315 6
8288 7315 1
8896 7315 1
8596 7315 1
7749 7317 1
9139 7317 1
9345 7317 1
9379 7317 1
7316 7317 1
9146 7317 1
7736 7317 2
9079 7317 1
8073 7317 1
7319 7318 2
7321 7320 4
6956 7322 2
6461 7323 2
8138 7323 1
8578 7324 1
6405 7324 7
8161 7324 2
8163 7324 2
7323 7324 2
8227 7325 2
8500 7325 2
8163 7325 2
9230 7325 1
8161 7325 2
8967 7325 1
8239 7325 1
7323 7325 2
6299 7325 11
7508 7326 2
7323 7326 2
7474 7326 2
8500 7326 2
8154 7326 2
6405 7326 9
8150 7326 2
8578 7326 1
6405 7327 8
9331 7327 1
7323 7327 2
8578 7327 1
7717 7328 1
8148 7328 2
7323 7328 2
7335 7328 2
6401 7328 5
7323 7329 2
8507 7329 2
6401 7329 10
8227 7329 2
8449 7329 1
9331 7329 1
8165 7329 2
7717 7329 1
7323 7330 2
9331 7330 1
8227 7330 2
6308 7330 6
7717 7330 1
8227 7331 2
7323 7331 2
9331 7331 1
6308 7331 6
7717 7331 1
8342 7332 6
7547 7332 8
6306 7333 4
6300 7334 6
6461 7335 2
8138 7335 1
8239 7336 1
9211 7336 1
8449 7336 1
7335 7336 2
8148 7336 2
8557 7336 1
6401 7336 8
8147 7336 2
6401 7337 2
7335 7337 2
7335 7338 2
8165 7338 2
8449 7338 1
9331 7338 1
8507 7338 2
8227 7338 2
7474 7338 2
8161 7338 2
8148 7338 2
8578 7338 1
6405 7338 14
8500 7338 2
6461 7339 1
6401 7340 1
7339 7340 1
7339 7341 1
6461 7341 2
7341 7342 2
6461 7342 2
7341 7343 2
6461 7343 2
7339 7344 1
6461 7344 2
7344 7345 2
7346 7345 2
6461 7346 2
8021 7346 4
9211 7347 1
8557 7347 1
9331 7347 1
6299 7347 6
7339 7347 1
8147 7347 2
7350 7351 5
7353 7351 5
7352 7351 5
6535 7354 5
8332 7354 2
6297 7354 1
7358 7354 1
9210 7355 1
7557 7355 2
6538 7355 1
6537 7355 3
6536 7356 4
7186 7359 1
6531 7360 1
7359 7360 1
7362 7363 1
7362 7364 1
7362 7365 1
7362 7366 1
7362 7367 1
7362 7368 1
7133 7370 1
8590 7370 4
7682 7371 1
7372 7373 1
7319 7374 2
6345 7376 1
6799 7376 1
7162 7376 1
7377 7376 3
6600 7378 1
6471 7380 4
8828 7381 1
8483 7381 1
7410 7381 2
7112 7381 2
8842 7381 1
7381 7382 8
7112 7383 2
7410 7383 2
7112 7384 2
7410 7384 2
7410 7385 2
7112 7385 3
6600 7386 1
6405 7387 2
6845 7388 1
8399 7388 5
9019 7388 1
6844 7388 1
8999 7388 1
6847 7388 1
6584 7389 1
7393 7392 1
7392 7394 1
7393 7394 1
7395 7396 4
6856 7397 4
6856 7398 4
8976 7400 1
7399 7400 1
9053 7401 2
7407 7402 1
6600 7402 1
6740 7402 4
7408 7402 1
6739 7402 4
6567 7409 3
7968 7410 1
6982 7411 2
6982 7412 4
9023 7412 1
7411 7412 2
6982 7413 4
7412 7413 4
7414 7415 1
8599 7416 1
6461 7416 2
7991 7417 1
6401 7417 3
8599 7417 1
7416 7417 2
6401 7418 4
7416 7418 2
8227 7418 2
7001 7420 6
7420 7421 6
7001 7421 7
7421 7422 7
7001 7422 7
6681 7423 1
6685 7423 1
8617 7423 1
6680 7423 1
8339 7423 2
6682 7423 1
7742 7423 5
7745 7423 8
6679 7423 1
6689 7423 1
6684 7423 1
8946 7423 1
6678 7424 1
6682 7424 1
6692 7424 1
6685 7424 1
7423 7424 11
8617 7424 1
6695 7424 1
6686 7424 1
6691 7424 1
6689 7424 1
7745 7424 8
8340 7424 2
7426 7424 10
6694 7424 1
6688 7424 1
8321 7424 4
8946 7424 1
8585 7425 1
6698 7425 1
7424 7425 19
6677 7425 1
6682 7426 1
8586 7426 1
8616 7426 1
6679 7426 1
6684 7426 1
6680 7426 1
6681 7426 1
6687 7426 1
8339 7426 2
7742 7426 5
8946 7426 1
6745 7427 1
8374 7427 1
6282 7428 5
7430 7429 4
7089 7430 1
6380 7430 4
6480 7431 4
6976 7432 1
7510 7433 8
7432 7433 1
6403 7433 10
7435 7434 1
8117 7435 1
6461 7435 2
7992 7435 2
7435 7436 1
7434 7436 1
7437 7438 1
7170 7439 4
8283 7439 3
6771 7440 4
7439 7440 4
6771 7441 4
7439 7441 4
8282 7442 2
7443 7442 4
7439 7442 4
7170 7443 4
9368 7445 1
9337 7445 1
8711 7445 2
7445 7446 5
8710 7446 1
7445 7447 5
7445 7448 5
7445 7449 5
7450 7451 4
7450 7452 4
6996 7453 1
7453 7454 1
6996 7454 1
6295 7455 1
6405 7456 1
8578 7457 1
7456 7457 1
6405 7457 2
7479 7458 1
6799 7458 1
6345 7458 1
7377 7458 3
6321 7460 1
7459 7460 1
6893 7461 1
6894 7461 1
6895 7462 1
8821 7462 2
7461 7462 2
6892 7462 1
6504 7462 1
6866 7462 1
6891 7462 1
6701 7462 1
8061 7462 1
8423 7462 5
8062 7463 1
6918 7463 1
6894 7463 1
7465 7463 2
6917 7464 1
7463 7464 3
6917 7465 1
7463 7465 2
8421 7466 4
7465 7466 3
6928 7466 1
6918 7466 1
8062 7467 1
6894 7467 1
6701 7467 1
7175 7468 4
6536 7468 2
6990 7470 2
6521 7471 3
8949 7472 2
7312 7472 3
9123 7473 2
7312 7473 8
8348 7473 3
7472 7473 3
9271 7473 3
8499 7474 1
6461 7474 2
7474 7475 2
6401 7475 2
6805 7476 6
7474 7476 2
9008 7476 2
6742 7477 1
8008 7478 1
6769 7478 2
7477 7478 1
7458 7479 2
6386 7479 8
6396 7479 6
7684 7479 2
8247 7479 2
7312 7479 6
8232 7479 2
7311 7479 6
8168 7479 2
7685 7479 6
7480 7481 4
6301 7482 5
7484 7483 4
8109 7486 1
7535 7486 1
8075 7486 1
7485 7486 1
8725 7486 1
8865 7486 1
8880 7486 1
8597 7486 1
8243 7486 1
7585 7486 1
8725 7487 1
8243 7487 1
7485 7487 1
6661 7488 3
8385 7488 1
9362 7488 1
7492 7491 4
6997 7494 5
7675 7494 4
6997 7495 5
7494 7495 5
8889 7496 1
8888 7496 1
8887 7496 1
8112 7496 1
8358 7497 1
6283 7498 4
7500 7499 5
6283 7500 8
7502 7501 4
6303 7502 2
7101 7502 2
7502 7503 4
7506 7507 1
6461 7508 2
8138 7508 1
8154 7509 2
9198 7509 1
8717 7509 2
8606 7509 2
8227 7509 2
6401 7509 10
7508 7509 2
8227 7510 2
8154 7510 2
7508 7510 2
6401 7510 8
8239 7510 1
8227 7511 2
6401 7511 11
8154 7511 2
7508 7511 2
9233 7512 1
8680 7513 1
8695 7513 1
7512 7513 2
9358 7513 1
9132 7513 1
9233 7513 1
7917 7513 1
8840 7513 1
9236 7513 2
8540 7513 1
6471 7514 2
7514 7515 2
6993 7515 3
7515 7516 3
6993 7516 3
6283 7518 6
7484 7520 4
7484 7521 4
7484 7522 4
7484 7523 4
7484 7524 4
7484 7525 4
7484 7526 4
7484 7527 4
6983 7528 1
6844 7529 1
6845 7529 1
9019 7529 1
8999 7529 1
9000 7529 2
6910 7529 1
9019 7530 1
8874 7530 2
6844 7530 1
6503 7530 1
8999 7530 1
6845 7530 1
8590 7531 4
6334 7532 2
7531 7532 1
6863 7532 1
6790 7533 2
7621 7533 2
7533 7534 4
7218 7536 4
9262 7536 1
6306 7537 4
6306 7538 4
6306 7539 4
6306 7540 4
6306 7541 4
6306 7542 4
6306 7543 4
9027 7544 1
7544 7545 3
8342 7546 6
7546 7547 7
8342 7548 6
7332 7548 9
7546 7549 7
8685 7550 2
7697 7550 1
6981 7550 4
6981 7551 4
7550 7551 4
7126 7552 1
6546 7553 1
7067 7554 5
7207 7555 5
6988 7558 1
7610 7559 1
6419 7560 3
7563 7562 5
6283 7563 8
8578 7564 1
6577 7564 2
7564 7565 2
6956 7565 2
6283 7567 8
6461 7569 1
6299 7570 2
7569 7570 1
7569 7571 1
6299 7571 2
7370 7572 6
8981 7572 1
8590 7572 4
7573 7574 1
7573 7575 1
6280 7576 2
6283 7577 4
6405 7578 4
6975 7579 10
7844 7580 2
6782 7580 6
7936 7580 2
7582 7581 1
7583 7581 1
6461 7581 2
7581 7582 2
7581 7583 2
6399 7586 1
6384 7586 4
6475 7587 2
6475 7588 2
6475 7589 2
6475 7590 2
6475 7591 2
6475 7592 2
8941 7593 1
9373 7593 1
9372 7593 1
9371 7593 1
7377 7593 3
6471 7594 4
7594 7595 4
6991 7595 5
6991 7596 5
7595 7596 5
7597 7598 1
8733 7598 1
9010 7598 1
7600 7599 4
6302 7599 2
9201 7599 1
7599 7601 4
7131 7602 5
6782 7604 2
6782 7605 4
7604 7605 2
7003 7606 5
8590 7607 4
7063 7608 5
7370 7608 6
6353 7608 1
7129 7608 11
8590 7608 4
7607 7608 5
8333 7608 1
7098 7609 5
7608 7609 11
8590 7609 4
8458 7609 5
7610 7611 1
7613 7614 1
9353 7614 1
8241 7614 1
9029 7614 1
9058 7614 1
7982 7614 1
9003 7614 1
8767 7614 1
7915 7614 1
9277 7614 1
7695 7615 1
7952 7615 1
9003 7615 1
8457 7615 1
8070 7615 1
8780 7615 1
7613 7615 1
9277 7615 1
9377 7615 1
8767 7615 1
9277 7616 1
8917 7616 1
9003 7616 1
8074 7616 1
7613 7616 1
8767 7616 1
6322 7616 1
7616 7617 8
9277 7618 1
9003 7618 1
7613 7618 1
9025 7619 1
9277 7619 1
7613 7619 1
8767 7619 1
9003 7619 1
6790 7620 3
7621 7620 3
6295 7621 6
7304 7622 1
8618 7623 2
7622 7623 1
6823 7623 4
9312 7623 1
6474 7625 4
6473 7626 5
6473 7627 5
6473 7628 5
6473 7629 5
6474 7630 4
7631 7632 1
6461 7633 3
6972 7635 2
8444 7636 1
8869 7636 1
8443 7636 2
7635 7636 2
6403 7636 7
7919 7637 5
7578 7637 6
8804 7638 1
7638 7639 1
8065 7640 1
6784 7640 10
6699 7640 1
8911 7640 1
6697 7640 1
6702 7640 1
6705 7640 1
6698 7640 1
8537 7640 2
8059 7640 2
6700 7640 1
6579 7644 2
8868 7644 1
7644 7645 2
6579 7645 2
7647 7646 1
9329 7647 1
7648 7649 2
6742 7650 1
7650 7651 1
6744 7651 1
7650 7652 1
6744 7652 1
7650 7653 1
6744 7653 1
6819 7654 2
6830 7654 2
8192 7654 2
6897 7654 1
8909 7654 2
6471 7657 4
7657 7658 4
6811 7658 5
6811 7659 5
7658 7659 5
7469 7660 1
8187 7660 1
7937 7664 1
7578 7665 1
7578 7666 5
7665 7666 1
8471 7667 1
6578 7667 2
7669 7668 5
6980 7669 3
7669 7670 6
7668 7670 5
7670 7671 6
7669 7671 6
6567 7672 3
6823 7673 1
7673 7674 1
6823 7674 1
7207 7675 4
7677 7676 7
7502 7679 2
6600 7680 4
7395 7681 1
6301 7681 5
7101 7683 2
7479 7684 1
6799 7684 1
7377 7684 3
6345 7684 1
6324 7687 5
6576 7688 6
7830 7689 1
7468 7690 1
8046 7691 2
6543 7691 3
7690 7691 1
6543 7692 1
7690 7692 1
8841 7693 1
7694 7693 2
8004 7693 1
6981 7697 1
6345 7698 1
6763 7699 7
6300 7700 6
6742 7701 1
6769 7702 2
7701 7702 1
6771 7703 3
7702 7703 2
7705 7704 3
7703 7704 3
6771 7705 6
7707 7706 4
7708 7709 1
6742 7710 1
7710 7711 1
6769 7711 2
6771 7712 2
7711 7712 2
7711 7713 2
6771 7713 2
7500 7714 5
6637 7716 5
6461 7717 1
6401 7718 1
7717 7718 1
7717 7719 1
6401 7719 1
6940 7720 1
7721 7720 4
7723 7722 2
7101 7723 2
8250 7725 3
8291 7725 1
7724 7725 8
7067 7726 5
7492 7729 4
7582 7732 1
7346 7735 1
7735 7736 1
7321 7739 4
7321 7740 4
6627 7741 1
8197 7741 4
8617 7742 1
8946 7742 1
6451 7742 1
6682 7742 1
6685 7742 1
6684 7743 1
7742 7743 5
7742 7744 5
6684 7744 1
6681 7744 1
7744 7745 7
6690 7745 1
6684 7746 1
7742 7746 5
6926 7747 1
6925 7747 1
6980 7751 1
8722 7752 2
7669 7752 3
7751 7752 1
6405 7755 2
6580 7756 6
6403 7757 13
7756 7757 6
8044 7757 6
6283 7759 6
7759 7760 5
7563 7761 5
6283 7762 4
6283 7763 8
7763 7764 5
7763 7765 5
6736 7766 5
7518 7767 5
6300 7768 6
6300 7769 6
6300 7770 6
6300 7771 6
6300 7772 6
6300 7773 6
6300 7774 6
6576 7775 6
6301 7776 5
6301 7777 5
6301 7778 5
6301 7779 5
6301 7780 5
6301 7781 5
6301 7782 5
6301 7783 5
6301 7784 5
6294 7784 1
6301 7785 5
6301 7786 5
6301 7787 5
6301 7788 5
6294 7789 1
6301 7789 5
6302 7789 1
6301 7790 5
6301 7791 5
6301 7792 5
6301 7793 5
6301 7794 5
6301 7795 5
6301 7796 5
6301 7797 5
6301 7798 5
6282 7799 5
6282 7800 5
6282 7801 5
6282 7802 5
6282 7803 5
6283 7804 8
7804 7805 5
7804 7806 5
6587 7807 5
6478 7808 5
7567 7809 5
7567 7810 5
6324 7811 5
6283 7812 4
7815 7812 4
6582 7813 5
6582 7814 5
6567 7816 1
6521 7817 3
8869 7818 1
8444 7818 1
6403 7818 3
7821 7820 5
6567 7822 3
6769 7823 2
9091 7823 1
6771 7824 3
7823 7824 2
7705 7825 3
7824 7825 3
6567 7827 2
7828 7829 1
7833 7834 4
7833 7835 4
7581 7837 1
8640 7838 1
7837 7838 1
7581 7838 3
7582 7839 3
7837 7839 1
8624 7840 3
9163 7840 1
7839 7840 3
7582 7840 7
7837 7841 1
7583 7841 2
7850 7842 2
7841 7842 2
7583 7842 4
9296 7843 1
6782 7843 3
7843 7844 3
6782 7844 9
8590 7846 4
7847 7848 2
7838 7850 1
7583 7850 2
9157 7851 1
7852 7851 2
6546 7853 1
6489 7854 4
6985 7855 1
6985 7856 4
7855 7856 1
8263 7856 2
6985 7857 4
7856 7857 4
8474 7860 2
6514 7860 8
7319 7862 2
6877 7863 1
7866 7865 4
7868 7867 1
7867 7869 1
7868 7869 1
8165 7870 2
6299 7870 7
8227 7870 2
8239 7870 1
7872 7871 7
7870 7871 7
6299 7872 7
7582 7872 1
7469 7874 1
7664 7875 2
7875 7876 2
9242 7876 2
7664 7876 5
8613 7876 2
6480 7877 4
7880 7879 4
7883 7884 1
8089 7884 1
7883 7885 1
8334 7885 1
7887 7886 1
7888 7887 3
7889 7888 3
7892 7891 4
7110 7893 1
6600 7894 1
6302 7896 1
7897 7896 1
7866 7897 3
6578 7899 4
8721 7899 3
6295 7900 1
7868 7901 1
7901 7902 1
7126 7903 1
7097 7904 4
6790 7905 1
6345 7906 1
8374 7907 1
8384 7908 3
7218 7908 4
7723 7910 2
7723 7911 2
7723 7912 2
7182 7913 1
6600 7913 1
7914 7913 1
6600 7916 7
7666 7919 2
8737 7919 1
7578 7919 5
9166 7920 1
8342 7920 6
7920 7921 1
8653 7921 1
6294 7924 1
7925 7924 1
7169 7926 1
7162 7926 1
6388 7926 1
7929 7928 4
7892 7930 4
6732 7931 1
9049 7933 1
9341 7933 1
6536 7933 4
7991 7933 1
7468 7934 2
7933 7934 1
9354 7934 1
7121 7935 4
7162 7935 1
6782 7936 2
7941 7937 1
7938 7937 1
7940 7937 1
6386 7937 1
7939 7937 1
6396 7937 1
7377 7937 3
6790 7942 7
6294 7942 7
7707 7943 4
6403 7944 2
7940 7945 3
7947 7946 4
6294 7948 2
7948 7949 4
7950 7949 4
8622 7953 1
6403 7953 3
7956 7955 4
7091 7956 1
6380 7956 4
7958 7959 2
8036 7960 1
6322 7960 1
6322 7961 1
8912 7961 1
6403 7963 2
6986 7964 1
7964 7965 1
6986 7965 3
9344 7965 1
6986 7966 3
7965 7966 3
7967 7968 1
6302 7969 1
7970 7969 1
6471 7971 3
7972 7973 1
7972 7974 1
6977 7975 10
7975 7976 10
6977 7976 11
6977 7977 11
7976 7977 11
7136 7978 1
7980 7979 1
7377 7979 3
7186 7983 1
6531 7984 1
7983 7984 1
8548 7985 1
6405 7985 9
8227 7985 2
8239 7985 1
8045 7985 1
9331 7985 1
6514 7986 4
8908 7986 2
7988 7987 4
6380 7988 4
7088 7988 1
6303 7990 2
7992 7991 1
7156 7992 3
6405 7992 1
7175 7992 4
7991 7993 1
9341 7993 1
6536 7993 4
9001 7993 1
8431 7993 1
6536 7994 4
9001 7994 1
7991 7994 1
9341 7994 1
8431 7994 1
6286 7996 3
7998 7997 1
7996 7997 1
7135 7998 3
6742 7998 1
8315 7998 1
7136 7998 1
6286 7998 1
6988 8001 1
6988 8002 1
8001 8002 1
8004 8003 1
8582 8004 1
8581 8004 3
7693 8005 1
8003 8005 1
7693 8006 1
8003 8006 1
6742 8008 1
8278 8009 1
8008 8009 1
6571 8009 3
8011 8010 3
8009 8010 3
6571 8011 3
8278 8012 1
6773 8012 3
8008 8012 1
8643 8013 3
7998 8013 5
8278 8013 1
8008 8013 1
6769 8014 2
8008 8014 1
8014 8015 2
6771 8015 2
6771 8016 2
8014 8016 2
6740 8019 4
6740 8020 4
8022 8023 1
6303 8024 2
9233 8027 1
6734 8027 1
8031 8030 1
7647 8035 1
8116 8035 1
8342 8037 6
7945 8040 1
7945 8041 2
8040 8041 1
7945 8042 2
8041 8042 2
6580 8044 6
6535 8045 1
6536 8046 2
8045 8046 1
7175 8047 2
8046 8047 2
6539 8048 2
8046 8048 2
9354 8049 1
8046 8049 2
6536 8049 3
8046 8050 2
6536 8050 3
9354 8050 1
7126 8051 1
6531 8052 1
8052 8053 1
9259 8053 1
7186 8053 3
9321 8053 1
8052 8054 1
8055 8054 1
6531 8055 3
8057 8056 2
6701 8058 1
8060 8059 2
8058 8059 1
6704 8059 1
6702 8060 1
8059 8060 2
8062 8061 1
6701 8061 1
6701 8062 1
6701 8063 1
6701 8064 1
6701 8065 1
8067 8066 4
6380 8067 4
7086 8067 1
6327 8069 1
8590 8069 4
8072 8071 2
6385 8071 1
8076 8077 2
7932 8078 1
7932 8079 2
8760 8079 1
8078 8079 1
8080 8081 1
7459 8081 1
8080 8082 1
7459 8082 1
7459 8083 1
8080 8083 1
8080 8084 1
8086 8085 3
8677 8087 1
8995 8087 1
9194 8087 1
8090 8091 1
8090 8092 1
8090 8093 1
8090 8094 1
8097 8096 1
8470 8097 5
8096 8098 1
8099 8098 2
8097 8099 1
8098 8100 2
8101 8100 2
8099 8101 2
8098 8102 2
8103 8102 2
8676 8103 1
6779 8103 3
6286 8103 1
8099 8103 2
8098 8104 2
8103 8104 2
8098 8105 2
8103 8105 2
8098 8106 2
8103 8106 3
7996 8106 1
8098 8107 2
8103 8107 2
8098 8108 2
8103 8108 2
7647 8110 1
8112 8110 1
8111 8110 1
8725 8111 1
6297 8113 1
6536 8114 3
9156 8114 1
9001 8114 1
8113 8114 1
7175 8117 4
7156 8117 3
6584 8118 2
6387 8120 1
8121 8120 4
7377 8120 3
7820 8120 1
6600 8122 1
6984 8123 1
6984 8124 2
8123 8124 1
6984 8125 2
8124 8125 2
6901 8128 1
6504 8130 1
6899 8130 1
6898 8131 1
7548 8131 1
8130 8131 2
7319 8132 2
6401 8133 3
8133 8134 3
6978 8134 4
8134 8135 4
6978 8135 4
7492 8136 4
7724 8137 1
6461 8138 1
6461 8139 2
8138 8139 1
8147 8140 2
8449 8140 1
6401 8140 4
8139 8140 2
8139 8141 2
6299 8141 5
8145 8141 2
8449 8141 1
8143 8141 2
8143 8142 2
8970 8142 1
6299 8142 4
8139 8142 2
8138 8143 1
6461 8143 2
8143 8144 2
6401 8144 2
8138 8145 1
6461 8145 2
8145 8146 2
6401 8146 2
8138 8147 1
6461 8147 2
6461 8148 2
8138 8148 1
8148 8149 2
6401 8149 2
6461 8150 2
8138 8150 1
8599 8151 1
6401 8151 3
8150 8151 2
8557 8152 1
8599 8152 1
8150 8152 2
9211 8152 1
8967 8152 1
6401 8152 8
8227 8152 2
6401 8153 2
8150 8153 2
8138 8154 1
6461 8154 2
6401 8155 3
8239 8155 1
8154 8155 2
6401 8156 4
8717 8156 2
8154 8156 2
6401 8157 2
8154 8157 2
8154 8158 2
6401 8158 2
6461 8159 2
8138 8159 1
6401 8160 5
8159 8160 2
8227 8160 2
8161 8160 2
6461 8161 2
8138 8161 1
6401 8162 2
8161 8162 2
6461 8163 2
8138 8163 1
8163 8164 2
6401 8164 3
6461 8165 2
8138 8165 1
8227 8166 2
8239 8166 1
6401 8166 5
8165 8166 2
8168 8167 1
7479 8168 1
7377 8168 3
6799 8168 1
6345 8168 1
8167 8169 1
8734 8169 1
8416 8169 1
9192 8169 1
7479 8169 5
8860 8169 1
7205 8170 4
6812 8171 1
8171 8172 1
6812 8172 1
6303 8174 2
9171 8176 3
6385 8177 3
8178 8179 1
8178 8180 1
8178 8181 1
6674 8183 4
6976 8184 10
8184 8185 10
6976 8185 11
8185 8186 11
6976 8186 11
6616 8188 1
8910 8188 2
6615 8189 1
6621 8189 1
8194 8189 5
6622 8189 1
8198 8189 4
8188 8189 3
6622 8190 1
6615 8190 1
8198 8190 4
8188 8190 3
6615 8191 1
6622 8191 1
6621 8191 1
8198 8191 4
8194 8191 5
8188 8191 3
6622 8192 1
8191 8192 6
8201 8192 5
6629 8192 1
6625 8192 1
8198 8192 4
8192 8193 8
7181 8193 1
6622 8194 1
8188 8194 3
8198 8194 4
6615 8194 1
8188 8195 3
6622 8195 1
8198 8195 4
6615 8195 1
6615 8196 1
8188 8196 3
8188 8197 3
6615 8197 1
8188 8198 3
6615 8198 1
8198 8199 4
6885 8199 1
8023 8199 1
6622 8199 1
8198 8200 4
6622 8200 1
8198 8201 4
6622 8201 1
6629 8202 1
8201 8202 5
6622 8203 1
8198 8203 4
6748 8204 2
7098 8205 5
8590 8206 4
8205 8206 6
7929 8211 4
8213 8212 1
6385 8213 3
8749 8213 1
6387 8213 1
6345 8213 1
6386 8213 1
8748 8213 1
8212 8214 1
8213 8214 1
8824 8215 2
8528 8215 2
8612 8215 1
9295 8215 1
8212 8215 1
8517 8215 1
9391 8215 1
8216 8215 9
6383 8216 2
8326 8216 2
7586 8216 2
8314 8216 2
8518 8216 1
6571 8216 3
8213 8216 1
6568 8217 1
8357 8218 1
6461 8218 2
8218 8219 2
8239 8219 1
6963 8219 4
6742 8220 1
6769 8221 2
8220 8221 1
6769 8222 3
8221 8222 2
6773 8223 4
8222 8223 3
8827 8223 1
7992 8225 1
8225 8226 1
6299 8226 2
8449 8226 1
7992 8227 2
8225 8227 1
8507 8228 2
7435 8228 5
8227 8228 2
8449 8228 1
8227 8229 2
8967 8229 1
9230 8229 1
6405 8229 4
6403 8230 1
6403 8231 1
7377 8232 3
7479 8232 1
6799 8232 1
6345 8232 1
8748 8234 1
7097 8235 6
8235 8236 5
8238 8237 2
8960 8237 1
6461 8239 1
6401 8240 1
8239 8240 1
6345 8242 1
6489 8242 1
9266 8245 1
8244 8245 1
6345 8247 1
7479 8247 1
7377 8247 3
6799 8247 1
8248 8249 1
8291 8250 1
6403 8251 1
7136 8252 1
8252 8253 1
7170 8253 2
8254 8255 3
8342 8256 6
6567 8257 3
6302 8259 1
8260 8259 4
8262 8261 1
7559 8261 1
6985 8263 2
6732 8266 4
8835 8266 3
6403 8267 1
7110 8269 1
8455 8272 1
8291 8272 1
8271 8272 1
8271 8273 1
8455 8273 1
8291 8273 1
8271 8274 1
8455 8274 1
8498 8274 1
7892 8275 4
7136 8278 1
8278 8279 1
7170 8279 2
8279 8280 2
9193 8280 1
8283 8280 3
6773 8280 5
8279 8281 2
6771 8281 2
8278 8282 1
7170 8282 2
8282 8283 2
7170 8283 3
8283 8284 3
6773 8284 4
9285 8284 1
7923 8285 1
8285 8286 1
7923 8286 1
8289 8288 1
6518 8290 1
8291 8291 1
8291 8292 1
8291 8293 1
8291 8294 1
8291 8295 1
8291 8296 1
8291 8297 1
8291 8298 1
8291 8299 1
8291 8300 1
8291 8301 1
8291 8302 1
8291 8303 1
8291 8304 1
8291 8305 1
8291 8306 1
8291 8307 1
8291 8308 1
8738 8310 1
8309 8310 2
8698 8311 1
8697 8311 1
8312 8313 1
8317 8314 4
8097 8314 1
7377 8314 3
7169 8314 1
6387 8314 1
8518 8314 1
7348 8315 1
7377 8315 3
7169 8315 1
7162 8315 1
8922 8316 1
7377 8316 3
7349 8316 3
8920 8316 1
8919 8316 1
8921 8316 1
6451 8319 1
6451 8320 1
6687 8321 1
8586 8321 1
8320 8321 1
6693 8321 1
8616 8321 1
7205 8323 4
7820 8324 1
8326 8325 2
8324 8325 1
7820 8326 1
8325 8327 2
8216 8327 2
6405 8328 1
8330 8329 1
8329 8331 1
8330 8331 1
8334 8335 1
6303 8336 2
7679 8337 2
6679 8339 1
6681 8339 1
6682 8340 1
8946 8340 1
8883 8341 1
8907 8342 5
8342 8343 6
8342 8344 6
8344 8345 7
8342 8346 6
8342 8347 6
9270 8348 2
7312 8348 3
7000 8350 9
7000 8351 10
8350 8351 9
8351 8352 10
7000 8352 10
6521 8353 3
6521 8354 3
6521 8355 3
6521 8356 3
7935 8357 1
8359 8358 4
6396 8358 1
8032 8361 1
6412 8363 2
6403 8364 1
8206 8365 1
6921 8366 1
8368 8367 1
8641 8368 1
8428 8369 1
7162 8369 3
8427 8369 1
8429 8369 1
8430 8369 1
6405 8371 3
8414 8372 1
8373 8372 2
8763 8374 4
8112 8374 4
8415 8374 4
6874 8375 1
6875 8375 1
6872 8375 1
8377 8378 1
8377 8379 1
8377 8380 1
8377 8381 1
8377 8382 1
8377 8383 1
9364 8384 1
7536 8384 1
7218 8384 3
8385 8386 1
8390 8389 4
6380 8390 4
7082 8390 1
6405 8391 1
7892 8393 4
8394 8395 1
6849 8399 1
8535 8399 2
6504 8399 1
6848 8399 1
6980 8400 1
6980 8401 1
8400 8401 1
8404 8403 4
6380 8404 4
7085 8404 1
6969 8405 3
6969 8406 4
8405 8406 3
6969 8407 4
8406 8407 4
8409 8410 3
8412 8411 2
6837 8415 4
8374 8415 4
8247 8416 1
6983 8417 4
8873 8417 2
9299 8417 1
6983 8418 4
8417 8418 4
6986 8419 1
6895 8420 1
8535 8420 2
6849 8420 1
8423 8420 5
8535 8421 2
6929 8421 1
6849 8421 1
8422 8421 3
8421 8422 3
6928 8422 1
6896 8423 1
8532 8423 2
6706 8423 1
6849 8423 1
6705 8423 1
8530 8423 1
8535 8423 2
8537 8423 2
8423 8424 5
6895 8424 1
8426 8425 6
6895 8425 1
6933 8425 1
8423 8425 5
6895 8426 1
8423 8426 5
6297 8431 1
6491 8432 2
8959 8432 1
8432 8433 2
6493 8433 3
6405 8434 1
9000 8437 2
6910 8437 1
6910 8438 1
9000 8438 2
8499 8439 1
6461 8439 2
8439 8440 2
7633 8440 4
8504 8440 2
8440 8441 4
7633 8441 5
8441 8442 5
7633 8442 5
8504 8443 2
8439 8443 2
7633 8443 5
6507 8444 3
8439 8444 2
8439 8445 2
6580 8445 4
8445 8446 4
6580 8446 7
9118 8446 2
8446 8447 7
6580 8447 7
8439 8448 2
6580 8448 3
8117 8449 1
8449 8450 1
6299 8450 3
8717 8450 2
6401 8451 2
8449 8451 1
8599 8451 1
7110 8452 4
8507 8452 2
8449 8452 1
8454 8453 3
8590 8458 4
6403 8461 2
8957 8461 1
7677 8463 1
7136 8464 1
6773 8465 2
8709 8465 1
8464 8465 1
7648 8466 2
7458 8468 1
7479 8469 5
9229 8469 1
9070 8469 1
9360 8469 1
9136 8469 1
8468 8469 1
6578 8471 1
8472 8473 1
8683 8473 1
6514 8474 2
6471 8475 3
8475 8476 3
6989 8476 4
6989 8477 4
8476 8477 4
8478 8479 2
8454 8480 3
6578 8481 1
8481 8482 1
6578 8482 4
8486 8485 3
8489 8490 1
9028 8490 1
8833 8490 1
9066 8490 1
8702 8490 2
8489 8491 1
9312 8494 1
6546 8494 2
8494 8495 2
6546 8495 2
6987 8496 1
8496 8497 1
6987 8497 1
6461 8499 1
8499 8500 1
6461 8500 2
6401 8501 2
8500 8501 2
8499 8502 1
6461 8502 1
6461 8503 1
8499 8503 1
6461 8504 2
8499 8504 1
8504 8505 2
6637 8505 2
8499 8506 1
6461 8506 1
8499 8507 1
6461 8507 2
8513 8514 1
6403 8515 1
8518 8517 1
8837 8518 2
6384 8518 5
8612 8519 1
8517 8519 1
9391 8519 1
9295 8519 1
6387 8519 6
8824 8519 2
6732 8520 1
6480 8521 4
8522 8523 1
8522 8524 1
8522 8525 1
8522 8526 1
8522 8527 1
8314 8528 2
9177 8528 1
6707 8530 1
8530 8531 1
6706 8531 1
6706 8532 1
8530 8532 1
6706 8533 1
8530 8533 1
8530 8534 1
6705 8534 1
6706 8534 1
8537 8534 2
8530 8535 1
6706 8535 1
6706 8536 1
8530 8536 1
8530 8537 1
6706 8537 1
6707 8538 1
8023 8539 1
8540 8541 1
8695 8541 1
8840 8541 1
9358 8541 1
8680 8541 1
8545 8544 1
8210 8545 3
8545 8546 1
8544 8546 1
6405 8547 3
8578 8547 1
7356 8548 1
8548 8549 1
6401 8549 1
7647 8551 4
8553 8552 4
6380 8553 4
6667 8553 1
6567 8556 1
6461 8557 1
7191 8558 1
7101 8560 2
8561 8562 3
8564 8563 2
6491 8565 1
7304 8567 3
8763 8568 1
6345 8570 1
6315 8571 2
9277 8571 1
9002 8571 2
9053 8571 2
9233 8573 1
8572 8573 1
8572 8574 1
8576 8577 1
6461 8578 1
8578 8579 1
6405 8579 1
6303 8580 2
8709 8583 1
6769 8583 2
7426 8585 1
6453 8585 1
8321 8585 1
6453 8586 1
6453 8587 1
6453 8588 1
8069 8590 4
8981 8590 1
8905 8590 1
6334 8590 1
7205 8592 4
7205 8593 4
7205 8594 4
8289 8596 1
6461 8599 1
6401 8600 1
8599 8600 1
6401 8601 1
8599 8601 1
8599 8602 1
6401 8602 1
6401 8603 1
8599 8603 1
8599 8604 1
6461 8604 2
8604 8605 2
6401 8605 2
6461 8606 2
8599 8606 1
8599 8607 1
6461 8607 2
8607 8608 2
6401 8608 2
8609 8610 3
6471 8611 5
7586 8612 1
9297 8613 1
7664 8613 2
6686 8616 1
6686 8617 1
7304 8618 2
8057 8619 2
6419 8620 3
7868 8622 1
7838 8624 1
7582 8624 3
6923 8625 1
6870 8625 1
6870 8626 1
6923 8626 1
6870 8627 1
6923 8627 1
6870 8628 1
6923 8628 1
6869 8629 1
6870 8629 1
7356 8632 1
8791 8633 1
8632 8633 1
9287 8633 1
6403 8636 1
8513 8637 1
8713 8639 2
8638 8639 1
9104 8639 2
7581 8640 1
6742 8642 1
7135 8643 3
8826 8643 1
8642 8643 1
8643 8644 3
7998 8644 3
8643 8645 3
7998 8645 3
8648 8647 3
6295 8648 2
6963 8649 1
6956 8650 1
8649 8650 1
9166 8653 1
8119 8654 1
8119 8655 1
8119 8656 1
8119 8657 1
8119 8658 1
8119 8659 1
7946 8661 1
8661 8662 1
7946 8662 1
6966 8664 4
9151 8665 1
6491 8665 3
9374 8665 1
8665 8666 3
6493 8666 3
6590 8667 4
8670 8669 4
6380 8670 4
7087 8670 1
8673 8672 6
6380 8673 6
7092 8673 2
8672 8674 5
6302 8677 1
6567 8678 3
6303 8681 2
6981 8685 2
8874 8686 2
6503 8686 1
6364 8690 1
6326 8690 1
6872 8690 1
6553 8691 3
8648 8692 3
8692 8693 3
7101 8696 2
8699 8698 2
6345 8701 1
8702 8703 2
6480 8704 4
6480 8705 4
6480 8706 4
6403 8707 2
6758 8708 1
6742 8709 1
8710 8711 1
8710 8712 1
8710 8713 1
8710 8714 1
8710 8715 1
6461 8716 1
8716 8717 1
6461 8717 2
7581 8718 3
8992 8718 1
8717 8718 2
6401 8719 2
8717 8719 2
8717 8720 2
6401 8720 2
9390 8721 1
6578 8721 3
8482 8721 1
6980 8722 2
7214 8726 1
8729 8728 6
6380 8729 6
7084 8729 2
8728 8730 5
6489 8731 4
6489 8732 4
8232 8734 1
8735 8736 1
7578 8737 1
6560 8739 1
8057 8740 2
7996 8743 1
8103 8743 1
7996 8744 1
8103 8744 1
7996 8745 1
6787 8745 1
7101 8746 2
8746 8747 2
6491 8753 1
8753 8754 1
6493 8754 1
8831 8755 1
8755 8756 1
7101 8757 2
8758 8757 1
8757 8758 1
6303 8758 2
7932 8760 1
7186 8761 1
8761 8762 1
6531 8762 1
9316 8766 1
6535 8766 2
9003 8768 1
9368 8768 1
9311 8768 1
8767 8768 1
9277 8769 1
8767 8769 1
9003 8769 1
8767 8770 1
9003 8770 1
9277 8770 1
6953 8773 2
8358 8774 1
7497 8775 1
8774 8775 1
8774 8776 1
7497 8776 1
8774 8777 1
7497 8777 1
8774 8778 1
7497 8778 1
6299 8779 1
9151 8781 1
9046 8781 1
6491 8781 3
6493 8782 3
8781 8782 3
8783 8784 1
8787 8788 1
8787 8789 1
8787 8790 1
7101 8792 2
9026 8794 1
9280 8794 1
6387 8795 1
8795 8796 1
9293 8796 1
6389 8796 2
9281 8797 1
6387 8797 3
9336 8797 1
8797 8798 3
8799 8798 3
6387 8799 3
6389 8800 3
8797 8800 3
6389 8801 3
8797 8801 3
6389 8802 3
8797 8802 3
8799 8803 3
8797 8803 3
8590 8805 4
8981 8805 1
7370 8805 6
7191 8806 1
6992 8808 2
6568 8810 1
6571 8811 1
8813 8812 2
8551 8813 3
7620 8816 4
6805 8818 2
7620 8819 4
6742 8820 1
6504 8821 1
6867 8821 1
8821 8822 2
6866 8822 1
8821 8823 2
6866 8823 1
9144 8824 1
6571 8824 2
8824 8825 2
8216 8825 2
7136 8826 1
7170 8827 1
8484 8832 1
6732 8835 3
8867 8835 1
7174 8835 1
6471 8843 1
8843 8844 1
6990 8844 2
8844 8845 2
6990 8845 2
6809 8846 1
6809 8847 1
8846 8847 1
6751 8850 1
8852 8851 4
7093 8852 1
6380 8852 4
6552 8853 4
6403 8854 1
9342 8855 1
6950 8855 3
8984 8855 1
9056 8856 1
6518 8856 4
8856 8857 1
9096 8857 1
6518 8857 3
6518 8858 4
8857 8858 3
8590 8859 4
7458 8860 1
8262 8861 1
8771 8862 1
8862 8863 1
8771 8863 1
6732 8867 1
6579 8868 1
6972 8869 1
8871 8870 1
8871 8872 1
8870 8872 1
6983 8873 2
6504 8874 1
6505 8874 1
6883 8876 1
6471 8877 1
6992 8878 2
8877 8878 1
6992 8879 2
8878 8879 2
8880 8881 1
6385 8883 3
7348 8883 1
6386 8883 1
6412 8884 1
6345 8891 1
6779 8891 3
7459 8892 1
7459 8893 1
9191 8894 2
6403 8894 4
8289 8896 1
7578 8897 1
8897 8898 1
7578 8898 2
6568 8899 1
8899 8900 1
7230 8900 1
8217 8901 1
8899 8901 1
8899 8902 1
8810 8902 1
7101 8903 2
8590 8906 4
8590 8907 4
6514 8908 2
9009 8909 1
6617 8909 1
9009 8910 1
6617 8910 1
6703 8911 1
7101 8914 2
6950 8915 1
8915 8916 1
6950 8916 3
6951 8916 1
7648 8918 2
7101 8923 2
7101 8924 2
7101 8925 2
8057 8926 2
7996 8927 1
8928 8927 1
6286 8928 1
6412 8929 1
8930 8931 1
6383 8936 1
8216 8937 1
8936 8937 1
6345 8938 1
8430 8938 1
6779 8938 3
7304 8940 1
7593 8941 1
6405 8943 2
7191 8945 1
6683 8946 1
7479 8949 2
9122 8949 1
7479 8950 2
8949 8950 2
6308 8951 1
8938 8953 1
8938 8954 1
8953 8954 1
7582 8955 1
8955 8956 1
6308 8956 1
6403 8957 1
6491 8959 1
6584 8961 1
7319 8963 2
8480 8965 1
8815 8966 1
6461 8967 1
6461 8968 1
6461 8970 1
6571 8972 1
8811 8973 1
8972 8973 1
7191 8979 1
6461 8984 1
7947 8985 1
7947 8986 1
8985 8986 1
8987 8988 1
8987 8989 1
8987 8990 1
8987 8991 1
7581 8992 1
6584 8993 1
6600 8994 1
7887 8994 1
8559 8994 1
6303 8996 2
6303 8997 2
6303 8998 2
6504 8999 1
6504 9000 1
6911 9000 1
6297 9001 1
9352 9002 1
9003 9004 1
9003 9005 1
9253 9005 1
8412 9006 2
6403 9007 1
6805 9008 2
6618 9009 1
6299 9011 1
8799 9012 1
9012 9013 1
9014 9013 2
9349 9013 1
8799 9014 2
9012 9015 1
8799 9015 1
9012 9016 1
9017 9016 1
8799 9017 2
6846 9019 1
6769 9020 1
9022 9021 1
9020 9021 1
6769 9022 1
6982 9023 1
9358 9030 1
8695 9030 1
9173 9032 3
9031 9032 2
6403 9033 1
9035 9034 4
7083 9035 1
6380 9035 4
8111 9036 1
6694 9037 1
8485 9039 1
6403 9040 1
8815 9041 1
6944 9043 1
6491 9046 1
6493 9047 1
9046 9047 1
6297 9049 1
7469 9051 1
6858 9052 1
9352 9053 1
7186 9054 1
6531 9055 1
9054 9055 1
6518 9056 1
9352 9057 1
8485 9059 1
9039 9060 1
9059 9060 1
6858 9064 1
9186 9067 2
7945 9067 3
9121 9068 1
9184 9068 1
7684 9070 1
6403 9071 1
9072 9073 1
8480 9075 1
9075 9076 1
8965 9076 1
6380 9080 4
9130 9080 1
9083 9084 1
6600 9086 2
6600 9087 2
6600 9088 2
6600 9089 2
6742 9091 1
7207 9092 1
7648 9094 2
7559 9095 1
8812 9095 1
6518 9096 1
7586 9097 1
8216 9098 1
9097 9098 1
6285 9099 1
6285 9100 1
9099 9100 1
9103 9104 1
9106 9107 1
9106 9108 1
6869 9109 1
9114 9109 1
7989 9109 1
6869 9110 1
6869 9111 1
6869 9112 1
6869 9113 1
6869 9114 1
8289 9115 1
9115 9116 1
8289 9116 1
6580 9118 2
7479 9122 1
7312 9123 2
9122 9123 1
9125 9126 1
9125 9127 1
6403 9129 1
9250 9133 2
6536 9133 3
9133 9134 3
7291 9134 3
9133 9135 3
7291 9135 3
8168 9136 1
7319 9137 2
8564 9138 2
6405 9143 3
8315 9144 1
7998 9145 1
9144 9145 1
7186 9147 1
9147 9148 1
6531 9148 1
9149 9150 1
6491 9151 1
6758 9153 1
6297 9156 1
9158 9159 1
9158 9160 1
7582 9163 1
9167 9168 1
9173 9171 3
9171 9172 3
9171 9173 3
9173 9174 3
9173 9175 3
6403 9176 1
8314 9177 1
8595 9179 1
8595 9180 2
9179 9180 1
9346 9180 1
6461 9181 1
9181 9182 1
6299 9182 1
6461 9183 1
7945 9185 1
7945 9186 2
9185 9186 1
6968 9187 1
9187 9188 1
6968 9188 1
6758 9189 1
6567 9191 2
7684 9192 1
7170 9193 1
6401 9198 1
6401 9199 1
9198 9199 1
6284 9202 1
9202 9203 1
6284 9203 1
9204 9205 1
9204 9206 1
9207 9208 1
6461 9211 1
8334 9217 1
6491 9219 1
6493 9220 1
9219 9220 1
6865 9222 1
6403 9224 1
9164 9225 1
9164 9226 1
9225 9226 1
6299 9228 1
8247 9229 1
6461 9230 1
9233 9234 1
9233 9235 1
9233 9236 1
9233 9237 1
9233 9238 1
9233 9239 1
6297 9240 1
9240 9241 1
7354 9241 1
9297 9242 1
7664 9242 2
6769 9246 1
6771 9247 1
9246 9247 1
6535 9249 1
9249 9250 1
6535 9250 2
6536 9251 2
9250 9251 2
6403 9252 1
6405 9258 1
6531 9259 1
8055 9260 1
9259 9260 1
7724 9261 1
7218 9262 1
6405 9265 1
7479 9269 1
7479 9270 2
9269 9270 1
9270 9271 2
7312 9271 3
9269 9272 1
7479 9272 1
6907 9273 1
8345 9274 1
6873 9275 1
9277 9278 1
9277 9279 1
8314 9281 1
9336 9282 1
6387 9282 2
9281 9282 1
6403 9284 1
6769 9285 1
6530 9287 1
7593 9288 1
8941 9289 1
9288 9289 1
6953 9290 2
6387 9293 1
6580 9294 1
6383 9295 1
7304 9296 1
7937 9297 1
7664 9298 1
9297 9298 1
6983 9299 1
9303 9304 1
9303 9305 1
8368 9308 1
6785 9308 1
7304 9312 1
8883 9313 1
8341 9314 1
9313 9314 1
6535 9316 1
6531 9321 1
9321 9322 1
8055 9322 1
8315 9323 1
7003 9324 1
9323 9324 1
7003 9325 1
9323 9325 1
9323 9326 1
7297 9326 1
9323 9327 1
7297 9327 1
9323 9328 1
7297 9328 1
6461 9331 1
9331 9332 1
6299 9332 1
6299 9333 1
9331 9333 1
9334 9335 1
9362 9335 1
8120 9336 1
6972 9339 1
9339 9340 1
6972 9340 1
8117 9341 1
6950 9342 1
6580 9343 1
6986 9344 1
8595 9346 1
8799 9349 1
9349 9350 1
9017 9350 1
6536 9354 1
7175 9355 1
9354 9355 1
7175 9356 1
9354 9356 1
9354 9357 1
8232 9360 1
7218 9364 1
6769 9365 1
9365 9366 1
6771 9366 1
6403 9369 1
6491 9374 1
7947 9380 1
6606 9382 1
6384 9383 1
6384 9384 1
9383 9384 1
8330 9386 1
9386 9387 1
8330 9387 1
7191 9388 1
7191 9389 1
9388 9389 1
6578 9390 1
6571 9391 1
8216 9392 1
9391 9392 1
6546 9394 1
