9919 9905 1
9906 9905 2
9920 9906 1
9905 9907 2
9993 9907 1
9932 9907 1
9908 9907 5
10025 9907 1
9927 9908 3
9928 9908 2
9933 9908 2
9906 9908 2
10003 9908 1
9910 9909 1
9916 9910 5
9936 9910 6
9933 9910 2
9982 9910 1
9980 9911 2
9909 9911 1
9912 9911 3
9933 9912 2
9910 9912 3
9936 9915 6
9914 9915 11
10028 9915 1
9933 9916 2
9915 9916 6
9933 9917 2
9908 9917 3
9920 9917 1
9915 9917 4
9936 9917 6
10028 9917 1
9933 9918 2
9915 9918 4
9920 9919 1
10024 9920 1
9978 9920 1
10023 9920 1
9906 9920 1
9923 9920 1
9921 9922 3
9928 9922 1
9924 9923 5
9985 9923 1
9908 9925 1
9908 9926 4
9925 9926 1
9969 9926 3
9923 9928 2
9929 9928 4
9933 9931 1
9933 9932 1
9993 9934 1
9932 9934 1
9916 9934 2
10013 9935 1
9993 9935 1
9936 9935 6
9990 9935 1
9932 9935 1
10018 9935 1
9933 9936 5
9935 9937 6
9938 9937 6
9936 9938 6
9935 9939 6
9910 9939 7
10001 9939 1
9938 9940 6
9935 9940 6
9935 9941 6
9910 9941 6
9935 9942 6
9938 9942 6
9915 9943 7
9935 9943 6
10030 9943 1
9935 9944 6
9938 9944 6
9910 9945 6
9935 9945 6
9993 9945 1
9935 9946 6
9938 9946 6
9935 9947 6
9993 9947 1
9910 9947 6
9935 9948 6
9949 9948 6
9936 9949 6
9949 9950 6
9935 9950 6
9935 9951 6
9949 9951 6
9938 9952 6
9935 9952 6
9990 9953 1
9917 9953 10
9935 9953 6
10018 9953 1
9969 9953 3
10030 9953 1
9917 9954 11
10015 9954 1
9935 9954 6
9969 9954 3
10030 9954 1
9917 9955 10
9969 9955 3
9935 9955 6
10030 9955 1
9938 9956 6
9935 9956 6
9935 9957 6
9938 9957 6
9935 9958 6
9938 9958 6
9935 9959 6
9949 9959 6
9935 9960 6
9938 9960 6
9993 9961 1
9918 9961 2
9932 9961 1
9993 9962 1
9912 9962 2
9932 9962 1
9964 9963 3
9985 9965 1
9966 9965 2
9968 9967 3
9908 9969 3
9981 9969 1
10021 9969 1
9917 9970 3
9969 9970 3
9969 9971 3
9917 9971 3
9917 9972 4
10015 9972 1
9969 9972 3
9968 9974 3
9976 9977 3
9985 9978 1
9979 9978 3
9910 9980 2
10004 9980 1
9928 9981 1
9984 9983 3
9985 9986 1
10000 9986 2
9933 9988 1
9933 9990 1
9992 9991 3
9990 9991 1
10013 9991 1
10018 9991 1
9933 9992 3
9933 9993 1
9993 9994 1
9988 9994 1
9918 9995 1
9993 9995 1
9918 9996 1
9993 9996 1
9918 9997 1
9993 9997 1
9982 10001 1
9933 10004 1
9910 10005 1
10004 10005 1
9931 10006 1
10004 10006 1
10004 10007 1
9931 10007 1
10004 10008 1
9931 10008 1
10010 10009 1
10004 10009 1
9933 10010 1
10004 10011 1
10010 10011 1
10004 10012 1
9910 10012 1
9933 10013 1
9968 10014 3
9920 10015 1
9917 10016 1
10015 10016 1
10015 10017 1
9917 10017 1
9933 10018 1
9928 10021 1
10003 10025 1
10028 10030 1
