5135 5134 1
5137 5136 1
5134 5136 1
5812 5137 3
5135 5137 1
5706 5138 3
5140 5139 4
5706 5141 3
5706 5142 3
5140 5143 4
5145 5144 1
5296 5145 4
5144 5146 1
5145 5146 2
5146 5147 2
5145 5147 2
5295 5148 2
5150 5149 1
5664 5151 1
5152 5151 4
5448 5151 1
5149 5151 1
5454 5152 3
5150 5152 8
5152 5153 5
5151 5153 4
5152 5154 6
5153 5154 5
5152 5155 6
5154 5155 6
5580 5156 1
5152 5156 11
5822 5156 1
5749 5156 1
5538 5156 1
5153 5156 5
5743 5156 1
5158 5157 12
5156 5157 11
5750 5157 1
5179 5158 3
5152 5158 11
5160 5159 11
5156 5159 11
5152 5160 11
5162 5161 11
5156 5161 11
5152 5162 11
5164 5163 70
6029 5163 1
6104 5163 1
5153 5163 5
5224 5163 2
5615 5163 2
5968 5163 1
5509 5163 1
5911 5163 1
6048 5163 1
5156 5163 11
5965 5163 1
5579 5163 2
5363 5163 1
5843 5163 1
5989 5163 1
5578 5163 1
5272 5163 1
5238 5163 1
6084 5163 1
5398 5163 2
6079 5163 1
6099 5163 1
5788 5163 1
5581 5163 1
5982 5163 1
6106 5163 1
5585 5163 1
5847 5163 1
5757 5163 1
5535 5163 1
5446 5163 1
6013 5163 1
5613 5163 1
5870 5163 1
5269 5163 1
5726 5163 1
5657 5163 1
5458 5163 1
5895 5163 1
6091 5163 1
6096 5163 1
5382 5163 1
5661 5163 1
5687 5163 1
5151 5163 4
5218 5163 1
5971 5163 1
5928 5163 1
5686 5163 1
5666 5163 1
5781 5163 1
6045 5163 1
5897 5163 1
5510 5163 1
5261 5163 1
5963 5163 1
5276 5163 1
5800 5163 1
6087 5163 1
5673 5163 1
5948 5164 1
5709 5164 3
5512 5164 1
5674 5164 1
5786 5164 1
5178 5164 2
5277 5164 1
5150 5164 1
5251 5164 1
5614 5164 2
5262 5164 11
5383 5164 12
5341 5164 1
5582 5164 1
5264 5164 1
5387 5164 1
5239 5164 1
5270 5164 1
5747 5164 1
5152 5164 11
5568 5164 1
5459 5164 1
5219 5164 14
5164 5165 69
5843 5165 1
6084 5165 1
6013 5165 1
5509 5165 1
5781 5165 1
6029 5165 1
5238 5165 1
5963 5165 1
5458 5165 1
6048 5165 1
5673 5165 1
6104 5165 1
5261 5165 1
5897 5165 1
5726 5165 1
5757 5165 1
5615 5165 2
5398 5165 2
5156 5165 11
5613 5165 1
5535 5165 1
6091 5165 1
5585 5165 1
5687 5165 1
5968 5165 1
5271 5165 6
5971 5165 1
5666 5165 1
5276 5165 1
5661 5165 1
5965 5165 1
5895 5165 1
5928 5165 1
5788 5165 1
5218 5165 1
5657 5165 1
5800 5165 1
5686 5165 1
5153 5165 5
5382 5165 1
6087 5165 1
5870 5165 1
5911 5165 1
5847 5165 1
5446 5165 1
5510 5165 1
5581 5165 1
5363 5165 1
5989 5165 1
6099 5165 1
5272 5165 1
5578 5165 1
5151 5165 4
5579 5165 2
6096 5165 1
5153 5166 5
5167 5166 6
5152 5167 5
5167 5168 7
5166 5168 6
5458 5169 1
5989 5169 1
5170 5169 10
5581 5169 1
5168 5169 7
5582 5170 1
5948 5170 1
5167 5170 7
5459 5170 1
5442 5171 1
5172 5171 10
6090 5171 1
5166 5171 6
5830 5171 1
5399 5171 1
5672 5172 1
5167 5172 6
5178 5172 1
5152 5172 5
5443 5172 2
5172 5173 5
5153 5173 5
5153 5174 5
5152 5174 6
5152 5175 6
5153 5175 5
5174 5175 6
5174 5176 6
5152 5176 6
5971 5177 1
5911 5177 1
5276 5177 1
5238 5177 1
6087 5177 1
5673 5177 1
5151 5177 4
5178 5177 10
5239 5178 1
5786 5178 1
5152 5178 4
5251 5178 1
5674 5178 1
5709 5178 2
5568 5178 1
5512 5178 1
5614 5178 2
5387 5178 1
5277 5178 1
5181 5180 1
5669 5182 1
5679 5182 1
5180 5182 1
5957 5182 1
5813 5182 1
6046 5182 1
5760 5182 1
6025 5182 1
5356 5182 1
5350 5182 1
6088 5182 1
6063 5182 1
5506 5182 4
5424 5182 1
5183 5182 17
5302 5183 6
5181 5183 1
5351 5183 3
5295 5183 2
5331 5183 3
5486 5183 2
5185 5184 1
5187 5186 2
5655 5186 1
5184 5186 1
6058 5187 1
5405 5187 2
5703 5187 2
5185 5187 4
5189 5188 76
5964 5188 1
5543 5188 6
5733 5188 2
5389 5188 1
5604 5188 1
5680 5188 3
6056 5188 1
5844 5188 1
5669 5188 1
5957 5188 1
5932 5188 1
5424 5188 1
5399 5188 1
5655 5188 1
5184 5188 1
5988 5188 1
5679 5188 1
5808 5188 1
5791 5188 1
6043 5188 1
5494 5188 1
5485 5188 2
5793 5188 1
6063 5188 1
5216 5188 4
6032 5188 1
5565 5188 1
5900 5188 2
6052 5188 1
6116 5188 1
6016 5188 1
5436 5188 1
5525 5188 1
5498 5188 2
6024 5188 1
5746 5188 1
5342 5188 1
5951 5188 1
5893 5188 1
5222 5188 1
5356 5188 1
5506 5188 4
5986 5188 1
5972 5188 1
5615 5188 2
6095 5188 1
5294 5188 1
6046 5188 1
5624 5188 1
5771 5188 1
5453 5188 1
6025 5188 1
5742 5188 1
5760 5188 1
5960 5188 1
5384 5188 2
5758 5188 1
5813 5188 1
5315 5188 3
5495 5188 1
6028 5188 1
5889 5188 1
5350 5188 1
5378 5188 1
5588 5189 1
5295 5189 5
5723 5189 1
5351 5189 4
5302 5189 7
5178 5189 1
5217 5189 7
5379 5189 4
5405 5189 6
5499 5189 7
5343 5189 4
5185 5189 5
5411 5189 1
5290 5189 1
5331 5189 4
5532 5189 1
5437 5189 3
5486 5189 5
5310 5189 3
5248 5189 21
5223 5189 13
5614 5189 2
5184 5190 1
5932 5190 1
5187 5190 2
5424 5191 1
5808 5191 1
5184 5191 1
5932 5191 1
5679 5191 1
6022 5191 1
5791 5191 1
5378 5191 1
5540 5191 2
5735 5191 1
5525 5191 1
5900 5191 1
5389 5191 1
5866 5191 2
5518 5191 2
6032 5191 1
5972 5191 1
5953 5191 1
5930 5191 2
5542 5191 2
5793 5191 1
5485 5191 2
6040 5191 2
5957 5191 1
5896 5191 1
6047 5191 1
5988 5191 1
5330 5191 2
5881 5191 2
6043 5191 1
6110 5191 1
5889 5191 1
5758 5191 1
5452 5191 2
5301 5191 2
5506 5191 3
5404 5191 2
5689 5191 1
5192 5191 58
5684 5191 1
5587 5191 1
5498 5191 2
6028 5191 1
5784 5191 1
6046 5191 1
5596 5192 1
5379 5192 4
5685 5192 1
5723 5192 2
5302 5192 6
5499 5192 4
5351 5192 2
5740 5192 1
5690 5192 2
5486 5192 5
5588 5192 3
5217 5192 4
5185 5192 3
5405 5192 4
5331 5192 4
5343 5192 4
5223 5192 4
5295 5192 2
5437 5192 4
5932 5193 1
5194 5193 2
5184 5193 1
5185 5194 3
5196 5195 4
5706 5198 3
5710 5199 4
5202 5201 4
5706 5203 3
5207 5206 1
5338 5208 1
5209 5208 6
5282 5208 3
5355 5208 1
5206 5208 1
5279 5209 3
5207 5209 3
5706 5211 3
5861 5211 1
5212 5211 2
5256 5213 2
5214 5213 3
5343 5214 1
5255 5214 1
5214 5215 3
5213 5215 3
5680 5216 3
5217 5216 4
5223 5217 3
5219 5218 1
5221 5220 3
5223 5222 1
5351 5223 4
5331 5223 2
5295 5223 1
6079 5224 1
5178 5224 2
5164 5225 2
5224 5225 2
6079 5225 1
5976 5226 1
5706 5227 3
5861 5227 1
5228 5227 2
5140 5229 4
5231 5230 2
5861 5230 1
5706 5230 3
5233 5232 2
6058 5232 1
5706 5234 3
5516 5236 6
5237 5236 4
5239 5238 1
5344 5239 3
5139 5240 1
5139 5241 2
5240 5241 1
5931 5242 2
5810 5242 2
6064 5242 2
5243 5242 26
5670 5242 2
5643 5242 2
6015 5242 2
5417 5242 2
5241 5242 2
5418 5242 2
5783 5242 2
5612 5242 2
5526 5242 4
5561 5243 2
5559 5243 2
5444 5243 2
5394 5243 2
5229 5243 2
5435 5243 4
5139 5243 2
5557 5243 2
5563 5243 2
5558 5243 2
5564 5243 2
5143 5243 2
5706 5245 3
5189 5247 4
5249 5250 3
5249 5251 3
5253 5252 2
5623 5252 1
5255 5254 1
5214 5256 2
5254 5256 1
5256 5257 2
5214 5257 2
5259 5258 1
5263 5259 4
5258 5260 1
5259 5260 1
5262 5261 1
5263 5262 4
5259 5265 1
5259 5266 1
5265 5266 1
5189 5267 4
5706 5268 5
5366 5268 4
5629 5268 1
5277 5268 1
5285 5268 5
5264 5268 1
5270 5269 1
5982 5271 1
5843 5271 1
5164 5271 6
6045 5271 1
5269 5271 1
6079 5271 1
5262 5272 1
5274 5273 1
5645 5274 1
5706 5274 3
5644 5275 1
5273 5275 1
5274 5275 2
5277 5276 1
5344 5277 3
5276 5278 1
5279 5278 2
5458 5278 1
5459 5279 1
5277 5279 1
5276 5280 1
5268 5280 6
6089 5280 1
5286 5280 4
6089 5281 1
5968 5281 1
5276 5281 1
5286 5281 4
5268 5281 7
5458 5282 1
5276 5282 1
5279 5282 3
5286 5283 4
5276 5283 1
5268 5283 7
6089 5283 1
5345 5283 1
5285 5284 1
5628 5285 4
5284 5286 1
5744 5286 1
6023 5286 1
5285 5286 4
5706 5288 3
5706 5289 3
5295 5290 2
5223 5290 2
5405 5290 1
5400 5290 1
5293 5292 2
5706 5292 3
5861 5292 1
5295 5294 1
5499 5295 1
5405 5296 3
5298 5297 2
6058 5297 1
5300 5299 2
5706 5299 3
5861 5299 1
5302 5301 2
5486 5302 1
5505 5302 1
5404 5303 1
5866 5303 1
5518 5303 1
5304 5303 16
5301 5303 1
6022 5303 1
5808 5303 2
5452 5303 1
5389 5303 1
6040 5303 1
5540 5303 1
5542 5303 1
5498 5303 1
5930 5303 1
5330 5303 1
5881 5303 1
5351 5304 1
5185 5304 2
5295 5304 1
5405 5304 1
5437 5304 1
5331 5304 1
5223 5304 1
5302 5304 1
5499 5304 1
5723 5304 1
5770 5304 3
5486 5304 1
5588 5304 1
5217 5304 1
5379 5304 1
5343 5304 1
5866 5305 1
5518 5305 1
5930 5305 1
6022 5305 1
5404 5305 1
5542 5305 1
5881 5305 1
5498 5305 1
5301 5305 1
6065 5305 1
5808 5305 2
5306 5305 18
5389 5305 1
6074 5305 1
5540 5305 1
5330 5305 1
6040 5305 1
5452 5305 1
5723 5306 1
5941 5306 1
5486 5306 1
5185 5306 2
5343 5306 1
5295 5306 1
5588 5306 1
5223 5306 1
5351 5306 1
5949 5306 1
5499 5306 1
5379 5306 1
5331 5306 1
5302 5306 1
5217 5306 1
5437 5306 1
5405 5306 1
5712 5307 1
5706 5308 3
5310 5309 1
5634 5311 1
5312 5311 3
5309 5311 1
5614 5312 2
5310 5312 6
5311 5313 3
5319 5313 3
5449 5313 1
5594 5313 2
5316 5313 5
5762 5313 1
5312 5313 12
5309 5314 1
5312 5314 2
5762 5314 1
5310 5315 3
5634 5315 1
5309 5315 1
5309 5316 1
5312 5316 5
5634 5316 1
5615 5316 2
5594 5317 2
5312 5317 11
5762 5317 1
5319 5317 3
5316 5317 5
5449 5317 1
5309 5318 1
5310 5318 2
5318 5319 2
5312 5319 3
5259 5320 1
5259 5321 1
5320 5321 1
5323 5322 3
5325 5324 1
5537 5325 3
5324 5326 1
5325 5326 1
5324 5327 1
5325 5327 1
5707 5328 5
5331 5330 2
5333 5332 1
5395 5334 1
5335 5334 6
5332 5334 1
6097 5334 1
5904 5334 1
5390 5334 1
6035 5334 1
5391 5335 1
5396 5335 1
6036 5335 1
5364 5335 1
5333 5335 1
5322 5335 1
5706 5336 4
5207 5338 1
5340 5339 4
5195 5341 2
5237 5341 4
5343 5342 1
5285 5345 1
5706 5346 3
5707 5347 5
5351 5350 1
5350 5352 1
5353 5352 1
5473 5353 2
5351 5353 2
6058 5353 1
5207 5355 1
5331 5356 1
5356 5357 1
5358 5357 1
5331 5358 1
5665 5358 2
6058 5358 1
5706 5360 3
5486 5361 2
5302 5361 1
6058 5361 1
5362 5361 2
5262 5363 1
5366 5365 1
5915 5367 1
5970 5367 1
5365 5367 1
5968 5367 1
5619 5367 1
5268 5367 5
5915 5368 1
5970 5368 1
5268 5368 5
5619 5368 1
5968 5368 1
5365 5368 1
5706 5370 3
5712 5371 1
5373 5372 1
5447 5373 3
5514 5373 1
5372 5374 1
5373 5374 1
5373 5375 1
5372 5375 1
5712 5376 1
5379 5378 1
5378 5380 1
5381 5380 1
5704 5381 2
5379 5381 2
6058 5381 1
5383 5382 1
6088 5384 1
5351 5384 2
5706 5386 3
5388 5387 3
5295 5389 3
5391 5390 1
5323 5391 3
5706 5393 3
5140 5394 4
5396 5395 1
5706 5397 3
5709 5398 2
5613 5399 1
5178 5399 6
5666 5399 1
5398 5399 2
5615 5399 2
5706 5401 3
5403 5402 4
5248 5403 13
5405 5404 2
5499 5405 1
5295 5405 1
5407 5406 2
5404 5406 2
5185 5407 1
6105 5407 2
6058 5407 1
5405 5407 6
5409 5408 1
5868 5409 3
5408 5410 1
5411 5410 1
5409 5411 1
6093 5413 1
5414 5413 2
5706 5415 3
5394 5416 1
5416 5417 1
5394 5417 2
5143 5418 2
5995 5418 1
5420 5419 4
5539 5419 1
5629 5420 2
5285 5420 2
5328 5420 1
5706 5421 3
5423 5422 3
5295 5424 1
6025 5425 1
5424 5425 1
5426 5425 2
5295 5426 5
6058 5426 1
5981 5426 2
5424 5427 1
5426 5427 2
5495 5427 1
6032 5428 1
5889 5428 1
5424 5428 1
5290 5428 4
5495 5428 1
5495 5429 1
5148 5429 2
5424 5429 1
5951 5430 1
5758 5430 1
5900 5430 2
5431 5430 7
6025 5430 1
5424 5430 1
5495 5430 1
5295 5431 3
5499 5431 4
5433 5432 3
5405 5435 2
5140 5435 4
5437 5436 1
5158 5438 1
5438 5439 4
5441 5440 4
5443 5442 1
5140 5444 4
5706 5445 3
5383 5446 1
5150 5448 1
5310 5449 1
5312 5450 2
5634 5450 1
5449 5450 1
5706 5451 3
5343 5452 2
5405 5453 1
5339 5455 1
5339 5456 1
5455 5456 1
5459 5458 1
5706 5460 3
5462 5461 4
5516 5462 1
5403 5463 4
5938 5464 1
5465 5464 4
5516 5465 1
5189 5466 4
5468 5467 3
5712 5469 1
5706 5470 3
5189 5472 4
5706 5474 3
5310 5474 1
5712 5475 1
5325 5476 1
5476 5477 1
5325 5477 1
5476 5478 1
5325 5478 1
5480 5479 1
5949 5480 1
5706 5480 3
5482 5481 1
5479 5481 1
5480 5482 1
5482 5483 1
5479 5483 1
5482 5484 1
5479 5484 1
5486 5485 2
5485 5487 2
5361 5487 2
5488 5489 4
5488 5490 4
5706 5491 3
5706 5492 3
5290 5494 1
5295 5495 1
5758 5496 1
5389 5496 1
5951 5496 1
5497 5496 4
5495 5496 1
5499 5497 5
6058 5497 1
5882 5497 2
5295 5497 2
5499 5498 2
5137 5500 1
5502 5501 1
5500 5501 1
5137 5502 3
5500 5503 1
5502 5503 1
5505 5504 1
5302 5506 4
5504 5506 1
5485 5506 1
5508 5507 4
5506 5507 4
6058 5508 1
5780 5508 2
5302 5508 4
5219 5509 1
5262 5510 1
5706 5511 3
5344 5512 3
5514 5513 1
5516 5515 1
5515 5517 1
5236 5517 1
5379 5518 2
5520 5519 2
5861 5519 1
5706 5519 3
5140 5521 4
5405 5525 1
5791 5526 1
5610 5526 1
5525 5526 1
5435 5526 4
5791 5527 1
5525 5527 1
5296 5527 2
5791 5528 1
5525 5528 1
5529 5528 2
5405 5529 3
5135 5530 1
5530 5531 1
5532 5531 2
5135 5532 1
5531 5533 2
5534 5533 2
5532 5534 2
5262 5535 1
5150 5538 1
5437 5540 2
5217 5542 2
5223 5543 6
6040 5543 2
5389 5543 1
5760 5543 1
6088 5543 1
5706 5545 3
5861 5545 1
5210 5545 2
5259 5546 1
5259 5547 1
5546 5547 1
5403 5550 4
5886 5551 1
5886 5551 1
5614 5551 2
5553 5552 1
5984 5553 3
5552 5554 1
5555 5554 1
5553 5555 1
5555 5556 1
5552 5556 1
5140 5557 4
5140 5558 4
5140 5559 4
5140 5560 4
5140 5561 4
5140 5562 4
5140 5563 4
5140 5564 4
5343 5565 1
5567 5568 4
5567 5569 4
5506 5570 1
5571 5570 1
5302 5571 1
6058 5571 1
5737 5571 2
5508 5572 1
5506 5572 1
5574 5573 1
5537 5574 3
5573 5575 1
5574 5575 2
5574 5576 2
5575 5576 2
5262 5578 1
5383 5579 2
5150 5580 1
5582 5581 1
5539 5583 1
5419 5584 2
5583 5584 1
5219 5585 1
5420 5586 4
5588 5587 1
5589 5590 1
5748 5590 1
5898 5590 2
5592 5591 2
6112 5591 1
5310 5593 1
5593 5594 1
5312 5594 2
5336 5596 1
5712 5596 1
5598 5597 5
5189 5598 6
5600 5599 2
5706 5599 3
5861 5599 1
5137 5601 1
5601 5602 1
5502 5602 2
5978 5602 1
5502 5603 1
5601 5603 1
5302 5604 1
5606 5605 1
5514 5606 1
5447 5606 3
5606 5607 1
5605 5607 1
5606 5608 1
5605 5608 1
5403 5609 4
5435 5610 1
5712 5611 1
5229 5612 2
5869 5612 1
5614 5613 1
5613 5615 1
5614 5615 2
5614 5616 2
5615 5616 2
5615 5617 2
5551 5617 3
5551 5617 1
5366 5619 1
5202 5620 4
5706 5621 3
5331 5624 1
5516 5625 1
5625 5626 1
5236 5626 1
5236 5627 1
5625 5627 1
5628 5629 4
5574 5630 1
5630 5631 1
5574 5631 1
5632 5633 3
5310 5634 1
5706 5635 3
5637 5636 1
5514 5637 1
5637 5638 4
5636 5638 1
5916 5638 2
5638 5639 4
5637 5639 4
5564 5642 1
5642 5643 1
5564 5643 2
5645 5644 1
5644 5646 1
5274 5646 1
5644 5647 1
5274 5647 1
5325 5649 1
5325 5650 1
5649 5650 1
5325 5651 1
5649 5651 1
5654 5653 2
6058 5653 1
5185 5655 1
5655 5656 1
5194 5656 1
5383 5657 1
5706 5658 3
5660 5659 3
5219 5661 1
5461 5662 1
5461 5663 1
5662 5663 1
5150 5664 1
5568 5666 1
5268 5667 4
5268 5668 1
5486 5669 1
5698 5670 1
5559 5670 2
5674 5673 1
5344 5674 3
5673 5675 1
5674 5675 1
5677 5676 1
5673 5676 1
5674 5677 2
5674 5678 1
5673 5678 1
5331 5679 1
5679 5680 1
5223 5680 3
6046 5680 1
5706 5681 3
5248 5682 3
5685 5684 1
5219 5686 1
5341 5687 1
5340 5688 4
5690 5689 1
5706 5692 3
5629 5693 1
5629 5694 1
5693 5694 1
5696 5695 3
5441 5697 4
5262 5697 1
5559 5698 1
5712 5699 1
5465 5700 4
5465 5701 4
5706 5705 3
5708 5707 8
5710 5709 4
5712 5711 1
5706 5713 3
5259 5720 1
5259 5721 1
5720 5721 1
5383 5726 1
5562 5727 1
5727 5728 1
5562 5728 1
5706 5729 3
5951 5730 1
5295 5730 2
5426 5731 2
5730 5731 2
5706 5732 3
5951 5733 1
5405 5733 2
5733 5734 2
5407 5734 2
5596 5735 1
5706 5738 3
5706 5741 3
5499 5742 1
5150 5743 1
5285 5744 1
5185 5746 1
5150 5749 1
5158 5750 1
5750 5751 1
5438 5751 1
5861 5752 1
5753 5752 2
5706 5752 3
5383 5757 1
5499 5758 1
5497 5759 3
5758 5759 1
5900 5759 2
5351 5760 1
5760 5761 1
5353 5761 1
5310 5762 1
5220 5763 1
5763 5764 1
5220 5764 2
5764 5765 2
5220 5765 2
5763 5765 1
5764 5766 2
5763 5766 1
5220 5766 2
5688 5768 1
5688 5769 1
5768 5769 1
5343 5771 1
5773 5772 1
5771 5772 1
6073 5773 2
5343 5773 1
6058 5773 1
5214 5774 1
5771 5774 1
5514 5775 1
5328 5776 1
5776 5777 1
5328 5777 1
5776 5778 1
5912 5778 2
5867 5778 2
5420 5778 5
5219 5781 1
6111 5783 1
5561 5783 2
5740 5784 1
5706 5785 3
5787 5786 3
5262 5788 1
5706 5789 3
5861 5789 1
5359 5789 2
5706 5790 3
5405 5791 1
5791 5792 1
5187 5792 1
5217 5793 1
5189 5794 4
5189 5795 4
5189 5796 4
5706 5798 3
5706 5799 3
5219 5800 1
5802 5801 2
5706 5801 3
5861 5801 1
5706 5803 3
5706 5804 3
5325 5805 2
6031 5805 1
5805 5806 2
5325 5806 2
5706 5807 3
6102 5808 1
5185 5808 3
5563 5809 1
5563 5810 2
5809 5810 1
5706 5811 3
5524 5811 2
5861 5811 1
5486 5813 1
5813 5814 1
5192 5814 1
5816 5815 2
6058 5815 1
5706 5817 3
5706 5818 3
5706 5819 3
5756 5819 2
5861 5819 1
5706 5820 3
5150 5822 1
5259 5823 1
5259 5824 1
5823 5824 1
5325 5827 1
5827 5828 1
5325 5828 1
5827 5829 1
5325 5829 1
5443 5830 1
5712 5831 1
5706 5834 3
5196 5836 4
5861 5837 1
5706 5837 3
5739 5837 2
5403 5838 4
5259 5839 1
5259 5840 1
5839 5840 1
5514 5842 1
5841 5842 3
5219 5843 1
5723 5844 1
5747 5847 1
5325 5848 1
5325 5849 1
5848 5849 1
5848 5850 1
5325 5850 1
5706 5851 3
5706 5852 3
5929 5853 2
5861 5853 1
5706 5853 3
5457 5854 2
5861 5854 1
5706 5854 3
5706 5855 3
5706 5856 3
5706 5857 3
5706 5858 3
5706 5859 3
5706 5860 3
5748 5864 1
5864 5865 1
5590 5865 1
5723 5866 2
5629 5867 2
5229 5869 1
5262 5870 1
5712 5871 1
5439 5873 1
5873 5874 1
5439 5874 1
5381 5875 1
5518 5875 1
5325 5877 1
5877 5878 1
5325 5878 1
5877 5879 1
5325 5879 1
5486 5881 2
5262 5883 1
5697 5884 1
5883 5884 1
5883 5885 1
5697 5885 1
5223 5889 1
5437 5893 1
5369 5894 1
6039 5894 1
5383 5895 1
5690 5896 1
5262 5897 1
5499 5900 2
5310 5901 1
5901 5902 1
5474 5902 1
5364 5904 1
5259 5906 1
5259 5907 1
5906 5907 1
5516 5908 1
5236 5909 1
5908 5909 1
5908 5910 1
5236 5910 1
5786 5911 1
5285 5912 2
5369 5913 1
5894 5914 1
5913 5914 1
5366 5915 1
5637 5916 2
6103 5916 1
5516 5919 1
5236 5920 1
5919 5920 1
5462 5921 1
5919 5921 1
5432 5924 1
5924 5925 1
5432 5925 1
5195 5926 1
5341 5927 1
5926 5927 1
5219 5928 1
5223 5930 2
6083 5931 1
5557 5931 2
5185 5932 1
5187 5933 2
5932 5933 1
6102 5933 1
5407 5934 1
5932 5934 1
5937 5938 3
5259 5942 1
5259 5943 1
5942 5943 1
5516 5944 1
5236 5945 1
5944 5945 1
5236 5946 1
5944 5946 1
5499 5951 1
5343 5953 1
5516 5954 1
5236 5955 1
5954 5955 1
5954 5956 1
5465 5956 1
5302 5957 1
5957 5958 1
5361 5958 1
5217 5960 1
6058 5961 1
5962 5961 2
5383 5963 1
5379 5964 1
5709 5965 1
6058 5966 1
5967 5966 2
5264 5968 1
5268 5969 1
5968 5969 1
5366 5970 1
5387 5971 1
5379 5972 1
5974 5973 3
5137 5978 1
5502 5979 1
5978 5979 1
5383 5982 1
5588 5986 1
5986 5987 1
5588 5987 1
5437 5988 1
5948 5989 1
5259 5990 1
5259 5991 1
5990 5991 1
5467 5993 1
6113 5994 1
5993 5994 1
5467 5994 2
5143 5995 1
5861 5997 1
5861 5998 1
5861 5999 1
5861 6000 1
5861 6001 1
5861 6002 1
5861 6003 1
5861 6004 1
5861 6005 1
5861 6006 1
5861 6007 1
5861 6008 1
5861 6009 1
5861 6010 1
5861 6011 1
5861 6012 1
5219 6013 1
5558 6014 1
5558 6015 2
6014 6015 1
5532 6016 1
5400 6019 1
5290 6020 2
6019 6020 1
6052 6020 1
5586 6021 1
5588 6022 1
5285 6023 1
5223 6024 1
5295 6025 1
5405 6026 2
6025 6026 1
5407 6027 2
6026 6027 2
5343 6028 1
5219 6029 1
5325 6031 1
5223 6032 1
6036 6035 1
5351 6040 2
5938 6041 1
5464 6042 1
6041 6042 1
5217 6043 1
5150 6045 1
5331 6046 1
5437 6047 1
5262 6048 1
5701 6050 1
6050 6051 1
5701 6051 1
5405 6052 1
6052 6053 1
5296 6053 1
6052 6054 1
5187 6054 1
6052 6055 1
5529 6055 1
5486 6056 1
6078 6059 2
6058 6059 1
5674 6060 1
6060 6061 1
5677 6061 1
5674 6062 1
6060 6062 1
5302 6063 1
5444 6064 2
6098 6064 1
5941 6065 1
5325 6068 1
6068 6069 1
5325 6069 1
5325 6070 1
6068 6070 1
5949 6074 1
6074 6075 1
5480 6075 1
5195 6076 1
5341 6077 1
6076 6077 1
5251 6079 1
6106 6080 1
6079 6080 1
5164 6080 2
5557 6083 1
5383 6084 1
5499 6085 1
6085 6086 1
5497 6086 1
5512 6087 1
5351 6088 1
5629 6089 1
5672 6090 1
5219 6091 1
5411 6095 1
5383 6096 1
5322 6097 1
5444 6098 1
5219 6099 1
5325 6100 1
6100 6101 1
5325 6101 1
5185 6102 1
5637 6103 1
5262 6104 1
5219 6106 1
5259 6107 1
5259 6108 1
6107 6108 1
5588 6110 1
5561 6111 1
5467 6113 1
5633 6114 1
6114 6115 1
5633 6115 1
5379 6116 1
5325 6117 1
5325 6118 1
6117 6118 1
6117 6119 1
5325 6119 1
