9 8 1
8 8 1
338 10 1
327 11 1
366 12 1
11 12 1
11 13 1
404 13 2
39 13 1
366 14 1
11 14 1
366 15 2
11 15 1
20 15 1
366 16 2
11 16 1
20 16 1
366 17 1
11 17 1
366 18 1
11 18 1
366 19 2
11 19 1
20 19 1
508 20 1
20 21 1
461 21 1
20 22 1
461 22 1
20 23 1
366 23 1
308 24 1
24 25 1
353 25 2
25 26 2
356 26 2
25 27 2
517 27 2
25 28 2
29 28 2
353 29 2
316 32 1
308 33 1
9 35 1
35 35 1
461 37 1
404 39 1
308 40 1
40 41 1
353 41 2
358 42 2
41 42 2
327 43 1
487 51 1
487 58 1
456 305 1
306 305 2
420 307 1
308 307 4
527 307 1
516 307 1
391 308 1
50 308 2
529 308 1
46 308 2
390 308 1
53 308 1
45 308 2
476 308 1
335 308 1
1 308 1
48 308 2
385 308 4
55 308 1
5 308 1
54 308 1
0 308 1
49 308 2
358 308 5
336 308 1
2 308 1
330 308 1
56 308 1
4 308 1
57 308 1
47 308 2
307 309 4
310 309 5
375 309 1
330 310 1
308 310 4
376 310 1
312 311 5
375 311 1
307 311 4
376 312 1
308 312 4
308 313 4
307 313 4
314 315 3
317 316 4
483 316 1
390 316 1
334 316 1
320 316 3
335 316 1
336 316 1
319 316 3
467 316 1
491 316 1
318 317 25
316 322 1
324 323 5
322 323 1
51 323 1
58 323 1
32 323 1
316 324 2
487 324 2
342 324 8
387 324 3
398 325 9
323 325 5
324 325 14
327 326 1
322 326 1
467 327 1
465 327 3
468 327 1
317 327 4
466 327 3
316 327 1
370 327 5
328 329 1
450 329 2
467 330 1
308 330 3
476 330 1
317 330 4
336 330 1
332 331 6
374 332 1
455 332 4
340 332 4
353 332 5
483 333 1
336 333 1
335 333 1
317 333 4
334 333 1
338 337 1
317 338 4
465 338 3
333 338 1
344 338 5
466 338 3
468 338 1
467 338 1
509 339 1
10 339 1
340 339 4
337 339 1
338 340 3
360 340 4
339 341 4
342 341 6
41 341 2
353 342 3
372 342 2
374 342 1
340 342 4
455 342 4
344 343 4
339 343 4
332 344 6
340 344 4
339 345 4
396 345 1
489 345 4
332 345 14
41 345 2
352 345 2
25 345 2
337 346 1
347 346 1
497 347 1
338 347 1
337 348 1
347 348 1
337 349 1
347 349 1
492 351 2
350 351 1
40 352 1
353 352 2
406 353 4
308 353 3
342 354 2
352 354 2
356 355 2
352 355 2
353 356 4
358 357 2
352 357 2
353 358 5
332 358 6
352 359 2
356 359 2
362 361 4
467 363 1
365 363 2
465 363 1
364 363 2
331 363 5
390 363 1
468 363 1
336 363 1
391 363 1
466 363 1
317 363 4
327 366 1
367 366 3
508 366 1
369 368 3
455 370 4
332 370 6
371 372 4
404 372 1
373 374 4
376 375 1
505 376 1
410 376 2
375 377 1
312 377 1
379 378 1
375 378 1
330 379 1
308 379 1
376 379 1
379 380 1
375 380 1
420 381 1
308 381 2
330 382 2
381 382 2
381 383 2
384 383 2
317 384 4
336 384 1
390 384 1
308 384 3
386 385 7
390 388 1
391 388 1
317 388 4
336 388 1
389 388 5
332 389 6
505 392 1
393 392 2
395 394 4
374 396 1
396 397 1
489 397 4
439 397 2
342 397 8
324 398 9
397 398 8
396 399 1
400 399 1
374 400 1
402 401 1
396 401 1
332 402 6
374 402 1
372 403 2
332 403 6
514 404 1
390 404 1
512 404 1
511 404 1
327 404 1
403 404 5
513 404 1
336 404 1
317 404 4
473 405 2
334 405 1
336 405 1
385 405 4
3 405 1
402 405 5
409 407 3
408 407 3
384 411 2
433 411 1
413 412 2
411 412 2
308 413 1
384 413 2
411 414 2
413 414 2
413 415 2
411 415 2
413 416 2
411 416 2
418 417 3
308 420 1
420 421 1
308 421 1
308 422 1
420 422 1
379 423 2
420 423 1
516 423 1
420 424 1
516 424 1
310 424 2
516 425 1
330 425 3
527 425 1
420 425 1
342 426 1
426 427 1
428 427 1
342 428 1
428 429 1
426 429 1
428 430 1
426 430 1
432 431 5
308 433 1
413 434 1
433 434 1
433 435 1
413 435 1
477 437 1
438 437 2
372 439 2
495 439 1
489 440 4
469 440 2
439 440 2
441 440 8
372 441 2
353 441 2
455 441 4
403 442 2
439 442 2
439 443 2
403 443 2
445 444 2
439 444 2
372 445 2
404 445 1
439 446 2
39 446 1
445 446 3
439 447 2
448 447 2
372 448 2
403 449 2
439 449 2
317 451 1
453 452 4
451 452 1
528 452 1
472 452 1
510 452 1
363 453 1
317 453 1
388 453 1
327 455 3
454 455 4
456 457 1
306 457 2
308 458 1
308 459 1
458 459 1
431 460 4
464 461 2
463 461 3
462 461 3
31 461 1
508 461 1
353 469 2
33 469 1
358 470 2
469 470 2
363 472 1
478 479 3
483 482 1
54 483 1
335 483 1
317 483 4
460 483 1
482 484 1
316 484 1
333 485 1
482 485 1
487 486 1
482 486 1
317 487 4
483 487 1
390 487 1
511 487 1
38 487 1
455 489 4
43 489 1
503 489 1
11 489 1
489 490 4
370 490 4
404 495 1
497 496 1
505 497 1
34 497 2
496 498 1
347 498 1
496 499 1
347 499 1
347 500 1
496 500 1
347 501 1
496 501 1
496 502 1
347 502 1
327 503 1
515 506 2
505 506 1
507 508 1
7 508 2
338 509 1
388 510 1
330 516 1
353 517 2
460 518 1
518 519 1
483 519 1
333 520 1
338 521 1
520 521 1
524 525 3
369 526 3
308 527 1
453 528 1
