9241 9240 2
11202 9240 1
11070 9242 1
9243 9242 3
11290 9242 1
11071 9243 3
10452 9243 9
11232 9244 1
11106 9244 1
9242 9244 3
11347 9244 1
11254 9244 1
9279 9244 1
9352 9244 1
10829 9244 1
11243 9244 1
10394 9244 15
11033 9244 1
11353 9244 1
9371 9244 1
9277 9244 1
10947 9248 1
11158 9249 1
11215 9253 1
9253 9254 1
10861 9254 1
10955 9255 1
11197 9259 1
10773 9260 1
10804 9262 1
11007 9263 1
11018 9264 1
11044 9266 1
10962 9267 1
9266 9267 1
9342 9268 1
10826 9268 2
10768 9269 2
9268 9269 2
10758 9270 1
10824 9272 1
10755 9273 1
10458 9274 1
11226 9276 1
10458 9277 1
11018 9278 1
10458 9279 1
11029 9281 1
11463 9282 1
11029 9284 1
10758 9286 1
11044 9287 1
10758 9288 1
11018 9290 1
10466 9291 1
9342 9292 1
10768 9292 2
9292 9293 2
10768 9293 2
10777 9295 1
11463 9296 1
9296 9297 1
10764 9297 1
10911 9298 1
10857 9299 1
9299 9300 1
10861 9300 1
9299 9301 1
10861 9301 1
9299 9302 1
11295 9302 1
9299 9303 1
11295 9303 1
9299 9304 1
10861 9304 1
9299 9305 1
10861 9305 1
10861 9306 2
9299 9306 1
9328 9306 1
10804 9307 1
10804 9308 1
9307 9308 1
10458 9309 1
11076 9311 1
11158 9312 1
11158 9313 1
10458 9314 1
11029 9318 1
10458 9319 1
11158 9321 1
10458 9323 1
11395 9325 1
9325 9326 1
11395 9326 1
10458 9327 1
11215 9328 1
10458 9329 1
10458 9331 1
11001 9332 1
11018 9334 1
10828 9335 1
10828 9336 1
9335 9336 1
10755 9340 1
10458 9341 1
10826 9342 1
10773 9345 1
10865 9346 1
10798 9347 1
10458 9348 1
10846 9350 1
9350 9351 1
10846 9351 1
10466 9352 1
11158 9353 1
10458 9354 1
11156 9357 1
10464 9358 1
11076 9359 1
10804 9362 1
11018 9363 1
10775 9366 1
11100 9367 1
9366 9367 1
10927 9369 1
10780 9371 1
10943 9372 1
11173 9373 1
10458 9375 1
10927 9376 1
11463 10394 1
10780 10394 4
11277 10394 1
10884 10394 1
10466 10394 12
10927 10394 5
11395 10394 3
10804 10394 1
10458 10394 4
11180 10394 1
9243 10394 3
10830 10394 3
10852 10394 3
9243 10395 4
9242 10395 3
11072 10396 2
10395 10396 4
9243 10396 8
11081 10396 2
10398 10397 13
10396 10397 8
11095 10397 4
9260 10397 1
10466 10398 4
10773 10398 1
9243 10398 8
10395 10399 4
11273 10399 1
11437 10399 1
10400 10399 6
10773 10400 2
9243 10400 4
11030 10401 3
10395 10401 4
10402 10401 7
9243 10402 4
10466 10402 3
11376 10403 1
10404 10403 17
11231 10403 1
10395 10403 4
11366 10403 1
9299 10403 1
11030 10403 3
11459 10403 1
10796 10403 6
11278 10403 1
10765 10404 1
9243 10404 4
10971 10404 4
10830 10404 3
10956 10404 4
11001 10404 2
10857 10404 3
10755 10404 3
10458 10404 28
10466 10404 7
10780 10404 4
11297 10405 1
10892 10405 1
11304 10405 1
11033 10405 1
11363 10405 1
11254 10405 1
9309 10405 1
11106 10405 1
11316 10405 1
11306 10405 1
9327 10405 1
10779 10405 1
9341 10405 1
11352 10405 1
11479 10405 1
9371 10405 1
11446 10405 1
11278 10405 1
9331 10405 1
9332 10405 1
10829 10405 1
11366 10405 1
9314 10405 1
11231 10405 1
10404 10405 53
10997 10405 1
11303 10405 1
11324 10405 1
9274 10405 1
11376 10405 1
11243 10405 1
10395 10405 4
11030 10405 3
9323 10405 1
9348 10405 1
10880 10405 1
9375 10405 1
11247 10405 1
11431 10405 1
9354 10405 1
11232 10405 1
11375 10405 1
9299 10405 1
11459 10405 1
11219 10405 1
10754 10405 1
9319 10405 1
11481 10405 1
10468 10405 1
11201 10406 1
10395 10406 4
9299 10406 1
10407 10406 6
9243 10407 4
10857 10407 1
11463 10407 1
10914 10407 1
9299 10408 1
11201 10408 1
10395 10408 4
10409 10408 7
9243 10409 4
10914 10409 1
10857 10409 1
10408 10410 7
11462 10410 1
10411 10410 8
10409 10411 7
10782 10411 1
11463 10411 1
10408 10412 7
10413 10412 7
10409 10413 9
10914 10413 1
9243 10413 4
10409 10414 7
10408 10414 7
11201 10414 1
10395 10414 4
9299 10414 1
10413 10415 7
10408 10415 7
10408 10416 7
10413 10416 7
10408 10417 7
10418 10417 8
11318 10417 2
10782 10418 1
10409 10418 10
10413 10419 9
10434 10419 8
10408 10419 7
10413 10420 7
10408 10420 7
10408 10421 7
10418 10421 7
10408 10422 7
10413 10422 7
10408 10423 7
10411 10423 7
9299 10424 1
11201 10424 1
11462 10424 1
10395 10424 4
10425 10424 7
11463 10425 1
10857 10425 1
9243 10425 4
10914 10425 1
10425 10426 6
9299 10426 1
10395 10426 4
11201 10426 1
10395 10427 4
11201 10427 1
10407 10427 6
9299 10427 1
11201 10428 1
10425 10428 7
10395 10428 4
9299 10428 1
10425 10429 8
11073 10429 1
10428 10429 7
11434 10430 1
11347 10430 1
11073 10430 1
9362 10430 1
11130 10430 3
9358 10430 1
11088 10430 3
11250 10430 1
10428 10430 7
11387 10430 1
10431 10430 20
10804 10431 1
10830 10431 1
10828 10431 1
10464 10431 1
11044 10431 1
10854 10431 3
10425 10431 8
10394 10431 3
10458 10431 1
11202 10431 1
10862 10431 2
10395 10432 4
10409 10432 6
11201 10432 1
9299 10432 1
10395 10433 4
11201 10433 1
10409 10433 6
9299 10433 1
10395 10434 4
11318 10434 2
10409 10434 8
11201 10434 1
10409 10435 8
10434 10435 8
10418 10436 8
10434 10436 8
9299 10437 1
10409 10437 7
10395 10437 4
11201 10437 1
10437 10438 7
10409 10438 7
11201 10439 1
10409 10439 7
10395 10439 4
9299 10439 1
10409 10440 7
10439 10440 7
10409 10441 6
11201 10441 1
10395 10441 4
9299 10441 1
10413 10442 5
11201 10442 1
10395 10442 4
10395 10443 4
11420 10443 1
10444 10443 6
11025 10444 3
9243 10444 4
10466 10444 1
10446 10445 7
10443 10445 6
10839 10445 1
10840 10446 1
10444 10446 6
10839 10447 1
10443 10447 6
10446 10447 7
10449 10448 4
10395 10448 4
9243 10449 4
10453 10451 1
9243 10451 4
10453 10454 1
10456 10455 4
10455 10456 1
10950 10456 1
10952 10456 1
10879 10456 16
10953 10456 1
10458 10457 1
10766 10458 1
10774 10458 1
10901 10458 1
10394 10458 1
10460 10458 1
10457 10459 1
10460 10459 37
11302 10459 1
10463 10459 37
10899 10460 2
10898 10460 5
10458 10460 35
10900 10460 2
10880 10461 1
11481 10461 1
11219 10461 1
9348 10461 1
10468 10461 1
9323 10461 1
11353 10461 1
9309 10461 1
10892 10461 1
10975 10461 1
10997 10461 1
11446 10461 1
9354 10461 1
9319 10461 1
9279 10461 1
10460 10461 36
9375 10461 1
10779 10461 1
9341 10461 1
11306 10461 1
9274 10461 1
11352 10461 1
9277 10461 1
9314 10461 1
9331 10461 1
10457 10461 1
11297 10461 1
11375 10461 1
9329 10461 1
11316 10461 1
11324 10461 1
11302 10461 1
11431 10461 1
11479 10461 1
11363 10461 1
9327 10461 1
10460 10462 36
10461 10462 36
10461 10463 36
10460 10463 37
10766 10464 1
11125 10465 1
10466 10465 4
10784 10466 2
11124 10466 6
11029 10466 6
11013 10466 2
10467 10466 9
11023 10466 1
10458 10468 1
11324 10469 1
9341 10469 1
10880 10469 1
11375 10469 1
9329 10469 1
9331 10469 1
11481 10469 1
10779 10469 1
9327 10469 1
10997 10469 1
11297 10469 1
9323 10469 1
10892 10469 1
9319 10469 1
10975 10469 1
11352 10469 1
10468 10469 1
11446 10469 1
10460 10469 26
11306 10469 1
11363 10469 1
9375 10469 1
9314 10469 1
11316 10469 1
9309 10469 1
11431 10469 1
9348 10469 1
10779 10470 1
9375 10470 1
11352 10470 1
10975 10470 1
9319 10470 1
9327 10470 1
11324 10470 1
10997 10470 1
9329 10470 1
9331 10470 1
11316 10470 1
11375 10470 1
11363 10470 1
10880 10470 1
9323 10470 1
9314 10470 1
11446 10470 1
10892 10470 1
9309 10470 1
11481 10470 1
9348 10470 1
9341 10470 1
11297 10470 1
11306 10470 1
11431 10470 1
10468 10470 1
10460 10470 27
11358 10471 1
11246 10471 3
11341 10471 1
10470 10471 27
10752 10471 32
9255 10471 1
10955 10752 1
10460 10752 27
10947 10752 1
10954 10752 1
11342 10752 2
10752 10753 32
10471 10753 32
10755 10754 1
10394 10755 1
10817 10755 1
10921 10755 1
10922 10755 1
10404 10755 1
10758 10757 1
10774 10758 1
10760 10758 1
10760 10759 5
9288 10759 1
9286 10759 1
10757 10759 1
11285 10759 1
11252 10759 1
11023 10760 1
10758 10760 5
10974 10760 3
10762 10761 1
10764 10763 6
9282 10763 1
10761 10763 1
9298 10763 1
11276 10763 1
11133 10763 1
9296 10763 1
11134 10764 1
11277 10764 1
11463 10764 2
10762 10764 1
10911 10764 1
10766 10765 1
10826 10768 2
10456 10769 4
10771 10770 4
10774 10773 1
9243 10773 1
10777 10776 1
11100 10777 4
10777 10778 1
10776 10778 1
10458 10779 1
10901 10780 1
10394 10780 1
11035 10780 1
11125 10780 1
10782 10781 1
10784 10783 1
10466 10784 1
11028 10785 1
11080 10785 1
9281 10785 1
11113 10785 1
11012 10785 1
10783 10785 1
11370 10785 1
9318 10785 1
11418 10785 1
10466 10785 11
9284 10785 1
10785 10786 11
10394 10786 12
10786 10787 12
10785 10787 11
10394 10787 13
10787 10788 13
9376 10788 1
10394 10788 15
10793 10789 36
10788 10789 15
10394 10789 37
10394 10790 37
10789 10790 37
10793 10790 36
10791 10790 18
10788 10791 15
11253 10791 1
9369 10791 1
10394 10791 18
10791 10792 18
10394 10792 19
11106 10793 1
10851 10793 1
10394 10793 36
10829 10793 1
11371 10793 1
10791 10793 18
11461 10793 1
9371 10793 1
11399 10793 3
11033 10793 1
10792 10793 19
11232 10793 1
11458 10793 1
11276 10793 1
11243 10793 1
9296 10793 1
11254 10793 1
11364 10794 1
10785 10794 11
10795 10794 12
10773 10795 1
10466 10795 11
10466 10796 6
11418 10796 1
11028 10796 1
9318 10796 1
9284 10796 1
10783 10796 1
10798 10797 1
10922 10798 1
10797 10799 1
10800 10799 7
11235 10799 1
11339 10799 1
11118 10799 2
11501 10799 1
10798 10800 10
10770 10800 1
10879 10800 7
10799 10801 7
11196 10801 1
10800 10801 8
10800 10802 8
10799 10802 7
10804 10803 9
10802 10803 8
9262 10803 1
10800 10804 8
10800 10805 7
10799 10805 7
10807 10806 3
10810 10809 4
10813 10812 1
11125 10813 1
10466 10813 4
10815 10814 1
10812 10814 1
10813 10815 1
10815 10816 1
10812 10816 1
10453 10817 2
10819 10818 1
10774 10819 1
11477 10820 1
11391 10820 1
11394 10820 2
10821 10820 5
10818 10820 1
11395 10821 2
10819 10821 3
11024 10822 1
10818 10822 1
11391 10822 1
11477 10822 1
10821 10822 4
10824 10823 1
10774 10824 1
10766 10824 1
9342 10825 1
10826 10825 2
10823 10825 1
10446 10826 4
10824 10826 3
10830 10829 1
10394 10830 1
10995 10830 1
10766 10830 1
10774 10830 1
10901 10830 1
10833 10832 1
10835 10834 2
11438 10834 1
10832 10834 1
11191 10835 1
10833 10835 1
10837 10836 3
10840 10839 1
10973 10840 2
10913 10840 3
10839 10841 1
10842 10841 2
10840 10842 1
10844 10842 4
10841 10843 2
10844 10843 2
10840 10844 1
10760 10844 1
10842 10844 3
10931 10844 1
11053 10845 1
10841 10845 2
10918 10845 1
10867 10845 1
10846 10845 9
11361 10845 1
10985 10845 3
10919 10846 2
10842 10846 2
11362 10846 1
10844 10846 6
10868 10846 1
10844 10847 3
11436 10847 1
10839 10847 1
10846 10848 3
10847 10848 3
10852 10851 1
10854 10853 3
11461 10853 1
11458 10853 1
10851 10853 1
10852 10854 3
10755 10854 8
10817 10854 1
11457 10855 1
10854 10855 5
11308 10855 1
11116 10855 1
10851 10855 1
11458 10855 1
10857 10856 1
10402 10857 4
11231 10858 1
10404 10858 2
10856 10858 1
10404 10859 6
11211 10859 1
10856 10859 1
11002 10859 4
10856 10860 1
10861 10860 2
9253 10860 1
10857 10861 2
11215 10861 5
10927 10861 1
11009 10861 1
10884 10861 1
10453 10865 1
10876 10865 1
11359 10865 1
10868 10867 1
11361 10869 1
10957 10869 1
10846 10869 5
10918 10869 1
11053 10869 1
10867 10869 1
10871 10870 3
10800 10873 4
10800 10874 4
10800 10875 4
10865 10876 3
10800 10876 5
10800 10877 4
10456 10878 4
10458 10880 1
10837 10882 3
10884 10883 1
11206 10884 1
10886 10885 1
10883 10885 1
10884 10886 1
10798 10887 2
10887 10888 2
11118 10888 2
10800 10888 6
11500 10888 1
10800 10889 6
10888 10889 6
10800 10890 6
10888 10890 6
10837 10891 3
10458 10892 1
10456 10894 4
10884 10895 1
10897 10896 1
10895 10896 1
10884 10897 1
10903 10902 1
10902 10904 1
10903 10904 1
10798 10905 1
11118 10906 2
9347 10906 1
10800 10906 4
10905 10906 1
10871 10907 3
10909 10908 1
10857 10909 1
10908 10909 2
10910 10909 2
10456 10912 4
10915 10914 3
10837 10916 3
10919 10918 1
10817 10921 1
10755 10921 8
9295 10923 1
10777 10923 2
10777 10924 2
10923 10924 2
10774 10926 1
10766 10926 1
10394 10927 1
10774 10927 1
10766 10928 1
10988 10929 1
10931 10930 1
11018 10931 6
10974 10931 3
11023 10931 1
9270 10932 1
10933 10932 7
11190 10932 1
11010 10932 3
9290 10932 1
10930 10932 1
10840 10933 3
10760 10933 1
11018 10933 1
10758 10933 1
10931 10933 1
10837 10935 3
10937 10938 3
10941 10938 3
10913 10938 3
10940 10938 3
10937 10939 3
10913 10939 3
10941 10939 3
10940 10939 3
10943 10942 1
10945 10943 1
10774 10943 1
9372 10944 1
10942 10944 1
11314 10944 1
11284 10944 1
10945 10944 4
10943 10945 4
10456 10946 4
10456 10947 4
10456 10948 4
10456 10949 4
10456 10950 4
10456 10951 4
10456 10952 4
10456 10953 4
10456 10954 4
10456 10955 4
10394 10956 1
10844 10957 1
10464 10958 1
10958 10959 1
10960 10959 3
11203 10959 1
11387 10959 1
10464 10960 2
11044 10960 1
10962 10961 7
11167 10961 1
11203 10961 1
11259 10961 2
10958 10961 1
9313 10961 1
11054 10961 1
11158 10962 6
11044 10962 7
11173 10962 1
11055 10962 1
10464 10962 2
10958 10963 1
11259 10963 2
9313 10963 1
11167 10963 1
11203 10963 1
10962 10963 6
10760 10965 1
11079 10966 1
10967 10966 5
11424 10966 1
11292 10966 1
10965 10966 1
10984 10966 1
10760 10967 2
11018 10967 1
10758 10967 1
10884 10967 1
10969 10968 3
11001 10971 3
10972 10971 4
10458 10975 1
10951 10976 1
11322 10977 1
10978 10977 6
10976 10977 1
11312 10977 1
11245 10977 1
11074 10977 1
11138 10977 1
11330 10978 2
10951 10978 1
11313 10978 1
10912 10978 1
10950 10978 1
10455 10978 1
10878 10978 1
11498 10978 1
10766 10981 1
10760 10984 1
10844 10985 3
11436 10985 1
10984 10985 1
11079 10986 1
11292 10986 1
10967 10986 4
10984 10986 1
11424 10986 1
10826 10987 1
11104 10987 1
10954 10992 1
9248 10993 1
10992 10993 1
10752 10993 2
10992 10994 1
9248 10994 1
10752 10994 2
10996 10995 5
10458 10997 1
10865 10998 1
10876 10999 3
10998 10999 1
11063 10999 1
9346 10999 1
11001 11000 1
10774 11001 1
10394 11001 1
11000 11002 1
11304 11002 1
9332 11002 1
10971 11002 4
11078 11003 1
11211 11003 1
11004 11003 7
11323 11003 1
11002 11003 4
10956 11004 1
10884 11004 1
11226 11004 2
10971 11004 4
11004 11005 7
9276 11005 1
11078 11005 1
11002 11005 4
11211 11005 1
11007 11006 1
9263 11008 1
11009 11008 2
11006 11008 1
11007 11009 2
11210 11009 4
10840 11010 3
11068 11010 2
10871 11011 3
11013 11012 1
10466 11013 1
10842 11014 1
11014 11015 1
10844 11015 1
10844 11016 1
11014 11016 1
11018 11017 1
10774 11018 1
10931 11018 1
9278 11019 1
11286 11019 1
11017 11019 1
9264 11019 1
9363 11019 1
9334 11019 1
10931 11019 6
10821 11024 1
11029 11028 1
10774 11029 1
10466 11029 1
11028 11030 1
9284 11030 1
10466 11030 3
10466 11031 1
11028 11031 1
10780 11033 1
11033 11034 1
11183 11034 1
11035 11034 5
9371 11034 1
11232 11034 1
11254 11034 1
11127 11035 5
10780 11035 5
10769 11036 1
11036 11037 1
10769 11037 1
10908 11038 1
11038 11039 1
9299 11039 1
10909 11039 2
9299 11040 1
11038 11040 1
10909 11040 2
10909 11041 2
9299 11041 1
11038 11041 1
10909 11042 2
11038 11042 1
9299 11042 1
11044 11043 1
11258 11045 2
9249 11045 1
9321 11045 1
9313 11045 1
11043 11045 1
11259 11045 2
9353 11045 1
11167 11045 1
9312 11045 1
10962 11045 10
9249 11046 1
11167 11046 1
9321 11046 1
9312 11046 1
10962 11046 10
11259 11046 2
11043 11046 1
9353 11046 1
9313 11046 1
11258 11046 2
11259 11047 2
11179 11047 2
11043 11047 1
11048 11047 4
11044 11048 4
11158 11048 1
11259 11049 2
11043 11049 1
11048 11049 4
11179 11049 2
11051 11050 3
10919 11053 1
11055 11054 1
11156 11055 2
10962 11056 4
11259 11056 2
9373 11056 1
11054 11056 1
11155 11057 1
9357 11057 1
11055 11057 3
11054 11057 1
11054 11058 1
11055 11058 1
9243 11059 4
11187 11061 1
10910 11061 2
10899 11061 2
11062 11061 2
10857 11061 1
10865 11063 1
11202 11064 1
11065 11064 2
10973 11068 2
11071 11070 1
10774 11071 1
9243 11071 1
11070 11072 1
9243 11072 2
10425 11073 1
10878 11074 1
10884 11078 1
10758 11079 1
10784 11080 1
11092 11081 1
9243 11081 2
11076 11083 1
11083 11084 1
9359 11084 1
11085 11084 5
9311 11084 1
11126 11084 1
11445 11084 1
11076 11085 4
10755 11086 1
11116 11087 1
9273 11087 1
9340 11087 1
11308 11087 1
11303 11087 1
11468 11087 1
11086 11087 1
10921 11087 9
11457 11087 1
11356 11087 1
10854 11088 3
11240 11088 1
11086 11088 1
11468 11089 1
9340 11089 1
11086 11089 1
11240 11089 1
10854 11089 9
11116 11089 1
11303 11089 1
11308 11089 1
9273 11089 1
11457 11089 1
10854 11090 9
9273 11090 1
11240 11090 1
11308 11090 1
11457 11090 1
11116 11090 1
9340 11090 1
11086 11090 1
11468 11090 1
11461 11090 1
9243 11092 1
11094 11093 1
11092 11093 1
9243 11094 1
11420 11095 1
11383 11095 2
10466 11095 4
10775 11098 1
11100 11099 1
11098 11099 1
10775 11100 8
11104 11103 1
10987 11104 1
11103 11105 1
10987 11105 2
11143 11105 1
10830 11106 1
10871 11112 3
11029 11113 1
10807 11114 3
10755 11116 1
10770 11117 1
11117 11118 1
10800 11118 2
10800 11119 2
11118 11119 2
10800 11120 2
11118 11120 2
11118 11121 2
10800 11121 3
11121 11122 3
10800 11122 3
11085 11126 1
9262 11130 1
10394 11130 3
11134 11133 1
11133 11135 1
11136 11135 1
11134 11136 1
10455 11138 1
11315 11139 1
10456 11139 5
11296 11139 1
11138 11139 1
11322 11139 1
11475 11140 1
10456 11140 6
11139 11140 5
11139 11141 5
10456 11141 5
10394 11142 1
10774 11142 1
10826 11143 2
11143 11144 1
11145 11144 1
10826 11145 1
11147 11146 2
11294 11146 1
11143 11146 1
11197 11147 1
9322 11147 1
10826 11147 1
11147 11148 2
11294 11148 1
11143 11148 1
9259 11149 1
11150 11149 3
11143 11149 1
11294 11149 1
11197 11150 2
10826 11150 1
11143 11151 1
11294 11151 1
11147 11151 2
11143 11152 1
11145 11152 1
11497 11153 1
11100 11153 3
11388 11153 1
11100 11154 5
11153 11154 3
11496 11154 1
11255 11154 1
11156 11155 1
10962 11158 1
10774 11158 1
11048 11158 1
10826 11159 1
9272 11160 1
11159 11160 1
10826 11160 3
11332 11161 1
10826 11161 4
11160 11161 3
10826 11162 3
11160 11162 3
11159 11163 1
10826 11163 2
11163 11164 2
11165 11164 2
10826 11165 2
11165 11166 2
11163 11166 2
11158 11167 1
11200 11168 1
11167 11168 1
10962 11168 4
11259 11168 2
11167 11169 1
9287 11169 1
9313 11169 1
10962 11169 5
11259 11169 2
10862 11174 2
11202 11174 1
11191 11176 1
11257 11179 1
11044 11179 2
10766 11181 1
10780 11183 1
11061 11187 1
11189 11188 2
9256 11188 1
10760 11190 1
11202 11192 1
11193 11192 2
10927 11194 1
11487 11195 1
11194 11195 1
10861 11195 2
10798 11196 1
11044 11200 1
10914 11201 1
10464 11203 1
11206 11205 1
11222 11207 1
10884 11207 2
11205 11207 1
10956 11211 1
11215 11214 1
10394 11215 1
11214 11216 1
10861 11216 2
11487 11216 1
10458 11219 1
11251 11221 2
11220 11221 1
10884 11222 1
11224 11223 1
11222 11223 1
10884 11224 1
11222 11225 1
11289 11225 1
10394 11225 2
10394 11226 1
11228 11227 1
11415 11228 1
11067 11228 1
11227 11229 1
11228 11229 1
10956 11231 1
10780 11232 1
10451 11233 1
11233 11234 1
10451 11234 1
10798 11235 1
11114 11236 1
11236 11237 1
11114 11237 1
11071 11238 1
11238 11239 1
9243 11239 1
10817 11240 1
11240 11241 1
10854 11241 1
10846 11242 1
10830 11243 1
10912 11245 1
10752 11246 3
11358 11246 1
11341 11246 1
10956 11247 1
9299 11248 1
10404 11248 2
11247 11248 1
10828 11250 1
10758 11252 1
10927 11253 1
10780 11254 1
10775 11255 1
11044 11257 1
11044 11258 2
11257 11258 1
11257 11259 1
11044 11259 2
11048 11260 2
11259 11260 2
11048 11261 2
11259 11261 2
11259 11262 2
11048 11262 2
11259 11263 2
11048 11263 2
11259 11264 2
9313 11264 1
11048 11264 3
11048 11265 2
11259 11265 2
11259 11266 2
10962 11266 3
9266 11266 1
10922 11269 1
10866 11271 1
10866 11272 1
11271 11272 1
10773 11273 1
10773 11274 1
11273 11274 1
11277 11276 1
10766 11277 1
10755 11278 1
10837 11281 3
10837 11282 3
10837 11283 3
10943 11284 1
10758 11285 1
11018 11286 1
10927 11289 1
11071 11290 1
10884 11292 1
11197 11294 1
10857 11295 1
10952 11296 1
10458 11297 1
10458 11302 1
10755 11303 1
11001 11304 1
10988 11305 1
10458 11306 1
10755 11308 1
11313 11312 1
10943 11314 1
10953 11315 1
10458 11316 1
10871 11317 3
9299 11318 1
10409 11318 2
10413 11319 2
11318 11319 2
10418 11320 2
11318 11320 2
10950 11322 1
11226 11323 1
10458 11324 1
10927 11325 1
11325 11326 1
10394 11326 1
10928 11327 1
11327 11328 1
11329 11328 2
11377 11328 1
11378 11329 1
10928 11329 1
10824 11332 1
11334 11333 1
11336 11335 1
11333 11335 1
11334 11336 1
10798 11339 1
11342 11341 1
10752 11342 1
10458 11347 1
10458 11352 1
10458 11353 1
10817 11356 1
11356 11357 1
10817 11357 1
11342 11358 1
11362 11361 1
10458 11363 1
10773 11364 1
10773 11365 4
11364 11365 1
11437 11365 1
9260 11365 1
9345 11365 1
10956 11366 1
10871 11367 3
11242 11368 1
11368 11369 1
11242 11369 1
11029 11370 1
11180 11371 1
9299 11373 1
10409 11373 2
11373 11374 2
10418 11374 2
10458 11375 1
10765 11376 1
11378 11377 1
11377 11379 1
11329 11379 1
9291 11383 1
10466 11383 2
10774 11386 1
10394 11386 1
11044 11387 1
10775 11388 1
11215 11389 1
11487 11390 1
11389 11390 1
10861 11390 2
10819 11391 1
10810 11392 4
11173 11393 1
11395 11394 2
9325 11394 1
11394 11396 2
11395 11396 2
11395 11397 2
11394 11397 2
11394 11398 2
11395 11398 2
11395 11399 3
11394 11399 2
11181 11400 1
11400 11401 1
11402 11401 1
11181 11402 1
11402 11403 1
11400 11403 1
9246 11406 1
9245 11406 1
10899 11406 1
11504 11406 1
9247 11406 1
11187 11409 1
11061 11410 3
11409 11410 1
9299 11410 1
11061 11411 3
11410 11411 3
11187 11412 1
11409 11412 1
9299 11413 1
11409 11413 1
11061 11413 2
11415 11414 1
11447 11416 1
11414 11416 1
11228 11416 2
11228 11417 1
11414 11417 1
11013 11418 1
10466 11420 1
10846 11421 1
11242 11422 1
11421 11422 1
11018 11424 1
11020 11426 1
11426 11427 1
11428 11427 1
11020 11428 1
11428 11429 1
11426 11429 1
11428 11430 1
11426 11430 1
10458 11431 1
10775 11432 1
11432 11433 1
11502 11433 1
11100 11433 2
10830 11434 1
10931 11436 1
10773 11437 1
11191 11438 1
11438 11439 1
10835 11439 1
11438 11440 1
10835 11440 1
11438 11441 1
11176 11441 1
11438 11442 1
11176 11442 1
11438 11443 1
11176 11443 1
11076 11445 1
10458 11446 1
11067 11447 1
11447 11448 1
11228 11448 1
10908 11449 1
11449 11450 1
10909 11450 1
10981 11451 1
11453 11452 1
11451 11452 1
10981 11453 1
9292 11455 2
10768 11455 3
11455 11456 3
10768 11456 3
10755 11457 1
10852 11458 1
10857 11459 1
10852 11461 1
11463 11462 1
10407 11464 1
11462 11464 1
10755 11468 1
10456 11475 1
11475 11476 1
10456 11476 1
10819 11477 1
10458 11479 1
10458 11481 1
11215 11484 1
11484 11485 1
10861 11485 2
9299 11485 1
10861 11486 3
9299 11486 1
11484 11486 1
9253 11486 1
10884 11487 1
11009 11491 1
9328 11492 1
11491 11492 1
10861 11492 2
11204 11494 1
11494 11495 1
11204 11495 1
10775 11496 1
10775 11497 1
10798 11500 1
10798 11501 1
10775 11502 1
