9808 9806 2
9827 9806 1
9842 9807 1
9808 9807 2
9827 9808 2
9831 9809 1
10072 9809 1
9807 9809 2
10071 9809 1
9838 9809 1
9810 9809 7
9808 9810 3
9824 9810 1
10066 9810 1
9832 9810 1
9810 9811 7
9809 9811 7
9810 9812 7
9809 9812 7
9807 9813 2
9826 9813 1
9806 9813 4
9806 9814 4
9813 9814 4
9813 9815 4
9855 9815 1
9816 9815 5
9806 9816 4
9844 9816 1
9806 9817 3
9826 9817 1
9807 9817 2
9806 9818 3
9807 9818 2
9826 9818 1
9820 9821 3
9827 9826 1
9829 9830 3
9832 9831 1
10071 9833 1
10072 9833 1
9834 9833 3
9831 9833 1
9832 9834 2
9824 9834 2
10066 9834 2
10072 9835 1
9836 9835 4
9831 9835 1
10071 9835 1
9832 9836 1
9824 9836 1
10066 9836 1
9836 9837 4
9835 9837 4
9808 9838 2
9859 9838 1
9827 9842 1
9842 9843 1
9844 9843 1
9827 9844 1
9844 9845 1
9842 9845 1
9842 9846 1
9844 9846 1
9844 9847 1
9842 9847 1
9844 9848 1
9842 9848 1
9844 9855 1
9855 9856 1
9816 9856 1
9816 9857 1
9855 9857 1
9855 9858 1
9816 9858 1
9827 9859 1
9834 10060 1
10060 10061 1
9834 10061 4
10064 10061 1
10065 10061 1
10070 10061 1
9824 10064 1
10066 10065 1
9832 10070 1
9824 10071 1
10066 10072 1
