4108 3777 17
3983 3777 2
3823 3777 1
3783 3778 1
3779 3778 1
3782 3778 1
3780 3779 6
3778 3779 5
3835 3780 1
3781 3780 8
3779 3780 4
3950 3781 1
3898 3781 1
3778 3782 5
3835 3782 1
3780 3782 4
3779 3782 7
3896 3782 1
3835 3783 1
3907 3783 2
3963 3783 5
3778 3783 5
3950 3783 1
3997 3783 1
3781 3783 3
3780 3783 8
3823 3783 2
3859 3783 3
3779 3783 7
3852 3783 4
3825 3783 13
3948 3783 1
4110 3783 1
3784 3783 3
3790 3783 3
3788 3783 3
3785 3783 3
3791 3783 3
3793 3783 3
3792 3783 3
3789 3783 3
3950 3785 1
3997 3785 1
3787 3785 4
3823 3785 1
3963 3785 5
3825 3785 6
3784 3785 4
3961 3785 2
3786 3785 4
3780 3785 7
3787 3788 4
3784 3788 4
3825 3788 7
3783 3788 12
3780 3788 7
3859 3788 2
3779 3788 4
3950 3788 1
4110 3788 1
3778 3788 2
3835 3788 1
3795 3794 4
3781 3795 3
4105 3797 1
3797 3798 1
3991 3798 1
3828 3798 1
3799 3798 4
3953 3799 2
4105 3799 3
3829 3799 2
3798 3800 4
3799 3800 5
3897 3801 1
3800 3801 5
3802 3801 6
3898 3802 1
3799 3802 5
3943 3804 2
3780 3804 7
3870 3804 4
3905 3805 2
3833 3805 4
3943 3805 2
3858 3805 1
3936 3805 3
4019 3805 1
3783 3805 24
3999 3805 1
3911 3805 4
3932 3805 2
4030 3805 1
3975 3805 1
3903 3805 2
3804 3805 7
3878 3805 9
3943 3806 2
3804 3806 7
4003 3806 1
3944 3806 1
3839 3806 1
3788 3806 10
3905 3807 2
3788 3807 21
3878 3807 9
4019 3807 1
4030 3807 1
3911 3807 4
3932 3807 2
3903 3807 2
3999 3807 1
3858 3807 1
3936 3807 3
3975 3807 1
3804 3807 7
4021 3808 1
3911 3808 4
4007 3808 1
3862 3808 6
3804 3808 7
3783 3808 22
3975 3808 1
3936 3808 3
3962 3808 5
3995 3809 1
3804 3809 7
4021 3809 1
4007 3809 1
3962 3809 5
3980 3809 1
3862 3809 6
3911 3809 4
3785 3809 20
3804 3810 7
3783 3810 7
3804 3811 7
3812 3811 7
3792 3812 1
3783 3812 1
4022 3812 1
3793 3812 1
3780 3812 7
3812 3813 7
3804 3813 7
3812 3814 7
3804 3814 7
3804 3815 7
3812 3815 7
3812 3816 7
3804 3816 7
3858 3817 1
3962 3817 5
3975 3817 1
3951 3817 1
3804 3817 7
3824 3817 2
3783 3817 16
3993 3818 1
3782 3818 9
3833 3818 4
4003 3818 1
3870 3818 4
3882 3818 1
3944 3818 1
3869 3818 1
3839 3818 1
4108 3819 10
3818 3819 9
3777 3820 16
3819 3820 10
4029 3820 1
4005 3820 1
3867 3820 7
3962 3821 5
3819 3821 10
3867 3821 7
3972 3821 1
3822 3821 19
3961 3822 1
4014 3822 1
4108 3822 14
3825 3822 2
3963 3822 5
3795 3823 4
3975 3824 1
3825 3824 2
3898 3825 1
3948 3825 2
3950 3825 1
3781 3825 3
3824 3826 2
3822 3826 2
3829 3828 1
3991 3830 1
4031 3830 1
3799 3830 6
3883 3830 1
3828 3830 1
3952 3830 1
3987 3830 1
3829 3831 1
3832 3831 2
3959 3831 1
4003 3833 1
3869 3833 1
3944 3833 1
3779 3833 4
3788 3834 5
3975 3834 1
3833 3834 4
3783 3835 1
3782 3835 1
3780 3835 1
3838 3836 2
4025 3836 1
3998 3836 1
3837 3836 2
4026 3836 1
3835 3839 1
3993 3840 1
3783 3840 7
3882 3840 1
3869 3840 1
3944 3840 1
4003 3840 1
3839 3840 1
3944 3841 1
3869 3841 1
3783 3841 15
3932 3841 2
3882 3841 1
3904 3841 2
3993 3841 1
3839 3841 1
3962 3841 5
4003 3841 1
3782 3842 5
3944 3842 1
3846 3842 3
3839 3842 1
4108 3843 5
3842 3843 5
3842 3844 5
4004 3844 1
3845 3844 6
3780 3845 1
3898 3845 1
3823 3845 1
3781 3845 3
3782 3845 12
3941 3846 1
3780 3846 3
3839 3846 1
3848 3847 2
3959 3847 1
4105 3847 2
3897 3850 1
3975 3850 1
3781 3850 3
3852 3851 4
3850 3851 3
3781 3852 3
3902 3853 6
3903 3853 2
3783 3853 9
3851 3853 4
3795 3854 3
3850 3854 3
4004 3855 1
3845 3855 5
3850 3855 3
3941 3855 1
3857 3856 3
3859 3858 1
3861 3860 3
4018 3862 1
3910 3862 3
3911 3862 4
3825 3862 6
4110 3863 8
3875 3863 7
3863 3864 8
4110 3864 9
4110 3865 14
3999 3865 1
3863 3865 8
3922 3865 4
3993 3866 1
3782 3866 6
3882 3866 1
3943 3866 2
3869 3866 1
4108 3867 7
3866 3867 6
3845 3868 7
4004 3868 1
3866 3868 6
3778 3869 1
3882 3870 1
3993 3870 1
3779 3870 4
3869 3870 1
3882 3871 1
4000 3871 1
3870 3871 4
3872 3871 5
3778 3872 2
3779 3872 4
3783 3873 10
3870 3873 4
3943 3873 2
3936 3873 3
4030 3873 1
3870 3874 4
3936 3874 3
3783 3874 7
3943 3875 2
3780 3875 7
3870 3875 4
4020 3876 1
3875 3876 7
3941 3876 1
3783 3876 8
3875 3877 7
3783 3877 7
3975 3878 1
3875 3878 7
3783 3878 9
3875 3879 7
4110 3879 8
3879 3880 8
4110 3880 8
3783 3881 2
3778 3882 1
3829 3883 1
3831 3884 2
3883 3884 1
3962 3885 5
3954 3885 2
3886 3885 12
3884 3885 2
3988 3885 3
3963 3886 6
3955 3886 2
3831 3886 2
3847 3886 3
3888 3887 2
3884 3887 2
3831 3887 2
3898 3888 1
3829 3888 1
3831 3888 2
3887 3889 2
3884 3889 2
3887 3890 2
3884 3890 2
3884 3891 2
3954 3891 2
3988 3891 3
3886 3891 8
3886 3892 11
3984 3892 5
3891 3892 8
3986 3892 2
3888 3893 2
3897 3893 1
3883 3893 1
3883 3894 1
3897 3894 1
3888 3894 2
3888 3895 2
3883 3895 1
3897 3895 1
3795 3896 4
3898 3897 1
3897 3899 1
3900 3899 1
3998 3900 1
3898 3900 1
3897 3901 1
3802 3901 1
3992 3902 1
3910 3902 3
3911 3902 4
3897 3902 1
3825 3902 6
3825 3903 2
3897 3903 1
3825 3904 2
3897 3904 1
3825 3905 2
3897 3905 1
3897 3906 1
3907 3906 2
3898 3907 1
3782 3907 1
3823 3907 1
3783 3908 2
3906 3908 2
3938 3909 1
3907 3909 3
4007 3909 1
3897 3909 1
3781 3910 3
3975 3910 1
3897 3910 1
3910 3911 3
3825 3911 4
3783 3912 4
3975 3912 1
3911 3912 4
3962 3913 5
3783 3913 10
3911 3913 4
4020 3913 1
3910 3914 3
3783 3914 3
4004 3915 1
3897 3915 1
3845 3915 2
4004 3916 1
3845 3916 2
3897 3916 1
3897 3917 1
3918 3917 4
3939 3917 1
4024 3917 1
3827 3918 3
3898 3918 1
3987 3919 1
3920 3919 3
3897 3919 1
4031 3919 1
3898 3920 1
3847 3920 3
4105 3920 2
3897 3921 1
3920 3921 1
3967 3922 2
4110 3922 4
3897 3922 1
3897 3923 1
4024 3923 1
3918 3923 2
3897 3924 1
3918 3924 3
4024 3924 1
3946 3925 1
3918 3925 5
3924 3925 3
3982 3925 1
3927 3926 2
3952 3926 1
3897 3926 1
3953 3927 1
3898 3927 1
3955 3927 2
3897 3928 1
3952 3928 1
3927 3928 2
3897 3929 1
3952 3929 1
3927 3929 2
3918 3930 2
4024 3930 1
3897 3930 1
3927 3931 2
3952 3931 1
3897 3931 1
3975 3932 1
3825 3932 2
3932 3933 2
3992 3933 1
3783 3933 3
3783 3934 2
3932 3934 2
3783 3935 2
3932 3935 2
3783 3936 3
3932 3936 2
3975 3937 1
3783 3937 3
3936 3937 3
3782 3938 1
3827 3939 1
3857 3940 3
3780 3941 1
3968 3942 1
3782 3942 2
3941 3942 1
3941 3943 1
3780 3943 2
3778 3944 1
4008 3945 1
3787 3945 1
4028 3945 1
3827 3946 1
3859 3951 1
3953 3952 1
3952 3954 1
3955 3954 2
3959 3955 1
3953 3955 1
3947 3955 2
3927 3956 2
3955 3956 2
3954 3956 2
3954 3957 2
3956 3957 2
3954 3958 2
3956 3958 2
3995 3960 1
3980 3960 1
3961 3960 3
4027 3961 1
3972 3962 1
3963 3962 5
3960 3962 3
3961 3963 4
3974 3963 3
3962 3964 5
3783 3964 5
3783 3965 5
3962 3965 5
3962 3966 5
4021 3966 1
3785 3966 7
3975 3966 1
4110 3967 2
3975 3967 1
3896 3968 1
3968 3969 1
3782 3969 2
4004 3970 1
4020 3970 1
3969 3970 2
3845 3970 4
3975 3971 1
4110 3971 2
3961 3972 1
3872 3973 4
3950 3975 1
3975 3976 1
3788 3976 1
3975 3977 1
3785 3977 1
3975 3978 1
3979 3978 1
3950 3979 1
3961 3980 1
3857 3981 3
3827 3982 1
3886 3984 5
3988 3984 3
3985 3984 1
3963 3985 1
3886 3986 2
3985 3986 1
4105 3987 1
3847 3988 3
3987 3988 1
4031 3988 1
3988 3989 3
3920 3989 3
3847 3989 3
3988 3990 3
3989 3990 3
3953 3991 1
3948 3992 1
3778 3993 1
3845 3994 4
3961 3995 1
4112 3996 1
4110 3999 1
3778 4000 1
4106 4001 3
3778 4003 1
3845 4004 1
3983 4005 1
4101 4006 1
3823 4007 1
4009 4008 2
3812 4010 1
3881 4010 1
3881 4011 1
3812 4011 1
3812 4012 1
3881 4012 1
3812 4013 1
3881 4013 1
3959 4015 1
3959 4016 1
3959 4017 1
3948 4018 1
3783 4019 1
3823 4020 1
3997 4021 1
3918 4024 1
4001 4028 2
3860 4028 2
3983 4029 1
3859 4030 1
4105 4031 1
4101 4100 1
3993 4102 1
4006 4102 1
4003 4102 1
3840 4102 7
3882 4102 1
4100 4102 1
4103 4102 9
3944 4102 1
3869 4102 1
3778 4103 5
3783 4103 7
4101 4103 2
3849 4103 1
3793 4103 1
4006 4104 1
4100 4104 1
4103 4104 9
3840 4104 7
3796 4106 4
3969 4107 2
4108 4107 3
3782 4108 16
4107 4109 3
3975 4109 1
4110 4109 8
3922 4109 4
3780 4110 7
3950 4110 1
3803 4110 1
4108 4110 3
3898 4110 1
4112 4111 9
4109 4111 8
4110 4112 21
4111 4113 9
4112 4113 18
3864 4113 9
4112 4114 10
3971 4114 2
4111 4114 9
3865 4115 14
4112 4115 20
4111 4115 9
3996 4115 1
3996 4116 1
4111 4116 9
4112 4116 11
4117 4116 5
4110 4117 5
4107 4117 3
3897 4117 1
4020 4118 1
3777 4118 4
4107 4118 3
