9569 9568 3
9568 9570 3
9598 9570 3
9576 9570 3
9571 9570 12
9604 9570 3
9569 9571 3
9579 9571 9
9573 9571 3
9599 9571 3
9577 9571 3
9572 9573 3
9577 9574 1
9577 9576 3
9584 9577 3
9571 9578 4
9581 9580 4
9603 9581 1
9582 9581 4
9573 9583 2
9587 9586 3
9571 9588 4
9577 9589 1
9589 9590 1
9577 9590 2
9630 9590 1
9630 9591 1
9589 9591 1
9577 9591 2
9594 9593 1
9596 9594 1
9605 9594 1
9606 9594 1
9622 9595 1
9596 9595 4
9593 9595 1
9629 9595 1
9628 9595 1
9606 9596 2
9594 9596 4
9599 9598 3
9573 9604 3
9621 9608 1
9619 9608 1
9620 9608 1
9571 9609 4
9583 9613 2
9604 9613 2
9604 9614 2
9583 9614 2
9577 9616 1
9616 9617 1
9574 9617 1
9616 9618 1
9574 9618 1
9594 9622 1
9594 9628 1
9594 9629 1
9577 9630 1
