8808 5735 2
7787 5735 1
6106 5736 1
6479 5736 1
8339 5736 11
6527 5736 1
6646 5736 1
5934 5736 1
6401 5736 1
5735 5736 2
6497 5736 1
6334 5736 1
6233 5736 1
5898 5737 1
8339 5737 8
5735 5737 2
6527 5737 1
6525 5737 1
8811 5737 1
6646 5737 1
6479 5737 1
8811 5738 1
5898 5738 1
5735 5738 2
6682 5738 1
8339 5738 6
6479 5738 1
8286 5739 1
5924 5740 1
8300 5740 4
5739 5740 1
6498 5740 1
6536 5740 1
8367 5741 1
6331 5742 1
5741 5742 1
6650 5742 1
6287 5742 1
6336 5742 1
8145 5742 5
8525 5743 1
8481 5744 1
8362 5745 3
5918 5746 1
11829 5747 1
8796 5749 1
8769 5750 1
6718 5751 1
5750 5751 1
6473 5751 2
8320 5751 5
6054 5751 1
8283 5752 1
8361 5753 1
5753 5754 1
5755 5754 1
8361 5755 1
8733 5756 1
8606 5757 1
8278 5758 1
5760 5759 1
8733 5761 1
8283 5762 1
5949 5763 1
8145 5763 2
5762 5763 1
6132 5764 1
8145 5764 3
5949 5764 1
5762 5764 1
7733 5765 3
8722 5766 3
8159 5767 1
8358 5768 1
11907 5769 1
7593 5771 1
11797 5772 1
8606 5774 1
7705 5775 1
11872 5779 1
6253 5780 1
5779 5780 1
8209 5780 2
8209 5781 1
5779 5781 1
8209 5782 1
5779 5782 1
11793 5784 1
8159 5786 1
8154 5787 1
11886 5788 1
8154 5789 1
8478 5790 1
8606 5791 1
5793 5792 1
5795 5794 3
8286 5796 1
8595 5797 1
11841 5798 1
8241 5799 2
6666 5799 1
5798 5799 1
7595 5800 3
6529 5800 1
6666 5800 1
5798 5800 1
5802 5801 1
5801 5803 1
6710 5803 1
8433 5803 2
6710 5804 1
5801 5804 1
8433 5804 2
7593 5805 1
5806 5807 1
11849 5807 1
6415 5807 2
8541 5808 1
8403 5809 1
5809 5810 1
5902 5810 1
6568 5810 1
7651 5810 4
6328 5811 1
5809 5811 1
7651 5811 4
6295 5811 1
8457 5812 1
11886 5813 1
8686 5814 1
8541 5815 1
8474 5816 4
11799 5817 1
8700 5819 1
8283 5820 1
6082 5821 1
8156 5821 4
6144 5821 1
5820 5821 1
8637 5822 4
5821 5822 4
8637 5823 4
5821 5823 4
8286 5824 1
8461 5826 1
8283 5827 1
8325 5828 1
5828 5829 1
6069 5829 1
8156 5829 4
6682 5829 1
8733 5830 1
5830 5831 1
8145 5831 4
6157 5831 1
5843 5831 1
8145 5832 4
5831 5832 4
8283 5833 1
7725 5835 1
8457 5836 1
8776 5838 1
5841 5840 3
7735 5842 1
8733 5843 1
5845 5844 4
5976 5844 1
5905 5844 1
6281 5844 1
6100 5845 3
8537 5845 3
8266 5846 5
5844 5846 4
6673 5846 1
5844 5847 4
6673 5847 1
8266 5847 5
8159 5849 1
8377 5850 1
8367 5851 1
7593 5852 1
5854 5853 4
8493 5854 13
8621 5855 1
5857 5856 1
8791 5858 1
5856 5858 1
5861 5860 3
8584 5863 1
5854 5864 4
11846 5865 1
5865 5866 1
11846 5866 1
7739 5867 1
5869 5868 3
8776 5870 1
8161 5871 1
5870 5871 1
5870 5872 1
8161 5872 1
5874 5873 1
5876 5875 4
6708 5875 1
5873 5875 1
6432 5875 1
6539 5875 1
6210 5876 2
6425 5876 1
5874 5876 4
8148 5877 1
8283 5879 1
7719 5880 1
8286 5882 1
8286 5883 1
8337 5884 1
5886 5885 1
6454 5887 1
8161 5887 2
5885 5887 1
6232 5888 1
8161 5888 3
6454 5888 1
5885 5888 1
8161 5889 2
5885 5889 1
6454 5889 1
8161 5890 2
5885 5890 1
6454 5890 1
7739 5891 1
5891 5892 1
8566 5892 2
5939 5892 1
11825 5893 1
5896 5895 1
8519 5897 1
7766 5898 1
8481 5899 1
7705 5900 1
7601 5901 3
6391 5901 1
5900 5901 1
7651 5902 1
8283 5903 1
8532 5904 1
8537 5905 1
8337 5906 1
8702 5907 1
5917 5908 1
6656 5908 1
8704 5908 5
5907 5908 1
5928 5908 1
8358 5909 1
8595 5911 1
8385 5912 1
11886 5913 1
7599 5914 1
8525 5915 1
5918 5917 1
5917 5919 1
8156 5919 3
5928 5919 1
6656 5920 1
5917 5920 1
8704 5920 2
8704 5921 5
5928 5921 1
5917 5921 1
6656 5921 1
6363 5921 1
5917 5922 1
6656 5922 1
6172 5922 1
8704 5922 4
5928 5922 1
8159 5923 1
8286 5924 1
8367 5927 1
5918 5928 1
8430 5930 1
5930 5931 1
6526 5931 1
6573 5931 1
6367 5931 1
8781 5931 5
8781 5932 5
5931 5932 5
5854 5933 4
5935 5934 1
5937 5936 1
8209 5938 1
5936 5938 1
7739 5939 1
8159 5940 1
5942 5941 1
8425 5943 1
5941 5943 1
5941 5944 1
8425 5944 1
5946 5945 1
8774 5947 1
8733 5948 1
8283 5949 1
8159 5950 1
7593 5951 1
5862 5952 1
6109 5953 1
6533 5953 1
6285 5953 1
5952 5953 1
8616 5953 4
8606 5954 1
8337 5955 1
7719 5956 1
7593 5957 1
8154 5958 1
6181 5959 1
7599 5959 2
5958 5959 1
5961 5960 1
8733 5962 1
8385 5963 1
5965 5964 1
8584 5967 1
8595 5968 1
8286 5969 1
8430 5970 1
11856 5971 1
8367 5972 1
8457 5973 1
11907 5975 1
8537 5976 1
5979 5978 1
6648 5980 1
8725 5980 2
5978 5980 1
6648 5981 1
5978 5981 1
8760 5981 2
6648 5982 1
8760 5982 2
5978 5982 1
11784 5983 1
5983 5984 1
8455 5984 1
8367 5985 1
11784 5987 1
8455 5988 3
6142 5988 1
5987 5988 1
6606 5988 1
8283 5989 1
8712 5990 1
11784 5991 1
8274 5992 1
11886 5993 1
11793 5994 1
8286 5995 1
8473 5996 1
8474 5997 2
5996 5997 1
6726 5997 1
8283 5999 1
6311 6000 1
5999 6000 1
8145 6000 2
6005 6001 1
6617 6001 1
6666 6001 1
6132 6001 1
5999 6001 1
8145 6001 5
8764 6002 1
8796 6003 1
8481 6004 1
8283 6005 1
8457 6006 1
8337 6007 1
6011 6010 1
6010 6012 1
11856 6012 1
8377 6013 1
8643 6014 1
8283 6015 1
8574 6016 1
6016 6017 1
8433 6017 3
6404 6017 1
6097 6017 1
8159 6018 1
11879 6019 1
6682 6020 1
6021 6020 3
6158 6020 1
6019 6020 1
6300 6021 1
11879 6021 2
6300 6022 1
8259 6023 1
8154 6024 1
8286 6026 1
8574 6027 1
11849 6029 1
6029 6030 1
5807 6030 1
8325 6031 1
8604 6032 1
5965 6033 1
6630 6034 1
8156 6034 2
6036 6035 1
7605 6037 1
6035 6037 1
5859 6039 1
8759 6040 2
6039 6040 1
6384 6040 1
8759 6041 1
6039 6041 1
8401 6042 1
6571 6043 1
8403 6043 5
6042 6043 1
6473 6043 2
8712 6044 1
7593 6045 1
6047 6046 3
11887 6048 1
11886 6049 1
8595 6050 1
8159 6051 1
8606 6052 1
8358 6053 1
6055 6054 1
6057 6056 1
8541 6058 1
8606 6060 1
11907 6061 1
6063 6062 1
8358 6064 1
8286 6065 1
8719 6066 1
8461 6067 1
8550 6068 1
8325 6069 1
5946 6070 1
8592 6072 1
6074 6073 1
8392 6075 1
7663 6076 1
8283 6077 1
11854 6078 1
8702 6079 1
6079 6080 1
8704 6080 4
6172 6080 1
6247 6080 2
8259 6081 1
8283 6082 1
6382 6083 1
6310 6083 1
6381 6083 1
8206 6083 6
6247 6083 2
6083 6084 6
6381 6084 1
7623 6084 6
6310 6084 1
6381 6085 1
6310 6085 1
6083 6085 6
6382 6085 1
7623 6085 6
8377 6086 1
6292 6087 1
6288 6087 1
8339 6087 5
6086 6087 1
6252 6087 1
8719 6089 1
8606 6090 1
8283 6091 1
8145 6092 4
6666 6092 1
6650 6092 1
6617 6092 1
6091 6092 1
8286 6093 1
8286 6094 1
8390 6095 1
8337 6096 1
8574 6097 1
8525 6098 1
8557 6099 1
7719 6101 1
8796 6102 1
8358 6103 1
8259 6105 1
6107 6106 1
7719 6108 1
5862 6109 1
8259 6110 1
8148 6112 1
11886 6113 1
11874 6114 1
6366 6115 1
6436 6115 1
11821 6115 5
6316 6115 1
6114 6115 1
8806 6116 1
6116 6117 1
8327 6117 1
6116 6118 1
8725 6118 1
8532 6119 1
8430 6120 1
8619 6121 3
6123 6122 1
8266 6124 3
6236 6124 1
6164 6124 1
6122 6124 1
8550 6125 1
6122 6125 1
7593 6126 1
8719 6127 1
11903 6128 2
6193 6128 1
6127 6128 1
7593 6129 1
11784 6130 1
8227 6131 1
7742 6132 1
8392 6133 1
6132 6133 1
5839 6135 1
8283 6136 1
8473 6137 1
8657 6138 1
8634 6139 1
8274 6140 1
8700 6141 1
11784 6142 1
8455 6143 2
6142 6143 1
6467 6143 1
8283 6144 1
8457 6145 1
5816 6146 1
6148 6147 1
6146 6147 1
5816 6148 3
6150 6151 1
6230 6151 2
8442 6152 1
8445 6153 1
6152 6153 1
8702 6154 1
6247 6155 2
8704 6155 4
6209 6155 1
6154 6155 1
6656 6156 1
6154 6156 1
8704 6156 2
8733 6157 1
11879 6158 1
6021 6159 1
6158 6159 1
7719 6160 1
8283 6161 1
8352 6162 1
6398 6163 1
6162 6163 1
8566 6163 2
6165 6164 1
5854 6166 4
8702 6167 1
11886 6168 1
8286 6169 1
8154 6170 1
8325 6171 1
8702 6172 1
8159 6173 1
6175 6174 1
11886 6176 1
8733 6178 1
8537 6180 1
8154 6181 1
8541 6182 1
6184 6183 3
6186 6185 3
8325 6187 1
8601 6188 1
7593 6190 1
8657 6191 1
8148 6192 1
8719 6193 1
11815 6194 1
6429 6195 1
6652 6195 1
11870 6195 4
6672 6195 1
6194 6195 1
11907 6197 1
6199 6198 1
7735 6200 1
6198 6200 1
8447 6201 1
11829 6203 1
7649 6205 1
11793 6206 1
8525 6207 1
8702 6209 1
8574 6211 1
6211 6212 1
8433 6212 4
6581 6212 1
6249 6212 1
6471 6212 1
5748 6213 1
5862 6214 1
8616 6215 2
6228 6215 1
6214 6215 1
6217 6216 1
7649 6218 1
8606 6219 1
8382 6220 1
6219 6220 1
8337 6221 1
11790 6222 1
5854 6224 4
7719 6225 1
8481 6226 1
5862 6228 1
8722 6229 3
11886 6231 1
8159 6232 1
5935 6233 1
6057 6234 1
5825 6235 1
8354 6236 1
8352 6237 1
7735 6238 1
8543 6239 1
6011 6240 1
8325 6241 1
8148 6242 1
6244 6243 1
8606 6245 1
5918 6246 1
6246 6247 1
5746 6247 2
8286 6248 1
8574 6249 1
8733 6250 1
7705 6251 1
8377 6252 1
11872 6253 1
11784 6254 1
11900 6255 1
8325 6256 1
11907 6257 1
8449 6258 1
8774 6259 1
6259 6260 1
8517 6260 1
11812 6261 1
7748 6262 2
6261 6262 1
6316 6262 1
6261 6263 1
8802 6263 1
6261 6264 1
8802 6264 1
8574 6265 1
8367 6266 1
6268 6267 1
8286 6269 1
8606 6270 1
11890 6271 1
6036 6272 1
6335 6273 1
8320 6273 2
6272 6273 1
7651 6274 1
6276 6275 1
8367 6277 1
6202 6278 1
5946 6279 1
8657 6280 1
8537 6281 1
8377 6282 1
7788 6283 1
8159 6284 1
5862 6285 1
8375 6286 1
8367 6287 1
8377 6288 1
8481 6289 1
5965 6290 1
8385 6291 1
8377 6292 1
7631 6293 1
7641 6294 1
7649 6295 1
7719 6296 1
5816 6297 1
6297 6298 1
6148 6298 1
8676 6299 1
8476 6301 1
7601 6302 1
8739 6303 1
6373 6304 1
6380 6304 1
6303 6304 1
8327 6304 3
8707 6305 2
8154 6306 1
8154 6307 1
8358 6309 1
8385 6310 1
8283 6311 1
8159 6312 1
8283 6313 1
8774 6314 1
8517 6315 1
6314 6315 1
11812 6316 2
8606 6317 1
11784 6318 1
7788 6319 1
8808 6320 1
6319 6320 1
8808 6321 1
6319 6321 1
6319 6322 1
8808 6322 1
6319 6323 1
8808 6323 1
6319 6324 1
8808 6324 1
8808 6325 1
6319 6325 1
6319 6326 1
8808 6326 1
6319 6327 1
8808 6327 1
7651 6328 1
8401 6329 1
8159 6330 1
8547 6331 1
8719 6332 1
11888 6334 1
7631 6335 1
8547 6336 1
6653 6337 1
6689 6337 1
6336 6337 1
8383 6337 3
6689 6338 1
8383 6338 4
6349 6338 1
6653 6338 1
6336 6338 1
6336 6339 1
8145 6339 1
8145 6340 2
6454 6340 1
6336 6340 1
8707 6341 2
8286 6342 1
8154 6345 1
8367 6346 1
8686 6347 1
7593 6348 1
8442 6349 1
8445 6350 1
6349 6350 1
8623 6351 1
8473 6352 1
8364 6353 1
8739 6354 1
8647 6355 1
6354 6355 1
8457 6356 1
8606 6357 1
6357 6358 1
8382 6358 1
7593 6359 1
8286 6360 1
6360 6361 1
6635 6361 1
8241 6361 2
7593 6362 1
8702 6363 1
7638 6366 1
8430 6367 1
8259 6368 1
8159 6369 1
5925 6370 1
8572 6371 1
6370 6371 1
8572 6372 1
6370 6372 1
8739 6373 1
8283 6374 1
8458 6376 1
8712 6377 1
6379 6378 1
8647 6380 1
8385 6381 1
8385 6382 1
6682 6383 1
6479 6383 1
8811 6383 1
8509 6383 3
5859 6384 1
8606 6385 1
8541 6386 1
8481 6387 1
8159 6388 1
8337 6389 1
5770 6390 1
7705 6391 1
8700 6392 1
8541 6393 1
6395 6394 1
6394 6396 1
6397 6396 1
6395 6397 1
7739 6398 1
6398 6399 1
8566 6399 2
6510 6399 1
6398 6400 1
8566 6400 1
8325 6401 1
11874 6402 1
8159 6403 1
8574 6404 1
8358 6405 1
8478 6406 1
8541 6408 1
8606 6409 1
6549 6410 1
8382 6410 2
6409 6410 1
8595 6411 1
7593 6412 1
8154 6413 1
7638 6414 1
8407 6416 1
8733 6417 1
8159 6418 1
7593 6419 1
8519 6420 1
8521 6421 1
6420 6421 1
8358 6422 1
8532 6423 1
11886 6424 1
8796 6426 1
8814 6427 1
8159 6428 1
11815 6429 1
7593 6430 1
11907 6431 1
5874 6432 1
8154 6433 1
11797 6434 1
8547 6435 1
7638 6436 1
8461 6437 1
8796 6438 1
8337 6439 1
11886 6440 1
8437 6442 1
8352 6443 1
8159 6444 1
11907 6445 1
11829 6446 1
5935 6448 1
11829 6450 1
11831 6451 2
6450 6451 1
6519 6451 1
8367 6452 1
8776 6454 1
8145 6455 1
6454 6455 1
8145 6456 1
6454 6456 1
8233 6457 1
6454 6457 1
8145 6458 1
6454 6458 1
8337 6459 1
11886 6460 1
8259 6461 1
8481 6463 1
8283 6464 1
8686 6465 1
8148 6466 1
8154 6467 1
8385 6468 1
8601 6469 1
7663 6470 1
8574 6471 1
8595 6472 1
6720 6473 1
8769 6473 2
6473 6474 2
8320 6474 2
8702 6475 1
11907 6476 1
8337 6477 1
11784 6478 1
8377 6479 1
7719 6480 1
8367 6481 1
8154 6482 1
7719 6483 1
8574 6484 1
8473 6485 1
8541 6486 1
8385 6487 1
11874 6488 1
6490 6489 1
11886 6491 1
7593 6492 1
11887 6493 1
8154 6494 1
8543 6495 1
8657 6496 1
11856 6497 1
8286 6498 1
8300 6499 3
6498 6499 1
6541 6499 1
6536 6499 1
8300 6500 2
6498 6500 1
6536 6500 1
8541 6501 1
11784 6502 1
8286 6503 1
8733 6504 1
8367 6505 1
8337 6506 1
8532 6507 1
8437 6508 1
8604 6510 1
8774 6511 1
8517 6512 1
6511 6512 1
8457 6513 1
8264 6514 1
6513 6514 1
8283 6515 1
8806 6516 1
11797 6517 1
11829 6519 1
7686 6520 1
8707 6521 2
6520 6521 1
6521 6522 2
6305 6522 2
6341 6523 2
6521 6523 2
8283 6524 1
11888 6525 1
8430 6526 1
11797 6527 1
8796 6528 1
8778 6529 1
8541 6530 1
6217 6531 1
8541 6532 1
5862 6533 1
8286 6534 1
8286 6536 1
8595 6537 1
8739 6538 1
5874 6539 1
11793 6540 1
11811 6541 1
8595 6543 1
8595 6544 1
8337 6545 1
8528 6546 1
8606 6547 1
8478 6548 1
8606 6549 1
11784 6550 1
8538 6552 1
6552 6553 1
8773 6553 1
11900 6554 1
8352 6555 1
11856 6556 1
8733 6557 1
8352 6558 1
5965 6559 1
7748 6561 1
8159 6562 1
8606 6563 1
6204 6564 1
8541 6565 1
5926 6566 1
8814 6567 1
7649 6568 1
8259 6569 1
8606 6570 1
8712 6571 1
8159 6572 1
8430 6573 1
8478 6574 1
7660 6575 1
8283 6576 1
8574 6577 1
8457 6578 1
8325 6580 1
8574 6581 1
11874 6582 1
7646 6583 1
8325 6584 1
8606 6585 1
6585 6586 1
8382 6586 1
8259 6587 1
8519 6588 1
6588 6589 1
8521 6589 1
8733 6590 1
8352 6591 1
8776 6592 1
8148 6593 1
8283 6594 1
8574 6595 1
8159 6596 1
8358 6597 1
8367 6598 1
7739 6599 1
7651 6601 1
11784 6602 1
8623 6603 1
8159 6604 1
8148 6605 1
11784 6606 1
5918 6607 1
8487 6608 1
8790 6609 1
6609 6610 1
8792 6610 1
8148 6611 1
8686 6612 1
6074 6613 1
8159 6615 1
8481 6616 1
8547 6617 1
8541 6618 1
5974 6619 1
8383 6620 1
6619 6620 1
6619 6621 1
8383 6621 1
5748 6622 1
8286 6623 1
8447 6624 1
8325 6625 1
8352 6627 1
8564 6628 1
6627 6628 1
8584 6629 1
11898 6630 1
8159 6631 1
8159 6632 1
8159 6634 1
8286 6635 1
8159 6636 1
8481 6637 1
8796 6638 1
8698 6639 1
7719 6640 1
8457 6642 1
6642 6643 1
6663 6643 1
8264 6643 2
8615 6644 1
8159 6645 1
11841 6646 1
8700 6647 1
5979 6648 1
11874 6649 1
8733 6650 1
8145 6651 1
6650 6651 1
11815 6652 1
8442 6653 1
7593 6654 1
8712 6655 1
8702 6656 1
8541 6657 1
8708 6659 1
8227 6660 1
6659 6660 1
8227 6661 1
6659 6661 1
8457 6663 1
8259 6664 1
7593 6665 1
6518 6666 1
8541 6669 1
8595 6670 1
5946 6671 1
11815 6672 1
7772 6673 1
8325 6674 1
7593 6675 1
8525 6676 1
8634 6678 1
11793 6679 1
6175 6680 1
6680 6681 1
8425 6681 1
6300 6682 1
6682 6683 1
6022 6683 1
6022 6684 1
6682 6684 1
11886 6685 1
8262 6686 1
8606 6688 1
8442 6689 1
8445 6690 1
6689 6690 1
11872 6691 1
8574 6692 1
6057 6693 1
8702 6694 1
8159 6695 1
8547 6696 1
8606 6697 1
11784 6698 1
8259 6699 1
8535 6700 1
6199 6701 1
11797 6702 1
6542 6703 1
8481 6705 1
8574 6706 1
11797 6707 1
5874 6708 1
8154 6709 1
5802 6710 1
6710 6711 1
8433 6711 1
8433 6712 1
6710 6712 1
8433 6713 1
6710 6713 1
8433 6714 1
6710 6714 1
6710 6715 1
8433 6715 1
11907 6716 1
8478 6717 1
8769 6718 1
11797 6719 1
8767 6720 1
8154 6721 1
8595 6722 1
6165 6723 1
8337 6724 1
8595 6725 1
5816 6726 1
6148 6727 1
6726 6727 1
7593 7592 1
6461 7594 1
6342 7594 1
6699 7594 1
6492 7594 1
5995 7594 1
8761 7594 1
6465 7594 1
8229 7594 42
8168 7594 107
11802 7594 1
8757 7594 1
7595 7594 201
6347 7594 1
5771 7594 1
5883 7594 1
6412 7594 1
6654 7594 1
7669 7594 1
6419 7594 1
6587 7594 1
8793 7594 1
7671 7594 1
6284 7594 1
6258 7594 1
8451 7594 1
5882 7594 1
7662 7594 1
6190 7594 1
8438 7594 17
7592 7594 1
6330 7594 1
11842 7594 1
8176 7594 137
7602 7594 23
8777 7594 1
8291 7594 30
6612 7594 1
8259 7595 6
7593 7595 9
8447 7595 1
8169 7595 107
8399 7595 1
8601 7595 1
8574 7595 1
6036 7595 2
8401 7595 6
8778 7595 1
8449 7595 1
8367 7595 1
8519 7595 5
8523 7595 12
8798 7595 1
6658 7595 1
8292 7595 30
8230 7595 42
7603 7595 23
6518 7595 1
7631 7595 3
7663 7595 1
8547 7595 1
6204 7595 1
8698 7595 1
11841 7595 1
8171 7595 17
8686 7595 3
8470 7595 2
11811 7595 1
8764 7595 1
8146 7595 2
8774 7595 4
8286 7595 27
8473 7595 5
8175 7595 137
8159 7595 5
5882 7596 1
7669 7596 1
6342 7596 1
5883 7596 1
6419 7596 1
6492 7596 1
7592 7596 1
6412 7596 1
7597 7596 9
5771 7596 1
7663 7597 1
8447 7597 1
8175 7597 137
8686 7597 3
7603 7597 23
6244 7597 1
7593 7597 9
8259 7597 6
8169 7597 107
8698 7597 1
8286 7597 5
8292 7597 30
8159 7597 4
8171 7597 17
8230 7597 42
6492 7598 1
7602 7598 23
6419 7598 1
7749 7598 1
8488 7598 1
6654 7598 1
7592 7598 1
8229 7598 42
6170 7598 1
5771 7598 1
5787 7598 1
7671 7598 1
6412 7598 1
6247 7598 2
8761 7598 1
7599 7598 73
6284 7598 1
8451 7598 1
5746 7599 2
7603 7599 23
8230 7599 42
8154 7599 25
8159 7599 2
7593 7599 8
6045 7600 1
7592 7600 1
6675 7600 1
6430 7600 1
7601 7600 14
6419 7600 1
6492 7600 1
8451 7600 1
6359 7600 1
6412 7600 1
5771 7600 1
7704 7600 1
8648 7600 1
6654 7600 1
6391 7600 1
7705 7601 5
7603 7601 23
7593 7601 20
11785 7602 1
6190 7602 1
8648 7602 1
6665 7602 1
5805 7602 1
8451 7602 1
6045 7602 1
6675 7602 1
6362 7602 1
6412 7602 1
6129 7602 1
6654 7602 1
6359 7602 1
6419 7602 1
5957 7602 1
7603 7602 23
6430 7602 1
5951 7602 1
6492 7602 1
5852 7602 1
7592 7602 1
5771 7602 1
6348 7602 1
7593 7603 24
8632 7603 3
6485 7604 1
8409 7604 2
6272 7604 1
11847 7604 1
8793 7604 1
6314 7604 1
6403 7604 1
8400 7604 2
8176 7604 137
6035 7604 1
6312 7604 1
6137 7604 1
8168 7604 107
6352 7604 1
6632 7604 1
8398 7604 1
11842 7604 1
8229 7604 42
7639 7604 1
8494 7604 1
7605 7604 201
6640 7604 1
6541 7604 1
8757 7604 1
8438 7604 17
5996 7604 1
6461 7604 1
6544 7604 1
8522 7604 12
5767 7604 1
6511 7604 1
6284 7604 1
6042 7604 1
8797 7604 1
8411 7604 2
7602 7604 23
6329 7604 1
11802 7604 1
5897 7604 1
6572 7604 1
6587 7604 1
6596 7604 1
6527 7604 1
8761 7604 1
6696 7604 1
6259 7604 1
11822 7604 1
7671 7604 1
6699 7604 1
8523 7605 12
8519 7605 1
8401 7605 6
8399 7605 1
8175 7605 137
8547 7605 1
7593 7605 1
11797 7605 1
8169 7605 107
7719 7605 1
8473 7605 5
8259 7605 7
7603 7605 23
11811 7605 1
6036 7605 2
8171 7605 17
8698 7605 1
8798 7605 1
8230 7605 42
8595 7605 1
8774 7605 4
8159 7605 9
11908 7606 4
8145 7606 4
11854 7607 1
7607 7608 1
6078 7608 1
5758 7608 1
8280 7608 3
8606 7609 1
7612 7610 6
6317 7610 1
8612 7610 6
7609 7610 1
6570 7610 1
6317 7611 1
6570 7611 1
8382 7611 4
7609 7611 1
7611 7612 4
8382 7612 6
6547 7612 1
8541 7613 1
8367 7615 1
8702 7616 1
8461 7617 1
11907 7618 1
7620 7619 1
8266 7621 1
11886 7622 1
8385 7623 3
8206 7623 6
8481 7624 1
6705 7625 1
6673 7625 1
6387 7625 1
7624 7625 1
8266 7625 8
5844 7625 4
6167 7626 1
6656 7626 1
6607 7626 1
8156 7626 4
7776 7627 1
8233 7627 6
8165 7627 1
7626 7627 4
7626 7628 4
7776 7628 1
8233 7628 5
7631 7630 1
11886 7632 1
5813 7633 1
6491 7633 1
6168 7633 1
6424 7633 1
5983 7633 1
8455 7633 12
7632 7633 1
7699 7633 1
5993 7633 1
5788 7633 1
8453 7633 1
6231 7633 1
6113 7633 1
8814 7634 1
8739 7635 1
7593 7636 1
7636 7637 1
7603 7637 2
6126 7637 1
8159 7639 1
7641 7640 1
7640 7642 1
6252 7642 1
6294 7642 1
7643 7642 5
5761 7642 1
5809 7642 1
7641 7643 2
8733 7643 1
8403 7643 1
8377 7643 1
6252 7644 1
5809 7644 1
7640 7644 1
6294 7644 1
5761 7644 1
7643 7644 5
7640 7645 1
5761 7645 1
5809 7645 1
7643 7645 5
6252 7645 1
6294 7645 1
8337 7647 1
7649 7648 1
7648 7650 1
7651 7650 4
5809 7650 1
6601 7650 1
8403 7651 1
7649 7651 4
7651 7652 7
6274 7652 1
6205 7652 1
7650 7652 4
5809 7652 1
8801 7653 1
8574 7654 1
8430 7656 1
7656 7657 1
5930 7657 1
6526 7657 1
8781 7657 5
6573 7657 1
6367 7657 1
6689 7658 1
6653 7658 1
6367 7658 1
6152 7658 1
7656 7658 1
6573 7658 1
8432 7658 9
6526 7658 1
5930 7658 1
7658 7659 9
8781 7659 9
8352 7661 1
7663 7662 1
6342 7664 1
7597 7664 6
6465 7664 1
6347 7664 1
6612 7664 1
6624 7664 1
7662 7664 1
8541 7665 1
8385 7666 1
8470 7667 1
7667 7668 1
7774 7668 1
7595 7668 3
6624 7668 1
8286 7669 1
8159 7670 1
7593 7671 1
8595 7672 1
8385 7673 1
7675 7674 1
8574 7676 1
7676 7677 1
6581 7677 1
6211 7677 1
8433 7677 3
7646 7678 1
6583 7679 1
7678 7679 1
11810 7679 2
8283 7680 1
8700 7681 1
11793 7682 1
7605 7683 4
8154 7684 1
8385 7687 1
8606 7688 1
6688 7689 1
7752 7689 1
8382 7689 9
5757 7689 1
6090 7689 1
6385 7689 1
6697 7689 1
7688 7689 1
5791 7689 1
7689 7690 9
8382 7690 13
6060 7690 1
6270 7690 1
6052 7690 1
8382 7691 10
7689 7691 9
8382 7692 11
7691 7692 10
8382 7693 13
7692 7693 11
6563 7693 1
8612 7694 13
5757 7694 1
7693 7694 13
8695 7695 1
8590 7696 1
8457 7698 1
11886 7699 1
6174 7700 1
7701 7700 2
6175 7701 1
5783 7701 3
7700 7702 2
8425 7702 2
5941 7703 1
7700 7703 2
8425 7703 3
7705 7704 1
5957 7706 1
6362 7706 1
7704 7706 1
7601 7706 6
6391 7706 1
6129 7706 1
5852 7706 1
5957 7707 1
7704 7707 1
6391 7707 1
7601 7707 5
6665 7707 1
6348 7707 1
7601 7708 2
7704 7708 1
6550 7709 1
8455 7709 3
7708 7709 2
8455 7710 3
7708 7710 2
6254 7710 1
6302 7711 1
6423 7711 1
6251 7711 1
6391 7711 1
7704 7711 1
6507 7711 1
6119 7711 1
8455 7711 7
6251 7712 1
6391 7712 1
6130 7712 1
8455 7712 6
6302 7712 1
6478 7712 1
7704 7712 1
6391 7713 1
8455 7713 7
6302 7713 1
7704 7713 1
6602 7713 1
6119 7713 1
6318 7713 1
6251 7713 1
6251 7714 1
7704 7714 1
6302 7714 1
6391 7714 1
8455 7714 4
11886 7715 1
8796 7716 1
8657 7717 1
7719 7718 1
8377 7720 1
7722 7721 1
11872 7723 1
8325 7724 1
8367 7726 1
8145 7727 6
6650 7727 1
6696 7727 1
6277 7727 1
5851 7727 1
7726 7727 1
6435 7727 1
8159 7728 1
8541 7729 1
8528 7730 1
6479 7731 1
5898 7731 1
8509 7731 6
6546 7731 1
7730 7731 1
6682 7731 1
8811 7731 1
7733 7732 3
7735 7734 1
6199 7735 1
8145 7735 4
11884 7736 2
7739 7738 1
8283 7740 1
7742 7741 1
7741 7743 1
8392 7743 1
7741 7744 1
8392 7744 1
7741 7745 1
8392 7745 1
8392 7746 1
7741 7746 1
8325 7747 1
11812 7748 2
8154 7749 1
11872 7750 1
8209 7751 1
7750 7751 1
8606 7752 1
8286 7753 1
8289 7754 3
7753 7754 1
6534 7754 1
6065 7754 1
7753 7755 1
6169 7755 1
6534 7755 1
8320 7755 3
6169 7756 1
7753 7756 1
6534 7756 1
8320 7756 3
6534 7757 1
6169 7757 1
7753 7757 1
8320 7757 3
8814 7758 1
8159 7759 1
11797 7760 1
6517 7761 1
11799 7761 2
7760 7761 1
8274 7763 1
8606 7764 1
5774 7765 1
8382 7765 3
7764 7765 1
8652 7767 1
8543 7768 1
8702 7769 1
6475 7770 1
5907 7770 1
6694 7770 1
7769 7770 1
8704 7770 7
6247 7770 2
8704 7771 11
5908 7771 5
6475 7771 1
7770 7771 7
6656 7771 1
7773 7772 3
8470 7774 1
11815 7775 1
8592 7776 1
8233 7777 1
7776 7777 1
7779 7778 1
8695 7780 1
8148 7781 1
8377 7782 1
5806 7783 1
7784 7783 2
8702 7785 1
8440 7786 1
7788 7787 1
8808 7789 1
7787 7789 1
8808 7790 1
7787 7790 1
8808 7791 1
7787 7791 1
7787 7792 1
8808 7792 1
7787 7793 1
8808 7793 1
7787 7794 1
8808 7794 1
7787 7795 1
8808 7795 1
7787 7796 1
8808 7796 1
8229 8133 42
7597 8133 96
7602 8133 23
8291 8133 30
6243 8133 1
7708 8134 2
5901 8134 3
7602 8134 23
7601 8134 30
5775 8134 1
6251 8134 1
6391 8134 1
7704 8134 1
6362 8135 1
7708 8135 2
7602 8135 23
6391 8135 1
5775 8135 1
6251 8135 1
7704 8135 1
5901 8135 3
7601 8135 30
7602 8136 23
7704 8136 1
6391 8136 1
7708 8136 2
7601 8136 30
5901 8136 3
5775 8136 1
6251 8136 1
6243 8137 1
7597 8137 54
8291 8137 30
7602 8137 23
8229 8138 42
7597 8138 96
7602 8138 23
6243 8138 1
8291 8138 30
7602 8139 23
8140 8139 65
8229 8139 42
8212 8140 70
7603 8140 23
8230 8140 42
6391 8141 1
5775 8141 1
7704 8141 1
7592 8141 1
6412 8141 1
6654 8141 1
7601 8141 30
7602 8141 23
8451 8141 1
5901 8141 3
7708 8141 2
6492 8141 1
6251 8141 1
6419 8141 1
6412 8142 1
7602 8142 23
6492 8142 1
6391 8142 1
7704 8142 1
8451 8142 1
6251 8142 1
7601 8142 27
5775 8142 1
7602 8143 23
6413 8143 1
8451 8143 1
7599 8143 26
6433 8143 1
6412 8143 1
6721 8143 1
6492 8143 1
5775 8144 1
6251 8144 1
7602 8144 23
7601 8144 25
8652 8145 1
8796 8145 10
8156 8145 16
7735 8145 3
6074 8145 1
6518 8145 1
8470 8145 1
8200 8145 54
8385 8145 4
7742 8145 1
5746 8145 2
8461 8145 5
8776 8145 4
8278 8145 3
8161 8145 47
8606 8145 1
8274 8145 3
8194 8145 81
8230 8145 42
5918 8145 2
8733 8145 15
8478 8145 6
8367 8145 11
8283 8145 33
8643 8145 1
11884 8145 1
8595 8145 1
8392 8145 2
5793 8145 1
7719 8145 10
8325 8145 13
8547 8145 6
8590 8145 1
7620 8145 1
8442 8145 5
6199 8145 1
11797 8145 2
8146 8145 4
6658 8145 1
8148 8147 1
6242 8149 1
5877 8149 1
7781 8149 1
8199 8149 54
6083 8149 6
6593 8149 1
8150 8149 78
6605 8149 1
6112 8149 1
8147 8149 1
6611 8149 1
11895 8149 1
11803 8149 1
7666 8149 1
8205 8149 68
6192 8149 1
8200 8150 54
8643 8150 1
7719 8150 6
8206 8150 68
8148 8150 11
8385 8150 2
5877 8151 1
6192 8151 1
6605 8151 1
7666 8151 1
6112 8151 1
8205 8151 68
8150 8151 78
6083 8151 6
11895 8151 1
6593 8151 1
6242 8151 1
8147 8151 1
7781 8151 1
8199 8151 54
6611 8151 1
11803 8151 1
6611 8152 1
8147 8152 1
6593 8152 1
6242 8152 1
6192 8152 1
5877 8152 1
6083 8152 6
8199 8152 54
6112 8152 1
11895 8152 1
7666 8152 1
11803 8152 1
8150 8152 72
7781 8152 1
6605 8152 1
8154 8153 1
8156 8155 152
11819 8155 1
5987 8155 1
6698 8155 1
5900 8155 1
5972 8155 1
6391 8155 1
6090 8155 1
7718 8155 1
6193 8155 1
11783 8155 1
6602 8155 1
6108 8155 1
6347 8155 1
6318 8155 1
6606 8155 1
6480 8155 1
6290 8155 1
6132 8155 1
6555 8155 1
7687 8155 1
5895 8155 1
8605 8155 1
8153 8155 1
6296 8155 1
6284 8155 1
6239 8155 1
6470 8155 1
5964 8155 1
6495 8155 1
6648 8155 1
6591 8155 1
6691 8155 1
6033 8155 1
6570 8155 1
5829 8155 4
6630 8155 1
6544 8155 1
6010 8155 1
6559 8155 1
11863 8155 1
7613 8155 1
7704 8155 1
8261 8155 1
6612 8155 1
8475 8155 1
6317 8155 1
5867 8155 1
6162 8155 1
6688 8155 1
6376 8155 1
6483 8155 1
7749 8155 1
6494 8155 1
6076 8155 1
6613 8155 1
6701 8155 1
6142 8155 1
6481 8155 1
6697 8155 1
6554 8155 1
7752 8155 1
8353 8155 1
8453 8155 11
7688 8155 1
6270 8155 1
7741 8155 1
6478 8155 1
5991 8155 1
8275 8155 14
8685 8155 1
6303 8155 1
6655 8155 1
6385 8155 1
5787 8155 1
11880 8155 1
5963 8155 1
7780 8155 1
6198 8155 1
6052 8155 1
6346 8155 1
8761 8155 1
5992 8155 1
6225 8155 1
6345 8155 1
6558 8155 1
6073 8155 1
8696 8155 1
6160 8155 1
7738 8155 1
6127 8155 1
7695 8155 1
6493 8155 1
5775 8155 1
6307 8155 1
8488 8155 1
6130 8155 1
8810 8155 1
5978 8155 1
8809 8155 1
5757 8155 1
6255 8155 1
6235 8155 1
5791 8155 1
8673 8155 1
8589 8155 1
6465 8155 1
5814 8155 1
8542 8155 1
6101 8155 1
7721 8155 1
5956 8155 1
8720 8155 1
6236 8155 1
5880 8155 1
6267 8155 1
7696 8155 1
6386 8155 1
6454 8155 1
6527 8155 1
6060 8155 1
6240 8155 1
6291 8155 1
6487 8155 1
11893 8155 1
11796 8155 1
8283 8156 4
8543 8156 4
8367 8156 4
11784 8156 10
11900 8156 2
5918 8156 3
11797 8156 2
11887 8156 1
8354 8156 2
7705 8156 5
5825 8156 1
8702 8156 4
6268 8156 1
7739 8156 2
5896 8156 1
7593 8156 4
7663 8156 2
7719 8156 10
6074 8156 2
8352 8156 4
8458 8156 1
11898 8156 1
11872 8156 1
8739 8156 1
8712 8156 1
8590 8156 2
8595 8156 1
7742 8156 2
8476 8156 2
8606 8156 17
8262 8156 3
5965 8156 4
6199 8156 2
8385 8156 5
8154 8156 9
8695 8156 3
8274 8156 3
8776 8156 4
8325 8156 10
8686 8156 6
8719 8156 2
8541 8156 2
7722 8156 1
5979 8156 2
6011 8156 2
8650 8156 1
8337 8156 1
6300 8156 1
8159 8156 13
7684 8157 1
8153 8157 1
7599 8157 2
8159 8158 1
5838 8160 1
5885 8160 1
7728 8160 1
8620 8160 1
11801 8160 1
7759 8160 1
11877 8160 1
5940 8160 1
8158 8160 1
6562 8160 1
6634 8160 1
6592 8160 1
8785 8160 1
8161 8160 20
6454 8160 1
5786 8160 1
6051 8160 1
6615 8160 1
8598 8160 1
8761 8160 1
6369 8160 1
8230 8161 42
8776 8161 5
5886 8161 1
8159 8161 35
11801 8162 1
7728 8162 1
5786 8162 1
6369 8162 1
8620 8162 1
6615 8162 1
8161 8162 18
8785 8162 1
6051 8162 1
6562 8162 1
6592 8162 1
5885 8162 1
5838 8162 1
5940 8162 1
8158 8162 1
8761 8162 1
8598 8162 1
7759 8162 1
11877 8162 1
6369 8163 1
5786 8163 1
11801 8163 1
7759 8163 1
8598 8163 1
6634 8163 1
8158 8163 1
6562 8163 1
5838 8163 1
11877 8163 1
6592 8163 1
8620 8163 1
5885 8163 1
7728 8163 1
5940 8163 1
8161 8163 18
8761 8163 1
8785 8163 1
6051 8163 1
8490 8164 1
6592 8164 1
8775 8164 1
6330 8164 1
6631 8164 1
6454 8164 1
8158 8164 1
8161 8164 18
7670 8164 1
11813 8164 1
6428 8164 1
6284 8164 1
11801 8164 1
5885 8164 1
8761 8164 1
6388 8164 1
6604 8164 1
5838 8164 1
8777 8164 1
6694 8165 1
8649 8165 1
6592 8165 1
8761 8165 1
6132 8165 1
6604 8165 1
5963 8165 1
8775 8165 1
8156 8165 28
8158 8165 1
6454 8165 1
6631 8165 1
8777 8165 1
7785 8165 1
6544 8165 1
6091 8165 1
11813 8165 1
6284 8165 1
7726 8165 1
8490 8165 1
7670 8165 1
11801 8165 1
6428 8165 1
8651 8165 1
6330 8165 1
5838 8165 1
6388 8165 1
6426 8166 1
6102 8166 1
8165 8166 27
6528 8166 1
8167 8166 31
6638 8166 1
8796 8167 4
8156 8167 27
8761 8168 1
8229 8168 42
6670 8168 1
6722 8168 1
5743 8168 1
6010 8168 1
6682 8168 1
6275 8168 1
7672 8168 1
8631 8168 1
5915 8168 1
8205 8168 68
8745 8168 1
6198 8168 1
8169 8168 107
5923 8168 1
5797 8168 1
6676 8168 1
6050 8168 1
11876 8168 1
6472 8168 1
5968 8168 1
6537 8168 1
6411 8168 1
5911 8168 1
8524 8168 1
8158 8168 1
8743 8168 6
11801 8168 1
6303 8168 1
6247 8168 2
6240 8168 1
8199 8168 54
6543 8168 1
6725 8168 1
6098 8168 1
6497 8168 1
8281 8168 3
6173 8168 1
6701 8168 1
5842 8168 1
6011 8169 2
7735 8169 1
6300 8169 1
8159 8169 5
8206 8169 68
6199 8169 2
8200 8169 54
8278 8169 3
8739 8169 1
8230 8169 42
11856 8169 1
8595 8169 15
8525 8169 6
5746 8169 2
8647 8169 6
6276 8169 1
6439 8170 1
8229 8170 42
7672 8170 1
7673 8170 1
8438 8170 17
11819 8170 1
7728 8170 1
6048 8170 1
8761 8170 1
8168 8170 107
6695 8170 1
6544 8170 1
8677 8170 1
8343 8170 20
8171 8170 149
6493 8170 1
6640 8170 1
5825 8171 1
8659 8171 9
5926 8171 1
8169 8171 107
8595 8171 2
8385 8171 1
8230 8171 42
8344 8171 20
8698 8171 1
6542 8171 1
8159 8171 3
11887 8171 2
7719 8171 1
8337 8171 2
8442 8171 1
8437 8171 2
8686 8171 6
6461 8172 1
6703 8172 1
8658 8172 9
6664 8172 1
8168 8172 107
11802 8172 1
8258 8172 1
6105 8172 1
6235 8172 1
6081 8172 1
8793 8172 1
8757 8172 1
8175 8172 129
6023 8172 1
6699 8172 1
6587 8172 1
5825 8175 1
8169 8175 107
8259 8175 18
6542 8175 1
8659 8175 9
8172 8176 129
8464 8176 1
8684 8176 1
11816 8176 1
8381 8176 1
8175 8176 137
6569 8176 1
6368 8176 1
6110 8176 1
8178 8177 139
8176 8177 137
7618 8177 1
6431 8177 1
11907 8178 11
8169 8178 2
7719 8178 1
5760 8178 1
5746 8178 2
8206 8178 68
8533 8178 1
8698 8178 1
8659 8178 9
8278 8178 3
8175 8178 137
8156 8178 1
8442 8178 1
8200 8178 54
11884 8178 1
11821 8178 2
8176 8179 137
7597 8179 168
8291 8179 30
8229 8179 42
6243 8179 1
11906 8180 1
8178 8180 139
5975 8180 1
8176 8180 137
7597 8181 168
8176 8181 137
8291 8181 30
6243 8181 1
8229 8181 42
8176 8182 137
8172 8182 129
6284 8182 1
8183 8182 137
8175 8183 137
8169 8183 107
8502 8183 1
8159 8183 1
7620 8183 1
8168 8184 107
8172 8184 129
8501 8184 1
7619 8184 1
8183 8184 131
8186 8185 110
8168 8185 107
11862 8185 3
7719 8186 1
8169 8186 107
8156 8186 6
8447 8186 1
6658 8186 1
8171 8186 22
8146 8186 2
8686 8186 5
8385 8186 1
6490 8186 1
8595 8186 3
8623 8186 3
8685 8187 1
8622 8187 1
8168 8187 107
5814 8187 1
8186 8187 127
8438 8187 17
8168 8188 107
7597 8188 156
8291 8188 30
8438 8188 17
11842 8188 1
6243 8188 1
5870 8189 1
8229 8189 42
8161 8189 43
8158 8189 1
6695 8190 1
7728 8190 1
8161 8190 43
5870 8190 1
8158 8190 1
8229 8190 42
5870 8191 1
8158 8191 1
8229 8191 42
8161 8191 43
6418 8192 1
8161 8192 6
7728 8192 1
5870 8192 1
6695 8192 1
8158 8192 1
6645 8192 1
8761 8193 1
6241 8193 1
6173 8193 1
11819 8193 1
6187 8193 1
8158 8193 1
7724 8193 1
6580 8193 1
8229 8193 42
8324 8193 1
11901 8193 1
8194 8193 82
6625 8193 1
6171 8193 1
8343 8193 20
7747 8193 1
6584 8193 1
11801 8193 1
6674 8193 1
6401 8193 1
6221 8193 1
6256 8193 1
6069 8193 1
6031 8193 1
5828 8193 1
8344 8194 20
8200 8194 54
8325 8194 16
8337 8194 2
8159 8194 4
8230 8194 42
8229 8195 42
5999 8195 1
7615 8195 1
6152 8195 1
8199 8195 54
6161 8195 1
6689 8195 1
6696 8195 1
6132 8195 1
11904 8195 1
8419 8195 1
8677 8195 1
8281 8195 3
6346 8195 1
6653 8195 1
7619 8195 1
8693 8195 1
6481 8195 1
8145 8195 120
5842 8195 1
6454 8195 1
6349 8195 1
8193 8195 81
6247 8195 2
5762 8195 1
6336 8195 1
6311 8195 1
8546 8195 1
5949 8195 1
5972 8196 1
6481 8196 1
6132 8196 1
8199 8196 54
8677 8196 1
7736 8196 1
5842 8196 1
7615 8196 1
6696 8196 1
6198 8196 1
7734 8196 1
5838 8196 1
8193 8196 81
8229 8196 42
8323 8196 6
8546 8196 1
11908 8196 4
6592 8196 1
7767 8196 1
8145 8196 122
7619 8196 1
8281 8196 3
6346 8196 1
6247 8196 2
6481 8197 1
6238 8197 1
8199 8197 54
6346 8197 1
5842 8197 1
8193 8197 81
8229 8197 42
7615 8197 1
8145 8197 119
8677 8197 1
5831 8197 4
6247 8197 2
7619 8197 1
8323 8197 6
5972 8197 1
6592 8197 1
6198 8197 1
6132 8197 1
8281 8197 3
5838 8197 1
8145 8198 111
6454 8198 1
8281 8198 3
8323 8198 6
8199 8198 54
7619 8198 1
8193 8198 81
6132 8198 1
5842 8198 1
6198 8198 1
6592 8198 1
6543 8198 1
6247 8198 2
5838 8198 1
8229 8198 42
11801 8199 1
6296 8199 1
8158 8199 1
6483 8199 1
6225 8199 1
6108 8199 1
6160 8199 1
7718 8199 1
6480 8199 1
8200 8199 54
8761 8199 1
8229 8199 42
5956 8199 1
6101 8199 1
5880 8199 1
8230 8200 42
7719 8200 10
8159 8200 3
8178 8201 65
7736 8201 1
8199 8201 54
8599 8201 1
6247 8201 2
8281 8201 3
6061 8201 1
6483 8201 1
11820 8201 2
6034 8201 1
8199 8202 54
6247 8202 2
7736 8202 1
5759 8202 1
8281 8202 3
6034 8202 1
6716 8202 1
8599 8202 1
11820 8202 2
6483 8202 1
8178 8202 66
6135 8203 1
11842 8203 1
6247 8203 2
6378 8203 1
6630 8203 1
8199 8203 54
6122 8203 1
8677 8203 1
11897 8203 1
8204 8203 63
8698 8204 1
8200 8204 54
11898 8204 2
8442 8204 1
5839 8204 1
6379 8204 1
5746 8204 2
6123 8204 1
6468 8205 1
8206 8205 68
8207 8205 68
5912 8205 1
8199 8205 54
8384 8205 1
5746 8206 2
8385 8206 8
8200 8206 54
8442 8206 1
8199 8207 54
11803 8207 1
6083 8207 6
8677 8207 1
7666 8207 1
8205 8207 68
8206 8207 68
8209 8208 68
8207 8208 68
6658 8209 1
8385 8209 7
8146 8209 2
11872 8209 5
11884 8209 1
5802 8209 1
5937 8209 1
8442 8209 1
8206 8209 68
8643 8209 1
6123 8209 1
8207 8210 68
8209 8210 72
7723 8210 1
5779 8210 1
7750 8210 1
6122 8210 1
5779 8211 1
8207 8211 68
8209 8211 69
7719 8212 6
5956 8212 1
8207 8212 68
8206 8212 68
8148 8212 1
8150 8212 71
6108 8212 1
6640 8212 1
8642 8212 1
6466 8212 1
6225 8212 1
8643 8212 1
7718 8212 1
6483 8212 1
6108 8213 1
8212 8213 71
6640 8213 1
8207 8213 68
6225 8213 1
8642 8213 1
6466 8213 1
7718 8213 1
5956 8213 1
6483 8213 1
8642 8214 1
5956 8214 1
7718 8214 1
8207 8214 68
6466 8214 1
6108 8214 1
6483 8214 1
6225 8214 1
8212 8214 71
6640 8214 1
6466 8215 1
8642 8215 1
6108 8215 1
6640 8215 1
5956 8215 1
8207 8215 68
6225 8215 1
6483 8215 1
8212 8215 71
7718 8215 1
8642 8216 1
5956 8216 1
6225 8216 1
6108 8216 1
8207 8216 68
8212 8216 70
6483 8216 1
7718 8216 1
6640 8216 1
6108 8217 1
6483 8217 1
6225 8217 1
8207 8217 68
8642 8217 1
5956 8217 1
8212 8217 69
7718 8217 1
8207 8218 68
8212 8218 69
6483 8218 1
8642 8218 1
6225 8219 1
8212 8219 70
7718 8219 1
8207 8219 68
8642 8219 1
5956 8219 1
6108 8219 1
8140 8220 70
8219 8220 70
8229 8220 42
8140 8221 70
8219 8221 70
6197 8222 1
8205 8222 68
8599 8222 1
8178 8222 70
7736 8223 1
6083 8223 6
8677 8223 1
8209 8223 69
8205 8223 68
6445 8224 1
8599 8224 1
6476 8224 1
8199 8224 54
8205 8224 68
8178 8224 80
8658 8224 9
5779 8225 1
8209 8225 69
8205 8225 68
8227 8226 79
6570 8226 1
7611 8226 4
6291 8226 1
7687 8226 1
6317 8226 1
6487 8226 1
6233 8226 1
11893 8226 1
5963 8226 1
5934 8226 1
6247 8226 2
8205 8226 68
8547 8227 6
8206 8227 68
8719 8227 6
8606 8227 2
8385 8227 5
5935 8227 2
8708 8227 1
8442 8227 6
5746 8227 2
8382 8227 4
8154 8227 3
8199 8228 54
8193 8228 1
8194 8228 55
8230 8229 42
11813 8229 1
5923 8229 1
8785 8229 1
8158 8229 1
6631 8229 1
11801 8229 1
6403 8229 1
7670 8229 1
6634 8229 1
5786 8229 1
5849 8229 1
6051 8229 1
6312 8229 1
6604 8229 1
6615 8229 1
6596 8229 1
6572 8229 1
6444 8229 1
11877 8229 1
6695 8229 1
6388 8229 1
6173 8229 1
8777 8229 1
5767 8229 1
7639 8229 1
8490 8229 1
6636 8229 1
8641 8229 1
7728 8229 1
6428 8229 1
6632 8229 1
6369 8229 1
8598 8229 1
6232 8229 1
7759 8229 1
6284 8229 1
6562 8229 1
8558 8229 1
5940 8229 1
8620 8229 1
6330 8229 1
8632 8230 3
8159 8230 44
5870 8231 1
8161 8231 43
8229 8231 42
7619 8232 1
8243 8232 47
8229 8232 42
8233 8232 52
8593 8232 4
8496 8233 1
8230 8233 42
8146 8233 2
8776 8233 1
8592 8233 4
8796 8233 7
8643 8233 1
6658 8233 1
8156 8233 5
7620 8233 1
8733 8233 1
8161 8233 47
8161 8234 43
5870 8234 1
8229 8234 42
8229 8235 42
5870 8235 1
8161 8235 43
5870 8236 1
8229 8236 42
8161 8236 43
8229 8237 42
8161 8237 43
5870 8237 1
8229 8238 42
5870 8238 1
8161 8238 43
8797 8239 1
6503 8239 1
8511 8239 1
6635 8239 1
8291 8239 30
8229 8239 42
6360 8239 1
6094 8239 1
11877 8239 1
6248 8239 1
7595 8239 75
6692 8239 1
6258 8239 1
8291 8240 30
11877 8240 1
8229 8240 42
7653 8240 1
8241 8240 73
11841 8241 1
8574 8241 1
8801 8241 1
8230 8241 42
8159 8241 1
8798 8241 1
6518 8241 1
8292 8241 30
8778 8241 1
8286 8241 6
5870 8242 1
8229 8242 42
8161 8242 43
8229 8243 42
8775 8243 1
8161 8243 47
6592 8243 1
6454 8243 1
5838 8243 1
5792 8244 1
6650 8244 1
6707 8244 1
6406 8244 1
8477 8244 1
6717 8244 1
6438 8244 1
11787 8244 2
7726 8244 1
7718 8244 1
5956 8244 1
6574 8244 1
5790 8244 1
8145 8244 96
5827 8244 1
5963 8244 1
11893 8244 1
6311 8244 1
8642 8244 1
6003 8244 1
5999 8244 1
11848 8244 1
8651 8244 2
5749 8244 1
8275 8244 14
6638 8244 1
6102 8244 1
11796 8244 1
7716 8244 1
6426 8244 1
8243 8244 47
6487 8244 1
6225 8244 1
6528 8244 1
6108 8244 1
5919 8244 3
6548 8244 1
8145 8245 109
6548 8245 1
8642 8245 1
6707 8245 1
7747 8245 1
8469 8245 1
6069 8245 1
6574 8245 1
6483 8245 1
5828 8245 1
6557 8245 1
5999 8245 1
7763 8245 1
11787 8245 2
7716 8245 1
6171 8245 1
7724 8245 1
6296 8245 1
6480 8245 1
5962 8245 1
5790 8245 1
6590 8245 1
6406 8245 1
5749 8245 1
5963 8245 1
5956 8245 1
8243 8245 47
6487 8245 1
6225 8245 1
6250 8245 1
7726 8245 1
6102 8245 1
7718 8245 1
8273 8245 1
6625 8245 1
11796 8245 1
6256 8245 1
11893 8245 1
6031 8245 1
5880 8245 1
6638 8245 1
5928 8245 1
6140 8245 1
6528 8245 1
11901 8245 1
5827 8245 1
6178 8245 1
6674 8245 1
5948 8245 1
6311 8245 1
6650 8245 1
8477 8245 1
6108 8245 1
6584 8245 1
5792 8245 1
5917 8245 1
8651 8245 2
6160 8245 1
6438 8245 1
6101 8245 1
5761 8245 1
6717 8245 1
8145 8246 109
6311 8246 1
6256 8246 1
6171 8246 1
6574 8246 1
6438 8246 1
5792 8246 1
6031 8246 1
5828 8246 1
6102 8246 1
6548 8246 1
6528 8246 1
8477 8246 1
8469 8246 1
6487 8246 1
6717 8246 1
5790 8246 1
6674 8246 1
6480 8246 1
7716 8246 1
6250 8246 1
5963 8246 1
7763 8246 1
5830 8246 1
5956 8246 1
6707 8246 1
5928 8246 1
8651 8246 2
5761 8246 1
7724 8246 1
5749 8246 1
6590 8246 1
6638 8246 1
6625 8246 1
6650 8246 1
6160 8246 1
6140 8246 1
7718 8246 1
6069 8246 1
6406 8246 1
6108 8246 1
6584 8246 1
7747 8246 1
5999 8246 1
8243 8246 47
6157 8246 1
11787 8246 2
5843 8246 1
5880 8246 1
11893 8246 1
6101 8246 1
6178 8246 1
7726 8246 1
6483 8246 1
8273 8246 1
5827 8246 1
6296 8246 1
5917 8246 1
8642 8246 1
6225 8246 1
11796 8246 1
11901 8246 1
5962 8247 1
8243 8247 47
5948 8247 1
6557 8247 1
6650 8247 1
8145 8247 51
6157 8248 1
5843 8248 1
8243 8248 47
6650 8248 1
8145 8248 51
5830 8248 1
8651 8249 2
7763 8249 1
8642 8249 1
8273 8249 1
6638 8249 1
6528 8249 1
7687 8249 1
11893 8249 1
6650 8249 1
6426 8249 1
8145 8249 70
6140 8249 1
5917 8249 1
7726 8249 1
11787 8249 2
6438 8249 1
8243 8249 47
7716 8249 1
5928 8249 1
6487 8249 1
5749 8249 1
5963 8249 1
6102 8249 1
6717 8250 1
6311 8250 1
6031 8250 1
5749 8250 1
5761 8250 1
6225 8250 1
11893 8250 1
5999 8250 1
6178 8250 1
6241 8250 1
11901 8250 1
6674 8250 1
7726 8250 1
6590 8250 1
7724 8250 1
8275 8250 14
8651 8250 2
6256 8250 1
7747 8250 1
6650 8250 1
6438 8250 1
6574 8250 1
6625 8250 1
6638 8250 1
5827 8250 1
5956 8250 1
6487 8250 1
5963 8250 1
6102 8250 1
7716 8250 1
6584 8250 1
6707 8250 1
6250 8250 1
5790 8250 1
8795 8250 1
5828 8250 1
8243 8250 47
6426 8250 1
6543 8250 1
6528 8250 1
8145 8250 101
6069 8250 1
6406 8250 1
11787 8250 2
11796 8250 1
6108 8250 1
7718 8250 1
6171 8250 1
6580 8250 1
8145 8251 48
6650 8251 1
8243 8251 47
8243 8252 47
8145 8252 54
5999 8252 1
8795 8252 1
6650 8252 1
6266 8252 1
6015 8252 1
7740 8252 1
6464 8252 1
8145 8253 48
6650 8253 1
8243 8253 47
6650 8254 1
8145 8254 48
8243 8254 47
6650 8255 1
8145 8255 49
6073 8255 1
8243 8255 47
7619 8256 1
6454 8256 1
8229 8256 42
8145 8256 45
6132 8256 1
8145 8257 44
6454 8257 1
8775 8257 1
8229 8257 42
8259 8258 1
8262 8261 1
8809 8263 1
5983 8263 1
6650 8263 1
8720 8263 1
5990 8263 1
5936 8263 1
8261 8263 1
8264 8263 8
6513 8263 1
5845 8264 4
11815 8264 1
8698 8264 1
8652 8264 1
8442 8264 5
8806 8264 1
5748 8264 2
8401 8264 1
8532 8264 4
8377 8264 1
11886 8264 14
5839 8264 1
8525 8264 2
8712 8264 1
8601 8264 2
8747 8264 1
11784 8264 1
11841 8264 1
8504 8264 13
6217 8264 1
8382 8264 14
8437 8264 2
8367 8264 16
8403 8264 5
8268 8264 5
8764 8264 1
5937 8264 1
8470 8264 1
5974 8264 1
8541 8264 20
8354 8264 2
8156 8264 2
8364 8264 2
8447 8264 2
7772 8264 1
8481 8264 11
8457 8264 13
8584 8264 1
5935 8264 2
8547 8264 2
6268 8264 1
8352 8264 4
8769 8264 2
11888 8264 1
8478 8264 6
5946 8264 4
8796 8264 1
8283 8264 9
8262 8264 3
8676 8264 2
8537 8264 5
8700 8264 6
8606 8264 11
8733 8264 1
5793 8264 1
8643 8264 1
8146 8264 2
6658 8264 1
8261 8265 1
5844 8265 4
8720 8265 1
6686 8265 1
8267 8265 5
8809 8265 1
8266 8265 11
6673 8265 1
6349 8265 1
11825 8266 1
7772 8266 1
6379 8266 1
11884 8266 1
8586 8266 3
5935 8266 3
8533 8266 1
6123 8266 1
8676 8266 2
8698 8266 1
8268 8266 5
8354 8266 2
8262 8266 4
8535 8266 1
11795 8266 8
8375 8266 1
8481 8266 6
8437 8266 3
8364 8266 2
7725 8266 1
8476 8266 2
8708 8266 1
5845 8266 4
6063 8266 1
8442 8266 5
5839 8266 1
5974 8266 1
8525 8266 3
5760 8266 1
8806 8266 1
11890 8266 1
6276 8266 1
5926 8266 1
8532 8266 1
6165 8266 1
8268 8267 5
8261 8267 1
8720 8267 1
6686 8267 1
8809 8267 1
8526 8268 3
8262 8268 4
6060 8269 1
5844 8269 4
6116 8269 1
7690 8269 13
8456 8269 1
8267 8269 5
6349 8269 1
6336 8269 1
6689 8269 1
6270 8269 1
6619 8269 1
8546 8269 1
6653 8269 1
8677 8269 1
8531 8269 2
6423 8269 1
7689 8269 9
6052 8269 1
6639 8269 1
5836 8269 1
7691 8269 10
6507 8269 1
6152 8269 1
6673 8269 1
6135 8269 1
7767 8269 1
8264 8269 43
5899 8270 1
6673 8270 1
5844 8270 4
5973 8270 1
8264 8270 48
6616 8270 1
6387 8270 1
8269 8270 43
6004 8270 1
8267 8270 5
8267 8271 5
8264 8271 5
8264 8272 9
6004 8272 1
8267 8272 5
6387 8272 1
6392 8272 1
6267 8272 1
8274 8273 1
6580 8275 1
6625 8275 1
6171 8275 1
8156 8275 14
7724 8275 1
5919 8275 3
6031 8275 1
6140 8275 1
6241 8275 1
11901 8275 1
8273 8275 1
6256 8275 1
8145 8276 85
6638 8276 1
6574 8276 1
6067 8276 1
11891 8276 1
7680 8276 1
6548 8276 1
6136 8276 1
11796 8276 1
5827 8276 1
5790 8276 1
6504 8276 1
7740 8276 1
7617 8276 1
6515 8276 1
6464 8276 1
5879 8276 1
8419 8276 1
6082 8276 1
6406 8276 1
5989 8276 1
7724 8276 1
6438 8276 1
5749 8276 1
6069 8276 1
6707 8276 1
6528 8276 1
6171 8276 1
8546 8276 1
8322 8276 1
8465 8276 1
5903 8276 1
11787 8276 2
11904 8276 1
6374 8276 1
6650 8276 1
5756 8276 1
7687 8276 1
6161 8276 1
6594 8276 1
5820 8276 1
6437 8276 1
7763 8276 1
6073 8276 1
7716 8276 1
6311 8276 1
6331 8276 1
5928 8276 1
6717 8276 1
6102 8276 1
6313 8276 1
8460 8276 1
8273 8276 1
6031 8276 1
7747 8276 1
6435 8276 1
6576 8276 1
6015 8276 1
6674 8276 1
6417 8276 1
6256 8276 1
5828 8276 1
8477 8276 1
8282 8276 1
6625 8276 1
7696 8276 1
8693 8276 1
5826 8276 1
5917 8276 1
6336 8276 1
11901 8276 1
8732 8276 1
11893 8276 1
5762 8276 1
8651 8276 2
6140 8276 1
8642 8276 1
5792 8276 1
5949 8276 1
6487 8276 1
6696 8276 1
5963 8276 1
6144 8276 1
5833 8276 1
5992 8277 1
8273 8277 1
6140 8277 1
8278 8277 3
8274 8278 3
6140 8279 1
11853 8279 1
8280 8279 5
7607 8279 1
5992 8279 1
8273 8279 1
11854 8280 3
8278 8280 1
8274 8280 3
8273 8281 1
5992 8281 1
8278 8281 3
8283 8282 1
8264 8284 102
6671 8284 1
5836 8284 1
6226 8284 1
6688 8284 1
5913 8284 1
6162 8284 1
6525 8284 1
6463 8284 1
6213 8284 1
5851 8284 1
5990 8284 1
8477 8284 1
8155 8284 2
6182 8284 1
8366 8284 1
11896 8284 1
5936 8284 1
8693 8284 1
5973 8284 1
7729 8284 1
8282 8284 1
6650 8284 1
6070 8284 1
5808 8284 1
8419 8284 1
5741 8284 1
6385 8284 1
11832 8284 1
6440 8284 1
6136 8284 1
6289 8284 1
6279 8284 1
6090 8284 1
8469 8284 1
6513 8284 1
5905 8284 1
6141 8284 1
8322 8284 1
6532 8284 1
6393 8284 1
5813 8284 1
6201 8284 1
6594 8284 1
6058 8284 1
6014 8284 1
8540 8284 1
7665 8284 1
6406 8284 1
6591 8284 1
6277 8284 1
5976 8284 1
5945 8284 1
6113 8284 1
5972 8284 1
5791 8284 1
6346 8284 1
6548 8284 1
11852 8284 1
8699 8284 1
6657 8284 1
5815 8284 1
6287 8284 1
6622 8284 1
6697 8284 1
7752 8284 1
6180 8284 1
6616 8284 1
6501 8284 1
5790 8284 1
5989 8284 1
5757 8284 1
6555 8284 1
7681 8284 1
6281 8284 1
6624 8284 1
6717 8284 1
8456 8284 1
6530 8284 1
7688 8284 1
11904 8284 1
6452 8284 1
5792 8284 1
5827 8284 1
6565 8284 1
11855 8284 1
6481 8284 1
6574 8284 1
5927 8284 1
6669 8284 1
5819 8284 1
6618 8284 1
6392 8284 1
6486 8284 1
6558 8284 1
5983 8284 1
6408 8284 1
6002 8284 1
7615 8284 1
8716 8284 1
6387 8284 1
6647 8284 1
8286 8285 1
8291 8287 30
6272 8287 1
8518 8287 1
6564 8287 1
7595 8287 55
6511 8287 1
6269 8287 1
8398 8287 1
6259 8287 1
8285 8287 1
6588 8287 1
6169 8287 1
8400 8287 2
5969 8287 1
8411 8287 2
8409 8287 2
6696 8287 1
6335 8287 1
6026 8287 1
11822 8287 1
8706 8287 1
6329 8287 1
7630 8287 1
6293 8287 1
6623 8287 1
6065 8287 1
6534 8287 1
6035 8287 1
8522 8287 12
6042 8287 1
6314 8287 1
6258 8287 1
6420 8287 1
8459 8287 1
7753 8287 1
6093 8287 1
8285 8288 1
8459 8288 1
5969 8288 1
8289 8288 9
6218 8288 1
6269 8288 1
6093 8288 1
6655 8288 1
6623 8288 1
6026 8288 1
6036 8289 2
8712 8289 1
5961 8289 1
8767 8289 1
8523 8289 12
7631 8289 3
7651 8289 13
8519 8289 4
8401 8289 6
8769 8289 5
8292 8289 30
7649 8289 1
6204 8289 1
8286 8289 11
8399 8289 1
6026 8290 1
6269 8290 1
6655 8290 1
5969 8290 1
8285 8290 1
6623 8290 1
6093 8290 1
8459 8290 1
6218 8290 1
8289 8290 9
8292 8291 30
6035 8291 1
6094 8291 1
6065 8291 1
5739 8291 1
6623 8291 1
7669 8291 1
6093 8291 1
6360 8291 1
5995 8291 1
5924 8291 1
5969 8291 1
8511 8291 1
6248 8291 1
5883 8291 1
5882 8291 1
6169 8291 1
6498 8291 1
6269 8291 1
6536 8291 1
6635 8291 1
6534 8291 1
8576 8291 1
6026 8291 1
6503 8291 1
8285 8291 1
5796 8291 1
6342 8291 1
7753 8291 1
8459 8291 1
8286 8292 30
8632 8292 3
6036 8292 1
5824 8293 1
8561 8293 1
8292 8293 32
8291 8293 30
7653 8294 1
8241 8294 31
8291 8294 30
8241 8295 30
8291 8295 30
8797 8296 1
7653 8296 1
8241 8296 32
8291 8296 30
8291 8297 30
7653 8297 1
8241 8297 31
8291 8298 30
6188 8298 1
6258 8298 1
6035 8298 1
8494 8298 1
6485 8298 1
7595 8298 40
7726 8298 1
5996 8298 1
6002 8298 1
6137 8298 1
6541 8298 1
6352 8298 1
8467 8299 1
6541 8299 1
8291 8299 30
8300 8299 32
6036 8300 1
8367 8300 1
8292 8300 30
11811 8300 1
8286 8300 5
8764 8300 1
8601 8300 1
8473 8300 5
8468 8300 1
8467 8301 1
8291 8301 30
8300 8301 33
6035 8301 1
6485 8301 1
6541 8301 1
6035 8302 1
8300 8302 33
8291 8302 30
6137 8302 1
8467 8302 1
6541 8302 1
6541 8303 1
8300 8303 32
8291 8303 30
8467 8303 1
6541 8304 1
8467 8304 1
8300 8304 32
8291 8304 30
8291 8305 30
8467 8305 1
8300 8305 32
8494 8305 1
8291 8306 30
8307 8306 30
8292 8307 30
8467 8308 1
8300 8308 33
8291 8308 30
6352 8308 1
6188 8308 1
8300 8309 32
8467 8309 1
8291 8309 30
5996 8309 1
8289 8310 42
8522 8310 12
8291 8310 30
5960 8311 1
6272 8311 1
8291 8311 30
8289 8311 44
6534 8311 1
8706 8311 1
8518 8311 1
8766 8311 1
6420 8311 1
7753 8311 1
6473 8311 2
8768 8311 2
6718 8311 1
6293 8311 1
6335 8311 1
6588 8311 1
6169 8311 1
7630 8311 1
6329 8312 1
8289 8312 38
6065 8312 1
8291 8312 30
8411 8312 2
6564 8312 1
6335 8312 1
8400 8312 2
6035 8312 1
6042 8312 1
8409 8312 2
8289 8313 41
8291 8313 30
5810 8313 4
5960 8313 1
7652 8313 7
8291 8314 30
5811 8314 4
8289 8314 41
7652 8314 7
5960 8314 1
8462 8315 1
8409 8315 2
6042 8315 1
8316 8315 38
8411 8315 2
8400 8315 2
6564 8315 1
8291 8315 30
6035 8315 1
11894 8315 2
6036 8316 1
8401 8316 6
8399 8316 1
8292 8316 30
6204 8316 1
7631 8316 1
8286 8316 1
8316 8317 34
11894 8317 2
8291 8317 30
6035 8317 1
6042 8317 1
6564 8317 1
8462 8317 1
8291 8318 30
6035 8318 1
6564 8318 1
8316 8318 34
11894 8318 2
8462 8318 1
6042 8318 1
8291 8319 30
8320 8319 34
6473 8319 2
6054 8319 1
8766 8319 1
8769 8320 4
6055 8320 1
8292 8320 30
8767 8320 1
6036 8320 1
8286 8320 3
7631 8320 3
6473 8321 2
8320 8321 34
6054 8321 1
8766 8321 1
8291 8321 30
8283 8322 1
6178 8323 1
6250 8323 1
8145 8323 6
6590 8323 1
6696 8323 1
5761 8323 1
8325 8324 1
5835 8326 1
6233 8326 1
5934 8326 1
6580 8326 1
8327 8326 10
6187 8326 1
6299 8326 1
8193 8326 1
8324 8326 1
6401 8326 1
6241 8326 1
5935 8327 2
8194 8327 1
7725 8327 1
8798 8327 1
8806 8327 1
8476 8327 1
8647 8327 1
8739 8327 3
8325 8327 5
8676 8327 1
8329 8328 1
8328 8330 1
8331 8330 2
8534 8331 3
8329 8331 1
8333 8332 2
8330 8332 2
8331 8333 2
8335 8334 2
8330 8334 2
8331 8335 2
8337 8336 1
6608 8338 1
6086 8338 1
5898 8338 1
8339 8338 27
11826 8338 1
8642 8338 1
6187 8338 1
6241 8338 1
6292 8338 1
8539 8338 1
8336 8338 1
11791 8338 1
6252 8338 1
6288 8338 1
6527 8338 1
6401 8338 1
6221 8338 1
5955 8338 1
5884 8338 1
8811 8338 1
5906 8338 1
6439 8338 1
6477 8338 1
6682 8338 1
5735 8338 2
6580 8338 1
6479 8338 1
8440 8339 2
8194 8339 1
8502 8339 1
6011 8339 1
8643 8339 1
8533 8339 1
8392 8339 1
7788 8339 1
11841 8339 1
6300 8339 1
7766 8339 1
11797 8339 5
8808 8339 2
6107 8339 1
7725 8339 1
11856 8339 3
8487 8339 1
8337 8339 15
8325 8339 6
11884 8339 1
8156 8339 1
8806 8339 3
11888 8339 2
8344 8339 20
5935 8339 2
8377 8339 12
8146 8339 4
6658 8339 1
6682 8340 1
8336 8340 1
6187 8340 1
6479 8340 1
5955 8340 1
6292 8340 1
6086 8340 1
6580 8340 1
6608 8340 1
6439 8340 1
5906 8340 1
5735 8340 2
6527 8340 1
6241 8340 1
8339 8340 27
6221 8340 1
6724 8340 1
6477 8340 1
6288 8340 1
8811 8340 1
8642 8340 1
5898 8340 1
8539 8340 1
11826 8340 1
6401 8340 1
5884 8340 1
6252 8340 1
6007 8341 1
8339 8341 12
5850 8341 1
7647 8341 1
6389 8341 1
5735 8341 2
6479 8341 1
6477 8341 1
6682 8341 1
8336 8341 1
7720 8341 1
5898 8341 1
7647 8342 1
7782 8342 1
5850 8342 1
6477 8342 1
6682 8342 1
8339 8342 12
6007 8342 1
5898 8342 1
6479 8342 1
6389 8342 1
8336 8342 1
5735 8342 2
11826 8343 1
5955 8343 1
5884 8343 1
6506 8343 1
8697 8343 1
6221 8343 1
6096 8343 1
6724 8343 1
6477 8343 1
11791 8343 1
5906 8343 1
8344 8343 20
8336 8343 1
6545 8343 1
6389 8343 1
7647 8343 1
6459 8343 1
6439 8343 1
8539 8343 1
6007 8343 1
8337 8344 19
8632 8344 3
8339 8345 24
5850 8345 1
7782 8345 1
8343 8345 20
7720 8345 1
8343 8346 20
8345 8346 24
5898 8346 1
6283 8346 1
8339 8346 26
8345 8347 24
6283 8347 1
5898 8347 1
8339 8347 26
8343 8347 20
8501 8348 1
5898 8348 1
6075 8348 1
6283 8348 1
6010 8348 1
8343 8348 20
6087 8348 5
8193 8348 1
6497 8348 1
8339 8348 32
5898 8349 1
6087 8349 5
8339 8349 34
8343 8349 20
6075 8349 1
7736 8349 1
6556 8349 1
6283 8349 1
6497 8349 1
8501 8349 1
8193 8349 1
6010 8349 1
6087 8350 5
8339 8350 33
6010 8350 1
6497 8350 1
8343 8350 20
8501 8350 1
5898 8350 1
6075 8350 1
8193 8350 1
5971 8350 1
6283 8350 1
6116 8351 1
6075 8351 1
6646 8351 1
8193 8351 1
8343 8351 20
8339 8351 27
6283 8351 1
6439 8351 1
8501 8351 1
6497 8351 1
8354 8353 1
5792 8355 1
8264 8355 30
7622 8355 1
6460 8355 1
5983 8355 1
6014 8355 1
8480 8355 1
6201 8355 1
5936 8355 1
6629 8355 1
6650 8355 1
8469 8355 1
6176 8355 1
6513 8355 1
6491 8355 1
5993 8355 1
5813 8355 1
6236 8355 1
6624 8355 1
8353 8355 1
5990 8355 1
6525 8355 1
7715 8355 1
6479 8355 1
6231 8355 1
11885 8355 1
6685 8355 1
5744 8355 1
6049 8355 1
6113 8355 1
7775 8355 1
8599 8356 1
5759 8356 1
8745 8356 1
6301 8356 1
6299 8356 1
8475 8356 1
6566 8356 1
6062 8356 1
8353 8356 1
8436 8356 1
5743 8356 1
6353 8356 1
6508 8356 1
6448 8356 1
11859 8356 3
6207 8356 1
6135 8356 1
8266 8356 39
6378 8356 1
6286 8356 1
6442 8356 1
8363 8356 1
6271 8356 1
5934 8356 1
11842 8356 1
8675 8356 1
6233 8356 1
6659 8356 1
6275 8356 1
5835 8356 1
11794 8356 8
8358 8357 1
6053 8359 1
6309 8359 1
6597 8359 1
8357 8359 1
6103 8359 1
6064 8359 1
6422 8359 1
8789 8359 1
8360 8359 9
6405 8359 1
8358 8360 13
8617 8360 3
8362 8361 3
8364 8363 1
8675 8365 1
5934 8365 1
6508 8365 1
6448 8365 1
6353 8365 1
6299 8365 1
8746 8365 1
6207 8365 1
8264 8365 12
5743 8365 1
6646 8365 1
8363 8365 1
6442 8365 1
8367 8366 1
8546 8368 1
8366 8368 1
6650 8368 1
8145 8368 3
6598 8369 1
8697 8369 1
6287 8369 1
8366 8369 1
5972 8369 1
6545 8369 1
6346 8369 1
6452 8369 1
5741 8369 1
7615 8369 1
5927 8369 1
5851 8369 1
6481 8369 1
8370 8369 13
8154 8370 2
8146 8370 8
8367 8370 12
8337 8370 2
8543 8370 1
11900 8370 1
8344 8370 4
5859 8370 2
5979 8370 2
6658 8370 1
6002 8371 1
8746 8371 1
5972 8371 1
7726 8371 1
6387 8371 1
5985 8371 1
6277 8371 1
6267 8371 1
6266 8371 1
6287 8371 1
6481 8371 1
6473 8371 2
8503 8371 13
5741 8371 1
6392 8371 1
6141 8371 1
6452 8371 1
6004 8371 1
6642 8371 1
8366 8371 1
8264 8371 40
6042 8371 1
6505 8371 1
6598 8371 1
6346 8371 1
7615 8371 1
5851 8371 1
5927 8371 1
6384 8372 1
6598 8372 1
6287 8372 1
6648 8372 1
8450 8372 4
6039 8372 1
7726 8372 1
5972 8372 1
5978 8372 1
5851 8372 1
8370 8372 18
6306 8372 1
8542 8372 1
8366 8372 1
11818 8372 1
5741 8372 1
8542 8373 1
6039 8373 1
5851 8373 1
5972 8373 1
6306 8373 1
8366 8373 1
11818 8373 1
6384 8373 1
5978 8373 1
5741 8373 1
8370 8373 15
6287 8373 1
7726 8373 1
6648 8373 1
6598 8373 1
6554 8373 1
8503 8374 13
6598 8374 1
6481 8374 1
6469 8374 1
6042 8374 1
8264 8374 34
7726 8374 1
6145 8374 1
5851 8374 1
6287 8374 1
6006 8374 1
7615 8374 1
6043 8374 5
6637 8374 1
6356 8374 1
8366 8374 1
5812 8374 1
5972 8374 1
5741 8374 1
6346 8374 1
8377 8376 1
6682 8378 1
6401 8378 1
8339 8378 15
6282 8378 1
8376 8378 1
6187 8378 1
6580 8378 1
7786 8378 1
6608 8378 1
6527 8378 1
6479 8378 1
8439 8378 1
8811 8378 1
5898 8378 1
6525 8378 1
6241 8378 1
8193 8379 1
5835 8379 1
8599 8379 1
6516 8379 1
8339 8379 9
8501 8379 1
6282 8379 1
8805 8379 1
8376 8379 1
8339 8380 13
7760 8380 1
6719 8380 1
5772 8380 1
11796 8380 1
8379 8380 9
8259 8381 1
8606 8382 26
8383 8382 4
6202 8383 1
8708 8383 1
8659 8383 9
6542 8383 1
8604 8383 1
7660 8383 1
5974 8383 1
8442 8383 4
8547 8383 2
8698 8383 1
8385 8384 1
8175 8386 2
8386 8387 2
8388 8387 2
8175 8388 2
8390 8389 1
8392 8391 4
8389 8391 1
6132 8391 1
11905 8391 1
6095 8391 1
8394 8392 4
8390 8392 3
7742 8392 2
8389 8393 1
8394 8393 4
11905 8393 1
6095 8393 1
8390 8394 3
8632 8394 3
8393 8395 4
8392 8395 4
8397 8396 3
8399 8398 1
8401 8400 2
8398 8400 1
8399 8401 1
8517 8401 4
6042 8402 1
8400 8402 2
6377 8402 1
6469 8402 1
8403 8402 9
8600 8402 1
6720 8402 1
6473 8402 2
6044 8402 1
8769 8403 2
8767 8403 1
8401 8403 3
8601 8403 2
8712 8403 4
8400 8404 2
8405 8404 6
6473 8404 2
6234 8404 1
8769 8405 4
6057 8405 3
8401 8405 4
8407 8406 16
8412 8406 5
8410 8406 5
6035 8406 1
6122 8406 1
8404 8406 6
8405 8407 14
8798 8407 1
6123 8407 1
6036 8407 1
5990 8408 1
8403 8408 3
8400 8408 2
8401 8409 2
8398 8409 1
8405 8410 5
8409 8410 2
6718 8410 1
6056 8410 1
8401 8411 2
8398 8411 1
8411 8412 2
8405 8412 5
6693 8412 1
5750 8412 1
6065 8413 1
8398 8413 1
8316 8413 2
8398 8414 1
8316 8414 3
6564 8414 1
6065 8414 1
8398 8415 1
8316 8415 2
6065 8415 1
6335 8416 1
8316 8416 4
8398 8416 1
6564 8416 1
6035 8416 1
8398 8417 1
8289 8417 1
8398 8418 1
7595 8418 2
5897 8418 1
8283 8419 1
8424 8420 16
6132 8420 1
8145 8420 24
5999 8420 1
7619 8420 1
11904 8420 1
8465 8420 1
5949 8420 1
6161 8420 1
6311 8420 1
8693 8420 1
5833 8420 1
8419 8420 1
5762 8420 1
6161 8421 1
8145 8421 4
8419 8421 1
8693 8421 1
11904 8421 1
8693 8422 1
11904 8422 1
8145 8422 4
8419 8422 1
6161 8422 1
6161 8423 1
5756 8423 1
8732 8423 1
8419 8423 1
11904 8423 1
8693 8423 1
8145 8423 7
8423 8424 7
8546 8424 1
8145 8424 16
6317 8424 1
8677 8424 1
6336 8424 1
6417 8424 1
6504 8424 1
6152 8424 1
6653 8424 1
7701 8425 2
5942 8425 1
6175 8425 1
8377 8426 1
8426 8427 1
6479 8427 1
8339 8427 2
6479 8428 1
8339 8428 2
8426 8428 1
8430 8429 1
8432 8431 3
5970 8431 1
6120 8431 1
8429 8431 1
8430 8432 8
8442 8432 3
8632 8432 3
5802 8433 2
8574 8433 19
8434 8435 1
8437 8436 1
6493 8438 1
6442 8438 1
8436 8438 1
8658 8438 9
6235 8438 1
6612 8438 1
6465 8438 1
8171 8438 17
6347 8438 1
6703 8438 1
8440 8439 1
8442 8441 1
8227 8443 8
6152 8443 1
8718 8443 1
6653 8443 1
6689 8443 1
6349 8443 1
8441 8443 1
6089 8443 1
8677 8443 1
8445 8444 1
8441 8444 1
8283 8445 10
8442 8445 5
8447 8446 1
6489 8448 1
6347 8448 1
8690 8448 5
8685 8448 1
8446 8448 1
8186 8448 10
7672 8448 1
6612 8448 1
8697 8450 1
8344 8450 4
6459 8450 1
6545 8450 1
7593 8451 1
7597 8452 6
8451 8452 1
6654 8452 1
5882 8452 1
5995 8452 1
7669 8452 1
6284 8452 1
6251 8453 1
7768 8453 1
8542 8453 1
11863 8453 1
8156 8453 12
8451 8453 1
6495 8453 1
7704 8453 1
6492 8453 1
7671 8453 1
6412 8453 1
11863 8454 1
6502 8454 1
6492 8454 1
6412 8454 1
8451 8454 1
8455 8454 7
7708 8454 2
8146 8455 2
7705 8455 3
8154 8455 2
7593 8455 3
6658 8455 1
11886 8455 10
11784 8455 12
8156 8455 1
8532 8455 3
7601 8455 3
8457 8456 1
8286 8459 1
8461 8460 1
8316 8462 1
11894 8463 2
6329 8463 1
8462 8463 1
6035 8463 1
8316 8463 4
8259 8464 1
8283 8465 1
5949 8466 1
8465 8466 1
8445 8466 6
6082 8466 1
6653 8466 1
6313 8466 1
5989 8466 1
8468 8467 1
8470 8469 1
6548 8471 1
5790 8471 1
8145 8471 10
6650 8471 1
5842 8471 1
6406 8471 1
6717 8471 1
6574 8471 1
8469 8471 1
7726 8471 1
8477 8471 1
8735 8472 1
8474 8473 4
5816 8474 1
8473 8474 1
8476 8475 1
8478 8477 1
8264 8479 7
5790 8479 1
8746 8479 1
8600 8479 1
6528 8479 1
8477 8479 1
6406 8479 1
6548 8479 1
8481 8480 1
8266 8482 3
5744 8482 1
6004 8482 1
8480 8482 1
8154 8483 1
11818 8484 1
6467 8484 1
6024 8484 1
5789 8484 1
6709 8484 1
6306 8484 1
7599 8484 7
8483 8484 1
8483 8485 1
5789 8485 1
8486 8485 3
8542 8485 1
8154 8486 4
8543 8486 1
8370 8486 4
8154 8488 1
6193 8489 1
8488 8489 1
8227 8489 6
6127 8489 1
5787 8489 1
6066 8489 1
7749 8489 1
8159 8490 1
6330 8491 1
8775 8491 1
6284 8491 1
6454 8491 1
8777 8491 1
6631 8491 1
8490 8491 1
7670 8491 1
5885 8491 1
8161 8491 11
8641 8491 1
6636 8491 1
8493 8492 3
8473 8494 1
8496 8495 1
6438 8497 1
6638 8497 1
5749 8497 1
6072 8497 1
6650 8497 1
6102 8497 1
8640 8497 1
8495 8497 1
6528 8497 1
7776 8497 1
6426 8497 1
7626 8497 4
8165 8497 1
8233 8497 18
8642 8497 1
7716 8497 1
8499 8498 2
8495 8498 1
8496 8499 1
8711 8499 4
8498 8500 2
8499 8500 2
8502 8501 1
7619 8503 1
8658 8503 9
8504 8503 13
6723 8503 1
8501 8503 1
7620 8504 1
8502 8504 1
6165 8504 1
8659 8504 9
6141 8505 1
8746 8505 1
6216 8505 1
8503 8505 13
6392 8505 1
6387 8505 1
8264 8505 20
6267 8505 1
6004 8505 1
6387 8506 1
6392 8506 1
6141 8506 1
8746 8506 1
6004 8506 1
8503 8506 13
6216 8506 1
6267 8506 1
8264 8506 20
6010 8507 1
8339 8507 3
6283 8507 1
8501 8507 1
8501 8508 1
8509 8508 5
8529 8508 4
7766 8509 1
8146 8509 2
8502 8509 1
8528 8509 3
6300 8509 1
8377 8509 1
6658 8509 1
8156 8509 1
8286 8511 1
6094 8512 1
6635 8512 1
6360 8512 1
8241 8512 4
8511 8512 1
6635 8513 1
8511 8513 1
8241 8513 5
6692 8513 1
6360 8513 1
6503 8513 1
8511 8514 1
6635 8514 1
6360 8514 1
8241 8514 4
6248 8514 1
6094 8515 1
6529 8515 1
6360 8515 1
8511 8515 1
8241 8515 6
6635 8515 1
5798 8515 1
8517 8516 4
8774 8517 4
8519 8518 1
8521 8520 3
6527 8520 1
6696 8520 1
8518 8520 1
8547 8521 3
11797 8521 1
8519 8521 4
5897 8522 1
5947 8522 1
8523 8522 12
6511 8522 1
6390 8522 1
8706 8522 1
6420 8522 1
6259 8522 1
8518 8522 1
11822 8522 1
6314 8522 1
6588 8522 1
8774 8523 5
5770 8523 1
8519 8523 5
8525 8524 1
8528 8527 1
6546 8529 1
7730 8529 1
8527 8529 1
8509 8529 4
8532 8531 2
8493 8536 3
8337 8539 1
8541 8540 1
8543 8542 1
8486 8544 3
11818 8544 1
8542 8544 1
6306 8544 1
5978 8545 1
8370 8545 5
6384 8545 1
6039 8545 1
6648 8545 1
8542 8545 1
8547 8546 1
8445 8547 4
6650 8548 1
8145 8548 2
8546 8548 1
8546 8549 1
6696 8549 1
8550 8549 2
8547 8550 2
6123 8550 1
8546 8551 1
6678 8551 1
8552 8551 4
6527 8551 1
6331 8551 1
11797 8552 1
8547 8552 3
8634 8552 4
6331 8553 1
8521 8553 3
8546 8553 1
8706 8553 1
8552 8554 3
8694 8554 1
6331 8554 1
8546 8554 1
6696 8555 1
6332 8555 1
6435 8555 1
6336 8555 1
8546 8555 1
6331 8555 1
6617 8555 1
8227 8555 7
8557 8556 7
6039 8556 1
6384 8556 1
6336 8556 1
6696 8556 1
6331 8556 1
8546 8556 1
6435 8556 1
5859 8557 2
8442 8557 1
8547 8557 5
8159 8558 1
8558 8559 1
6444 8559 1
5940 8559 1
5786 8559 1
5849 8559 1
8161 8559 6
5885 8559 1
5786 8560 1
5849 8560 1
5940 8560 1
6444 8560 1
8161 8560 6
5885 8560 1
8558 8560 1
8286 8561 1
8352 8562 1
6555 8563 1
8765 8563 1
6558 8563 1
8729 8563 1
8562 8563 1
6237 8563 1
6443 8563 1
6591 8563 1
6162 8563 1
8564 8563 12
11889 8563 1
7661 8563 1
8352 8564 12
8632 8564 3
6639 8565 1
8563 8565 12
8566 8565 13
8146 8566 2
8564 8566 12
8352 8566 6
8698 8566 1
7739 8566 6
8747 8566 1
6542 8566 1
8156 8566 1
8382 8566 14
6658 8566 1
8604 8566 1
8547 8566 1
8606 8566 11
8563 8567 12
8566 8567 12
6639 8568 1
8563 8568 12
5867 8568 1
8566 8568 14
8566 8569 13
8563 8569 12
7738 8569 1
8566 8570 13
8563 8570 12
6696 8570 1
8566 8571 23
7692 8571 11
8563 8571 12
5925 8572 1
8574 8573 1
8433 8575 5
6692 8575 1
6404 8575 1
6016 8575 1
8573 8575 1
7654 8575 1
8286 8576 1
6035 8577 1
6536 8577 1
5739 8577 1
6498 8577 1
5924 8577 1
6002 8577 1
7726 8577 1
8576 8577 1
6188 8577 1
7595 8577 9
6188 8578 1
5739 8578 1
6498 8578 1
8576 8578 1
6536 8578 1
6002 8578 1
8300 8578 8
7726 8578 1
5924 8578 1
8576 8579 1
6536 8579 1
6498 8579 1
8300 8579 3
8300 8580 3
8576 8580 1
6536 8580 1
6498 8580 1
8159 8581 1
8230 8582 3
8581 8582 1
6018 8582 1
5950 8582 1
8584 8583 1
5967 8585 1
8586 8585 2
8583 8585 1
8584 8586 4
8617 8586 3
8574 8587 1
8433 8588 2
8587 8588 1
6484 8588 1
8590 8589 1
8592 8591 1
8640 8593 1
8233 8593 4
6072 8593 1
8591 8593 1
8595 8594 1
8169 8596 2
8594 8596 1
8178 8597 13
6257 8597 1
5769 8597 1
8596 8597 2
8658 8597 9
8159 8598 1
8533 8599 1
8601 8600 1
8403 8602 7
8600 8602 1
6720 8602 1
6469 8602 1
6377 8602 1
6473 8602 2
6044 8602 1
6042 8602 1
6042 8603 1
8403 8603 7
6044 8603 1
6469 8603 1
6720 8603 1
6473 8603 2
6377 8603 1
8600 8603 1
8606 8605 1
6385 8607 1
6549 8607 1
7688 8607 1
6060 8607 1
6270 8607 1
6697 8607 1
6317 8607 1
6688 8607 1
6357 8607 1
8605 8607 1
6570 8607 1
5757 8607 1
6052 8607 1
8156 8607 16
5774 8607 1
8566 8608 18
5867 8608 1
6398 8608 1
7688 8608 1
6060 8608 1
6052 8608 1
6688 8608 1
6697 8608 1
6558 8608 1
6317 8608 1
8605 8608 1
7661 8608 1
5757 8608 1
8746 8608 1
6591 8608 1
6570 8608 1
6385 8608 1
6703 8608 1
6270 8608 1
6591 8609 1
8566 8609 9
6398 8609 1
7738 8609 1
6555 8609 1
6558 8609 1
8746 8609 1
7661 8609 1
8605 8609 1
5757 8609 1
8566 8610 5
8605 8610 1
7688 8610 1
6162 8610 1
6398 8610 1
5757 8610 1
8605 8611 1
6060 8611 1
5954 8611 1
6697 8611 1
7688 8611 1
8614 8611 18
6052 8611 1
6385 8611 1
8612 8611 18
6270 8611 1
6688 8611 1
8382 8612 28
8606 8612 13
7737 8612 2
6150 8612 1
5954 8613 1
8605 8613 1
7690 8613 13
8382 8613 16
8382 8614 18
6245 8614 1
8613 8614 16
8617 8616 3
5862 8616 6
8619 8618 3
8159 8620 1
8623 8622 1
8622 8624 1
8186 8624 1
8622 8625 1
8186 8625 1
8186 8626 1
8622 8626 1
8186 8627 1
8622 8627 1
8186 8628 1
8622 8628 1
8186 8629 1
8622 8629 1
8622 8630 1
8186 8630 1
8595 8631 1
8634 8633 1
8552 8635 3
8633 8635 1
6696 8635 1
6139 8635 1
6139 8636 1
8637 8636 2
8633 8636 1
8634 8637 2
8156 8637 4
8283 8637 1
6658 8637 1
8146 8637 2
8633 8638 1
8637 8638 2
6139 8638 1
6139 8639 1
8633 8639 1
5820 8639 1
8637 8639 3
8592 8640 1
8159 8641 1
8643 8642 1
5963 8644 1
8209 8644 3
8642 8644 1
6291 8644 1
6310 8645 1
6710 8645 1
8209 8645 7
6382 8645 1
8642 8645 1
5963 8645 1
6291 8645 1
6381 8645 1
6291 8646 1
5963 8646 1
8642 8646 1
8209 8646 4
6710 8646 1
8739 8647 5
7593 8648 1
8650 8649 1
6091 8651 1
8156 8651 8
6544 8651 1
7696 8651 1
8649 8651 1
6198 8651 1
6701 8651 1
8574 8653 1
8433 8654 5
6265 8654 1
6027 8654 1
6577 8654 1
8653 8654 1
6706 8654 1
8653 8655 1
6595 8655 1
6027 8655 1
6706 8655 1
6577 8655 1
8433 8655 5
8657 8656 1
7717 8658 1
8659 8658 9
6496 8658 1
6703 8658 1
6222 8658 1
6138 8658 1
8656 8658 1
6280 8658 1
6191 8658 1
11790 8659 1
6542 8659 1
8657 8659 6
8658 8660 9
8661 8660 9
8659 8661 9
8661 8662 9
8658 8662 9
8661 8663 9
8658 8663 9
8665 8664 9
8658 8664 9
8659 8665 9
8383 8666 13
6575 8666 1
6619 8666 1
6703 8666 1
6278 8666 1
6032 8666 1
8658 8666 9
8665 8667 9
8658 8667 9
8665 8668 9
8658 8668 9
8665 8669 9
8658 8669 9
8283 8670 1
5752 8671 1
5999 8671 1
6077 8671 1
8670 8671 1
8445 8671 5
6524 8671 1
8154 8673 1
8673 8674 1
6494 8674 1
6482 8674 1
6307 8674 1
11863 8674 1
7599 8674 5
8676 8675 1
8442 8677 1
8266 8678 13
11842 8678 1
6349 8678 1
6653 8678 1
6689 8678 1
5904 8678 1
7736 8678 1
6135 8678 1
6700 8678 1
6116 8678 1
8677 8678 1
6152 8678 1
6619 8678 1
5893 8678 1
8383 8679 2
8677 8679 1
11842 8679 1
8677 8680 1
8557 8680 1
8677 8681 1
8266 8681 1
6659 8682 1
8677 8682 1
8383 8682 2
6639 8683 1
6083 8683 6
7736 8683 1
8178 8683 9
8677 8683 1
8259 8684 1
8686 8685 1
6544 8687 1
6493 8687 1
8685 8687 1
8156 8687 6
11819 8687 1
8761 8687 1
11880 8688 1
6351 8688 1
5968 8688 1
7673 8688 1
6640 8688 1
6603 8688 1
8690 8688 5
8186 8688 17
6670 8688 1
8687 8688 6
8186 8689 17
8688 8689 17
8685 8690 1
11881 8690 2
5814 8690 1
8171 8690 5
8186 8691 6
6489 8691 1
11880 8691 1
8690 8691 5
6489 8692 1
11880 8692 1
8690 8692 5
8186 8692 6
8283 8693 1
8634 8694 1
8695 8696 1
8337 8697 1
8700 8699 1
8702 8701 1
8704 8703 7
6247 8703 2
8701 8703 1
7616 8703 1
6363 8703 1
7785 8703 1
5918 8704 2
8702 8704 13
5746 8704 2
7616 8705 1
5921 8705 5
6656 8705 1
8703 8705 7
8704 8705 11
8519 8706 1
7686 8707 1
8534 8707 3
8704 8709 1
6531 8710 1
8709 8710 1
8711 8710 5
6316 8710 1
6167 8710 1
6216 8710 1
8702 8711 1
6217 8711 2
8704 8711 1
11812 8711 1
8621 8713 1
6556 8714 1
7734 8714 1
5971 8714 1
8715 8714 6
6238 8714 1
8713 8714 1
5855 8714 1
11856 8715 2
8621 8715 2
7735 8715 2
8541 8716 1
6182 8717 1
6657 8717 1
8155 8717 1
8264 8717 23
8716 8717 1
6002 8717 1
6532 8717 1
5741 8717 1
5983 8717 1
5990 8717 1
5936 8717 1
6058 8717 1
8782 8717 1
7615 8717 1
6578 8717 1
5927 8717 1
6650 8717 1
6513 8717 1
6387 8717 1
11852 8717 1
7665 8717 1
5808 8717 1
11855 8717 1
7698 8717 1
8719 8718 1
8262 8720 1
8722 8721 3
8358 8723 1
5768 8724 1
8360 8724 4
5909 8724 1
11817 8724 1
8723 8724 1
5979 8725 2
8806 8725 1
8725 8726 1
8327 8728 1
8352 8729 1
8154 8730 1
8730 8731 1
6345 8731 1
7599 8731 2
8733 8732 1
8735 8734 1
8734 8736 1
8472 8736 1
8739 8738 1
8738 8740 1
8327 8740 3
6303 8740 1
6380 8740 1
7635 8741 1
8738 8741 1
8647 8741 3
8647 8742 3
8741 8742 3
6373 8743 1
8647 8743 6
6538 8743 1
8741 8743 3
8525 8745 1
8747 8746 1
8607 8748 1
8746 8748 1
8566 8748 4
6703 8748 1
6398 8748 1
6398 8749 1
8746 8749 1
6237 8749 1
8566 8749 4
8607 8749 1
6398 8750 1
7765 8750 3
6599 8750 1
5939 8750 1
8746 8750 1
8566 8750 7
8746 8751 1
8752 8751 1
6071 8752 3
8747 8752 1
8752 8753 1
8746 8753 1
8752 8754 1
8746 8754 1
8264 8755 3
6663 8755 1
6642 8755 1
8746 8755 1
6528 8756 1
8264 8756 2
8746 8756 1
8259 8757 1
8757 8758 1
6699 8758 1
7597 8758 5
6461 8758 1
6342 8758 1
6284 8758 1
5859 8759 2
8370 8759 4
8370 8760 4
5979 8760 2
8159 8761 1
6284 8762 1
8761 8762 1
6190 8762 1
7669 8762 1
8777 8762 1
7597 8762 10
5882 8762 1
5995 8762 1
5883 8762 1
7671 8762 1
6330 8762 1
5885 8763 1
6454 8763 1
8761 8763 1
8161 8763 3
8352 8765 1
8767 8766 1
8769 8768 2
8766 8768 1
8517 8769 4
8767 8769 2
6293 8770 1
8320 8770 7
7630 8770 1
6718 8770 1
8766 8770 1
6473 8770 2
6272 8770 1
5750 8771 1
8766 8771 1
8320 8771 6
6473 8771 2
6054 8771 1
6718 8771 1
8772 8773 3
8538 8773 1
8521 8774 4
8776 8775 1
8159 8777 1
7698 8779 1
6578 8779 1
8264 8779 3
6387 8780 1
8264 8780 6
8779 8780 3
6004 8780 1
8782 8780 1
8430 8781 5
8432 8781 9
8457 8782 1
8784 8783 3
8159 8785 1
8493 8786 3
8283 8787 1
6091 8788 1
8145 8788 5
6617 8788 1
6666 8788 1
6005 8788 1
8787 8788 1
8358 8789 1
8791 8790 4
5857 8791 1
8790 8792 1
8814 8792 3
8816 8792 4
8259 8793 1
7597 8794 5
6342 8794 1
8793 8794 1
6284 8794 1
11802 8794 1
6587 8794 1
8796 8795 1
8798 8797 1
8797 8799 1
8327 8799 1
8797 8800 1
6122 8800 1
8407 8800 2
11812 8802 1
8802 8803 1
8806 8805 2
8808 8807 1
8805 8807 1
7788 8808 2
8806 8808 1
8262 8809 1
8476 8810 1
6648 8811 1
5829 8811 4
6303 8811 1
6132 8811 1
8810 8811 1
6240 8811 1
7741 8811 1
11819 8811 1
5978 8811 1
6010 8811 1
8156 8811 14
8327 8812 2
8810 8812 1
5835 8812 1
8814 8813 1
6567 8815 1
8816 8815 4
7758 8815 1
8813 8815 1
8814 8816 3
6038 8816 2
7685 8816 1
8815 8817 4
8818 8817 4
8790 8818 1
8816 8818 4
8814 8818 3
8818 8819 4
8815 8819 4
8818 8820 4
8815 8820 4
8815 8821 4
8818 8821 4
6609 8822 1
6427 8822 1
8815 8822 4
11833 8822 1
7634 8822 1
8818 8822 8
6609 11778 1
8792 11778 5
8815 11778 4
11780 11779 1
8204 11780 4
11779 11781 1
11782 11781 3
11897 11781 1
6630 11781 1
5977 11782 2
5806 11782 1
11780 11782 1
11898 11782 2
11784 11783 1
7593 11785 1
5951 11786 1
7601 11786 4
7704 11786 1
6391 11786 1
11785 11786 1
6132 11787 1
8392 11787 2
6666 11788 1
6091 11788 1
11787 11788 2
8145 11788 7
6696 11788 1
6650 11788 1
7726 11788 1
11787 11789 2
8145 11789 5
6650 11789 1
6336 11789 1
6331 11789 1
8337 11791 1
11793 11792 1
7682 11794 1
11795 11794 8
6206 11794 1
6540 11794 1
6679 11794 1
5994 11794 1
11792 11794 1
5784 11794 1
11793 11795 7
11797 11796 1
11799 11798 2
6707 11798 1
11796 11798 1
11797 11799 10
8339 11800 5
6013 11800 1
6719 11800 1
7760 11800 1
5772 11800 1
11796 11800 1
8159 11801 1
8259 11802 1
8385 11803 1
6382 11804 1
7666 11804 1
6381 11804 1
6710 11804 1
11803 11804 1
6310 11804 1
8209 11804 6
11803 11805 1
6710 11805 1
11871 11805 1
6310 11805 1
6381 11805 1
8209 11805 7
6382 11805 1
7666 11805 1
8209 11806 6
6710 11806 1
6382 11806 1
11803 11806 1
6310 11806 1
6381 11806 1
7666 11806 1
11803 11807 1
6382 11807 1
6381 11807 1
8209 11807 6
6710 11807 1
7666 11807 1
6310 11807 1
7666 11808 1
8150 11808 2
11803 11808 1
11809 11810 4
7646 11810 2
11809 11811 4
8159 11813 1
11813 11814 1
5885 11814 1
6388 11814 1
8161 11814 6
6454 11814 1
6428 11814 1
6604 11814 1
8259 11816 1
8358 11817 1
8154 11818 1
8337 11819 1
11821 11820 2
7779 11821 1
7638 11821 3
11812 11821 3
11874 11821 6
8774 11822 1
11822 11823 1
8517 11823 1
8493 11824 3
8784 11825 3
8337 11826 1
6288 11827 1
5906 11827 1
6096 11827 1
6479 11827 1
6401 11827 1
6086 11827 1
5735 11827 2
6252 11827 1
6187 11827 1
5898 11827 1
6241 11827 1
6292 11827 1
5828 11827 1
6527 11827 1
8339 11827 21
6069 11827 1
11826 11827 1
8811 11827 1
6580 11827 1
5884 11827 1
5955 11827 1
11829 11828 1
5747 11830 1
11828 11830 1
11831 11830 4
6446 11830 1
6203 11830 1
8617 11831 3
11829 11831 6
8537 11832 1
8814 11833 1
6427 11834 1
7634 11834 1
8818 11834 3
11833 11834 1
8818 11835 3
6427 11835 1
7634 11835 1
11833 11835 1
8818 11836 3
11833 11836 1
6427 11836 1
7634 11836 1
11833 11837 1
8818 11837 3
6427 11837 1
7634 11837 1
7634 11838 1
11833 11838 1
6427 11838 1
8792 11838 3
11797 11839 1
11839 11840 1
5772 11840 1
11799 11840 3
6702 11840 1
8698 11842 1
11842 11843 1
8383 11843 3
6696 11843 1
6619 11843 1
6566 11844 1
8171 11844 2
11842 11844 1
8259 11847 1
8796 11848 1
8552 11849 4
6366 11850 1
6436 11850 1
6114 11850 1
6316 11850 1
11821 11850 5
6261 11851 1
11850 11851 5
6414 11851 1
6582 11851 1
11873 11851 1
6402 11851 1
6316 11851 1
6649 11851 1
11821 11851 14
7778 11851 1
6488 11851 1
8481 11852 1
11854 11853 1
8541 11855 1
6011 11856 1
8339 11856 4
5806 11857 1
11858 11857 2
6629 11859 1
5863 11859 1
8586 11859 3
11797 11860 1
11860 11861 1
11799 11861 3
6434 11861 1
6719 11861 1
6603 11862 1
8186 11862 3
6351 11862 1
8154 11863 1
11784 11864 1
7708 11865 2
8455 11865 3
11864 11865 1
11868 11867 1
11870 11869 1
11867 11869 1
11868 11870 1
11815 11870 4
11872 11871 1
11874 11873 1
6316 11875 1
6414 11875 1
6402 11875 1
6582 11875 1
6115 11875 5
6488 11875 1
11873 11875 1
6649 11875 1
6261 11875 1
11821 11875 14
7778 11875 1
8595 11876 1
8159 11877 1
8686 11880 1
11880 11881 1
8171 11881 2
6644 11882 1
11881 11882 2
11883 11882 3
8171 11883 2
8615 11883 1
11886 11885 1
8352 11889 1
8283 11891 1
5833 11892 1
6594 11892 1
7740 11892 1
6374 11892 1
6576 11892 1
11891 11892 1
6696 11892 1
6650 11892 1
6082 11892 1
7680 11892 1
8145 11892 11
6313 11892 1
8385 11893 1
6035 11894 1
8316 11894 2
8148 11895 1
8541 11896 1
11898 11897 1
8325 11901 1
7724 11902 1
11903 11902 12
5828 11902 1
6674 11902 1
6031 11902 1
6069 11902 1
6584 11902 1
6256 11902 1
8193 11902 1
6171 11902 1
6625 11902 1
7747 11902 1
11901 11902 1
8325 11903 11
8719 11903 2
7614 11903 2
8194 11903 1
5806 11903 1
8283 11904 1
8390 11905 1
11907 11906 1
8145 11908 4
5948 11908 1
6557 11908 1
5962 11908 1
