11214 4900 2
6028 4901 1
7096 4902 1
6697 4903 1
6673 4904 1
6673 4905 2
4904 4905 1
4905 4906 2
7292 4906 3
11602 4906 1
4908 4907 1
11330 4909 1
11332 4910 1
4909 4910 1
11219 4912 1
6733 4913 1
11661 4914 1
4913 4914 1
11775 4914 1
6989 4914 3
11288 4915 3
4913 4915 1
11625 4915 1
11827 4915 1
11205 4916 1
6661 4917 1
4919 4918 1
6644 4920 1
5391 4920 1
11193 4920 1
11184 4921 1
7219 4922 1
11332 4923 2
11998 4923 1
11343 4924 1
5019 4925 1
7174 4926 1
6773 4927 1
11240 4928 1
11999 4929 1
5086 4929 4
11636 4929 1
11326 4930 1
6692 4931 1
11567 4932 1
5555 4932 3
11326 4934 1
6070 4935 1
4935 4936 1
4937 4936 1
6070 4937 1
4935 4938 1
6903 4938 2
11188 4942 1
11237 4942 1
11188 4943 1
11237 4943 1
11237 4944 1
11188 4944 1
11237 4945 1
11188 4945 1
11237 4946 1
11188 4946 1
11237 4947 1
11188 4947 1
11188 4948 1
11237 4948 1
11237 4949 1
11188 4949 1
11237 4950 1
11188 4950 1
11237 4951 1
11188 4951 1
11188 4952 1
11237 4952 1
11188 4953 1
11237 4953 1
11237 4954 1
11188 4954 1
7366 4955 2
11858 4955 2
12119 4955 1
12347 4955 1
11245 4955 5
7123 4956 1
6159 4957 1
4958 4957 2
6965 4959 2
7269 4960 1
4962 4960 2
4961 4960 3
6631 4962 2
6987 4962 2
4964 4963 3
6707 4963 3
4963 4965 1
11237 4966 1
6852 4967 1
11330 4968 1
11332 4969 1
4968 4969 1
6648 4970 1
6910 4971 2
5528 4971 1
11326 4972 1
6699 4973 1
4973 4974 1
6699 4974 1
4977 4975 3
4978 4975 3
4976 4975 3
4975 4979 1
6799 4980 1
11288 4981 1
12318 4982 1
5453 4982 1
11326 4982 4
5964 4983 2
11326 4983 12
4982 4983 4
5380 4983 6
6692 4984 1
6965 4985 2
7339 4986 1
4989 4988 5
4990 4988 4
4963 4988 1
4964 4990 4
6707 4990 4
7096 4992 1
4992 4993 1
4907 4993 1
7296 4993 4
6079 4993 1
12141 4994 1
7296 4994 6
4993 4994 4
4993 4995 4
7296 4995 5
7296 4996 5
4993 4996 4
7296 4997 5
4993 4997 4
7296 4998 5
4993 4998 4
4993 4999 4
7296 4999 5
4991 5000 1
6974 5000 4
6675 5001 1
5002 5001 4
6676 5002 4
6680 5002 4
6681 5002 4
11305 5002 4
6678 5002 4
6677 5002 4
6679 5002 4
5072 5003 3
5346 5003 2
5001 5003 4
6199 5003 1
6893 5004 1
11181 5005 6
12218 5005 1
5497 5005 1
12165 5005 1
5004 5005 1
11761 5005 1
5231 5005 1
5007 5006 1
6648 5007 1
12306 5008 1
12048 5008 1
5006 5008 1
11288 5008 3
6983 5009 1
6925 5010 1
11237 5011 1
5013 5012 2
6099 5012 1
6909 5014 1
5016 5015 1
11667 5016 1
11668 5016 1
11181 5016 1
6284 5017 1
11867 5017 1
5015 5017 1
11193 5017 3
6675 5018 1
7329 5018 4
5020 5019 3
5021 5019 2
7269 5019 1
6631 5021 2
6987 5021 2
6989 5022 4
5266 5022 3
5022 5023 4
6989 5023 5
11216 5024 5
5022 5024 4
5023 5024 5
5023 5025 5
5026 5025 5
11269 5026 3
6989 5026 5
5026 5027 5
5023 5027 5
12135 5028 1
11227 5028 2
6726 5031 1
7021 5032 2
7123 5034 1
7123 5035 2
5034 5035 1
5035 5036 2
7123 5036 2
5019 5037 1
5019 5038 6
6288 5038 1
11604 5038 1
4925 5038 1
5037 5038 1
11200 5041 2
6639 5041 1
7123 5042 1
11200 5044 1
5046 5045 1
5519 5046 2
5046 5047 1
5045 5047 1
5046 5048 1
5045 5048 1
5046 5049 1
5045 5049 1
5045 5050 1
11815 5050 3
11242 5050 8
11473 5050 3
6311 5050 1
5521 5051 1
5045 5051 1
11815 5051 3
11473 5051 3
11242 5051 8
11815 5052 3
11839 5052 1
11242 5052 10
11473 5052 3
11610 5052 1
11919 5052 1
5045 5052 1
11740 5053 2
5045 5053 1
11242 5053 3
11487 5054 1
5045 5054 1
11242 5054 3
11842 5054 1
5056 5055 1
6965 5057 2
12223 5058 1
6675 5058 2
7120 5059 3
6675 5059 5
5396 5059 3
6682 5059 3
5397 5059 3
12223 5059 1
5059 5060 4
12223 5061 1
6675 5061 5
7120 5061 3
5061 5062 4
6675 5063 2
12223 5063 1
12223 5064 1
6675 5064 2
5212 5065 6
6201 5065 1
5064 5065 3
12223 5066 1
6675 5066 2
6203 5067 4
5066 5067 3
12223 5068 1
6675 5068 2
12223 5069 1
6675 5069 2
6675 5070 2
12223 5070 1
6675 5071 2
12223 5071 1
6675 5072 2
12223 5072 1
6616 5073 1
11181 5074 1
6666 5075 2
6745 5076 1
12214 5077 1
11479 5077 1
12144 5077 1
11193 5077 7
6020 5077 1
12153 5077 1
5076 5077 1
11615 5077 1
12214 5078 1
7260 5078 3
11479 5078 1
5076 5078 1
11184 5079 1
5081 5080 10
12279 5080 1
11496 5080 1
12348 5080 1
12288 5080 1
11240 5080 10
5082 5080 10
11972 5080 1
12167 5080 1
11240 5081 10
5080 5081 10
5080 5082 10
11240 5082 10
5083 5084 1
11193 5085 1
6644 5085 1
11245 5086 4
5087 5086 3
7341 5088 1
11326 5089 1
5091 5092 3
5094 5093 1
5019 5095 1
7301 5096 3
6029 5096 1
5095 5096 1
6289 5096 1
6289 5097 1
7301 5097 4
5095 5097 1
11433 5097 1
6029 5097 1
11251 5098 1
6945 5099 8
5100 5099 5
6810 5101 1
6272 5102 1
5101 5102 1
12354 5102 1
6810 5102 4
11181 5103 1
11330 5105 1
11328 5106 3
12104 5106 1
5105 5106 1
11211 5107 3
5106 5107 3
5110 5109 1
6649 5110 1
6649 5111 5
11688 5111 1
12034 5111 1
11503 5111 1
5109 5111 1
12326 5111 1
5109 5112 1
6526 5112 2
5252 5112 1
11330 5114 1
11332 5115 1
5114 5115 1
5117 5116 1
5294 5117 2
6199 5117 1
5116 5118 1
5117 5118 4
12266 5118 1
6527 5119 5
6599 5119 2
6747 5119 6
6196 5119 1
6600 5119 2
6208 5119 1
5489 5119 1
6598 5119 2
6527 5120 7
6926 5120 5
6196 5121 1
6598 5121 2
5489 5121 1
11193 5121 6
6600 5121 2
6208 5121 1
6527 5121 5
6599 5121 2
5493 5122 3
5121 5122 4
6599 5123 2
6196 5123 1
6598 5123 2
6527 5123 5
6600 5123 2
5489 5123 1
6208 5123 1
6945 5123 6
5125 5124 1
7108 5125 1
7036 5125 2
5124 5126 1
5125 5126 1
6967 5127 1
6933 5128 3
6666 5129 2
6965 5130 2
6852 5131 1
11187 5132 1
11251 5133 1
6568 5134 1
5136 5135 5
5137 5135 5
5139 5138 1
5141 5140 1
12196 5142 1
11836 5142 1
6901 5142 5
12339 5142 1
5140 5142 1
12142 5143 1
11556 5143 1
6901 5143 8
5142 5143 5
12210 5144 3
5143 5144 8
5145 5144 10
6901 5145 10
6846 5146 2
5140 5146 1
12196 5146 1
6042 5147 1
4926 5147 1
11836 5147 1
6901 5147 7
5140 5147 1
12142 5147 1
12209 5147 1
6846 5148 1
5140 5148 1
6846 5149 1
5140 5149 1
6901 5150 3
4926 5150 1
5140 5150 1
12196 5151 1
6846 5151 3
5140 5151 1
5151 5152 3
4938 5152 2
6905 5152 7
5154 5152 2
6158 5152 1
6901 5153 2
4926 5153 1
5140 5153 1
6846 5154 2
5140 5154 1
6905 5155 4
5154 5155 2
11484 5155 2
5157 5156 1
12284 5158 1
5156 5158 1
7110 5158 2
5162 5161 1
6648 5162 1
5161 5163 1
12194 5163 1
12229 5163 1
11288 5163 3
11181 5165 1
11203 5166 1
11237 5167 1
7299 5168 1
5168 5169 1
7299 5169 3
11282 5170 1
5170 5171 1
12160 5171 1
11288 5171 3
11855 5171 1
11200 5172 1
11209 5173 2
11689 5174 1
5173 5174 1
11214 5174 4
11749 5174 1
6019 5174 1
6019 5175 1
5173 5175 1
11689 5175 1
11214 5175 3
6019 5176 1
11689 5176 1
11214 5176 4
11749 5176 1
5173 5176 1
6019 5177 1
11214 5177 3
11689 5177 1
5173 5177 1
11214 5178 4
6019 5178 1
11689 5178 1
5173 5178 1
11749 5178 1
11214 5179 2
6019 5179 1
5173 5179 1
11214 5180 3
6019 5180 1
5173 5180 1
11689 5180 1
5173 5181 1
6019 5181 1
11214 5181 2
11214 5182 2
6019 5182 1
5173 5182 1
5173 5183 1
11214 5183 1
5173 5184 1
11214 5184 1
11214 5185 1
5173 5185 1
11689 5186 1
5173 5186 1
11214 5186 5
5934 5186 1
6105 5186 2
11689 5187 1
5173 5187 1
6019 5187 1
11214 5187 3
11689 5188 1
6019 5188 1
11214 5188 3
5173 5188 1
5173 5189 1
11214 5189 3
11689 5189 1
6019 5189 1
11689 5190 1
5173 5190 1
11214 5190 3
6019 5190 1
6063 5191 1
12256 5191 1
11214 5191 4
5173 5191 1
11689 5191 1
6063 5192 1
12256 5192 1
11214 5192 3
5173 5192 1
5173 5193 1
11214 5193 3
6063 5193 1
12256 5193 1
11330 5194 1
6612 5195 1
5197 5196 1
11230 5198 1
5196 5198 1
6616 5200 1
6616 5201 1
5200 5201 1
5204 5202 15
5203 5202 13
5205 5204 15
5206 5204 16
5208 5206 17
5207 5206 17
6152 5209 11
5202 5209 14
5209 5210 13
6151 5210 9
6216 5211 3
5210 5211 8
5211 5212 6
6997 5213 4
5215 5214 1
6646 5215 1
12240 5216 1
5214 5216 1
6646 5216 3
5338 5216 1
6747 5217 3
12240 5217 1
5338 5217 1
5214 5217 1
7117 5218 1
12309 5219 1
11780 5219 1
7292 5219 4
6041 5219 1
5218 5219 1
11355 5220 1
5139 5221 1
11205 5222 1
11974 5223 1
11722 5223 1
11378 5223 1
12320 5224 1
11332 5224 2
12014 5225 1
5224 5225 2
6852 5225 4
12014 5226 1
6852 5226 4
5224 5226 2
6852 5227 4
5224 5227 2
12014 5227 1
6852 5228 4
5224 5228 2
12014 5228 1
5103 5229 1
6695 5230 7
6268 5230 1
5320 5230 1
12136 5230 1
6183 5230 1
6261 5230 1
5229 5230 1
5929 5230 1
5232 5231 1
11181 5232 1
6182 5232 1
6857 5233 1
5251 5234 1
11857 5234 1
11560 5234 1
11684 5234 1
6527 5234 8
5426 5234 1
6094 5234 2
5233 5234 1
6989 5236 3
6252 5236 2
5238 5237 1
6774 5239 3
11330 5240 1
5240 5241 1
11332 5241 1
6609 5242 1
6925 5243 1
11330 5245 1
5330 5246 2
5245 5246 1
11332 5246 4
6682 5247 2
7120 5247 2
5397 5247 2
6675 5247 2
5396 5247 2
11330 5248 1
5248 5249 1
11332 5249 1
11187 5250 1
6862 5251 1
5253 5252 1
5465 5254 1
5284 5254 1
11757 5254 1
11905 5254 1
5252 5254 1
11588 5254 1
12021 5254 1
11676 5254 1
11742 5254 1
5255 5254 10
12327 5254 1
7199 5255 1
5285 5255 1
5253 5255 1
6307 5255 1
5104 5255 1
5466 5255 1
11758 5255 1
6023 5255 1
11892 5255 1
12022 5255 1
6916 5256 1
7180 5257 3
6706 5258 4
6540 5259 1
11278 5260 1
11350 5261 1
11237 5262 2
11188 5262 1
6752 5263 1
6965 5265 2
6989 5266 3
11663 5266 2
11345 5267 1
7280 5268 1
7171 5268 6
5269 5268 6
6560 5268 1
5271 5268 7
7048 5268 1
7169 5268 7
5272 5268 7
7172 5268 6
5270 5268 6
6193 5268 1
6562 5270 6
6561 5270 6
11278 5273 1
11191 5274 1
6984 5275 1
5524 5276 1
5275 5276 1
12159 5276 1
11725 5276 1
6984 5276 6
6984 5277 1
5275 5277 1
5275 5278 1
11184 5278 2
11191 5279 1
5413 5280 1
5281 5280 3
6199 5281 1
6217 5281 2
11330 5282 1
5282 5283 1
11332 5283 1
5285 5284 1
5465 5286 1
5255 5286 2
5284 5286 1
5465 5287 1
11905 5287 1
5284 5287 1
12326 5287 1
6526 5287 6
11757 5287 1
12327 5287 1
6893 5288 1
6916 5289 1
6648 5290 1
5293 5291 1
7336 5291 2
6199 5291 1
6627 5291 3
6965 5294 2
5295 5296 1
5295 5297 1
6199 5299 1
5301 5299 2
5300 5299 2
6988 5299 1
6674 5299 1
6965 5300 2
6624 5301 2
6675 5301 2
6682 5301 2
6995 5302 1
7125 5303 1
11911 5304 1
7125 5304 4
6125 5304 1
5303 5304 1
5305 5306 6
5306 5307 3
11205 5308 1
7152 5309 1
7301 5310 1
5309 5310 1
12347 5311 1
5309 5311 1
12119 5311 1
12236 5311 1
7301 5311 4
11181 5312 1
5314 5313 1
6648 5314 1
5316 5315 2
5313 5315 1
11930 5315 1
5314 5316 2
5299 5318 6
11434 5318 2
12222 5318 1
11422 5318 1
11278 5319 3
5118 5319 1
5318 5319 1
6804 5320 1
12259 5321 1
12178 5321 1
12281 5321 1
11193 5321 8
11940 5321 1
12045 5321 1
5320 5321 1
11765 5321 1
6287 5321 1
5320 5322 1
11193 5322 6
12229 5322 1
11483 5322 1
11970 5322 1
5549 5322 1
11765 5322 1
11181 5323 1
6653 5324 1
11187 5325 1
5327 5326 3
11247 5328 4
11960 5328 1
6316 5328 1
12318 5328 1
11330 5329 1
5329 5330 1
11332 5330 2
5332 5331 1
5377 5332 3
5332 5333 3
5331 5333 1
5334 5335 1
5334 5336 1
6852 5337 1
5215 5338 1
7214 5339 1
11278 5339 1
7214 5340 1
11278 5340 1
7214 5341 1
11278 5341 1
7214 5342 1
11278 5342 1
11278 5343 1
7214 5343 1
11355 5344 1
6965 5346 2
6867 5347 1
5350 5348 7
5349 5348 7
5370 5351 5
5348 5351 6
5371 5352 3
5351 5352 5
11332 5353 2
11444 5353 1
6983 5354 1
5356 5355 5
5359 5355 5
5357 5355 5
5358 5355 5
5361 5360 1
6011 5361 3
11181 5362 1
6638 5363 1
5056 5364 1
5366 5367 1
5512 5367 2
11330 5368 1
11332 5369 2
5368 5369 1
11187 5373 1
5375 5374 3
11184 5376 1
11191 5378 2
11373 5378 1
11191 5379 3
5378 5379 2
11191 5380 6
5378 5380 2
11191 5381 8
11683 5381 1
5380 5381 6
11347 5382 8
5381 5382 8
6881 5384 1
11330 5385 1
11332 5386 2
5385 5386 1
5387 5388 1
5387 5389 1
5387 5390 1
6958 5393 1
5393 5394 1
6958 5394 3
6922 5395 1
4978 5398 2
4976 5398 2
4977 5398 2
11330 5399 1
11332 5400 1
5399 5400 1
6701 5401 1
11255 5402 1
6006 5403 1
11461 5403 1
11902 5403 1
6742 5403 5
5402 5403 1
11459 5403 1
5405 5404 1
6690 5405 4
11858 5406 2
5407 5406 4
12119 5406 1
5404 5406 1
5405 5407 2
11721 5407 2
11596 5407 2
5405 5408 2
5404 5408 1
12347 5409 1
11858 5409 2
11729 5409 2
5407 5409 6
5408 5409 2
6566 5410 1
6922 5411 1
6978 5412 1
5281 5413 1
11350 5414 1
5056 5415 1
6703 5416 1
5419 5418 2
12283 5418 1
11187 5419 1
5418 5420 2
11237 5420 2
5418 5421 2
11237 5421 2
11216 5422 5
5418 5422 2
6248 5422 3
11237 5423 3
11188 5423 1
5418 5423 2
5030 5424 1
11268 5424 4
6858 5426 1
7286 5427 1
7093 5427 4
11330 5428 1
5428 5429 1
11332 5429 2
6965 5430 2
6612 5431 1
11203 5432 1
6976 5433 3
5435 5434 1
11181 5435 1
12294 5436 1
11193 5436 9
5549 5436 1
11955 5436 1
5434 5436 1
12316 5436 1
11970 5436 1
11545 5436 1
12257 5436 1
11470 5436 1
11237 5437 1
7337 5439 1
6893 5440 1
11332 5441 2
5472 5441 1
6648 5442 1
6699 5443 2
11980 5443 1
5442 5443 1
5445 5444 1
5447 5446 1
11288 5448 1
6644 5448 1
11332 5449 2
11770 5449 1
6566 5453 1
6726 5454 1
11203 5455 1
6612 5456 1
6653 5457 1
5459 5458 1
5461 5460 1
5460 5462 1
6712 5462 3
12088 5462 1
5462 5463 3
6712 5463 3
5103 5464 1
5466 5465 1
11180 5467 1
11188 5468 1
11237 5468 2
11326 5469 1
11237 5470 1
6644 5471 1
11193 5471 1
11330 5472 1
5135 5473 3
5474 5473 3
5475 5473 3
5210 5475 4
6216 5475 4
6867 5476 1
7338 5477 1
6681 5479 4
6679 5479 4
6680 5479 4
6677 5479 4
6678 5479 4
11305 5479 4
6676 5479 4
11191 5480 1
11193 5481 2
5480 5481 1
12273 5481 1
11644 5482 1
11643 5482 1
6644 5482 1
11193 5482 1
7216 5484 1
6017 5485 3
5486 5485 4
11247 5486 2
5485 5487 4
5486 5487 4
6997 5488 1
5489 5490 1
6196 5490 1
6208 5490 1
5489 5491 1
6196 5491 1
6208 5491 1
5489 5492 1
6196 5492 1
6208 5492 1
6196 5493 1
5489 5493 1
6208 5493 1
6196 5494 1
5489 5494 1
6208 5494 1
6196 5495 1
6208 5495 1
5489 5495 1
11321 5497 1
5499 5498 1
6965 5500 2
5502 5501 4
6675 5501 1
6676 5502 4
6681 5502 4
6677 5502 4
6680 5502 4
6678 5502 4
11305 5502 4
6679 5502 4
11251 5503 1
6540 5504 1
6612 5505 1
6714 5506 1
11193 5507 3
6052 5507 1
12263 5507 1
5506 5507 1
11187 5508 1
11200 5509 1
11181 5510 1
6701 5513 1
6636 5514 1
11986 5515 1
11211 5515 2
5514 5515 1
6675 5516 2
5475 5516 2
5519 5518 1
5046 5520 1
5518 5520 1
7060 5521 1
7345 5522 1
11278 5523 1
6984 5524 1
6533 5525 1
6644 5527 1
11193 5527 1
6589 5528 3
5528 5529 1
5978 5529 1
5528 5530 1
5978 5530 1
11251 5531 1
5925 5532 1
5533 5532 3
6336 5533 2
6199 5533 1
11275 5534 1
5534 5535 1
11910 5535 1
7301 5535 4
12236 5535 1
12173 5535 1
7292 5536 6
5988 5536 1
12173 5536 1
11756 5536 1
11910 5536 1
12309 5536 1
5534 5536 1
5538 5537 2
7088 5537 1
11268 5538 2
7089 5538 2
11219 5539 1
7036 5540 1
7036 5541 2
5540 5541 1
5541 5542 2
7042 5542 2
11990 5543 1
7042 5543 3
5541 5543 2
5541 5544 2
11440 5544 1
5125 5544 3
6799 5545 1
6250 5546 1
6989 5546 2
5546 5547 2
6989 5547 3
11355 5548 1
5550 5549 1
11970 5551 1
5549 5551 1
11288 5551 2
5549 5552 1
11288 5552 2
11970 5552 1
11288 5553 1
5549 5553 1
5549 5554 1
11288 5554 1
5923 5555 3
5533 5925 1
6653 5927 1
5103 5929 1
11297 5930 2
11302 5930 2
11330 5931 1
11332 5932 2
5931 5932 1
7148 5933 1
11214 5934 1
5934 5935 1
7148 5935 2
5934 5936 1
7148 5936 1
5934 5937 1
7148 5937 1
5934 5938 1
11689 5938 1
11214 5938 2
11214 5939 2
11689 5939 1
5934 5939 1
5934 5940 1
11214 5940 2
11689 5940 1
11689 5941 1
11214 5941 2
5934 5941 1
11689 5942 1
5934 5942 1
11214 5942 2
11689 5943 1
11214 5943 2
5934 5943 1
5934 5944 1
11689 5944 1
11214 5944 2
11689 5945 1
5934 5945 1
11214 5945 2
11689 5946 1
5934 5946 1
11214 5946 2
11689 5947 1
11214 5947 2
5934 5947 1
5934 5948 1
11214 5948 2
11689 5948 1
11689 5949 1
11214 5949 2
5934 5949 1
11214 5950 2
11689 5950 1
5934 5950 1
11214 5951 1
5934 5951 1
11203 5952 1
5954 5953 1
6644 5953 1
11288 5953 1
11219 5955 1
11219 5956 1
6922 5957 1
7117 5958 3
5958 5959 3
7301 5959 4
12309 5959 1
5958 5960 3
7292 5960 3
5961 5962 1
5961 5963 1
11326 5964 2
12183 5964 1
6752 5965 1
7077 5966 1
7076 5966 1
6965 5969 2
11195 5971 1
11326 5972 1
5306 5973 2
6852 5974 2
7139 5974 1
7125 5975 1
6612 5976 2
6610 5976 1
7093 5977 4
7286 5977 1
6589 5978 1
6589 5979 1
6589 5980 1
6589 5981 1
6589 5982 1
5086 5983 1
5086 5984 1
5983 5984 1
5086 5985 2
5983 5985 1
5987 5986 2
5985 5986 2
5086 5987 2
7299 5988 1
5990 5989 1
5989 5991 1
12319 5991 1
6246 5991 1
5992 5991 3
4911 5992 1
5990 5992 1
6247 5992 1
5995 5994 3
5997 5996 1
11214 5997 1
6243 5997 1
6932 5997 1
6685 5998 1
5996 5998 1
11330 5999 1
11332 6000 2
5999 6000 1
5459 6001 1
11205 6002 1
6863 6003 1
11330 6004 1
6004 6005 1
11332 6005 1
11255 6006 1
6612 6007 1
11330 6009 1
11332 6010 1
6009 6010 1
6743 6012 1
6566 6013 1
11191 6014 1
6014 6015 1
11623 6015 1
12002 6015 1
11193 6015 6
6244 6015 1
11409 6015 1
12050 6015 1
11246 6017 2
5486 6017 3
6017 6018 3
11211 6018 3
6566 6019 1
6021 6020 1
11181 6021 1
7260 6022 1
6020 6022 1
6609 6024 1
7036 6025 1
7038 6026 1
6025 6026 1
6028 6027 1
6967 6029 1
6965 6030 2
7096 6032 1
5527 6033 1
7009 6034 1
6033 6034 1
11330 6035 1
11332 6036 2
6035 6036 1
6120 6037 1
11332 6037 4
6036 6037 2
11225 6038 1
6646 6039 1
6646 6040 1
6039 6040 1
7117 6041 1
7174 6042 1
4926 6043 1
6042 6043 1
6901 6043 3
6042 6044 1
6901 6044 1
11330 6046 1
11332 6047 1
6046 6047 1
11330 6048 1
6048 6049 1
11332 6049 1
7096 6051 1
6714 6052 1
6752 6053 1
6591 6054 1
6638 6055 1
6055 6056 1
11211 6056 1
6670 6057 1
6057 6058 1
11492 6058 1
11609 6058 1
11288 6058 3
6752 6059 1
5479 6060 4
6675 6060 1
6864 6061 1
6771 6062 1
6566 6063 1
11237 6065 1
11326 6067 1
11251 6068 1
6893 6069 1
11495 6071 1
6072 6071 2
11251 6073 1
5362 6074 1
6074 6075 1
11683 6075 1
11193 6075 2
11237 6076 1
6983 6077 1
6701 6078 1
11240 6079 1
11237 6080 1
6743 6081 1
6083 6082 1
11278 6084 1
6750 6085 1
6529 6086 5
5510 6089 1
11820 6090 1
11193 6090 8
6089 6090 1
11502 6090 1
11874 6090 1
12129 6090 1
11469 6090 1
11682 6090 1
11835 6090 1
6590 6091 1
11809 6092 1
6221 6092 1
11193 6092 3
6091 6092 1
6733 6094 2
4913 6094 1
11191 6096 1
6527 6097 1
6096 6097 1
11205 6098 1
6099 6100 1
4940 6100 2
6099 6101 1
5030 6101 1
6264 6101 2
7140 6101 1
11245 6102 1
6102 6103 1
6104 6103 1
11245 6104 1
6102 6105 1
11245 6105 2
6102 6106 1
11245 6106 1
11268 6107 7
7088 6108 1
11410 6108 2
11268 6109 4
7105 6109 1
11269 6110 3
11269 6111 3
6922 6113 1
11200 6114 2
6639 6114 1
6639 6115 1
11200 6115 1
5387 6116 1
6117 6116 2
7117 6119 1
11330 6120 1
6922 6121 1
11200 6123 1
7125 6125 1
11187 6126 1
11191 6127 1
11181 6128 1
6612 6129 1
7036 6130 1
6130 6131 1
7042 6131 1
11184 6132 1
11203 6133 1
11288 6134 1
6136 6135 1
11181 6136 1
6107 6136 1
11477 6136 1
11193 6137 2
6135 6137 1
6156 6137 1
6156 6138 1
11554 6138 2
6135 6138 1
6710 6138 7
4935 6138 1
11778 6139 1
6156 6139 1
6135 6139 1
4935 6139 1
6140 6139 4
6136 6140 2
5235 6140 1
6070 6140 1
4935 6141 1
6156 6141 1
11778 6141 1
6135 6141 1
6710 6141 4
6135 6142 1
6140 6142 2
6156 6142 1
6710 6143 3
4935 6143 1
6135 6143 1
6156 6143 1
5483 6144 1
6683 6146 2
6674 6146 2
11326 6147 2
6148 6149 3
6603 6150 1
6154 6153 1
6578 6155 1
6153 6155 1
6136 6156 1
7123 6157 1
6846 6158 1
11193 6160 1
6644 6160 1
11219 6161 1
7307 6162 1
6574 6163 1
11952 6164 1
6163 6164 1
11996 6164 1
11266 6164 3
5499 6165 1
11181 6166 1
6997 6167 2
11193 6168 1
6644 6168 1
5092 6169 1
11237 6170 1
6318 6171 1
6172 6171 3
6199 6172 1
5057 6172 2
6673 6173 1
11205 6174 1
6177 6176 1
6925 6178 1
6995 6179 1
6690 6181 4
6685 6182 1
5103 6183 1
11730 6184 1
12080 6184 1
6529 6184 5
11187 6185 2
6773 6185 4
6690 6186 4
6589 6188 1
6558 6188 1
11441 6188 2
6187 6188 1
12060 6188 2
7238 6188 2
6558 6190 1
11553 6190 2
7238 6190 2
6189 6190 1
6589 6190 1
6242 6190 2
6194 6195 3
11297 6197 3
11302 6197 3
6197 6198 1
6222 6198 2
5930 6198 2
6199 6198 1
6965 6199 3
6199 6200 1
6657 6200 2
5211 6201 1
6675 6201 3
5475 6201 2
5295 6202 1
6214 6202 1
5334 6202 1
6675 6202 3
11414 6202 2
6207 6202 3
11406 6202 2
7033 6202 2
6212 6203 5
6675 6203 5
6560 6204 3
6558 6204 4
6560 6205 3
6557 6205 5
6632 6206 3
7280 6206 1
7026 6206 2
7027 6206 2
7048 6206 1
7025 6206 3
6965 6217 2
5405 6218 1
5235 6220 1
5527 6220 1
5425 6220 1
11191 6221 1
6965 6222 2
6224 6223 1
11468 6224 3
6743 6225 1
11321 6226 1
11219 6227 1
6215 6228 1
6230 6229 1
11181 6230 1
6229 6231 1
11193 6231 2
11463 6231 1
6229 6232 1
6607 6232 1
11187 6233 1
7105 6234 1
6234 6235 1
6109 6235 1
11330 6236 1
11332 6237 2
6236 6237 1
12112 6238 2
6185 6238 3
12304 6238 1
6238 6239 3
11605 6239 1
4927 6239 1
6240 6239 5
6185 6240 3
6773 6240 1
6772 6240 1
11205 6241 1
11288 6243 1
6644 6243 1
6926 6244 1
12050 6245 1
11623 6245 1
5120 6245 5
6244 6245 1
11409 6245 1
12002 6245 1
6247 6246 1
11187 6248 3
12112 6248 2
12304 6248 1
6609 6249 1
6730 6250 1
6989 6251 1
6250 6251 1
6989 6252 2
6250 6252 1
7036 6253 1
6253 6254 1
7038 6254 1
7042 6255 1
6253 6255 1
11345 6256 1
11347 6257 1
6256 6257 1
11355 6258 1
6574 6259 1
6983 6260 1
5103 6261 1
6177 6262 1
5968 6263 1
11332 6265 2
12116 6265 1
11394 6266 1
11853 6266 1
6265 6266 2
11328 6266 5
6266 6267 5
7301 6267 5
5103 6268 1
11249 6270 1
11248 6270 1
7340 6271 1
6810 6272 1
6922 6274 1
6276 6275 1
11683 6277 1
6275 6277 1
6527 6277 2
6635 6278 1
6634 6278 1
6280 6279 1
6644 6279 1
6967 6282 1
11219 6283 1
5016 6284 1
11187 6285 3
12112 6285 2
12304 6285 1
7123 6286 1
5074 6287 1
5019 6288 1
4960 6289 1
11237 6290 1
5003 6291 1
6291 6292 1
5003 6292 3
11330 6293 1
6293 6294 1
11332 6294 2
6296 6295 1
11548 6296 3
6788 6297 1
11866 6298 1
6297 6298 1
11787 6298 1
12269 6298 1
11288 6298 4
7169 6301 2
7169 6302 2
7025 6303 1
7025 6304 1
6612 6305 1
11191 6306 2
6603 6308 1
11332 6309 2
12260 6309 1
6544 6311 1
11498 6312 1
6311 6312 1
6544 6312 3
12245 6312 1
5157 6313 1
7343 6314 1
11187 6315 1
5128 6316 1
6316 6317 1
11230 6317 1
6172 6318 1
7207 6319 1
11547 6320 1
12346 6320 1
11969 6320 1
6656 6320 7
12328 6320 1
11626 6320 1
11777 6320 1
6319 6320 1
11203 6321 1
11203 6322 1
6321 6322 1
11180 6323 1
6574 6325 1
6325 6326 1
7323 6326 1
6325 6327 1
11267 6327 1
6325 6328 1
12036 6328 1
11267 6328 2
6325 6329 1
11266 6329 1
7096 6330 1
6332 6331 1
11180 6333 1
11205 6334 1
11326 6335 1
6965 6336 2
11237 6337 2
11188 6337 1
6340 6338 3
6339 6338 3
7096 6341 1
7125 6343 1
6612 6344 1
11193 6345 1
6644 6345 1
6530 6525 5
6526 6525 8
11844 6526 1
5466 6526 1
11504 6526 1
6023 6526 1
5104 6526 1
6527 6526 11
7274 6526 1
12022 6526 1
5285 6526 1
5253 6526 1
11892 6526 1
12035 6526 1
11758 6526 1
7199 6526 1
6307 6526 1
5110 6526 1
6859 6527 1
6857 6527 1
6591 6527 1
5092 6527 1
7212 6527 1
7135 6527 1
6592 6527 1
11284 6527 1
5361 6527 1
5445 6527 1
5994 6527 1
7016 6527 1
6276 6527 1
5094 6527 1
5056 6527 3
6862 6527 1
6646 6527 1
11634 6527 1
6296 6527 1
6659 6527 1
6581 6527 1
5199 6527 1
11258 6527 1
6733 6527 2
5511 6527 1
6858 6527 1
7230 6527 1
6224 6527 1
6649 6527 1
6860 6527 1
11401 6527 1
6566 6527 3
11376 6527 1
6861 6527 1
11191 6527 13
6863 6527 1
6804 6527 1
12228 6527 1
12208 6527 1
11963 6527 1
6648 6527 1
6718 6527 1
5157 6527 1
6616 6527 1
6149 6527 1
6529 6527 136
6528 6527 137
6527 6531 7
6531 6532 6
11328 6532 7
6535 6534 1
12182 6536 1
11864 6536 1
11815 6536 3
6534 6536 1
12128 6536 1
11473 6536 3
6537 6536 12
12270 6536 1
11240 6537 3
6535 6537 5
7096 6537 3
11465 6538 1
7005 6538 2
7006 6538 2
5488 6538 1
6954 6538 1
11247 6538 18
6536 6538 12
6540 6539 1
5099 6540 7
11328 6540 7
6286 6541 1
11723 6541 1
7057 6541 1
12219 6541 1
11909 6541 1
12096 6541 1
12098 6541 1
4956 6541 1
12286 6541 1
6157 6541 1
11506 6541 1
12324 6541 1
5439 6541 1
11449 6541 1
5042 6541 1
11894 6541 1
12097 6541 1
12308 6541 1
7122 6541 1
7353 6541 1
6539 6541 1
11501 6541 1
5259 6541 1
11600 6541 2
6941 6541 2
11865 6541 1
7082 6541 1
4924 6541 1
11764 6541 1
11467 6541 1
11328 6541 41
5504 6541 1
5035 6541 2
12170 6541 2
11656 6541 1
12056 6541 2
11347 6542 41
6541 6542 41
6541 6543 41
11260 6543 41
6552 6544 2
6205 6544 1
11245 6544 4
7060 6544 2
6556 6544 2
7226 6544 1
6549 6544 4
6553 6544 6
6552 6549 7
6551 6549 7
6550 6549 7
6554 6553 6
6549 6553 6
6555 6554 7
6552 6554 7
6551 6554 7
6557 6556 2
6560 6556 2
6559 6557 7
6558 6557 8
7326 6560 1
6562 6560 14
6561 6560 16
6564 6563 2
6099 6563 1
6566 6565 1
6568 6567 1
11181 6568 1
7158 6569 1
7243 6569 1
11590 6569 1
11769 6569 1
11478 6569 1
12165 6569 1
11193 6569 11
6602 6569 1
5093 6569 1
12180 6569 1
6567 6569 1
5134 6569 1
11747 6570 1
5532 6570 1
11387 6570 1
6138 6570 6
5333 6570 1
11278 6570 42
11290 6570 1
5169 6570 1
6672 6570 1
6770 6570 1
7193 6570 1
6891 6570 1
7306 6570 1
6702 6570 1
11807 6570 1
5394 6570 1
6897 6570 1
6981 6570 3
5280 6570 1
6805 6570 1
7356 6570 1
6171 6570 1
6292 6570 1
6949 6570 1
7081 6570 1
5318 6570 1
7302 6570 1
5129 6570 1
4932 6570 1
6962 6570 1
7348 6570 1
11276 6570 1
7281 6570 1
4929 6570 1
5118 6570 1
11330 6571 1
6571 6572 1
11332 6572 2
6574 6573 1
11181 6574 1
6576 6575 1
6573 6575 1
6574 6576 1
5030 6576 1
7127 6577 1
6578 6577 6
11952 6577 1
6259 6577 1
6163 6577 1
6325 6577 1
6573 6577 1
12208 6578 1
5030 6578 1
11203 6578 1
6154 6578 1
6574 6578 6
6573 6579 1
6576 6579 2
12036 6579 1
6581 6580 1
6580 6582 1
6527 6582 1
11193 6583 5
11732 6583 1
5549 6583 1
6033 6583 1
11393 6583 1
6580 6583 1
6584 6585 3
5528 6587 1
6588 6587 2
6589 6588 2
11181 6590 1
11181 6591 1
6593 6592 4
6594 6592 1
6596 6592 1
6601 6592 1
6595 6594 11
5121 6596 1
6597 6596 8
11288 6596 13
11193 6597 8
6527 6597 8
6600 6597 8
6598 6597 8
6599 6597 8
6603 6602 1
11181 6603 1
6866 6604 1
5497 6604 1
11181 6604 13
12294 6604 1
5004 6604 1
11470 6604 1
12218 6604 1
7165 6604 1
6696 6604 1
11462 6604 1
7127 6604 1
6602 6604 1
6325 6604 1
11887 6604 1
6607 6605 6
11328 6605 7
6527 6607 7
6230 6607 1
6609 6608 1
6201 6609 1
5516 6609 2
6209 6609 3
11850 6610 2
6249 6610 1
5242 6610 1
11583 6610 1
6609 6610 11
6841 6610 1
12140 6610 1
6024 6610 1
6608 6610 1
12186 6610 1
6610 6611 10
6612 6611 11
6609 6612 11
11278 6612 4
12003 6613 1
12247 6613 1
12079 6613 1
11941 6613 1
11680 6613 1
6611 6613 11
5976 6613 2
6615 6613 1
6007 6613 1
6716 6613 1
12217 6613 1
12189 6613 1
11640 6613 2
5195 6613 1
6972 6613 1
11841 6613 1
12011 6613 1
12224 6613 1
6614 6613 11
6305 6613 1
12115 6613 1
12032 6613 1
6612 6613 44
11404 6613 1
5431 6613 1
6129 6613 1
11991 6613 1
5456 6613 1
6686 6613 1
5505 6613 1
6709 6613 1
6344 6613 1
12274 6613 1
12029 6613 1
6612 6614 11
6610 6614 10
6612 6615 1
6925 6616 4
11182 6616 4
7110 6616 2
6618 6617 2
11674 6617 1
11653 6618 2
6199 6618 1
5118 6619 1
6897 6619 1
6805 6619 1
6171 6619 1
5280 6619 1
11387 6619 1
6702 6619 1
6981 6619 3
6138 6619 1
5532 6619 1
7281 6619 1
7302 6619 1
7081 6619 1
5318 6619 1
7193 6619 1
7356 6619 1
6617 6619 1
7348 6619 1
7214 6619 1
11278 6619 22
6527 6620 11
6622 6621 1
11181 6622 1
11643 6622 1
7313 6622 1
6584 6622 1
5392 6622 1
6621 6623 1
11399 6623 1
11193 6623 4
12261 6623 1
11741 6623 1
6624 6625 1
6674 6626 4
6625 6626 1
5292 6627 5
6625 6627 1
6674 6627 9
6627 6628 6
6683 6629 3
6674 6629 7
6625 6629 1
11987 6630 1
6629 6630 6
6278 6631 2
6632 6631 14
6635 6632 17
6634 6632 17
6633 6632 17
7153 6637 1
6638 6637 2
4987 6638 3
4965 6638 1
4988 6638 4
6055 6639 1
6638 6639 6
6637 6639 2
5363 6639 1
6639 6640 5
11200 6640 6
11200 6641 6
6639 6641 5
6637 6642 2
6055 6642 1
6638 6642 3
11193 6643 1
6644 6643 1
11276 6645 1
6292 6645 1
6672 6645 1
5118 6645 1
6702 6645 1
11278 6645 19
7356 6645 1
7302 6645 1
5318 6645 1
7348 6645 1
6805 6645 1
6897 6645 1
5169 6645 1
11290 6645 1
6949 6645 1
5532 6645 1
5280 6645 1
11554 6645 2
5215 6646 3
11182 6646 4
7071 6646 2
11182 6647 3
5314 6648 4
6881 6648 3
11182 6648 21
6670 6648 3
11665 6648 1
6698 6648 19
5162 6648 2
6916 6648 3
5290 6648 1
11453 6648 1
11571 6648 1
6799 6648 5
6788 6648 4
6697 6648 1
7125 6648 10
4970 6648 2
6752 6648 10
5007 6648 3
11401 6648 2
6995 6648 6
7274 6649 1
7109 6649 6
11504 6649 1
5110 6649 1
11844 6649 1
11182 6649 8
12035 6649 1
11355 6650 1
5220 6651 1
5454 6651 1
5531 6651 1
11899 6651 1
6996 6651 1
11211 6651 14
5324 6651 1
12281 6651 1
11459 6651 1
6650 6651 1
11612 6651 1
6333 6651 1
12346 6651 1
11874 6651 1
12050 6651 1
6653 6652 1
11181 6653 1
11626 6654 1
12346 6654 1
5324 6654 1
11645 6654 1
11969 6654 1
11777 6654 1
6652 6654 1
11193 6654 13
5927 6654 1
11547 6654 1
12344 6654 1
12328 6654 1
6319 6654 1
5457 6654 1
5457 6655 1
5927 6655 1
5324 6655 1
6652 6655 1
6656 6655 5
12344 6655 1
7207 6656 6
6653 6656 5
6527 6656 7
6870 6656 1
6965 6657 2
6659 6658 1
6661 6660 1
11328 6661 7
7260 6661 6
6663 6662 1
11181 6663 1
12278 6664 1
6662 6664 1
11775 6664 1
5274 6664 1
11752 6664 1
11193 6664 5
6666 6665 1
12110 6666 1
11245 6666 4
6919 6666 1
7154 6666 4
7214 6667 1
6665 6667 1
12351 6667 1
11278 6667 3
6996 6668 1
6665 6668 1
12351 6668 1
11999 6668 1
11636 6668 1
11245 6668 5
12287 6669 1
6665 6669 1
11882 6669 1
6003 6669 1
11209 6669 7
12314 6669 1
12351 6669 1
5525 6669 1
6648 6670 1
6638 6671 4
6673 6672 3
6173 6672 1
5070 6673 3
6951 6673 2
6199 6673 1
7220 6673 4
6682 6674 11
6675 6674 13
12223 6674 1
6624 6674 11
6680 6675 37
6681 6675 38
6676 6675 37
6679 6675 37
6678 6675 37
6677 6675 37
11305 6675 37
11205 6684 1
5997 6685 1
6612 6686 1
6688 6687 1
11193 6688 1
6644 6688 1
6749 6689 1
6687 6689 1
6690 6689 4
6085 6689 1
5288 6689 1
6688 6690 1
6529 6690 9
6750 6690 2
6893 6690 1
6692 6691 1
11181 6692 1
11621 6693 1
5229 6693 1
6261 6693 1
7100 6693 1
6183 6693 1
12334 6693 1
6970 6693 1
6865 6693 1
5929 6693 1
11899 6693 1
7085 6693 1
11607 6693 1
6691 6693 1
12341 6693 1
7317 6693 1
12124 6693 1
12136 6693 1
11832 6693 1
6268 6693 1
4931 6693 1
4984 6693 1
11193 6693 27
11781 6693 1
5320 6693 1
6934 6693 1
12290 6693 1
7320 6693 1
11884 6693 1
6691 6694 1
7100 6694 1
6695 6694 6
4931 6694 1
6865 6694 1
11607 6694 1
4984 6694 1
11219 6695 5
6804 6695 1
6701 6695 1
6935 6695 6
11833 6695 1
5103 6695 6
6527 6695 7
6692 6695 6
6603 6696 1
6648 6697 1
6699 6698 23
6648 6698 1
6648 6699 2
6647 6699 2
6700 6699 26
11181 6701 1
6703 6702 3
5416 6702 1
6199 6703 1
4985 6703 2
4929 6704 1
5318 6704 1
5118 6704 1
5169 6704 1
5280 6704 1
5129 6704 1
5532 6704 1
11276 6704 1
6897 6704 1
5394 6704 1
6770 6704 1
11807 6704 1
6672 6704 1
7306 6704 1
6981 6704 3
5333 6704 1
7356 6704 1
6949 6704 1
6702 6704 1
6292 6704 1
11747 6704 1
6962 6704 1
6805 6704 1
11290 6704 1
7302 6704 1
7348 6704 1
4932 6704 1
11278 6704 31
6891 6704 1
6706 6705 6
6708 6705 2
6197 6705 1
6707 6705 4
11245 6705 6
6675 6705 5
11249 6706 1
11297 6707 5
11302 6707 5
6612 6709 1
6136 6710 2
6070 6710 1
6965 6710 3
5235 6710 1
6705 6710 6
5058 6710 3
5460 6711 1
6712 6711 2
6175 6712 1
5461 6712 1
6712 6713 2
6711 6713 2
6715 6714 1
11181 6714 1
6612 6716 1
6718 6717 1
11490 6718 3
11326 6719 1
11355 6720 1
11237 6721 2
11188 6721 1
6723 6722 8
6724 6722 5
6527 6723 11
6726 6725 1
11181 6726 1
12030 6727 1
5454 6727 1
6725 6727 1
12343 6727 1
11419 6727 1
5031 6727 1
11193 6727 8
12086 6727 1
11951 6727 1
7178 6729 1
5496 6729 1
6729 6730 4
6988 6730 1
6729 6731 4
6729 6732 4
6988 6732 1
6729 6733 4
6988 6733 1
6735 6734 1
12051 6736 1
4901 6736 1
6001 6736 1
7223 6736 1
6737 6736 22
4918 6736 1
12133 6736 1
7234 6736 1
12350 6736 1
5458 6736 1
5221 6736 1
6263 6736 1
11845 6736 1
12185 6736 1
6144 6736 1
12199 6736 1
5138 6736 1
7195 6736 1
6027 6736 1
11513 6736 1
6082 6736 1
6734 6736 1
12248 6736 1
7224 6737 2
6083 6737 1
4919 6737 1
7196 6737 1
7235 6737 2
5459 6737 2
5139 6737 2
6028 6737 2
5483 6737 2
5968 6737 2
7262 6737 1
11397 6737 1
11759 6737 1
6586 6737 1
6735 6737 1
6739 6738 1
11181 6739 1
5279 6740 1
11661 6740 1
5402 6740 1
11461 6740 1
11193 6740 9
11459 6740 1
6738 6740 1
7211 6740 1
11902 6740 1
6006 6740 1
7211 6741 1
6738 6741 1
6742 6741 2
11255 6742 5
6739 6742 1
6527 6742 7
7212 6742 1
6731 6742 1
11181 6743 1
6644 6744 1
11288 6744 1
11181 6745 1
6747 6746 8
6748 6746 5
5215 6747 3
6527 6747 11
6750 6749 1
6107 6750 1
11643 6750 1
11181 6750 1
11477 6750 1
6988 6750 1
6752 6751 1
6648 6752 1
6648 6753 59
6993 6753 1
5263 6753 1
12048 6753 1
12306 6753 1
11507 6753 1
5161 6753 1
6057 6753 1
12269 6753 1
5965 6753 1
11977 6753 1
11395 6753 1
7124 6753 1
11931 6753 1
11871 6753 1
12262 6753 1
12017 6753 1
6125 6753 1
11492 6753 1
11950 6753 1
5256 6753 1
6343 6753 1
12355 6753 1
5384 6753 1
5006 6753 1
12194 6753 1
5313 6753 1
5975 6753 1
5303 6753 1
11866 6753 1
6053 6753 1
11609 6753 1
12103 6753 1
12061 6753 1
12190 6753 1
5289 6753 1
5545 6753 1
11400 6753 1
5302 6753 1
11945 6753 1
6751 6753 1
6179 6753 1
11981 6753 1
11930 6753 1
7358 6753 1
11954 6753 1
6807 6753 1
6059 6753 1
12233 6753 1
11914 6753 1
4980 6753 1
6297 6753 1
11885 6753 1
12027 6753 1
6798 6753 1
6880 6753 1
12016 6753 1
11787 6753 1
7032 6753 1
6648 6754 61
11625 6754 1
6297 6754 1
6179 6754 1
11492 6754 1
11871 6754 1
12027 6754 1
5313 6754 1
11395 6754 1
11885 6754 1
11945 6754 1
5263 6754 1
11866 6754 1
6059 6754 1
5289 6754 1
5384 6754 1
12048 6754 1
6798 6754 1
6053 6754 1
6807 6754 1
11950 6754 1
5545 6754 1
12262 6754 1
11787 6754 1
11914 6754 1
5256 6754 1
5161 6754 1
6343 6754 1
6993 6754 1
6057 6754 1
12269 6754 1
5965 6754 1
11954 6754 1
11482 6754 1
12061 6754 1
12306 6754 1
5302 6754 1
12233 6754 1
11507 6754 1
5006 6754 1
4903 6754 1
11930 6754 1
11981 6754 1
12103 6754 1
12016 6754 1
11609 6754 1
7124 6754 1
12194 6754 1
5975 6754 1
6880 6754 1
4980 6754 1
6125 6754 1
11931 6754 1
12160 6754 1
11977 6754 1
12190 6754 1
7358 6754 1
12017 6754 1
5303 6754 1
12355 6754 1
11855 6754 1
6751 6754 1
5263 6755 1
11914 6755 1
6053 6755 1
6059 6755 1
12103 6755 1
6807 6755 1
12233 6755 1
12017 6755 1
5965 6755 1
6751 6755 1
11288 6755 10
5263 6756 1
12103 6756 1
12017 6756 1
6807 6756 1
12233 6756 1
6059 6756 1
11914 6756 1
6648 6756 10
6751 6756 1
6053 6756 1
5965 6756 1
11330 6758 1
6758 6759 1
11332 6759 1
11326 6760 1
6762 6761 1
5235 6762 1
11267 6762 6
5030 6762 1
6761 6763 1
11996 6763 1
11267 6763 2
6761 6764 1
6762 6764 3
12036 6764 1
11778 6764 1
6766 6765 5
6620 6765 8
11328 6767 2
6767 6768 1
6769 6768 10
6815 6768 1
6929 6768 8
11328 6769 1
6819 6769 8
6062 6770 1
6771 6770 3
11744 6771 3
6773 6772 4
6529 6773 7
5452 6773 3
5450 6773 3
5451 6773 3
11730 6773 1
6774 6773 7
5164 6776 2
6775 6776 1
6775 6777 1
5164 6777 2
6526 6778 6
5489 6778 1
6600 6778 2
6598 6778 2
6527 6778 5
6599 6778 2
6196 6778 1
6208 6778 1
6779 6780 4
5043 6780 3
11191 6781 1
11893 6782 1
5549 6782 1
6781 6782 1
11193 6782 4
11970 6782 1
6784 6783 3
6785 6783 4
6787 6785 5
6786 6785 5
6648 6788 1
11181 6789 1
6792 6791 3
6790 6791 4
11350 6793 1
6795 6796 3
6795 6797 3
6799 6798 1
6648 6799 1
11288 6800 9
11950 6800 1
5545 6800 1
11482 6800 1
6331 6800 1
4980 6800 1
12229 6800 1
11650 6800 1
11885 6800 1
6798 6800 1
6802 6801 3
11187 6803 1
11474 6805 1
6806 6805 3
6030 6806 2
6199 6806 1
6752 6807 1
11330 6808 1
6808 6809 1
11332 6809 2
6750 6811 1
6813 6812 2
6814 6812 2
6544 6812 5
6917 6812 1
6848 6812 1
6812 6813 1
6544 6813 2
6544 6814 2
6812 6814 1
6769 6815 1
6815 6816 1
11214 6816 4
6019 6816 1
11689 6816 1
5173 6816 1
11689 6817 1
11214 6817 4
6019 6817 1
6815 6817 1
5173 6817 1
6815 6818 1
6821 6818 3
6819 6818 4
6769 6819 1
11214 6819 7
6819 6820 4
6815 6820 1
6821 6820 3
6815 6821 1
6819 6821 3
6954 6822 1
11960 6822 1
6019 6822 1
12318 6822 1
6815 6822 1
11214 6822 7
11689 6822 1
5173 6822 1
6815 6823 1
11960 6823 1
6954 6823 1
5173 6823 1
12318 6823 1
11214 6823 7
6019 6823 1
11689 6823 1
6013 6824 1
11611 6824 1
11960 6824 1
11552 6824 1
5934 6824 1
12318 6824 1
11214 6824 15
6927 6824 1
11689 6824 1
11837 6824 1
5410 6824 1
5173 6824 1
6815 6824 1
6019 6824 1
6954 6824 1
12200 6824 1
6815 6825 1
11689 6825 1
11214 6825 3
5173 6825 1
6019 6826 1
7322 6826 3
5173 6826 1
11689 6826 1
11214 6826 7
6815 6826 1
11689 6827 1
6019 6827 1
11214 6827 4
6815 6827 1
5173 6827 1
11214 6828 3
5173 6828 1
6815 6828 1
11689 6828 1
11214 6829 1
6815 6829 1
11214 6830 3
5173 6830 1
11689 6830 1
6815 6830 1
6815 6831 1
5173 6831 1
11214 6831 3
11689 6831 1
11689 6832 1
11214 6832 3
5173 6832 1
6815 6832 1
6815 6833 1
11214 6833 3
5173 6833 1
6019 6833 1
11214 6834 2
11689 6834 1
6815 6834 1
11214 6835 2
6815 6835 1
5173 6835 1
6815 6836 1
11731 6836 1
6837 6836 2
6769 6837 1
11405 6837 1
5173 6838 1
11689 6838 1
11214 6838 3
6815 6838 1
5173 6839 1
6815 6839 1
11689 6839 1
11214 6839 4
6019 6839 1
11319 6840 3
11310 6840 9
6609 6841 1
6843 6842 1
11249 6843 4
12356 6844 1
7158 6844 1
5093 6844 1
11220 6844 1
4993 6844 4
6842 6844 1
11230 6844 10
5196 6844 1
6846 6845 1
5141 6846 3
6846 6847 1
6845 6847 1
6544 6848 4
6644 6849 1
11193 6849 1
11187 6850 1
6852 6851 1
11278 6852 4
7140 6852 3
11326 6852 1
11332 6852 2
11641 6853 1
6851 6853 1
5227 6853 4
5337 6853 1
11816 6853 1
4967 6853 1
7267 6853 1
7141 6853 6
5226 6853 4
5131 6853 1
12044 6853 1
12234 6853 2
6852 6853 29
12300 6853 1
5225 6853 4
11568 6853 1
5228 6853 4
5974 6853 2
11619 6853 1
11873 6853 1
12235 6853 1
7142 6853 6
12155 6853 1
12213 6853 2
6855 6854 3
7209 6857 1
6856 6857 1
6869 6857 2
6856 6858 1
7209 6858 1
5478 6858 2
6856 6859 1
7209 6859 1
7208 6859 2
6856 6860 1
6299 6860 2
6863 6860 4
6856 6861 1
7209 6861 1
5365 6861 2
6856 6862 1
7209 6862 1
5383 6862 2
7209 6863 3
11181 6864 1
6692 6865 1
6867 6866 1
11181 6867 1
12227 6868 1
5347 6868 1
11678 6868 1
6866 6868 1
11443 6868 1
7111 6868 1
7175 6868 1
5476 6868 1
12028 6868 1
7165 6868 1
11193 6868 12
11719 6868 1
11462 6868 1
11181 6870 1
11332 6872 2
12204 6872 1
11187 6873 1
11187 6874 2
6873 6874 1
6876 6875 1
11181 6876 1
7325 6877 1
6875 6877 1
11193 6877 2
6875 6878 1
6879 6878 1
6527 6879 7
6876 6879 1
6881 6880 1
6648 6881 1
5384 6882 1
11931 6882 1
6880 6882 1
11288 6882 4
11962 6882 1
11332 6885 8
7364 6885 3
6037 6885 4
11209 6886 1
6885 6886 1
11209 6887 2
6885 6887 1
6890 6889 1
6045 6890 3
6889 6891 1
6890 6891 3
6893 6892 1
11181 6893 1
11852 6894 1
11587 6894 1
5288 6894 1
6915 6894 2
5320 6894 1
11430 6894 1
5440 6894 1
12175 6894 1
7129 6894 1
6308 6894 1
5464 6894 1
6892 6894 1
6343 6894 1
6069 6894 1
11903 6894 1
11193 6894 17
5004 6894 1
6896 6895 1
5130 6896 2
6199 6896 1
6895 6897 1
6896 6897 3
6899 6898 1
6898 6900 1
6901 6900 2
4926 6900 1
7174 6901 4
7036 6901 1
6899 6901 1
5141 6901 3
6903 6902 3
6898 6902 1
4935 6902 1
6070 6903 1
6899 6903 1
6905 6904 5
6902 6904 3
5541 6904 2
7185 6905 1
7036 6905 3
6903 6905 4
6846 6905 7
6902 6906 3
6907 6906 3
6903 6907 3
6909 6908 1
6656 6909 6
11328 6909 7
6589 6910 2
6600 6911 2
5489 6911 1
6196 6911 1
6598 6911 2
6208 6911 1
6723 6911 6
6599 6911 2
6527 6911 5
11191 6912 1
11612 6913 1
11193 6913 8
7228 6913 1
12239 6913 1
11876 6913 1
12161 6913 1
6061 6913 1
6912 6913 1
11371 6913 1
12184 6914 1
11288 6914 1
6644 6914 1
11191 6915 2
6648 6916 1
6544 6917 1
6918 6919 1
6918 6920 1
6922 6921 1
11278 6922 4
6274 6923 1
12162 6923 1
11879 6923 1
5411 6923 1
11516 6923 1
11982 6923 1
11776 6923 1
11593 6923 1
11806 6923 1
12352 6923 1
11464 6923 1
11546 6923 1
6921 6923 1
5957 6923 1
6113 6923 1
5395 6923 1
11544 6923 1
6121 6923 1
6922 6923 18
11355 6924 1
6616 6925 1
11181 6926 1
6566 6927 1
12083 6928 1
11403 6928 1
6013 6928 1
11837 6928 1
11214 6928 6
6927 6928 1
6819 6929 8
6928 6929 6
4900 6929 1
11611 6930 1
6019 6930 1
12200 6930 1
12047 6930 1
11837 6930 1
11815 6930 3
12318 6930 1
5276 6930 1
11675 6930 1
6051 6930 1
11960 6930 1
6946 6930 1
5173 6930 1
11214 6930 22
12188 6930 1
11839 6930 1
11487 6930 1
5410 6930 1
6927 6930 1
11890 6930 1
11689 6930 1
6927 6931 1
5410 6931 1
6019 6931 1
5173 6931 1
11689 6931 1
11214 6931 6
11837 6931 1
6933 6932 3
6935 6934 1
11181 6935 1
12341 6936 1
6970 6936 1
12124 6936 1
12290 6936 1
6934 6936 1
7085 6936 1
11899 6936 1
7320 6936 1
11832 6936 1
5320 6936 1
12334 6936 1
7317 6936 1
11884 6936 1
6695 6936 14
11781 6936 1
11184 6937 1
6699 6938 4
6940 6939 1
6722 6940 7
11328 6940 7
6939 6941 1
6940 6941 2
6941 6942 2
6940 6942 2
11326 6943 1
6147 6944 2
11328 6944 9
6943 6944 1
6950 6944 4
4934 6944 1
5194 6944 1
6527 6945 11
6925 6945 4
6566 6946 1
6948 6947 1
7263 6948 3
6947 6949 1
6948 6949 2
11326 6950 4
6965 6951 2
6953 6952 6
11328 6952 7
11180 6953 6
6527 6953 7
6955 6954 1
6933 6955 3
11330 6956 1
6956 6957 1
11332 6957 2
6959 6958 3
6961 6960 1
5113 6961 3
6961 6962 3
6960 6962 1
6199 6963 1
6964 6963 2
6965 6964 2
6707 6965 2
6197 6965 1
11489 6966 1
5127 6966 1
6967 6966 6
6282 6966 1
7151 6966 1
7269 6967 1
11476 6967 2
6213 6967 3
6966 6968 1
5275 6968 1
5276 6968 1
5038 6968 1
11184 6968 5
11268 6969 4
6701 6970 1
5513 6971 1
7233 6971 1
11193 6971 7
5401 6971 1
12000 6971 1
11454 6971 1
6078 6971 1
6970 6971 1
6612 6972 1
6529 6974 5
6976 6975 3
6978 6977 1
6988 6978 1
6107 6978 1
11643 6978 1
11181 6978 1
11477 6978 1
6980 6979 1
5355 6980 4
11245 6980 4
11936 6981 1
6980 6981 4
6979 6981 1
6983 6982 1
6644 6983 1
11193 6983 1
6988 6984 1
7269 6984 1
6985 6984 3
6986 6984 2
6987 6986 2
6631 6986 2
6730 6989 1
6733 6989 1
6731 6989 1
6732 6989 1
6988 6989 1
6991 6992 3
6916 6993 1
11288 6994 4
5256 6994 1
6993 6994 1
12160 6994 1
5289 6994 1
6648 6995 1
6997 6996 3
11245 6997 4
11249 6998 2
4913 6998 1
6996 6998 1
6996 6999 1
7000 6999 1
6997 7000 1
6996 7001 1
6997 7001 3
6997 7002 2
6996 7002 1
11954 7003 1
5934 7003 1
6167 7003 2
7002 7003 2
7004 7003 15
5213 7003 2
6017 7003 3
5303 7003 1
6125 7003 1
7001 7003 2
7125 7004 3
5486 7004 3
6997 7004 8
11214 7004 1
6996 7005 1
7004 7005 2
7004 7006 2
6996 7006 1
11247 7007 5
7006 7007 2
5935 7007 2
5933 7007 1
7009 7008 3
6996 7008 1
11554 7008 2
6997 7009 1
6710 7009 2
5527 7009 1
11554 7010 2
7009 7010 3
6996 7010 1
7009 7011 1
6996 7011 1
11554 7012 2
7009 7012 3
6996 7012 1
12347 7013 1
6996 7013 1
11245 7013 4
6105 7013 2
11670 7014 1
11934 7014 1
6105 7014 2
12347 7014 1
5404 7014 1
6996 7014 1
11245 7014 8
12119 7014 1
7016 7015 1
6064 7016 3
7028 7017 3
7018 7017 10
6304 7018 1
7019 7018 5
7020 7018 6
7056 7018 2
5032 7018 2
7026 7020 6
7027 7020 6
7280 7020 1
7024 7020 7
7021 7020 7
7048 7020 1
7025 7020 7
7022 7021 10
7023 7021 9
11180 7029 1
11928 7030 1
7029 7030 1
12198 7030 1
6323 7030 1
6333 7030 1
5467 7030 1
11193 7030 6
6323 7031 1
12198 7031 1
6333 7031 1
5467 7031 1
6953 7031 6
11928 7031 1
7029 7031 1
6648 7032 1
7036 7035 1
7035 7037 1
7038 7037 1
7036 7038 3
7035 7039 1
6905 7039 1
6905 7040 1
7035 7040 1
7042 7041 2
7035 7041 1
11990 7041 1
6269 7042 1
7036 7042 5
6905 7043 1
7035 7043 1
6905 7044 1
7035 7044 1
6661 7045 1
7047 7046 3
7280 7049 1
7048 7049 1
7280 7050 1
7048 7050 1
5993 7051 5
7161 7051 3
5268 7051 6
7050 7051 2
6301 7051 2
7051 7052 12
6211 7052 3
7048 7053 1
7280 7053 1
7166 7054 4
7173 7054 3
7164 7054 3
6302 7054 2
7053 7054 2
7054 7055 9
7280 7056 1
7048 7056 1
6540 7057 1
11330 7058 1
11332 7059 1
7058 7059 1
7061 7060 2
5298 7060 1
7047 7062 3
6196 7063 1
6871 7063 2
6558 7063 1
6208 7063 1
6918 7063 1
7064 7063 2
7065 7063 2
7066 7063 2
6646 7067 1
11878 7068 1
11579 7068 1
7067 7068 1
6313 7068 1
7131 7068 1
7086 7068 6
12284 7068 1
12058 7068 1
7069 7068 14
11995 7068 1
5445 7069 2
6700 7069 19
5056 7069 2
11181 7069 7
5157 7069 2
6616 7069 2
6646 7069 2
7132 7069 2
6649 7069 2
7067 7070 1
5364 7070 1
12125 7070 1
7071 7070 4
5055 7070 1
7069 7071 6
6646 7071 1
5056 7071 3
11203 7072 1
11804 7073 1
11831 7073 1
7101 7073 1
12342 7073 1
5952 7073 1
11886 7073 1
11203 7073 12
12023 7073 1
7072 7073 1
5166 7073 1
12231 7073 2
7362 7073 1
6578 7074 1
7072 7074 1
11187 7075 3
7075 7076 3
7077 7076 6
11187 7077 3
6281 7077 4
11986 7078 1
11749 7078 1
5414 7078 1
5514 7078 1
11352 7078 6
6965 7079 2
6963 7080 1
7080 7081 1
6963 7081 3
6940 7082 1
11916 7083 2
6666 7083 3
11278 7084 3
7083 7084 3
11219 7085 1
11884 7086 1
12290 7086 1
11181 7086 6
7317 7086 1
12124 7086 1
7085 7086 1
7086 7087 6
7069 7087 6
7089 7088 2
6110 7088 1
11268 7088 4
11269 7089 6
6647 7090 2
6647 7091 2
7090 7091 2
7286 7092 1
7093 7092 4
11328 7094 7
6879 7094 6
11573 7095 1
7097 7095 11
6341 7095 1
7098 7095 11
6330 7095 1
6032 7095 1
11814 7095 1
4902 7095 1
12176 7095 1
7096 7095 11
6124 7096 3
11245 7096 4
5417 7096 2
5961 7096 1
6681 7096 4
7095 7097 11
7096 7097 11
7095 7098 11
7096 7098 11
6692 7100 1
11203 7101 1
5526 7103 2
7102 7103 1
7102 7104 1
11654 7104 2
7102 7105 1
11685 7105 2
7107 7106 1
11187 7107 1
6087 7107 4
6086 7107 4
6088 7107 3
6609 7107 1
7069 7109 10
6649 7109 1
5445 7109 1
7069 7110 6
5157 7110 1
6616 7110 1
6867 7111 1
6743 7113 1
6081 7114 1
12117 7114 1
6225 7114 1
11193 7114 7
11799 7114 1
7113 7114 1
6012 7114 1
11420 7114 1
7116 7115 7
6012 7115 1
7113 7115 1
6081 7115 1
11799 7115 1
6225 7115 1
12117 7115 1
11420 7115 1
6743 7116 7
6527 7116 7
7119 7117 2
7118 7117 2
6199 7117 1
5061 7117 1
6965 7118 2
6675 7119 2
7120 7119 2
7123 7122 1
6746 7123 7
11328 7123 7
7125 7124 1
6648 7125 1
11871 7126 1
11288 7126 13
7124 7126 1
11911 7126 1
5303 7126 1
11954 7126 1
12027 7126 1
6272 7126 1
12354 7126 1
6125 7126 1
5101 7126 1
5975 7126 1
12061 7126 1
11507 7126 1
6574 7127 1
11200 7128 1
7130 7129 1
11181 7130 1
7132 7131 1
5073 7133 1
11997 7133 1
7131 7133 1
5444 7133 1
7069 7133 9
12062 7133 1
5415 7133 1
11436 7133 1
5312 7133 1
12058 7133 1
6840 7134 7
12005 7136 1
11332 7136 2
11191 7137 1
11981 7138 1
7137 7138 1
5484 7138 1
11970 7138 1
7318 7138 1
12193 7138 1
5549 7138 1
12004 7138 1
12229 7138 1
11193 7138 11
7215 7138 1
11563 7138 1
11992 7139 1
7140 7139 3
12014 7141 1
6852 7141 6
7139 7141 2
5224 7141 2
6852 7142 6
7139 7142 2
5224 7142 2
12014 7142 1
5140 7143 1
4926 7143 1
6901 7143 4
6042 7143 1
7143 7144 4
5150 7144 3
5147 7144 7
6901 7144 10
6901 7145 13
7146 7145 13
7144 7145 10
6042 7145 1
6043 7145 3
7145 7146 13
6901 7146 13
7148 7147 1
11214 7148 1
7147 7149 1
5934 7149 1
7148 7149 2
11187 7150 1
6967 7151 1
6638 7153 4
7156 7154 4
6558 7154 1
6918 7154 1
7155 7154 4
11219 7157 1
7159 7158 1
6560 7160 2
7327 7160 1
7327 7161 1
6560 7161 2
6560 7162 2
7327 7162 1
7162 7163 3
6205 7163 3
7327 7164 1
6560 7164 2
6867 7165 1
7048 7166 1
7170 7166 7
6679 7166 7
6193 7166 1
7168 7166 7
7169 7166 7
7280 7166 1
7171 7166 6
7172 7166 6
7167 7166 6
6560 7166 7
7169 7169 12
7025 7169 16
6867 7175 1
6661 7176 1
11249 7177 1
11248 7177 1
7179 7178 2
11495 7178 1
7180 7181 1
7180 7182 4
7185 7184 1
6905 7186 1
7184 7186 1
6925 7187 1
5010 7188 1
6178 7188 1
6616 7188 4
5243 7188 1
7187 7188 1
6945 7189 4
7187 7189 1
5010 7189 1
5243 7189 1
6178 7189 1
11184 7190 5
6966 7190 1
5276 7190 1
5038 7190 1
11194 7190 1
11184 7191 4
5276 7191 1
6966 7191 1
5038 7191 1
11194 7192 1
11184 7192 6
5276 7192 1
6966 7192 1
5038 7192 1
11388 7192 1
7194 7193 3
12020 7193 1
6199 7194 1
5265 7194 2
7196 7195 1
7198 7197 2
6199 7197 1
6965 7198 2
11193 7200 1
6644 7200 1
6774 7201 3
11273 7202 1
7153 7202 1
7153 7203 1
6671 7203 1
12174 7203 1
7204 7203 3
6638 7204 2
5438 7204 1
11230 7204 5
7034 7204 2
7153 7205 1
6671 7205 1
7204 7205 2
11273 7206 1
7153 7206 1
11181 7207 1
11219 7210 1
7212 7211 1
11997 7213 1
6527 7213 13
11765 7213 1
5442 7213 1
7211 7213 1
5320 7213 1
5073 7213 1
12178 7213 1
11642 7213 1
12195 7213 1
12229 7213 1
12316 7213 1
12062 7213 1
11872 7213 1
11245 7214 3
7216 7215 1
11181 7216 1
11826 7217 1
7088 7217 2
11826 7218 1
7088 7218 2
11181 7219 1
6675 7220 1
7221 7220 4
6677 7221 4
6680 7221 4
6679 7221 4
6681 7221 4
6676 7221 4
6678 7221 4
11305 7221 4
6532 7222 1
7224 7223 1
6789 7225 1
7226 7227 1
6864 7228 1
7230 7229 1
6093 7230 3
11330 7231 1
7231 7232 1
11332 7232 1
6701 7233 1
7235 7234 1
6191 7236 1
6589 7236 1
7238 7236 2
6558 7236 1
7239 7236 2
7237 7236 2
6589 7240 1
7242 7240 2
6192 7240 1
7238 7240 2
6558 7240 1
7241 7240 2
6692 7243 1
7245 7244 1
7243 7244 1
6692 7245 1
11202 7246 1
11205 7246 2
11202 7247 1
11205 7247 2
11202 7248 1
11205 7248 1
11202 7249 1
11205 7249 1
11202 7250 1
11205 7250 1
11205 7251 1
11202 7251 1
11205 7252 1
11202 7252 1
11205 7253 1
11202 7253 1
11205 7254 1
11202 7254 1
11202 7255 1
11205 7255 1
11202 7256 1
11205 7256 1
11202 7257 1
11205 7257 1
11202 7258 1
11205 7258 1
11205 7259 1
11451 7260 1
6021 7260 1
6745 7260 2
6166 7260 1
6527 7260 7
5323 7260 1
11237 7261 1
6984 7264 1
5971 7265 1
11433 7265 1
11227 7265 8
12059 7265 1
5095 7265 1
7264 7265 1
6029 7265 1
6289 7265 1
11184 7266 1
6852 7267 1
6632 7268 1
6278 7268 2
6631 7269 7
6987 7269 3
7269 7270 5
7269 7271 5
7269 7272 5
7269 7273 5
6649 7274 1
6592 7275 1
11787 7276 1
6057 7276 1
7275 7276 1
7277 7276 3
6788 7277 1
6670 7277 1
6592 7277 1
7275 7278 1
6527 7278 2
6127 7278 1
6750 7279 1
7117 7281 3
6119 7281 1
6647 7282 1
6699 7283 2
11390 7283 1
7282 7283 1
7282 7284 1
6699 7284 1
11211 7285 2
7166 7287 2
7173 7287 2
11187 7288 2
7288 7289 1
6126 7289 1
11187 7289 3
11187 7290 4
7321 7290 1
7289 7290 3
6248 7291 3
7289 7291 3
7288 7291 1
5218 7291 1
6041 7291 1
7321 7291 1
7292 7291 9
5299 7292 1
11275 7292 3
6673 7292 2
11187 7292 7
5003 7292 1
7117 7292 6
7299 7292 2
7296 7295 5
4993 7295 4
4908 7296 1
11739 7296 1
7096 7296 1
11240 7296 1
6893 7296 3
4999 7297 5
4994 7297 6
4998 7297 5
4997 7297 5
4995 7297 5
7295 7297 5
11211 7297 16
7305 7297 8
4996 7297 5
7299 7298 1
11551 7299 2
6060 7299 4
5069 7299 3
6199 7299 1
7298 7300 1
7301 7300 1
11721 7301 1
6710 7301 2
7117 7301 4
11596 7301 1
5019 7301 1
11328 7301 5
4960 7301 1
7299 7301 2
7152 7301 4
5299 7301 1
6967 7301 1
11275 7301 2
7197 7302 4
12001 7302 1
6774 7303 3
7296 7305 8
6069 7305 1
11421 7305 1
4993 7305 4
11852 7305 1
6162 7306 1
7307 7306 3
4899 7307 3
6983 7308 1
6644 7309 1
11193 7309 1
7107 7310 1
11943 7311 1
6544 7311 2
7311 7312 1
5521 7312 1
6272 7312 1
11741 7312 1
7313 7312 15
5102 7312 4
11610 7312 1
12174 7312 1
5304 7312 4
6341 7312 1
12261 7312 1
6112 7313 4
6810 7313 4
5438 7313 1
7096 7313 1
6622 7313 2
7125 7313 4
6544 7313 1
11268 7313 5
7060 7313 2
11610 7314 1
7313 7314 3
5521 7314 1
7311 7314 1
11610 7315 1
5521 7315 1
7313 7315 3
7311 7315 1
11242 7316 9
11815 7316 3
4928 7316 1
7311 7316 1
12188 7316 1
11473 7316 3
11219 7317 1
7216 7318 1
11200 7319 1
6935 7320 1
11187 7321 1
7107 7322 3
7321 7322 1
11649 7322 1
11268 7323 4
6574 7323 1
11205 7324 1
11191 7325 1
7326 7327 1
6600 7328 2
6598 7328 2
6208 7328 1
6196 7328 1
6620 7328 6
6599 7328 2
6527 7328 5
5489 7328 1
6677 7329 4
6679 7329 4
6681 7329 4
6680 7329 4
11305 7329 4
6678 7329 4
6676 7329 4
6250 7330 1
6989 7330 2
5236 7331 3
6989 7331 4
7330 7331 2
11326 7332 1
7332 7333 1
6309 7333 2
7334 7333 4
11326 7334 1
11332 7334 2
11245 7334 4
7336 7335 2
6199 7335 1
6965 7336 4
6765 7337 7
11328 7337 7
6695 7338 6
11328 7338 7
11328 7339 7
6742 7339 6
11328 7340 7
5120 7340 6
7116 7341 6
11328 7341 7
7343 7342 4
6248 7342 3
6088 7343 3
11187 7343 3
6184 7343 4
6194 7343 3
11689 7344 1
7342 7344 4
5173 7344 1
11214 7344 6
11181 7345 1
7347 7346 1
4959 7347 2
6199 7347 1
7346 7348 1
7347 7348 3
6593 7351 4
11948 7351 1
6593 7352 4
6596 7352 1
6601 7352 1
6594 7352 1
11343 7353 1
7355 7354 1
5969 7355 2
6199 7355 1
7354 7356 1
7355 7356 3
11330 7357 1
6995 7358 1
11225 7359 1
7359 7360 1
11227 7360 2
7360 7361 2
11227 7361 3
11203 7362 1
11205 7363 1
11960 7364 1
11332 7364 3
11237 7365 1
11245 7366 5
5418 7366 2
6102 7366 1
6102 7367 1
11245 7367 9
7366 7367 5
5075 7367 2
11245 7368 9
7366 7368 2
7367 7368 8
5983 7368 1
11245 7369 3
7366 7369 2
7367 7369 1
11181 11180 1
6926 11181 5
6230 11181 1
6726 11181 7
11818 11181 1
6893 11181 10
6128 11181 1
5016 11181 2
6789 11181 1
6663 11181 3
5232 11181 2
7130 11181 1
11251 11181 8
6876 11181 1
6750 11181 4
6166 11181 2
6021 11181 1
6867 11181 12
6935 11181 7
5074 11181 6
11219 11181 5
5510 11181 7
6870 11181 1
5323 11181 1
5435 11181 3
6864 11181 7
6603 11181 10
6653 11181 5
11833 11181 1
7216 11181 6
6590 11181 2
5362 11181 1
11255 11181 5
6745 11181 2
11431 11181 1
6701 11181 6
6568 11181 3
7219 11181 1
11451 11181 1
11355 11181 14
6574 11181 6
6591 11181 1
11180 11181 6
7207 11181 7
5165 11181 1
6692 11181 7
11321 11181 5
6978 11181 3
5103 11181 7
6739 11181 1
11974 11181 1
6714 11181 2
6136 11181 2
7345 11181 1
6622 11181 3
11182 11181 57
11184 11183 1
11195 11184 3
11278 11184 4
6967 11184 2
5019 11184 2
4960 11184 2
6984 11184 3
11184 11185 34
7191 11185 4
12123 11185 1
6132 11185 1
4921 11185 1
11456 11185 1
11196 11185 8
7192 11185 6
7266 11185 1
11620 11185 1
11863 11185 1
11198 11185 8
6937 11185 1
12265 11185 1
6968 11185 5
5376 11185 1
11197 11185 8
11817 11185 1
7190 11185 5
11183 11185 1
5079 11185 1
11773 11185 1
5278 11185 2
6850 11186 1
11187 11186 2
5247 11187 2
5398 11187 2
7079 11187 2
5059 11187 1
4975 11187 1
6199 11187 1
11782 11188 1
12335 11188 1
5508 11188 1
5132 11188 1
11801 11188 2
6285 11188 3
6803 11188 1
6233 11188 1
11187 11188 30
7150 11188 1
5250 11188 1
7288 11188 1
11603 11188 1
11983 11188 1
5373 11188 1
11774 11188 1
11186 11188 2
11949 11188 1
12026 11188 1
11979 11188 2
6874 11188 2
5325 11188 1
11935 11188 1
11486 11188 1
6233 11189 1
11782 11189 1
5250 11189 1
5508 11189 1
6803 11189 1
6874 11189 2
12304 11189 1
7288 11189 1
11603 11189 1
12026 11189 1
7150 11189 1
11774 11189 1
5325 11189 1
11187 11189 29
11935 11189 1
11949 11189 1
11983 11189 1
5373 11189 1
12283 11189 1
12335 11189 1
11801 11189 2
6315 11189 1
6285 11189 3
11979 11189 2
11186 11189 2
5132 11189 1
11191 11190 1
11326 11191 9
11193 11192 4
11190 11192 1
5522 11192 1
11970 11192 1
5549 11192 1
7125 11193 1
11431 11193 1
7159 11193 1
6581 11193 1
11355 11193 14
5362 11193 1
6978 11193 3
5527 11193 3
6864 11193 7
5165 11193 1
6692 11193 7
5511 11193 1
5016 11193 2
7219 11193 1
11321 11193 5
6739 11193 1
6870 11193 1
7216 11193 6
11251 11193 8
12208 11193 1
6590 11193 2
6166 11193 2
11451 11193 1
7345 11193 1
6230 11193 1
11971 11193 1
11833 11193 1
11191 11193 31
6663 11193 3
6603 11193 10
6804 11193 1
11818 11193 1
6568 11193 3
11255 11193 5
7130 11193 1
6983 11193 14
6128 11193 1
6743 11193 7
6021 11193 1
6926 11193 5
6731 11193 1
7135 11193 1
7212 11193 1
7207 11193 7
6653 11193 5
5103 11193 7
6732 11193 1
6622 11193 3
5510 11193 7
11974 11193 1
6136 11193 2
6789 11193 1
6714 11193 2
12228 11193 1
6701 11193 6
5094 11193 1
11219 11193 5
5323 11193 1
6867 11193 12
5435 11193 2
11401 11193 2
5074 11193 4
11180 11193 6
5550 11193 1
6935 11193 7
6893 11193 10
6876 11193 1
6745 11193 2
6750 11193 4
6726 11193 7
6527 11193 48
11195 11194 3
12166 11194 1
6210 11195 3
6629 11195 1
6146 11195 2
11388 11196 1
11184 11196 8
5038 11196 1
5275 11196 1
5276 11196 1
6966 11196 1
11194 11196 2
6966 11197 1
11184 11197 8
5038 11197 1
5275 11197 1
11194 11197 2
5276 11197 1
11388 11197 1
6966 11198 1
11388 11198 1
5276 11198 1
5038 11198 1
11194 11198 2
5275 11198 1
11184 11198 8
11200 11199 1
6638 11200 6
11278 11200 4
12305 11201 1
6640 11201 6
12179 11201 1
11976 11201 1
6641 11201 6
5509 11201 1
11904 11201 1
5041 11201 2
11718 11201 1
5044 11201 1
7319 11201 1
11875 11201 1
11265 11201 1
6114 11201 2
12085 11201 1
5172 11201 1
12181 11201 1
11199 11201 1
7128 11201 1
6123 11201 1
11200 11201 26
5952 11202 1
7101 11202 1
7362 11202 1
5166 11202 1
12342 11202 1
11804 11202 1
7072 11202 1
6133 11202 1
12231 11202 2
11886 11202 1
11831 11202 1
11203 11202 15
12023 11202 1
7134 11203 7
5296 11203 1
11937 11203 1
11942 11203 3
5335 11203 1
7183 11203 3
11294 11203 4
11202 11204 14
11205 11204 15
11278 11205 4
11203 11205 15
6334 11206 1
11439 11206 1
12226 11206 1
11205 11206 45
6002 11206 1
5222 11206 1
11223 11206 1
11204 11206 15
12211 11206 1
6174 11206 1
6684 11206 1
4916 11206 1
12258 11206 1
11616 11206 1
7363 11206 1
11768 11206 1
11574 11206 1
7324 11206 1
11437 11206 1
11953 11206 1
7247 11206 2
12137 11206 1
11398 11206 1
6241 11206 1
7246 11206 2
7259 11206 1
11207 11206 15
12031 11206 1
6098 11206 1
11958 11206 1
5308 11206 1
11205 11207 15
11202 11207 14
5369 11208 2
5932 11208 2
12351 11208 1
6641 11208 6
5246 11208 4
5386 11208 2
12130 11208 2
11257 11208 1
7364 11208 1
6237 11208 2
11516 11208 1
11207 11208 15
6809 11208 2
6614 11208 11
11636 11208 1
6000 11208 2
6572 11208 2
6872 11208 2
6665 11208 1
5353 11208 2
6957 11208 2
4923 11208 2
11564 11208 2
5441 11208 2
11209 11208 81
11745 11208 2
5429 11208 2
11374 11208 1
5449 11208 2
11999 11208 1
6294 11208 2
6666 11209 1
5086 11209 3
6533 11209 4
11205 11209 15
11258 11209 1
6860 11209 1
6612 11209 11
11214 11209 4
6863 11209 1
11332 11209 42
6922 11209 1
11200 11209 6
5934 11210 1
11211 11210 98
6165 11210 1
11632 11210 1
12163 11210 1
7285 11210 2
12221 11210 1
11689 11210 1
11497 11210 1
11993 11210 1
11208 11210 81
5498 11210 1
4900 11210 1
7343 11211 4
6926 11211 1
11180 11211 1
5499 11211 6
11328 11211 4
11255 11211 1
6819 11211 2
5094 11211 1
11187 11211 2
11355 11211 2
5510 11211 1
11721 11211 1
11209 11211 81
6016 11211 2
5419 11211 2
5486 11211 3
11203 11211 1
6177 11211 2
11251 11211 1
6864 11211 1
11245 11211 4
6638 11211 2
6810 11211 4
11195 11211 1
11227 11211 6
6955 11211 1
5074 11211 1
6769 11211 1
6980 11211 1
11249 11211 1
11214 11211 4
11221 11211 1
11596 11211 2
7207 11211 1
7296 11211 16
11350 11211 2
6984 11211 1
6726 11211 1
7159 11211 1
6653 11211 1
5405 11211 1
7107 11211 3
6666 11211 1
6273 11211 2
7096 11211 2
6997 11211 1
5238 11211 2
6636 11211 1
11352 11211 12
6935 11211 1
5086 11211 2
6954 11212 1
6341 11212 1
11803 11212 1
12220 11212 1
12347 11212 1
12304 11212 1
6815 11212 1
7078 11212 6
5237 11212 1
5418 11212 2
6820 11212 1
11211 11212 139
6262 11212 1
7153 11212 1
12119 11212 1
11226 11212 3
11351 11212 1
6315 11212 1
12176 11212 1
11210 11212 98
11669 11212 1
6818 11212 1
5093 11212 1
11783 11212 1
5102 11212 4
6176 11212 1
7367 11212 1
11819 11212 1
11455 11212 1
11375 11212 1
11248 11212 1
7158 11212 1
11214 11213 85
6767 11213 1
5173 11213 1
7214 11213 1
11689 11213 1
11208 11213 81
6819 11214 8
6997 11214 1
7334 11214 4
7343 11214 4
6566 11214 17
6984 11214 1
6932 11214 1
11332 11214 1
11209 11214 82
7132 11214 2
7096 11214 7
6533 11214 1
6955 11214 1
6769 11214 1
11245 11214 5
6863 11214 1
7107 11214 3
11328 11214 1
11350 11214 1
6003 11215 1
7289 11215 3
6321 11215 1
11475 11215 1
5432 11215 1
7153 11215 1
7333 11215 4
5075 11215 1
11599 11215 1
11208 11215 81
11649 11215 1
7321 11215 1
6954 11215 1
11292 11215 2
7367 11215 1
11810 11215 1
5418 11215 2
5446 11215 1
7076 11215 1
11584 11215 3
11840 11215 1
7357 11215 1
5173 11215 1
7366 11215 5
5455 11215 1
6248 11215 3
11216 11215 117
6989 11216 5
5447 11216 5
11203 11216 3
7077 11216 1
6955 11216 1
7334 11216 4
11209 11216 82
6638 11216 1
6863 11216 1
7117 11216 1
5419 11216 2
11187 11216 7
11245 11216 7
6609 11216 4
6666 11216 1
11330 11216 1
6885 11217 1
11890 11217 1
6929 11217 8
11837 11217 1
11208 11217 81
5173 11217 1
7131 11217 1
11675 11217 1
6927 11217 1
12318 11217 1
6946 11217 1
6003 11217 1
6815 11217 1
12083 11217 1
11292 11217 2
11611 11217 1
6019 11217 1
11403 11217 1
5410 11217 1
12200 11217 1
11960 11217 1
11689 11217 1
6954 11217 1
12058 11217 1
6996 11217 1
7333 11217 4
12047 11217 1
11214 11217 114
11219 11218 1
11973 11220 1
6227 11220 1
12272 11220 1
5539 11220 1
11222 11220 21
4912 11220 1
11218 11220 1
11457 11220 1
12349 11220 1
5956 11220 1
11895 11220 1
12139 11220 1
11608 11220 1
6283 11220 1
7210 11220 1
11221 11220 21
5955 11220 1
12138 11220 1
6161 11220 1
7157 11220 1
5926 11221 2
7099 11221 1
11219 11221 17
7349 11221 1
11220 11222 21
11221 11222 21
11205 11223 1
11225 11224 1
11231 11226 2
11224 11226 1
11227 11226 3
4960 11227 1
7099 11227 1
11225 11227 5
6967 11227 1
6984 11227 1
5019 11227 1
5299 11227 1
11195 11227 1
11227 11228 6
11224 11228 1
11843 11228 1
7360 11228 2
11233 11229 6
5983 11229 1
11230 11229 46
11842 11229 1
5093 11229 1
7366 11229 2
6055 11229 1
11740 11229 2
7158 11229 1
11664 11229 3
6308 11229 1
7361 11229 1
7265 11229 8
11228 11229 5
11220 11229 1
11473 11229 3
11919 11229 1
6842 11229 1
11239 11229 1
4928 11229 1
12356 11229 1
5547 11229 3
5028 11229 2
11227 11230 21
5086 11230 1
11221 11230 1
11240 11230 9
6989 11230 6
7296 11230 4
6843 11230 1
6603 11230 1
5094 11230 1
5197 11230 1
6071 11230 1
6638 11230 1
5128 11230 1
7159 11230 1
11245 11230 2
11268 11230 12
11224 11231 1
11227 11231 2
11224 11232 1
11227 11232 3
6038 11232 1
11227 11233 6
11232 11233 3
11918 11233 2
11230 11234 9
5547 11234 3
11233 11234 6
11224 11235 1
11227 11235 1
11237 11236 1
5419 11237 2
11187 11237 2
11278 11237 4
11838 11238 1
12296 11238 1
11957 11238 1
6065 11238 1
12297 11238 1
11281 11238 1
11633 11238 1
7261 11238 1
11790 11238 1
11785 11238 1
11580 11238 1
6080 11238 1
12094 11238 1
11416 11238 1
11743 11238 2
12114 11238 1
11237 11238 42
12018 11238 1
7365 11238 1
6170 11238 1
5470 11238 1
6290 11238 1
5437 11238 1
11515 11238 1
11854 11238 1
5011 11238 1
11630 11238 1
6721 11238 2
5262 11238 2
4966 11238 1
12291 11238 1
11622 11238 1
12177 11238 1
12238 11238 1
12126 11238 1
6337 11238 2
5468 11238 2
6076 11238 1
5167 11238 1
11236 11238 1
11415 11238 1
11240 11239 1
5244 11240 2
7287 11240 2
7054 11240 1
5961 11240 1
11245 11240 4
6681 11240 4
11239 11241 1
6051 11241 1
5045 11241 1
11242 11241 3
5197 11242 1
7096 11242 7
5046 11242 1
11240 11242 9
7060 11242 2
11338 11242 4
6544 11242 2
11839 11243 1
11919 11243 1
11242 11243 4
5045 11243 1
11239 11243 1
6848 11244 1
11561 11244 1
6341 11244 1
11245 11244 18
11239 11244 1
5080 11244 10
12172 11244 1
6548 11245 11
7034 11245 2
11278 11245 11
6546 11245 11
5405 11245 1
6997 11245 1
7096 11245 1
6545 11245 11
11240 11245 11
6544 11245 1
11214 11245 11
7343 11245 2
11596 11245 1
11721 11245 2
6666 11245 3
5419 11245 2
5086 11245 4
5934 11246 1
4982 11246 4
11244 11246 18
11247 11246 41
7364 11246 3
7095 11246 1
6055 11246 1
11220 11246 1
6316 11246 1
6102 11246 1
6003 11246 1
11466 11247 1
6533 11247 1
6997 11247 1
7148 11247 3
11221 11247 1
11214 11247 1
6863 11247 1
11326 11247 4
7096 11247 1
6955 11247 1
7004 11247 3
11245 11247 19
11332 11247 3
6537 11247 12
5128 11247 1
6638 11247 1
6566 11247 1
11249 11248 88
5455 11248 1
6315 11248 1
6767 11248 1
11915 11248 1
6314 11248 1
11649 11248 1
6671 11248 4
6665 11248 1
5275 11248 1
11575 11248 1
6017 11248 3
12267 11248 1
6321 11248 1
11292 11248 2
12275 11248 1
11422 11248 1
6848 11248 3
12084 11248 1
6954 11248 1
6815 11248 1
7333 11248 4
6248 11248 3
5075 11248 2
6341 11248 1
5983 11248 1
7289 11248 3
5408 11248 2
6003 11248 1
11246 11248 3
12245 11248 1
11720 11248 3
12112 11248 2
7310 11248 1
7153 11248 4
12304 11248 1
11408 11248 1
11729 11248 2
5432 11248 1
11271 11248 12
7321 11248 1
12301 11248 1
7106 11248 1
5328 11248 4
7075 11248 3
6041 11248 1
11916 11248 2
11583 11248 1
12351 11248 1
7288 11248 1
11584 11248 3
12266 11248 1
5218 11248 1
12283 11248 1
11239 11248 1
6980 11249 1
6666 11249 5
5405 11249 2
6955 11249 1
7334 11249 4
5486 11249 3
11721 11249 3
11247 11249 8
6638 11249 8
11203 11249 3
12080 11249 1
7107 11249 2
11596 11249 2
11211 11249 12
6976 11249 5
6863 11249 1
11195 11249 1
6609 11249 4
5117 11249 1
11240 11249 1
11328 11249 1
6984 11249 1
6997 11249 1
7343 11249 2
7096 11249 1
5086 11249 2
11187 11249 12
6733 11249 1
4960 11249 1
6769 11249 1
7117 11249 2
11245 11249 2
6544 11249 4
5299 11249 1
11251 11250 1
11181 11251 1
11181 11252 173
11902 11252 1
11563 11252 1
12273 11252 1
5231 11252 1
4984 11252 1
5548 11252 1
11612 11252 1
6691 11252 1
12278 11252 1
5506 11252 1
6650 11252 1
6244 11252 1
12343 11252 1
5031 11252 1
11459 11252 1
6078 11252 1
12280 11252 1
7320 11252 1
6333 11252 1
12136 11252 1
6226 11252 1
11587 11252 1
7111 11252 1
12218 11252 1
6287 11252 1
11421 11252 1
11848 11252 1
5440 11252 1
6284 11252 1
5133 11252 1
6749 11252 1
12175 11252 1
11594 11252 1
7175 11252 1
5324 11252 1
12328 11252 1
12281 11252 1
5412 11252 1
12030 11252 1
11371 11252 1
6268 11252 1
11887 11252 1
7318 11252 1
6977 11252 1
11789 11252 1
11899 11252 1
12303 11252 1
11320 11252 1
6261 11252 1
7233 11252 1
11462 11252 1
11679 11252 1
6163 11252 1
11928 11252 1
6662 11252 1
11952 11252 1
6325 11252 1
6970 11252 1
7228 11252 1
12002 11252 1
6006 11252 1
12294 11252 1
7215 11252 1
11903 11252 1
7100 11252 1
7243 11252 1
6725 11252 1
12000 11252 1
11419 11252 1
6069 11252 1
5344 11252 1
11250 11252 1
11852 11252 1
11752 11252 1
5098 11252 1
6924 11252 1
7279 11252 1
7029 11252 1
5288 11252 1
6323 11252 1
5929 11252 1
5015 11252 1
11460 11252 1
11682 11252 1
6091 11252 1
12045 11252 1
11880 11252 1
11719 11252 1
5454 11252 1
7129 11252 1
6258 11252 1
6068 11252 1
12227 11252 1
11809 11252 1
5503 11252 1
12341 11252 1
5927 11252 1
6183 11252 1
11430 11252 1
11761 11252 1
12165 11252 1
11393 11252 1
11883 11252 1
6259 11252 1
6319 11252 1
5484 11252 1
5457 11252 1
12193 11252 1
11876 11252 1
6652 11252 1
12004 11252 1
12344 11252 1
12198 11252 1
5476 11252 1
5004 11252 1
4931 11252 1
11940 11252 1
11354 11252 1
4922 11252 1
6720 11252 1
11624 11252 1
6052 11252 1
7165 11252 1
6085 11252 1
11777 11252 1
12050 11252 1
12129 11252 1
11547 11252 1
6156 11252 1
11443 11252 1
6811 11252 1
11607 11252 1
12334 11252 1
6054 11252 1
5229 11252 1
6866 11252 1
5220 11252 1
6696 11252 1
7127 11252 1
6602 11252 1
5531 11252 1
6934 11252 1
11781 11252 1
12239 11252 1
6061 11252 1
11741 11252 1
12346 11252 1
5513 11252 1
6892 11252 1
6865 11252 1
6573 11252 1
12028 11252 1
11461 11252 1
11820 11252 1
12261 11252 1
11760 11252 1
5464 11252 1
11502 11252 1
11874 11252 1
12197 11252 1
5402 11252 1
11409 11252 1
6150 11252 1
11825 11252 1
5497 11252 1
11470 11252 1
6621 11252 1
11629 11252 2
6308 11252 1
6135 11252 1
11550 11252 1
11469 11252 1
11181 11253 210
12261 11253 1
12129 11253 1
6650 11253 1
6268 11253 1
6308 11253 1
5927 11253 1
11320 11253 1
6061 11253 1
12193 11253 1
11470 11253 1
12290 11253 1
12161 11253 1
12344 11253 1
5513 11253 1
11903 11253 1
7129 11253 1
5344 11253 1
5229 11253 1
5467 11253 1
11777 11253 1
11874 11253 1
5548 11253 1
11848 11253 1
6977 11253 1
11741 11253 1
12165 11253 1
11809 11253 1
11928 11253 1
5231 11253 1
6662 11253 1
11760 11253 1
6006 11253 1
12180 11253 1
11893 11253 1
11354 11253 1
5098 11253 1
11682 11253 1
5004 11253 1
11563 11253 1
6325 11253 1
5454 11253 1
7320 11253 1
11371 11253 1
5134 11253 1
5412 11253 1
11587 11253 1
6567 11253 1
7317 11253 1
6333 11253 1
6749 11253 1
11612 11253 1
11590 11253 1
12278 11253 1
6865 11253 1
11461 11253 1
7175 11253 1
11883 11253 1
12030 11253 1
6738 11253 1
6284 11253 1
12124 11253 1
11460 11253 1
6258 11253 1
6934 11253 1
7127 11253 1
5133 11253 1
7165 11253 1
7085 11253 1
11899 11253 1
7100 11253 1
6020 11253 1
11679 11253 1
11902 11253 1
5484 11253 1
11952 11253 1
5324 11253 1
6244 11253 1
11820 11253 1
6183 11253 1
12197 11253 1
11624 11253 1
6892 11253 1
11951 11253 1
11478 11253 1
5288 11253 1
11876 11253 1
5929 11253 1
4984 11253 1
12000 11253 1
11419 11253 1
6074 11253 1
11594 11253 1
12280 11253 1
12227 11253 1
6156 11253 1
6259 11253 1
5464 11253 1
12257 11253 1
11880 11253 1
5440 11253 1
6163 11253 1
6696 11253 1
11550 11253 1
6323 11253 1
7233 11253 1
11940 11253 1
11955 11253 1
12303 11253 1
4922 11253 1
6621 11253 1
5506 11253 1
6073 11253 1
7279 11253 1
11781 11253 1
11969 11253 1
11626 11253 1
11623 11253 1
5457 11253 1
12328 11253 1
5401 11253 1
11852 11253 1
6078 11253 1
11443 11253 1
5347 11253 1
11250 11253 1
6261 11253 1
12214 11253 1
11479 11253 1
11469 11253 1
11761 11253 1
11887 11253 1
12153 11253 1
5434 11253 1
7228 11253 1
12294 11253 1
11393 11253 1
12136 11253 1
6135 11253 1
6319 11253 1
12045 11253 1
11430 11253 1
11607 11253 1
12334 11253 1
6652 11253 1
12273 11253 1
12198 11253 1
6924 11253 1
6970 11253 1
11832 11253 1
7243 11253 1
7225 11253 1
7029 11253 1
6229 11253 1
6085 11253 1
7111 11253 1
6069 11253 1
6287 11253 1
11502 11253 1
12218 11253 1
6068 11253 1
6150 11253 1
6089 11253 1
11884 11253 1
6573 11253 1
5015 11253 1
4931 11253 1
6875 11253 1
5522 11253 1
12239 11253 1
6052 11253 1
12343 11253 1
12158 11253 1
12341 11253 1
11547 11253 1
11752 11253 1
6720 11253 1
5031 11253 1
11789 11253 1
6725 11253 1
12346 11253 1
12002 11253 1
7318 11253 1
6226 11253 1
11459 11253 1
12281 11253 1
11509 11253 1
6054 11253 1
11421 11253 1
12175 11253 1
11825 11253 1
11409 11253 1
11462 11253 1
6091 11253 1
12028 11253 1
5076 11253 1
12144 11253 1
5476 11253 1
6811 11253 1
5497 11253 1
11719 11253 1
12004 11253 1
5531 11253 1
5220 11253 1
7215 11253 1
6866 11253 1
12050 11253 1
6691 11253 1
5503 11253 1
5402 11253 1
6602 11253 1
5098 11254 1
5503 11254 1
5133 11254 1
6068 11254 1
11848 11254 1
11870 11254 1
11193 11254 9
11250 11254 1
6073 11254 1
5531 11254 1
11181 11255 1
11193 11256 1
11673 11256 1
6644 11256 1
11258 11257 1
6856 11258 1
6863 11258 4
7304 11258 2
6541 11259 41
11257 11259 1
11374 11259 1
11260 11259 43
11258 11260 1
11328 11260 41
6860 11260 1
11347 11260 2
6527 11261 12
11857 11261 1
6003 11261 1
5233 11261 1
5453 11261 1
11655 11261 1
11684 11261 1
5251 11261 1
11257 11261 1
5426 11261 1
6094 11261 2
11374 11261 1
11827 11262 1
11684 11262 1
12229 11262 1
6054 11262 1
5093 11262 1
6169 11262 1
12125 11262 1
5426 11262 1
11683 11262 1
5156 11262 1
11857 11262 1
11400 11262 1
6658 11262 1
11411 11262 1
11257 11262 1
11786 11262 1
7015 11262 1
6717 11262 1
5055 11262 1
6223 11262 1
7229 11262 1
12244 11262 1
6565 11262 1
6527 11262 42
6275 11262 1
5360 11262 1
5364 11262 1
11765 11262 1
6295 11262 1
5251 11262 1
5233 11262 1
4913 11262 1
11374 11262 1
11283 11262 1
11637 11262 1
5381 11262 8
11962 11262 1
11637 11263 1
5055 11263 1
5426 11263 1
5364 11263 1
11374 11263 1
6295 11263 1
5156 11263 1
5233 11263 1
11411 11263 1
6223 11263 1
11257 11263 1
5360 11263 1
11264 11263 27
6169 11263 1
7015 11263 1
11786 11263 1
11749 11263 1
12125 11263 1
6003 11263 1
5251 11263 1
11684 11263 1
11857 11263 1
5379 11263 3
7229 11263 1
6717 11263 1
11283 11263 1
5445 11264 1
5056 11264 3
6296 11264 1
5994 11264 1
7230 11264 1
6861 11264 1
6860 11264 1
11350 11264 1
6858 11264 1
5361 11264 1
5092 11264 1
6149 11264 1
6857 11264 1
6859 11264 1
11284 11264 1
11258 11264 1
6718 11264 1
7016 11264 1
6862 11264 1
5157 11264 1
11191 11264 3
6224 11264 1
6863 11264 1
11200 11265 1
11267 11266 6
6574 11266 3
5030 11267 1
6574 11267 1
11230 11267 9
11266 11267 1
6762 11267 1
11269 11268 35
11195 11270 1
6218 11271 1
7322 11271 3
11270 11271 1
11211 11271 12
7342 11271 4
5275 11271 1
11595 11271 1
11273 11272 1
11270 11272 1
11195 11273 1
6638 11273 1
11275 11274 1
5068 11275 3
5500 11275 2
5501 11275 4
6199 11275 1
11274 11276 1
11275 11276 3
11807 11277 2
7356 11277 1
5169 11277 2
7214 11277 2
6891 11277 2
5333 11277 2
6617 11277 1
5394 11277 2
4929 11277 3
6672 11277 2
5318 11277 1
6981 11277 1
7306 11277 2
6962 11277 2
6292 11277 2
11747 11277 2
7348 11277 1
5118 11277 1
6897 11277 1
4932 11277 2
6171 11277 1
11278 11277 54
6770 11277 2
5280 11277 1
11387 11277 1
6805 11277 1
7081 11277 1
7302 11277 3
6702 11277 1
5532 11277 1
7193 11277 1
11276 11277 2
5129 11277 1
11290 11277 2
7281 11277 1
6948 11278 1
11245 11278 3
6963 11278 2
6200 11278 2
6666 11278 6
6618 11278 1
7117 11278 2
5533 11278 2
5086 11278 5
5117 11278 2
11275 11278 3
7307 11278 3
5281 11278 2
5299 11278 2
6961 11278 3
6806 11278 2
5332 11278 3
5555 11278 3
6801 11278 3
5003 11278 3
6703 11278 2
7347 11278 2
11291 11278 3
7197 11278 4
7299 11278 3
6673 11278 3
7355 11278 2
6890 11278 3
6896 11278 2
11748 11278 3
6771 11278 3
6710 11278 7
6980 11278 4
6172 11278 2
7194 11278 2
6958 11278 3
6545 11278 19
6547 11278 19
11214 11278 19
11994 11279 1
6570 11279 42
5260 11279 1
11968 11279 1
6619 11279 22
12246 11279 1
11278 11279 114
11277 11279 54
5273 11279 1
6704 11279 31
6084 11279 1
12049 11279 1
6645 11279 19
11798 11279 1
12282 11279 1
11829 11279 1
5523 11279 1
5319 11279 3
11961 11279 1
11280 11279 54
11276 11280 2
6171 11280 1
5333 11280 2
6891 11280 2
11807 11280 2
4929 11280 3
5129 11280 1
7281 11280 1
7356 11280 1
6770 11280 2
7193 11280 1
6702 11280 1
5394 11280 2
11278 11280 54
6292 11280 2
5118 11280 1
6962 11280 2
7081 11280 1
6897 11280 1
11290 11280 2
7214 11280 2
7306 11280 2
5280 11280 1
6672 11280 2
5169 11280 2
7348 11280 1
7302 11280 3
11387 11280 1
11747 11280 2
6981 11280 1
6617 11280 1
4932 11280 2
5532 11280 1
6805 11280 1
5318 11280 1
11237 11281 1
11284 11283 1
4933 11284 3
11286 11285 1
11650 11287 1
6331 11287 1
11288 11287 4
11285 11287 1
11966 11287 1
6332 11288 1
5290 11288 1
11376 11288 1
5162 11288 2
6995 11288 6
11282 11288 1
6697 11288 1
11651 11288 1
6670 11288 3
11665 11288 1
6752 11288 10
5007 11288 3
6916 11288 3
5550 11288 1
5199 11288 1
11971 11288 1
5372 11288 1
6733 11288 1
4970 11288 2
5314 11288 2
11963 11288 1
11453 11288 1
6810 11288 3
5511 11288 1
6788 11288 4
11571 11288 1
7125 11288 10
11401 11288 1
11481 11288 1
12228 11288 1
6799 11288 5
11286 11288 1
6881 11288 3
11634 11288 1
11193 11288 22
7358 11289 1
11765 11289 1
12262 11289 1
11945 11289 1
11726 11289 1
11288 11289 11
12016 11289 1
6179 11289 1
4903 11289 1
11400 11289 1
5302 11289 1
11285 11289 1
12271 11290 1
11291 11290 3
5071 11291 3
6199 11291 1
5430 11291 2
5018 11291 4
7367 11292 1
11245 11292 2
11212 11293 1
6954 11293 1
5028 11293 2
5983 11293 1
11211 11293 26
12275 11293 1
7078 11293 1
6321 11293 1
7366 11293 2
7285 11293 2
5934 11293 1
12176 11293 1
6665 11293 1
11351 11293 7
11220 11293 1
11292 11293 2
12351 11293 1
6214 11294 1
6840 11294 1
5334 11294 1
11296 11294 4
11295 11294 5
11308 11294 4
11309 11294 4
5295 11294 1
6197 11294 1
11306 11294 4
11307 11294 4
11302 11296 4
11297 11296 4
11301 11297 15
11298 11297 15
11300 11297 15
11299 11297 15
11305 11302 15
11300 11302 15
11303 11302 15
11301 11302 15
11304 11302 15
11310 11309 4
11319 11309 4
11311 11310 14
11318 11310 9
11312 11311 15
11317 11311 11
11316 11312 13
11313 11312 15
6228 11312 1
6215 11313 1
11314 11313 14
11315 11313 16
11321 11320 1
5392 11321 1
11181 11321 1
5391 11321 1
5497 11322 1
11193 11322 10
11594 11322 1
6306 11322 2
11320 11322 1
6226 11322 1
11883 11322 1
5344 11322 1
11965 11322 1
12218 11322 1
11323 11324 4
11326 11325 1
6594 11326 6
11191 11326 6
6566 11326 2
11328 11326 9
11328 11327 158
6885 11327 1
6572 11327 2
4924 11327 1
6760 11327 1
12333 11327 1
11506 11327 1
11909 11327 1
4972 11327 1
11656 11327 1
11812 11327 1
7353 11327 1
11564 11327 2
11808 11327 2
6872 11327 2
11555 11327 1
6067 11327 1
7122 11327 1
6539 11327 1
12313 11327 1
7057 11327 1
12014 11327 1
11865 11327 1
5932 11327 2
6309 11327 2
12308 11327 1
4930 11327 1
11728 11327 2
5246 11327 4
12318 11327 1
12219 11327 1
11501 11327 1
6660 11327 1
7222 11327 1
6335 11327 1
6157 11327 1
5369 11327 2
12056 11327 2
11417 11327 1
12201 11327 1
11929 11327 1
12118 11327 1
12097 11327 1
12096 11327 1
12170 11327 2
6957 11327 2
6943 11327 1
5224 11327 2
5429 11327 2
5089 11327 1
7045 11327 1
12098 11327 1
6000 11327 2
12164 11327 1
7136 11327 2
6237 11327 2
12082 11327 1
6286 11327 1
11467 11327 1
11723 11327 1
4917 11327 1
5972 11327 1
11754 11327 4
5964 11327 2
11847 11327 1
6294 11327 2
11894 11327 1
6719 11327 1
6941 11327 2
11985 11327 1
5088 11327 1
7332 11327 1
5353 11327 2
11635 11327 1
6950 11327 4
12324 11327 1
6809 11327 2
5042 11327 1
12338 11327 1
6271 11327 1
11586 11327 1
12130 11327 2
5441 11327 2
4956 11327 1
12286 11327 1
5439 11327 1
6063 11327 1
11449 11327 1
11805 11327 1
5449 11327 2
5259 11327 1
4934 11327 1
7176 11327 1
6908 11327 1
11764 11327 1
5014 11327 1
5504 11327 1
11745 11327 2
11877 11327 1
5386 11327 2
11600 11327 2
5477 11327 1
11823 11327 2
5469 11327 1
11960 11327 1
4986 11327 1
11824 11327 1
5035 11327 2
6147 11327 2
12192 11327 1
4923 11327 2
11325 11327 1
7082 11327 1
6037 11327 4
11488 11327 1
12063 11327 1
6940 11328 6
6661 11328 4
6909 11328 2
6952 11328 1
11343 11328 7
7339 11328 8
7341 11328 1
7123 11328 13
6533 11328 1
11332 11328 60
6540 11328 8
6566 11328 2
11330 11328 7
7337 11328 6
7338 11328 4
7094 11328 1
6532 11328 1
11326 11328 32
6605 11328 1
7340 11328 1
6527 11328 45
6545 11328 21
6606 11328 44
11330 11329 2
5122 11330 7
11328 11330 7
6596 11330 8
11332 11331 2
11329 11331 2
6533 11332 1
11330 11332 64
11328 11332 7
5122 11332 7
6596 11332 8
11330 11333 1
11332 11334 1
11333 11334 1
11336 11335 1
11869 11337 1
11338 11337 4
12322 11337 1
11335 11337 1
11336 11338 2
7060 11338 2
11345 11338 2
6544 11338 2
11337 11339 4
11242 11339 5
5196 11339 1
5196 11340 1
11242 11340 5
11337 11340 4
5267 11341 1
11338 11341 2
11335 11341 1
7311 11342 1
5521 11342 1
6311 11342 1
11338 11342 6
11610 11342 1
11869 11342 1
11335 11342 1
6525 11343 7
11328 11343 7
11345 11344 1
6594 11345 4
11328 11345 7
11344 11346 1
11347 11346 2
11328 11347 41
11191 11347 8
11345 11347 2
11260 11348 2
11346 11348 2
11350 11349 1
11986 11351 1
11349 11351 1
11749 11351 1
11352 11351 8
12205 11351 1
5261 11351 1
6793 11351 1
6636 11352 1
11214 11352 1
11350 11352 7
7078 11353 1
6793 11353 1
11986 11353 1
11351 11353 7
11352 11353 9
12163 11353 1
11355 11354 1
11181 11355 1
11193 11356 51
11666 11356 1
12033 11356 1
11420 11356 1
6085 11356 1
6720 11356 1
4922 11356 1
12117 11356 1
12081 11356 1
11569 11356 1
5354 11356 1
11970 11356 1
5009 11356 1
11550 11356 1
5548 11356 1
7225 11356 1
11981 11356 1
5412 11356 1
6650 11356 1
11460 11356 1
12229 11356 1
11887 11356 1
12197 11356 1
11354 11356 1
11509 11356 1
5220 11356 1
11760 11356 1
11400 11356 1
11631 11356 1
11421 11356 1
6258 11356 1
7113 11356 1
12225 11356 1
12043 11356 1
11679 11356 1
12178 11356 1
6982 11356 1
7279 11356 1
6811 11356 1
6077 11356 1
7308 11356 1
6150 11356 1
11932 11356 1
12303 11356 1
11789 11356 1
6260 11356 1
6924 11356 1
12280 11356 1
11624 11356 1
6696 11356 1
6749 11356 1
6977 11356 1
11237 11366 1
11188 11366 1
11188 11367 1
11237 11367 1
11188 11368 1
11237 11368 1
11237 11369 1
11188 11369 1
11237 11370 1
11188 11370 1
6864 11371 1
11191 11373 1
6860 11374 1
6016 11375 1
11193 11376 1
6644 11376 1
5392 11376 1
11378 11377 1
5223 11379 3
11849 11379 1
11377 11379 1
12273 11379 1
5223 11380 3
12273 11380 1
11377 11380 1
11849 11380 1
12273 11381 1
11377 11381 1
11849 11381 1
5223 11381 3
11849 11382 1
12273 11382 1
11377 11382 1
5223 11382 3
11849 11383 1
11377 11383 1
5223 11383 2
11377 11384 1
5223 11384 2
11849 11384 1
11849 11385 1
5223 11385 2
11377 11385 1
12273 11386 1
11377 11386 1
5223 11386 3
11849 11386 1
6200 11387 3
11445 11387 1
11408 11388 1
12127 11388 1
12150 11388 1
4960 11388 6
12015 11388 1
6648 11390 1
6698 11391 1
11390 11391 1
6867 11393 1
11330 11394 1
4970 11395 1
11288 11396 2
11977 11396 1
11395 11396 1
11205 11398 1
11191 11399 1
11401 11400 1
6648 11401 1
6648 11402 1
11400 11402 1
6566 11403 1
6612 11404 1
4960 11408 1
6926 11409 1
11268 11410 2
7089 11410 2
5445 11411 1
11411 11412 1
11995 11412 1
7109 11412 2
6208 11413 1
11237 11415 1
11237 11416 1
6605 11417 1
6726 11419 1
6743 11420 1
6893 11421 1
5299 11422 1
6932 11423 1
11214 11424 1
11423 11424 1
5997 11425 1
11423 11425 1
11423 11426 1
5997 11426 1
11423 11427 1
5997 11427 1
6566 11428 1
11428 11429 1
6566 11429 1
11431 11430 1
11181 11431 1
5299 11433 1
11433 11434 1
5299 11434 2
11433 11435 1
7301 11435 1
5157 11436 1
11205 11437 1
11205 11439 1
7108 11440 1
6867 11443 1
11330 11444 1
6200 11445 1
12187 11446 1
4900 11446 1
5997 11446 2
5997 11447 3
4900 11447 1
12187 11447 1
11471 11447 1
5997 11448 1
4900 11448 1
7337 11449 1
11181 11451 1
5298 11452 1
6648 11453 1
11191 11454 1
11350 11455 1
11184 11456 1
11219 11457 1
11255 11459 1
11355 11460 1
11255 11461 1
6867 11462 1
11191 11463 1
6922 11464 1
11466 11465 1
11582 11466 3
6940 11467 1
5510 11469 1
6603 11470 1
5997 11471 1
11240 11472 1
11240 11473 3
12348 11473 1
11472 11473 1
6806 11474 1
5447 11475 1
6987 11476 2
6631 11476 2
7207 11478 1
6166 11479 1
7093 11480 4
5290 11482 1
11191 11483 1
6846 11484 2
11836 11484 1
11193 11485 1
6644 11485 1
11187 11486 1
7096 11487 1
11326 11488 1
6967 11489 1
6670 11492 1
11193 11493 1
6644 11493 1
11240 11496 1
5499 11497 1
7060 11498 1
11343 11501 1
5510 11502 1
11504 11503 1
6649 11504 1
12021 11505 1
6526 11505 2
11503 11505 1
11343 11506 1
7125 11507 1
11355 11509 1
11210 11510 1
11211 11510 2
6767 11510 1
7343 11511 1
7343 11512 2
11511 11512 1
5968 11513 1
11237 11515 1
6922 11516 1
6199 11517 1
6199 11518 1
6199 11519 1
6199 11520 1
6199 11521 1
6199 11522 1
6707 11523 2
6197 11523 1
6199 11523 1
6199 11524 1
6199 11525 1
6199 11526 1
6199 11527 1
6199 11528 1
6199 11529 1
6199 11530 1
6199 11531 1
6199 11532 1
6199 11533 1
6199 11534 1
6199 11535 1
6199 11536 1
6199 11537 1
6199 11538 1
6199 11539 1
6199 11540 1
6199 11541 1
6710 11542 1
7301 11543 2
6138 11543 1
11542 11543 1
6922 11544 1
11191 11545 1
6922 11546 1
7207 11547 1
6855 11549 3
6603 11550 1
6965 11551 2
6566 11552 1
6710 11554 2
11778 11554 1
11326 11555 1
7036 11556 1
11193 11557 1
6644 11557 1
11559 11558 3
11191 11560 1
7034 11561 1
11561 11562 1
12174 11562 1
12172 11562 1
7204 11562 3
7216 11563 1
12285 11564 1
11332 11564 2
6976 11566 3
5555 11567 1
6852 11568 1
6983 11569 1
6648 11571 1
7096 11573 1
11205 11574 1
11195 11575 1
11195 11576 1
11575 11576 1
11575 11577 1
11578 11577 1
11195 11578 1
5056 11579 1
11237 11580 1
6644 11581 1
11193 11581 1
6609 11583 2
12168 11584 1
6609 11584 3
11583 11584 1
6609 11585 4
11649 11585 1
11584 11585 3
11330 11586 1
6603 11587 1
6307 11588 1
11588 11589 1
6526 11589 3
12034 11589 1
11742 11589 1
6166 11590 1
11592 11591 1
11590 11591 1
6166 11592 1
6922 11593 1
11321 11594 1
11596 11595 1
7152 11597 1
11597 11598 1
7301 11598 1
5447 11599 1
12317 11600 1
6540 11600 2
11600 11601 2
6540 11601 2
5003 11602 1
11187 11603 1
5019 11604 1
6772 11605 1
6692 11607 1
11219 11608 1
6670 11609 1
7060 11610 1
6566 11611 1
6864 11612 1
11330 11613 1
11613 11614 1
11332 11614 1
11191 11615 1
11205 11616 1
11330 11617 1
11332 11618 1
11617 11618 1
6852 11619 1
11184 11620 1
11191 11621 1
11237 11622 1
6926 11623 1
11355 11624 1
11571 11625 1
6870 11626 1
7178 11627 1
11627 11628 1
11907 11628 1
6729 11628 2
11181 11629 2
11237 11630 1
6983 11631 1
5499 11632 1
11237 11633 1
7339 11635 1
5086 11636 1
6149 11637 1
11639 11638 1
6644 11638 1
11288 11638 1
6612 11640 2
6610 11640 1
6852 11641 1
11191 11642 1
11191 11645 1
11330 11646 1
11646 11647 1
11332 11647 1
6609 11649 1
11651 11650 1
6965 11653 2
11191 11655 1
7123 11656 1
11330 11657 1
11332 11658 1
11657 11658 1
11660 11659 6
6731 11661 1
11661 11662 1
6742 11662 1
11661 11663 1
6989 11663 2
6989 11664 3
11663 11664 2
6648 11665 1
11191 11666 1
6273 11669 1
7343 11670 1
11330 11671 1
11332 11672 1
11671 11672 1
6618 11674 1
6566 11675 1
7199 11676 1
6526 11677 2
11676 11677 1
11688 11677 1
5527 11678 1
6893 11679 1
6612 11680 1
7047 11681 3
5510 11682 1
11191 11683 1
6861 11684 1
7047 11687 3
7274 11688 1
11214 11689 1
11689 11690 1
11214 11690 1
11689 11691 1
11214 11691 1
11214 11692 1
11689 11692 1
11689 11693 1
11214 11693 1
11214 11694 1
11689 11694 1
11689 11695 1
11214 11695 1
11689 11696 1
11214 11696 1
11689 11697 1
11214 11697 1
11214 11698 1
11689 11698 1
11689 11699 1
11214 11699 1
11689 11700 1
11214 11700 1
11689 11701 1
11214 11701 1
11214 11702 1
11689 11702 1
11689 11703 1
11214 11703 1
11689 11704 1
11214 11704 1
11214 11705 1
11689 11705 1
11689 11706 1
11214 11706 1
11689 11707 1
11214 11707 1
11214 11708 1
11689 11708 1
11689 11709 1
11214 11709 1
11689 11710 1
11214 11710 1
11689 11711 1
11214 11711 1
11214 11712 1
11689 11712 1
11689 11713 1
11214 11713 1
11689 11714 1
11214 11714 1
11689 11715 1
11214 11715 1
11214 11716 1
11689 11716 1
11214 11717 1
11689 11717 1
11200 11718 1
6867 11719 1
11858 11720 2
11721 11720 3
12347 11720 1
6540 11723 1
6984 11725 1
11481 11726 1
11330 11727 1
11727 11728 1
11332 11728 2
11596 11729 2
12119 11729 1
11405 11731 1
5527 11732 1
6220 11733 1
11732 11733 1
11732 11734 1
6220 11734 3
12353 11734 1
11778 11734 1
6220 11735 3
11732 11735 1
12353 11735 1
11778 11735 1
6220 11736 3
12353 11736 1
11732 11736 1
11778 11736 1
6220 11737 3
11778 11737 1
12353 11737 1
11732 11737 1
11778 11738 1
12353 11738 1
6220 11738 3
11732 11738 1
6644 11739 1
11193 11739 1
11240 11740 2
6622 11741 1
6023 11742 1
11237 11743 2
11188 11743 1
12340 11745 1
11332 11745 2
11828 11747 1
11748 11747 3
11956 11748 3
11350 11749 1
11330 11750 4
11332 11751 4
11750 11751 4
6663 11752 1
11330 11753 2
11332 11754 4
11753 11754 2
5135 11755 1
11275 11756 1
11758 11757 1
11355 11760 1
5232 11761 1
6117 11762 2
5387 11762 1
6117 11763 2
5387 11763 1
7337 11764 1
5511 11765 1
11872 11766 1
11288 11766 3
11765 11766 1
11966 11766 1
11765 11767 1
11288 11767 1
11205 11768 1
11191 11769 1
11330 11770 1
11330 11771 1
11771 11772 1
11332 11772 1
11184 11773 1
11187 11774 1
6732 11775 1
6922 11776 1
7207 11777 1
5235 11778 1
5299 11779 1
11779 11780 1
5299 11780 2
6935 11781 1
11187 11782 1
5238 11783 1
6644 11784 1
11193 11784 1
11237 11785 1
5994 11786 1
6788 11787 1
6978 11789 1
11237 11790 1
6856 11791 1
6856 11792 1
6856 11793 1
6856 11794 1
6856 11795 1
6856 11796 1
6856 11797 1
11278 11798 1
6743 11799 1
11187 11800 1
11800 11801 1
11187 11801 2
11211 11803 1
11203 11804 1
11326 11805 1
6922 11806 1
11967 11807 1
6801 11807 3
11326 11808 2
6590 11809 1
5447 11810 1
11332 11812 1
11211 11813 1
7096 11814 1
7096 11815 3
11814 11815 1
11959 11815 1
6852 11816 1
11184 11817 1
11181 11818 1
6016 11819 1
5510 11820 1
7339 11822 1
7339 11823 2
11822 11823 1
7338 11824 1
5074 11825 1
6110 11826 1
11376 11827 1
11748 11828 1
11278 11829 1
11203 11831 1
11833 11832 1
11181 11833 1
11191 11835 1
5141 11836 1
6566 11837 1
11237 11838 1
7096 11839 1
5447 11840 1
6612 11841 1
11240 11842 1
11225 11843 1
6649 11844 1
11759 11845 1
6952 11847 1
11251 11848 1
11722 11849 1
6609 11850 2
11583 11850 1
6893 11852 1
11328 11853 1
11237 11854 1
11665 11855 1
11288 11856 2
11855 11856 1
12195 11856 1
6859 11857 1
11721 11858 2
12347 11858 1
11858 11859 2
11721 11859 2
12119 11860 1
11858 11860 2
11861 11860 3
11721 11861 2
11596 11861 1
12119 11862 1
11858 11862 2
11861 11862 3
11184 11863 1
6535 11864 1
7123 11865 1
6788 11866 1
11191 11867 1
11336 11869 1
11191 11870 1
7125 11871 1
5199 11872 1
6852 11873 1
5510 11874 1
11200 11875 1
6864 11876 1
11326 11877 1
5445 11878 1
6922 11879 1
5435 11880 1
6533 11882 1
6935 11883 1
11219 11884 1
6799 11885 1
11203 11886 1
6603 11887 1
11330 11888 1
11888 11889 1
11332 11889 1
6566 11890 1
5165 11893 1
7337 11894 1
11219 11895 1
5083 11896 3
11898 11896 3
11897 11896 3
6935 11899 1
6644 11900 1
11901 11900 1
11193 11900 1
11255 11902 1
6893 11903 1
11200 11904 1
5104 11905 1
11659 11906 5
5496 11907 1
6729 11908 1
11907 11908 1
7123 11909 1
7299 11910 1
7125 11911 1
11330 11912 1
11912 11913 1
11332 11913 1
6752 11914 1
6666 11915 1
6666 11916 2
11915 11916 1
11225 11917 1
11917 11918 1
11227 11918 2
11240 11919 1
7152 11921 1
11921 11922 1
7301 11922 1
11921 11923 1
7301 11923 1
11921 11924 1
11925 11924 1
7152 11925 1
11927 11926 1
11921 11926 1
7152 11927 1
11180 11928 1
11326 11929 1
5314 11930 1
6881 11931 1
6983 11932 1
7343 11934 1
11187 11935 1
6980 11936 1
6214 11937 1
6214 11938 1
5074 11940 1
6612 11941 1
6707 11942 2
6197 11942 1
7060 11943 1
6995 11945 1
7343 11947 1
11512 11947 1
11187 11949 1
6799 11950 1
6726 11951 1
6574 11952 1
11205 11953 1
7125 11954 1
5435 11955 1
11237 11957 1
11205 11958 1
7096 11959 1
6533 11960 1
11278 11961 1
11963 11962 1
6983 11965 1
5372 11966 1
6801 11967 1
11278 11968 1
7207 11969 1
11971 11970 1
11240 11972 1
11219 11973 1
11181 11974 1
11200 11976 1
4970 11977 1
11187 11979 2
7288 11979 1
6647 11980 1
11401 11981 1
6922 11982 1
11187 11983 1
7338 11985 1
11350 11986 1
6683 11987 1
5258 11988 1
11988 11989 1
5258 11989 1
6269 11990 1
6612 11991 1
7140 11992 1
5499 11993 1
11278 11994 1
6649 11995 1
11266 11996 1
6646 11997 1
11330 11998 1
5086 11999 1
6701 12000 1
7197 12001 1
6926 12002 1
6612 12003 1
7216 12004 1
11330 12005 1
7292 12006 1
11780 12006 1
11330 12007 1
12007 12008 1
11332 12008 1
11330 12009 1
11328 12010 1
12009 12010 1
6612 12011 1
4991 12012 1
12012 12013 1
5000 12013 1
11326 12014 1
4960 12015 1
6995 12016 1
6752 12017 1
11237 12018 1
6708 12019 1
7194 12020 1
12022 12021 1
11203 12023 1
6901 12024 1
12024 12025 1
6901 12025 1
11187 12026 1
7125 12027 1
6867 12028 1
6612 12029 1
6726 12030 1
11205 12031 1
6612 12032 1
6983 12033 1
12035 12034 1
6649 12035 1
5030 12036 1
7139 12037 1
12036 12037 1
6101 12037 2
5424 12038 1
12036 12038 1
5424 12039 1
12036 12039 1
12036 12040 1
6762 12040 1
12316 12041 1
12036 12041 1
6578 12041 2
12036 12042 1
6762 12042 1
6983 12043 1
6852 12044 1
5074 12045 1
6159 12046 1
6566 12047 1
5007 12048 1
11278 12049 1
6926 12050 1
6586 12051 1
6649 12053 1
12053 12054 1
6649 12054 1
11343 12055 1
11343 12056 2
12055 12056 1
11343 12057 2
12056 12057 2
7132 12058 1
11227 12059 1
7125 12061 1
6649 12062 1
7339 12063 1
6610 12064 1
6612 12064 1
6612 12065 1
6610 12065 1
6610 12066 1
6612 12066 1
6612 12067 1
6610 12067 1
6610 12068 1
6612 12068 1
6612 12069 1
6610 12069 1
6610 12070 1
6612 12070 1
6612 12071 1
6610 12071 1
6610 12072 1
6612 12072 1
6610 12073 1
6612 12073 1
6612 12074 1
6610 12074 1
6610 12075 1
6612 12075 1
6612 12076 1
6610 12076 1
6610 12077 1
6612 12077 1
6612 12078 1
6610 12078 1
6612 12079 1
6983 12081 1
7094 12082 1
6566 12083 1
11247 12084 1
11200 12085 1
11191 12086 1
6175 12088 1
5125 12089 1
12089 12090 1
12091 12090 1
5125 12091 1
12091 12092 1
12089 12092 1
12091 12093 1
12089 12093 1
11237 12094 1
7123 12096 1
7123 12097 1
11343 12098 1
11248 12099 1
6706 12099 1
11248 12100 1
6706 12100 1
11248 12101 1
6706 12101 1
6706 12102 1
11248 12102 1
6752 12103 1
11330 12104 1
6558 12106 1
6558 12107 1
6558 12108 1
6558 12109 1
6558 12110 1
6558 12111 1
12304 12112 1
11187 12112 2
12112 12113 2
12304 12113 1
7292 12113 2
11237 12114 1
6612 12115 1
11330 12116 1
6743 12117 1
7338 12118 1
11596 12119 1
12347 12120 1
7301 12120 2
12119 12120 1
7301 12121 2
12347 12121 1
12119 12121 1
7301 12122 1
12119 12122 1
11184 12123 1
11219 12124 1
5056 12125 1
11237 12126 1
4960 12127 1
6535 12128 1
5510 12129 1
12289 12130 1
11332 12130 2
11330 12131 1
12131 12132 1
11332 12132 1
11397 12133 1
11227 12135 1
5103 12136 1
11205 12137 1
11219 12138 1
11221 12139 1
6609 12140 1
11739 12141 1
7174 12142 1
11451 12144 1
12144 12145 1
7260 12145 1
11730 12146 1
12301 12147 1
12146 12147 1
6184 12147 2
6184 12148 1
12146 12148 1
12146 12149 1
6773 12149 1
4960 12150 1
5519 12151 1
5046 12152 1
12151 12152 1
5323 12153 1
12153 12154 1
7260 12154 1
6852 12155 1
11228 12156 1
11211 12156 1
11227 12157 1
11228 12157 1
5074 12158 1
6984 12159 1
11453 12160 1
6864 12161 1
6922 12162 1
11214 12163 1
11326 12164 1
6603 12165 1
11195 12166 1
11240 12167 1
6609 12168 1
7337 12169 1
7337 12170 2
12169 12170 1
7337 12171 2
12170 12171 2
7034 12172 1
11275 12173 1
5438 12174 1
6893 12175 1
7096 12176 1
11237 12177 1
7135 12178 1
11200 12179 1
6568 12180 1
11200 12181 1
6535 12182 1
11326 12183 1
5483 12185 1
6609 12186 1
6243 12187 1
7096 12188 1
6612 12189 1
5314 12190 1
11288 12191 2
12355 12191 1
12190 12191 1
11326 12192 1
7216 12193 1
5162 12194 1
11634 12195 1
5141 12196 1
11355 12197 1
11180 12198 1
7224 12199 1
6566 12200 1
11326 12201 1
11330 12202 1
12202 12203 1
11328 12203 1
11330 12204 1
11350 12205 1
7200 12206 1
12206 12207 1
7200 12207 1
7174 12209 1
12339 12210 1
6901 12210 3
12209 12210 1
11205 12211 1
6852 12213 2
7139 12213 1
6745 12214 1
11330 12215 1
11332 12216 1
12215 12216 1
6612 12217 1
11321 12218 1
7123 12219 1
6273 12220 1
5499 12221 1
5299 12222 1
6680 12223 1
6612 12224 1
6983 12225 1
11205 12226 1
6867 12227 1
12228 12229 1
11203 12230 1
11203 12231 2
12230 12231 1
6752 12233 1
6852 12234 2
7139 12234 1
6852 12235 1
7152 12236 1
11237 12238 1
6864 12239 1
5215 12240 1
11330 12242 1
11332 12243 1
12242 12243 1
6566 12244 1
6544 12245 1
11278 12246 1
6612 12247 1
7262 12248 1
7139 12249 1
7140 12249 1
7139 12250 1
6852 12250 1
7139 12251 1
7140 12251 1
7140 12252 1
7139 12252 1
6852 12253 1
7139 12253 1
7139 12254 1
6852 12254 1
6852 12255 1
7139 12255 1
6566 12256 1
6128 12257 1
11205 12258 1
11191 12259 1
11330 12260 1
6622 12261 1
6995 12262 1
11191 12263 1
11184 12265 1
5117 12266 1
7343 12267 1
6788 12269 1
6535 12270 1
11291 12271 1
11219 12272 1
11974 12273 1
6612 12274 1
6980 12275 1
12275 12276 1
6980 12276 1
12275 12277 1
6980 12277 1
6663 12278 1
11240 12279 1
11818 12280 1
5074 12281 1
11278 12282 1
11187 12283 1
6616 12284 1
11330 12285 1
6940 12286 1
6533 12287 1
11240 12288 1
11330 12289 1
11219 12290 1
11237 12291 1
7069 12292 1
12292 12293 1
7069 12293 1
6603 12294 1
11237 12296 1
11237 12297 1
11330 12298 1
11332 12299 1
12298 12299 1
6852 12300 1
12080 12301 1
6184 12302 1
12301 12302 1
11355 12303 1
11187 12304 1
11200 12305 1
5007 12306 1
6196 12307 1
6540 12308 1
7117 12309 1
11216 12310 1
12309 12310 1
12309 12311 1
7292 12311 1
12309 12312 1
7292 12312 1
7339 12313 1
6533 12314 1
12208 12316 1
6540 12317 1
6566 12318 1
4911 12319 1
11330 12320 1
11345 12322 1
6940 12324 1
11844 12326 1
11892 12327 1
7207 12328 1
6138 12329 1
7301 12329 1
6138 12330 1
7301 12330 1
7301 12331 1
6138 12331 1
6138 12332 1
7301 12332 1
7339 12333 1
6935 12334 1
11187 12335 1
11330 12336 1
11332 12337 1
12336 12337 1
7339 12338 1
6901 12339 1
11330 12340 1
6935 12341 1
11203 12342 1
6726 12343 1
6653 12344 1
7207 12346 1
11721 12347 1
11240 12348 1
11219 12349 1
7235 12350 1
5086 12351 1
6922 12352 1
5425 12353 1
6810 12354 1
5314 12355 1
6071 12356 1
