372 368 2
410 368 2
425 368 2
981 368 2
982 368 9
370 369 9
368 369 9
982 370 9
370 371 2
981 371 2
982 372 2
372 373 2
370 373 2
878 374 2
415 374 1
374 375 2
871 375 3
439 375 1
417 376 1
890 376 1
860 376 3
887 377 1
971 378 1
430 379 1
398 379 1
378 379 1
980 379 4
437 379 1
887 380 1
869 381 1
842 382 1
973 383 1
430 384 1
383 384 1
385 384 3
476 384 1
973 385 2
847 385 5
839 385 2
401 386 1
383 386 1
440 386 1
457 386 1
446 386 1
385 386 6
430 386 1
446 387 1
399 387 2
385 387 7
383 387 1
457 387 1
430 387 1
401 387 1
389 388 1
473 390 1
388 390 1
980 390 6
427 390 1
441 390 1
459 390 1
437 390 1
842 393 1
842 395 1
415 396 1
878 396 2
474 397 1
871 397 3
396 397 2
847 398 1
398 399 1
847 399 2
839 401 1
457 402 1
401 402 1
451 402 1
849 402 4
446 402 1
385 403 4
401 403 1
457 403 1
446 403 1
844 404 4
403 404 4
865 405 1
842 406 1
878 407 1
422 408 1
407 408 1
871 408 3
412 408 1
413 409 1
982 409 2
407 409 1
407 410 1
982 410 2
370 411 2
410 411 2
869 412 1
860 413 1
413 414 1
453 414 1
982 414 2
847 415 1
389 416 1
418 417 5
472 417 1
416 417 1
462 417 1
436 417 1
389 418 3
839 418 1
842 419 1
842 420 1
869 422 1
982 425 2
370 426 2
425 426 2
887 427 1
842 428 1
842 429 1
839 430 1
433 432 1
856 434 1
432 434 1
839 436 1
971 437 1
842 438 1
869 439 1
847 440 1
389 441 1
394 442 1
442 443 1
857 443 1
389 444 1
978 445 1
973 446 1
887 448 1
381 449 1
389 450 1
844 451 1
842 452 1
878 453 1
842 454 1
887 456 1
847 457 1
865 458 1
978 459 1
370 460 1
842 461 1
389 462 1
463 464 1
466 465 1
842 468 1
978 470 1
842 471 1
389 472 1
887 473 1
869 474 1
421 475 1
847 476 1
842 477 1
842 478 1
869 479 1
479 480 1
381 480 1
479 481 1
871 481 1
840 839 3
842 841 1
841 843 1
977 843 1
428 843 1
470 843 1
438 843 1
459 843 1
445 843 1
401 843 1
446 843 1
457 843 1
844 843 11
475 843 1
842 844 20
385 844 4
973 844 1
839 844 1
978 844 4
421 844 1
847 844 1
846 845 4
878 847 4
880 847 4
879 847 4
845 847 4
845 848 1
847 849 1
839 849 1
844 849 1
973 849 1
849 850 4
842 852 1
477 853 1
471 853 1
844 853 10
401 853 1
446 853 1
457 853 1
395 853 1
461 853 1
852 853 1
382 853 1
420 853 1
840 854 3
433 856 1
856 857 4
394 857 1
847 858 1
860 859 4
858 859 1
376 859 3
418 860 1
970 860 1
847 860 1
858 861 1
376 861 3
860 861 4
376 862 3
858 862 1
860 862 4
890 863 1
417 863 1
858 863 1
860 863 3
865 864 1
469 865 1
867 866 3
874 866 1
864 866 1
974 866 1
431 867 3
865 867 6
869 868 1
888 870 2
871 870 3
868 870 1
869 871 7
878 871 6
865 872 1
872 873 1
458 873 1
867 873 3
405 873 1
865 874 1
842 875 1
393 876 1
875 876 1
401 876 1
419 876 1
468 876 1
429 876 1
446 876 1
454 876 1
457 876 1
844 876 9
860 877 4
840 878 5
847 878 1
871 878 2
846 879 4
846 880 4
842 881 1
401 882 1
881 882 1
457 882 1
406 882 1
452 882 1
446 882 1
844 882 8
478 882 1
882 883 8
884 883 8
844 884 8
869 885 1
453 886 1
871 886 3
479 886 1
885 886 1
415 888 1
878 888 2
887 889 1
456 890 1
972 890 1
448 890 1
970 890 5
889 890 1
887 970 3
973 970 1
973 972 1
840 973 3
865 974 1
878 975 1
878 976 1
975 976 1
978 977 1
378 979 1
444 979 1
377 979 1
450 979 1
465 979 1
980 979 7
977 979 1
380 979 1
971 980 2
466 980 1
847 980 1
839 980 1
389 980 4
978 980 2
887 980 4
982 981 2
860 982 1
878 982 2
