5643 5638 1
5638 5639 5
9579 5640 1
5694 5641 1
5643 5642 1
5638 5643 1
5663 5643 1
5642 5644 1
5645 5644 1
5639 5645 1
5684 5645 1
5674 5645 4
9572 5645 1
5643 5645 2
9634 5646 1
5642 5646 1
5645 5646 2
5642 5647 1
5645 5647 1
5683 5648 1
5642 5648 1
9592 5648 1
9617 5648 1
5645 5648 4
5642 5649 1
5645 5649 1
5642 5650 1
5645 5650 1
5642 5651 1
5645 5651 1
5642 5652 1
5645 5652 1
5642 5653 1
5645 5653 1
5642 5654 1
5645 5654 1
5642 5655 1
5645 5655 1
5683 5656 1
5642 5656 1
5645 5656 2
5642 5657 1
5645 5657 1
5642 5658 1
5645 5658 1
5642 5659 1
5645 5659 1
5642 5660 1
5645 5660 1
5663 5661 1
5667 5661 1
5664 5662 1
5663 5662 1
5666 5665 3
5670 5669 1
5663 5670 1
9558 5670 1
5672 5671 3
9626 5671 1
5669 5671 1
9609 5671 1
5670 5672 2
5675 5672 2
9559 5672 1
5674 5672 4
5667 5673 5
5677 5676 3
9574 5678 1
5679 5678 2
9600 5678 1
5677 5680 3
5677 5681 3
5677 5682 3
5684 5683 1
5663 5684 1
5638 5684 1
9636 5687 1
5688 5687 3
5690 5689 1
5677 5690 3
5641 5691 1
5689 5691 1
5692 5691 2
9591 5692 3
5694 5692 1
5690 5692 1
5689 5693 1
5694 5693 1
5685 5694 3
5690 5694 1
5696 5695 3
9596 9556 1
9557 9556 3
9558 9559 5
9561 9560 3
9596 9560 1
9564 9563 1
9563 9565 1
9564 9565 2
9564 9566 2
9565 9566 2
9563 9567 1
9564 9567 1
5643 9568 1
9628 9569 1
9630 9569 1
9568 9569 1
9570 9569 3
5643 9570 3
5672 9572 1
5638 9572 1
5639 9572 1
9558 9572 1
5673 9572 1
9556 9572 1
9560 9572 1
9607 9572 1
9559 9572 1
9602 9572 1
5645 9572 1
5667 9572 1
9593 9572 1
9574 9573 1
9576 9575 1
9573 9575 1
9601 9576 1
9584 9576 2
9574 9576 1
9573 9577 1
5678 9577 1
9580 9579 2
9635 9579 1
5663 9582 1
9579 9586 1
9589 9590 3
5639 9592 1
9594 9593 3
9596 9593 1
5643 9597 1
5638 9598 1
9597 9598 1
9572 9602 1
5674 9602 4
9579 9604 1
9572 9605 1
9602 9606 1
9605 9606 1
9579 9608 1
5670 9609 1
9609 9610 1
5672 9610 1
9609 9611 1
5672 9611 1
5672 9612 1
9609 9612 1
5672 9613 1
9609 9613 1
9609 9614 1
5672 9614 1
9609 9615 1
5672 9615 1
5643 9617 1
9617 9618 1
5645 9618 1
9579 9620 1
9608 9621 1
9620 9621 1
9620 9622 1
5640 9622 1
9604 9623 1
9620 9623 1
9620 9624 1
9586 9624 1
9559 9626 1
9626 9627 1
9559 9627 1
5643 9628 1
5643 9630 1
9632 9631 3
9572 9634 1
