11769 10196 1
10238 10196 1
11742 10196 1
10309 10196 1
11848 10196 1
11864 10196 1
10299 10196 20
11791 10196 1
14375 10196 1
11831 10196 1
11822 10196 1
10298 10196 16
11825 10196 1
11866 10196 1
11865 10196 1
11846 10196 1
11709 10197 1
10199 10197 1
10198 10197 15
11741 10197 2
10296 10197 1
10216 10197 1
10240 10197 9
10217 10198 1
10299 10198 8
10297 10198 3
10200 10198 2
10241 10198 10
10200 10199 1
10205 10200 4
11833 10201 1
14371 10201 1
11776 10201 1
11749 10201 1
10202 10201 34
10199 10201 1
11765 10201 2
10282 10201 1
11835 10201 1
10270 10201 1
11828 10201 1
10216 10201 1
11790 10201 1
11744 10201 2
10286 10201 1
14379 10201 1
10249 10201 1
11711 10201 4
11783 10201 1
11838 10201 1
10291 10201 10
10226 10202 1
11834 10202 1
11752 10202 1
10280 10202 1
10273 10202 14
11784 10202 1
11750 10202 1
10205 10202 1
10278 10202 1
11753 10202 1
11774 10202 1
10209 10202 1
10200 10202 1
10250 10202 1
11829 10202 1
11745 10202 2
11754 10202 1
10204 10202 1
10217 10202 1
11766 10202 2
10200 10203 1
10199 10203 1
10205 10204 4
10202 10205 8
11720 10206 2
11716 10206 1
11792 10206 1
11713 10206 2
10207 10206 8
10300 10206 1
11719 10207 2
11714 10207 2
11782 10207 1
11717 10208 6
10206 10208 1
10207 10208 7
10226 10209 1
10212 10211 3
10213 10211 3
10210 10211 3
10215 10211 3
10214 10211 3
10217 10216 1
10205 10217 4
10219 10218 1
11724 10219 1
10252 10220 2
14378 10220 1
11851 10220 1
14374 10220 1
10235 10220 1
11841 10220 1
11839 10220 2
11736 10220 1
11868 10220 1
11790 10220 1
11781 10220 1
11863 10220 1
10221 10220 25
11873 10220 1
11759 10220 1
11874 10220 1
11773 10220 1
10308 10220 1
10306 10220 2
14381 10220 1
10218 10220 1
10243 10220 1
11793 10220 1
11763 10221 3
11723 10221 2
11737 10221 4
11774 10221 1
10236 10221 3
10244 10221 4
10219 10221 5
10253 10221 3
10218 10222 1
11781 10222 1
10243 10222 1
11873 10222 1
11851 10222 1
11863 10222 1
11736 10222 1
14378 10222 1
11868 10222 1
10223 10222 14
10252 10222 2
14381 10222 1
10253 10223 3
11737 10223 2
10219 10223 5
10244 10223 4
11723 10223 2
10236 10223 1
11827 10224 1
10222 10224 14
10237 10224 4
10285 10224 1
10223 10224 20
10226 10225 21
11835 10225 1
10237 10225 4
10222 10225 14
10286 10225 1
11840 10226 1
11753 10226 1
10302 10226 1
10209 10226 1
10281 10226 16
10280 10226 1
10223 10226 20
11754 10226 1
10283 10227 5
10225 10227 21
11838 10227 1
10226 10227 27
10283 10228 5
10226 10228 27
10225 10228 21
11838 10228 1
11838 10229 1
10230 10229 23
10225 10229 21
10226 10230 22
11857 10231 1
10229 10231 23
10230 10231 24
10233 10232 1
10233 10234 1
10232 10234 1
10236 10235 1
11724 10236 1
11773 10237 1
10235 10237 1
11841 10237 1
10223 10237 4
10239 10238 1
10226 10239 1
11866 10240 1
11846 10240 1
10241 10240 9
11865 10240 1
11791 10240 1
11769 10240 1
11848 10240 1
11831 10240 1
10238 10240 1
10198 10241 5
10239 10241 8
10257 10242 1
11842 10242 1
10244 10243 1
11724 10244 1
10243 10245 1
14378 10245 1
10223 10245 5
11874 10245 1
14374 10245 1
10223 10246 5
10245 10246 5
10247 10248 4
10250 10249 1
10205 10250 4
10299 10251 4
10253 10252 2
11724 10253 1
10255 10254 1
11789 10255 4
10257 10256 2
11801 10256 1
10254 10256 1
10255 10257 1
11789 10257 1
10259 10258 1
10254 10258 1
11789 10259 1
10257 10259 2
10255 10259 1
10261 10260 3
10263 10262 1
10262 10264 1
10265 10264 2
11871 10265 2
10263 10265 1
10302 10265 1
14380 10266 1
10264 10266 2
11861 10266 1
11738 10266 4
10267 10266 7
11840 10267 1
11757 10267 1
10265 10267 2
10278 10267 1
10226 10267 4
10265 10268 2
10262 10268 1
11872 10268 1
11872 10269 1
10265 10269 2
10262 10269 1
10204 10270 1
10272 10271 3
11850 10273 4
10290 10273 4
11710 10273 4
10205 10273 4
11777 10274 1
10275 10274 2
11755 10275 3
10274 10276 2
11777 10276 1
10275 10276 2
10302 10278 1
10279 10278 2
10226 10280 1
10209 10282 1
10285 10283 1
10226 10283 5
11827 10283 1
10282 10283 1
11776 10283 1
11843 10284 1
11838 10284 1
10202 10284 13
11783 10284 1
11776 10284 1
11749 10284 1
14379 10284 1
11790 10284 1
11833 10284 1
11835 10284 1
10286 10284 1
14371 10284 1
10282 10284 1
11828 10284 1
10223 10285 1
10280 10286 1
10288 10287 3
10290 10289 1
10226 10290 1
14373 10291 1
11800 10291 1
10273 10291 10
11860 10291 1
11824 10291 2
11858 10291 1
11830 10291 1
14377 10291 1
10289 10291 1
14373 10292 1
11860 10292 1
14377 10292 1
10289 10292 1
11858 10292 1
10293 10292 6
11800 10292 1
11850 10293 3
10290 10293 3
11722 10293 3
10295 10294 3
10297 10296 1
10198 10297 5
11743 10297 1
11709 10298 1
10240 10298 9
10309 10298 1
10216 10298 1
10299 10298 16
10296 10298 1
11741 10298 2
10200 10299 1
10297 10299 3
10239 10299 10
11743 10299 1
10217 10299 1
11826 10299 2
10241 10299 10
10207 10300 1
10300 10301 1
10207 10301 1
10290 10303 1
10304 10305 3
10236 10306 2
11737 10308 1
10200 10309 1
10200 10310 1
10309 10310 1
10309 10311 1
10198 10311 1
10307 10314 1
11745 10315 1
11745 10316 1
10315 10316 1
10241 11709 1
10226 11710 1
10303 11711 1
11875 11711 1
11849 11711 1
10273 11711 4
10261 11712 3
11714 11713 2
14376 11713 1
11713 11715 2
11720 11715 2
10207 11715 4
11713 11716 2
10207 11716 6
11720 11716 2
10207 11717 6
11716 11717 5
11719 11718 1
11718 11720 1
11719 11720 2
10239 11721 4
11722 11721 3
11724 11723 1
11737 11736 1
11724 11737 1
10226 11738 4
11861 11738 1
11738 11739 1
11740 11739 1
10226 11740 2
10297 11741 2
11742 11741 1
11743 11742 1
10226 11743 1
11742 11744 1
11745 11744 2
11743 11745 1
10205 11745 4
10239 11745 4
11747 11746 3
10230 11748 1
11750 11749 1
10226 11750 1
11751 11752 4
10226 11753 1
10226 11754 1
11757 11756 1
11764 11757 2
10267 11758 1
11756 11758 1
11737 11759 1
11762 11761 3
11760 11761 3
11724 11763 1
10288 11764 3
10307 11764 1
11766 11765 2
11825 11765 1
10205 11766 4
11826 11766 1
11767 11768 3
10239 11769 1
10313 11770 1
10261 11771 3
10261 11772 3
10219 11773 1
11724 11774 1
11740 11775 3
11753 11776 1
10275 11777 1
11779 11778 3
11723 11781 1
11784 11783 1
10226 11784 1
11786 11785 1
11785 11787 1
11786 11787 1
11788 11789 5
11774 11790 1
10239 11791 1
11782 11792 1
11763 11793 1
11738 11794 1
11740 11794 1
11796 11795 1
11738 11795 1
10226 11796 1
11738 11797 1
11740 11797 2
11797 11798 2
11775 11798 2
11797 11799 2
11740 11799 3
11854 11799 1
10290 11800 1
11789 11801 1
11801 11802 1
10257 11802 1
11801 11803 1
10257 11803 1
10259 11804 1
11801 11804 1
11806 11805 2
10259 11805 2
11801 11805 1
11801 11806 1
10257 11806 2
10257 11807 1
11801 11807 1
10259 11808 1
11801 11808 1
10259 11809 1
11801 11809 1
11801 11810 1
10259 11810 1
11801 11811 1
10259 11811 1
10259 11812 1
11801 11812 1
10259 11813 1
11801 11813 1
11801 11814 1
10259 11814 1
11801 11815 1
10259 11815 1
11801 11816 1
10259 11816 1
11801 11817 1
10259 11817 1
11801 11818 1
10259 11818 1
10259 11819 1
11801 11819 1
11801 11820 1
10259 11820 1
10239 11822 1
11710 11824 2
11826 11825 1
10226 11826 1
10223 11827 1
11829 11828 1
10226 11829 1
11710 11830 1
10239 11831 1
11834 11833 1
10226 11834 1
11754 11835 1
10239 11836 1
11721 11837 4
11867 11837 1
11856 11837 1
11862 11837 1
11836 11837 1
10226 11838 1
11763 11839 2
10219 11841 1
10257 11842 1
10205 11843 1
10205 11844 1
11843 11844 1
10294 11845 1
10239 11846 1
11745 11847 4
11864 11847 1
11866 11847 1
11846 11847 1
11848 11847 1
10239 11848 1
11850 11849 1
10226 11850 1
11737 11851 1
11852 11853 3
11740 11854 1
11854 11855 1
11775 11855 1
10239 11856 1
10230 11857 1
11850 11858 1
11850 11860 1
11840 11861 1
10239 11862 1
11723 11863 1
10239 11864 1
10239 11865 1
10239 11866 1
10239 11867 1
10253 11868 1
11764 11869 2
10314 11869 1
11757 11870 2
11869 11870 2
10265 11872 1
10219 11873 1
10244 11874 1
11710 11875 1
10278 14371 1
14371 14372 1
10278 14372 1
11850 14373 1
10244 14374 1
11826 14375 1
11714 14376 1
10290 14377 1
10244 14378 1
11752 14379 1
10278 14380 1
10219 14381 1
