522 0 4
0 1 1
42 2 1
1 2 1
538 2 4
1 3 1
538 3 2
42 4 1
1 4 1
538 4 4
6 5 1
540 6 4
54 7 1
79 7 1
75 7 1
31 7 3
27 7 1
78 7 1
40 7 1
57 7 1
5 7 1
8 7 12
30 8 1
35 8 1
22 8 1
37 8 1
38 8 1
28 8 1
36 8 1
33 8 1
39 8 1
6 8 1
28 9 1
37 9 1
38 9 1
33 9 1
8 10 1
10 11 1
12 11 1
8 12 2
14 13 1
67 14 1
13 15 1
14 15 1
13 16 1
14 16 1
13 17 1
14 17 1
14 18 1
13 18 1
20 19 3
22 21 1
540 22 4
70 23 1
58 23 1
48 23 3
85 23 1
51 23 1
46 23 1
24 23 14
52 23 2
21 23 1
74 23 1
30 24 2
22 24 1
49 24 3
38 24 1
33 24 1
36 24 1
37 24 1
28 24 1
39 24 1
26 25 14
23 25 14
24 26 14
28 27 1
540 28 4
30 29 1
540 30 4
36 30 1
88 31 1
8 31 3
29 31 1
540 33 4
522 34 4
540 35 4
540 36 4
540 37 4
540 38 4
540 39 4
38 40 1
20 41 3
524 42 1
34 43 1
45 44 3
43 44 1
4 44 1
2 44 1
538 45 2
34 45 1
37 46 1
74 47 1
51 47 1
58 47 1
9 47 4
46 47 1
49 48 3
62 48 1
73 48 1
6 49 1
35 49 1
534 50 3
48 50 3
33 51 1
30 52 2
85 52 1
52 53 2
538 53 2
39 54 1
12 55 1
7 55 1
22 57 1
28 58 1
20 59 3
35 62 1
65 64 1
64 66 1
65 66 1
67 68 1
68 69 1
14 69 1
39 70 1
70 71 1
525 71 1
523 72 2
0 72 1
6 73 1
38 74 1
37 75 1
80 76 1
519 76 2
33 78 1
35 79 1
56 80 1
41 82 1
82 83 1
84 83 1
41 84 1
36 85 1
81 86 1
86 87 1
529 87 1
36 88 1
527 89 1
534 90 1
89 90 1
56 519 1
520 519 3
522 521 4
523 522 10
0 522 1
522 524 4
39 525 1
526 527 1
63 527 2
529 528 3
76 528 2
519 529 2
81 529 1
529 530 4
86 530 1
528 530 3
528 531 3
532 531 4
81 532 1
529 532 3
531 533 4
534 533 4
527 534 1
49 534 3
532 534 8
528 535 3
532 535 4
535 536 4
86 536 1
532 536 7
548 536 4
536 537 7
538 537 7
35 538 1
39 538 1
30 538 2
33 538 1
37 538 1
6 538 1
524 538 1
532 538 7
0 538 1
534 538 8
540 539 7
536 539 7
548 539 4
532 540 8
535 541 4
540 541 4
535 542 4
543 542 4
532 543 4
86 544 1
532 544 7
535 544 4
548 544 4
540 545 7
544 545 7
544 546 7
534 546 8
46 547 1
538 547 17
51 547 1
546 547 8
62 547 1
70 547 1
73 547 1
4 547 3
2 547 3
532 548 4
528 548 3
550 549 8
23 549 1
3 549 2
548 549 4
24 550 1
538 550 2
532 550 4
