6697 6696 1
6740 6698 2
6824 6698 1
6742 6698 1
6752 6698 1
6805 6698 1
6863 6698 1
6845 6698 1
6871 6698 1
6716 6698 1
6829 6698 1
6800 6698 1
6798 6698 1
6862 6698 1
6850 6698 1
6765 6698 1
6797 6698 1
6818 6698 1
6830 6698 1
6759 6698 1
6851 6698 1
6804 6698 1
6696 6698 1
6699 6698 28
6869 6698 1
6814 6698 1
6704 6699 1
6741 6699 4
6846 6699 1
6743 6699 3
6760 6699 4
15791 6699 5
6801 6699 4
6697 6699 3
6701 6700 30
6717 6700 22
6698 6700 28
6852 6700 1
6699 6701 30
6846 6701 1
6698 6702 28
6701 6702 30
6852 6702 1
6717 6702 22
6704 6703 1
6703 6705 1
6704 6705 1
15792 6706 1
15799 6706 1
6775 6707 1
6843 6707 1
15792 6707 1
15795 6707 3
15792 6708 1
15799 6708 1
6859 6709 1
15792 6709 1
6775 6709 1
6870 6709 1
15805 6709 4
15792 6710 1
6711 6710 1
15793 6711 1
6730 6711 3
6711 6712 1
15792 6712 1
6711 6713 1
15792 6713 1
6714 6715 3
6704 6716 1
6871 6717 1
6851 6717 1
6742 6717 1
6863 6717 1
6800 6717 1
6699 6717 22
6740 6717 2
6829 6717 1
6804 6717 1
6818 6717 1
6824 6717 1
6869 6717 1
6862 6717 1
6716 6717 1
6850 6717 1
6752 6717 1
6830 6717 1
6765 6717 1
6805 6717 1
6845 6717 1
6759 6717 1
6716 6718 1
6719 6718 1
15793 6719 3
6704 6719 1
6716 6720 1
6721 6720 1
6704 6721 1
6736 6721 1
6716 6722 1
6721 6722 1
6724 6723 1
6716 6723 1
6704 6724 1
6846 6724 1
6801 6724 1
6716 6725 1
6721 6725 1
6719 6726 1
6716 6726 1
6716 6727 1
6721 6727 1
6716 6728 1
6721 6728 1
6730 6729 3
6733 6732 3
6736 6735 1
6822 6736 4
6721 6737 1
6735 6737 1
6721 6738 1
6735 6738 1
6735 6739 1
6721 6739 1
6741 6740 2
6743 6742 1
6746 6745 4
6748 6747 4
6745 6749 1
6751 6750 1
6749 6750 1
6745 6751 1
15791 6751 2
6743 6752 1
15793 6753 1
6859 6754 1
6815 6754 1
6753 6754 1
6719 6754 3
6753 6755 1
6756 6755 1
15782 6756 1
15793 6756 3
6817 6757 1
6808 6757 1
6859 6757 1
15789 6757 10
6849 6757 1
6854 6757 1
6753 6757 1
6866 6757 1
6827 6757 1
6803 6757 1
6815 6757 1
6753 6758 1
15789 6758 10
6803 6758 1
6849 6758 1
6817 6758 1
6859 6758 1
6808 6758 1
6854 6758 1
6827 6758 1
6815 6758 1
6866 6758 1
6760 6759 1
15793 6761 2
6763 6762 1
6813 6763 4
6760 6765 1
6730 6766 3
6769 6768 1
6768 6770 1
15781 6770 2
6847 6770 1
15781 6771 1
6768 6771 1
15785 6772 1
15787 6773 1
6772 6773 1
15787 6774 1
6772 6774 1
15793 6775 1
15795 6776 3
6851 6776 1
6800 6776 1
6775 6776 1
6775 6777 1
15795 6777 1
15795 6778 3
6851 6778 1
6800 6778 1
6775 6778 1
15795 6779 1
6775 6779 1
15795 6780 3
6800 6780 1
6851 6780 1
6775 6780 1
6775 6781 1
15795 6781 1
6851 6782 1
15795 6782 3
6775 6782 1
6800 6782 1
15795 6783 1
6775 6783 1
6851 6784 1
15795 6784 3
6775 6784 1
6800 6784 1
6851 6785 1
15795 6785 3
6775 6785 1
6800 6785 1
6775 6786 1
15795 6786 1
15795 6787 4
6775 6787 1
6843 6787 1
6800 6787 1
6851 6787 1
6775 6788 1
6843 6788 1
15795 6788 2
6775 6789 1
6843 6789 1
15805 6789 2
6843 6790 1
6775 6790 1
15805 6790 2
15805 6791 2
6775 6791 1
6843 6791 1
15795 6792 3
6775 6792 1
6800 6792 1
6851 6792 1
6756 6793 3
6843 6793 1
6844 6793 1
6775 6793 1
6775 6794 1
6761 6794 2
6843 6794 1
6843 6795 1
6761 6795 2
6775 6795 1
15791 6797 1
6697 6798 1
6801 6800 1
15795 6802 1
6800 6802 1
6763 6803 1
15791 6804 1
15791 6805 1
6807 6806 3
15793 6808 1
6747 6809 1
6809 6810 1
6811 6810 2
6856 6810 1
6747 6811 2
6697 6814 1
15793 6815 1
6730 6816 3
6736 6817 1
6760 6818 1
6801 6820 1
6724 6821 2
6845 6821 1
6820 6821 1
6741 6824 1
6701 6825 2
6845 6825 1
6698 6825 1
15782 6827 1
6741 6829 1
15791 6830 1
6751 6831 2
6850 6831 1
6830 6831 1
6850 6832 1
6751 6832 2
6830 6832 1
6830 6833 1
6751 6833 2
6850 6833 1
6850 6834 1
6830 6834 1
6751 6834 2
6850 6835 1
6830 6835 1
6751 6835 2
6867 6836 1
6836 6837 2
6732 6838 1
6838 6839 1
6732 6839 1
6747 6840 1
15781 6841 1
6840 6841 1
15781 6842 1
6840 6842 1
15793 6843 1
15782 6844 1
6846 6845 1
6769 6847 1
6847 6848 1
15781 6848 1
6745 6849 1
15791 6850 1
6801 6851 1
6699 6852 1
6736 6854 1
6747 6856 1
15781 6857 1
6856 6857 1
6856 6858 1
15781 6858 1
15793 6859 1
6743 6862 1
6801 6863 1
15793 6866 1
6867 6868 1
6760 6869 1
6763 6870 1
6801 6871 1
6769 15781 2
6747 15781 2
15783 15782 4
15785 15784 1
6731 15785 4
15784 15786 1
15787 15786 1
15785 15787 2
15787 15788 1
15784 15788 1
6745 15789 1
6763 15789 1
15782 15789 1
6736 15789 2
15790 15789 2
15793 15789 5
6865 15789 1
15793 15792 1
6796 15793 4
15795 15794 2
6775 15794 1
15792 15794 1
15793 15795 3
6801 15795 2
15792 15796 1
15795 15796 1
15795 15797 1
15792 15797 1
15792 15798 1
15799 15798 1
15793 15799 1
15801 15800 1
15792 15800 1
15793 15801 1
15799 15802 1
15792 15802 1
15792 15803 1
6775 15803 1
6843 15803 1
15795 15803 3
15792 15804 1
6859 15804 1
15805 15804 2
6763 15805 2
15793 15805 4
15792 15806 1
15805 15806 3
6870 15806 1
6762 15806 1
6762 15807 1
6870 15807 1
15805 15807 3
15792 15807 1
15792 15808 1
15799 15808 1
15805 15809 1
15792 15809 1
6775 15810 1
6843 15810 1
15792 15810 1
15795 15810 3
