7889 7888 1
7891 7890 1
7910 7892 5
7890 7892 1
7893 7892 7
7911 7893 5
7943 7893 2
7891 7893 1
7893 7894 7
7892 7894 7
7892 7895 7
7893 7895 7
7892 7896 7
7893 7896 7
7893 7897 7
7892 7897 7
7893 7898 7
7892 7898 7
7968 7899 2
7890 7899 1
7893 7899 3
7968 7900 2
7890 7900 1
7893 7900 3
7890 7901 1
7968 7901 2
7893 7901 3
7935 7902 2
7904 7903 1
7906 7904 1
7939 7904 2
7946 7904 5
7948 7904 5
7943 7904 3
7904 7905 3
7954 7905 1
7903 7905 1
7953 7905 1
7907 7906 3
7950 7906 1
7909 7908 1
7934 7910 1
7908 7910 1
7973 7910 1
7963 7910 1
7911 7910 5
7943 7911 3
7909 7911 2
8435 7911 1
7910 7912 5
7911 7912 5
7910 7913 5
7911 7913 5
7911 7914 5
7910 7914 5
7910 7915 5
7911 7915 5
7910 7916 5
7911 7916 5
7910 7917 5
7911 7917 5
7910 7918 5
7911 7918 5
7911 7919 5
7910 7919 5
7911 7920 5
7910 7920 5
7910 7921 5
7922 7921 6
7943 7922 2
7911 7922 5
7922 7923 6
7921 7923 6
7922 7924 6
7921 7924 6
7910 7925 5
7911 7925 5
7908 7926 1
7911 7926 3
7968 7926 2
7968 7927 2
7908 7927 1
7911 7927 3
7911 7928 3
7908 7928 1
7968 7928 2
7973 7929 1
7911 7929 3
7908 7929 1
7968 7929 2
7963 7930 1
7971 7930 1
7968 7930 2
7911 7930 5
7908 7930 1
7968 7931 2
7908 7931 1
7911 7931 3
7968 7932 2
7911 7932 3
7908 7932 1
7968 7933 2
7908 7933 1
7911 7933 3
7909 7934 1
7943 7936 1
7967 7936 1
7939 7940 1
7940 7941 1
7955 7941 4
7904 7941 5
7943 7942 1
7961 7943 3
7904 7943 1
7965 7943 1
7946 7943 1
7904 7944 1
7942 7944 1
7973 7945 1
7946 7945 2
7904 7946 2
8435 7946 1
7943 7946 1
7945 7947 2
7973 7947 1
7946 7947 2
7950 7949 1
7949 7951 1
7906 7951 1
7949 7952 1
7906 7952 1
7939 7953 1
7906 7954 1
7962 7955 2
7963 7955 1
7946 7955 4
7962 7956 2
7946 7956 5
7955 7956 4
7963 7956 1
7971 7957 1
7904 7957 6
7956 7957 5
7971 7958 1
7904 7958 6
7956 7958 5
7904 7959 5
7956 7959 5
7904 7960 4
7955 7960 4
7946 7962 2
7973 7962 1
8435 7963 1
7943 7968 2
7973 7968 1
7968 7969 2
7922 7969 2
7968 7970 2
7922 7970 2
7943 7971 1
7975 7972 1
7936 7972 2
7971 7972 1
7943 7973 1
7904 7974 1
7973 7974 1
7967 7975 1
7902 8436 1
7887 8436 2
