9673 9672 1
9675 9674 1
9672 9674 1
9780 9675 3
9673 9675 2
9759 9675 2
9794 9675 1
9764 9675 5
9789 9675 2
9765 9675 1
9672 9676 1
9773 9676 5
9675 9676 6
9678 9677 1
9672 9677 1
9673 9678 2
9764 9678 5
9789 9678 2
9759 9678 3
9768 9678 3
9794 9678 2
9765 9678 1
9780 9678 3
9784 9678 1
9672 9679 1
9678 9679 1
9678 9680 6
9672 9680 1
9773 9680 5
9672 9739 1
9740 9739 1
9767 9740 2
9794 9740 2
9759 9740 3
9768 9740 3
9764 9740 5
9673 9740 2
9789 9740 2
9780 9740 4
9752 9740 1
9765 9740 1
9784 9740 1
9742 9741 2
9672 9741 1
9793 9741 1
9767 9742 2
9780 9742 1
9673 9742 2
9794 9742 1
9672 9743 1
9742 9743 1
9672 9744 1
9742 9744 1
9740 9745 1
9672 9745 1
9747 9746 2
9672 9746 1
9793 9746 1
9752 9747 1
9759 9747 1
9794 9747 1
9673 9747 2
9747 9748 1
9672 9748 1
9740 9749 1
9672 9749 1
9678 9750 1
9672 9750 1
9752 9751 1
9794 9752 2
9789 9752 2
9759 9752 2
9784 9752 1
9740 9753 4
9751 9753 1
9772 9753 1
9793 9753 1
9818 9753 1
9751 9754 1
9747 9754 2
9772 9754 1
9772 9755 1
9747 9755 2
9751 9755 1
9747 9756 1
9751 9756 1
9751 9757 1
9747 9757 1
9759 9758 1
9766 9759 4
9779 9760 3
9772 9760 1
9787 9760 1
9793 9760 1
9740 9760 15
9758 9760 1
9811 9760 1
9812 9760 1
9796 9760 3
9788 9760 1
9773 9760 5
9818 9760 1
9823 9760 1
9822 9760 1
9818 9761 1
9772 9761 1
9811 9761 1
9773 9761 5
9779 9761 3
9758 9761 1
9812 9761 1
9788 9761 1
9787 9761 1
9678 9761 13
9787 9762 1
9773 9762 5
9772 9762 1
9675 9762 9
9758 9762 1
9812 9762 1
9818 9762 1
9811 9763 1
9678 9763 12
9787 9763 1
9773 9763 5
9788 9763 1
9779 9763 3
9812 9763 1
9758 9763 1
9772 9763 1
9784 9764 2
9673 9764 1
9794 9764 1
9766 9765 4
9794 9766 1
9768 9766 3
9784 9766 1
9768 9767 4
9794 9768 1
9784 9768 1
9767 9769 1
9769 9770 1
9772 9770 1
9813 9770 1
9740 9770 5
9793 9770 1
9824 9770 1
9769 9771 1
9772 9771 1
9742 9771 3
9824 9771 1
9673 9772 1
9772 9773 1
9764 9773 5
9783 9773 2
9793 9773 1
9773 9774 5
9740 9774 5
9788 9775 1
9779 9775 3
9772 9775 1
9675 9775 9
9811 9775 1
9773 9775 5
9773 9776 5
9796 9776 3
9678 9776 8
9822 9776 1
9813 9777 1
9742 9777 2
9772 9777 1
9772 9778 1
9813 9778 1
9742 9778 2
9780 9779 3
9793 9779 1
9823 9779 1
9794 9780 1
9784 9780 1
9821 9781 1
9782 9781 2
9808 9783 1
9784 9783 2
9786 9785 3
9765 9787 1
9789 9788 1
9768 9789 4
9822 9790 1
9818 9790 1
9788 9790 1
9812 9790 1
9811 9790 1
9752 9790 5
9792 9791 3
9794 9793 1
9813 9795 1
9793 9795 1
9742 9795 2
9793 9796 1
9768 9796 3
9823 9796 1
9796 9797 3
9768 9797 3
9793 9797 1
9796 9798 3
9678 9798 3
9766 9799 3
9796 9799 3
9796 9800 3
9768 9800 3
9766 9801 3
9796 9801 3
9766 9802 2
9793 9802 1
9823 9802 1
9752 9803 2
9793 9803 1
9823 9803 1
9793 9804 1
9780 9804 2
9823 9804 1
9678 9805 2
9793 9805 1
9823 9805 1
9780 9806 2
9793 9806 1
9823 9806 1
9780 9807 1
9784 9808 1
9808 9809 1
9784 9809 1
9747 9810 1
9789 9811 1
9794 9812 1
9780 9813 1
9813 9814 1
9807 9814 1
9807 9815 1
9813 9815 1
9807 9816 1
9813 9816 1
9807 9817 1
9813 9817 1
9759 9818 1
9818 9819 1
9747 9819 1
9747 9820 1
9818 9820 1
9759 9822 1
9784 9823 1
9767 9824 1
9824 9825 1
9742 9825 1
