10010 9600 1
10012 9600 1
10015 9601 4
10012 9601 1
9635 9601 1
9612 9601 1
9629 9601 1
10015 9602 1
10012 9602 1
10012 9603 1
9612 9603 1
10015 9603 2
10015 9604 2
9635 9604 1
10012 9604 1
10012 9605 1
10015 9605 1
10010 9606 1
10012 9606 1
9635 9607 1
10010 9607 4
10012 9607 1
9629 9607 1
9641 9607 1
9610 9608 1
9624 9608 1
9613 9608 1
9613 9612 1
9635 9614 1
9612 9614 1
10015 9614 2
9612 9615 1
9635 9615 1
10008 9615 2
9617 9616 3
9622 9621 3
9624 9623 1
9608 9625 1
9623 9625 1
10013 9626 1
9626 9627 1
10015 9627 2
9635 9627 1
10015 9628 2
9635 9628 1
9626 9628 1
9610 9629 1
9629 9630 1
10010 9630 2
9635 9630 1
9608 9631 2
9635 9631 1
9629 9631 1
9629 9632 1
10010 9632 1
10010 9633 1
9629 9633 1
9613 9635 1
10015 9636 1
9635 9636 1
10015 9637 1
9635 9637 1
10015 9638 1
9635 9638 1
9635 9639 1
10015 9639 1
9610 9641 1
9613 10008 2
10009 10008 2
9643 10008 1
10011 10010 2
9613 10010 1
9643 10010 1
9610 10010 2
10013 10010 1
10013 10012 1
9608 10013 4
9635 10014 1
10012 10014 1
10015 10014 3
9612 10014 1
9609 10015 3
9613 10015 2
9610 10015 1
10013 10015 2
