73 72 3
127 74 1
72 74 1
116 74 2
116 75 4
73 116 5
119 116 5
117 116 11
118 116 5
120 116 5
122 121 1
124 122 5
73 122 2
120 122 2
144 122 2
145 122 2
119 122 2
121 123 1
122 123 2
154 123 1
122 125 4
146 125 1
116 126 4
116 127 4
116 128 4
122 130 1
154 131 1
130 131 1
122 131 2
127 132 1
132 133 1
74 133 1
74 135 2
138 135 1
137 136 2
135 136 2
74 137 2
126 137 1
72 138 1
116 139 1
139 140 1
116 140 2
74 141 2
140 141 2
116 142 2
139 142 1
140 142 2
116 143 2
140 143 2
139 143 1
151 147 1
148 147 2
126 149 1
137 150 1
149 150 1
116 152 1
116 153 1
152 153 1
122 154 1
154 155 1
122 155 1
