1178 1177 1
1186 1178 5
1187 1178 5
1178 1179 5
1177 1179 1
1202 1179 4
1178 1180 1
1178 1181 2
1180 1181 1
1181 1182 2
1218 1182 1
1178 1182 3
1178 1183 7
1181 1183 2
1190 1183 5
1185 1184 3
1198 1184 2
1178 1187 4
1215 1187 1
1184 1187 2
1214 1187 1
1195 1187 1
1213 1187 1
1178 1188 1
1209 1189 1
1188 1189 1
1178 1189 3
1178 1190 5
1189 1190 3
1218 1190 1
1190 1191 5
1206 1191 2
1178 1191 7
1190 1192 5
1216 1192 1
1178 1192 6
1178 1193 5
1190 1193 5
1209 1194 1
1178 1194 2
1188 1194 1
1187 1195 5
1196 1195 3
1198 1197 1
1208 1198 3
1184 1199 2
1197 1199 1
1187 1200 3
1199 1200 2
1187 1201 3
1200 1201 3
1200 1202 3
1178 1202 4
1206 1203 2
1195 1203 5
1200 1203 3
1184 1204 1
1184 1205 1
1204 1205 1
1187 1206 2
1216 1206 1
1195 1207 2
1206 1207 2
1178 1209 1
1212 1211 2
1210 1211 1
1187 1216 1
1178 1217 1
1216 1217 1
1178 1218 1
1198 1219 1
1219 1220 1
1184 1220 1
