1156 1040 1
1268 1040 1
1041 1040 3
1047 1041 3
1039 1041 5
1040 1042 3
1041 1042 3
1044 1043 1
1046 1045 3
1163 1045 1
1043 1045 1
1135 1045 1
1136 1046 1
1044 1046 2
1254 1046 3
1195 1048 1
1049 1048 2
1092 1048 1
1113 1050 1
1260 1052 3
1054 1053 1
1056 1054 1
1196 1055 1
1053 1055 1
1056 1055 3
1172 1055 1
1066 1056 1
1054 1056 4
1254 1056 4
1056 1057 3
1053 1057 1
1196 1057 1
1172 1057 1
1039 1059 1
1158 1060 1
1041 1060 3
1167 1060 1
1059 1060 1
1263 1061 1
1061 1062 1
1265 1062 1
1061 1063 1
1083 1063 1
1064 1063 2
1081 1064 1
1263 1064 1
1044 1064 1
1066 1065 1
1068 1067 2
1135 1067 1
1065 1067 1
1146 1068 3
1136 1068 1
1066 1068 1
1070 1069 1
1072 1071 6
1205 1071 1
1173 1071 1
1083 1071 1
1182 1071 1
1178 1071 1
1069 1071 1
1081 1072 7
1070 1072 2
1083 1073 1
1182 1073 1
1072 1073 6
1173 1073 1
1069 1073 1
1178 1073 1
1168 1073 1
1069 1074 1
1182 1074 1
1175 1074 1
1072 1074 5
1083 1074 1
1080 1074 1
1076 1075 3
1078 1077 3
1140 1079 1
1081 1080 1
1072 1082 2
1080 1082 1
1175 1082 1
1081 1083 1
1083 1084 1
1072 1084 1
1087 1086 3
1085 1086 3
1054 1088 1
1056 1089 1
1088 1089 1
1044 1090 1
1064 1091 2
1090 1091 1
1094 1093 1
1096 1095 3
1157 1095 1
1093 1095 1
1119 1095 1
1098 1096 4
1094 1096 2
1098 1097 1
1097 1099 1
1096 1099 2
1200 1099 1
1096 1100 3
1097 1100 1
1122 1100 1
1200 1100 1
1260 1101 3
1102 1103 3
1102 1104 3
1106 1105 1
1108 1107 1
1105 1107 1
1077 1108 1
1106 1108 1
1126 1109 1
1110 1111 3
1113 1112 1
1112 1114 1
1050 1114 1
1112 1115 1
1050 1115 1
1112 1116 1
1050 1116 1
1050 1117 1
1112 1117 1
1112 1118 1
1050 1118 1
1098 1119 1
1157 1120 1
1096 1120 2
1119 1120 1
1094 1122 1
1198 1127 1
1128 1127 2
1126 1129 1
1131 1130 1
1129 1130 1
1255 1131 1
1126 1131 1
1109 1132 1
1129 1132 1
1136 1135 1
1255 1137 1
1137 1138 1
1131 1138 1
1162 1140 1
1260 1140 3
1142 1143 3
1076 1145 3
1191 1148 1
1149 1148 2
1150 1151 3
1153 1152 1
1039 1156 1
1098 1157 1
1039 1158 1
1259 1160 1
1199 1161 1
1261 1161 2
1160 1161 1
1044 1163 1
1046 1164 1
1163 1164 1
1039 1167 1
1081 1168 1
1072 1169 2
1168 1169 1
1173 1169 1
1263 1170 1
1170 1171 1
1265 1171 1
1054 1172 1
1081 1173 1
1081 1175 1
1152 1176 1
1267 1177 1
1176 1177 1
1081 1178 1
1178 1179 1
1205 1179 1
1072 1179 2
1070 1182 1
1077 1183 1
1183 1184 1
1108 1184 1
1183 1185 1
1108 1185 1
1188 1187 1
1253 1189 1
1187 1189 1
1054 1193 1
1193 1194 1
1056 1194 1
1066 1196 1
1143 1199 1
1098 1200 1
1188 1201 1
1253 1202 1
1201 1202 1
1188 1203 1
1203 1204 1
1253 1204 1
1081 1205 1
1140 1206 1
1079 1207 1
1206 1207 1
1188 1253 3
1254 1253 3
1256 1257 3
1260 1259 3
1261 1259 1
1259 1261 1
1143 1261 1
1263 1262 1
1262 1264 1
1265 1264 1
1263 1265 3
1266 1267 1
1139 1267 2
1152 1267 1
1039 1268 1
