10289 10279 2
10280 10279 5
10437 10279 1
10291 10280 1
10433 10280 1
10407 10280 2
10432 10280 1
10435 10280 1
10431 10280 1
10434 10280 1
10289 10280 3
10316 10280 1
10281 10280 22
10331 10280 1
10402 10280 1
10437 10280 1
10279 10280 1
10291 10281 1
10407 10281 2
10337 10281 16
10282 10281 17
10437 10281 1
10289 10281 13
10331 10281 1
10284 10283 4
10285 10284 9
10491 10284 4
10287 10286 2
10591 10288 1
10469 10288 2
10289 10288 4
10437 10289 11
10450 10289 5
10600 10289 1
10288 10290 4
10454 10290 1
10401 10290 11
10563 10290 1
10291 10290 16
10395 10290 10
10599 10290 1
10394 10290 9
10407 10291 2
10437 10291 1
10289 10291 13
10400 10291 11
10331 10291 1
10280 10291 5
10288 10292 4
10454 10292 1
10599 10292 1
10281 10292 6
10563 10292 1
10294 10293 5
10288 10293 4
10295 10293 1
10437 10294 1
10319 10294 3
10289 10294 5
10288 10295 4
10294 10295 5
10294 10296 7
10454 10296 1
10365 10296 3
10381 10296 2
10288 10296 4
10295 10296 1
10454 10297 1
10330 10297 1
10281 10297 7
10406 10297 1
10381 10297 2
10288 10297 4
10288 10298 4
10289 10298 4
10565 10299 1
10288 10299 4
10300 10299 5
10341 10300 1
10289 10300 4
10302 10301 1
10302 10303 2
10301 10303 1
10301 10304 1
10302 10304 2
10303 10304 2
10302 10305 2
10303 10305 2
10303 10306 2
10302 10306 2
10303 10307 2
10302 10307 2
10302 10308 2
10303 10308 2
10303 10309 2
10302 10309 2
10302 10310 2
10303 10310 2
10302 10311 2
10303 10311 2
10302 10312 2
10303 10312 2
10302 10313 2
10303 10313 2
10303 10314 2
10302 10314 2
10316 10315 1
10609 10316 1
10280 10316 5
10437 10316 1
10469 10317 2
10563 10317 1
10599 10317 1
10454 10317 1
10618 10317 1
10554 10317 1
10536 10317 1
10430 10317 1
10619 10317 1
10494 10317 1
10607 10317 1
10315 10317 1
10280 10317 13
10451 10317 1
10315 10318 1
10316 10318 1
10371 10319 4
10289 10319 2
10320 10321 4
10320 10322 4
10324 10323 1
10348 10324 4
10340 10324 1
10324 10325 1
10323 10325 1
10324 10326 5
10323 10326 1
10347 10326 4
10339 10327 1
10324 10327 2
10323 10327 1
10329 10328 2
10331 10330 1
10285 10331 3
10381 10332 2
10330 10332 1
10406 10332 1
10280 10332 4
10454 10332 1
10291 10333 4
10381 10333 2
10330 10333 1
10406 10333 1
10330 10334 1
10395 10334 10
10281 10334 11
10381 10335 2
10406 10335 1
10291 10335 4
10330 10335 1
10408 10336 1
10330 10336 1
10337 10336 16
10395 10336 10
10401 10336 11
10560 10336 1
10463 10336 1
10331 10337 1
10400 10337 11
10409 10337 1
10289 10337 10
10543 10337 1
10437 10337 1
10454 10338 1
10281 10338 16
10336 10338 16
10340 10339 1
10284 10340 4
10285 10341 3
10343 10342 3
10512 10342 1
10567 10342 1
10405 10343 1
10513 10343 1
10342 10344 3
10345 10344 3
10343 10345 5
10508 10345 3
10416 10346 1
10580 10346 1
10381 10347 2
10348 10347 4
10601 10347 1
10289 10348 3
10482 10348 2
10481 10349 1
10348 10349 6
10381 10349 2
10347 10349 4
10465 10349 2
10601 10349 1
10300 10350 4
10300 10351 4
10437 10352 1
10281 10352 4
10354 10353 1
10478 10355 1
10523 10355 1
10356 10355 3
10353 10355 1
10617 10356 1
10285 10356 3
10354 10356 3
10523 10357 1
10356 10357 3
10353 10357 1
10478 10357 1
10356 10358 3
10478 10358 1
10353 10358 1
10523 10358 1
10360 10359 6
10523 10359 1
10418 10359 2
10501 10359 1
10353 10359 1
10478 10359 1
10354 10360 3
10322 10360 1
10501 10361 1
10478 10361 1
10523 10361 1
10360 10361 6
10353 10361 1
10418 10361 2
10353 10362 1
10523 10362 1
10478 10362 1
10356 10362 3
10478 10363 1
10418 10363 2
10360 10363 6
10353 10363 1
10523 10363 1
10501 10363 1
10501 10364 1
10353 10364 1
10478 10364 1
10418 10364 2
10360 10364 6
10523 10364 1
10319 10365 3
10469 10365 2
10294 10366 3
10365 10366 3
10368 10367 9
10370 10368 1
10370 10369 1
10373 10372 5
10514 10374 3
10372 10374 4
10368 10375 5
10367 10375 1
10556 10375 1
10345 10376 1
10281 10377 10
10377 10378 5
10377 10379 5
10377 10380 5
10454 10381 1
10289 10381 2
10381 10382 2
10601 10382 1
10348 10382 4
10590 10382 1
10381 10383 2
10384 10383 3
10289 10384 11
10386 10385 3
10383 10385 3
10384 10386 3
10388 10387 3
10586 10387 1
10381 10387 2
10437 10388 1
10487 10388 1
10281 10388 4
10289 10388 2
10381 10389 2
10586 10389 1
10388 10389 4
10568 10389 1
10586 10390 1
10381 10390 2
10388 10390 3
10388 10391 3
10381 10391 2
10586 10391 1
10388 10392 4
10381 10392 2
10586 10392 1
10568 10392 1
10381 10393 2
10289 10393 7
10436 10393 6
10454 10393 1
10289 10394 9
10532 10394 6
10381 10394 2
10289 10395 10
10394 10395 9
10454 10395 1
10384 10396 10
10395 10396 10
10395 10397 10
10563 10397 1
10454 10397 1
10281 10397 11
10563 10398 1
10395 10398 10
10291 10398 12
10599 10398 1
10395 10399 10
10400 10399 10
10289 10400 11
10395 10401 10
10400 10401 11
10403 10402 1
10289 10402 2
10280 10402 5
10289 10404 1
10400 10404 3
10345 10404 1
10437 10404 1
10285 10405 3
10407 10406 1
10371 10407 1
10409 10408 1
10492 10409 5
10371 10410 1
10410 10411 1
10407 10411 1
10352 10412 1
10352 10413 1
10412 10413 1
10412 10414 1
10352 10414 2
10352 10415 2
10414 10415 2
10285 10416 3
10417 10416 2
10600 10416 1
10540 10418 1
10360 10418 2
10360 10419 2
10540 10419 1
10418 10419 2
10360 10420 2
10418 10420 2
10501 10421 1
10418 10421 2
10523 10421 1
10360 10421 5
10478 10421 1
10360 10422 2
10418 10422 2
10360 10423 2
10418 10423 2
10360 10424 2
10418 10424 2
10418 10425 2
10360 10425 2
10428 10427 1
10427 10429 1
10428 10429 1
10431 10430 1
10280 10431 5
10280 10432 5
10280 10433 5
10280 10434 5
10280 10435 5
10553 10436 2
10530 10436 2
10454 10436 1
10437 10436 6
10507 10436 1
10449 10437 3
10600 10437 1
10446 10437 8
10447 10437 6
10531 10437 3
10541 10437 3
10289 10437 3
10448 10437 3
10343 10438 2
10567 10438 1
10438 10439 2
10512 10439 1
10343 10439 4
10439 10440 4
10343 10440 4
10439 10441 4
10345 10441 4
10343 10442 2
10438 10442 2
10509 10443 1
10438 10443 2
10581 10443 2
10444 10443 6
10622 10443 1
10346 10444 2
10416 10444 1
10343 10444 2
10513 10444 1
10438 10445 2
10343 10445 3
10512 10445 1
10432 10451 1
10566 10452 1
10453 10452 2
10437 10454 1
10507 10455 1
10437 10455 3
10463 10455 1
10454 10455 1
10568 10456 1
10454 10456 1
10388 10456 3
10586 10456 1
10586 10457 1
10568 10457 1
10388 10457 3
10454 10457 1
10352 10458 1
10454 10458 1
10289 10459 1
10454 10459 1
10289 10460 1
10454 10460 1
10352 10461 1
10454 10461 1
10289 10462 2
10454 10462 1
10463 10462 1
10437 10463 4
10454 10463 1
10499 10463 1
10454 10464 1
10289 10464 2
10463 10464 1
10454 10465 1
10289 10465 2
10465 10466 2
10454 10466 1
10289 10466 2
10388 10467 3
10568 10467 1
10586 10467 1
10454 10467 1
10454 10468 1
10289 10468 1
10289 10469 2
10454 10469 1
10384 10470 2
10469 10470 2
10469 10471 2
10279 10471 3
10554 10471 1
10454 10471 1
10469 10472 2
10319 10472 2
10469 10473 2
10400 10473 3
10591 10474 1
10561 10474 1
10404 10474 6
10473 10474 3
10507 10474 1
10454 10475 1
10316 10475 1
10454 10476 1
10289 10476 2
10476 10477 2
10402 10477 3
10619 10477 1
10354 10478 1
10356 10479 1
10478 10479 1
10523 10480 1
10360 10480 3
10501 10480 1
10478 10480 1
10482 10481 1
10371 10483 1
10483 10484 1
10539 10484 2
10319 10484 3
10319 10485 1
10483 10485 1
10284 10486 4
10498 10487 2
10519 10488 3
10374 10488 4
10374 10489 4
10488 10489 4
10285 10490 3
10493 10492 6
10346 10493 5
10280 10494 1
10437 10495 7
10345 10495 1
10370 10495 1
10368 10496 1
10437 10499 1
10495 10500 3
10556 10500 1
10561 10500 1
10499 10500 1
10322 10501 1
10490 10502 1
10289 10502 1
10289 10503 2
10463 10503 1
10533 10504 5
10289 10504 7
10503 10504 2
10502 10505 1
10502 10506 1
10505 10506 1
10437 10507 1
10416 10509 1
10371 10510 1
10510 10511 1
10319 10511 1
10513 10512 1
10535 10513 2
10285 10513 3
10600 10513 1
10321 10514 1
10516 10515 2
10518 10515 1
10608 10519 1
10514 10519 3
10593 10519 1
10437 10520 1
10520 10521 1
10495 10521 6
10561 10521 1
10556 10521 1
10495 10522 7
10521 10522 6
10573 10522 1
10354 10523 1
10356 10524 1
10523 10524 1
10346 10525 3
10574 10525 1
10579 10525 1
10493 10526 3
10525 10526 3
10545 10528 1
10502 10528 2
10502 10529 2
10528 10529 2
10531 10530 2
10545 10530 1
10437 10531 5
10490 10531 1
10572 10532 1
10585 10532 1
10530 10532 2
10553 10532 2
10437 10532 6
10437 10533 5
10553 10533 2
10572 10533 1
10530 10533 2
10495 10534 5
10533 10534 5
10434 10536 1
10371 10537 1
10537 10538 1
10371 10538 1
10537 10539 1
10371 10539 2
10360 10540 1
10490 10541 1
10437 10541 5
10351 10542 1
10544 10543 5
10493 10544 6
10490 10545 1
10545 10546 1
10502 10546 1
10502 10547 1
10545 10547 1
10545 10548 1
10502 10548 1
10551 10549 2
10502 10549 2
10545 10549 1
10545 10550 1
10502 10550 2
10551 10550 2
10502 10551 2
10545 10551 1
10502 10552 1
10545 10552 1
10541 10553 2
10545 10553 1
10279 10554 1
10495 10555 3
10557 10555 2
10521 10555 1
10370 10556 1
10495 10557 2
10556 10557 1
10497 10558 1
10497 10559 1
10558 10559 1
10543 10560 1
10345 10561 1
10611 10562 1
10610 10562 1
10291 10563 1
10281 10564 1
10563 10564 1
10341 10565 1
10405 10567 1
10388 10568 1
10388 10569 2
10586 10569 1
10568 10569 1
10568 10570 1
10388 10570 1
10388 10571 1
10568 10571 1
10541 10572 1
10495 10573 1
10416 10574 1
10346 10575 3
10581 10575 2
10574 10575 1
10581 10576 2
10346 10576 4
10574 10576 1
10576 10577 4
10346 10577 4
10493 10578 4
10576 10578 4
10580 10579 1
10285 10580 3
10346 10581 2
10579 10581 1
10581 10582 2
10346 10582 2
10584 10583 3
10531 10585 1
10487 10586 1
10388 10587 1
10586 10587 1
10586 10588 1
10388 10588 1
10388 10589 1
10586 10589 1
10482 10590 1
10289 10591 1
10285 10592 3
10514 10593 1
10593 10594 1
10514 10594 1
10596 10595 1
10596 10597 1
10595 10597 1
10595 10598 1
10596 10598 1
10407 10599 1
10348 10601 1
10289 10602 1
10602 10603 1
10502 10603 1
10602 10604 1
10502 10604 1
10502 10605 1
10602 10605 1
10435 10607 1
10321 10608 1
10351 10612 1
10612 10613 1
10542 10613 1
10542 10614 1
10612 10614 1
10542 10615 1
10612 10615 1
10433 10618 1
10402 10619 1
10284 10620 1
10620 10621 1
10284 10621 1
10513 10622 1
