610 33 1
47 33 4
33 34 4
564 36 3
488 37 1
562 38 1
37 38 1
509 39 1
562 40 1
564 41 3
564 42 3
562 43 1
43 44 1
511 44 1
43 45 1
511 45 2
51 45 1
43 46 1
511 46 1
500 48 1
493 48 1
572 49 1
562 51 1
509 54 1
572 55 1
572 56 1
488 57 1
57 58 1
497 58 1
535 59 1
497 60 1
488 61 1
561 62 1
61 62 1
543 63 1
490 488 4
491 488 4
493 488 4
489 488 3
492 488 4
561 490 1
497 491 1
561 492 1
562 492 1
499 493 5
495 494 3
497 496 1
569 497 3
499 497 4
488 497 1
499 498 3
51 498 1
496 498 1
588 498 1
560 499 9
562 499 1
561 499 1
497 499 1
493 499 4
588 500 1
51 500 1
496 500 1
499 500 4
51 501 1
499 501 3
496 501 1
588 501 1
499 502 4
588 502 1
51 502 1
496 502 1
502 503 4
493 503 4
496 504 1
588 504 1
51 504 1
499 504 4
496 505 1
491 505 1
507 506 1
541 507 3
509 508 2
506 508 1
543 509 1
507 509 1
557 509 1
542 509 1
576 510 4
508 510 2
511 510 6
497 511 1
509 511 27
562 511 2
561 511 2
509 512 3
506 512 1
511 513 7
512 513 3
576 513 4
509 514 3
506 514 1
514 515 3
511 515 7
576 515 4
506 516 1
509 516 3
576 517 4
516 517 3
511 517 7
509 518 3
506 518 1
511 519 7
576 519 4
518 519 3
509 520 2
506 520 1
520 521 2
511 521 6
576 521 4
506 522 1
509 522 3
511 523 7
522 523 3
576 523 4
506 524 1
509 524 2
511 525 6
576 525 4
524 525 2
506 526 1
509 526 3
576 527 4
526 527 3
511 527 7
509 528 2
506 528 1
511 529 6
576 529 4
528 529 2
506 530 1
509 530 3
530 531 3
511 531 7
576 531 4
506 532 1
509 532 5
63 532 1
568 532 1
566 532 1
532 533 5
511 533 5
535 534 1
570 535 3
56 536 1
537 536 5
59 536 1
584 536 1
534 536 1
55 536 1
572 537 2
35 537 3
535 537 3
534 538 1
55 538 1
537 538 4
584 538 1
59 538 1
59 539 1
584 539 1
55 539 1
537 539 6
534 539 1
539 540 6
537 540 6
541 542 3
541 543 3
541 544 3
541 545 3
541 557 5
557 558 4
504 559 1
499 559 1
488 561 1
499 561 4
499 562 4
488 562 1
569 562 3
564 563 3
564 565 3
557 566 1
557 567 1
566 567 1
542 568 1
572 571 1
571 573 1
574 573 1
572 574 1
561 575 1
511 576 4
43 576 1
575 576 1
60 576 1
511 577 5
576 577 4
603 577 1
511 578 5
576 578 4
39 578 1
511 579 5
576 579 4
587 579 1
54 580 1
576 580 4
511 580 5
60 581 1
575 581 1
43 581 1
511 581 3
489 582 3
535 584 1
585 586 3
509 587 1
561 588 1
588 589 1
51 589 1
43 589 1
511 589 3
511 590 1
588 590 1
588 591 1
511 591 1
511 592 1
588 592 1
588 593 1
490 593 1
511 594 1
588 594 1
490 595 1
588 595 1
588 596 1
511 596 1
588 597 1
511 597 1
588 598 1
511 598 1
588 599 1
511 599 1
511 600 1
588 600 1
588 601 1
511 601 1
588 602 1
40 602 1
492 602 2
509 603 1
539 604 1
605 604 1
537 605 1
572 606 1
606 607 1
49 607 1
608 607 2
572 608 2
