7023 7000 1
7001 7000 3
7023 7002 2
7003 7002 4
7022 7002 4
7069 7002 1
7007 7002 1
7002 7003 11
7059 7003 1
7012 7003 17
7069 7003 1
7005 7004 3
7023 7004 1
7007 7006 1
7075 7007 3
7069 7007 1
9494 7007 1
7007 7008 2
7080 7008 1
7006 7008 1
7113 7009 4
7002 7009 6
7006 7009 1
7046 7010 7
7088 7010 1
7079 7010 1
7003 7010 28
7065 7010 2
7037 7010 3
7051 7010 2
7011 7010 3
7009 7010 6
7047 7010 8
7165 7010 1
7070 7010 2
7131 7010 1
7102 7011 1
7012 7011 3
7118 7011 1
7003 7012 4
7015 7012 3
7022 7012 7
7023 7012 1
7005 7013 3
7076 7013 1
7024 7015 4
7061 7015 4
7028 7015 4
7014 7015 4
7000 7016 2
7124 7016 1
7016 7017 2
7018 7017 2
7000 7018 3
7077 7018 3
7078 7018 3
7018 7019 2
7016 7019 2
7016 7020 2
7018 7020 2
7015 7022 3
7023 7022 4
7139 7022 1
7076 7022 1
7021 7022 3
7028 7023 4
7029 7023 4
7024 7023 4
7027 7023 4
7026 7023 4
7023 7024 2
7015 7024 1
7025 7024 9
7004 7026 1
7000 7027 2
7069 7029 1
9495 7030 1
7031 7030 12
7033 7032 1
7085 7033 1
7081 7033 4
7032 7034 1
7033 7034 1
7036 7035 3
7015 7035 1
7002 7037 3
7102 7037 1
7148 7037 1
7013 7038 1
7038 7039 1
7040 7039 1
7013 7040 3
7042 7041 1
7141 7042 1
7075 7042 3
7044 7043 2
7129 7043 1
7041 7043 1
7049 7044 1
7023 7044 3
7042 7044 1
7022 7044 1
7015 7044 2
9492 7045 1
7110 7045 1
7022 7045 3
7012 7046 7
7101 7046 4
7045 7046 3
7101 7047 5
7012 7047 8
7045 7047 3
7049 7048 1
7075 7049 3
7048 7050 1
7044 7050 1
7012 7051 2
9492 7051 1
7036 7052 3
7023 7052 1
7030 7053 4
7013 7054 1
7054 7055 1
7040 7055 1
7030 7056 4
7030 7057 4
7059 7058 1
7063 7059 2
7087 7059 1
7015 7059 3
7062 7059 3
7058 7060 1
7061 7060 1
7059 7061 4
7023 7064 1
7064 7065 1
7002 7065 2
7000 7066 1
7064 7066 1
7004 7067 1
7064 7067 1
7064 7068 1
7069 7068 1
7023 7069 1
7063 7069 2
7062 7069 3
7087 7069 1
9496 7070 1
7012 7070 2
7018 7071 1
7071 7072 1
7154 7072 2
7073 7072 3
7018 7073 3
7075 7074 3
7040 7076 4
7024 7076 4
7012 7079 1
7069 7080 1
7082 7081 4
7114 7081 2
7166 7081 1
7030 7083 4
7106 7084 1
7107 7084 1
7085 7086 3
7012 7088 1
7018 7089 2
7023 7090 1
7090 7091 1
7052 7091 1
7015 7092 1
7094 7093 1
7092 7093 1
7036 7094 3
7015 7094 1
7044 7095 1
7092 7095 1
7004 7096 1
7026 7097 1
7096 7097 1
7096 7098 1
7026 7098 1
7076 7099 1
7013 7100 1
7099 7100 1
7144 7101 1
7022 7101 5
9492 7101 1
7130 7101 1
7023 7102 1
7102 7103 1
7044 7103 1
7137 7104 1
7024 7104 3
7144 7104 1
7102 7104 1
7118 7105 1
7102 7105 1
7022 7105 2
7033 7108 1
7033 7109 1
7108 7109 1
7022 7110 1
7022 7111 2
7110 7111 1
7120 7111 1
7044 7112 1
7110 7112 1
7110 7113 1
7140 7113 1
7117 7113 1
7022 7113 4
7018 7115 1
7115 7116 1
7142 7116 1
7089 7116 2
7015 7117 1
7015 7118 1
7059 7119 2
9496 7119 1
7118 7119 1
7076 7120 1
7122 7123 3
7000 7124 1
7124 7125 1
7027 7125 1
7124 7126 1
7018 7126 1
7027 7127 1
7124 7127 1
7075 7128 3
7023 7129 1
7022 7130 1
7069 7131 1
7013 7132 1
7132 7133 1
7040 7133 1
7059 7134 1
7061 7135 1
7134 7135 1
7030 7136 4
7015 7137 1
7137 7138 1
7059 7138 1
7023 7140 1
7018 7142 1
7142 7143 1
7089 7143 1
7023 7144 1
7059 7145 1
7061 7146 1
7145 7146 1
7145 7147 1
7061 7147 1
7069 7148 1
7148 7149 1
7029 7149 1
7148 7150 1
7069 7150 1
7033 7151 1
7151 7152 1
7033 7152 1
7075 7153 3
7018 7154 2
7157 7154 1
7059 7155 1
7155 7156 1
7061 7156 1
7000 7157 1
7157 7158 1
7018 7158 1
7157 7159 1
7018 7159 1
7018 7160 1
7157 7160 1
7157 7161 1
7018 7161 1
7018 7162 1
7157 7162 1
7018 7163 1
7157 7163 1
7018 7164 1
7157 7164 1
7059 7165 1
7023 7167 1
7167 7168 1
7044 7168 1
7015 7169 1
7169 7170 1
7044 7170 1
7033 7171 1
7171 7172 1
7033 7172 1
7023 7173 1
7022 7174 1
7173 7174 1
7033 7175 1
7033 7176 1
7175 7176 1
7000 7177 1
7177 9491 1
7027 9491 1
7015 9492 1
9492 9493 1
7035 9493 1
7015 9496 1
