5684 5683 3
5683 5686 2
9596 5686 1
5688 5686 1
9576 5686 1
5688 5687 1
5684 5688 3
9581 5689 1
5687 5689 1
5686 5689 3
5686 5690 7
9574 5690 2
5689 5690 3
9568 5690 2
5692 5691 3
5689 5691 3
5686 5692 3
9556 5692 3
5692 5693 3
5689 5693 3
5692 5694 3
5689 5694 3
5689 5695 3
5692 5695 3
5686 5696 7
5689 5696 3
9568 5696 2
9574 5696 2
9558 9557 3
5684 9559 3
5684 9560 3
5688 9561 1
9563 9562 1
9561 9562 1
9584 9563 1
5688 9563 1
9588 9563 1
9585 9563 1
9563 9564 1
9561 9564 1
9566 9565 3
5684 9567 3
9575 9568 1
5686 9568 2
5684 9569 3
9583 9571 1
9569 9571 1
5684 9572 3
5683 9573 1
9573 9574 1
5686 9574 2
5683 9575 1
5684 9576 3
9586 9578 2
9560 9578 1
9588 9578 2
9577 9578 1
9569 9579 1
9571 9580 1
9579 9580 1
9576 9581 1
9588 9587 1
9595 9589 1
9587 9589 1
9578 9589 2
9587 9590 1
9563 9590 1
9587 9591 1
9563 9591 1
9560 9592 1
9592 9593 1
9578 9593 1
9588 9595 1
9596 9597 1
9597 9598 1
5686 9598 1
