12568 8003 1
8004 8003 2
8003 8005 1
11233 11047 1
11290 11047 1
11289 11047 1
11056 11047 1
11266 11047 1
11048 11047 33
11316 11047 1
12850 11047 1
11160 11047 1
11170 11047 1
11228 11047 1
8005 11047 1
12527 11047 1
12525 11047 1
11257 11047 1
12851 11047 1
11232 11047 1
14640 11047 1
11243 11047 1
11314 11047 1
11337 11047 1
12980 11047 1
11265 11047 1
14650 11047 1
12558 11047 1
11991 11047 1
11965 11047 1
11322 11047 1
12862 11047 1
12529 11047 1
11336 11047 1
11231 11047 1
12588 11047 1
11242 11047 1
11171 11048 9
8003 11048 1
11057 11048 7
11992 11048 8
11261 11048 1
11161 11048 7
11194 11048 5
11212 11048 3
11050 11049 1
11049 11051 1
11052 11051 6
11209 11051 1
11310 11051 1
11205 11051 1
14675 11051 1
12550 11052 3
11050 11052 5
11963 11053 1
12587 11053 1
11300 11053 1
11051 11053 6
11969 11053 1
12516 11053 1
11054 11053 11
11256 11054 1
11050 11054 2
11964 11054 5
11052 11054 6
11054 11055 6
11051 11055 6
11057 11056 1
11056 11058 1
11160 11058 1
11059 11058 5
12525 11058 1
12527 11058 1
11057 11059 3
11992 11059 3
11171 11059 3
11957 11059 1
11161 11059 3
12485 11059 3
11058 11060 5
11157 11060 5
11334 11060 1
11174 11060 5
12521 11060 1
14653 11060 1
11059 11060 18
11062 11061 4
11063 11062 7
11957 11062 1
11063 11064 3
11066 11065 1
11111 11066 10
11057 11066 3
11137 11066 3
11299 11067 1
11327 11067 1
11065 11067 1
14650 11067 1
11175 11067 1
12863 11067 1
11305 11067 1
11110 11067 1
11285 11067 1
11066 11067 9
12861 11069 2
11068 11069 1
11992 11070 2
11068 11070 1
11241 11070 2
12490 11071 2
11118 11071 1
11114 11071 2
11068 11071 1
11962 11072 2
11068 11072 1
11171 11072 4
11068 11073 1
11057 11073 1
12511 11073 2
11171 11074 1
12530 11074 2
11057 11074 1
12485 11074 1
11161 11074 1
11212 11074 10
11992 11074 1
11972 11074 1
11068 11074 1
11308 11075 2
11068 11075 1
11161 11075 2
11077 11076 1
11076 11078 1
11079 11078 1
11077 11079 9
11974 11079 1
11155 11079 3
11156 11079 2
11081 11080 1
11083 11082 4
11252 11082 1
11986 11082 1
11301 11082 1
11080 11082 1
11081 11083 12
11166 11083 10
11212 11083 6
11091 11083 1
11164 11083 4
11085 11083 4
11137 11083 3
12561 11083 2
11972 11083 1
12485 11083 1
14643 11083 2
12586 11083 1
11141 11083 15
11215 11083 9
11080 11084 1
11085 11084 1
11215 11085 1
11091 11085 1
11081 11085 6
11137 11085 5
11085 11086 2
11080 11086 1
11989 11086 1
11080 11087 1
11085 11087 1
11080 11088 1
11085 11088 1
11236 11089 1
11083 11089 7
12523 11089 2
11301 11089 1
11080 11089 1
12570 11089 2
11301 11090 1
11080 11090 1
12588 11090 1
11184 11090 1
11091 11090 4
11081 11091 10
12561 11091 1
11141 11091 12
11212 11091 5
11080 11092 1
11091 11092 8
11301 11092 1
12588 11092 1
14677 11092 1
12570 11092 2
12523 11092 2
11301 11093 1
14677 11093 1
12580 11093 1
11080 11093 1
12523 11093 2
12588 11093 1
11184 11093 1
12570 11093 2
11091 11093 10
12570 11094 2
11184 11094 1
11091 11094 10
11301 11094 1
11080 11094 1
12588 11094 1
14677 11094 1
12580 11094 1
12523 11094 2
12580 11095 1
12588 11095 1
12523 11095 2
11091 11095 9
11184 11095 1
11301 11095 1
12570 11095 2
11080 11095 1
11091 11096 3
12588 11096 1
11301 11096 1
11080 11096 1
11301 11097 1
11091 11097 10
12580 11097 1
14677 11097 1
11184 11097 1
12570 11097 2
11080 11097 1
12523 11097 2
12588 11097 1
12570 11098 2
12580 11098 1
11184 11098 1
14677 11098 1
11080 11098 1
12588 11098 1
12523 11098 2
11301 11098 1
11091 11098 10
14677 11099 1
11080 11099 1
11091 11099 2
11080 11100 1
11091 11100 2
14677 11100 1
11332 11101 1
11085 11101 7
14648 11101 1
14674 11101 1
11264 11101 1
11080 11101 1
12534 11101 1
12001 11101 1
11091 11102 2
11080 11102 1
14677 11102 1
14677 11103 1
11080 11103 1
11091 11103 2
12001 11104 1
11085 11104 7
14648 11104 1
11264 11104 1
11332 11104 1
12534 11104 1
11080 11104 1
14674 11104 1
11080 11105 1
11301 11105 1
11184 11105 1
14677 11105 1
11091 11105 7
12523 11105 2
12588 11105 1
11080 11106 1
11091 11106 1
12567 11107 1
11108 11107 2
11111 11110 1
11113 11112 3
11116 11115 1
11200 11117 1
11118 11117 7
11115 11117 1
14659 11117 1
11958 11117 1
11251 11117 1
12494 11117 1
11116 11118 6
12563 11118 3
11117 11119 7
11120 11119 9
11320 11119 1
11189 11119 1
11124 11120 1
11137 11120 3
11118 11120 7
11116 11120 5
11254 11120 2
11120 11121 9
11189 11121 1
11320 11121 1
11117 11121 7
11117 11122 7
11320 11122 1
11189 11122 1
11120 11122 9
11117 11123 7
11124 11123 7
11118 11124 8
11120 11125 8
11117 11125 7
11189 11125 1
11127 11126 1
11126 11128 1
12592 11128 1
11170 11128 1
11324 11128 1
11129 11128 8
12538 11128 1
11227 11128 1
12501 11128 1
12565 11128 1
11137 11129 3
11171 11129 1
11127 11129 9
11131 11130 55
11284 11130 1
12580 11130 1
12860 11130 1
11237 11130 1
11979 11130 1
14693 11130 1
11175 11130 1
11259 11130 1
12534 11130 1
12591 11130 1
12544 11130 1
12979 11130 1
14642 11130 1
11321 11130 1
14646 11130 1
11304 11130 1
14694 11130 1
14664 11130 1
14691 11130 1
12531 11130 1
14681 11130 1
14648 11130 1
14677 11130 1
11181 11130 1
12507 11130 1
11283 11130 1
11249 11130 1
11307 11130 1
11286 11130 1
11264 11130 1
11323 11130 1
11306 11130 1
11230 11130 1
14697 11130 1
11126 11130 1
14686 11130 1
12503 11130 1
11281 11130 1
12517 11130 1
11325 11130 1
11282 11130 1
14670 11130 1
11184 11130 1
12853 11130 1
11295 11130 1
12001 11130 1
12492 11130 1
11234 11130 1
11140 11130 1
12981 11130 1
12864 11130 1
11998 11130 1
12857 11130 1
11277 11130 1
14679 11130 1
11960 11131 8
11111 11131 7
11127 11131 6
11081 11131 9
12535 11131 1
11141 11131 19
14643 11131 3
14696 11131 1
11182 11131 7
11281 11132 1
11129 11132 2
11126 11132 1
11126 11133 1
11281 11133 1
11129 11133 2
11129 11134 2
11281 11134 1
11126 11134 1
11126 11135 1
11281 11135 1
11129 11135 2
11126 11136 1
11281 11136 1
11129 11136 2
11138 11139 3
11141 11140 1
12001 11142 1
14660 11142 1
12507 11142 1
11325 11142 1
11293 11142 1
14687 11142 1
11295 11142 1
12543 11142 1
11301 11142 1
11263 11142 1
14669 11142 1
11183 11142 1
11083 11142 33
11284 11142 1
11271 11142 1
12570 11142 2
12523 11142 2
11304 11142 1
11180 11142 1
12564 11142 1
11993 11142 1
14670 11142 1
11196 11142 1
12580 11142 1
14690 11142 1
11140 11142 1
14646 11142 1
14648 11142 1
11283 11142 1
11237 11142 1
11277 11142 1
11236 11142 1
11301 11143 1
11993 11143 1
11304 11143 1
11140 11143 1
11325 11143 1
11295 11143 1
11284 11143 1
12507 11143 1
11183 11143 1
11277 11143 1
11283 11143 1
11237 11143 1
14690 11143 1
12580 11143 1
11263 11143 1
11196 11143 1
14646 11143 1
12570 11143 2
11293 11143 1
14648 11143 1
11271 11143 1
14669 11143 1
14670 11143 1
14687 11143 1
11083 11143 32
14660 11143 1
11236 11143 1
12001 11143 1
12564 11143 1
11180 11143 1
12523 11143 2
14648 11144 1
14670 11144 1
11283 11144 1
11237 11144 1
11277 11144 1
12570 11144 2
14687 11144 1
14646 11144 1
11183 11144 1
11304 11144 1
12507 11144 1
12523 11144 2
11196 11144 1
14660 11144 1
11295 11144 1
11284 11144 1
11140 11144 1
14690 11144 1
12580 11144 1
11083 11144 25
12564 11144 1
11325 11144 1
11263 11144 1
12001 11144 1
11277 11145 1
12523 11145 2
12570 11145 2
12001 11145 1
14687 11145 1
12580 11145 1
11325 11145 1
11989 11145 1
14676 11145 1
11295 11145 1
14660 11145 1
11214 11145 1
11140 11145 1
12564 11145 1
12528 11145 1
14690 11145 1
12498 11145 1
11083 11145 25
11301 11145 1
12854 11145 1
11196 11145 1
14648 11145 1
11284 11145 1
11183 11145 1
11091 11146 21
14648 11146 1
11259 11146 1
12860 11146 1
14693 11146 1
11307 11146 1
11264 11146 1
12853 11146 1
11277 11146 1
11184 11146 1
11323 11146 1
11332 11146 1
14677 11146 1
12001 11146 1
11321 11146 1
12534 11146 1
12979 11146 1
11325 11146 1
11282 11146 1
11140 11146 1
12857 11146 1
12580 11146 1
11259 11147 1
11091 11147 21
11264 11147 1
12534 11147 1
11184 11147 1
12001 11147 1
11307 11147 1
11332 11147 1
11277 11147 1
11321 11147 1
14693 11147 1
11140 11147 1
11323 11147 1
11325 11147 1
12580 11147 1
12853 11147 1
14677 11147 1
12860 11147 1
14648 11147 1
11282 11147 1
12979 11147 1
12857 11147 1
11264 11148 1
12534 11148 1
12857 11148 1
11325 11148 1
11323 11148 1
11332 11148 1
11091 11148 21
12001 11148 1
11140 11148 1
11277 11148 1
12580 11148 1
11259 11148 1
14693 11148 1
11307 11148 1
11184 11148 1
14648 11148 1
14677 11148 1
11282 11148 1
12860 11148 1
12979 11148 1
12853 11148 1
11321 11148 1
11184 11149 1
11332 11149 1
11277 11149 1
11323 11149 1
11259 11149 1
11325 11149 1
12534 11149 1
12857 11149 1
14693 11149 1
12580 11149 1
14648 11149 1
14677 11149 1
12001 11149 1
11140 11149 1
11282 11149 1
11264 11149 1
12979 11149 1
12853 11149 1
11307 11149 1
11321 11149 1
12860 11149 1
11091 11149 21
11091 11150 18
12534 11150 1
11321 11150 1
14648 11150 1
11140 11150 1
11325 11150 1
11282 11150 1
11332 11150 1
11323 11150 1
12860 11150 1
11277 11150 1
12001 11150 1
11307 11150 1
12853 11150 1
12857 11150 1
14693 11150 1
12580 11150 1
11264 11150 1
11259 11150 1
11282 11151 1
12857 11151 1
11259 11151 1
12534 11151 1
12860 11151 1
11277 11151 1
11140 11151 1
11307 11151 1
11264 11151 1
14693 11151 1
14648 11151 1
11091 11151 21
11184 11151 1
11323 11151 1
14677 11151 1
11321 11151 1
12979 11151 1
11332 11151 1
12001 11151 1
11325 11151 1
12853 11151 1
12580 11151 1
12534 11152 1
12001 11152 1
11264 11152 1
12857 11152 1
11332 11152 1
12853 11152 1
14677 11152 1
11307 11152 1
11140 11152 1
11325 11152 1
11282 11152 1
11321 11152 1
12979 11152 1
11277 11152 1
11259 11152 1
12580 11152 1
14693 11152 1
12860 11152 1
11091 11152 21
11184 11152 1
14648 11152 1
11323 11152 1
11259 11153 1
14648 11153 1
11277 11153 1
11323 11153 1
14693 11153 1
12001 11153 1
11325 11153 1
12857 11153 1
11321 11153 1
12580 11153 1
12979 11153 1
11307 11153 1
11264 11153 1
11184 11153 1
11282 11153 1
11091 11153 21
11140 11153 1
11332 11153 1
14677 11153 1
12534 11153 1
12853 11153 1
12860 11153 1
11325 11154 1
12580 11154 1
11996 11154 10
11995 11154 3
12486 11154 3
14669 11154 1
14693 11154 1
12497 11154 2
11271 11154 1
11264 11154 1
14648 11154 1
11332 11154 1
11083 11154 21
11335 11154 1
12534 11154 1
12569 11154 1
14674 11154 1
11293 11154 1
11993 11154 1
11140 11154 1
11991 11157 1
11965 11157 1
12862 11157 1
11265 11157 1
11059 11157 5
11159 11158 3
11161 11160 1
11137 11162 3
11960 11162 11
11992 11162 1
11164 11163 1
12855 11165 1
11247 11165 1
11166 11165 15
11968 11165 1
11163 11165 1
12585 11165 1
11996 11165 10
11261 11166 1
12485 11166 1
11164 11166 9
11077 11167 1
12513 11168 2
11240 11168 1
11079 11168 4
11167 11168 1
11063 11169 3
11171 11170 1
12575 11172 1
11322 11172 1
11338 11172 1
11231 11172 1
11170 11172 1
11048 11172 12
11336 11172 1
11233 11172 1
14654 11172 1
12850 11172 1
11311 11172 1
11290 11172 1
11305 11172 1
12521 11173 1
11322 11173 1
12570 11173 2
14650 11173 1
11074 11173 8
11326 11173 1
11170 11173 1
12850 11173 1
11170 11174 1
11322 11174 1
14650 11174 1
11059 11174 5
12850 11174 1
11111 11175 1
11066 11176 2
12591 11176 1
11175 11176 1
11066 11177 2
11175 11177 1
12591 11177 1
11179 11178 3
11081 11180 1
11182 11181 1
11141 11183 1
11141 11184 1
14677 11185 1
11321 11185 1
11323 11185 1
11307 11185 1
11184 11185 1
14648 11185 1
11282 11185 1
11186 11185 16
12534 11185 1
12857 11185 1
11259 11185 1
12979 11185 1
12860 11185 1
12001 11185 1
11264 11185 1
14693 11185 1
12853 11185 1
11141 11186 8
11081 11186 8
11091 11186 4
11184 11187 1
14677 11187 1
11186 11187 2
11184 11188 1
12001 11188 1
11091 11188 7
11332 11188 1
14648 11188 1
11264 11188 1
11321 11188 1
12534 11188 1
11116 11189 1
11191 11190 3
11192 11190 3
11194 11193 1
11048 11195 1
11193 11195 1
11141 11196 1
12570 11197 2
11083 11197 3
11196 11197 1
12507 11198 1
14646 11198 1
12854 11198 1
11196 11198 1
11280 11198 1
11264 11198 1
11332 11198 1
12580 11198 1
12569 11198 1
14693 11198 1
12521 11198 1
14674 11198 1
11244 11198 1
12534 11198 1
11319 11198 1
12543 11198 1
12001 11198 1
11083 11198 17
12001 11199 1
11196 11199 1
14674 11199 1
12580 11199 1
11083 11199 12
14648 11199 1
11244 11199 1
11264 11199 1
14651 11199 1
12570 11199 2
11332 11199 1
12534 11199 1
11116 11200 1
12494 11201 1
11120 11201 5
11251 11201 1
11985 11201 1
14659 11201 1
11200 11201 1
11171 11202 2
12488 11202 2
12485 11202 1
11161 11202 2
11222 11202 4
11992 11202 2
11077 11203 1
11975 11204 1
11079 11204 2
11203 11204 1
11050 11205 1
11137 11206 3
12552 11206 1
11081 11206 1
12561 11206 2
11212 11206 1
11091 11206 1
11137 11207 3
11161 11207 1
11182 11207 10
11137 11208 3
11050 11209 1
11969 11210 1
11054 11210 5
11310 11210 1
11298 11210 1
11963 11210 1
11209 11210 1
11212 11211 1
12485 11212 1
11261 11212 1
11211 11213 1
11074 11213 1
11215 11214 1
11272 11215 1
12523 11216 2
14676 11216 1
11214 11216 1
11217 11216 5
14651 11216 1
11212 11217 5
11215 11217 2
12507 11218 1
12523 11218 2
11083 11218 7
12528 11218 1
11214 11218 1
14646 11218 1
14676 11218 1
11083 11219 7
11214 11219 1
14646 11219 1
12507 11219 1
14676 11219 1
12528 11219 1
12523 11219 2
12507 11220 1
12528 11220 1
11214 11220 1
14676 11220 1
14646 11220 1
11083 11220 5
11222 11221 1
11202 11223 6
11336 11223 1
11333 11223 1
11231 11223 1
11226 11223 1
11221 11223 1
11233 11223 1
11077 11224 1
12584 11225 1
11079 11225 2
11224 11225 1
11222 11226 1
11127 11227 1
11992 11228 1
11182 11229 1
11960 11230 1
11171 11231 1
11171 11232 1
11161 11233 1
11960 11234 1
11162 11235 1
11234 11235 1
11141 11236 1
11141 11237 1
11077 11240 1
11992 11242 1
11212 11243 1
11972 11244 1
11074 11245 1
11244 11245 1
11074 11246 2
11244 11246 1
11262 11246 1
11164 11247 1
11182 11249 1
11207 11250 1
11249 11250 1
11116 11251 1
12561 11252 1
11254 11253 1
11120 11255 1
11253 11255 1
11161 11257 1
12488 11258 1
11141 11259 1
11261 11260 1
11212 11262 1
11141 11263 1
11081 11264 1
11171 11265 1
11992 11266 1
11070 11267 1
11266 11267 1
11083 11269 1
11164 11271 1
11957 11273 1
11273 11274 1
11059 11274 1
11273 11275 1
11062 11275 1
11062 11276 1
11273 11276 1
11141 11277 1
11212 11278 1
11278 11279 1
11074 11279 1
11081 11280 1
11127 11281 1
11141 11282 1
11141 11283 1
14643 11284 1
11111 11285 1
14696 11286 1
12546 11287 1
11286 11287 1
11286 11288 1
12546 11288 1
11194 11289 1
11057 11290 1
11182 11291 1
12555 11292 1
11164 11293 1
14643 11295 1
11295 11296 1
12502 11296 1
11182 11297 1
11256 11298 1
11111 11299 1
11964 11300 1
12561 11301 1
11194 11303 1
11141 11304 1
11057 11305 1
11141 11306 1
11141 11307 1
11050 11310 1
11171 11311 1
11072 11312 1
11311 11312 1
11311 11313 1
11072 11313 1
11171 11314 1
11161 11316 1
12485 11317 1
11960 11318 1
11081 11319 1
11254 11320 1
11081 11321 1
11161 11322 1
11141 11323 1
11127 11324 1
11141 11325 1
11212 11326 1
11111 11327 1
11081 11329 1
11206 11330 1
11329 11330 1
11329 11331 1
11206 11331 1
11081 11332 1
11222 11333 1
12485 11334 1
11215 11335 1
11992 11336 1
11261 11337 1
11194 11338 1
11956 11957 3
11116 11958 1
11960 11959 1
12548 11961 1
11318 11961 1
12850 11961 1
12547 11961 1
11162 11961 8
14661 11961 1
11959 11961 1
14678 11961 1
14697 11961 1
11964 11963 1
11161 11965 1
11190 11966 1
11190 11967 1
11966 11967 1
11164 11968 1
11964 11969 1
11064 11970 2
11970 11971 1
11064 11971 1
11973 11972 3
11077 11975 1
11977 11976 3
11064 11978 1
11970 11978 1
11111 11979 1
14640 11980 1
11979 11980 1
11066 11980 2
11131 11981 1
12549 11981 1
11982 11981 2
11118 11983 1
11983 11984 1
11071 11984 1
11983 11985 1
11124 11985 2
11081 11986 1
11986 11987 1
12547 11987 1
11131 11987 5
11299 11987 1
12565 11987 1
11297 11987 1
14685 11988 1
11986 11988 1
11332 11988 1
14674 11988 1
12534 11988 1
12001 11988 1
11083 11988 9
11264 11988 1
14648 11988 1
11269 11988 1
11215 11989 1
11062 11990 4
11992 11991 1
11164 11993 1
11293 11994 1
11271 11994 1
12523 11994 2
11236 11994 1
14648 11994 1
14669 11994 1
14687 11994 1
14660 11994 1
12570 11994 2
11083 11994 15
12001 11994 1
12564 11994 1
11301 11994 1
11993 11994 1
11166 11995 3
11993 11995 1
11260 11995 1
11166 11996 10
12486 11996 3
12497 11996 2
11293 11996 1
11995 11996 3
14674 11997 1
14648 11997 1
14693 11997 1
11996 11997 10
12580 11997 1
11083 11997 18
12534 11997 1
12001 11997 1
11264 11997 1
11332 11997 1
11182 11998 1
11207 11999 2
11998 11999 1
11297 11999 1
11141 12000 3
11081 12001 1
12523 12002 2
14687 12002 1
11083 12002 11
14648 12002 1
11236 12002 1
12001 12002 1
11301 12002 1
12564 12002 1
14660 12002 1
12570 12002 2
14687 12003 1
14660 12003 1
14648 12003 1
12564 12003 1
11083 12003 11
11301 12003 1
11236 12003 1
12001 12003 1
12570 12003 2
12523 12003 2
11301 12469 1
11083 12469 10
14648 12469 1
11236 12469 1
12001 12469 1
14687 12469 1
12523 12469 2
12564 12469 1
12570 12469 2
12507 12470 1
11263 12470 1
11244 12470 1
14676 12470 1
14670 12470 1
12580 12470 1
14648 12470 1
11304 12470 1
11283 12470 1
11083 12470 12
14646 12470 1
12001 12470 1
11237 12470 1
12534 12471 1
12001 12471 1
11264 12471 1
11332 12471 1
14674 12471 1
12580 12471 1
11083 12471 8
14693 12471 1
14648 12471 1
12580 12472 1
14648 12472 1
11264 12472 1
11332 12472 1
12534 12472 1
11083 12472 8
14674 12472 1
12001 12472 1
14693 12472 1
11332 12473 1
14648 12473 1
14693 12473 1
12534 12473 1
12001 12473 1
14674 12473 1
11083 12473 8
11264 12473 1
12580 12473 1
11091 12474 6
12001 12474 1
14677 12474 1
11332 12474 1
14648 12474 1
12534 12474 1
11264 12474 1
12001 12475 1
14674 12475 1
14648 12475 1
11264 12475 1
11332 12475 1
11085 12475 6
12534 12475 1
11264 12476 1
14677 12476 1
12534 12476 1
12001 12476 1
11091 12476 5
14648 12476 1
11332 12477 1
11091 12477 6
11264 12477 1
14648 12477 1
14677 12477 1
12001 12477 1
12534 12477 1
14648 12478 1
12001 12478 1
12534 12478 1
11264 12478 1
11085 12478 6
11332 12478 1
14674 12478 1
12534 12479 1
14677 12479 1
12001 12479 1
14648 12479 1
11091 12479 5
11264 12479 1
11179 12480 3
11120 12481 3
14659 12481 1
11985 12481 1
12494 12481 1
11985 12482 1
12494 12482 1
11120 12482 3
14659 12482 1
14659 12483 1
11120 12483 3
12494 12483 1
11985 12483 1
11985 12484 1
11124 12484 1
12521 12486 1
11271 12486 1
11166 12486 3
12488 12487 1
12487 12489 1
12490 12489 1
12488 12490 3
11258 12491 1
11317 12491 1
11311 12491 1
12554 12491 1
11202 12491 7
14654 12491 1
12575 12491 1
12487 12491 1
11960 12492 1
11162 12493 2
12547 12493 1
12492 12493 1
11116 12494 1
11182 12495 1
11207 12496 8
14649 12496 1
11297 12496 1
11229 12496 1
12512 12496 1
11291 12496 1
12495 12496 1
11322 12496 1
14686 12496 1
14669 12497 1
11166 12497 2
11215 12498 1
11063 12499 3
11127 12501 1
14643 12502 3
11111 12503 1
12503 12504 1
11066 12504 1
11309 12505 1
12506 12505 2
11141 12507 1
14646 12508 1
12000 12508 3
12507 12508 1
11306 12508 1
12000 12509 3
14646 12509 1
11306 12509 1
12507 12509 1
12507 12510 1
12000 12510 2
14646 12510 1
11182 12512 1
11077 12513 2
12514 12515 3
11964 12516 1
11960 12517 1
12517 12518 1
11162 12518 2
14697 12518 1
14697 12519 1
12517 12519 1
11162 12519 2
11162 12520 2
14697 12520 1
12517 12520 1
12485 12521 1
12521 12522 1
14651 12522 1
12570 12522 2
11074 12522 4
11212 12523 2
12521 12523 1
12523 12524 2
11217 12524 2
11171 12525 1
11992 12527 1
11215 12528 1
11057 12529 1
11127 12531 1
11258 12532 1
12490 12532 2
12532 12533 2
11071 12533 2
11081 12534 1
12536 12537 3
11129 12538 1
11309 12540 1
12541 12540 2
11215 12543 1
11182 12544 1
11207 12545 1
12544 12545 1
14696 12546 1
11960 12547 1
11162 12548 1
12552 12551 1
14674 12553 1
12551 12553 1
11206 12553 3
12569 12553 1
11222 12554 1
11212 12558 2
11074 12559 1
12558 12559 1
11301 12560 1
12561 12560 2
12560 12562 2
11329 12562 1
11206 12562 3
11215 12564 1
11127 12565 1
12565 12566 1
12981 12566 1
11129 12566 2
11212 12569 1
11260 12570 1
11212 12570 2
12570 12571 2
11217 12571 2
12573 12572 1
11161 12575 1
12575 12576 1
11075 12576 1
11075 12577 1
12575 12577 1
11141 12580 1
11332 12581 1
14674 12581 1
12580 12581 1
11083 12581 4
11244 12581 1
12583 12582 3
11077 12584 1
11164 12585 1
11964 12587 1
11212 12588 2
11212 12589 1
12589 12590 1
11074 12590 1
11111 12591 1
11127 12592 1
11194 12593 1
11048 12594 6
11290 12594 1
11303 12594 1
11336 12594 1
12593 12594 1
11231 12594 1
11233 12594 1
11139 12595 1
12849 12596 2
12595 12596 1
11292 12596 1
12555 12849 1
11139 12849 1
11992 12850 1
11171 12851 1
12851 12852 1
11314 12852 1
11232 12852 1
11072 12852 3
11081 12853 1
11215 12854 1
11164 12855 1
11081 12857 1
11141 12860 1
11057 12862 1
11111 12863 1
11960 12864 1
11162 12975 1
12864 12975 1
12978 12977 2
11309 12977 1
11141 12979 1
11171 12980 1
11127 12981 1
11057 14640 1
14640 14641 1
11073 14641 1
14643 14642 1
11284 14644 1
14642 14644 1
12502 14644 3
11295 14644 1
14642 14645 1
11295 14645 1
12502 14645 3
11284 14645 1
11141 14646 1
11063 14647 3
11081 14648 1
11207 14649 1
11057 14650 1
11212 14651 1
12485 14653 1
11992 14654 1
14654 14655 1
11070 14655 1
14654 14656 1
11070 14656 1
11161 14657 1
14657 14658 1
11075 14658 1
11116 14659 1
12586 14660 1
11960 14661 1
11131 14662 1
11981 14663 1
14662 14663 1
11182 14664 1
11207 14665 2
14686 14665 1
14664 14665 1
11207 14666 2
14686 14666 1
14664 14666 1
12488 14667 1
14667 14668 1
12490 14668 1
11164 14669 1
11141 14670 1
11309 14672 1
14673 14672 2
11091 14674 1
11050 14675 1
11215 14676 1
11141 14677 1
11960 14678 1
11111 14679 1
11066 14680 2
11299 14680 1
14679 14680 1
11127 14681 1
11129 14682 1
14681 14682 1
11212 14683 1
11074 14684 1
14683 14684 1
11083 14685 1
11182 14686 1
11081 14687 1
14689 14688 2
11309 14688 1
11141 14690 1
11960 14691 1
14691 14692 1
11162 14692 1
11081 14693 1
11111 14694 1
11960 14697 1
