9905 8269 1
8269 8270 1
9722 8270 1
8271 8270 2
9658 8271 1
9905 8271 1
10049 8273 4
9968 8274 1
9968 8275 1
8274 8275 1
9718 8276 1
9968 8276 3
8274 8276 1
9744 8276 1
9738 8277 1
9967 8277 6
9733 8277 1
9736 8277 1
8274 8277 1
9619 8277 2
8274 8278 1
9619 8278 2
9967 8278 3
9723 8279 1
10028 8279 2
10028 9615 2
8279 9615 2
9617 9616 1
9967 9619 4
9735 9619 1
9619 9620 2
9967 9620 3
9620 9621 3
9967 9621 5
9621 9622 5
9997 9622 5
10040 9623 2
9619 9623 1
9623 9624 2
10040 9624 3
9626 9625 1
9625 9627 1
9975 9627 2
9629 9628 1
10015 9630 8
9729 9630 1
9706 9630 1
9636 9630 1
9756 9630 1
9648 9630 1
9740 9630 1
9628 9630 1
10015 9631 9
9630 9631 8
10005 9632 9
9630 9632 8
9630 9633 8
10005 9633 8
9635 9634 3
9629 9636 1
9759 9637 1
9740 9637 1
9636 9637 1
10003 9637 4
10003 9638 5
9637 9638 4
9638 9639 5
10003 9639 6
9745 9640 1
10003 9640 7
9639 9640 6
9639 9641 6
10003 9641 8
9745 9641 1
9641 9642 8
10003 9642 8
10003 9643 6
9638 9643 5
9756 9643 1
9638 9644 5
9756 9644 1
10003 9644 6
9646 9645 1
9689 9647 1
9905 9647 4
9657 9647 2
9645 9647 1
9649 9648 1
9651 9650 1
9651 9652 2
9650 9652 1
9710 9652 1
9650 9653 1
9970 9653 2
9970 9654 3
9653 9654 2
9654 9655 3
9970 9655 3
9970 9656 6
9710 9656 1
9654 9656 3
9658 9657 2
9650 9657 1
9728 9658 2
9688 9658 1
9651 9658 1
10064 9658 1
9657 9659 2
9658 9659 2
9689 9660 1
9905 9660 3
9657 9660 2
9905 9661 3
9657 9661 2
9689 9661 1
9657 9662 2
9658 9662 2
9657 9663 2
9658 9663 2
9658 9664 2
9657 9664 2
9657 9665 2
9658 9665 2
9657 9674 2
9658 9674 3
9658 9675 3
9674 9675 3
10054 9676 1
9678 9677 1
9680 9677 1
9679 9677 1
9905 9677 1
9683 9682 1
9682 9684 1
9683 9684 1
9646 9686 1
9686 9687 1
9646 9687 1
9905 9689 1
9905 9690 2
9689 9690 1
9690 9691 2
9905 9691 2
9694 9692 2
10021 9692 4
9693 9692 2
9689 9692 1
9740 9692 1
9905 9693 2
9689 9693 1
9689 9694 1
9905 9694 2
9689 9695 1
9905 9695 1
9689 9696 1
9905 9696 1
9749 9697 1
9997 9697 3
9737 9697 1
9699 9698 1
9698 9700 1
9990 9700 1
9967 9701 1
9619 9702 2
9967 9702 2
9681 9704 1
9705 9704 1
9649 9706 1
9651 9710 1
9970 9711 1
9710 9711 1
9970 9712 1
9710 9712 1
9970 9713 1
9710 9713 1
9626 9714 1
9617 9715 1
9635 9716 3
10040 9717 1
9624 9717 1
9968 9718 1
9720 9719 1
9720 9721 1
9719 9721 1
9658 9722 1
10028 9723 1
9742 9724 1
9723 9724 1
10028 9724 3
9757 9724 1
9726 9725 1
9750 9727 1
9649 9729 1
9967 9730 1
9617 9733 1
9617 9734 2
9733 9734 1
9738 9734 1
9967 9735 1
10009 9736 1
9997 9737 1
9617 9738 1
9629 9740 1
10003 9741 1
9740 9741 1
9629 9742 1
9757 9743 1
10003 9743 2
9968 9744 1
9629 9745 1
10003 9747 1
9651 9748 1
9997 9749 1
9752 9751 1
9752 9753 1
9751 9753 1
9629 9756 1
9975 9757 1
9757 9758 1
9975 9758 1
9967 9759 1
10011 9760 1
9760 9761 1
10011 9761 1
9963 9905 3
9965 9905 2
9688 9905 1
9658 9905 2
9646 9905 1
9964 9905 2
9967 9966 3
8274 9966 1
9905 9967 1
9990 9967 14
9968 9967 2
9975 9967 1
9658 9967 2
9997 9967 2
10009 9967 3
9617 9967 2
9970 9969 2
9748 9969 1
9996 9970 3
9651 9970 3
9972 9971 8
9656 9971 6
9969 9971 2
9970 9972 8
9967 9973 1
9975 9974 3
9973 9974 1
9714 9974 1
9626 9975 2
9967 9975 1
10054 9975 5
9975 9976 5
9980 9976 3
9974 9976 3
9977 9976 3
9714 9977 1
9975 9977 3
9973 9977 1
9977 9978 3
9975 9978 4
9975 9979 8
9978 9979 4
9981 9979 4
9627 9979 2
9714 9980 1
9973 9980 1
9975 9980 3
9980 9981 3
9975 9981 4
9967 9982 3
9966 9982 1
9973 9982 1
9985 9984 4
10013 9986 3
9967 9986 20
9994 9986 16
9993 9987 14
9986 9987 20
9967 9987 21
10008 9987 2
9757 9988 1
10029 9988 2
9987 9988 21
9967 9988 23
9990 9989 2
9996 9990 4
10040 9990 7
9699 9990 1
9989 9991 2
9990 9991 3
9991 9992 3
9990 9992 4
10044 9993 9
9992 9993 4
9990 9993 14
9993 9994 14
9701 9994 1
9967 9994 16
9985 9995 4
9967 9997 5
9731 9997 1
9996 9997 3
9999 9998 1
9967 9998 1
9617 9998 1
9985 10000 4
9985 10001 4
10032 10002 7
10036 10002 4
10003 10002 9
10034 10002 3
9629 10003 5
9967 10003 4
10028 10003 1
9998 10003 8
9975 10003 1
9630 10004 8
10037 10004 7
9632 10004 9
10033 10004 8
10005 10004 21
10002 10004 9
9746 10005 1
10015 10005 8
10003 10005 12
10029 10006 2
9757 10006 1
9967 10006 4
9749 10007 1
10006 10007 4
9967 10007 8
9689 10007 1
9657 10007 2
10009 10008 2
9736 10008 1
10008 10010 2
10011 10010 2
9755 10011 1
10009 10011 2
9754 10011 1
9730 10012 1
10008 10012 2
9967 10012 5
9718 10012 1
10008 10013 2
10009 10013 3
9631 10014 9
10012 10014 1
10015 10014 10
9629 10015 4
9967 10015 1
9649 10015 3
10017 10016 2
10012 10016 1
9648 10016 1
9649 10017 1
9967 10017 1
10071 10017 2
10069 10017 2
9636 10018 1
9759 10018 1
9628 10018 1
10003 10018 8
9756 10018 1
10065 10018 2
10012 10018 1
9740 10018 1
10012 10019 1
10003 10019 2
9637 10020 4
10019 10020 2
10021 10020 7
9629 10021 1
10003 10021 6
9905 10021 3
10021 10022 8
10020 10022 7
10021 10023 8
10022 10023 8
10022 10024 8
10021 10024 8
10022 10025 8
10021 10025 8
10003 10026 2
9757 10026 1
10012 10026 1
10028 10027 1
10012 10027 1
9707 10028 1
9983 10028 1
9967 10028 1
9629 10028 1
9975 10028 1
9709 10028 1
9964 10028 1
9708 10028 1
9967 10029 2
10012 10029 1
9998 10030 3
9715 10030 1
10012 10030 1
9998 10031 3
10030 10031 3
10062 10032 3
10034 10032 3
10061 10032 2
9998 10032 7
10030 10032 3
10003 10033 8
10032 10033 7
10012 10034 1
9998 10034 3
9715 10034 1
10034 10035 3
9998 10035 3
10034 10036 3
9998 10036 4
10003 10037 7
10034 10037 3
9747 10037 1
10036 10037 4
10061 10037 2
9738 10038 1
10012 10038 1
9967 10038 3
10040 10039 5
9733 10039 1
10038 10039 3
10064 10040 1
9617 10040 2
10049 10040 5
9975 10040 2
9967 10040 4
9990 10040 1
10039 10041 5
10040 10041 5
10039 10042 5
10040 10042 6
10040 10043 7
10042 10043 6
10043 10044 7
9698 10044 1
9990 10044 9
10046 10045 3
10038 10045 3
10064 10046 1
9964 10046 1
9967 10046 3
10040 10047 4
10038 10047 3
10047 10048 4
10049 10048 4
10040 10049 4
10054 10049 2
10047 10050 4
10049 10050 4
10047 10051 4
10040 10051 4
10049 10052 5
10047 10052 4
10052 10053 5
10054 10053 5
10049 10054 5
10052 10055 5
9757 10055 1
10040 10055 7
9616 10055 1
10052 10056 5
9757 10056 1
10040 10056 6
10052 10057 5
10040 10057 6
9757 10057 1
10040 10058 5
10052 10058 5
10040 10059 4
10047 10059 4
9967 10060 1
10012 10060 1
9998 10061 2
10012 10061 1
10061 10062 2
9998 10062 3
9998 10063 3
10062 10063 3
9967 10065 2
9737 10065 1
10065 10066 2
10003 10066 5
9723 10066 1
9756 10066 1
9743 10067 2
10066 10067 5
10003 10067 7
10017 10068 1
9964 10069 3
10070 10069 3
