9795 9779 1
9794 9779 1
9800 9780 1
9818 9781 1
9780 9781 2
9781 9782 2
9783 9782 2
9780 9783 13
9801 9783 3
9802 9783 1
9785 9784 1
9784 9786 1
9787 9786 1
9785 9787 1
9780 9788 2
9818 9788 1
9790 9789 3
9788 9789 2
9811 9789 2
9780 9790 3
9788 9791 2
9783 9791 2
9818 9792 1
9780 9792 2
9783 9793 2
9792 9793 2
9780 9796 2
9818 9796 1
9783 9797 2
9796 9797 2
9790 9798 1
9795 9799 1
9794 9799 1
9818 9803 1
9780 9803 2
9803 9804 2
9783 9804 2
9783 9807 6
9811 9807 2
9807 9808 6
9783 9808 6
9818 9809 1
9780 9809 2
9783 9810 2
9809 9810 2
9818 9811 1
9780 9811 2
9811 9812 2
9783 9812 2
9783 9813 2
9811 9813 2
9783 9814 2
9811 9814 2
9783 9815 1
9780 9816 2
9818 9816 1
9816 9817 2
9783 9817 2
9800 9818 1
9818 9819 1
9780 9819 1
9780 9820 2
9818 9820 1
9820 9821 2
9783 9821 2
9780 9822 2
9818 9822 1
9783 9823 2
9822 9823 2
9818 9824 1
9780 9824 2
9824 9825 2
9783 9825 2
9780 9826 2
9818 9826 1
9826 9827 2
9783 9827 2
9783 9828 1
