5670 5669 3
12861 5669 1
12017 5669 1
12533 5670 14
12785 5670 1
14662 5670 2
12528 5670 1
5669 5671 3
14641 5671 12
5670 5671 15
5673 5672 2
14660 5672 1
5675 5674 2
11842 5674 1
10857 5675 1
12729 5675 1
5675 5676 3
12020 5676 1
5674 5676 2
5678 5677 3
5680 5679 4
5682 5679 1
5681 5680 7
12728 5683 1
5684 5683 4
12856 5683 1
10865 5683 1
12729 5684 1
5678 5684 5
12585 5684 1
14653 5684 1
5684 5685 5
5683 5685 4
12524 10835 1
12552 10836 1
12532 10837 1
10847 10838 1
12769 10838 3
10915 10838 1
10837 10838 1
10847 10839 1
10837 10839 1
10915 10839 1
12769 10839 3
12854 10840 1
12765 10841 3
12505 10842 1
10843 10844 3
10845 10844 3
12743 10846 3
12505 10847 1
5675 10849 1
10851 10850 1
10853 10852 3
11765 10852 1
10850 10852 1
10931 10852 1
10932 10853 2
10851 10853 2
11865 10854 1
11864 10854 1
10855 10854 2
10856 10854 2
10858 10857 1
12539 10859 10
5678 10859 10
10861 10860 2
11857 10860 1
11772 10861 1
10860 10862 1
11857 10862 1
10861 10862 3
10862 10863 3
12520 10863 3
14673 10864 3
10862 10864 3
14653 10865 1
12549 10866 1
10865 10866 1
12791 10867 1
12510 10868 2
10940 10868 1
10867 10868 1
10940 10869 1
10867 10869 1
12510 10869 2
14653 10870 3
11725 10870 1
11819 10870 1
10870 10871 3
14653 10871 3
12549 10872 3
10870 10872 3
12498 10873 3
11731 10874 1
10876 10875 2
10877 10875 3
10885 10875 1
12778 10880 1
12741 10881 3
10877 10883 3
10895 10883 2
10884 10883 1
10885 10886 1
14683 10886 2
10885 10887 1
14683 10887 2
11775 10888 5
10889 10888 3
14673 10890 1
14672 10890 1
10892 10891 1
10949 10893 1
14657 10893 2
10891 10893 1
10891 10894 1
12585 10894 2
10949 10894 1
12533 10896 1
12740 10898 1
10898 10899 1
12560 10899 2
10956 10899 1
12854 10900 1
12849 10901 2
10900 10901 1
11809 10901 1
12006 10902 1
10900 10902 1
11773 10902 1
11805 10902 1
11859 10902 1
12849 10902 5
12854 10903 1
14687 10904 1
10905 10906 3
14687 10908 1
12524 10909 1
12774 10910 1
14673 10911 1
10910 10911 1
12533 10912 1
12533 10913 1
5675 10914 1
5679 10915 1
10857 10917 1
11797 10918 1
10917 10918 1
12781 10918 2
11797 10919 1
10917 10919 1
12781 10919 2
12585 10920 1
10917 10920 1
14662 10921 1
10921 10922 1
14673 10922 1
10924 10923 1
10921 10923 1
14662 10924 1
12574 10925 1
10925 10926 1
12576 10926 1
14653 10927 2
11725 10927 1
10925 10927 1
12854 10929 1
10932 10931 1
10853 10933 2
10936 10933 1
10931 10933 1
10935 10934 1
10931 10934 1
10932 10935 1
10851 10936 1
10938 10937 1
12566 10939 1
12720 10940 1
10942 10941 1
10940 10941 1
12720 10942 2
10940 10943 1
12510 10943 1
11731 10944 1
10857 10945 1
10857 10946 1
10857 10947 1
12556 10948 1
12583 10949 1
5675 10950 1
10950 10951 1
5675 10951 1
10952 10953 3
12524 10955 1
12720 10956 1
10942 10957 1
10956 10957 1
10956 10958 1
10942 10958 1
10942 10959 1
10956 10959 1
10956 11715 1
10942 11715 1
12560 11716 1
10956 11716 1
10956 11717 1
12560 11717 1
12560 11718 1
10956 11718 1
10956 11719 1
12560 11719 1
10956 11720 1
12560 11720 1
12560 11721 1
10956 11721 1
10956 11722 1
12560 11722 1
12560 11723 1
10956 11723 1
10956 11724 1
12560 11724 1
10857 11725 1
11727 11726 1
11725 11726 1
10857 11727 1
11727 11728 1
11725 11728 1
14653 11729 2
11725 11729 1
11866 11729 1
12524 11730 1
12854 11732 1
12782 11733 1
11733 11734 1
12555 11734 1
11733 11752 1
12555 11752 1
11733 11753 1
12555 11753 1
12555 11754 1
11733 11754 1
12555 11755 1
11733 11755 1
12555 11756 1
11733 11756 1
12555 11757 1
11733 11757 1
12555 11758 1
11733 11758 1
11733 11759 1
12555 11759 1
5675 11760 1
12533 11761 1
12778 11762 1
12533 11763 1
10932 11765 1
12579 11766 1
12029 11767 1
12553 11767 2
12029 11768 1
12553 11768 2
11767 11768 2
11769 11770 1
11779 11770 2
12854 11773 1
11775 11774 1
10888 11776 4
11790 11776 1
11774 11776 1
11839 11776 1
11815 11776 1
11790 11777 1
11778 11777 1
11774 11777 1
11815 11777 1
11839 11777 1
10888 11777 5
11775 11778 1
12854 11780 1
12541 11782 1
12541 11783 1
12541 11784 1
12541 11785 1
12541 11786 1
11789 11788 1
11775 11790 1
12533 11791 1
12774 11792 1
11792 11793 1
12776 11793 2
11804 11793 1
12533 11794 1
12502 11795 1
11794 11795 1
10857 11797 1
12533 11799 1
14650 11801 1
12785 11802 2
12774 11804 1
12854 11805 1
12524 11806 1
14650 11807 1
10857 11808 1
12854 11809 1
12556 11812 1
10948 11813 1
11812 11813 1
5675 11814 1
11775 11815 1
10892 11817 1
12781 11818 1
12574 11819 1
12520 11820 1
12520 11821 1
11820 11821 1
11820 11822 1
12520 11822 1
12520 11823 1
11820 11823 1
12520 11824 1
11820 11824 1
12524 11825 1
11862 11826 1
11825 11826 1
12526 11826 2
12854 11828 1
12579 11829 1
12533 11830 1
14687 11831 1
12554 11832 1
11832 11833 1
12554 11833 2
11834 11833 2
11832 11834 1
12554 11834 2
12554 11835 1
11832 11835 1
14650 11836 1
12570 11837 1
11836 11837 1
11775 11839 1
12740 11840 1
12746 11841 1
10857 11842 1
11842 11843 1
12733 11843 1
11842 11844 1
12733 11844 1
10938 11845 1
12533 11846 1
10892 11847 1
12791 11848 1
14650 11849 1
5675 11851 1
12552 11852 1
11852 11853 1
12552 11853 1
10892 11854 1
11856 11855 1
11772 11857 1
12854 11859 1
12801 11860 1
12803 11861 2
12022 11861 1
11860 11861 1
12524 11862 1
12574 11866 1
5675 11867 1
12746 11869 1
12533 12004 1
12505 12005 1
12854 12006 1
12566 12008 1
14650 12009 1
12781 12010 1
12015 12011 1
12010 12011 1
12031 12011 1
12781 12011 3
12720 12013 1
12013 12014 1
12560 12014 1
12781 12015 1
5675 12016 1
12528 12017 1
12566 12018 1
12018 12019 1
12502 12019 1
5675 12020 1
5675 12021 1
12801 12022 1
12024 12023 1
5672 12025 1
12025 12026 1
5672 12026 1
12746 12027 1
12533 12028 1
12553 12029 1
12029 12030 1
12553 12030 1
12781 12031 1
5675 12032 1
5684 12495 6
5685 12495 5
12860 12495 3
12498 12497 3
12500 12499 1
14660 12500 1
11816 12500 2
11799 12501 1
12499 12501 1
11846 12501 1
12502 12501 3
12533 12502 3
12566 12502 1
12500 12502 1
12499 12503 1
12500 12503 1
12505 12504 1
12741 12505 3
12504 12506 1
12745 12506 1
12507 12506 5
10842 12506 1
11841 12506 1
12005 12506 1
12746 12507 2
12505 12507 3
12510 12509 1
5678 12510 3
12720 12510 1
12791 12510 1
12512 12511 2
10867 12511 1
12509 12511 1
12791 12512 1
12510 12512 1
12024 12513 1
12515 12513 1
12778 12513 2
12515 12514 1
11762 12516 1
12514 12516 1
12023 12516 1
12513 12516 5
10880 12516 1
12516 12517 5
12513 12517 5
5678 12518 3
12520 12519 2
12774 12520 1
5670 12520 12
12566 12520 6
10861 12520 3
12519 12521 1
11820 12521 1
12520 12521 2
10862 12522 3
12519 12522 2
11820 12522 1
12520 12522 6
12524 12523 1
12800 12525 1
12526 12525 4
12523 12525 1
11730 12525 1
11862 12525 1
12801 12526 1
12524 12526 10
12528 12527 1
12784 12529 1
11802 12529 2
14692 12529 1
12527 12529 1
12739 12529 2
12530 12529 8
12528 12530 3
12785 12530 3
12569 12530 1
14692 12531 1
12529 12531 8
12530 12531 8
5680 12532 4
5678 12533 3
5681 12533 3
12975 12533 1
12534 12535 3
12560 12535 4
12534 12536 3
12560 12536 4
12537 12538 1
5678 12538 3
10928 12538 2
5678 12540 3
12539 12540 3
12539 12541 3
5678 12541 3
12541 12542 1
10859 12542 2
10859 12543 2
12541 12543 1
12541 12544 1
10859 12544 2
12541 12545 1
12791 12545 2
10859 12545 2
12541 12546 1
10859 12546 2
12585 12547 5
5678 12547 5
12547 12548 4
5678 12549 3
14653 12549 4
5678 12550 3
5678 12551 3
12585 12551 6
5678 12552 3
5678 12553 3
5678 12554 3
11856 12555 1
12753 12555 1
12782 12555 1
5678 12555 3
5678 12556 9
12746 12556 2
12722 12556 3
12722 12557 1
12556 12557 4
12556 12558 4
12722 12558 1
12740 12559 1
12556 12559 4
12722 12559 1
12740 12560 1
5678 12560 7
12720 12560 4
14662 12561 2
5678 12561 3
5678 12562 5
12562 12563 4
5678 12564 3
12566 12565 1
14641 12567 12
14644 12567 1
12565 12567 1
12520 12567 19
10939 12567 1
12018 12567 1
10910 12567 1
12008 12567 1
12572 12567 1
12569 12568 5
12530 12569 8
11803 12570 1
12571 12570 2
14650 12570 7
12566 12572 1
12574 12573 1
12576 12575 2
11725 12575 1
12573 12575 1
12574 12576 2
10857 12576 1
12576 12577 3
12573 12577 1
11725 12577 1
12579 12578 5
12577 12578 3
11808 12578 1
11845 12578 1
12585 12579 5
14686 12579 3
10857 12579 1
10938 12579 2
12576 12579 3
12729 12579 1
12581 12580 1
12573 12580 1
12574 12581 1
12583 12582 1
11797 12584 1
12582 12584 1
10917 12584 1
12585 12584 5
11817 12584 1
10857 12585 2
12583 12585 4
14654 12585 3
10892 12585 4
12584 12586 5
12585 12586 7
11847 12586 1
12772 12586 1
12547 12587 5
12584 12587 5
12579 12588 5
12584 12588 5
12579 12589 8
12728 12589 1
12584 12589 5
11829 12589 1
10937 12589 1
12584 12590 5
12551 12590 5
12505 12591 1
11840 12592 1
10904 12592 1
12593 12592 4
11831 12592 1
12591 12592 1
12505 12593 1
12740 12593 1
14687 12593 3
10908 12594 1
11840 12594 1
12593 12594 4
12591 12594 1
11831 12594 1
10908 12595 1
10904 12595 1
12591 12595 1
11831 12595 1
11840 12595 1
12593 12595 5
12720 12596 2
12591 12596 1
12505 12720 1
12596 12721 2
10898 12721 1
12722 12721 7
12740 12722 1
12720 12722 2
12596 12723 2
12560 12723 2
5675 12724 1
12744 12725 1
14681 12725 1
11851 12725 1
12724 12725 1
12032 12725 1
12016 12725 1
10849 12725 1
11760 12725 1
12728 12725 1
12021 12725 1
11842 12725 1
11867 12725 1
5675 12725 12
12570 12726 2
14649 12726 1
12726 12727 2
12570 12727 2
12729 12728 1
12728 12730 1
12731 12730 1
12729 12731 1
11842 12732 1
12733 12732 2
12728 12732 1
5684 12733 1
12729 12733 1
10857 12733 1
12733 12734 2
12728 12734 1
11842 12734 1
10914 12735 1
5675 12735 3
12728 12735 1
11842 12735 1
11814 12736 1
5675 12736 3
11842 12736 1
12728 12736 1
11842 12737 1
12728 12737 1
5675 12737 2
11766 12738 1
12579 12738 2
12728 12738 1
12528 12739 2
12741 12740 3
12743 12742 3
5675 12744 1
12746 12745 1
12741 12746 3
12745 12747 1
11841 12747 1
10842 12747 1
12507 12747 3
10842 12748 1
12507 12748 3
11841 12748 1
12745 12748 1
10842 12749 1
12507 12749 3
11841 12749 1
12745 12749 1
11841 12750 1
10842 12750 1
12507 12750 3
12745 12750 1
12507 12751 2
12745 12751 1
10842 12751 1
12753 12752 1
11855 12753 1
12555 12753 2
12555 12753 3
12754 12753 2
12752 12754 1
12555 12754 2
12754 12755 2
12753 12755 2
12754 12756 2
12753 12756 2
12754 12757 2
12753 12757 2
12753 12758 2
12754 12758 2
12754 12759 2
12753 12759 2
12754 12760 2
12753 12760 2
12753 12761 2
12754 12761 2
12754 12762 2
12753 12762 2
12754 12763 2
12753 12763 2
12765 12764 3
12767 12766 1
12741 12767 3
12769 12768 4
10847 12768 1
10915 12768 1
12766 12768 1
10837 12768 1
12532 12769 1
12505 12769 1
12767 12769 1
5679 12769 1
12771 12770 1
12583 12772 1
12774 12773 1
12773 12775 1
12776 12775 1
12774 12776 3
12773 12777 1
12776 12777 1
12780 12779 1
10857 12781 2
12783 12782 2
10885 12782 1
12785 12784 1
12787 12786 3
12788 12789 3
12791 12790 1
12741 12791 3
12545 12792 2
11848 12792 1
12790 12792 1
12721 12793 3
12556 12793 3
12721 12794 3
12556 12794 3
12721 12795 3
12556 12795 3
12721 12796 1
12557 12796 1
12556 12797 3
12721 12797 3
12721 12798 1
12557 12798 1
12721 12799 3
12556 12799 5
12027 12799 1
11869 12799 1
12801 12800 1
12803 12802 4
10909 12802 1
14680 12802 1
11806 12802 1
12800 12802 1
12801 12803 3
12524 12803 3
11806 12804 1
14680 12804 1
12800 12804 1
10909 12804 1
12526 12804 4
12806 12805 5
12022 12805 1
11780 12805 1
12800 12805 1
11732 12805 1
11860 12805 1
12801 12806 3
12854 12806 2
12800 12807 1
11732 12807 1
11780 12807 1
12849 12807 3
12854 12849 14
12801 12849 1
11773 12850 1
10929 12850 1
11859 12850 1
12800 12850 1
11805 12850 1
12006 12850 1
10903 12850 1
12849 12850 8
10900 12850 1
12561 12851 1
12851 12852 1
12561 12852 1
12854 12853 1
14660 12854 1
11828 12855 1
12853 12855 1
12977 12855 1
11809 12855 1
12849 12855 5
10840 12855 1
12585 12856 1
12856 12857 1
12551 12857 1
12551 12858 1
12856 12858 1
10865 12859 1
12856 12859 1
5684 12859 2
10865 12860 1
5684 12860 3
12856 12860 1
12785 12861 1
12864 12863 3
5684 12863 1
12862 12863 3
10907 12863 1
12569 12976 5
12854 12977 1
12721 12978 1
12559 12978 2
11840 12978 1
12721 12979 1
12559 12979 2
11840 12979 1
12559 12980 1
12721 12980 1
12559 12981 1
12721 12981 1
12533 14640 1
11791 14641 1
10896 14641 1
14640 14641 1
10912 14641 1
11830 14641 1
11799 14641 1
14645 14641 1
5670 14641 12
10913 14641 1
11761 14641 1
11794 14641 1
11763 14641 1
5670 14642 15
14651 14642 1
14641 14642 12
12004 14642 1
12028 14642 1
12520 14643 12
14641 14643 12
12566 14644 1
12533 14645 1
14647 14646 1
11781 14647 2
14660 14647 1
14646 14648 1
14647 14648 1
14650 14649 1
12533 14651 1
14651 14652 1
12028 14652 1
5670 14652 2
12574 14653 3
10857 14653 1
14654 14653 3
12583 14655 1
14657 14656 2
14655 14656 1
11854 14656 1
12583 14657 2
10892 14657 2
11797 14658 1
11854 14658 1
12585 14658 3
14655 14658 1
14662 14661 1
14661 14663 1
10921 14663 1
12561 14663 2
12561 14664 2
10921 14664 1
14661 14664 1
14661 14665 1
5670 14665 2
10921 14665 1
10921 14666 1
14661 14666 1
12561 14666 2
10921 14667 1
14661 14667 1
5670 14667 2
14661 14668 1
12561 14668 2
10921 14668 1
10921 14669 1
12561 14669 2
14661 14669 1
5670 14670 2
10921 14670 1
14661 14670 1
12561 14671 2
14661 14671 1
10921 14671 1
14661 14672 1
14673 14672 4
11788 14672 1
11789 14673 1
12774 14673 1
14662 14673 2
10861 14673 3
14673 14674 4
14672 14674 4
12561 14675 2
14661 14675 1
12561 14676 2
14675 14676 2
10921 14677 1
12561 14677 2
14661 14677 1
12524 14678 1
14678 14679 1
12526 14679 4
10955 14679 1
10835 14679 1
11825 14679 1
12524 14680 1
5675 14681 1
10885 14682 1
14683 14682 2
14650 14684 1
12009 14685 1
11849 14685 1
11807 14685 1
12570 14685 5
11801 14685 1
14684 14685 1
12741 14687 3
12558 14689 1
12721 14689 1
12721 14690 1
12558 14690 1
12558 14691 1
12721 14691 1
12569 14692 1
12781 14693 1
14693 14694 1
11818 14694 1
12781 14694 2
11810 14696 2
14697 14696 1
11811 14696 2
14695 14696 1
