1040 1039 4
1156 1039 3
1103 1040 10
1156 1040 7
1069 1040 1
1047 1040 6
1690 1041 3
1043 1042 1
1103 1042 2
1040 1042 4
1156 1042 3
1040 1044 4
1103 1044 2
1145 1045 2
1155 1046 3
1047 1046 4
1103 1047 7
1133 1047 2
1144 1047 1
1156 1047 7
1046 1048 4
1049 1048 4
1069 1049 1
1047 1049 10
1040 1049 4
1217 1049 1
1156 1049 3
1039 1049 4
1216 1049 1
1253 1050 2
1303 1050 3
1261 1050 2
1158 1050 4
1292 1050 3
1046 1050 4
1040 1050 21
1265 1050 2
1317 1050 1
1267 1050 2
1219 1050 2
1306 1050 3
1102 1050 2
1229 1050 6
1174 1050 5
1155 1050 3
1049 1051 5
1046 1051 4
1191 1051 4
1049 1052 5
1046 1052 4
1191 1052 4
1046 1053 4
1049 1053 4
1046 1054 4
1049 1054 5
1183 1054 4
1046 1055 4
1049 1055 4
1049 1056 4
1046 1056 4
1049 1057 4
1046 1057 4
1046 1058 4
1049 1058 5
1155 1058 3
1191 1058 4
1153 1059 6
1191 1059 4
1046 1059 4
1174 1059 5
1060 1059 9
1084 1060 5
1156 1060 4
1217 1060 1
1047 1060 10
1069 1060 1
1040 1060 4
1049 1060 12
1216 1060 1
1191 1061 4
1049 1061 5
1046 1061 4
1046 1062 4
1049 1062 5
1183 1062 4
1186 1063 4
1049 1063 5
1046 1063 4
1155 1064 3
1228 1064 4
1191 1064 4
1187 1064 4
1189 1064 4
1046 1064 4
1049 1064 12
1064 1065 12
1071 1065 18
1304 1065 4
1303 1065 3
1066 1065 23
1282 1065 4
1060 1066 18
1047 1066 4
1049 1066 12
1040 1066 4
1156 1066 3
1085 1066 4
1311 1067 1
1066 1067 24
1065 1067 23
1230 1068 7
1071 1068 18
1064 1068 12
1136 1068 3
1107 1068 12
1069 1068 39
1157 1068 7
1236 1068 6
1687 1069 14
1112 1069 9
1042 1069 6
1060 1069 18
1078 1069 8
1156 1069 6
1049 1069 13
1103 1069 8
1047 1069 10
1040 1069 7
1185 1070 6
1068 1070 39
1069 1070 42
1166 1071 5
1174 1071 5
1060 1071 18
1172 1071 5
1064 1071 12
1158 1071 4
1181 1071 5
1071 1072 18
1060 1072 18
1064 1073 12
1060 1073 14
1174 1073 5
1184 1074 5
1049 1074 14
1064 1074 12
1076 1075 4
1046 1075 4
1047 1076 4
1158 1077 4
1078 1077 8
1204 1077 4
1155 1077 3
1174 1077 5
1046 1077 4
1133 1078 2
1069 1078 1
1281 1078 1
1156 1078 8
1112 1078 7
1047 1078 11
1278 1078 1
1280 1078 1
1098 1078 3
1277 1078 1
1687 1078 15
1144 1078 1
1096 1078 1
1279 1078 1
1103 1078 3
1145 1078 2
1252 1078 2
1690 1079 3
1690 1080 3
1690 1081 3
1690 1082 3
1040 1083 4
1103 1083 3
1156 1083 3
1156 1084 4
1040 1084 4
1040 1085 4
1156 1085 3
1156 1086 3
1040 1086 4
1103 1087 2
1040 1087 4
1040 1088 4
1103 1088 2
1103 1089 2
1040 1089 4
1040 1090 4
1103 1090 2
1103 1091 2
1040 1091 4
1040 1092 4
1103 1092 2
1319 1093 1
1690 1094 3
1096 1095 1
1095 1097 1
1098 1097 2
1096 1098 1
1119 1098 1
1097 1099 2
1211 1099 1
1078 1099 12
1291 1099 3
1259 1099 1
1321 1099 1
1312 1099 1
1101 1099 2
1132 1099 2
1313 1100 1
1132 1100 2
1097 1100 2
1259 1100 1
1312 1100 1
1101 1100 2
1211 1100 1
1078 1100 12
1291 1100 3
1098 1101 2
1095 1101 1
1259 1102 1
1103 1102 2
1144 1103 1
1318 1103 1
1102 1104 2
1047 1104 2
1044 1105 2
1102 1105 2
1044 1106 2
1102 1106 2
1219 1107 2
1102 1107 2
1218 1107 4
1253 1107 2
1261 1107 2
1265 1107 2
1267 1107 2
1687 1107 12
1206 1108 1
1107 1108 12
1687 1108 14
1687 1109 15
1108 1109 14
1109 1110 15
1078 1110 15
1253 1111 2
1102 1111 2
1219 1111 2
1112 1111 8
1261 1111 2
1267 1111 2
1265 1111 2
1144 1112 1
1103 1112 12
1112 1113 13
1229 1113 6
1111 1113 8
1286 1113 3
1265 1114 2
1261 1114 2
1267 1114 2
1253 1114 2
1687 1114 7
1219 1114 2
1102 1114 2
1253 1115 2
1309 1115 1
1103 1115 10
1261 1115 2
1102 1115 2
1267 1115 2
1312 1115 1
1265 1115 2
1219 1115 2
1115 1116 10
1112 1116 11
1112 1117 11
1116 1117 11
1119 1118 1
1320 1119 1
1209 1119 2
1118 1120 1
1687 1120 4
1287 1120 1
1316 1120 1
1687 1121 4
1120 1121 4
1118 1122 1
1687 1122 2
1316 1122 1
1118 1123 1
1098 1123 1
1118 1124 1
1687 1124 1
1098 1125 1
1118 1125 1
1687 1126 2
1287 1126 1
1118 1126 1
1118 1127 1
1098 1127 1
1690 1128 3
1690 1129 3
1292 1130 3
1047 1130 4
1047 1131 4
1130 1131 4
1292 1131 3
1208 1132 1
1133 1132 2
1257 1133 3
1144 1133 1
1133 1134 2
1132 1134 2
1132 1135 2
1047 1135 2
1047 1136 3
1132 1136 2
1069 1137 3
1136 1137 3
1272 1138 2
1153 1138 6
1155 1138 3
1261 1138 2
1219 1138 2
1251 1138 1
1136 1138 3
1267 1138 2
1174 1138 5
1143 1138 4
1158 1138 4
1206 1138 1
1292 1138 3
1265 1138 2
1306 1138 3
1253 1138 2
1312 1138 1
1069 1138 23
1078 1139 5
1205 1139 2
1136 1139 3
1069 1140 3
1136 1140 3
1136 1141 3
1292 1141 3
1047 1141 6
1690 1142 3
1078 1143 4
1155 1143 3
1144 1145 1
1690 1146 3
1690 1147 3
1690 1148 3
1690 1149 3
1086 1150 1
1196 1151 4
1150 1151 1
1086 1151 5
1690 1152 3
1172 1153 5
1047 1153 6
1060 1154 8
1159 1154 5
1174 1154 5
1153 1154 6
1289 1155 2
1156 1155 3
1144 1156 1
1145 1156 2
1155 1157 3
1292 1157 3
1306 1157 3
1078 1157 7
1158 1157 4
1289 1158 2
1156 1158 4
1155 1158 3
1155 1159 3
1158 1159 4
1060 1159 5
1159 1160 5
1174 1160 5
1060 1160 6
1159 1161 5
1174 1161 5
1060 1161 6
1159 1162 5
1174 1162 5
1060 1162 6
1158 1163 4
1155 1163 3
1060 1163 5
1163 1164 5
1174 1164 5
1060 1164 6
1158 1165 4
1155 1165 3
1078 1165 4
1084 1166 5
1158 1166 4
1166 1167 5
1187 1167 4
1168 1167 6
1084 1168 5
1039 1168 4
1144 1168 1
1083 1168 4
1168 1169 6
1166 1169 5
1187 1169 4
1303 1170 3
1078 1170 6
1158 1170 4
1155 1170 3
1292 1170 3
1158 1171 4
1047 1171 4
1047 1172 5
1158 1172 4
1158 1173 4
1060 1173 4
1047 1174 5
1158 1174 4
1174 1175 5
1060 1175 5
1060 1176 5
1174 1176 5
1174 1177 5
1060 1177 5
1060 1178 5
1174 1178 5
1174 1179 5
1180 1179 5
1047 1180 5
1047 1181 5
1158 1181 4
1158 1182 4
1047 1182 4
1155 1183 3
1049 1183 4
1183 1184 4
1049 1184 5
1322 1185 1
1069 1185 6
1183 1185 4
1049 1186 4
1155 1186 3
1039 1187 4
1155 1187 3
1047 1188 3
1155 1188 3
1155 1189 3
1047 1189 4
1049 1190 3
1155 1190 3
1047 1191 4
1155 1191 3
1191 1192 4
1049 1192 4
1155 1193 3
1047 1193 3
1690 1194 3
1690 1195 3
1292 1196 3
1086 1196 4
1198 1197 4
1196 1197 4
1086 1198 4
1047 1198 4
1196 1199 4
1200 1199 4
1047 1200 4
1086 1200 4
1202 1201 4
1196 1201 4
1086 1202 4
1047 1202 4
1690 1203 3
1306 1204 3
1047 1204 4
1068 1205 1
1078 1205 2
1687 1206 1
1133 1208 1
1690 1210 3
1096 1211 1
1690 1212 3
1168 1213 6
1273 1213 4
1213 1214 6
1168 1214 6
1213 1215 6
1168 1215 6
1306 1218 3
1083 1218 4
1103 1219 2
1259 1219 1
1112 1220 8
1272 1220 2
1267 1220 2
1309 1220 1
1261 1220 2
1219 1220 2
1265 1220 2
1253 1220 2
1219 1221 2
1112 1221 2
1091 1222 2
1219 1222 2
1219 1223 2
1078 1223 2
1047 1224 3
1219 1224 2
1265 1224 2
1112 1225 10
1219 1225 2
1265 1225 2
1261 1225 2
1267 1225 2
1253 1225 2
1312 1225 1
1310 1225 3
1272 1225 2
1265 1226 2
1112 1226 6
1229 1226 6
1219 1226 2
1219 1227 2
1091 1227 2
1219 1228 2
1047 1228 4
1265 1228 2
1265 1229 2
1272 1229 2
1219 1229 2
1312 1229 1
1103 1229 6
1229 1230 6
1112 1230 7
1230 1231 7
1078 1231 7
1229 1232 6
1112 1232 6
1112 1233 6
1229 1233 6
1112 1234 6
1229 1234 6
1690 1235 3
1309 1236 1
1312 1236 1
1292 1236 3
1042 1236 6
1690 1237 3
1690 1238 3
1690 1239 3
1690 1240 3
1690 1241 3
1690 1242 3
1690 1243 3
1690 1244 3
1690 1245 3
1690 1246 3
1690 1247 3
1690 1248 3
1690 1249 3
1209 1250 2
1320 1250 1
1687 1251 1
1144 1252 1
1259 1253 1
1103 1253 2
1087 1254 2
1253 1254 2
1253 1255 2
1087 1255 2
1253 1256 2
1047 1256 2
1320 1258 1
1209 1258 2
1103 1259 1
1259 1260 1
1103 1260 1
1103 1261 2
1259 1261 1
1047 1262 2
1261 1262 2
1261 1263 2
1089 1263 2
1089 1264 2
1261 1264 2
1259 1265 1
1103 1265 2
1092 1266 2
1265 1266 2
1103 1267 2
1259 1267 1
1047 1268 2
1267 1268 2
1088 1271 2
1267 1271 2
1103 1272 2
1259 1272 1
1272 1273 2
1083 1273 4
1312 1273 1
1272 1274 2
1090 1274 2
1090 1275 2
1272 1275 2
1312 1276 1
1272 1276 2
1112 1276 3
1047 1282 4
1303 1282 3
1112 1283 1
1283 1284 1
1069 1284 1
1112 1286 3
1312 1286 1
1309 1286 1
1250 1287 1
1145 1288 1
1145 1289 2
1288 1289 1
1289 1290 2
1078 1290 2
1156 1291 3
1289 1291 2
1289 1292 2
1156 1292 3
1303 1293 3
1292 1293 3
1078 1293 4
1292 1294 3
1069 1294 3
1292 1295 3
1047 1295 3
1292 1296 3
1047 1296 4
1198 1297 4
1296 1297 4
1296 1298 4
1198 1298 4
1296 1299 4
1200 1299 4
1200 1300 4
1296 1300 4
1202 1301 4
1296 1301 4
1202 1302 4
1296 1302 4
1156 1303 3
1289 1303 2
1085 1304 4
1303 1304 3
1078 1305 3
1303 1305 3
1156 1306 3
1289 1306 2
1047 1307 3
1306 1307 3
1289 1308 2
1045 1308 2
1103 1309 1
1112 1310 3
1309 1310 1
1312 1310 1
1066 1311 1
1103 1312 1
1252 1313 1
1078 1314 1
1078 1315 1
1314 1315 1
1258 1316 1
1069 1317 1
1252 1321 1
1112 1322 1
1322 1323 1
1112 1323 1
1687 1686 1
1258 1687 1
1103 1687 7
1069 1687 1
1040 1687 4
1217 1687 1
1083 1687 4
1119 1687 1
1250 1687 1
1686 1688 1
1687 1688 1
1690 1689 3
