3853 3845 3
3902 3845 3
3903 3845 3
3845 3846 4
3845 3847 4
3967 3848 1
3849 3848 2
3852 3848 4
3850 3851 4
3859 3852 15
3853 3852 4
3845 3853 2
3915 3853 2
3872 3853 15
3854 3853 12
3916 3853 1
3892 3853 3
3922 3853 2
3856 3853 12
3931 3855 7
3929 3855 2
4026 3855 2
3856 3855 12
3872 3856 13
3859 3856 2
3852 3856 3
3970 3856 2
3847 3856 1
3916 3856 5
3930 3857 1
3853 3857 12
3855 3857 12
3859 3858 1
3932 3860 6
3852 3860 7
3858 3860 1
3858 3861 1
3852 3861 1
3864 3863 1
3863 3865 1
4013 3865 1
3864 3865 3
3891 3866 1
3865 3866 3
3867 3866 6
3868 3866 4
3927 3866 1
3892 3867 1
3864 3867 4
3865 3868 3
3867 3868 4
3870 3869 1
3969 3870 1
3915 3870 4
3895 3871 5
3869 3871 1
4012 3871 1
3966 3871 1
3872 3871 13
4052 3871 1
3964 3871 1
3979 3871 1
3933 3871 1
3870 3872 7
3892 3872 9
3853 3873 15
3894 3873 7
3871 3873 13
4053 3874 1
3856 3874 15
3871 3874 13
3928 3874 1
3871 3875 13
4053 3875 1
3928 3875 1
3856 3875 15
3884 3876 1
4027 3876 1
3877 3876 19
3962 3876 1
4025 3876 1
4024 3876 1
4022 3876 1
3871 3876 13
3872 3877 13
3915 3877 1
3845 3877 1
3885 3877 4
3879 3878 21
3871 3878 13
4028 3878 1
3999 3878 1
4042 3878 1
4055 3878 1
3971 3878 1
4008 3878 1
4060 3878 1
3958 3878 1
3907 3879 8
3872 3879 19
3869 3880 1
4052 3880 1
3896 3880 3
3979 3880 1
3966 3880 1
3872 3880 9
3933 3880 1
3951 3881 5
4042 3881 1
4055 3881 1
3879 3881 16
3880 3881 9
3971 3881 1
3883 3882 3
3885 3884 1
4025 3886 1
4027 3886 1
3885 3886 4
3962 3886 1
3884 3886 1
3859 3887 1
3852 3888 1
3887 3888 1
3890 3889 1
3915 3890 4
3892 3891 5
3889 3891 1
4010 3891 1
4018 3891 1
3997 3891 1
3890 3892 3
3846 3892 1
3920 3892 3
3889 3893 1
4018 3893 1
4010 3893 1
3997 3893 1
3892 3893 5
3872 3894 7
3893 3894 5
3933 3894 1
3892 3895 5
3889 3895 1
4010 3895 1
4018 3895 1
3997 3895 1
4018 3896 1
3889 3896 1
3892 3896 3
3859 3897 1
4038 3898 1
3897 3898 1
3981 3898 1
3852 3898 4
3848 3899 4
3898 3899 4
3901 3900 2
3967 3900 1
3961 3903 2
3845 3903 2
4049 3903 1
3904 3903 6
3906 3905 1
3908 3907 1
3862 3908 1
4014 3909 1
3903 3909 2
3975 3910 2
4015 3910 2
3974 3910 3
3924 3910 2
3909 3910 2
3903 3910 9
4000 3910 1
4016 3910 2
3892 3911 1
3996 3912 1
3911 3912 1
3913 3912 2
3882 3913 1
3892 3913 1
3914 3915 9
3853 3915 4
3902 3915 4
3915 3916 4
3845 3917 1
3853 3918 1
3917 3918 1
3853 3919 6
4034 3919 1
4062 3919 1
3917 3919 1
3998 3919 3
3922 3921 1
3995 3922 1
4002 3922 2
3921 3923 1
3853 3923 1
4014 3924 1
3903 3924 2
3859 3925 1
3925 3926 1
3852 3926 1
3864 3927 1
3916 3928 1
3928 3929 1
3916 3929 2
3916 3930 1
4033 3931 1
3930 3931 1
4030 3931 1
4021 3931 1
4051 3931 1
4031 3931 3
3856 3931 7
4011 3932 1
4037 3932 1
4029 3932 1
3852 3932 6
4007 3932 1
3991 3932 1
3870 3933 1
3935 3934 2
3933 3934 1
3891 3934 1
3892 3935 1
3870 3935 1
3933 3936 1
3891 3936 1
3935 3936 2
3891 3937 1
3933 3937 1
3935 3937 2
3933 3938 1
3891 3938 1
3935 3938 2
3933 3939 1
3935 3939 2
3891 3939 1
3891 3940 1
3933 3940 1
3935 3940 2
3891 3941 1
3933 3941 1
3935 3941 2
3891 3942 1
3933 3942 1
3935 3942 2
3933 3943 1
3935 3943 2
3891 3943 1
3935 3944 2
3891 3944 1
3933 3944 1
3891 3945 1
3935 3945 2
3933 3945 1
3891 3946 1
3933 3946 1
3935 3946 2
3933 3947 1
3891 3947 1
3935 3947 2
3933 3948 1
3935 3948 1
3933 3949 1
3872 3949 3
3891 3949 1
4055 3950 1
3879 3950 6
4042 3950 1
3949 3950 3
3971 3950 1
3998 3951 3
3872 3951 5
3933 3951 1
3879 3952 5
3951 3952 5
3879 3953 5
3951 3953 5
3845 3954 1
4004 3955 1
3954 3955 1
3903 3955 3
3955 3956 3
3903 3956 3
3907 3958 1
4008 3959 1
3999 3959 1
3972 3959 6
3958 3959 1
4042 3959 1
3960 3959 11
3971 3959 1
3907 3960 7
3852 3960 6
3859 3960 5
3903 3961 1
3885 3962 1
3885 3963 1
3962 3963 1
3870 3964 1
3870 3966 1
4017 3968 2
3967 3968 1
3847 3970 1
3907 3971 1
3852 3972 6
4029 3972 1
4011 3972 1
3991 3972 1
4007 3972 1
4037 3972 1
3999 3973 1
4028 3973 1
3972 3973 6
3960 3973 9
4055 3973 1
4014 3974 1
3903 3974 3
3993 3974 1
4014 3975 1
3903 3975 2
3978 3976 1
4041 3976 1
3852 3976 2
3977 3976 3
3870 3979 1
3859 3981 1
3852 3982 2
4019 3982 1
3976 3983 3
3982 3983 2
3983 3984 3
4056 3984 1
3985 3984 4
3892 3985 1
3976 3985 3
3978 3985 1
4009 3986 1
3983 3986 3
3987 3986 4
3976 3987 3
3892 3987 1
3983 3988 3
3989 3988 3
3976 3989 3
3852 3989 1
3978 3989 1
4050 3990 1
3976 3990 3
3982 3990 2
3859 3991 1
4007 3992 1
3960 3992 5
4029 3992 1
4037 3992 1
4011 3992 1
3991 3992 1
3845 3993 1
3882 3996 1
3890 3997 1
3892 3998 3
4010 3998 1
3997 3998 1
3907 3999 1
3903 4000 1
4000 4001 1
3903 4001 1
3978 4003 1
3961 4004 1
4004 4005 1
3903 4005 2
3903 4006 2
4005 4006 2
3859 4007 1
3907 4008 1
3987 4009 1
3890 4010 1
3859 4011 1
3870 4012 1
3864 4013 1
3961 4014 1
3903 4015 2
4014 4015 1
3903 4016 2
4014 4016 1
3846 4018 1
3852 4019 1
3989 4020 1
4019 4020 1
3916 4021 1
3845 4022 1
4022 4023 1
3853 4023 2
4024 4023 1
3915 4024 1
3885 4025 1
3970 4026 2
4053 4026 1
3885 4027 1
3907 4028 1
3859 4029 1
3859 4030 1
4033 4031 1
4030 4031 1
3852 4031 3
3859 4033 1
3915 4034 1
3906 4035 1
4035 4036 1
3906 4036 1
3859 4037 1
3859 4038 1
3922 4039 1
3853 4040 1
4039 4040 1
3907 4042 1
3905 4043 1
4043 4044 1
3905 4044 1
3891 4045 1
3985 4045 1
3987 4046 1
3891 4046 1
3891 4047 1
3935 4047 1
3935 4048 1
3891 4048 1
4041 4050 1
3916 4051 1
3870 4052 1
3847 4053 1
4053 4054 1
3970 4054 1
3907 4055 1
3985 4056 1
3859 4057 1
4057 4058 1
3852 4058 1
3995 4059 1
3907 4060 1
4060 4061 1
3879 4061 1
3853 4062 1
3915 4063 1
4063 4064 1
3915 4064 1
3859 4065 1
3852 4066 1
4065 4066 1
