372 371 1
701 372 1
428 373 1
374 373 37
431 373 1
425 373 12
738 373 1
412 373 1
731 373 1
410 373 1
741 373 1
371 373 1
437 373 1
463 373 1
769 373 1
413 373 1
704 373 1
469 373 1
744 373 1
760 373 1
375 373 1
734 373 1
697 373 1
709 373 1
429 373 1
719 373 1
447 373 1
419 373 1
445 374 1
420 374 5
411 374 1
397 374 1
467 374 1
388 374 26
438 374 1
372 374 19
462 374 1
372 375 1
377 376 1
689 378 1
750 378 1
692 378 1
703 378 1
721 378 1
754 378 1
409 378 1
379 378 14
720 378 1
470 378 1
430 378 1
753 378 1
732 378 1
376 378 1
377 379 13
378 380 14
443 380 1
381 380 25
459 380 1
461 380 1
743 380 1
466 380 1
407 380 1
465 380 1
724 380 1
728 380 1
691 380 1
408 381 10
379 381 14
451 382 2
439 382 4
712 382 4
746 382 1
702 382 2
771 382 1
403 382 2
380 382 25
765 382 1
399 382 2
383 382 44
435 382 1
445 383 4
379 383 2
374 383 4
381 383 25
400 383 10
388 383 4
720 384 1
379 384 2
376 384 1
386 385 1
464 387 1
385 387 1
388 387 2
416 388 18
374 388 4
386 388 16
467 388 1
390 389 10
392 389 1
389 391 4
742 392 1
389 392 4
433 392 1
405 392 1
389 393 4
389 394 4
397 396 1
447 398 1
396 398 1
747 398 1
712 398 4
374 398 7
400 399 2
386 401 1
696 402 1
388 402 2
401 402 1
400 403 2
374 404 10
445 404 4
406 405 2
764 405 1
408 407 1
701 408 1
377 409 1
411 410 1
758 411 1
372 412 1
372 413 1
756 414 1
374 414 2
404 415 6
712 415 4
414 415 2
416 417 1
417 418 1
388 418 2
730 418 1
420 419 1
416 421 1
388 422 2
421 422 1
712 423 4
374 423 6
422 423 2
416 424 1
424 425 1
766 425 1
388 425 12
688 425 1
722 425 1
762 425 1
460 425 1
752 425 1
767 425 1
687 425 1
436 425 1
425 426 1
424 426 1
723 426 1
388 426 5
770 426 1
766 426 1
372 428 1
372 429 1
377 430 1
372 431 1
433 432 1
406 433 2
764 433 1
432 434 1
392 434 1
400 435 1
386 436 1
372 437 1
455 439 1
756 439 1
690 439 1
388 439 4
374 440 8
439 440 4
712 440 4
386 441 1
739 442 1
388 442 2
441 442 1
408 443 1
755 444 1
456 444 3
445 444 4
388 445 3
386 445 1
444 446 4
404 446 4
444 447 4
445 447 5
712 448 4
694 448 4
444 448 4
404 448 12
712 449 4
404 449 8
444 449 4
444 450 4
383 450 4
379 451 2
703 451 1
386 452 1
759 453 1
388 453 3
452 453 1
453 454 3
374 454 3
386 455 1
455 456 1
755 456 1
388 456 3
416 457 1
727 458 1
457 458 1
388 458 2
408 459 1
386 460 1
408 461 1
372 463 1
416 464 1
408 465 1
408 466 1
420 469 1
377 470 1
470 686 1
379 686 1
386 687 1
386 688 1
377 689 1
416 690 1
408 691 1
377 692 1
379 693 1
692 693 1
740 694 1
695 694 1
374 694 4
763 694 1
420 695 1
416 696 1
372 697 1
374 699 4
400 702 2
377 703 1
372 704 1
416 705 1
388 706 2
705 706 1
374 707 6
706 707 2
712 707 4
438 709 1
416 710 1
710 711 1
388 711 3
745 711 1
374 712 4
711 712 3
712 713 4
388 713 5
737 713 1
699 714 4
712 714 4
712 715 4
699 715 4
374 716 4
712 716 4
712 717 4
699 717 5
757 717 1
372 719 1
377 720 1
377 721 1
386 722 1
416 723 1
408 724 1
405 725 1
392 726 1
725 726 1
416 727 1
408 728 1
386 730 1
372 731 1
377 732 1
732 733 1
379 733 1
372 734 1
386 735 1
388 736 2
768 736 1
735 736 1
416 737 1
372 738 1
416 739 1
420 740 1
372 741 1
406 742 2
764 742 1
408 743 1
372 744 1
386 745 1
400 746 1
462 747 1
742 748 1
392 749 1
748 749 1
377 750 1
750 751 1
753 751 1
379 751 2
416 752 1
377 753 1
377 754 1
386 755 1
467 756 1
699 757 1
416 759 1
372 760 1
386 762 1
420 763 1
400 765 1
416 766 1
386 767 1
416 768 1
372 769 1
416 770 1
400 771 1
