1891 1878 1
1896 1878 1
1883 1878 1
1879 1878 4
1890 1879 3
1882 1879 1
1893 1880 1
1878 1880 4
1894 1880 1
1879 1880 9
1897 1880 1
1898 1880 1
1887 1880 4
1881 1882 3
1879 1883 1
1885 1884 1
1883 1884 1
1879 1885 1
1883 1886 1
1885 1886 1
1879 1887 4
1896 1887 1
1891 1887 1
1883 1887 1
1879 1888 2
1883 1888 1
1894 1889 1
1879 1889 4
1888 1889 2
1892 1889 1
1879 1891 1
1879 1892 1
1879 1893 1
1879 1894 1
1896 1895 1
1894 1895 1
1879 1895 3
1899 1895 1
1882 1896 1
1879 1897 1
1879 1898 1
1879 1899 1
1899 1900 1
1879 1900 1
1899 1901 1
1879 1901 1
1899 1902 1
1879 1902 1
1899 1903 1
1879 1903 1
1879 1904 1
1899 1904 1
