3223 3072 2
3074 3073 76
3722 3073 1
3775 3073 1
3800 3073 1
3119 3073 1
3211 3073 16
3373 3073 1
3762 3073 1
3430 3073 1
3517 3073 1
3830 3073 1
3199 3073 1
3660 3073 1
3906 3073 1
3196 3073 3
3359 3073 1
3255 3073 1
3393 3073 1
3586 3073 2
3685 3073 1
3810 3073 1
3372 3073 1
3741 3073 1
3831 3073 1
3771 3073 1
3453 3073 1
3783 3073 1
3767 3073 1
3746 3073 1
3642 3073 1
3682 3073 1
3841 3073 1
3717 3073 1
3229 3073 1
3282 3073 1
3773 3073 1
3470 3073 1
3923 3073 1
3623 3073 1
3414 3073 1
3399 3073 1
3787 3073 1
3857 3073 1
3893 3073 1
3154 3073 1
3669 3073 3
3736 3073 1
3233 3073 1
3886 3073 1
3899 3073 1
3939 3073 1
3865 3073 1
3721 3073 1
3848 3073 1
3531 3073 2
3480 3073 1
3348 3073 1
3072 3074 4
3162 3074 1
3230 3074 10
3485 3074 2
3256 3074 2
3431 3074 3
3120 3074 8
3200 3074 1
3155 3074 14
3253 3074 4
3271 3074 1
3267 3074 6
3242 3074 2
3081 3074 1
3197 3074 5
3408 3074 2
3381 3074 1
3222 3074 1
3283 3074 1
3210 3074 9
3505 3074 1
3414 3075 1
3826 3075 1
3849 3075 1
3517 3075 1
3893 3075 1
3154 3075 1
3436 3075 3
3919 3075 1
3883 3075 1
3399 3075 1
3771 3075 1
3904 3075 1
3830 3075 1
3660 3075 1
3798 3075 3
3430 3075 1
3813 3075 1
3480 3075 1
3921 3075 1
3901 3075 1
3266 3075 1
3783 3075 1
3394 3075 1
3348 3075 1
3791 3075 1
3373 3075 1
3743 3075 3
3827 3075 1
3867 3075 1
3380 3075 1
3638 3075 1
3076 3075 95
3420 3075 1
3923 3075 1
3073 3075 76
3787 3075 1
3899 3075 1
3360 3075 2
3907 3075 1
3207 3075 2
3422 3075 2
3233 3075 1
3741 3075 1
3381 3076 3
3128 3076 3
3155 3076 9
3271 3076 4
3074 3076 84
3431 3076 1
3505 3076 1
3370 3076 1
3083 3076 2
3120 3076 9
3267 3076 6
3073 3077 76
3076 3077 77
3791 3077 1
3079 3078 84
3373 3078 1
3746 3078 1
3736 3078 1
3414 3078 1
3722 3078 1
3689 3078 1
3762 3078 1
3372 3078 1
3154 3078 1
3906 3078 1
3899 3078 1
3422 3078 2
3923 3078 1
3775 3078 1
3417 3078 2
3282 3078 1
3841 3078 1
3660 3078 1
3229 3078 1
3586 3078 2
3196 3078 3
3453 3078 1
3362 3078 1
3682 3078 1
3831 3078 1
3348 3078 1
3073 3078 76
3767 3078 1
3787 3078 1
3623 3078 1
3886 3078 1
3199 3078 1
3773 3078 1
3669 3078 3
3233 3078 1
3399 3078 1
3685 3078 1
3865 3078 1
3470 3078 1
3893 3078 1
3517 3078 1
3800 3078 1
3867 3078 1
3359 3078 1
3211 3078 16
3830 3078 1
3741 3078 1
3721 3078 1
3848 3078 1
3358 3078 2
3783 3078 1
3791 3078 1
3810 3078 1
3255 3078 1
3939 3078 1
3531 3078 2
3480 3078 1
3430 3078 1
3907 3078 1
3717 3078 1
3771 3078 1
3556 3079 1
3120 3079 7
3074 3079 83
3431 3079 3
3162 3079 3
3408 3079 1
3381 3079 1
3197 3079 5
3271 3079 1
3210 3079 3
3256 3079 2
3253 3079 4
3485 3079 2
3072 3079 4
3230 3079 10
3505 3079 1
3200 3079 1
3283 3079 1
3222 3079 1
3155 3079 12
3081 3080 134
3810 3080 1
3865 3080 1
3682 3080 1
3875 3080 2
3347 3080 2
3840 3080 2
3907 3080 1
3919 3080 1
3196 3080 3
3422 3080 2
3349 3080 2
3685 3080 1
3399 3080 1
3872 3080 2
3738 3080 3
3353 3080 3
3444 3080 2
3372 3080 1
3350 3080 7
3717 3080 1
3470 3080 1
3680 3080 1
3820 3080 1
3258 3080 12
3731 3080 2
3787 3080 1
3736 3080 1
3798 3080 3
3735 3080 1
3487 3080 4
3374 3080 2
3689 3080 1
3159 3080 1
3121 3080 2
3202 3080 2
3233 3080 1
3773 3080 1
3533 3080 2
3517 3080 1
3294 3080 3
3831 3080 1
3771 3080 1
3187 3080 2
3205 3080 3
3255 3080 1
3686 3080 2
3231 3080 3
3624 3080 3
3623 3080 1
3531 3080 1
3886 3080 1
3154 3080 1
3586 3080 2
3893 3080 1
3430 3080 1
3768 3080 2
3830 3080 1
3359 3080 1
3722 3080 1
3669 3080 3
3414 3080 1
3841 3080 1
3660 3080 1
3746 3080 1
3247 3080 7
3501 3080 2
3882 3080 1
3417 3080 2
3741 3080 1
3348 3080 1
3762 3080 1
3282 3080 1
3791 3080 1
3775 3080 1
3178 3080 4
3797 3080 1
3073 3080 76
3143 3080 2
3362 3080 1
3443 3080 3
3923 3080 1
3436 3080 3
3783 3080 1
3481 3080 4
3786 3080 2
3790 3080 2
3748 3080 3
3199 3080 1
3271 3081 3
3381 3081 1
3505 3081 1
3122 3081 4
3074 3081 81
3162 3081 4
3125 3081 9
3093 3081 34
3256 3081 2
3246 3081 2
3556 3081 1
3097 3081 2
3072 3081 3
3222 3081 1
3200 3081 1
3408 3081 1
3251 3081 4
3431 3081 3
3230 3081 7
3160 3081 1
3079 3081 2
3197 3081 11
3155 3081 8
3120 3081 8
3253 3081 2
3210 3081 3
3283 3081 1
3651 3081 1
3128 3081 45
3248 3081 8
3114 3081 4
3775 3082 1
3939 3082 1
3083 3082 4
3359 3082 1
3722 3082 1
3072 3083 4
3939 3084 1
3083 3084 1
3733 3085 1
3086 3085 2
3283 3086 1
3210 3086 9
3215 3087 2
3451 3087 2
3217 3087 2
3897 3087 1
3592 3087 2
3311 3087 2
3363 3087 2
3334 3087 2
3887 3087 1
3463 3087 2
3605 3087 2
3929 3087 28
3337 3087 2
3726 3087 1
3764 3087 2
3135 3087 2
3218 3087 2
3282 3087 1
3220 3087 2
3085 3087 2
3929 3088 3
3085 3088 2
3854 3089 1
3116 3089 1
3081 3090 1
3081 3091 6
3447 3091 2
3090 3091 1
3718 3091 3
3233 3092 1
3517 3092 1
3093 3092 3
3081 3093 14
3155 3093 10
3162 3093 1
3267 3093 1
3120 3093 3
3271 3093 4
3931 3093 4
3128 3094 1
3095 3094 4
3097 3096 2
3576 3096 1
3253 3097 1
3553 3097 1
3120 3097 3
3370 3097 1
3128 3097 5
3271 3097 2
3251 3097 7
3794 3098 9
3096 3098 2
3836 3098 2
3097 3098 17
3355 3098 2
3578 3098 2
3585 3098 2
3098 3099 17
3100 3099 19
3427 3099 2
3659 3100 1
3097 3100 17
3251 3100 2
3098 3101 17
3427 3101 2
3100 3101 19
3100 3102 17
3098 3102 17
3097 3103 4
3096 3103 2
3585 3103 2
3578 3103 2
3105 3104 16
3836 3104 2
3096 3104 2
3724 3104 2
3585 3104 2
3687 3104 3
3355 3104 2
3578 3104 2
3781 3104 2
3786 3104 2
3097 3105 16
3105 3106 4
3578 3106 2
3096 3106 2
3576 3107 1
3585 3107 2
3096 3107 2
3936 3107 3
3585 3108 2
3355 3108 2
3096 3108 2
3786 3108 2
3724 3108 2
3578 3108 2
3836 3108 2
3801 3108 1
3781 3108 2
3615 3108 2
3687 3108 3
3794 3108 9
3109 3108 30
3606 3108 2
3474 3109 1
3534 3109 2
3097 3109 27
3120 3111 1
3112 3111 3
3217 3113 2
3929 3113 3
3162 3115 1
3933 3115 1
3230 3115 1
3114 3115 3
3128 3115 1
3847 3115 1
3094 3115 3
3240 3116 1
3114 3116 4
3128 3116 23
3929 3116 3
3283 3116 1
3230 3116 1
3277 3116 2
3370 3116 1
3086 3116 2
3114 3117 3
3128 3117 2
3114 3118 3
3651 3118 1
3074 3118 16
3093 3118 2
3120 3119 1
3876 3120 1
3223 3120 2
3119 3121 1
3122 3121 2
3230 3122 1
3120 3122 1
3258 3123 12
3436 3123 3
3867 3123 1
3872 3123 2
3348 3123 1
3735 3123 1
3081 3123 49
3919 3123 1
3746 3123 1
3178 3123 4
3624 3123 3
3680 3123 1
3404 3123 2
3787 3123 1
3480 3123 1
3205 3123 3
3400 3123 2
3202 3123 2
3783 3123 1
3444 3123 2
3187 3123 2
3414 3123 1
3660 3123 1
3294 3123 3
3669 3123 3
3129 3123 3
3121 3123 2
3660 3124 1
3746 3124 1
3783 3124 1
3414 3124 1
3480 3124 1
3205 3124 3
3669 3124 3
3258 3124 12
3225 3124 3
3919 3124 1
3125 3124 42
3121 3124 2
3624 3124 3
3787 3124 1
3394 3124 1
3353 3124 3
3670 3124 4
3183 3124 8
3399 3124 1
3348 3124 1
3931 3125 4
3181 3125 12
3120 3125 9
3128 3125 18
3431 3125 1
3197 3125 9
3122 3125 2
3258 3126 12
3353 3126 3
3125 3126 26
3787 3126 1
3669 3126 3
3414 3126 1
3121 3126 2
3348 3126 1
3225 3126 3
3746 3126 1
3163 3127 1
3773 3127 1
3229 3127 1
3380 3127 1
3202 3127 2
3121 3127 2
3255 3127 1
3736 3127 1
3161 3127 3
3430 3127 1
3664 3127 1
3282 3127 1
3685 3127 1
3867 3127 1
3865 3127 1
3721 3127 1
3576 3127 1
3662 3127 1
3729 3127 1
3159 3127 1
3913 3127 1
3586 3127 2
3623 3127 1
3849 3127 1
3669 3127 3
3372 3127 1
3321 3127 1
3777 3127 1
3800 3127 1
3776 3127 2
3771 3127 1
3470 3127 1
3746 3127 1
3128 3127 41
3826 3127 1
3663 3128 1
3083 3128 2
3242 3128 1
3197 3128 3
3778 3128 1
3271 3128 1
3230 3128 10
3122 3128 4
3240 3128 1
3553 3128 1
3370 3128 1
3381 3128 3
3490 3128 1
3485 3128 1
3283 3128 1
3160 3128 1
3431 3128 3
3162 3128 3
3256 3128 2
3931 3128 4
3128 3129 3
3121 3129 2
3116 3130 4
3129 3130 3
3116 3131 10
3386 3131 1
3455 3131 2
3703 3131 2
3130 3131 4
3749 3131 1
3130 3132 4
3322 3132 1
3129 3132 3
3163 3132 1
3178 3132 1
3735 3132 1
3116 3132 8
3258 3133 12
3321 3133 1
3116 3133 17
3129 3133 3
3163 3133 1
3111 3134 1
3119 3134 1
3086 3135 2
3887 3135 1
3929 3136 3
3135 3136 2
3128 3137 2
3662 3137 1
3137 3138 2
3139 3138 2
3242 3139 1
3128 3139 2
3139 3140 2
3137 3140 2
3137 3141 2
3139 3141 2
3139 3142 2
3137 3142 2
3480 3143 1
3125 3143 2
3094 3144 2
3163 3144 1
3144 3145 2
3115 3145 2
3144 3146 2
3115 3146 2
3115 3147 3
3701 3147 2
3144 3147 2
3115 3148 3
3144 3148 2
3701 3148 2
3163 3149 1
3115 3149 3
3701 3149 2
3144 3149 2
3144 3150 2
3701 3150 2
3115 3150 3
3144 3151 2
3701 3151 2
3115 3151 3
3115 3152 3
3701 3152 2
3144 3152 2
3115 3153 3
3144 3153 2
3701 3153 2
3155 3154 1
3223 3155 2
3074 3156 1
3154 3156 1
3154 3157 1
3076 3157 1
3112 3158 3
3160 3159 1
3597 3160 3
3159 3161 1
3162 3161 3
3894 3161 1
3160 3162 1
3529 3162 1
3325 3162 2
3240 3162 1
3155 3162 1
3202 3163 2
3128 3163 10
3913 3163 1
3161 3163 3
3205 3163 3
3735 3163 1
3321 3164 1
3189 3164 2
3162 3164 9
3841 3164 1
3161 3164 3
3159 3164 1
3166 3165 9
3164 3165 9
3162 3166 9
3331 3166 2
3332 3166 2
3330 3166 2
3938 3167 9
3159 3167 1
3164 3167 9
3189 3167 2
3664 3168 1
3938 3168 10
3164 3168 9
3159 3168 1
3189 3169 2
3938 3169 10
3159 3169 1
3664 3169 1
3164 3169 9
3159 3170 1
3938 3170 1
3938 3171 1
3159 3171 1
3919 3172 1
3350 3172 7
3081 3172 14
3436 3172 3
3323 3172 1
3894 3172 1
3348 3172 1
3159 3172 1
3093 3173 29
3907 3173 1
3717 3173 1
3373 3173 1
3517 3173 1
3899 3173 1
3480 3173 1
3638 3173 1
3830 3173 1
3906 3173 1
3894 3173 1
3172 3173 14
3827 3173 1
3783 3173 1
3893 3173 1
3741 3173 1
3233 3173 1
3867 3173 1
3901 3173 1
3883 3173 1
3919 3173 1
3827 3174 1
3172 3174 14
3093 3174 18
3907 3174 1
3901 3174 1
3081 3175 19
3404 3175 2
3174 3175 18
3174 3176 18
3081 3176 19
3436 3176 3
3875 3176 2
3159 3177 1
3938 3177 2
3664 3177 1
3128 3178 4
3721 3178 1
3159 3178 1
3081 3179 22
3178 3179 3
3820 3179 1
3414 3179 1
3660 3179 1
3746 3179 1
3202 3179 2
3783 3179 1
3205 3179 3
3787 3179 1
3669 3179 3
3348 3179 1
3399 3179 1
3624 3179 3
3480 3179 1
3179 3180 22
3181 3180 23
3128 3181 9
3953 3181 1
3081 3181 22
3120 3181 7
3197 3181 3
3122 3181 2
3431 3181 1
3181 3182 23
3180 3182 23
3181 3183 8
3399 3183 1
3624 3183 3
3178 3183 3
3183 3184 8
3125 3184 9
3624 3184 3
3938 3185 1
3159 3185 1
3938 3186 2
3159 3186 1
3557 3186 1
3128 3187 2
3159 3187 1
3938 3188 2
3159 3188 1
3557 3188 1
3159 3189 1
3162 3189 2
3729 3190 1
3159 3190 1
3746 3190 1
3128 3190 6
3159 3191 1
3128 3191 2
3664 3192 1
3159 3192 1
3938 3192 2
3159 3193 1
3938 3193 1
3938 3194 2
3159 3194 1
3557 3194 1
3938 3195 1
3159 3195 1
3197 3196 3
3765 3196 2
3931 3197 4
3306 3197 9
3490 3197 1
3200 3199 1
3518 3200 3
3128 3201 1
3453 3202 1
3122 3202 2
3205 3203 3
3202 3203 2
3746 3203 1
3181 3203 4
3202 3204 2
3163 3204 1
3128 3204 3
3202 3205 2
3128 3205 3
3414 3206 1
3125 3206 6
3205 3206 3
3348 3206 1
3074 3207 2
3846 3207 1
3207 3208 2
3076 3208 2
3210 3209 1
3403 3210 1
3223 3210 2
3599 3211 1
3074 3211 16
3921 3211 1
3333 3211 1
3266 3211 1
3638 3211 1
3209 3211 1
3362 3211 1
3450 3211 1
3462 3211 1
3420 3211 1
3904 3211 1
3733 3211 1
3877 3211 1
3662 3211 1
3813 3211 1
3820 3212 1
3872 3212 2
3081 3212 19
3211 3212 16
3211 3213 16
3118 3213 16
3333 3214 1
3362 3214 1
3209 3214 1
3450 3214 1
3877 3214 1
3886 3214 1
3762 3214 1
3462 3214 1
3282 3214 1
3086 3214 10
3733 3214 1
3209 3215 1
3086 3215 2
3215 3216 2
3929 3216 3
3086 3217 2
3209 3217 1
3086 3218 2
3209 3218 1
3218 3219 2
3929 3219 3
3086 3220 2
3209 3220 1
3220 3221 2
3929 3221 3
3223 3222 2
3224 3223 17
3197 3225 3
3415 3225 2
3783 3226 1
3660 3226 1
3125 3226 9
3225 3226 3
3348 3226 1
3394 3226 1
3919 3226 1
3125 3227 3
3919 3227 1
3394 3227 1
3230 3229 1
3223 3230 2
3128 3231 3
3372 3231 1
3229 3231 1
3093 3232 1
3155 3233 1
3872 3234 2
3374 3234 2
3233 3234 1
3820 3234 1
3081 3234 6
3236 3235 1
3233 3235 1
3155 3236 1
3622 3236 1
3093 3236 4
3517 3237 1
3731 3237 2
3081 3237 8
3233 3237 1
3374 3237 2
3404 3237 2
3480 3238 1
3783 3238 1
3899 3238 1
3919 3238 1
3430 3238 1
3076 3238 20
3414 3238 1
3787 3238 1
3517 3238 1
3348 3238 1
3830 3238 1
3233 3238 1
3399 3238 1
3813 3238 1
3660 3238 1
3394 3238 1
3741 3238 1
3436 3238 3
3373 3238 1
3893 3238 1
3931 3239 4
3241 3240 3
3223 3242 2
3244 3243 1
3931 3244 4
3408 3244 1
3246 3245 1
3505 3246 1
3931 3246 4
3248 3247 7
3436 3247 3
3624 3247 3
3931 3248 4
3128 3248 6
3576 3250 1
3251 3250 2
3253 3251 4
3155 3251 1
3553 3251 1
3563 3251 1
3931 3251 4
3810 3252 1
3244 3252 2
3223 3253 2
3251 3254 1
3256 3255 1
3223 3256 2
3555 3256 1
3128 3257 2
3255 3257 1
3776 3258 2
3436 3258 3
3576 3258 1
3128 3258 12
3257 3258 2
3471 3258 2
3771 3258 1
3190 3258 1
3258 3259 12
3321 3259 1
3312 3259 3
3178 3259 1
3294 3259 3
3116 3259 19
3311 3259 2
3178 3260 1
3258 3260 12
3294 3260 3
3116 3260 16
3735 3261 1
3163 3261 1
3258 3261 12
3294 3261 3
3116 3261 19
3282 3261 1
3312 3261 3
3311 3261 2
3929 3262 3
3463 3262 2
3076 3264 4
3379 3265 1
3076 3265 1
3267 3266 1
3223 3267 2
3266 3268 1
3076 3268 1
3931 3270 4
3663 3270 1
3223 3271 2
3276 3273 2
3274 3273 2
3933 3273 2
3275 3274 3
3286 3274 1
3279 3280 1
3896 3280 2
3503 3281 2
3279 3281 1
3283 3282 1
3388 3283 3
3282 3284 1
3929 3284 2
3282 3285 1
3286 3285 1
3283 3286 1
3513 3286 1
3230 3286 1
3128 3286 4
3282 3287 1
3288 3287 1
3283 3288 1
3282 3289 1
3288 3289 1
3288 3290 1
3282 3290 1
3286 3291 1
3282 3291 1
3282 3292 1
3116 3292 1
3128 3293 2
3282 3293 1
3282 3294 1
3128 3294 3
3293 3294 2
3116 3295 4
3178 3295 1
3294 3295 3
3116 3296 4
3470 3296 1
3294 3296 3
3294 3297 3
3116 3297 4
3470 3297 1
3116 3298 6
3312 3298 3
3294 3298 3
3849 3298 1
3116 3299 3
3294 3299 3
3116 3300 3
3294 3300 3
3178 3301 1
3294 3301 3
3116 3301 5
3190 3301 1
3116 3302 3
3294 3302 3
3294 3303 3
3081 3303 3
3736 3304 1
3294 3304 3
3865 3304 1
3317 3304 1
3414 3304 1
3919 3304 1
3773 3304 1
3360 3304 2
3934 3304 19
3623 3304 1
3430 3304 1
3372 3304 1
3348 3304 1
3586 3304 2
3190 3304 1
3685 3304 1
3294 3305 3
3317 3305 1
3586 3305 2
3773 3305 1
3360 3305 2
3848 3305 1
3430 3305 1
3736 3305 1
3623 3305 1
3306 3305 27
3414 3305 1
3348 3305 1
3865 3305 1
3919 3305 1
3441 3305 9
3372 3305 1
3190 3305 1
3685 3305 1
3800 3305 1
3256 3306 1
3431 3306 2
3230 3306 6
3083 3306 2
3128 3306 5
3485 3306 2
3440 3306 9
3120 3306 3
3294 3307 3
3736 3307 1
3773 3307 1
3317 3307 1
3414 3307 1
3348 3307 1
3430 3307 1
3441 3307 9
3586 3307 2
3623 3307 1
3865 3307 1
3360 3307 2
3306 3307 26
3685 3307 1
3372 3307 1
3190 3307 1
3919 3307 1
3307 3308 26
3765 3308 2
3309 3308 28
3338 3309 3
3306 3309 28
3309 3310 26
3307 3310 26
3086 3311 2
3282 3311 1
3311 3312 2
3929 3312 3
3116 3313 3
3312 3313 3
3311 3314 2
3315 3314 2
3128 3315 3
3474 3315 1
3086 3315 2
3319 3315 3
3282 3316 1
3642 3316 1
3079 3316 7
3798 3316 3
3841 3316 1
3907 3316 1
3867 3316 1
3417 3316 2
3128 3317 4
3773 3317 1
3282 3317 1
3282 3318 1
3286 3318 1
3929 3320 1
3240 3321 1
3128 3322 6
3800 3322 1
3849 3322 1
3380 3322 1
3321 3322 1
3079 3323 3
3079 3324 3
3323 3324 3
3328 3327 1
3931 3328 4
3125 3329 5
3670 3329 4
3669 3329 3
3210 3333 1
3333 3334 1
3086 3334 2
3929 3335 3
3334 3335 2
3933 3336 1
3086 3337 2
3462 3337 1
3913 3339 1
3197 3339 2
3341 3340 2
3339 3340 2
3197 3341 2
3128 3342 1
3239 3343 1
3197 3345 4
3344 3345 4
3348 3346 1
3125 3346 2
3246 3347 2
3923 3347 1
3120 3348 1
3125 3349 2
3348 3349 1
3481 3350 4
3349 3350 2
3081 3350 7
3348 3351 1
3306 3351 2
3197 3352 10
3838 3352 2
3486 3352 3
3415 3352 2
3351 3352 2
3913 3352 1
3765 3352 2
3351 3353 2
3197 3353 3
3660 3354 1
3348 3354 1
3783 3354 1
3181 3354 3
3576 3355 1
3097 3355 2
3585 3356 2
3355 3356 2
3105 3356 3
3081 3357 1
3357 3358 1
3074 3358 2
3072 3359 1
3359 3360 1
3083 3360 2
3360 3361 2
3076 3361 3
3849 3361 1
3210 3362 1
3086 3363 2
3362 3363 1
3363 3364 2
3929 3364 3
3613 3365 1
3366 3365 2
3931 3366 4
3474 3366 1
3304 3367 1
3367 3368 1
3369 3368 2
3858 3368 1
3304 3369 2
3371 3370 3
3230 3372 1
3155 3373 1
3093 3374 2
3373 3374 1
3374 3375 2
3236 3375 2
3377 3376 1
3379 3377 4
3594 3378 2
3379 3378 4
3744 3378 1
3376 3378 1
3377 3379 4
3326 3379 2
3381 3380 1
3223 3381 2
3380 3382 1
3826 3382 1
3076 3382 2
3380 3383 1
3076 3383 1
3704 3384 2
3246 3385 1
3116 3386 1
3330 3387 1
3271 3390 2
3326 3391 1
3537 3391 4
3344 3392 1
3155 3393 1
3120 3394 1
3394 3395 1
3919 3395 1
3097 3395 2
3644 3396 1
3783 3396 1
3845 3396 1
3571 3396 2
3394 3396 1
3919 3396 1
3397 3396 6
3097 3397 2
3120 3397 3
3571 3398 2
3644 3398 1
3919 3398 1
3397 3398 6
3394 3398 1
3845 3398 1
3120 3399 1
3125 3400 2
3399 3400 1
3399 3401 1
3181 3401 1
3660 3402 1
3399 3402 1
3787 3402 1
3181 3402 8
3414 3402 1
3783 3402 1
3624 3402 3
3907 3404 1
3093 3404 2
3081 3405 4
3404 3405 2
3872 3405 2
3081 3406 3
3404 3406 2
3830 3406 1
3244 3407 1
3223 3408 2
3271 3409 2
3410 3409 1
3081 3409 2
3155 3409 1
3112 3411 3
3112 3412 3
3112 3413 3
3120 3414 1
3414 3415 1
3306 3415 2
3125 3416 2
3414 3416 1
3642 3417 1
3162 3417 2
3239 3418 1
3239 3419 1
3267 3420 1
3076 3421 1
3420 3421 1
3642 3422 1
3074 3422 2
3079 3423 3
3689 3423 1
3422 3423 2
3422 3424 2
3743 3424 3
3076 3424 5
3537 3425 4
3391 3425 7
3251 3427 2
3679 3427 1
3427 3428 2
3097 3428 2
3097 3429 2
3427 3429 2
3431 3430 1
3223 3431 2
3433 3432 1
3430 3432 1
3528 3433 1
3431 3433 1
3430 3434 1
3433 3434 1
3430 3435 1
3433 3435 1
3190 3436 1
3430 3436 1
3128 3436 3
3901 3437 1
3436 3437 3
3097 3437 4
3436 3438 3
3783 3438 1
3501 3438 2
3820 3438 1
3081 3438 6
3624 3439 4
3440 3439 7
3436 3439 3
3128 3440 7
3624 3441 4
3440 3441 9
3436 3441 3
3433 3442 1
3430 3442 1
3586 3443 2
3128 3443 3
3783 3444 1
3125 3444 2
3929 3446 2
3897 3446 1
3081 3447 2
3907 3447 1
3210 3450 1
3086 3451 2
3450 3451 1
3929 3452 3
3451 3452 2
3230 3453 1
3453 3454 1
3115 3454 1
3163 3455 1
3116 3455 2
3455 3456 2
3116 3456 2
3458 3457 1
3460 3459 1
3706 3460 1
3534 3460 1
3377 3460 1
3493 3460 2
3459 3461 1
3460 3461 1
3210 3462 1
3086 3463 2
3462 3463 1
3463 3464 2
3929 3464 3
3463 3465 2
3929 3465 3
3463 3466 2
3929 3466 3
3929 3467 3
3463 3467 2
3230 3470 1
3128 3471 2
3470 3471 1
3116 3472 1
3470 3472 1
3286 3473 1
3470 3473 1
3476 3474 1
3477 3474 1
3475 3474 1
3403 3474 1
3326 3474 1
3109 3474 1
3478 3474 1
3498 3479 1
3120 3480 1
3919 3481 1
3480 3481 1
3867 3481 1
3093 3481 4
3480 3482 1
3181 3482 1
3883 3483 1
3093 3483 3
3741 3483 1
3223 3485 2
3800 3486 1
3306 3486 3
3848 3486 1
3486 3487 3
3197 3487 4
3487 3488 4
3345 3488 4
3345 3489 4
3487 3489 4
3491 3490 2
3492 3491 2
3912 3494 1
3508 3495 3
3498 3497 1
3864 3498 1
3933 3498 1
3863 3498 1
3497 3499 1
3498 3499 2
3783 3501 1
3093 3501 2
3553 3504 1
3223 3505 2
3661 3507 1
3109 3508 3
3109 3509 1
3280 3510 1
3242 3510 1
3125 3511 1
3210 3512 3
3931 3513 4
3515 3514 1
3155 3517 1
3520 3519 1
3931 3520 4
3239 3521 1
3849 3523 1
3128 3523 3
3664 3523 1
3526 3525 1
3931 3526 4
3513 3527 2
3655 3530 1
3933 3530 1
3468 3530 1
3253 3531 2
3767 3532 1
3576 3532 1
3679 3532 1
3833 3532 1
3531 3532 2
3831 3532 1
3251 3532 7
3531 3533 1
3251 3533 2
3319 3534 3
3326 3534 1
3286 3535 1
3677 3536 2
3535 3536 1
3537 3536 4
3286 3537 3
3391 3538 5
3536 3538 4
3425 3539 9
3676 3539 1
3550 3539 5
3538 3539 5
3549 3539 5
3539 3540 9
3425 3540 10
3541 3540 6
3425 3541 6
3538 3541 5
3425 3542 6
3538 3542 5
3542 3543 6
3425 3543 6
3536 3544 4
3425 3544 5
3538 3544 5
3550 3545 5
3536 3545 4
3391 3545 5
3425 3546 4
3536 3546 4
3548 3547 4
3536 3547 4
3537 3548 4
3425 3549 5
3536 3549 4
3391 3550 5
3536 3550 4
3163 3551 1
3117 3551 2
3190 3551 1
3163 3552 1
3117 3552 2
3190 3552 1
3554 3553 3
3304 3557 1
3938 3558 1
3557 3558 1
3557 3559 1
3938 3559 1
3561 3560 1
3564 3563 3
3664 3565 1
3270 3565 2
3929 3566 3
3605 3566 2
3093 3569 1
3740 3570 1
3081 3570 1
3097 3571 2
3783 3571 1
3919 3572 1
3397 3572 3
3571 3572 2
3571 3573 2
3397 3573 2
3576 3574 1
3936 3574 2
3106 3574 1
3576 3575 1
3106 3575 1
3936 3575 2
3553 3576 1
3504 3577 1
3576 3577 1
3097 3578 2
3576 3578 1
3578 3579 2
3105 3579 2
3576 3580 1
3936 3580 1
3576 3581 1
3936 3581 1
3576 3582 1
3936 3582 1
3936 3583 1
3576 3583 1
3936 3584 1
3576 3584 1
3097 3585 2
3576 3585 1
3230 3586 2
3460 3587 1
3460 3588 1
3587 3588 1
3590 3589 1
3086 3592 2
3877 3592 1
3929 3593 3
3592 3593 2
3377 3594 2
3128 3595 1
3931 3595 4
3597 3596 3
3929 3598 2
3726 3598 1
3242 3599 1
3139 3600 1
3599 3600 1
3510 3601 2
3898 3601 1
3599 3601 1
3599 3602 1
3139 3602 1
3139 3603 1
3599 3603 1
3599 3604 1
3139 3604 1
3886 3605 1
3086 3605 2
3827 3606 1
3097 3606 2
3344 3607 3
3607 3608 3
3344 3608 3
3344 3609 2
3607 3609 2
3125 3610 2
3660 3610 1
3263 3611 1
3611 3612 1
3263 3612 1
3613 3613 1
3474 3613 1
3613 3614 1
3315 3614 1
3109 3615 2
3613 3615 1
3109 3616 3
3615 3616 2
3801 3616 1
3109 3617 3
3615 3617 2
3801 3617 1
3801 3618 1
3109 3618 4
3658 3618 1
3615 3618 2
3109 3619 2
3615 3619 2
3929 3620 1
3256 3623 1
3128 3624 4
3623 3624 1
3826 3624 1
3624 3625 4
3286 3625 4
3286 3626 4
3624 3626 4
3624 3627 4
3286 3627 4
3315 3628 3
3624 3628 3
3286 3629 4
3624 3629 4
3624 3630 3
3315 3630 3
3872 3631 2
3081 3631 11
3624 3631 3
3686 3631 2
3820 3631 1
3827 3631 1
3786 3631 2
3309 3632 1
3634 3633 1
3632 3633 1
3309 3634 1
3632 3635 1
3636 3635 1
3309 3636 1
3632 3637 1
3636 3637 1
3267 3638 1
3638 3639 1
3093 3639 3
3894 3639 1
3223 3640 2
3239 3641 1
3155 3642 1
3823 3643 1
3397 3644 1
3397 3645 2
3644 3645 1
3645 3646 2
3397 3646 2
3397 3647 2
3645 3647 2
3645 3648 2
3397 3648 2
3645 3649 2
3397 3649 2
3652 3651 1
3783 3653 1
3125 3653 2
3166 3654 1
3377 3656 1
3656 3657 1
3377 3657 1
3534 3658 1
3120 3660 1
3242 3662 1
3597 3663 3
3663 3664 1
3270 3665 1
3664 3665 1
3244 3666 1
3520 3667 1
3838 3669 2
3197 3669 3
3669 3670 3
3181 3670 4
3286 3671 1
3286 3672 1
3671 3672 1
3671 3673 1
3274 3673 1
3671 3674 1
3274 3674 1
3274 3675 1
3671 3675 1
3391 3676 1
3759 3677 1
3286 3677 2
3155 3679 1
3125 3680 1
3190 3681 1
3116 3681 1
3222 3682 1
3937 3683 2
3913 3683 1
3937 3684 2
3683 3684 2
3431 3685 1
3128 3686 2
3685 3686 1
3097 3687 3
3686 3687 2
3105 3688 3
3687 3688 3
3556 3689 1
3163 3690 1
3094 3690 1
3115 3691 1
3163 3691 1
3115 3692 1
3163 3692 1
3163 3693 1
3595 3693 1
3115 3694 1
3163 3694 1
3094 3695 1
3163 3695 1
3094 3696 1
3163 3696 1
3163 3697 1
3094 3697 1
3094 3698 1
3163 3698 1
3094 3699 1
3163 3699 1
3163 3700 1
3094 3700 1
3094 3701 2
3163 3701 1
3115 3702 2
3701 3702 2
3116 3703 2
3163 3703 1
3929 3705 3
3887 3705 1
3726 3705 1
3479 3707 1
3499 3707 1
3093 3708 1
3595 3710 1
3304 3711 1
3711 3712 1
3858 3712 1
3937 3712 2
3711 3713 1
3858 3713 1
3937 3713 2
3937 3714 2
3711 3714 1
3858 3714 1
3935 3715 1
3711 3715 1
3711 3716 1
3937 3716 2
3858 3716 1
3155 3717 1
3717 3718 1
3883 3718 1
3093 3718 3
3933 3720 1
3230 3721 1
3072 3722 1
3722 3723 1
3083 3723 1
3097 3724 2
3901 3724 1
3724 3725 2
3105 3725 2
3315 3726 1
3929 3727 2
3726 3727 1
3929 3728 2
3726 3728 1
3230 3729 1
3093 3731 2
3899 3731 1
3731 3732 2
3236 3732 2
3210 3733 1
3733 3734 1
3512 3734 1
3128 3735 1
3230 3736 1
3736 3737 1
3128 3737 2
3128 3738 3
3736 3738 1
3737 3738 2
3155 3741 1
3893 3742 1
3741 3742 1
3081 3742 2
3074 3743 3
3893 3743 1
3741 3743 1
3594 3744 1
3377 3744 2
3594 3745 1
3460 3745 1
3431 3746 1
3906 3748 1
3093 3748 3
3907 3748 1
3116 3749 1
3764 3750 2
3929 3750 3
3081 3751 3
3901 3751 1
3323 3751 1
3827 3751 1
3753 3752 1
3752 3754 1
3753 3754 1
3753 3755 1
3752 3755 1
3753 3756 1
3752 3756 1
3753 3757 1
3752 3757 1
3752 3758 1
3753 3758 1
3513 3759 1
3830 3760 1
3093 3760 2
3817 3761 1
3210 3762 1
3886 3763 1
3762 3763 1
3512 3763 2
3762 3764 1
3086 3764 2
3848 3765 1
3306 3765 2
3309 3766 2
3765 3766 2
3253 3767 1
3767 3768 1
3251 3768 2
3097 3769 1
3767 3769 1
3595 3770 1
3381 3771 1
3076 3772 1
3771 3772 1
3230 3773 1
3128 3774 1
3773 3774 1
3072 3775 1
3083 3776 2
3775 3776 1
3778 3777 1
3319 3778 3
3326 3778 1
3777 3779 1
3128 3779 2
3919 3781 1
3097 3781 2
3105 3782 4
3781 3782 2
3786 3782 2
3120 3783 1
3076 3784 1
3783 3784 1
3076 3785 1
3783 3785 1
3097 3786 2
3783 3786 1
3120 3787 1
3125 3788 2
3787 3788 1
3384 3789 1
3273 3789 1
3855 3789 1
3128 3790 2
3865 3790 1
3074 3791 1
3929 3792 1
3834 3794 2
3835 3794 2
3814 3794 2
3795 3794 2
3097 3794 9
3833 3795 1
3251 3795 2
3929 3796 1
3093 3797 1
3867 3798 1
3907 3798 1
3074 3798 3
3798 3799 3
3076 3799 3
3485 3800 1
3534 3801 1
3801 3802 1
3460 3802 1
3460 3803 1
3801 3803 1
3460 3804 1
3801 3804 1
3460 3805 1
3801 3805 1
3460 3806 1
3801 3806 1
3801 3807 1
3460 3807 1
3460 3808 1
3801 3808 1
3460 3809 1
3801 3809 1
3408 3810 1
3810 3811 1
3244 3811 1
3267 3813 1
3251 3814 2
3833 3814 1
3081 3818 2
3907 3818 1
3818 3819 2
3409 3819 2
3651 3820 1
3820 3821 1
3118 3821 1
3081 3822 3
3840 3822 2
3820 3822 1
3929 3825 2
3897 3825 1
3381 3826 1
3271 3827 1
3901 3828 1
3827 3828 1
3390 3828 2
3827 3829 1
3076 3829 2
3901 3829 1
3155 3830 1
3253 3831 1
3251 3832 2
3831 3832 1
3563 3833 1
3833 3834 1
3251 3834 2
3251 3835 2
3833 3835 1
3097 3836 2
3849 3836 1
3105 3837 2
3836 3837 2
3306 3838 2
3848 3838 1
3866 3839 1
3893 3840 1
3093 3840 2
3162 3841 1
3115 3842 1
3841 3842 1
3115 3843 1
3841 3843 1
3841 3844 1
3115 3844 1
3397 3845 1
3155 3846 1
3485 3848 1
3370 3849 1
3849 3850 1
3076 3850 1
3513 3852 1
3887 3856 1
3929 3856 2
3408 3857 1
3304 3858 1
3937 3859 1
3858 3859 1
3858 3860 1
3937 3860 1
3270 3861 1
3897 3862 1
3929 3862 2
3230 3865 1
3271 3867 1
3883 3868 1
3867 3868 1
3076 3868 2
3901 3869 1
3409 3869 3
3867 3869 1
3907 3869 1
3409 3870 2
3867 3870 1
3901 3870 1
3867 3871 1
3901 3871 1
3409 3871 3
3907 3871 1
3093 3872 2
3867 3872 1
3081 3873 2
3872 3873 2
3118 3874 2
3872 3874 2
3128 3875 2
3867 3875 1
3210 3877 1
3490 3878 1
3929 3879 2
3887 3879 1
3248 3882 1
3271 3883 1
3244 3884 1
3244 3885 1
3210 3886 1
3086 3887 1
3178 3888 1
3081 3888 1
3178 3889 1
3116 3889 1
3116 3890 1
3178 3890 1
3116 3891 1
3178 3891 1
3155 3893 1
3162 3894 1
3128 3895 1
3086 3897 1
3280 3898 1
3155 3899 1
3903 3900 1
3271 3901 1
3409 3902 1
3901 3902 1
3267 3904 1
3076 3905 1
3904 3905 1
3155 3906 1
3155 3907 1
3907 3908 1
3409 3908 1
3076 3909 1
3907 3909 1
3907 3910 1
3076 3910 1
3595 3911 1
3490 3913 1
3937 3914 1
3913 3914 1
3913 3915 1
3937 3915 1
3913 3916 1
3937 3916 1
3937 3917 1
3913 3917 1
3878 3918 1
3913 3918 1
3120 3919 1
3267 3921 1
3076 3922 1
3921 3922 1
3505 3923 1
3923 3924 1
3076 3924 1
3923 3925 1
3076 3925 1
3923 3926 1
3246 3926 1
3337 3928 2
3929 3928 3
3086 3929 27
3315 3929 1
3931 3929 4
3283 3929 1
3931 3930 254
3444 3930 2
3467 3930 3
3088 3930 3
3895 3930 1
3400 3930 2
3226 3930 1
3593 3930 3
3788 3930 2
3856 3930 2
3221 3930 3
3365 3930 2
3852 3930 1
3243 3930 1
3187 3930 2
3861 3930 1
3598 3930 2
3294 3930 3
3768 3930 2
3792 3930 1
3232 3930 1
3523 3930 3
3231 3930 3
3284 3930 2
3667 3930 1
3610 3930 2
3126 3930 26
3481 3930 4
3464 3930 3
3519 3930 1
3143 3930 2
3452 3930 3
3624 3930 4
3728 3930 2
3875 3930 2
3349 3930 2
3347 3930 2
3487 3930 4
3832 3930 2
3262 3930 3
3092 3930 3
3527 3930 2
3113 3930 3
3738 3930 3
3252 3930 2
3759 3930 1
3620 3930 1
3795 3930 2
3708 3930 1
3639 3930 3
3731 3930 2
3653 3930 2
3641 3930 1
3885 3930 1
3686 3930 2
3129 3930 3
3834 3930 2
3257 3930 2
3680 3930 1
3825 3930 2
3312 3930 3
3293 3930 2
3466 3930 3
3335 3930 3
3227 3930 3
3710 3930 1
3884 3930 1
3718 3930 3
3163 3930 10
3136 3930 3
3666 3930 1
3201 3930 1
3796 3930 1
3872 3930 2
3364 3930 3
3342 3930 1
3760 3930 2
3748 3930 3
3465 3930 3
3317 3930 4
3427 3930 2
3814 3930 2
3419 3930 1
3245 3930 1
3779 3930 2
3416 3930 2
3346 3930 2
3320 3930 1
3705 3930 3
3353 3930 3
3137 3930 2
3184 3930 9
3178 3930 1
3911 3930 1
3446 3930 2
3501 3930 2
3254 3930 1
3727 3930 2
3191 3930 2
3250 3930 2
3374 3930 2
3750 3930 3
3322 3930 6
3216 3930 3
3735 3930 1
3343 3930 1
3407 3930 1
3471 3930 2
3483 3930 3
3329 3930 5
3225 3930 3
3174 3930 18
3928 3930 3
3190 3930 2
3258 3930 12
3569 3930 1
3418 3930 1
3770 3930 1
3565 3930 2
3790 3930 2
3339 3930 2
3327 3930 1
3247 3930 7
3196 3930 3
3797 3930 1
3525 3930 1
3521 3930 1
3669 3930 3
3840 3930 2
3206 3930 6
3862 3930 2
3511 3930 1
3404 3930 2
3533 3930 2
3443 3930 3
3385 3930 1
3566 3930 3
3835 3930 2
3219 3930 3
3436 3930 3
3879 3930 2
3326 3931 18
3251 3931 16
3197 3931 16
3244 3931 7
3526 3931 1
3125 3931 59
3128 3931 69
3239 3931 5
3520 3931 2
3328 3931 1
3929 3931 61
3513 3931 4
3093 3931 46
3366 3931 2
3246 3931 4
3595 3931 3
3248 3931 7
3270 3931 3
3933 3932 1
3256 3934 1
3120 3934 3
3431 3934 2
3128 3934 5
3230 3934 6
3083 3934 2
3468 3935 1
3469 3935 1
3934 3935 4
3304 3935 1
3097 3936 3
3553 3936 1
3934 3936 4
3105 3936 1
3304 3937 2
3490 3937 1
3934 3937 4
3160 3938 1
3934 3938 4
3663 3938 1
3162 3938 9
3304 3938 1
3072 3939 1
