9355 9347 2
9350 9347 3
9362 9348 1
9365 9348 1
9368 9348 1
9350 9349 1
9347 9351 7
9354 9351 2
9385 9351 1
9389 9351 1
9349 9351 1
9351 9352 7
9347 9352 8
9389 9352 1
9355 9354 2
9386 9356 1
9357 9356 2
9358 9356 2
9360 9359 2
9403 9359 1
9362 9361 4
9368 9364 1
9365 9364 1
9369 9364 1
9370 9364 1
9367 9365 5
9366 9365 5
9386 9365 1
9372 9371 4
9373 9374 3
9386 9375 1
9376 9375 2
9371 9379 1
9381 9380 1
9379 9380 1
9371 9381 1
9384 9383 3
9350 9385 1
9350 9389 1
9389 9390 1
9347 9390 1
9396 9391 1
9368 9391 1
9394 9391 1
9397 9391 1
9395 9391 1
9365 9391 1
9393 9392 4
9391 9392 1
9391 9398 1
9398 9399 1
9392 9399 1
