2799 2798 2
3149 2799 1
3199 2799 1
3200 2800 5
2798 2800 2
2801 2800 7
2799 2801 8
3200 2802 4
2803 2802 6
3259 2802 1
2798 2802 1
2799 2803 6
2798 2804 2
3200 2804 5
2801 2804 7
3200 2805 4
2798 2805 1
3259 2805 1
2803 2805 6
2801 2806 3
3226 2806 1
3200 2806 1
2798 2806 1
3226 3098 1
2798 3098 2
3200 3098 2
2801 3098 5
3200 3099 2
2798 3099 2
2801 3099 5
3226 3099 1
3101 3100 2
3298 3100 1
3288 3102 1
3103 3102 2
3105 3104 2
3125 3104 1
3107 3106 1
3167 3107 3
3109 3108 1
3106 3108 1
3107 3109 2
3298 3109 1
3193 3109 2
3111 3110 1
3236 3111 3
3216 3112 1
3111 3112 3
3132 3112 1
3110 3112 1
3111 3113 3
3132 3113 1
3110 3113 1
3216 3113 1
3111 3114 3
3216 3114 1
3110 3114 1
3132 3114 1
3116 3115 2
3292 3115 1
3170 3120 1
3121 3120 2
3123 3122 2
3289 3122 1
3127 3126 2
3232 3126 1
3130 3131 4
3111 3132 1
3171 3133 1
3111 3133 3
3216 3133 1
3132 3133 1
3135 3134 2
3170 3134 1
3278 3137 2
3136 3137 1
3139 3140 1
3146 3140 2
3139 3141 1
3146 3141 2
3265 3142 2
3189 3142 1
3139 3142 1
3144 3143 3
3144 3147 3
3150 3149 3
3298 3151 1
3152 3151 2
3154 3153 2
3155 3153 4
3201 3153 1
3257 3155 1
3157 3156 3
3144 3161 3
3160 3161 3
3144 3162 3
3160 3162 3
3144 3163 3
3165 3164 3
3101 3168 2
3298 3168 1
3111 3171 1
3298 3172 1
3173 3172 2
3107 3172 2
3175 3174 1
3177 3176 1
3174 3176 1
3175 3177 1
3179 3178 3
3225 3181 2
3180 3181 1
3184 3183 1
3186 3185 1
3183 3185 1
3184 3186 1
3189 3188 1
3188 3190 1
3142 3190 1
3192 3191 2
3298 3191 1
3199 3198 1
3198 3200 1
2799 3200 5
3269 3200 1
3155 3202 4
3120 3209 1
3211 3210 1
3209 3210 1
3275 3211 2
3107 3211 1
3120 3211 1
3298 3211 1
3111 3216 1
2799 3226 1
3107 3229 1
3172 3230 1
3229 3230 1
3152 3231 2
3298 3231 1
3298 3240 1
3101 3240 2
3245 3244 2
3248 3247 3
3107 3254 1
3254 3255 1
3109 3255 1
3257 3256 1
3155 3258 1
3256 3258 1
2799 3259 1
3107 3261 1
3172 3262 1
3261 3262 1
3149 3269 1
3199 3270 1
3272 3271 1
3270 3271 1
3199 3272 1
3286 3285 1
3286 3287 1
3285 3287 1
3107 3290 1
3290 3291 1
3211 3291 1
