4839 3073 4
4841 3075 4
4869 3076 4
3078 3077 1
4857 3078 4
3190 3079 1
3355 3079 1
3369 3079 1
4886 3079 15
3136 3079 1
3312 3079 1
3419 3079 1
3366 3079 2
3392 3079 1
3077 3079 1
3202 3079 4
3079 3080 15
11976 3080 16
3079 3081 15
11976 3081 16
11976 3082 16
3081 3082 16
3081 3083 16
11976 3083 17
4886 3084 19
3419 3084 1
3083 3084 17
3079 3084 15
4886 3085 16
3079 3085 15
3090 3086 13
4886 3086 19
3085 3086 16
3079 3087 15
3190 3087 1
3392 3087 1
4886 3087 16
3136 3087 1
3090 3088 13
4886 3088 20
3087 3088 16
4886 3089 15
3079 3089 15
3364 3090 2
3190 3090 1
3136 3090 1
3392 3090 1
4886 3090 13
3077 3090 1
3355 3090 1
3084 3090 1
3419 3090 1
3202 3090 4
4886 3091 14
3090 3091 13
3419 3092 1
11999 3092 12
3136 3092 1
3190 3092 1
3077 3092 1
3366 3092 2
3392 3092 1
3202 3092 4
11999 3093 12
3092 3093 12
3419 3093 1
4841 3094 4
11988 3095 1
11974 3096 1
12060 3097 1
3097 3098 1
12060 3098 1
12060 3099 1
3097 3099 1
3101 3100 1
4841 3101 4
3185 3102 2
11941 3102 5
3100 3102 1
3409 3102 1
3232 3103 5
11941 3103 11
3102 3103 5
3224 3104 5
3232 3104 5
11941 3104 17
3297 3104 2
3164 3104 9
3185 3104 2
3409 3104 1
3100 3104 1
3169 3104 6
3231 3104 5
3335 3105 1
3106 3105 2
11907 3107 1
3109 3108 6
3251 3108 5
3304 3109 1
3193 3109 5
3108 3110 6
3109 3110 7
3108 3111 6
3109 3111 6
3108 3112 6
3109 3112 7
3112 3113 7
3109 3113 7
3112 3114 7
3109 3114 7
3108 3115 6
3109 3115 6
3109 3116 6
3108 3116 6
3108 3117 6
3109 3117 6
3108 3118 6
3109 3118 6
3109 3119 6
3108 3119 6
3108 3120 6
3109 3120 6
3381 3121 1
12007 3121 2
11907 3122 1
11970 3123 5
3202 3123 4
11957 3124 5
3123 3124 5
11963 3125 3
3364 3125 2
11945 3126 1
12061 3127 1
4841 3128 4
4841 3129 4
3251 3130 5
11909 3130 7
3130 3131 7
3265 3131 9
11909 3131 11
12080 3132 1
4859 3133 3
3133 3134 3
4859 3134 3
4859 3135 3
3133 3135 3
12070 3136 1
11982 3137 2
3137 3138 2
3436 3138 1
11982 3138 3
3140 3139 2
3170 3139 1
3139 3141 2
3140 3141 2
3140 3142 2
3139 3142 2
3140 3143 2
3139 3143 2
3139 3144 2
3140 3144 2
3139 3145 2
3140 3145 2
3139 3146 2
3140 3146 2
3148 3147 1
3181 3148 1
4856 3148 1
11909 3149 6
3147 3149 1
3323 3149 1
3202 3149 4
3323 3150 1
3251 3150 5
3147 3150 1
11909 3150 7
4841 3151 4
4841 3152 4
4841 3153 4
4841 3154 4
11907 3155 1
3157 3156 2
3404 3156 1
3157 3158 2
3156 3158 2
3157 3159 2
3156 3159 2
11907 3160 1
11948 3161 6
3241 3161 5
12087 3162 1
11894 3162 2
3162 3163 2
3235 3163 7
3169 3163 6
11941 3163 11
3405 3163 2
3297 3164 2
3162 3164 2
3232 3164 5
11941 3164 9
3164 3165 9
11941 3165 10
3231 3165 5
3297 3165 2
4862 3166 2
12012 3168 1
11936 3168 1
4886 3169 6
3233 3169 5
3140 3170 1
3410 3171 1
3170 3171 1
3202 3171 4
3385 3171 1
3199 3171 1
3172 3171 8
12078 3172 1
11927 3172 1
3291 3172 1
3140 3172 1
3193 3172 4
3202 3173 4
3170 3173 1
3174 3173 6
3140 3174 1
11927 3174 1
3261 3174 9
3193 3174 5
3173 3175 6
3174 3175 6
3177 3176 6
3173 3176 6
3174 3177 6
3170 3178 1
3410 3178 1
3202 3178 4
3174 3178 6
3202 3179 4
3170 3179 1
3174 3179 5
3202 3180 4
3174 3180 5
3170 3180 1
11974 3182 1
3202 3183 4
12004 3183 5
12082 3184 6
3183 3184 5
12083 3184 8
4860 3185 2
11945 3187 1
3186 3187 3
12009 3188 6
12082 3188 6
12082 3189 7
12009 3189 7
12046 3190 1
4841 3191 4
3193 3192 5
3202 3192 4
3343 3193 1
12080 3193 1
3201 3193 1
4841 3194 4
11892 3197 2
3337 3197 2
12078 3199 1
3201 3200 1
3193 3202 4
3200 3202 1
3342 3202 1
3313 3202 1
3202 3203 4
12020 3203 5
3203 3204 5
4857 3204 5
3193 3205 4
3202 3205 4
3202 3206 4
3302 3206 2
4844 3206 6
3313 3206 1
3193 3207 5
3202 3207 4
3207 3208 5
3209 3208 6
3193 3209 5
3207 3210 5
11974 3210 7
3360 3210 1
11970 3211 7
3207 3211 5
3360 3211 1
3202 3212 4
11976 3212 5
11976 3213 5
3202 3213 4
3202 3214 4
11976 3214 5
3202 3215 4
11976 3215 5
3240 3216 5
3355 3216 1
11957 3216 7
3202 3216 4
3202 3217 4
12027 3217 5
3202 3218 4
12005 3218 5
3202 3219 4
4852 3219 5
4871 3220 4
3202 3220 4
4871 3221 4
3202 3221 4
3202 3222 4
3174 3222 4
11999 3223 4
3202 3223 4
3202 3224 4
3174 3224 5
3202 3225 4
3174 3225 5
3202 3226 4
11970 3226 4
3251 3227 5
3174 3227 5
3202 3227 4
3202 3228 4
12004 3228 5
3202 3229 4
4857 3229 4
11970 3230 5
3202 3230 4
11941 3231 5
3202 3231 4
3202 3232 4
4852 3232 5
4886 3233 5
3202 3233 4
3233 3234 5
11976 3234 6
3234 3235 6
11976 3235 7
11981 3236 5
3202 3236 4
11981 3237 6
3236 3237 5
11981 3238 6
3237 3238 6
3174 3239 4
3202 3239 4
3202 3240 4
11957 3240 5
3193 3241 5
3202 3241 4
3243 3242 6
3241 3242 5
3394 3242 1
3181 3243 1
3193 3243 5
3395 3243 1
11948 3244 6
3241 3244 5
3241 3245 5
11948 3245 6
3241 3246 5
11948 3246 6
11957 3247 6
3241 3247 5
11995 3248 1
11957 3248 8
3247 3248 6
3249 3248 6
11999 3249 6
3241 3249 5
3202 3250 4
11909 3250 4
3202 3251 4
3193 3251 5
3174 3252 5
3251 3252 5
3251 3253 5
3174 3253 5
3251 3254 5
3174 3254 5
12082 3255 6
12009 3255 6
12082 3256 6
12009 3256 6
3251 3257 5
12083 3257 6
3259 3258 6
3257 3258 6
12083 3259 6
3261 3260 6
3251 3260 5
3193 3261 5
3260 3262 6
3174 3262 6
3265 3263 9
3174 3263 9
3260 3263 6
3261 3264 6
3260 3264 6
3260 3265 6
3261 3265 9
3265 3266 9
3174 3266 9
3174 3267 9
3265 3267 9
11909 3268 10
3265 3268 9
3268 3269 10
11909 3269 10
3265 3270 9
11909 3270 10
3251 3271 5
3109 3271 5
3251 3272 5
11909 3272 6
3251 3273 5
11929 3273 6
3202 3274 4
12005 3274 4
11957 3275 2
3312 3275 1
3126 3278 1
11944 3278 1
3126 3279 1
11944 3279 1
11943 3280 1
3280 3281 1
4844 3281 1
3280 3282 1
4844 3282 1
4857 3283 4
3094 3284 1
11905 3285 1
3285 3286 1
11988 3286 4
3390 3286 1
11988 3287 4
3286 3287 3
3286 3288 3
11988 3288 3
11941 3290 1
4841 3292 4
11928 3293 1
3293 3294 1
11928 3294 2
11907 3295 1
3365 3296 1
11985 3296 2
12087 3297 1
11894 3297 2
3299 3298 3
3187 3300 1
3300 3301 1
11945 3301 1
3300 3302 1
12080 3302 2
11907 3303 1
12040 3305 3
4841 3306 4
12048 3307 3
3329 3307 2
11974 3308 1
4864 3309 2
11894 3310 1
11974 3311 1
3193 3312 1
12080 3313 1
11925 3314 3
3329 3314 2
11957 3315 1
3316 3317 1
3317 3318 1
3316 3318 2
3320 3319 2
3316 3319 3
3318 3319 2
3317 3320 1
3316 3320 2
3306 3321 1
3419 3322 1
11970 3322 2
3148 3323 1
11907 3324 1
12036 3325 1
11974 3326 1
12027 3327 1
3299 3328 3
3351 3329 1
3127 3329 2
3329 3330 2
12090 3330 2
3329 3331 2
12048 3331 2
3196 3332 1
3168 3332 1
11907 3333 1
3349 3334 2
11957 3334 3
3106 3335 1
12005 3338 1
11974 3339 1
11907 3340 1
4841 3341 4
3343 3342 1
3345 3344 1
4841 3345 4
12024 3346 1
11907 3347 1
11943 3348 1
11957 3349 2
3349 3350 2
11957 3350 2
12061 3351 1
12005 3352 2
3394 3352 1
3365 3353 1
11985 3353 2
3353 3354 2
11985 3354 2
11967 3355 1
12036 3356 1
12078 3357 1
12011 3358 1
3358 3359 1
12011 3359 2
12080 3360 1
3362 3361 1
3362 3363 1
3361 3363 1
4886 3364 2
3084 3364 1
11985 3365 1
3365 3366 1
11985 3366 2
12000 3367 1
11907 3368 1
4856 3369 1
3369 3370 1
3148 3370 1
3369 3371 1
11892 3371 1
3332 3372 1
3396 3373 1
3372 3373 1
3390 3373 1
3332 3373 4
3332 3374 4
3373 3374 4
11907 3375 1
11907 3376 1
3376 3377 1
11907 3377 1
11907 3378 1
11907 3379 1
11907 3380 1
12007 3381 1
12005 3382 1
12078 3383 1
3341 3384 1
3291 3385 1
3292 3386 1
4841 3387 4
11994 3388 1
11994 3389 1
3388 3389 1
3168 3390 1
3283 3392 1
12000 3393 1
3395 3394 1
3196 3396 1
3404 3398 1
3157 3398 2
3157 3399 2
3398 3399 2
4849 3400 1
4849 3401 1
3400 3401 1
11957 3402 1
12036 3403 1
3157 3404 1
12087 3405 1
11894 3405 2
11907 3406 1
12004 3407 1
11943 3408 1
3194 3409 1
11927 3410 1
11927 3411 1
3410 3411 1
11907 3412 1
3187 3414 1
3187 3415 1
3414 3415 1
11974 3416 1
12044 3419 1
12076 3420 1
3387 3421 1
11907 3422 1
12008 3424 1
3424 3425 1
12008 3425 1
12008 3426 1
3424 3426 1
11907 3427 1
11907 3428 1
11974 3430 1
12078 3431 1
3075 3432 1
3075 3433 1
3432 3433 1
3432 3434 1
3075 3434 1
11907 3435 1
4849 3436 1
11984 3437 1
3436 3437 1
3436 3438 1
11978 3438 1
11907 3439 1
11907 3440 1
11974 3441 1
11931 4840 1
3100 4840 1
3346 4840 1
3386 4840 1
11930 4840 4
12081 4840 4
3073 4840 4
3294 4840 2
3344 4840 1
12056 4840 4
3076 4840 4
12015 4840 1
12010 4840 4
3185 4840 2
3335 4840 1
3409 4840 1
3284 4840 1
4854 4840 1
12088 4840 1
3420 4840 1
3309 4840 2
4841 4840 45
11991 4840 1
3384 4840 1
3166 4840 2
3381 4840 1
11915 4841 1
12007 4841 1
4860 4841 2
12016 4841 1
4862 4841 4
4839 4841 4
12076 4841 1
11932 4841 1
3345 4841 1
4869 4841 4
3341 4841 1
11928 4841 2
4863 4841 4
4866 4841 1
4868 4841 4
3106 4841 1
3101 4841 1
3194 4841 1
4864 4841 2
3094 4841 1
4855 4841 1
4861 4841 4
3292 4841 1
12024 4841 1
4839 4842 8
3073 4842 4
3273 4843 6
3388 4843 1
3246 4843 6
11949 4843 8
12082 4843 8
3130 4843 7
12085 4843 7
3385 4843 1
3161 4843 6
3325 4843 1
12031 4843 8
3302 4843 2
3121 4843 2
3251 4843 5
3244 4843 6
3431 4843 1
3313 4843 1
3241 4843 5
3202 4843 4
3245 4843 6
4844 4843 51
3105 4843 2
3394 4843 1
3327 4843 1
3392 4843 1
3217 4843 5
3358 4843 1
3396 4843 1
4842 4843 8
12030 4843 6
12026 4843 1
11992 4843 2
4839 4844 8
11988 4844 8
4852 4844 8
11928 4844 2
12036 4844 2
12078 4844 2
3306 4844 1
11967 4844 1
3345 4844 1
3292 4844 1
12016 4844 1
3283 4844 1
4868 4844 4
3343 4844 1
3316 4844 1
11932 4844 1
12076 4844 1
3078 4844 1
11909 4844 12
3106 4844 2
12024 4844 1
3209 4844 6
11929 4844 6
12027 4844 7
3395 4844 1
4861 4844 4
11941 4844 11
12080 4844 3
4869 4844 4
3341 4844 1
11915 4844 2
12083 4844 10
3193 4844 7
12007 4844 2
11948 4844 15
11976 4844 5
3196 4844 1
12020 4844 5
4866 4844 4
12005 4844 10
4863 4844 4
3094 4844 1
4864 4844 2
4855 4844 1
11943 4844 1
4860 4844 2
11994 4844 1
3291 4844 1
3387 4844 1
4862 4844 4
12011 4844 1
4856 4844 1
11905 4844 1
4846 4845 1
4846 4847 2
4845 4847 1
11954 4848 13
4847 4848 2
3095 4848 1
4849 4848 22
11989 4848 6
12040 4849 4
11984 4849 2
11955 4849 13
11978 4849 2
4846 4849 2
11988 4849 7
3095 4850 1
11954 4850 13
11989 4850 6
4849 4850 22
4847 4850 2
4852 4851 5
3202 4851 4
3193 4852 4
3358 4853 1
12025 4853 5
12034 4853 5
3166 4853 2
3420 4853 1
3384 4853 1
12081 4853 4
3386 4853 1
11931 4853 1
3346 4853 1
12010 4853 4
11930 4853 4
3344 4853 1
4844 4853 44
3284 4853 1
3388 4853 1
4854 4853 1
3219 4853 5
4851 4853 5
3294 4853 2
3342 4853 1
3185 4853 2
3285 4853 1
3076 4853 4
12015 4853 1
12056 4853 4
4855 4854 1
4841 4855 4
4857 4856 4
12020 4857 5
3193 4857 4
4841 4858 14
4841 4859 10
4841 4860 6
4841 4861 14
4841 4862 6
4841 4863 14
4841 4864 6
4841 4865 14
4841 4866 14
4841 4867 6
4841 4868 14
4841 4869 14
4871 4870 6
3199 4870 1
3202 4870 4
3193 4871 4
12078 4871 1
4871 4872 7
4870 4872 6
4884 4873 7
4880 4873 7
4878 4873 7
4875 4873 7
4877 4873 7
4882 4873 7
4879 4873 7
4876 4873 7
4872 4873 7
4881 4873 7
4874 4873 7
4871 4873 17
4870 4874 6
4871 4874 7
4870 4875 6
4871 4875 7
4871 4876 7
4870 4876 6
4871 4877 7
4870 4877 6
4871 4878 7
4870 4878 6
4871 4879 7
4870 4879 6
4871 4880 7
4870 4880 6
4870 4881 6
4871 4881 7
4871 4882 7
4870 4882 6
4871 4883 6
4870 4883 6
4871 4884 7
4870 4884 6
3369 4885 1
3312 4885 1
3202 4885 4
4886 4885 7
12046 4886 1
3193 4886 5
11976 4886 22
11967 4886 1
12044 4886 1
12070 4886 1
11985 4886 3
3283 4886 1
3078 4886 1
3148 4886 2
4856 4886 1
4885 4887 1
3215 4887 5
11971 4887 6
3230 4887 5
3110 4887 7
3402 4887 1
3297 4887 2
11995 4887 1
3394 4887 1
12030 4887 6
3084 4887 1
3228 4887 5
11893 4887 7
11892 4887 44
11934 4887 4
3405 4887 2
3310 4887 1
3244 4887 6
3315 4887 1
3241 4887 5
3216 4887 7
3091 4887 14
12087 4887 1
3236 4887 5
11933 4887 3
3193 11892 5
3197 11892 2
11981 11892 5
3395 11892 1
12004 11892 5
11976 11892 5
3109 11892 7
11957 11892 10
3337 11892 2
11948 11892 7
11894 11892 21
4856 11892 1
11970 11892 5
3336 11892 2
4886 11892 16
3214 11893 5
4885 11893 1
11894 11893 7
11948 11894 8
11976 11894 5
4886 11894 22
11970 11894 3
12004 11894 1
11957 11894 3
3215 11895 5
11893 11895 7
11896 11895 9
3193 11896 5
11981 11896 5
11957 11896 8
11894 11896 7
11976 11896 5
11948 11896 13
12027 11896 6
11895 11897 9
11896 11897 9
11895 11898 9
11896 11898 9
12030 11899 6
11895 11899 9
3241 11899 5
11896 11899 11
11895 11900 9
11896 11900 9
11896 11901 9
11895 11901 9
11896 11902 9
11895 11902 9
11895 11903 9
11896 11903 9
11905 11904 2
3285 11904 1
4841 11905 4
3359 11906 2
11907 11906 7
12041 11906 1
3406 11906 1
11904 11906 2
12045 11906 1
11905 11907 2
12011 11907 2
11909 11908 8
3130 11908 7
3148 11909 2
3261 11909 9
3193 11909 5
11908 11910 8
11911 11910 9
11909 11911 8
11910 11912 9
11911 11912 9
11911 11913 8
11908 11913 8
11908 11914 8
11911 11914 8
11917 11916 1
11917 11918 1
11916 11918 1
11916 11919 1
11917 11919 2
11919 11920 2
11917 11920 4
11922 11920 2
11921 11920 2
11916 11921 1
11917 11921 2
11917 11922 2
11916 11922 1
11917 11923 1
11916 11923 1
11925 11924 4
3314 11924 3
3127 11925 2
11925 11926 4
11924 11926 4
4841 11928 4
12006 11929 1
3193 11929 5
3166 11930 2
4862 11930 4
11932 11931 1
4841 11932 4
3364 11933 2
11894 11933 3
3084 11933 1
11933 11934 3
11894 11934 4
3232 11935 5
3241 11935 5
11933 11935 3
3225 11935 5
11949 11935 8
11936 11935 27
11934 11935 4
3409 11935 1
3390 11935 1
3100 11935 1
3244 11935 6
12030 11935 6
3286 11935 1
3297 11935 2
3185 11935 2
3235 11935 7
3174 11936 5
11988 11936 1
3194 11936 1
3193 11936 5
3101 11936 1
4860 11936 2
4852 11936 5
3168 11936 1
11894 11936 6
11976 11936 7
11948 11936 10
11934 11937 4
3297 11937 2
11894 11937 6
3297 11938 2
11894 11938 6
11934 11938 4
3297 11939 2
11934 11939 4
11894 11939 6
3164 11940 9
3241 11940 5
11941 11940 14
11933 11940 3
12030 11940 6
11976 11941 7
4886 11941 6
11894 11941 7
3174 11941 5
11948 11941 6
3101 11941 1
4860 11941 2
3193 11941 5
3194 11941 1
4852 11941 5
11943 11942 1
12001 11943 4
3280 11944 1
3431 11944 1
3357 11944 1
3356 11944 1
3383 11944 1
3367 11944 1
3360 11944 1
3393 11944 1
3313 11944 1
3408 11944 1
3348 11944 1
12017 11944 1
3403 11944 1
3132 11944 1
3300 11944 1
3199 11944 1
11942 11944 1
11945 11944 21
12035 11944 1
12077 11944 1
3325 11944 1
12078 11945 5
3187 11945 1
12036 11945 4
12000 11945 2
11943 11945 5
12080 11945 3
3383 11946 1
11945 11946 17
3325 11946 1
3360 11946 1
3357 11946 1
3367 11946 1
12077 11946 1
3280 11946 1
12035 11946 1
3431 11946 1
3403 11946 1
3348 11946 1
12017 11946 1
3199 11946 1
3313 11946 1
3393 11946 1
11942 11946 1
3356 11946 1
11948 11947 6
3241 11947 5
3193 11948 5
11947 11949 6
11948 11949 8
3088 11950 20
11949 11950 8
11894 11950 25
11950 11951 25
3364 11951 2
11952 11951 25
11894 11951 27
3084 11951 1
12003 11951 1
11949 11952 8
11894 11952 25
3088 11952 20
3236 11953 5
3327 11953 1
3216 11953 7
11949 11953 7
3245 11953 6
11896 11953 19
12085 11953 7
3246 11953 6
3402 11953 1
3161 11953 6
3217 11953 5
11955 11954 13
3244 11954 6
11949 11954 7
3084 11954 1
3385 11954 1
3231 11954 5
3364 11954 2
11948 11955 8
4886 11955 2
11941 11955 5
3291 11955 1
3349 11956 2
11957 11956 3
11967 11957 1
3395 11957 1
3109 11957 7
11999 11957 6
11981 11957 8
3148 11957 2
12027 11957 7
11976 11957 24
3193 11957 7
4886 11957 16
11948 11957 9
12004 11957 7
11970 11957 10
11909 11957 6
3214 11958 5
3083 11958 17
3322 11958 2
3327 11958 1
3213 11958 5
3212 11958 5
3247 11958 6
3236 11958 5
3355 11958 1
3211 11958 7
3110 11958 7
11980 11958 7
3233 11958 5
11957 11958 50
12086 11958 7
3349 11958 1
3202 11958 4
3275 11958 2
3228 11958 5
3217 11958 5
3272 11958 6
11956 11958 3
12026 11958 1
3323 11958 1
12030 11958 6
3394 11958 1
3147 11958 1
3215 11958 5
12003 11958 2
3079 11958 15
3207 11958 5
3241 11958 5
11961 11960 1
11963 11962 6
11960 11962 1
11983 11962 5
4886 11963 2
11970 11963 6
11961 11963 1
11985 11963 2
11907 11964 1
12022 11965 1
11964 11965 1
11907 11965 5
3303 11965 1
3347 11965 1
3295 11966 1
3379 11966 1
3368 11966 1
3440 11966 1
3333 11966 1
11968 11966 2
3380 11966 1
3375 11966 1
3324 11966 1
12069 11966 2
3428 11966 1
3155 11966 1
3422 11966 1
3107 11966 1
3160 11966 1
12023 11966 1
3412 11966 1
3122 11966 1
3427 11966 1
3378 11966 1
11965 11966 5
11907 11966 30
3340 11966 1
3439 11966 1
3435 11966 1
4857 11967 4
11907 11968 2
11970 11969 3
3419 11969 1
3349 11969 1
3193 11970 5
4856 11970 1
12044 11970 1
11957 11970 1
12080 11970 1
11894 11971 6
11969 11971 3
3334 11971 3
11969 11972 3
11970 11972 4
12029 11973 1
11974 11973 42
3311 11973 1
11972 11973 4
3308 11973 1
12042 11973 1
3326 11973 1
3210 11973 7
3334 11973 3
3441 11973 1
3103 11973 11
3430 11973 1
3322 11973 2
3096 11973 1
3290 11973 1
3270 11973 10
3339 11973 1
3182 11973 1
3237 11973 6
3192 11973 5
3416 11973 1
11909 11974 10
11941 11974 12
12080 11974 1
11970 11974 5
3193 11974 6
11981 11974 6
11957 11974 3
11976 11975 6
3233 11975 5
3193 11976 4
4886 11976 16
3419 11977 1
3233 11977 5
3323 11977 1
3147 11977 1
3080 11977 16
3353 11977 2
11975 11977 6
4886 11977 22
3079 11977 15
4849 11978 1
11978 11979 1
11984 11979 1
3360 11980 1
11981 11980 7
3207 11980 5
3193 11981 5
12080 11981 1
4849 11982 1
3202 11983 4
11970 11983 5
4849 11984 1
3397 11985 1
4857 11985 4
3286 11987 3
11988 11987 4
11936 11988 1
3168 11988 1
11905 11988 1
4849 11988 1
3193 11988 5
11948 11988 6
11987 11989 4
11988 11989 6
3287 11989 4
11989 11990 6
3095 11990 1
4849 11990 9
11915 11991 1
11915 11992 2
11991 11992 1
4841 11993 4
12012 11994 1
3240 11995 5
12085 11995 7
3161 11995 6
11957 11995 11
11997 11996 10
11995 11996 10
11957 11997 10
11999 11998 19
3216 11998 7
3366 11998 2
3077 11998 1
3419 11998 1
3136 11998 1
3392 11998 1
11995 11998 10
3190 11998 1
12046 11999 1
3078 11999 1
12070 11999 1
3283 11999 1
11957 11999 12
11985 11999 2
12044 11999 1
3193 11999 5
12001 12000 4
11945 12001 6
4841 12002 4
12004 12003 3
3407 12003 1
3193 12004 4
3395 12005 1
3193 12005 4
4841 12008 4
12083 12009 8
4863 12010 4
12012 12011 1
12005 12013 1
3338 12014 1
3382 12014 1
3241 12014 5
3245 12014 6
12030 12014 6
4844 12014 19
3161 12014 6
12013 12014 1
3394 12014 1
3273 12014 6
3246 12014 6
12085 12014 7
3218 12014 5
3352 12014 2
12016 12015 1
4841 12016 4
11943 12017 1
12019 12018 3
3193 12020 4
12021 12020 1
11907 12022 1
11907 12023 1
4841 12024 4
4852 12025 5
3202 12025 4
12027 12026 1
3193 12027 4
11974 12029 1
3241 12030 5
11948 12030 6
11988 12031 8
3390 12031 1
12030 12031 6
3241 12031 5
3392 12032 1
12031 12032 8
3202 12032 4
4844 12032 10
3077 12032 1
4841 12033 4
4852 12034 5
3202 12034 4
12036 12035 1
12001 12036 4
11976 12037 5
3202 12037 4
12037 12038 5
3102 12038 5
3369 12038 1
3421 12038 1
12088 12038 4
3203 12038 5
3321 12038 1
3208 12038 6
12072 12038 6
3207 12038 5
3317 12038 1
4844 12038 27
3309 12038 2
3251 12038 5
3355 12038 1
3268 12039 10
3342 12039 1
3184 12039 8
4844 12039 15
3203 12039 5
12037 12039 5
3313 12039 1
11907 12041 1
11974 12042 1
11974 12043 1
12042 12043 1
4857 12044 4
11907 12045 1
4857 12046 4
12048 12047 2
12091 12048 1
3127 12048 2
3181 12048 1
12047 12049 2
12048 12049 4
3329 12049 2
12047 12050 2
3307 12050 3
12048 12050 5
3329 12051 2
12047 12051 2
12048 12051 4
12047 12052 2
12048 12052 2
12047 12053 2
12048 12053 2
12047 12054 2
12048 12054 2
12048 12055 2
12047 12055 2
4868 12056 4
11970 12057 5
3202 12057 4
3296 12058 2
3125 12058 3
12057 12058 5
11963 12058 10
3369 12059 1
3202 12059 4
11970 12059 6
12057 12059 5
4841 12060 4
12063 12062 1
12063 12064 1
12062 12064 1
12063 12065 1
12062 12065 1
12063 12066 1
12062 12066 1
12063 12067 1
12062 12067 1
12062 12068 1
12063 12068 1
11907 12069 2
4857 12070 4
3232 12072 5
11941 12072 6
12074 12073 1
12074 12075 1
12073 12075 1
4841 12076 4
12078 12077 1
12001 12078 4
4844 12079 2
12077 12079 1
3356 12079 1
3187 12080 1
12001 12080 4
4861 12081 4
3251 12082 5
12083 12082 8
12004 12083 5
3193 12083 5
12009 12084 8
12082 12084 8
3241 12085 5
11948 12085 7
11976 12086 7
3234 12086 6
12086 12087 7
3233 12087 5
4886 12087 8
4866 12088 4
12040 12089 3
11984 12089 1
3127 12090 2
3074 12090 1
12021 12090 1
12091 12090 1
