12436 12435 1
12474 12437 1
12435 12437 1
12438 12437 3
12481 12438 4
12436 12438 11
12465 12438 1
12561 12439 2
12440 12439 15
12437 12439 3
12545 12439 3
12518 12439 1
12543 12439 1
12633 12439 2
12660 12439 1
12477 12439 1
12525 12439 2
12456 12440 1
12517 12440 4
12436 12440 2
12438 12440 18
12508 12440 2
12444 12440 1
12434 12440 4
12619 12441 1
12651 12441 2
12435 12441 1
12549 12441 4
12440 12441 8
12434 12442 3
12473 12443 5
12472 12443 5
12443 12444 4
12443 12445 6
12445 12446 5
12443 12447 4
12436 12448 1
12438 12449 1
12448 12449 1
12450 12451 3
12450 12452 3
12438 12453 1
12434 12453 3
12627 12454 1
12639 12454 1
12438 12454 3
12456 12455 7
12546 12455 4
12454 12455 3
12438 12456 7
12434 12456 3
12456 12457 3
12454 12457 3
12456 12458 7
12546 12458 4
12454 12458 3
12456 12459 3
12454 12459 3
12491 12460 1
12529 12460 1
12468 12460 1
12470 12460 2
12434 12460 1
12461 12460 2
12438 12462 1
12617 12463 1
12440 12463 8
12462 12463 1
12545 12463 3
12530 12463 4
12651 12463 2
12546 12464 4
12525 12464 2
12633 12464 2
12465 12464 10
12462 12464 1
12558 12464 1
12438 12465 9
12462 12466 1
12467 12466 1
12607 12467 1
12438 12467 9
12465 12467 1
12434 12467 3
12470 12467 1
12470 12469 1
12469 12471 1
12460 12471 3
12634 12471 1
12605 12471 1
12436 12474 1
12476 12475 1
12602 12476 1
12434 12476 3
12438 12477 1
12545 12478 3
12544 12478 2
12525 12478 2
12543 12478 1
12477 12478 1
12440 12478 10
12660 12478 1
12518 12478 1
12561 12478 2
12545 12479 3
12477 12479 1
12438 12479 5
12495 12480 1
12546 12480 4
12481 12480 9
12544 12480 2
12592 12480 1
12479 12480 5
12543 12480 1
12477 12480 1
12584 12481 1
12438 12481 8
12483 12482 5
12479 12482 5
12438 12483 5
12483 12484 5
12479 12484 5
12438 12485 7
12545 12485 3
12651 12485 2
12479 12485 5
12483 12486 5
12479 12486 5
12487 12488 3
12666 12489 1
12491 12490 1
12640 12491 1
12528 12492 1
12460 12492 2
12490 12492 1
12460 12493 3
12528 12493 1
12605 12493 1
12490 12493 1
12528 12494 1
12460 12494 2
12490 12494 1
12438 12495 1
12495 12496 1
12453 12496 1
12453 12497 1
12495 12497 1
12619 12498 1
12495 12498 1
12440 12498 2
12500 12499 1
12618 12500 3
12499 12501 1
12500 12501 2
12501 12502 2
12503 12502 2
12500 12503 2
12503 12504 2
12501 12504 2
12503 12505 2
12501 12505 2
12501 12506 2
12503 12506 2
12508 12507 1
12465 12508 1
12566 12508 4
12481 12508 4
12507 12509 1
12510 12509 1
12536 12510 2
12508 12510 3
12538 12510 2
12537 12510 2
12510 12511 2
12507 12511 1
12511 12512 2
12510 12512 5
12562 12512 3
12510 12513 5
12562 12513 3
12511 12513 2
12511 12514 2
12510 12514 5
12562 12514 3
12436 12515 1
12438 12516 1
12515 12516 1
12434 12517 3
12438 12517 3
12438 12518 1
12518 12519 1
12440 12519 1
12518 12520 1
12440 12520 3
12544 12520 2
12587 12521 1
12523 12521 2
12590 12521 1
12522 12521 2
12438 12525 2
12527 12525 1
12525 12526 2
12467 12526 2
12436 12527 1
12529 12528 1
12613 12529 3
12517 12530 4
12545 12530 3
12503 12531 4
12590 12532 1
12587 12532 1
12533 12532 2
12534 12532 2
12510 12535 4
12539 12540 1
12642 12540 2
12587 12541 1
12542 12541 2
12438 12543 1
12543 12544 1
12438 12544 2
12438 12545 3
12544 12545 2
12545 12546 3
12438 12546 4
12546 12547 4
12467 12547 4
12467 12548 4
12546 12548 4
12438 12549 4
12544 12549 2
12545 12549 3
12619 12550 1
12440 12550 4
12545 12550 3
12545 12551 3
12517 12551 3
12517 12552 3
12545 12552 3
12545 12553 3
12517 12553 3
12545 12554 3
12517 12554 3
12440 12555 2
12544 12555 2
12440 12556 2
12544 12556 2
12440 12557 2
12544 12557 2
12465 12558 1
12558 12559 1
12467 12559 1
12558 12560 1
12467 12560 3
12633 12560 2
12558 12561 1
12508 12561 2
12510 12562 3
12561 12562 2
12562 12563 3
12510 12563 3
12562 12564 3
12510 12564 3
12562 12565 3
12566 12565 3
12510 12566 3
12440 12567 4
12651 12567 2
12561 12567 2
12651 12568 2
12561 12568 2
12440 12568 4
12440 12569 4
12651 12569 2
12561 12569 2
12651 12570 2
12440 12570 4
12561 12570 2
12561 12571 2
12651 12571 2
12440 12571 4
12561 12572 2
12440 12572 4
12651 12572 2
12651 12573 2
12561 12573 2
12440 12573 4
12584 12574 2
12576 12575 3
12578 12577 3
12620 12579 1
12580 12579 2
12582 12581 1
12581 12583 1
12584 12583 1
12586 12584 4
12582 12584 1
12596 12585 1
12587 12588 1
12641 12588 2
12604 12589 2
12587 12589 1
12438 12592 1
12440 12593 1
12592 12593 1
12596 12595 1
12585 12597 1
12595 12597 1
12436 12598 2
12584 12601 2
12603 12602 2
12468 12605 1
12607 12606 1
12606 12608 1
12467 12608 1
12610 12609 1
12434 12610 3
12434 12611 3
12615 12614 3
12456 12617 1
12444 12619 1
12611 12621 1
12436 12622 1
12622 12623 1
12438 12623 1
12622 12624 1
12598 12624 2
12661 12624 1
12626 12625 3
12436 12627 1
12440 12628 1
12584 12630 1
12481 12631 1
12630 12631 1
12438 12632 2
12438 12633 2
12659 12633 1
12470 12634 1
12634 12635 1
12467 12635 1
12467 12636 1
12634 12636 1
12436 12637 1
12637 12638 1
12438 12638 1
12436 12639 1
12456 12643 1
12584 12644 1
12644 12645 1
12584 12645 2
12645 12646 2
12574 12646 2
12645 12647 2
12574 12647 2
12645 12648 2
12574 12648 2
12645 12649 2
12601 12649 2
12601 12650 2
12645 12650 2
12661 12651 1
12438 12651 2
12651 12652 2
12440 12652 2
12440 12653 2
12651 12653 2
12651 12654 2
12440 12654 2
12632 12655 2
12651 12655 2
12651 12656 2
12632 12656 2
12651 12657 2
12632 12657 2
12480 12658 1
12481 12658 1
12436 12659 1
12436 12660 1
12436 12661 1
12434 12666 3
