0 1 1
152 1 2
4285 2 1
2 3 1
4091 3 2
238 3 1
32 5 1
180 5 1
64 5 1
4220 5 4
4098 6 2
969 6 1
4098 7 3
6 7 2
4098 8 3
6 8 2
6 9 2
4098 9 3
5110 10 7
4200 12 5
14 13 2
1007 13 1
5362 16 1
4200 17 1
17 18 1
5215 18 1
20 19 3
21 22 3
5110 23 7
5110 24 7
5273 25 7
5395 26 5
5376 27 1
27 28 1
5124 28 1
5117 29 1
241 30 1
4113 30 2
30 31 2
4113 31 2
4220 32 1
5390 33 1
33 34 1
3760 34 1
33 35 1
3760 35 1
4234 36 1
33 36 1
972 37 1
4247 37 2
168 38 2
5215 38 4
37 38 2
40 39 1
81 40 1
5211 40 2
5291 41 1
5158 42 1
41 42 1
43 44 3
5106 45 1
5106 46 2
132 46 1
45 46 1
5417 47 1
4178 48 5
1030 49 1
5365 49 4
3724 50 1
5348 51 1
51 52 1
4225 52 1
5288 53 2
1005 53 1
5288 54 3
53 54 2
5288 55 3
53 55 2
53 56 2
5288 56 3
53 57 2
5288 57 3
5288 58 3
53 58 2
5186 59 3
58 59 3
5186 60 3
58 60 3
5149 61 4
67 61 3
131 62 1
5149 62 2
62 63 2
273 63 1
68 63 4
5149 63 7
4220 64 1
5417 65 1
5221 66 1
112 67 1
5149 67 3
258 67 1
5149 68 4
67 68 3
5149 69 4
67 69 3
69 70 4
5343 70 4
69 71 4
5149 71 4
5125 72 1
74 73 1
169 74 2
208 74 1
4214 74 1
73 75 1
74 75 2
102 76 1
132 76 1
73 76 1
5200 76 3
78 79 3
4236 79 3
4237 79 3
83 82 1
5186 83 4
141 84 1
85 84 4
82 84 1
207 84 1
959 84 1
83 85 1
4354 85 1
1035 85 1
124 85 1
5424 85 1
5124 86 1
5124 87 2
1724 87 1
86 87 1
5149 88 1
5149 89 2
88 89 1
89 90 2
5361 90 2
88 91 1
4077 91 1
5413 92 1
1021 93 1
5200 93 2
92 93 1
5369 95 1
95 96 1
5369 96 1
5186 97 4
5362 99 1
99 100 1
5315 100 1
4225 101 3
131 101 1
99 101 1
959 101 1
103 102 1
208 103 1
4214 103 1
218 103 2
5251 104 1
5149 105 1
5149 106 1
4216 107 1
107 108 1
4216 108 1
5181 109 1
111 110 3
181 110 1
5149 112 1
4220 114 1
984 115 1
241 115 1
4113 115 6
1754 115 1
224 115 1
114 115 1
180 115 1
5126 116 1
5395 117 2
4114 118 1
118 119 1
4114 119 1
5357 122 1
124 123 1
4220 125 1
124 126 1
3751 127 1
4361 129 1
5304 130 2
129 130 1
190 130 1
5221 131 1
5106 132 1
5106 133 1
132 133 1
4339 134 1
134 135 1
4339 135 1
5417 136 1
5166 137 1
5382 137 1
4231 138 1
5382 138 1
4231 139 1
5382 139 1
4231 140 1
5382 140 1
5424 141 1
4406 142 1
5149 143 1
5154 144 1
143 144 1
143 145 1
4077 145 1
4339 147 1
4282 148 1
148 149 1
4282 149 1
5149 150 1
5200 151 1
5117 153 1
153 154 1
4216 154 1
5221 155 1
5212 157 1
4247 159 1
4098 160 2
159 160 1
4098 161 2
160 161 2
159 162 1
5288 162 2
5117 163 1
5117 164 3
163 164 1
958 164 1
958 165 1
163 165 1
5117 165 3
4311 166 1
4148 167 1
5215 168 2
167 168 1
5219 170 1
170 171 1
5219 171 2
171 172 2
5331 172 2
171 173 2
5219 173 2
243 174 1
5206 174 3
174 175 3
5206 175 3
4220 176 1
4220 180 1
204 182 2
181 182 1
5376 183 1
3724 184 1
186 185 1
1020 186 1
260 186 2
5112 187 2
4361 190 1
5186 191 4
4279 192 1
4247 193 1
192 193 1
5333 194 1
5126 195 3
1028 195 1
1722 195 1
5221 196 1
5369 198 1
5121 199 1
198 199 1
5121 200 1
198 200 1
198 201 1
5121 201 2
1751 201 1
5122 202 1
5165 203 1
202 203 1
4220 205 1
5353 206 1
205 206 1
124 207 1
232 209 2
208 209 1
3764 210 1
5200 211 1
4279 212 1
4247 213 1
212 213 1
5196 214 1
214 215 1
5358 215 1
4208 216 1
5254 217 1
4176 220 1
179 221 1
110 221 1
4418 222 1
5166 223 1
5365 224 1
3724 225 1
5341 227 2
980 230 1
5121 230 2
5149 231 1
5297 234 3
4241 234 1
5234 235 1
26 236 1
5197 237 1
4285 238 1
4362 239 1
1025 240 1
239 240 1
5164 240 2
4220 241 1
5353 242 1
241 242 1
5206 243 1
243 244 1
5206 244 1
5206 245 1
243 245 1
243 246 1
5206 246 1
5279 247 1
5149 248 1
5192 250 1
4409 251 2
250 251 1
1734 251 1
5212 252 1
5300 253 1
24 254 1
5193 255 1
257 256 1
255 256 1
5193 257 1
5221 258 1
4247 259 1
1736 261 1
3729 262 1
5130 263 2
262 263 1
1012 263 1
4113 264 1
182 265 1
5102 266 1
266 267 1
5102 267 1
5117 270 1
270 271 1
5117 271 1
5348 272 1
5149 273 1
5172 274 1
274 954 1
5174 954 1
103 955 1
4130 957 3
5117 958 1
4354 959 1
5200 960 1
4247 961 1
5380 962 1
4234 962 1
0 963 1
0 964 1
0 965 1
5221 966 1
5356 967 3
5122 968 1
4247 969 1
13 970 1
970 971 1
13 971 1
4247 972 1
5269 973 1
973 974 1
5269 974 1
5105 975 1
5355 976 1
977 976 2
967 976 1
5356 977 2
5279 978 1
5234 979 1
5369 980 1
980 981 1
5121 981 1
5122 983 1
5197 984 1
3724 985 1
3724 986 1
985 986 1
985 987 1
3724 987 1
3724 988 1
985 988 1
4257 990 1
990 991 1
4257 991 1
1746 993 1
994 993 2
5376 995 1
5126 996 1
996 997 1
116 997 1
5348 998 1
5332 999 1
5180 1000 1
999 1000 1
999 1001 1
5180 1001 1
5334 1002 1
4406 1003 1
1003 1004 1
142 1004 1
4247 1005 1
259 1006 1
1005 1006 1
5111 1008 1
187 1008 2
4077 1009 1
4077 1010 1
1009 1010 1
4220 1011 1
5158 1012 1
5234 1014 1
81 1015 1
81 1016 1
81 1017 1
81 1018 1
81 1019 1
5198 1021 1
128 1023 1
128 1024 2
5122 1025 1
4220 1027 1
5126 1028 1
5101 1029 1
48 1030 1
4356 1032 1
5403 1033 1
5221 1034 1
5128 1036 1
3751 1037 1
1036 1037 1
4104 1720 1
1720 1721 1
4170 1721 1
5126 1722 1
5124 1724 1
5221 1725 1
1725 1726 1
5221 1726 1
3751 1727 1
1727 1728 1
5165 1728 1
957 1729 1
5191 1730 1
1730 1731 1
5191 1731 1
4339 1732 1
4170 1733 1
5192 1734 1
4409 1735 1
1734 1735 1
5282 1737 1
4339 1738 1
5107 1739 1
1738 1739 1
1738 1740 1
5200 1740 1
5413 1741 1
4418 1742 1
1742 1743 1
4418 1743 1
5221 1744 1
3717 1747 1
5125 1749 1
1749 1750 1
5122 1750 1
12 1751 1
5121 1752 1
1751 1752 1
1751 1753 1
5121 1753 1
4220 1754 1
5425 3718 2
3717 3718 2
4207 3719 1
3719 3720 1
4207 3720 1
5254 3721 1
5254 3722 1
3721 3722 1
235 3723 1
3721 3723 1
3724 3723 2
5145 3724 4
5234 3724 1
5254 3724 1
113 3724 2
81 3724 1
5212 3725 1
5212 3726 7
4276 3726 1
157 3726 1
4337 3726 2
3725 3726 1
4190 3726 1
4364 3726 1
3728 3727 4
5174 3729 4
4300 3729 1
3730 3729 3
5117 3731 1
3731 3732 1
5117 3732 2
164 3733 3
5117 3733 9
153 3733 1
3732 3733 2
29 3733 1
4401 3733 1
165 3733 3
4216 3734 3
3732 3734 2
5321 3735 1
3735 3736 1
5107 3736 1
3738 3737 2
3735 3737 1
5382 3737 1
4229 3738 1
5321 3738 1
3738 3739 2
5382 3739 1
3735 3739 1
3735 3740 1
5107 3740 1
4220 3742 6
241 3742 1
4161 3742 4
205 3743 1
4220 3743 7
3742 3743 6
4220 3744 6
3742 3744 6
3742 3745 6
5295 3745 6
3747 3746 1
3747 3748 1
3746 3748 1
5152 3749 1
3751 3750 1
5111 3751 1
5128 3751 1
4083 3751 2
3750 3752 1
4281 3752 1
5130 3752 2
3754 3753 1
4363 3754 3
5288 3755 2
972 3755 1
5186 3756 2
3755 3756 2
3758 3757 6
3760 3759 4
4214 3760 5
5390 3760 1
5206 3761 3
243 3761 1
5206 3762 3
3761 3762 3
3764 3763 1
4236 3764 3
5363 3764 3
80 3764 3
210 3765 1
4425 3765 1
3763 3765 1
3766 3765 3
3764 3766 3
5288 3767 3
53 3767 2
4062 4061 1
5110 4062 7
4064 4063 4
5117 4065 1
4065 4066 1
5117 4066 3
4065 4067 1
5117 4067 1
5166 4068 2
1021 4068 1
4068 4069 2
4070 4069 3
223 4069 1
5166 4070 3
4068 4071 2
4070 4071 3
223 4071 1
4070 4072 3
4068 4072 2
223 4072 1
5122 4073 1
5122 4074 4
968 4074 1
1749 4074 1
4073 4074 1
983 4074 1
4073 4075 1
5122 4075 3
983 4075 1
968 4075 1
983 4076 1
4376 4076 1
1025 4076 1
5122 4076 7
4393 4076 3
4073 4076 1
5108 4077 6
5149 4077 2
4077 4078 5
4080 4079 4
5156 4081 1
5221 4082 1
5112 4083 2
4085 4084 1
4408 4085 5
4236 4085 3
4237 4085 3
5180 4086 1
4084 4086 1
5180 4087 2
4141 4087 1
4084 4087 1
5315 4088 1
4084 4088 1
5180 4089 2
4141 4089 1
4084 4089 1
4091 4090 1
3764 4091 1
4285 4091 2
4091 4092 2
4378 4092 1
4090 4092 1
5156 4093 1
5165 4094 4
4093 4094 1
4189 4094 1
127 4094 1
4095 4094 1
3751 4095 1
4238 4096 1
4096 4097 1
4098 4097 1
4430 4098 1
4238 4098 1
5191 4098 1
1745 4098 1
4247 4098 2
5190 4098 1
5102 4098 1
4241 4099 1
5297 4099 3
4429 4100 1
5288 4100 2
4103 4104 3
5234 4105 1
4107 4106 1
98 4107 3
4321 4108 1
4106 4108 1
5154 4108 2
4172 4109 1
5343 4109 2
4106 4109 1
216 4110 1
236 4110 1
5395 4110 5
4112 4111 2
233 4111 1
5365 4113 1
4220 4113 9
5197 4113 1
5282 4113 1
1017 4114 1
4208 4114 5
53 4115 2
1744 4115 1
131 4115 1
5140 4115 5
4115 4116 5
5142 4116 5
4118 4117 1
5105 4118 7
5142 4119 4
4121 4120 3
1021 4122 1
4227 4122 4
4292 4122 1
224 4122 1
4122 4123 4
4229 4123 5
4122 4124 4
4234 4124 4
181 4125 1
4126 4125 2
4128 4127 1
5415 4128 3
4130 4129 3
5403 4131 1
4131 4132 1
5403 4132 2
4132 4133 2
5403 4133 2
4131 4134 1
5403 4134 2
4134 4135 2
5403 4135 2
5403 4136 2
4134 4136 2
4131 4137 1
5403 4137 2
1033 4138 1
5403 4138 3
4137 4138 2
4237 4139 3
4140 4139 3
4142 4141 1
4236 4142 3
4237 4142 3
4403 4142 5
4141 4143 1
5362 4143 2
143 4144 1
265 4144 1
5154 4144 4
4143 4144 2
4063 4145 1
4145 4146 1
4063 4146 1
4148 4147 1
4390 4148 3
4247 4148 4
4147 4149 1
5348 4149 1
4153 4150 1
4157 4150 1
4155 4150 1
4151 4150 1
4158 4150 1
4156 4150 1
4159 4150 1
4154 4150 1
4152 4150 1
5197 4160 1
4160 4161 1
4162 4161 4
4220 4161 4
180 4162 1
4220 4162 4
4161 4162 4
1754 4163 1
1011 4163 1
4161 4163 4
180 4163 1
4220 4163 6
88 4164 1
4265 4164 1
5145 4164 12
122 4164 1
4161 4164 4
5 4164 4
5137 4164 1
272 4164 1
1737 4165 1
4161 4165 4
984 4165 1
4113 4165 8
224 4165 1
3760 4166 4
5395 4167 2
236 4167 1
4167 4168 2
4321 4168 1
5154 4168 3
4170 4169 1
4104 4170 1
229 4170 3
4170 4171 3
1733 4171 1
4169 4171 1
4173 4172 1
98 4173 3
4172 4174 1
5395 4174 2
999 4174 1
1030 4176 1
5365 4176 4
4178 4177 6
131 4181 1
5149 4181 2
5149 4182 12
4193 4182 1
67 4182 3
4312 4182 2
62 4182 2
4181 4182 2
4314 4182 5
1725 4182 1
68 4183 4
4181 4183 2
5149 4183 8
4312 4183 2
4186 4185 1
4335 4186 3
5140 4187 7
4301 4187 4
53 4187 2
4187 4188 7
5142 4188 7
3751 4189 1
5212 4190 1
4192 4191 3
4194 4193 1
5110 4194 7
4196 4195 1
5105 4196 7
5241 4198 3
4200 4199 5
4201 4200 8
4203 4201 9
4202 4201 9
4237 4201 9
5424 4205 2
961 4205 1
4205 4206 2
4240 4206 2
4208 4207 5
1017 4207 1
81 4208 1
4210 4208 6
4209 4208 8
4212 4211 4
4214 4212 3
4213 4212 7
4216 4215 1
4411 4216 1
5117 4216 8
5291 4216 1
164 4217 3
107 4217 1
4215 4217 1
4216 4217 11
4415 4217 2
4410 4217 1
3734 4217 3
4216 4218 11
4415 4218 2
165 4218 3
4410 4218 1
3734 4218 3
4215 4218 1
107 4218 1
4220 4219 1
5202 4220 3
5119 4220 3
116 4220 4
5201 4220 3
5251 4220 1
5117 4220 5
4176 4220 1
5197 4220 1
4160 4221 1
1027 4221 1
4220 4221 5
220 4221 1
104 4221 1
4219 4221 1
4223 4222 1
188 4223 3
126 4224 1
1002 4224 1
4225 4224 17
4222 4224 1
4391 4224 1
4127 4224 1
5350 4224 4
39 4224 1
123 4224 1
222 4224 1
207 4224 1
4387 4224 2
998 4224 1
5405 4225 1
5215 4225 4
4063 4225 1
5138 4225 1
5221 4225 1
5334 4225 1
124 4225 3
5348 4225 2
4170 4225 1
4091 4225 1
4223 4225 1
40 4225 1
4418 4225 1
5200 4225 4
4354 4225 1
4085 4225 1
5362 4225 1
5243 4225 4
5269 4225 1
4128 4225 1
5377 4226 1
4227 4226 3
5365 4227 1
5198 4227 1
5378 4227 1
4176 4227 1
4226 4228 3
4229 4228 5
33 4228 1
4214 4229 1
5390 4229 1
989 4229 1
4311 4229 1
4227 4229 12
5382 4230 1
4231 4230 11
4228 4230 5
5385 4230 3
5229 4230 4
5364 4230 1
4229 4231 13
4227 4231 4
5365 4231 1
5378 4231 1
4228 4232 5
5382 4232 1
4123 4232 5
4231 4232 11
4234 4233 4
5401 4233 2
4226 4233 2
5390 4234 1
4227 4234 12
4237 4235 3
4236 4235 3
4239 4238 3
4063 4240 1
4418 4240 1
5424 4240 2
5273 4242 7
3724 4243 1
979 4244 1
4385 4244 1
184 4244 1
4243 4244 1
5353 4244 4
5186 4245 4
4279 4247 2
4248 4247 8
4079 4249 1
5169 4250 1
4249 4250 1
4252 4251 2
1013 4251 1
5327 4253 1
995 4254 1
183 4254 1
4253 4254 1
5122 4254 5
4426 4254 1
4254 4255 5
5130 4255 6
4255 4256 6
5130 4256 6
1746 4257 1
4258 4257 2
5424 4259 1
4259 4260 1
4261 4260 2
5424 4261 1
4260 4262 2
4261 4262 2
5121 4263 2
980 4263 1
5121 4264 3
4263 4264 2
230 4264 2
5145 4265 1
4265 4266 1
5145 4266 1
4265 4267 1
5145 4267 1
5145 4268 1
4265 4268 1
5145 4269 1
4265 4269 1
4265 4270 1
5145 4270 1
4265 4271 1
5145 4271 1
4265 4272 1
5145 4272 3
88 4272 1
272 4272 1
4265 4273 1
5145 4273 1
5145 4274 1
4265 4274 1
5142 4275 1
5212 4276 1
990 4277 1
4257 4277 2
4277 4278 2
5243 4278 3
4280 4279 3
3729 4281 1
208 4282 1
4214 4282 1
4283 4282 2
4286 4285 3
4288 4287 1
121 4288 1
269 4288 2
4220 4289 1
4289 4290 1
1011 4290 1
4113 4290 5
1754 4290 1
114 4290 1
5109 4291 1
4176 4292 1
5321 4293 1
5200 4294 1
4293 4294 1
5200 4295 2
4293 4295 1
5149 4301 4
67 4301 3
4301 4302 4
5218 4302 5
5218 4303 5
4302 4303 5
5180 4304 5
4313 4304 3
5319 4304 1
999 4304 1
5319 4305 1
5180 4305 1
5413 4306 1
5413 4307 1
4306 4307 1
9 4308 3
4309 4308 5
4372 4308 1
5190 4309 1
4098 4309 3
5341 4310 4
3760 4311 4
131 4312 1
5149 4312 2
4312 4313 2
5180 4313 3
4312 4314 2
248 4314 1
5149 4314 5
273 4314 1
4314 4315 5
4321 4315 1
5154 4315 6
4314 4316 5
5154 4316 6
4321 4316 1
4321 4317 1
5154 4317 6
4314 4317 5
5221 4318 1
4212 4319 4
20 4320 1
5154 4321 1
4321 4322 1
5154 4322 3
4421 4322 2
69 4323 4
4321 4323 1
5154 4323 6
194 4323 1
5154 4324 1
4321 4324 1
4321 4325 1
67 4325 3
5154 4325 4
4321 4326 1
67 4326 3
5154 4326 4
4321 4327 1
4357 4327 3
5154 4327 4
5154 4328 1
4321 4328 1
231 4329 1
5154 4329 2
4321 4329 1
4321 4330 1
5154 4330 1
4321 4331 1
5154 4331 1
148 4332 1
5154 4332 2
4321 4332 1
5154 4333 1
4321 4333 1
5424 4334 1
4247 4336 4
11 4336 3
252 4337 1
5212 4337 2
4339 4338 1
5200 4339 5
178 4339 3
179 4339 1
177 4339 3
4338 4340 1
5200 4340 6
151 4340 1
102 4340 1
1732 4340 1
73 4340 1
4340 4341 6
5200 4341 7
4353 4342 1
4339 4342 3
4338 4342 1
4339 4343 3
4342 4343 3
5122 4344 1
4344 4345 1
5122 4345 2
4345 4346 2
5122 4346 2
3724 4347 1
3724 4348 6
4347 4348 1
184 4348 1
4383 4348 1
50 4348 1
4432 4348 1
225 4348 1
4208 4349 1
4349 4350 1
4208 4350 2
216 4350 1
4349 4351 1
4208 4351 2
216 4351 1
5362 4352 1
4339 4353 1
4237 4354 3
4236 4354 3
4356 4355 2
1032 4355 1
4356 4357 3
4355 4357 2
4358 4359 3
4358 4360 3
5180 4360 1
5152 4360 1
189 4360 1
5241 4362 3
5212 4364 1
5288 4365 3
53 4365 2
5321 4366 1
4366 4367 1
147 4367 1
5140 4367 6
53 4367 2
1738 4367 1
5142 4368 6
4367 4368 6
5254 4370 1
5254 4371 2
4370 4371 1
217 4371 1
5190 4372 1
4098 4373 3
266 4373 1
4372 4373 1
1730 4373 1
5190 4374 1
4372 4374 1
5128 4376 1
3764 4378 1
194 4379 1
5140 4379 5
53 4379 2
999 4379 1
5142 4380 5
4379 4380 5
4191 4381 1
5108 4382 1
4381 4382 1
3724 4383 1
5105 4384 7
5234 4385 1
5200 4386 1
4386 4387 1
5200 4387 2
181 4388 1
4389 4388 2
4063 4391 1
5125 4392 1
4392 4393 1
72 4393 1
5122 4393 3
4111 4396 1
4396 4397 1
4111 4397 2
5169 4398 2
4397 4398 2
4397 4399 2
5169 4399 2
4397 4400 2
5169 4400 2
5156 4401 1
3758 4403 6
3758 4404 4
3758 4405 6
4405 4406 5
4236 4406 3
4237 4406 3
3758 4407 4
3758 4408 6
5192 4409 2
4411 4410 1
181 4411 1
77 4411 2
5365 4412 1
5362 4414 1
29 4415 1
4216 4415 2
5112 4416 2
4064 4418 4
4220 4419 5
5 4419 4
1754 4420 1
114 4420 1
176 4420 1
4220 4420 9
5 4420 4
125 4420 1
4419 4420 5
5149 4421 2
112 4421 1
5241 4422 3
5241 4423 3
5241 4424 3
3764 4425 1
5327 4426 1
4430 4429 1
4429 4431 1
4098 4431 1
3724 4432 1
5100 5101 3
5189 5102 1
5103 5102 2
5105 5104 7
5106 5105 14
5107 5106 45
5321 5107 1
4339 5107 1
5108 5107 46
4191 5108 1
5110 5109 7
5106 5110 22
5112 5111 2
1007 5111 1
5111 5113 1
5111 5114 1
5111 5115 1
5111 5116 1
5120 5117 18
5156 5117 1
5119 5117 17
5118 5117 17
957 5121 1
5101 5121 1
12 5121 1
5117 5121 5
5119 5121 3
5369 5121 3
5327 5122 2
5376 5122 2
5119 5122 9
5125 5122 3
5163 5122 9
5128 5122 1
5358 5122 10
5164 5122 11
5117 5122 11
5122 5123 9
5376 5124 1
5119 5124 3
5122 5124 9
4184 5125 3
5122 5125 9
5117 5126 5
5295 5126 4
5128 5127 1
4428 5128 3
5130 5129 2
185 5129 1
5127 5129 1
5376 5130 2
5327 5130 2
5158 5130 1
5122 5130 5
5128 5130 1
3729 5130 2
3751 5130 1
186 5130 1
185 5131 1
4426 5131 1
5127 5131 1
995 5131 1
183 5131 1
5130 5131 6
4253 5131 1
5133 5132 1
5412 5133 2
5411 5133 4
81 5133 1
5132 5134 1
5135 5134 2
1744 5134 1
5133 5135 1
5221 5135 1
5135 5136 2
5132 5136 1
1744 5136 1
5138 5137 2
5106 5138 6
5137 5139 1
39 5139 1
237 5139 1
105 5139 1
53 5139 2
979 5139 1
4385 5139 1
5140 5139 10
4391 5139 1
40 5140 1
128 5140 2
4085 5140 1
4113 5140 2
5332 5140 1
5126 5140 3
4220 5140 8
5348 5140 2
4063 5140 1
3754 5140 1
5321 5140 1
4098 5140 5
5333 5140 1
5200 5140 17
4339 5140 2
5288 5140 2
4354 5140 1
4356 5140 2
124 5140 1
5362 5140 4
5204 5140 1
5234 5140 7
5191 5140 1
5149 5140 8
5197 5140 1
5190 5140 1
5378 5140 1
5279 5140 2
5365 5140 1
5221 5140 4
5269 5140 1
5102 5140 1
5138 5140 1
5181 5140 1
4309 5140 5
5142 5141 10
5139 5141 10
5140 5142 98
4169 5143 1
5261 5143 2
4090 5143 1
4084 5143 1
222 5143 1
5137 5143 1
51 5143 1
973 5143 1
4225 5143 9
1737 5144 1
4165 5144 8
216 5144 1
5145 5144 17
67 5144 3
4265 5144 1
5364 5144 1
143 5144 1
4349 5144 1
5137 5144 1
5282 5145 1
4220 5145 7
5138 5145 2
5365 5145 1
5357 5145 1
5200 5145 2
5362 5145 3
5197 5145 1
4113 5145 8
5149 5145 11
5348 5145 1
4208 5145 2
4314 5146 5
5145 5146 19
5137 5146 1
4349 5146 1
4165 5146 8
216 5146 1
143 5146 1
5364 5146 1
4265 5146 1
1737 5146 1
5137 5147 1
4349 5147 1
216 5147 1
143 5147 1
4265 5147 1
5364 5147 1
4165 5147 8
5145 5147 15
99 5147 1
1737 5147 1
4312 5148 2
61 5148 4
5149 5148 7
4062 5149 1
128 5149 1
5221 5149 5
5106 5149 1
5109 5149 1
5238 5149 1
24 5149 1
4194 5149 1
5119 5149 3
5162 5149 3
5120 5149 4
5180 5149 9
106 5150 1
5247 5150 15
4314 5150 5
5149 5150 26
67 5150 3
4181 5150 2
4183 5150 8
88 5150 1
62 5150 2
61 5150 4
150 5150 1
143 5150 1
132 5150 1
4061 5150 1
5148 5150 7
231 5150 1
68 5150 4
4421 5150 2
143 5151 1
4421 5151 2
5247 5151 15
999 5151 1
4161 5151 4
5148 5151 7
4162 5151 4
231 5151 1
88 5151 1
5 5151 4
4349 5151 1
5347 5151 1
253 5151 1
69 5151 4
194 5151 1
4314 5151 5
67 5151 3
5261 5151 2
4143 5151 2
216 5151 1
5152 5151 36
5200 5152 2
4186 5152 1
4220 5152 7
4113 5152 14
5149 5152 20
5333 5152 1
5365 5152 1
5106 5152 1
5332 5152 1
5348 5152 2
5300 5152 3
5362 5152 3
5282 5152 1
4142 5152 1
5197 5152 1
4208 5152 2
143 5153 1
5148 5153 7
5247 5153 15
88 5153 1
5154 5153 17
4321 5153 1
4173 5154 1
5378 5154 1
4107 5154 1
5395 5154 2
182 5154 1
4196 5154 1
4282 5154 1
4118 5154 1
5348 5154 1
5149 5154 19
5362 5154 2
5108 5154 6
5333 5154 1
4356 5154 3
4081 5155 1
5156 5155 2
4300 5156 1
4246 5156 2
1007 5156 1
5155 5157 2
5158 5157 2
5156 5158 2
5164 5158 5
5120 5158 4
5162 5158 3
5291 5158 2
5163 5158 3
5161 5160 2
5111 5160 1
5112 5161 2
5122 5164 1
5165 5164 14
4362 5164 1
3751 5165 4
5122 5165 1
5156 5165 1
4229 5166 4
5167 5166 3
5198 5166 1
4111 5169 2
4079 5169 1
146 5169 1
5170 5169 2
5172 5171 1
4184 5172 3
5174 5173 1
5171 5173 1
5172 5174 4
5176 5175 1
156 5176 3
5175 5177 1
5178 5177 1
5176 5178 1
4102 5178 3
5315 5180 7
5179 5180 7
5332 5180 1
5149 5180 10
142 5180 7
4142 5180 1
5135 5180 7
4085 5180 1
5221 5180 1
5310 5180 7
5362 5180 1
963 5181 1
5182 5181 3
5183 5181 4
0 5183 1
5184 5183 4
5186 5185 4
5288 5186 17
5121 5187 1
5187 5188 1
5121 5188 1
5103 5190 2
5189 5190 1
5189 5191 1
5103 5191 2
5103 5192 2
5189 5192 1
5189 5193 1
5103 5193 2
5189 5194 1
5103 5194 2
5189 5195 1
5103 5195 2
5189 5196 1
5103 5196 2
5189 5197 1
5103 5197 2
5200 5198 1
4214 5198 1
5199 5198 3
103 5200 1
74 5200 1
5118 5200 6
5202 5200 6
5106 5200 1
5163 5200 6
5285 5200 1
5120 5200 7
5413 5200 2
4339 5200 3
5201 5200 6
5198 5200 1
5321 5200 1
5204 5203 1
5241 5204 3
5355 5205 2
967 5205 2
4249 5205 1
5206 5205 8
5203 5205 1
4132 5205 2
5204 5206 1
5356 5206 4
5403 5206 2
4079 5206 1
7 5207 3
959 5207 1
5359 5207 2
53 5207 2
89 5207 2
5203 5207 1
266 5207 1
5140 5207 13
5142 5208 13
5207 5208 13
7 5209 3
5210 5209 6
5203 5209 1
9 5209 3
247 5209 1
5204 5210 1
5332 5210 1
4098 5210 4
5378 5210 1
5279 5210 1
5409 5210 1
5213 5212 3
4066 5214 1
5350 5214 4
5215 5214 6
4200 5215 1
5117 5215 3
4170 5215 3
5291 5215 1
4247 5215 2
4216 5215 1
5206 5215 1
4148 5215 1
5354 5216 7
5215 5216 9
5214 5216 6
5110 5217 7
5149 5218 4
5218 5219 4
5221 5220 1
4298 5221 3
4300 5221 1
1007 5221 1
4299 5221 3
4297 5221 3
4296 5221 2
5221 5222 2
5220 5222 1
5221 5223 7
258 5223 1
4318 5223 1
155 5223 1
5222 5223 2
5318 5223 1
4082 5223 1
5106 5224 1
5106 5225 1
5224 5225 1
4227 5226 2
5377 5226 1
4229 5227 2
5226 5227 2
5384 5228 2
4234 5228 4
5226 5228 2
4226 5228 1
5384 5229 2
4227 5229 4
5226 5229 2
5200 5230 1
4312 5231 2
5230 5231 1
5338 5231 2
966 5231 1
66 5231 1
4143 5231 2
4334 5231 1
131 5231 1
3721 5231 1
978 5231 1
5416 5231 1
211 5231 1
5278 5231 1
4314 5231 5
5232 5231 18
4236 5232 1
5362 5232 2
5149 5232 5
5279 5232 2
5200 5232 2
5417 5232 1
5424 5232 1
5221 5232 3
5254 5232 3
5234 5233 1
5211 5234 2
4236 5234 3
5363 5234 3
81 5234 1
1023 5235 1
53 5235 2
4162 5235 4
5259 5235 7
5261 5235 2
1024 5235 1
4412 5235 1
99 5235 1
30 5235 2
241 5235 1
5286 5235 4
5322 5235 1
1014 5235 1
195 5235 3
4414 5235 1
5140 5235 49
3753 5235 1
4341 5235 7
5347 5235 1
4105 5235 1
5 5235 4
126 5235 1
272 5235 1
131 5235 1
978 5235 1
4161 5235 4
4352 5235 1
16 5235 1
5233 5235 1
4084 5235 1
5235 5236 49
5142 5236 49
5238 5237 1
5110 5238 7
5149 5239 1
5237 5239 1
5241 5240 3
5243 5242 4
4278 5242 3
4257 5243 2
5242 5244 4
4225 5244 4
5245 5246 1
249 5246 2
88 5247 1
67 5247 3
4318 5247 1
254 5247 1
196 5247 1
4314 5247 5
143 5247 1
61 5247 4
5149 5247 15
1725 5248 1
5149 5248 17
143 5248 1
5247 5248 15
150 5248 1
88 5248 1
88 5249 1
1024 5249 1
4314 5249 5
4421 5249 2
132 5249 1
4291 5249 1
5149 5249 23
150 5249 1
106 5249 1
231 5249 1
1725 5249 1
5247 5249 15
143 5249 1
5250 5251 3
5254 5253 1
5154 5254 5
5256 5255 1
5253 5255 1
5254 5256 1
5200 5257 1
5200 5258 2
5257 5258 1
5200 5259 7
5258 5259 2
5322 5259 1
960 5259 1
4338 5259 1
1732 5259 1
5200 5260 5
4295 5260 2
5257 5260 1
5258 5260 2
5322 5260 1
5200 5261 2
5257 5261 1
4141 5262 1
5261 5262 2
5152 5262 4
3749 5263 1
5152 5263 5
5262 5263 4
1737 5264 1
5 5264 4
99 5264 1
4143 5264 2
4314 5264 5
5261 5264 2
984 5264 1
5367 5264 2
4141 5264 1
67 5264 3
272 5264 1
5152 5264 32
143 5264 1
88 5264 1
4161 5264 4
216 5264 1
4349 5264 1
4165 5264 8
106 5264 1
4265 5265 1
5145 5265 3
5261 5265 2
106 5266 1
4265 5266 1
5261 5266 2
5145 5266 8
5364 5266 1
4160 5266 1
4143 5266 2
5200 5267 4
5261 5267 2
5322 5267 1
1741 5267 1
5269 5268 1
4236 5269 3
3757 5269 5
4237 5269 3
53 5270 2
235 5270 1
247 5270 1
4308 5270 5
1730 5270 1
5140 5270 24
4355 5270 2
105 5270 1
39 5270 1
8 5270 3
109 5270 1
5330 5270 1
5268 5270 1
979 5270 1
68 5270 4
5270 5271 24
5142 5271 24
5273 5272 7
5106 5273 12
5274 5275 3
5172 5276 2
5174 5277 2
5276 5277 2
5279 5278 1
226 5279 3
5281 5280 3
5283 5282 2
197 5282 1
5285 5284 1
5415 5285 3
5200 5286 4
4387 5286 2
5284 5286 1
4386 5286 1
53 5287 2
5288 5287 3
4247 5288 3
4430 5288 1
3767 5289 3
4100 5289 2
5294 5289 3
56 5289 3
5186 5289 17
162 5289 2
4365 5289 3
3755 5289 2
54 5289 3
58 5289 3
57 5289 3
5287 5289 3
55 5289 3
5291 5290 1
208 5291 1
5420 5291 2
5158 5292 1
5290 5292 1
5158 5293 1
5290 5293 1
5288 5294 3
53 5294 2
4220 5295 6
4241 5296 1
5297 5296 3
4220 5298 1
5298 5299 1
4220 5299 1
5365 5300 1
5302 5301 2
4213 5302 3
190 5303 1
955 5303 1
75 5303 2
5301 5303 2
5304 5303 6
103 5304 1
5302 5304 2
74 5304 2
4361 5304 2
5291 5305 1
5215 5306 1
5305 5306 1
4216 5307 1
5305 5307 1
5180 5308 2
273 5308 1
5310 5309 19
5308 5309 2
4141 5309 1
4084 5309 1
4313 5309 3
5319 5309 12
4142 5310 1
5332 5310 1
4085 5310 1
5180 5310 17
5308 5311 2
5180 5311 2
5308 5312 2
5180 5312 2
5308 5313 2
5180 5313 2
5308 5314 2
5180 5314 2
5362 5315 1
4085 5315 1
5317 5316 2
1013 5316 1
5221 5318 1
88 5319 1
61 5319 4
5318 5319 1
143 5319 1
68 5319 4
5180 5319 12
999 5319 1
99 5319 1
5319 5320 12
4084 5320 1
5310 5320 14
999 5320 1
4141 5320 1
5167 5321 3
4214 5321 1
5200 5322 1
5200 5323 1
5322 5323 1
5325 5324 3
5327 5326 1
4300 5327 1
5329 5327 3
5326 5328 1
5327 5328 1
5234 5330 1
5219 5331 2
5331 5332 4
5331 5333 4
5335 5334 2
1748 5334 1
5336 5334 3
5254 5337 1
5254 5338 2
5337 5338 1
5337 5339 1
5254 5339 2
5339 5340 2
227 5340 1
5341 5340 3
5254 5341 2
5339 5342 2
5343 5342 6
4172 5342 1
4117 5342 1
143 5342 1
4106 5342 1
4107 5343 1
5378 5343 1
5254 5343 2
4118 5343 1
4173 5343 1
5149 5343 5
227 5344 2
5339 5344 2
5341 5344 4
5339 5345 2
5341 5345 2
5339 5346 2
5341 5346 2
5348 5347 1
4148 5348 1
5347 5349 1
88 5349 1
5154 5349 2
4171 5350 3
5215 5350 4
5350 5351 4
4225 5351 5
5351 5352 5
5353 5352 9
5354 5352 7
4243 5352 1
4225 5353 5
4220 5353 2
5215 5353 7
3724 5353 2
5234 5353 2
4066 5354 1
5215 5354 7
5350 5354 4
4065 5354 1
5356 5355 3
4395 5356 3
964 5356 1
5361 5356 4
5106 5357 6
5196 5358 1
1034 5359 1
5221 5359 2
5359 5360 2
959 5360 1
5361 5360 3
0 5361 1
5221 5361 2
4354 5361 1
5149 5361 2
3741 5361 4
4214 5362 1
5363 5362 3
4142 5362 1
4236 5362 3
5365 5364 1
4177 5365 6
4180 5365 3
48 5365 1
4179 5365 3
5152 5365 3
132 5366 1
264 5366 1
4185 5366 1
4162 5366 4
5364 5366 1
4161 5366 4
4290 5366 5
5152 5366 13
5300 5367 2
5364 5367 1
5369 5368 1
4197 5369 3
5121 5370 3
5368 5370 1
1029 5370 1
1729 5370 1
992 5372 2
5371 5372 1
5374 5373 1
4413 5374 3
5373 5375 1
5376 5375 1
5374 5376 1
4300 5376 1
4375 5376 3
5378 5377 1
3760 5378 4
5154 5379 2
5377 5379 1
143 5379 1
5377 5380 1
4227 5380 4
1021 5380 1
5380 5381 3
4234 5381 3
166 5382 1
4229 5382 6
5380 5382 4
5154 5383 2
5377 5383 1
4321 5383 1
5377 5384 1
4227 5384 2
5384 5385 2
4229 5385 3
5166 5386 3
5385 5386 3
5154 5387 7
5377 5387 1
4106 5387 1
4172 5387 1
4321 5387 1
4357 5387 3
5377 5388 1
4231 5388 1
5390 5389 1
5377 5389 1
5378 5390 1
4214 5390 1
48 5390 4
5140 5391 10
4372 5391 1
9 5391 3
53 5391 2
999 5391 1
247 5391 1
5377 5391 1
5391 5392 10
5142 5392 10
999 5393 1
5210 5393 2
5377 5393 1
5395 5394 5
4172 5394 1
999 5394 1
5377 5394 1
4167 5394 2
4173 5395 1
5108 5395 6
26 5395 1
5332 5395 1
4208 5395 1
5378 5395 1
5395 5396 9
117 5396 2
5377 5396 1
4110 5396 5
4172 5396 1
143 5397 1
4172 5397 1
5377 5397 1
5154 5397 11
4321 5397 1
4106 5397 1
4195 5397 1
69 5397 4
4117 5397 1
5377 5398 1
5343 5398 1
5377 5399 1
5343 5399 1
5154 5400 2
4321 5400 1
5377 5400 1
4227 5401 2
1021 5401 1
5401 5402 2
4229 5402 2
5343 5403 4
5405 5404 1
4416 5405 2
5111 5405 1
4225 5406 1
5404 5406 1
5186 5407 4
5409 5408 1
5186 5409 4
5210 5410 1
5408 5410 1
1007 5413 1
4300 5413 1
5414 5413 2
5417 5416 1
5186 5417 4
47 5418 1
5416 5418 1
65 5418 1
5419 5418 4
136 5418 1
5417 5419 4
5422 5421 1
121 5422 1
4369 5422 2
4378 5423 1
5424 5423 3
5421 5423 1
4287 5423 1
5422 5424 1
3764 5424 1
4417 5424 3
4247 5424 2
4288 5424 1
3717 5425 2
1747 5425 1
