10443 3324 1
11175 3325 1
10386 3326 1
10335 3327 2
3326 3327 1
3327 3328 2
10340 3328 2
11111 3329 1
10462 3331 1
10707 3332 1
10709 3333 1
10897 3334 1
10828 3337 1
11036 3339 1
10386 3340 1
11004 3342 1
11004 3343 1
9766 3347 1
3347 3348 1
10355 3348 1
11248 3349 1
3349 3350 1
9582 3350 1
9582 3351 2
3349 3351 1
3437 3351 1
11050 3353 1
9453 3358 1
10454 3359 1
9766 3375 1
10395 3376 2
3375 3376 1
10847 3377 3
11068 3377 1
3376 3377 2
10753 3378 2
3376 3378 2
10395 3379 2
3375 3379 1
11027 3380 2
3375 3380 1
10970 3381 1
3375 3381 1
11210 3382 1
10732 3384 1
10467 3385 2
3387 3385 1
10380 3386 3
3385 3386 2
10923 3387 1
10467 3388 1
3387 3388 1
9953 3390 1
10953 3391 2
3453 3391 1
10953 3392 2
3391 3392 2
10953 3393 3
3391 3393 2
3477 3393 1
11048 3395 1
10467 3397 1
10756 3398 1
11248 3400 1
10338 3401 1
3400 3401 1
3400 3402 1
10346 3402 1
3400 3403 1
9959 3403 2
3541 3403 1
3400 3404 1
9690 3404 2
3557 3404 1
10966 3405 1
10423 3406 1
9573 3407 1
9917 3408 2
3520 3408 1
3532 3410 1
10847 3410 2
11068 3410 1
11068 3411 1
10847 3411 2
3532 3411 1
10847 3412 2
3532 3412 1
11068 3412 1
11068 3413 1
10847 3413 2
3532 3413 1
10979 3416 1
10703 3418 1
10457 3419 1
10395 3420 1
3447 3421 1
3420 3421 1
10579 3421 2
11048 3424 1
10399 3425 1
10399 3426 1
3425 3426 1
3425 3427 1
10399 3427 1
10399 3428 1
3425 3428 1
9394 3431 1
3431 3432 1
10504 3432 1
10741 3433 1
10709 3434 1
3433 3434 1
10884 3436 1
11248 3437 1
10454 3438 1
11075 3439 1
10443 3440 1
9836 3441 1
3441 3442 1
9836 3442 1
10703 3443 1
10406 3445 1
3445 3446 1
10638 3446 2
3544 3446 1
10579 3447 1
3447 3448 1
10579 3448 1
3447 3449 1
10579 3449 1
9814 3450 1
9453 3453 1
10772 3454 1
11106 3455 1
11106 3456 2
3455 3456 1
3524 3456 1
9464 3457 1
3457 3458 1
11294 3458 1
9349 3459 1
10395 3460 1
10869 3461 1
3460 3461 1
3460 3462 1
10930 3462 1
10335 3464 2
3498 3464 1
10832 3465 1
10942 3466 1
3465 3466 1
10834 3467 1
3472 3471 1
3471 3473 1
3472 3473 1
10406 3474 1
10638 3475 1
3474 3475 1
11170 3476 1
9453 3477 1
11095 3478 1
3477 3478 1
10878 3479 1
10462 3480 1
10836 3481 1
3525 3482 1
10395 3482 2
9820 3484 1
10497 3486 3
3506 3486 2
11326 3487 1
11263 3488 1
3487 3488 1
11075 3489 1
9953 3490 1
11210 3492 1
11210 3493 1
3492 3493 1
10874 3494 1
10678 3495 1
10683 3496 1
10386 3498 1
10403 3499 1
11125 3499 1
11004 3501 1
10386 3502 1
10462 3503 1
10462 3504 1
10497 3506 2
3568 3506 1
10744 3508 1
9920 3512 1
10756 3514 1
10894 3515 1
3515 3516 1
10346 3516 1
9469 3518 1
9814 3520 1
11106 3524 1
11129 3525 1
10579 3526 1
3525 3526 1
10467 3527 1
3525 3527 1
3525 3528 1
10775 3528 1
3525 3529 1
10467 3529 1
10848 3530 1
10678 3531 1
10845 3532 1
11099 3535 1
10457 3536 1
10994 3538 1
10836 3540 1
10992 3541 1
10532 3542 1
10406 3544 1
3544 3545 1
10638 3545 1
3544 3546 1
10638 3546 1
10830 3547 1
9851 3549 1
11148 3551 1
10497 3554 1
10758 3555 1
11076 3555 1
11076 3556 1
10758 3556 1
9820 3557 1
10685 3558 1
10406 3560 1
10638 3561 1
3560 3561 1
3560 3562 1
10638 3562 1
10638 3563 1
3560 3563 1
9354 3568 1
3568 3569 1
10497 3569 1
10700 3571 1
10756 3572 1
10700 3573 1
10836 9310 1
10443 9311 1
9311 9312 1
11326 9312 3
10118 9312 1
11010 9314 6
9637 9315 3
9707 9315 2
10361 9315 8
10363 9316 11
9315 9316 8
10467 9317 2
3387 9317 1
11111 9318 1
10994 9319 1
10532 9320 2
9319 9320 1
11342 9321 2
9320 9321 2
11342 9322 2
9320 9322 2
11342 9323 2
9320 9323 2
9320 9324 2
11342 9324 2
9936 9325 2
11342 9325 5
9320 9325 2
10531 9325 1
9936 9326 2
10353 9326 4
9320 9326 2
10853 9327 2
9320 9327 2
9320 9328 2
11342 9328 2
10419 9329 2
10317 9329 1
10399 9330 4
9379 9330 2
10022 9330 1
10179 9330 1
10399 9331 6
10137 9331 2
9330 9331 4
9330 9332 4
10399 9332 7
9996 9332 3
9330 9333 4
10022 9333 1
9996 9333 3
10137 9333 2
10399 9333 11
3482 9333 2
10399 9334 6
9330 9334 4
10137 9334 2
10399 9335 6
9330 9335 4
10137 9335 2
10399 9336 6
10137 9336 2
9330 9336 4
10399 9337 6
9330 9337 4
10137 9337 2
9765 9338 1
10395 9338 2
10756 9340 1
11000 9344 1
9346 9345 4
3397 9345 1
9344 9345 1
10309 9345 1
10467 9346 1
11000 9346 2
9345 9347 4
9348 9347 4
9346 9348 4
9660 9348 2
9467 9348 1
10335 9351 7
10253 9351 2
10014 9351 1
10267 9351 1
10247 9351 1
9984 9352 1
9351 9352 1
10110 9352 2
11173 9352 4
11149 9353 7
9755 9353 1
9810 9353 4
10826 9355 1
10897 9357 1
9359 9358 1
9696 9359 3
10462 9360 1
10674 9361 5
10451 9362 1
10451 9363 9
9472 9363 3
9471 9363 2
9362 9363 1
9522 9363 4
10458 9364 1
10968 9365 3
9502 9365 1
9364 9365 1
10970 9366 3
9365 9366 3
9365 9367 3
10970 9367 3
10970 9368 3
9365 9368 3
9364 9368 1
10970 9369 3
9365 9369 3
9365 9370 3
10970 9370 3
10970 9371 3
9365 9371 3
9365 9372 3
10970 9372 3
9364 9373 1
9374 9373 1
10458 9374 1
9364 9375 1
9374 9375 1
3463 9377 2
9376 9377 1
10490 9378 4
10022 9379 1
10395 9379 2
10022 9380 1
10399 9380 4
9379 9380 2
9638 9380 2
10179 9380 1
10430 9381 6
9985 9381 2
10000 9381 2
9379 9381 2
9638 9382 2
10399 9382 3
9379 9382 2
10022 9382 1
10399 9383 7
9996 9383 3
9379 9383 2
10179 9383 1
9638 9383 2
9379 9384 2
10024 9384 2
10022 9384 1
10566 9384 3
10736 9385 2
9884 9385 1
9385 9386 2
9390 9386 1
10738 9386 3
10393 9387 1
9999 9388 1
9387 9388 1
10399 9388 2
9391 9390 1
9393 9392 1
9467 9394 1
10359 9394 4
9395 9394 2
10423 9396 1
11010 9397 8
9994 9398 2
9399 9398 3
10994 9399 1
9401 9400 4
9398 9400 3
9399 9401 3
10880 9401 2
9398 9402 3
10380 9402 3
9398 9403 3
10882 9403 3
10894 9404 1
9404 9405 1
10395 9405 2
9405 9406 2
10346 9406 2
3334 9408 1
11095 9408 2
9408 9409 2
11095 9409 2
9408 9410 2
11095 9410 2
10845 9411 4
9890 9411 1
9807 9411 1
3375 9411 1
9505 9412 2
9411 9412 4
9508 9412 4
10847 9412 8
10703 9413 2
10618 9414 2
3525 9414 1
3400 9415 1
10869 9415 2
10869 9416 2
9415 9416 2
9916 9417 2
9684 9417 1
3542 9417 1
9415 9417 2
10869 9417 7
9518 9417 1
10869 9418 2
9415 9418 2
10927 9420 1
10884 9422 1
9424 9423 1
9920 9424 6
10125 9425 1
9426 9425 2
9423 9425 1
9424 9426 1
9920 9426 1
9423 9427 1
10125 9427 1
9426 9427 2
9423 9428 1
9426 9428 1
9426 9429 1
9423 9429 1
10894 9430 1
9430 9431 1
10395 9431 2
10346 9432 2
9431 9432 2
11129 9434 1
10618 9435 2
9434 9435 1
9435 9436 2
10620 9436 2
11048 9437 1
9437 9438 1
11050 9438 1
11010 9439 6
10467 9439 1
10464 9440 2
3503 9440 1
10542 9441 4
10542 9442 4
10678 9444 1
10989 9445 4
3454 9446 1
9935 9446 1
10512 9446 3
10472 9448 3
10471 9448 1
9738 9448 2
10472 9449 1
10471 9449 1
10472 9450 2
10396 9450 1
10471 9450 1
10022 9451 1
10471 9451 1
10472 9451 2
9453 9452 1
11095 9454 1
9452 9454 1
9452 9455 1
10953 9455 1
10656 9456 3
9458 9457 1
9676 9458 1
9564 9458 2
10845 9459 2
9457 9459 1
11075 9460 1
9463 9462 1
10897 9466 1
10672 9468 4
10810 9469 1
3513 9469 1
10504 9469 1
10359 9469 4
10371 9469 1
10455 9470 1
9470 9471 1
10451 9471 2
9471 9472 2
10451 9472 3
10137 9473 2
9472 9473 3
9474 9473 5
10451 9474 3
10880 9474 2
9471 9475 2
10469 9475 2
9477 9476 3
9479 9478 1
10962 9480 2
9478 9480 1
10267 9481 1
9810 9481 4
9755 9481 1
9744 9481 1
10395 9481 13
9480 9481 2
9697 9481 1
10216 9481 2
10034 9482 2
3375 9482 1
10102 9482 1
10395 9482 19
9481 9482 13
3479 9482 1
9638 9483 2
10399 9483 4
9480 9483 2
9480 9484 2
10399 9484 2
9487 9486 1
9671 9487 3
9770 9490 1
9946 9490 1
3454 9490 1
10467 9490 6
9935 9490 1
10071 9490 1
10395 9491 1
9638 9492 2
10399 9492 3
9491 9492 1
9494 9493 1
10626 9495 1
9493 9495 1
11004 9496 1
10443 9497 1
10966 9502 1
10371 9503 1
10842 9504 1
10845 9505 2
9504 9505 1
11068 9506 1
9505 9506 2
10847 9506 3
9505 9507 2
10847 9507 2
10845 9508 4
9932 9508 1
9505 9508 2
10847 9509 7
9508 9509 4
11068 9509 1
9624 9509 2
10994 9510 1
10326 9511 1
9510 9511 1
11184 9511 5
10279 9511 1
3538 9511 1
9511 9512 5
11186 9512 5
9469 9515 1
10756 9516 1
11248 9518 1
11050 9519 1
10240 9520 1
9519 9520 1
9930 9520 1
9730 9520 2
10289 9520 1
11203 9520 6
10837 9521 1
9718 9522 3
10467 9522 4
10966 9523 1
10968 9524 1
9523 9524 1
9527 9526 1
10940 9528 2
9658 9528 1
9526 9528 1
10456 9529 1
9526 9529 1
11129 9530 1
9530 9531 1
11190 9531 2
9530 9532 1
11190 9532 1
9787 9533 1
10247 9533 1
9530 9533 1
9534 9533 4
11248 9534 1
11001 9534 1
11129 9534 1
11203 9535 5
9533 9535 4
9768 9536 2
11203 9536 7
9535 9536 5
10454 9538 1
10409 9539 1
10407 9539 1
10638 9540 1
10407 9540 1
10407 9541 1
10638 9541 1
10638 9542 1
10407 9542 1
10638 9543 1
10407 9543 1
10973 9545 1
10359 9546 1
10500 9547 1
9546 9547 1
10931 9548 1
10931 9549 1
9548 9549 1
10467 9550 2
9658 9550 1
9550 9551 2
10167 9551 1
10664 9551 3
10664 9552 3
10167 9552 1
9550 9552 2
9463 9553 1
9947 9554 2
11242 9554 7
9553 9554 1
10204 9554 1
10042 9554 1
10160 9554 1
11050 9558 1
10855 9559 1
10635 9560 1
9560 9561 1
9562 9561 1
10635 9562 2
10159 9562 3
10930 9563 8
10827 9565 1
11010 9567 6
10406 9568 1
10775 9569 1
10813 9570 1
9572 9571 1
9570 9571 1
10813 9572 1
11048 9574 1
10395 9575 1
10147 9576 1
3447 9576 1
10579 9576 3
9575 9576 1
10880 9577 1
11248 9579 1
9579 9580 1
10703 9580 2
9582 9581 5
10282 9581 1
9579 9581 1
3437 9581 1
10199 9581 1
11248 9582 3
11129 9582 2
10880 9583 2
9579 9583 1
10882 9584 2
9583 9584 2
9742 9585 2
10882 9585 4
9583 9585 2
9583 9586 2
10137 9586 2
10430 9586 4
9583 9587 2
10380 9587 2
9583 9588 2
10102 9588 1
3349 9588 1
11326 9588 5
10732 9589 5
9588 9589 5
11048 9590 1
9590 9591 1
9693 9591 1
11050 9591 5
9849 9591 1
11050 9592 2
9590 9592 1
9591 9592 1
10340 9593 1
9351 9593 1
11125 9594 5
3333 9594 1
3327 9594 2
9984 9594 1
9351 9594 1
10837 9595 1
10676 9596 3
10979 9602 1
10835 9604 1
10676 9605 3
10676 9606 3
10676 9607 3
10675 9608 4
10675 9609 4
10676 9610 5
9610 9611 4
10532 9613 1
11342 9614 1
9613 9614 1
10386 9615 1
11004 9616 1
10312 9617 1
10267 9617 1
10335 9617 4
10247 9617 1
10338 9618 4
9617 9618 4
9617 9619 4
10338 9619 4
10665 9620 4
9617 9620 4
9622 9623 1
9740 9623 2
9807 9624 1
10845 9624 2
9890 9625 1
9624 9625 2
10845 9625 4
9625 9626 4
10847 9626 5
9626 9627 5
10847 9627 6
11068 9627 1
10847 9628 5
9626 9628 5
9624 9628 2
10847 9629 3
9624 9629 2
11068 9629 1
10683 9630 1
10744 9631 1
10560 9632 1
10500 9632 1
9635 9634 1
10406 9636 3
9968 9636 2
10973 9637 3
10399 9638 2
10022 9638 1
9638 9639 2
10399 9639 4
3379 9639 2
10022 9639 1
9638 9640 2
10399 9640 2
10022 9640 1
9638 9641 2
10399 9641 2
10399 9642 2
9638 9642 2
10399 9643 2
9638 9643 2
9638 9644 2
9800 9644 1
10399 9644 3
3379 9645 2
10022 9645 1
9638 9645 2
10399 9645 4
9638 9646 2
10399 9646 2
10399 9647 2
9638 9647 2
10399 9648 2
9638 9648 2
9999 9649 1
9638 9649 2
10399 9649 3
9638 9650 2
10399 9650 2
10392 9651 1
9800 9651 1
9638 9651 2
10399 9651 4
9638 9652 2
10399 9652 2
10399 9653 2
9638 9653 2
9638 9654 2
10399 9654 2
10399 9655 2
9638 9655 2
10399 9656 2
9638 9656 2
9663 9657 3
10361 9657 6
9659 9658 1
10623 9661 3
10736 9662 3
9967 9662 1
10973 9663 3
11007 9665 1
9999 9665 1
10393 9665 4
10231 9665 1
9665 9666 4
9672 9666 1
10406 9666 6
10231 9666 1
9886 9667 1
10464 9667 2
11333 9668 1
11333 9669 3
9964 9669 1
9668 9669 1
10406 9672 1
10638 9673 1
9672 9673 1
10464 9675 2
10270 9675 1
10358 9677 1
10828 9680 1
9682 9681 1
10857 9682 3
9685 9684 1
9684 9686 1
10317 9686 1
9685 9686 2
10940 9687 2
9684 9687 1
9852 9687 1
9684 9688 1
9845 9688 1
10353 9688 2
9684 9689 1
9690 9689 1
9867 9690 1
9685 9690 1
9820 9690 1
11248 9690 1
9868 9690 1
10406 9691 1
10638 9692 1
9691 9692 1
11048 9693 1
10443 9694 1
9696 9695 3
10878 9697 1
9697 9698 1
9843 9698 1
9874 9698 1
9699 9698 3
10443 9699 2
10878 9699 1
9699 9700 3
9874 9700 1
9697 9700 1
9843 9700 1
10966 9701 1
9701 9702 1
3375 9702 1
10968 9702 2
9453 9704 1
10955 9705 4
9879 9705 3
9704 9705 1
10419 9706 1
9706 9707 1
10361 9707 2
10380 9708 1
9706 9708 1
11248 9709 1
9709 9710 1
11149 9710 2
10395 9711 1
9709 9711 1
9713 9712 4
3400 9712 1
9709 9712 1
10071 9712 1
10772 9713 1
11248 9713 3
3349 9714 1
9713 9714 6
9712 9714 4
9709 9715 1
10071 9715 1
3490 9715 1
9716 9715 4
11248 9716 1
10772 9716 1
9953 9716 1
9715 9717 4
10371 9717 5
3525 9718 1
3400 9718 1
10467 9718 3
9721 9720 1
11002 9721 3
10697 9722 1
9720 9722 1
10467 9724 2
10246 9724 1
10884 9725 1
9729 9728 4
10852 9730 2
9734 9730 1
10656 9731 3
10656 9732 3
10656 9733 3
9735 9734 1
10462 9737 1
9737 9738 1
10464 9738 2
10618 9741 3
10282 9741 1
3525 9741 1
10116 9742 1
10880 9742 2
10882 9743 2
9742 9743 2
9600 9744 1
10532 9745 2
9744 9745 1
11342 9746 2
9745 9746 2
11342 9747 2
9745 9747 2
10371 9748 1
10395 9749 1
10579 9750 2
9749 9750 1
10242 9750 1
9749 9751 1
10242 9751 1
10579 9751 2
9749 9752 1
10242 9752 1
10579 9752 2
10834 9753 1
10423 9755 1
9755 9756 1
10395 9756 4
10102 9756 1
3375 9756 1
10395 9757 6
9810 9757 4
9755 9757 1
9810 9758 4
10566 9758 5
9755 9758 1
10899 9759 1
9723 9760 1
10462 9762 1
10853 9763 4
10853 9764 4
9766 9765 1
10490 9767 4
11050 9768 2
10154 9768 1
10457 9769 1
10772 9770 1
10828 9771 1
3349 9772 1
10406 9772 2
11286 9774 4
11286 9775 4
10994 9776 1
9778 9777 2
9776 9777 1
10685 9778 2
10994 9778 1
9777 9779 2
11335 9779 3
9784 9779 3
9777 9780 2
9784 9780 3
11335 9780 3
9777 9781 2
10536 9781 3
9777 9782 2
10342 9782 2
9777 9783 2
9803 9783 1
10464 9783 4
9777 9784 2
11335 9784 3
10457 9785 1
10411 9786 1
9785 9786 1
11248 9787 1
11326 9788 3
3375 9788 1
10149 9788 1
10869 9789 4
9788 9789 3
9788 9790 3
9791 9790 4
11326 9791 3
9790 9792 4
9791 9792 4
9791 9793 4
9790 9793 4
9788 9794 3
3349 9794 1
10931 9794 5
9794 9795 5
10931 9795 5
9788 9796 3
10566 9796 4
9796 9797 4
10566 9797 4
10382 9798 1
10396 9798 1
10597 9799 2
10396 9799 1
10393 9800 1
9802 9801 3
10392 9801 1
9800 9801 1
9833 9801 1
10393 9802 3
10462 9803 1
9573 9804 2
10842 9805 1
10845 9806 2
9805 9806 1
10842 9807 1
10423 9809 1
10012 9810 1
10425 9810 4
9809 9810 1
3325 9810 1
10380 9811 4
9810 9811 4
9814 9813 1
9813 9815 1
9814 9815 4
3520 9815 1
3450 9815 1
10183 9815 1
10330 9817 1
9778 9817 2
10467 9818 1
10406 9821 1
9821 9822 1
10638 9822 1
11326 9823 1
10469 9824 1
9823 9824 1
9635 9825 1
9825 9826 1
9944 9826 3
10380 9826 5
10842 9827 1
10464 9830 2
10101 9830 1
10732 9832 3
3349 9832 1
10327 9832 2
10393 9833 1
11048 9834 1
10700 9835 1
9349 9837 1
10775 9838 1
9837 9838 1
9394 9839 1
10874 9840 2
10260 9840 1
10828 9841 1
10059 9842 1
3347 9842 1
11006 9842 3
10443 9843 1
9984 9844 1
10411 9844 10
3525 9844 1
10119 9844 1
10247 9844 1
9996 9844 3
10327 9844 2
11129 9845 1
10836 9848 1
11048 9849 1
10454 9850 1
9828 9852 1
9855 9854 1
9854 9856 1
9855 9856 1
9349 9857 1
10368 9858 1
9858 9859 1
10380 9859 2
10683 9860 1
10862 9861 1
9861 9862 1
10862 9862 1
10456 9863 1
9865 9864 1
10828 9866 1
10467 9869 1
9869 9870 1
9439 9870 1
9394 9871 1
10443 9874 1
9876 9875 1
9874 9875 1
10443 9876 1
10371 9877 1
10358 9878 1
10358 9879 3
9878 9879 1
9973 9879 1
10437 9880 1
10382 9881 1
10406 9882 1
3560 9883 1
10638 9883 2
9882 9883 1
10736 9884 1
10462 9886 1
10842 9890 1
9820 9892 1
11256 9893 1
9892 9893 1
10994 9894 1
10236 9895 1
3375 9895 1
10373 9895 3
9895 9896 3
10375 9896 3
10375 9897 4
9895 9897 3
11129 9898 1
11075 9899 1
10395 9901 1
9901 9902 1
3460 9902 1
11299 9902 2
10953 9903 3
3349 9903 1
3358 9903 1
9901 9903 1
10395 9904 1
11326 9906 1
9906 9907 1
11263 9907 1
10464 9908 2
3480 9908 1
10529 9909 2
9908 9909 2
3419 9910 1
10457 9910 2
10758 9911 1
10894 9912 1
10395 9913 2
9912 9913 1
9913 9914 2
10346 9914 2
10973 9915 1
3520 9916 1
9917 9916 2
9814 9917 1
10768 9918 1
9920 9919 1
10125 9921 1
10134 9921 1
3512 9921 1
10132 9921 1
10256 9921 1
9424 9921 6
9919 9921 1
10454 9922 1
9922 9923 1
10675 9923 1
9922 9924 1
10675 9924 1
10240 9925 1
9922 9925 1
10983 9925 2
10425 9927 2
11052 9928 1
10452 9930 1
10842 9932 1
9606 9934 1
10772 9935 1
10532 9936 2
9935 9936 1
9938 9937 3
3397 9937 1
9936 9937 2
10532 9938 2
10467 9938 1
11342 9939 3
10531 9939 1
9936 9939 2
9936 9940 2
11342 9940 3
10531 9940 1
9935 9941 1
10775 9941 2
9941 9942 2
10813 9942 3
9942 9943 3
10469 9943 6
10202 9943 3
9941 9944 2
10368 9944 3
10772 9946 1
9946 9947 1
10467 9947 2
9947 9948 2
10380 9948 3
10973 9949 1
10380 9950 1
9949 9950 1
3387 9951 1
10467 9951 2
10380 9952 2
9951 9952 2
9729 9953 4
10462 9954 1
10464 9955 2
9954 9955 1
10423 9957 1
10689 9958 1
11248 9959 1
10992 9959 1
10894 9960 1
10966 9961 1
9961 9962 1
10968 9962 2
10970 9963 2
9962 9963 2
11129 9964 1
10830 9965 1
11165 9966 1
9573 9967 1
9804 9968 2
9967 9968 1
10406 9969 1
9969 9970 1
10638 9970 2
10194 9970 1
9394 9971 1
9394 9972 1
9971 9972 1
10358 9973 1
9559 9974 2
9976 9975 1
10338 9977 1
9975 9977 1
10827 9979 1
9979 9980 1
10371 9980 1
10393 9981 1
9979 9981 1
10884 9983 1
10855 9984 1
9559 9985 2
9984 9985 1
11263 9986 2
9985 9986 2
9974 9987 2
9985 9987 2
9985 9988 2
9974 9988 2
9974 9989 2
9985 9989 2
10384 9990 2
9985 9990 2
10178 9994 1
9399 9994 2
10467 9995 2
9994 9995 2
9399 9996 3
9994 9996 2
10836 9997 1
10371 9998 1
10393 9999 1
10430 10000 2
9999 10000 1
10430 10001 3
10000 10001 2
3400 10001 1
10000 10002 2
10430 10002 3
10022 10002 1
10000 10003 2
10430 10003 3
10022 10003 1
9999 10004 1
10579 10004 1
9999 10005 1
10393 10005 1
10652 10006 1
9999 10006 1
10707 10007 1
10828 10009 1
10050 10010 1
10564 10010 2
10566 10011 4
10010 10011 2
10024 10011 2
10423 10012 1
10386 10014 1
9873 10016 1
10743 10019 4
11081 10020 1
10395 10022 1
10022 10023 1
10430 10023 1
10022 10024 1
10566 10024 2
10566 10025 2
10024 10025 2
10566 10026 2
10022 10026 1
10024 10026 2
10024 10027 2
10566 10027 2
10022 10027 1
10194 10028 1
10022 10028 1
10638 10028 2
10022 10029 1
10194 10029 1
10638 10029 2
10931 10030 1
10022 10030 1
10753 10031 1
10022 10031 1
10753 10032 3
3379 10032 2
10022 10032 1
10022 10033 1
10753 10033 4
3379 10033 2
9778 10034 2
3558 10034 1
9464 10036 1
11294 10037 2
10036 10037 1
3457 10037 1
10084 10038 1
10425 10038 2
10038 10039 2
9927 10039 2
10566 10040 2
10038 10040 2
10335 10041 2
3502 10041 1
9463 10042 1
11027 10043 2
3375 10043 1
10043 10044 2
3380 10044 2
10942 10044 3
10409 10045 1
10409 10046 1
10409 10047 1
10409 10048 1
10842 10049 2
10994 10050 1
11095 10051 2
3349 10051 1
11095 10052 2
10051 10052 2
9605 10053 1
9605 10054 2
10087 10054 1
10053 10054 1
10828 10055 1
10462 10056 1
10464 10057 1
10056 10057 1
10775 10058 2
10199 10058 1
9820 10059 1
10703 10060 1
10453 10061 1
10756 10062 1
10899 10063 1
11256 10064 1
10063 10064 1
10063 10065 1
10460 10065 2
10692 10066 2
10065 10066 2
10743 10068 4
10743 10069 4
9820 10070 1
10772 10071 1
10828 10073 1
10075 10074 3
10077 10076 3
10216 10076 2
10962 10077 2
10076 10078 3
10077 10078 3
11175 10084 1
9605 10087 1
10087 10088 1
9605 10088 1
10683 10089 1
10927 10090 1
10386 10091 1
9513 10096 1
10850 10096 1
10894 10097 1
10346 10098 1
10097 10098 1
9394 10100 1
10462 10101 1
10878 10102 1
10450 10103 1
10103 10104 1
10450 10104 3
10196 10104 1
10103 10105 1
10104 10105 3
10450 10105 3
10983 10106 1
10103 10106 1
10618 10107 1
10443 10108 2
3324 10108 1
10386 10109 1
10335 10110 2
10109 10110 1
10683 10114 1
10878 10116 1
10443 10118 1
10120 10119 1
10834 10121 1
10155 10122 1
10121 10122 1
10497 10122 4
10129 10122 1
10221 10122 1
11041 10123 1
10455 10124 1
9920 10125 1
3375 10126 1
3405 10126 1
10968 10126 3
9349 10127 1
3484 10128 1
10127 10128 1
10775 10128 4
10200 10128 2
10834 10129 1
10497 10130 2
10129 10130 1
3568 10130 1
10700 10131 1
9920 10132 1
9920 10134 1
10878 10136 1
10880 10137 2
10136 10137 1
10882 10138 2
10137 10138 2
10882 10139 2
10137 10139 2
10137 10140 2
9401 10140 2
10399 10141 3
10137 10141 2
10141 10142 3
10399 10142 3
10141 10143 3
10399 10143 3
10399 10144 3
10141 10144 3
10882 10145 2
10137 10145 2
3525 10146 1
10199 10146 1
10467 10146 3
10395 10147 1
10966 10148 1
9766 10149 1
10966 10151 1
10386 10153 1
11048 10154 1
10497 10155 1
10853 10156 1
10853 10157 1
10966 10158 1
9463 10160 1
10162 10161 1
10455 10163 1
10756 10164 1
10358 10166 1
10457 10167 1
10167 10168 1
11286 10168 1
10167 10169 1
11286 10169 1
10664 10170 1
10167 10170 1
10167 10171 1
10664 10171 1
10620 10172 1
10167 10172 1
10167 10173 1
10664 10173 1
11075 10174 1
10756 10175 1
10386 10176 1
10176 10177 1
10335 10177 2
10994 10178 1
10395 10179 1
10732 10180 1
10732 10181 1
10180 10181 1
10180 10182 1
10732 10182 1
9814 10183 1
10862 10184 1
10874 10185 2
10260 10185 1
10185 10186 2
10874 10186 2
10455 10187 1
10620 10188 1
10187 10188 1
9991 10191 1
10406 10194 1
10638 10195 1
10194 10195 1
10457 10196 1
9764 10197 1
10853 10198 2
10197 10198 1
10310 10198 1
11129 10199 1
10199 10200 1
10467 10200 2
10199 10201 1
10467 10201 2
10813 10202 3
10199 10202 1
10282 10202 1
10199 10203 1
10663 10203 1
9463 10204 1
10335 10205 2
10228 10205 1
10205 10206 2
10338 10206 2
11048 10207 1
11050 10208 2
10207 10208 1
3395 10208 1
10192 10209 1
10211 10210 3
9479 10215 1
10215 10216 1
10962 10216 2
10399 10217 2
10216 10217 2
10216 10218 2
10399 10218 2
10834 10221 1
10638 10223 1
11084 10223 1
9562 10224 1
11084 10224 1
9453 10225 1
9804 10226 2
3407 10226 1
10386 10228 1
10423 10229 1
10393 10231 1
10035 10233 1
10707 10234 1
10237 10236 1
10536 10239 1
10452 10240 1
11129 10241 1
10579 10242 1
10579 10243 1
10242 10243 1
10703 10244 1
10452 10245 1
11129 10246 1
11001 10247 1
10707 10248 1
10745 10249 1
10386 10252 1
10335 10253 2
10252 10253 1
10756 10254 1
10834 10255 1
9920 10256 1
9671 10258 3
10874 10259 1
10165 10260 1
10260 10261 1
10874 10261 1
10874 10262 1
10260 10262 1
10874 10263 1
10260 10263 1
10260 10264 1
10874 10264 1
10260 10265 1
10874 10265 1
10874 10266 1
10260 10266 1
10709 10267 1
3464 10268 2
10267 10268 1
10338 10268 3
10830 10269 1
10462 10270 1
9394 10271 1
10395 10272 1
10272 10273 1
10399 10273 1
11004 10275 1
11326 10276 1
10469 10277 1
10276 10277 1
10994 10279 1
10220 10281 1
11129 10282 1
10282 10283 1
10618 10283 2
10282 10284 1
10983 10284 1
10983 10285 1
10282 10285 1
10282 10286 1
10983 10286 1
10282 10287 1
10983 10287 1
10927 10288 1
9763 10289 1
10443 10290 1
10290 10291 1
10862 10291 2
3375 10291 1
11075 10292 1
10836 10293 1
10395 10296 1
3568 10297 1
10497 10297 2
10297 10298 2
10299 10298 2
10497 10299 2
9729 10301 4
10834 10302 1
10531 10303 1
10304 10303 1
10532 10304 1
10966 10305 1
10305 10306 1
10968 10306 1
10756 10308 1
11000 10309 1
11016 10310 1
10756 10311 1
10386 10312 1
3387 10314 1
10467 10314 2
3385 10315 2
10314 10315 2
11256 10315 3
9685 10317 1
10663 10318 1
10828 10319 1
10457 10323 1
10623 10324 1
10323 10324 1
10994 10326 1
3349 10327 1
10732 10327 2
10756 10329 1
10685 10330 1
10756 10332 1
10335 10334 1
11326 10335 6
9573 10335 2
10460 10335 2
10709 10335 1
11001 10335 1
10966 10335 1
10842 10335 2
10973 10335 1
9766 10335 2
10406 10335 13
10386 10335 19
10443 10335 2
10395 10335 10
11279 10336 2
9497 10336 1
11344 10336 15
10865 10336 1
10991 10336 2
3375 10336 1
3347 10336 1
9615 10336 1
10693 10336 1
3340 10336 1
10334 10336 1
10335 10336 27
10336 10337 27
10338 10337 27
10395 10338 1
9976 10338 1
9917 10338 2
10973 10338 1
10709 10338 1
10768 10338 1
10775 10338 2
10772 10338 1
10532 10338 3
11194 10338 2
11248 10338 1
10467 10338 45
9685 10338 1
10966 10338 6
10880 10338 2
10335 10338 36
10334 10339 1
10340 10339 1
11194 10340 2
10335 10340 27
10694 10341 4
9351 10341 1
10334 10341 1
10342 10341 6
9778 10342 2
10709 10342 2
11194 10342 2
10467 10342 36
10460 10342 5
10393 10342 3
10618 10342 8
10464 10342 8
10855 10342 1
10335 10342 57
9788 10343 3
10022 10343 1
10344 10343 5
10395 10344 1
11326 10344 3
10343 10345 5
10344 10345 5
10894 10346 3
10395 10346 11
10351 10346 1
10467 10346 11
11248 10346 2
10348 10347 1
10347 10349 1
10348 10349 1
3349 10350 1
3437 10350 1
11247 10350 1
11159 10350 2
10351 10350 7
11248 10351 4
9783 10352 4
9518 10352 1
9667 10352 2
11159 10352 2
10392 10352 1
11150 10352 1
3349 10352 1
3437 10352 1
10400 10352 2
10199 10352 1
10065 10352 2
3400 10352 1
10902 10352 6
10991 10352 2
9964 10352 1
10630 10352 6
10534 10352 24
10241 10352 1
10396 10352 1
9482 10352 19
9579 10352 1
9918 10352 1
3525 10352 1
10666 10352 1
9898 10352 1
10769 10352 3
10350 10352 6
10353 10352 84
10464 10353 34
11149 10353 6
11326 10353 12
9559 10353 2
11248 10353 5
10966 10353 3
11194 10353 2
9685 10353 1
11006 10353 3
10532 10353 5
10351 10353 6
10813 10353 3
10973 10353 2
10457 10353 1
10460 10353 7
11129 10353 6
10452 10353 1
10880 10353 2
10897 10353 2
9778 10353 2
10894 10353 2
10768 10353 1
10467 10353 2
10406 10353 8
11004 10353 4
10564 10353 25
10393 10353 11
10709 10353 1
10667 10353 1
11151 10353 1
9917 10353 3
9453 10353 4
10395 10353 95
9581 10354 5
10712 10354 2
3464 10354 2
11171 10354 2
10702 10354 22
10357 10354 17
10350 10354 7
10355 10354 39
11075 10355 7
10775 10355 6
10386 10355 1
11248 10355 2
9453 10355 2
10443 10355 4
9582 10355 5
9605 10355 1
9766 10355 1
10703 10355 22
10335 10355 6
10351 10355 7
10702 10356 22
10108 10356 2
3437 10356 1
10789 10356 8
3443 10356 1
10153 10356 1
10794 10356 7
9579 10356 1
3464 10356 2
10357 10356 17
10350 10356 7
10355 10356 36
11171 10357 2
10712 10357 2
10774 10357 6
10350 10357 6
10355 10357 17
11248 10358 1
10359 10358 4
10927 10359 1
10761 10359 13
10467 10359 51
10464 10359 26
9394 10359 1
10358 10359 3
10874 10359 3
10862 10359 4
9559 10359 2
11099 10359 1
10500 10359 59
9469 10359 2
10700 10359 5
11041 10359 1
10361 10360 6
9915 10360 1
11055 10360 1
9545 10360 1
10419 10361 1
10973 10361 15
10363 10362 6
10360 10362 6
10361 10363 35
3534 10363 1
10365 10364 1
10360 10364 1
10373 10365 5
10361 10365 1
10375 10365 4
10363 10365 7
9897 10366 4
9895 10366 3
10447 10366 2
10365 10366 14
11020 10366 7
10360 10366 1
11090 10367 5
10368 10367 6
10973 10368 1
10464 10368 2
9393 10368 1
11129 10368 1
10532 10368 1
10772 10368 1
10443 10368 1
10775 10368 2
11296 10369 1
9392 10369 1
10367 10369 6
11301 10369 3
10368 10369 12
9392 10370 1
10371 10370 12
10369 10370 12
11129 10371 2
10946 10371 3
10836 10371 6
9953 10371 1
10368 10371 12
9606 10371 1
9723 10371 1
10423 10371 1
10880 10371 4
10837 10371 1
10940 10371 3
9605 10371 1
10451 10371 9
10874 10371 1
10393 10371 2
9399 10371 3
10827 10371 2
10358 10371 2
11248 10371 2
10467 10371 20
10878 10371 2
10395 10371 34
10703 10371 10
9713 10371 6
11106 10371 1
10512 10371 1
10732 10371 25
9917 10371 2
10380 10371 51
9716 10371 4
9600 10371 1
9559 10371 2
9635 10371 1
9393 10371 1
10464 10371 26
11085 10371 8
10449 10371 8
10369 10372 12
3549 10372 1
10373 10372 16
9916 10372 2
9392 10372 1
10994 10373 1
9393 10373 1
9851 10373 1
9917 10373 2
9766 10373 1
10237 10373 1
10368 10373 12
9684 10374 1
10372 10374 16
10375 10374 17
10373 10375 22
9685 10375 1
9916 10376 2
3549 10376 1
10373 10376 16
10369 10376 12
10376 10377 16
10375 10377 17
9897 10378 4
10377 10378 17
10375 10378 21
10369 10379 12
10380 10379 12
10467 10380 47
10973 10380 1
10425 10380 4
10880 10380 2
9399 10380 3
9635 10380 2
10368 10380 16
10419 10380 2
10464 10380 2
10382 10381 1
10490 10382 5
10467 10382 1
10393 10382 1
10460 10382 2
10772 10382 1
11129 10382 1
10775 10382 6
10707 10382 1
9917 10382 2
10395 10382 1
10380 10382 8
9635 10382 1
10464 10382 6
10443 10382 1
10124 10383 1
11247 10383 1
3359 10383 1
10381 10383 1
10384 10383 55
10508 10383 47
3554 10383 1
10281 10383 1
9881 10383 1
10874 10384 3
10443 10384 1
9469 10384 1
10597 10384 36
10827 10384 1
10700 10384 1
10395 10384 4
9453 10384 1
9865 10384 1
10497 10384 1
11271 10384 3
11248 10384 1
10454 10384 1
9394 10384 3
9853 10384 1
10380 10384 3
9559 10384 2
10467 10384 51
11099 10384 1
10732 10384 1
10382 10384 2
10753 10384 4
10371 10384 1
10393 10384 1
10836 10384 1
10455 10384 2
10359 10384 48
11326 10384 3
10220 10384 1
10519 10384 50
10386 10385 1
10385 10387 1
10014 10387 1
10335 10387 5
3327 10387 2
11018 10388 1
10194 10388 1
10335 10388 31
9312 10388 3
9882 10388 1
10924 10388 2
11013 10388 1
3445 10388 1
9788 10388 3
3407 10388 1
10387 10388 5
3474 10388 1
3340 10388 1
11179 10388 2
9967 10388 1
9691 10388 1
11126 10388 1
3544 10388 1
9969 10388 1
9821 10388 1
9672 10388 1
10473 10389 37
10041 10389 2
10342 10389 76
10843 10389 4
10388 10389 31
10801 10389 2
11179 10390 2
10403 10390 21
11126 10390 1
10335 10390 28
11013 10390 1
9672 10390 1
10387 10390 5
3474 10390 1
10403 10391 21
10387 10391 5
9788 10391 3
9312 10391 3
10335 10391 32
10393 10392 2
10768 10393 2
10437 10393 1
10827 10393 1
9387 10394 1
9338 10394 2
10534 10394 24
10630 10394 6
10272 10394 1
3460 10394 1
3379 10394 2
10392 10394 1
11042 10394 2
9667 10394 2
11007 10394 2
10590 10394 1
9482 10394 19
10395 10394 95
9491 10394 1
10604 10394 27
10296 10394 1
10400 10394 2
10769 10394 3
10427 10394 55
9783 10394 4
10709 10395 1
10393 10395 8
10946 10395 3
10462 10395 2
11129 10395 1
9453 10395 1
10464 10395 32
9778 10395 4
9600 10395 1
10351 10395 1
10443 10395 1
10894 10395 5
9766 10395 2
10962 10395 4
9399 10395 2
11248 10395 1
10423 10395 1
10842 10395 4
10425 10395 14
10878 10395 6
10392 10396 1
10393 10396 4
10436 10396 1
10396 10397 4
11007 10397 1
10225 10397 1
10296 10397 1
9387 10397 1
3477 10397 1
9452 10397 1
9777 10397 2
3358 10397 1
10353 10397 13
3408 10398 2
10900 10398 3
10396 10398 4
9638 10398 2
10399 10398 14
10991 10398 2
9518 10398 1
10897 10399 2
10467 10399 49
10460 10399 5
10775 10399 6
9917 10399 2
10732 10399 6
10454 10399 2
11248 10399 2
10962 10399 4
10845 10399 3
10395 10399 35
10464 10399 26
10393 10399 10
9399 10399 3
10880 10399 2
10392 10400 1
10393 10400 3
10386 10402 1
9882 10403 1
11126 10403 1
11013 10403 1
10252 10403 1
3474 10403 1
9672 10403 1
9807 10403 1
10841 10403 1
9821 10403 1
10194 10403 1
3407 10403 1
10924 10403 2
3445 10403 1
9967 10403 1
9691 10403 1
3544 10403 1
10335 10403 21
10402 10403 1
9969 10403 1
10340 10404 21
10403 10404 21
10402 10405 1
9910 10405 2
9684 10405 1
11255 10405 2
9533 10405 4
9530 10405 1
10677 10405 1
10247 10405 1
11193 10405 1
10823 10405 1
10406 10405 62
10484 10405 45
9471 10405 2
9984 10405 1
9710 10405 2
10451 10406 9
9735 10406 1
11248 10406 3
11210 10406 1
10393 10406 7
10618 10406 14
10855 10406 1
11129 10406 4
10454 10406 1
11111 10406 1
10564 10406 25
10532 10406 19
11001 10406 1
10663 10406 14
10455 10406 1
10423 10406 3
10425 10406 4
10992 10406 1
10395 10406 6
11016 10406 1
10456 10406 1
9763 10406 1
10467 10406 49
10453 10406 2
10880 10406 4
10768 10406 2
11194 10406 1
10979 10406 1
10452 10406 3
10120 10406 1
9804 10406 4
10457 10406 4
9534 10406 4
10813 10406 3
9917 10406 3
9764 10406 1
9399 10406 3
9685 10406 2
11326 10406 3
10878 10406 2
10852 10406 2
10678 10406 5
11149 10406 2
10386 10406 1
11314 10406 6
10732 10406 3
10406 10407 180
10621 10407 14
3525 10407 1
10824 10407 1
10633 10407 31
10662 10407 12
3474 10407 1
9850 10407 1
10240 10407 1
10310 10407 1
10317 10407 1
10137 10407 2
11053 10407 1
10318 10407 1
9312 10407 3
3384 10407 1
10199 10407 1
10811 10407 4
9734 10407 1
10289 10407 1
10405 10407 62
3400 10407 1
9320 10407 2
11290 10407 3
9444 10407 1
3541 10407 1
9363 10407 9
11313 10407 6
9757 10407 6
9810 10407 4
9602 10407 1
9730 10407 2
10119 10407 1
10440 10407 17
9785 10407 1
10769 10407 3
10327 10407 2
9362 10407 1
3406 10407 1
9999 10407 1
3437 10407 1
11038 10407 1
10502 10407 46
11255 10407 2
3536 10407 1
9666 10407 6
10102 10407 1
11327 10407 1
10226 10407 2
3349 10407 1
10719 10407 16
10677 10407 1
10807 10407 2
11209 10407 1
10767 10407 1
9996 10407 3
10484 10407 45
10197 10407 1
10245 10407 1
9863 10407 1
9916 10407 2
10012 10407 1
9809 10407 1
3408 10407 2
3531 10407 1
10720 10407 19
9930 10407 1
9583 10407 2
10563 10407 25
3495 10407 1
10405 10408 62
10119 10408 1
10317 10408 1
11209 10408 1
10409 10408 67
9661 10408 1
3541 10408 1
10452 10409 2
10467 10409 64
11111 10409 1
10828 10409 9
10395 10409 6
9685 10409 1
10623 10409 3
10618 10409 1
10457 10409 1
9917 10409 3
11016 10409 1
9764 10409 1
11210 10409 1
10878 10409 1
10425 10409 4
10120 10409 1
11326 10409 3
11314 10409 6
9763 10409 1
10406 10409 82
10732 10409 3
10393 10409 4
10663 10409 14
9399 10409 3
9804 10409 2
10852 10409 2
10564 10409 25
10451 10409 9
10813 10409 3
11129 10409 3
11248 10409 3
10992 10409 1
10437 10409 1
10532 10409 18
10880 10409 4
11255 10410 2
9684 10410 1
10484 10410 45
9910 10410 2
9530 10410 1
9730 10410 2
10289 10410 1
9930 10410 1
10226 10410 2
10402 10410 1
10411 10410 58
10732 10411 2
11129 10411 2
10663 10411 2
10855 10411 1
11314 10411 6
10406 10411 1
9534 10411 4
10453 10411 1
11001 10411 1
10451 10411 2
10467 10411 47
10120 10411 1
10452 10411 1
10386 10411 1
9399 10411 3
11194 10411 1
9804 10411 2
9685 10411 2
9763 10411 1
11149 10411 2
10457 10411 4
10564 10411 25
10852 10411 2
10817 10412 10
10823 10412 1
10484 10412 45
10411 10412 104
10410 10412 58
10569 10412 29
10317 10412 1
9844 10412 10
3536 10412 1
9471 10412 2
9533 10412 4
10335 10413 2
10402 10413 1
10342 10414 2
10413 10414 2
10416 10415 2
10209 10415 1
10402 10415 1
10772 10416 1
10386 10416 1
10192 10416 1
10416 10417 2
10402 10417 1
9770 10417 1
10419 10418 1
10973 10419 2
10880 10419 2
10962 10419 5
9685 10419 1
10683 10419 8
10380 10420 1
10418 10420 1
9706 10421 1
10418 10421 1
10380 10421 2
10423 10422 1
9957 10424 1
9809 10424 1
11174 10424 1
10425 10424 7
10422 10424 1
9396 10424 1
10229 10424 1
10423 10425 6
11175 10425 4
10022 10426 1
9491 10426 1
10424 10426 7
10395 10426 42
9755 10426 1
11356 10426 2
10604 10426 27
10272 10426 1
10038 10426 2
9765 10427 1
9817 10427 2
9827 10427 1
9904 10427 1
10136 10427 1
10179 10427 1
10426 10427 42
9360 10427 1
10049 10427 2
10395 10427 55
10116 10427 1
10877 10427 1
10900 10428 3
3408 10428 2
10902 10428 6
10353 10428 66
10965 10428 1
10148 10428 1
9701 10428 1
10427 10428 55
10430 10429 11
9788 10429 3
10137 10429 2
9588 10429 5
10467 10430 47
10395 10430 42
10564 10430 25
10772 10430 3
10897 10430 1
10351 10430 3
9463 10430 3
11248 10430 3
11242 10430 10
9917 10430 2
10880 10430 4
9559 10430 2
10962 10430 2
10464 10430 24
11326 10430 8
10393 10430 2
11029 10431 2
10430 10431 13
10429 10431 11
10430 10432 13
10429 10432 11
11261 10432 2
10430 10433 12
10179 10433 1
10429 10433 11
10430 10434 12
9904 10434 1
10429 10434 11
10430 10435 11
10429 10435 11
10437 10436 1
10438 10439 3
10718 10440 15
10406 10440 17
10199 10440 1
3400 10440 1
10409 10441 144
3349 10441 1
10769 10441 3
9947 10441 2
10807 10441 2
9471 10441 2
9583 10441 2
9999 10441 1
10502 10441 46
9312 10441 3
10073 10441 1
9866 10441 1
10319 10441 1
9730 10441 2
10055 10441 1
3397 10441 1
9363 10441 9
10310 10441 1
10199 10441 1
10484 10441 45
10197 10441 1
9757 10441 6
9661 10441 2
11246 10441 1
9880 10441 1
9550 10441 2
9530 10441 1
9916 10441 2
10811 10441 4
9771 10441 1
10727 10441 20
10506 10441 38
10327 10441 2
3408 10441 2
3536 10441 1
10849 10441 1
3337 10441 1
11255 10441 2
10662 10441 12
10137 10441 2
10102 10441 1
10704 10441 2
9666 10441 6
9951 10441 2
3384 10441 1
3385 10441 2
10996 10441 2
10440 10441 17
9680 10441 1
10633 10441 31
9320 10441 2
10318 10441 1
10719 10441 16
9996 10441 3
10289 10441 1
9317 10441 2
9810 10441 4
10715 10441 14
3437 10441 1
10240 10441 1
10720 10441 19
11313 10441 6
3400 10441 1
10443 10442 1
10774 10444 6
3440 10444 1
10442 10444 1
10355 10444 9
10444 10445 9
10446 10445 9
10355 10446 9
10373 10447 2
9894 10447 1
10447 10448 2
10375 10448 2
11271 10449 3
10464 10449 24
10897 10449 2
9453 10449 1
10522 10449 3
10874 10449 1
9559 10449 2
10827 10449 1
10467 10449 51
10862 10449 1
10358 10449 1
10457 10450 1
10467 10451 4
10450 10451 4
10455 10451 2
10450 10452 4
10450 10453 4
10450 10454 4
11009 10454 5
11151 10454 2
11012 10454 5
11011 10454 5
10450 10455 4
11011 10455 5
9439 10455 5
9527 10456 1
11009 10456 5
10450 10456 4
11011 10456 5
9397 10456 5
10979 10456 2
11011 10457 5
9314 10457 5
11009 10457 5
9397 10457 5
9567 10457 5
10450 10457 4
10459 10458 3
10899 10460 4
10462 10461 1
10461 10463 1
10464 10463 2
9778 10464 2
10462 10464 19
11339 10465 2
10463 10465 2
10464 10465 7
11017 10465 2
11072 10465 1
10463 10466 2
10467 10466 5
9724 10466 2
10923 10467 1
10667 10467 1
10994 10467 1
10464 10467 8
11248 10467 3
10462 10467 2
11129 10467 8
10962 10467 2
10878 10467 1
10772 10467 6
11151 10467 1
10351 10467 1
9399 10467 3
9659 10467 1
10775 10467 8
9559 10467 2
10946 10467 3
10466 10468 5
9466 10468 1
9800 10468 1
10534 10468 24
11311 10468 3
3334 10468 1
11133 10468 2
10807 10468 2
11339 10468 2
3542 10468 1
10469 10468 39
10240 10468 1
11326 10469 2
10452 10469 1
10451 10469 2
10775 10469 2
10467 10469 56
11129 10469 4
10457 10469 1
10393 10469 1
10813 10469 6
10897 10469 2
10464 10469 32
10532 10469 1
10240 10470 1
10469 10470 8
10466 10470 5
11339 10470 2
10167 10471 1
10662 10471 12
9833 10471 1
10617 10471 8
11259 10471 2
10505 10471 36
10392 10471 1
3532 10471 1
10466 10471 5
10807 10471 2
10472 10471 64
11311 10471 3
11339 10471 2
9800 10471 1
10630 10471 6
10959 10471 7
10663 10472 12
10467 10472 45
10464 10472 10
10845 10472 1
10618 10472 8
10393 10472 4
10457 10472 1
10395 10472 1
10466 10473 5
10342 10473 37
11339 10473 2
10505 10473 36
11311 10474 3
10617 10474 8
10680 10474 4
11259 10474 2
9777 10474 2
9800 10474 1
11339 10474 2
10342 10474 53
11123 10474 1
10392 10474 1
10473 10474 37
9833 10474 1
10473 10475 37
11171 10475 2
10342 10475 39
10473 10476 37
9984 10476 1
10342 10476 39
9351 10476 1
3333 10476 1
10473 10477 37
10342 10477 39
3327 10477 2
10041 10478 2
10342 10478 39
10473 10478 37
10473 10479 37
10177 10479 2
10342 10479 41
10110 10479 2
10342 10480 40
10802 10480 3
10473 10480 37
10802 10481 3
10473 10481 37
10342 10481 40
10473 10482 37
10802 10482 3
11123 10482 1
10342 10482 41
10473 10483 37
11195 10483 2
10342 10483 39
10467 10484 45
10505 10484 36
10466 10484 5
3385 10484 2
10997 10484 3
10718 10484 15
10631 10484 25
9317 10484 2
9936 10485 2
9684 10485 1
10305 10485 1
9941 10485 2
10148 10485 1
10965 10485 2
10718 10485 15
9351 10485 1
10158 10485 1
10484 10485 45
9701 10485 1
9916 10485 2
9583 10485 2
10338 10485 61
3542 10485 1
3454 10485 1
11296 10485 1
10216 10486 2
3525 10486 1
10467 10486 51
3454 10486 1
9317 10486 2
10631 10486 25
10484 10486 45
9550 10486 2
10071 10486 1
10997 10487 3
11150 10487 1
10666 10487 1
10241 10487 1
10715 10487 14
10467 10487 56
9898 10487 1
10807 10487 2
11311 10487 3
9985 10487 2
10216 10487 2
9964 10487 1
3397 10487 1
3525 10487 1
10199 10487 1
10486 10487 51
10630 10488 6
9466 10488 1
10399 10488 77
9638 10488 2
10146 10488 3
3334 10488 1
10889 10488 6
11017 10488 2
10534 10488 24
10484 10488 45
11134 10488 3
3334 10489 1
9462 10489 1
10216 10489 2
3525 10489 1
9874 10489 1
10774 10489 6
10484 10489 45
11145 10489 3
3532 10489 1
10071 10489 1
9999 10489 1
3454 10489 1
9818 10489 1
10396 10489 1
9916 10489 2
9947 10489 2
10490 10489 63
9935 10489 1
3542 10489 1
3397 10489 1
10467 10490 56
10830 10490 1
10464 10490 6
10512 10490 3
10744 10490 1
10707 10490 1
10772 10490 3
10775 10490 8
10845 10490 4
10897 10490 1
10460 10490 5
10443 10490 1
10962 10490 5
9463 10490 1
10393 10490 4
10380 10490 2
11129 10490 2
10813 10490 3
10836 10490 1
9917 10490 2
10532 10490 3
10430 10491 45
10484 10491 45
9941 10492 2
3525 10492 1
10469 10492 47
10484 10492 45
10484 10493 45
9941 10493 2
10494 10493 46
10775 10494 2
10467 10494 45
10484 10495 45
10380 10495 46
10497 10496 46
10495 10496 46
10380 10497 46
10467 10497 15
10834 10497 3
9354 10497 1
9916 10498 2
11122 10498 2
11311 10498 3
9997 10498 1
9634 10498 1
9760 10498 1
9913 10498 2
10371 10498 121
9985 10498 2
9697 10498 1
11289 10498 3
3379 10498 2
9677 10498 1
9832 10498 3
10604 10498 27
11244 10498 1
9744 10498 1
3349 10498 1
9996 10498 3
11092 10498 2
9363 10498 9
10022 10498 1
3397 10498 1
10945 10498 3
10534 10498 24
9979 10498 1
9999 10498 1
10590 10498 1
10495 10498 46
10327 10498 2
10729 10498 15
10137 10498 2
9755 10498 1
10731 10498 20
9583 10498 2
3385 10498 2
10259 10498 1
10630 10498 6
10102 10498 1
3486 10499 3
10500 10499 59
10484 10499 45
10517 10499 48
10467 10500 45
10516 10500 48
10359 10500 2
10497 10500 3
10359 10501 100
11133 10501 2
9985 10501 2
10557 10501 48
10630 10501 6
10560 10501 46
9546 10501 1
10556 10501 42
10499 10501 59
10484 10502 45
10406 10502 46
10502 10503 46
10631 10503 25
10720 10503 19
10504 10503 50
10505 10503 36
11041 10504 1
10467 10504 37
10618 10504 8
10359 10504 5
9394 10504 1
10406 10504 50
10464 10504 26
10772 10504 1
10639 10505 32
9675 10505 2
10467 10505 36
10466 10505 5
11311 10505 3
11339 10505 2
10505 10506 36
10467 10506 38
10484 10506 1
10642 10507 9
10282 10507 1
10484 10507 1
10467 10507 41
3525 10507 1
11309 10507 1
11338 10507 1
10718 10507 15
10631 10507 25
10505 10507 36
10507 10508 41
9550 10508 2
10467 10508 47
10670 10508 3
10887 10509 2
10557 10509 48
10533 10509 5
10556 10509 42
10508 10509 47
11133 10509 2
9546 10509 1
10558 10509 49
10359 10509 90
9515 10509 1
11261 10509 2
10560 10509 46
10873 10509 2
3535 10509 1
10630 10509 6
10359 10510 92
9818 10510 1
10560 10510 46
10123 10510 1
10508 10510 47
10630 10510 6
10561 10510 49
10100 10510 1
9546 10510 1
3518 10510 1
10556 10510 42
9955 10511 2
9947 10511 2
3385 10511 2
10939 10511 3
3397 10511 1
9916 10511 2
10670 10511 3
9550 10511 2
9810 10511 4
11083 10511 1
9857 10511 1
11339 10511 2
10771 10511 1
10534 10511 24
10282 10511 1
9400 10511 4
3542 10511 1
11331 10511 1
10127 10511 1
10630 10511 6
3437 10511 1
10508 10511 47
10889 10511 6
9898 10511 1
10201 10511 2
10512 10511 100
10715 10511 14
10123 10511 1
9964 10511 1
3459 10511 1
9837 10511 1
9694 10511 1
9935 10511 1
11296 10511 1
9317 10511 2
10199 10511 1
3454 10511 1
9401 10512 4
9917 10512 2
10467 10512 53
10732 10512 6
9349 10512 4
10772 10512 3
11041 10512 1
10443 10512 2
11129 10512 4
10973 10512 2
11248 10512 1
10464 10512 26
10532 10512 1
10940 10512 3
10425 10512 4
9861 10513 1
11270 10513 3
11261 10513 2
9985 10513 2
10534 10513 24
10449 10513 78
10998 10513 2
10508 10513 47
3494 10513 1
9466 10513 1
10999 10513 3
9704 10513 1
9878 10513 1
9565 10513 1
3334 10513 1
10508 10514 47
10518 10514 50
3477 10514 1
9979 10514 1
10998 10514 2
11092 10514 2
10187 10514 1
9864 10514 1
9997 10514 1
10699 10514 1
10384 10514 69
10022 10514 1
9985 10514 2
10033 10514 4
11261 10514 2
9901 10514 1
10799 10514 1
11274 10514 3
10534 10515 24
10516 10515 69
10998 10515 2
11261 10515 2
10508 10515 47
10464 10516 24
10467 10516 51
10519 10516 5
10508 10517 47
10516 10517 48
9958 10518 1
10519 10518 50
10688 10518 1
10508 10518 47
10689 10519 2
10359 10519 8
10467 10519 47
10699 10520 1
10396 10520 1
9874 10520 1
10384 10520 114
9788 10520 3
9948 10520 3
3535 10520 1
10383 10520 1
9871 10520 1
10271 10520 1
10556 10520 42
10557 10520 48
9877 10520 1
9546 10520 1
10599 10520 36
10518 10520 50
10560 10520 46
11309 10520 1
9515 10520 1
9839 10520 1
10522 10521 47
10508 10521 47
10519 10522 5
10467 10522 49
10505 10523 36
10630 10523 6
10469 10523 36
11339 10523 2
11152 10524 2
10525 10524 40
10505 10524 36
10718 10524 15
10454 10525 2
10547 10525 31
10848 10525 1
11190 10525 2
11148 10525 1
10532 10525 4
10393 10525 1
9359 10525 1
10504 10525 9
10827 10525 1
9487 10525 1
9917 10525 2
10455 10525 1
9766 10525 1
10579 10525 25
9804 10525 2
10437 10525 1
10035 10525 1
9926 10525 1
10464 10525 6
11335 10525 3
10962 10525 5
10395 10525 3
9682 10525 1
9534 10525 4
10472 10525 1
10467 10525 37
10531 10526 1
10961 10526 5
10630 10526 6
10578 10526 25
10471 10526 1
9979 10526 1
10525 10526 82
10546 10526 31
9999 10526 1
9405 10526 2
3347 10526 1
9784 10526 3
9320 10526 2
10524 10526 40
9358 10526 1
10022 10526 1
10525 10527 66
9880 10527 1
3530 10527 1
9968 10527 2
10524 10527 40
10629 10527 9
9320 10527 2
3551 10527 1
9486 10527 1
9531 10527 2
3542 10527 1
9916 10527 2
9979 10527 1
10187 10527 1
9533 10527 4
10233 10527 1
9681 10527 1
9999 10527 1
10529 10528 36
10505 10528 36
10467 10529 36
10464 10529 6
9955 10530 2
10505 10530 36
10529 10530 38
10997 10531 3
11339 10531 2
9810 10531 4
10631 10531 25
10216 10531 2
9398 10531 3
9583 10531 2
10718 10531 15
10532 10531 46
10466 10531 5
9525 10532 1
10464 10532 2
10880 10532 2
10467 10532 32
9399 10532 3
10994 10532 1
10772 10532 1
10425 10532 4
9600 10532 1
10962 10532 2
10653 10533 3
10464 10533 5
10463 10533 2
10464 10534 24
10533 10534 5
11259 10534 2
10463 10534 2
9908 10534 2
9440 10534 2
9675 10534 2
3331 10534 1
11104 10534 1
9955 10534 2
9738 10534 2
11017 10534 2
11339 10534 2
10536 10535 60
3331 10535 1
9830 10535 2
10239 10535 1
10604 10535 27
10187 10535 1
10534 10535 24
9781 10535 3
10543 10535 28
10034 10535 2
9777 10535 2
9783 10535 4
10590 10535 1
9667 10535 2
10630 10535 6
9869 10535 1
9817 10535 2
10991 10535 2
11032 10535 11
10464 10536 36
9778 10536 6
10455 10536 1
10830 10536 2
11184 10536 6
10842 10536 1
10836 10536 1
10460 10536 2
9766 10536 2
10837 10536 1
10395 10536 28
10703 10536 7
10467 10536 1
10462 10536 7
10707 10536 4
10756 10536 1
11033 10536 11
9667 10537 2
10630 10537 6
10167 10537 1
10534 10537 24
10469 10537 48
10718 10537 15
10199 10537 1
9783 10537 4
10902 10538 6
10167 10538 1
9466 10538 1
3334 10538 1
10534 10538 24
10353 10538 33
10239 10539 1
3331 10539 1
11072 10539 1
9511 10539 5
9830 10539 2
10461 10539 1
10536 10539 52
10534 10539 24
9777 10539 2
11032 10539 11
3504 10539 1
10187 10539 1
9817 10539 2
9869 10539 1
9781 10539 3
10630 10539 6
10123 10540 1
10504 10540 32
11311 10540 3
10071 10540 1
3397 10540 1
10630 10540 6
10534 10540 24
11065 10541 7
10034 10541 2
9511 10541 5
3331 10541 1
9777 10541 2
9783 10541 4
10604 10541 27
10991 10541 2
3347 10541 1
10657 10541 8
10543 10541 28
10534 10541 24
9667 10541 2
10542 10541 61
10187 10541 1
10658 10542 8
10703 10542 7
10830 10542 1
10462 10542 1
11184 10542 5
10460 10542 2
10395 10542 27
10455 10542 1
10845 10542 7
10464 10542 32
10842 10542 1
9766 10542 1
9778 10542 4
9777 10543 2
10534 10543 24
10464 10543 28
9762 10543 1
10353 10544 34
10543 10544 28
10902 10544 6
10239 10545 1
11258 10545 1
9869 10545 1
9521 10545 1
10794 10545 7
10234 10545 1
10149 10545 1
9954 10545 1
10248 10545 1
10543 10545 28
9765 10545 1
10007 10545 1
9805 10545 1
9965 10545 1
3547 10545 1
3514 10545 1
9783 10545 4
10056 10545 1
3332 10545 1
10536 10545 59
10534 10545 24
10795 10545 10
9777 10545 2
11183 10545 1
10604 10545 27
9848 10545 1
9667 10545 2
10547 10546 31
10543 10546 28
9667 10546 2
10464 10547 30
10676 10547 3
10547 10548 31
10546 10548 31
10546 10549 31
10550 10549 31
10547 10550 31
10959 10551 7
10469 10551 31
10534 10551 24
10469 10552 26
10630 10552 6
10534 10552 24
10534 10553 24
11261 10553 2
9638 10553 2
10399 10553 28
10399 10554 29
10534 10554 24
9638 10554 2
11261 10554 2
9491 10554 1
10022 10555 1
9638 10555 2
10534 10555 24
10399 10555 28
11261 10555 2
10679 10556 1
10359 10556 42
10166 10556 1
9835 10556 1
3535 10556 1
10873 10556 2
10699 10556 1
9973 10556 1
10534 10556 24
11261 10556 2
3573 10556 1
10887 10556 2
3571 10556 1
10131 10556 1
9420 10556 1
9985 10556 2
10887 10557 2
9985 10557 2
10534 10557 24
9546 10557 1
9973 10557 1
10556 10557 42
10560 10557 46
11261 10557 2
10359 10557 48
10557 10558 48
10359 10558 49
10561 10559 49
10359 10559 51
10699 10559 1
10558 10559 49
10887 10560 2
10873 10560 2
10861 10560 3
9985 10560 2
10534 10560 24
10359 10560 47
10556 10560 42
11261 10560 2
9973 10560 1
10699 10561 1
10184 10561 1
10556 10561 42
10359 10561 49
10560 10561 46
9546 10561 1
10430 10562 52
10022 10562 1
10604 10562 27
11261 10562 2
10534 10562 24
10948 10562 6
10071 10562 1
10216 10562 2
10563 10562 25
11241 10562 10
9935 10562 1
3454 10562 1
9462 10562 1
3334 10562 1
9379 10562 2
10564 10563 25
10534 10563 24
10994 10564 1
10464 10564 24
10563 10565 25
10566 10565 27
10024 10565 2
10351 10566 3
10423 10566 5
10395 10566 28
11326 10566 3
10425 10566 8
10467 10566 2
10464 10566 24
10564 10566 27
9691 10567 1
9821 10567 1
9969 10567 1
3544 10567 1
11013 10567 1
10563 10567 25
9672 10567 1
3445 10567 1
10924 10567 2
9999 10567 1
9379 10567 2
9320 10567 2
10353 10567 39
10563 10568 25
9947 10568 2
3525 10568 1
10409 10568 33
10947 10568 4
11277 10568 1
10411 10569 29
10563 10569 25
9710 10569 2
11193 10569 1
10563 10570 25
10566 10570 25
10566 10571 25
10563 10571 25
11159 10572 2
10566 10572 26
10534 10572 24
10534 10573 24
10566 10573 26
11261 10573 2
10575 10574 25
10534 10574 24
3332 10574 1
10707 10575 1
10464 10575 24
10399 10576 28
10630 10576 6
10534 10576 24
9638 10576 2
10534 10577 24
10575 10577 25
3332 10577 1
10579 10578 25
10534 10578 24
10464 10579 24
9727 10579 2
11129 10579 1
10732 10579 6
10395 10579 4
10393 10579 1
10775 10579 8
10578 10580 25
10579 10580 32
10889 10580 6
10580 10581 32
9941 10581 2
10579 10581 34
10578 10582 25
10889 10582 6
10774 10582 6
10579 10582 39
3525 10582 1
3447 10582 1
10578 10583 25
10584 10583 25
10579 10584 25
10658 10584 8
11190 10584 2
10578 10585 25
10579 10585 25
10578 10586 25
10579 10586 25
10578 10587 25
10579 10587 25
9638 10588 2
11261 10588 2
10399 10588 28
10534 10588 24
10399 10589 26
10534 10589 24
9638 10589 2
10022 10590 1
10534 10590 24
10395 10590 27
3379 10591 2
11296 10591 1
9916 10591 2
10590 10591 27
10353 10591 47
3542 10591 1
9906 10591 1
11046 10591 3
10604 10591 27
3460 10591 1
11261 10591 2
9338 10591 2
9913 10591 2
10812 10591 3
10534 10591 24
10534 10592 24
10353 10592 30
10902 10592 6
10137 10593 2
10590 10593 1
10534 10593 24
3379 10593 2
10267 10593 1
9985 10593 2
10353 10593 40
10022 10593 1
10604 10593 27
10902 10593 6
10399 10594 27
3400 10594 1
9638 10594 2
10534 10594 24
10534 10595 24
9638 10595 2
10399 10595 26
10259 10596 1
10022 10596 1
9848 10596 1
10597 10596 28
9997 10596 1
10534 10596 24
10464 10597 24
9917 10597 2
10927 10597 1
10707 10597 1
9635 10597 1
10874 10597 1
10395 10597 1
10393 10597 2
9900 10597 2
10732 10597 20
10756 10597 7
10836 10597 2
10380 10597 15
10259 10598 1
10534 10598 24
10597 10598 28
10022 10598 1
9848 10598 1
10090 10598 1
11026 10599 1
9848 10599 1
10022 10599 1
10332 10599 1
10597 10599 36
10062 10599 1
9997 10599 1
10175 10599 1
9516 10599 1
10308 10599 1
10311 10599 1
10534 10599 24
10248 10599 1
10396 10600 1
10597 10600 28
10022 10600 1
9999 10600 1
10534 10600 24
9799 10600 2
10534 10601 24
10022 10601 1
10396 10601 1
9799 10601 2
10597 10601 28
9999 10601 1
9999 10602 1
10597 10602 51
9634 10602 1
10534 10602 24
10731 10602 20
10396 10602 1
10729 10602 15
9916 10602 2
10022 10602 1
10731 10603 20
10597 10603 50
10396 10603 1
10022 10603 1
10534 10603 24
10729 10603 15
9916 10603 2
9999 10603 1
10395 10604 27
10534 10604 24
3375 10604 1
10022 10604 1
10430 10605 32
9518 10605 1
10604 10605 27
10396 10605 1
9916 10605 2
9935 10605 1
9595 10606 1
9715 10606 4
9979 10606 1
11122 10606 2
9717 10606 5
9985 10606 2
10396 10606 1
11289 10606 3
10590 10606 1
10731 10606 20
9634 10606 1
3376 10606 2
9916 10606 2
10604 10606 27
10729 10606 15
9565 10606 1
10371 10606 69
9712 10606 4
10604 10607 27
10141 10607 3
10399 10607 30
10399 10608 28
10604 10608 27
9638 10608 2
10604 10609 27
9638 10609 2
10399 10609 28
10024 10610 2
10604 10610 27
10566 10610 28
10022 10611 1
10399 10611 28
9638 10611 2
10604 10611 27
10371 10612 31
10604 10612 27
3390 10612 1
3400 10612 1
3525 10612 1
9503 10612 1
9491 10613 1
10000 10613 2
10022 10613 1
3379 10613 2
11029 10613 2
10430 10613 46
10137 10613 2
9583 10613 2
10604 10613 27
3349 10613 1
9788 10613 3
9756 10613 4
9588 10613 5
9985 10613 2
10430 10614 29
10604 10614 27
10000 10614 2
3379 10615 2
10399 10615 28
10022 10615 1
10534 10615 24
10399 10616 36
9330 10616 4
10985 10616 3
10141 10616 3
10615 10616 28
9638 10616 2
10618 10617 8
11339 10617 2
10533 10617 5
10463 10617 2
10467 10618 2
10667 10618 1
10464 10618 7
11129 10618 4
10620 10619 8
10617 10619 8
10457 10620 5
10451 10620 2
10454 10620 3
10618 10620 16
10456 10620 3
10455 10620 1
10979 10620 1
10467 10620 5
10617 10621 8
11133 10621 2
10283 10621 2
10618 10621 14
9414 10621 2
11038 10622 1
10621 10622 14
9362 10622 1
10245 10622 1
9863 10622 1
9850 10622 1
10823 10622 1
10623 10622 21
9785 10622 1
10455 10623 1
10457 10623 3
10451 10623 9
10456 10623 1
10454 10623 1
10453 10623 2
10618 10623 14
10452 10623 1
10621 10624 14
10167 10624 1
9472 10624 3
10623 10624 24
9471 10624 2
9363 10624 9
9362 10624 1
10187 10624 1
10621 10625 14
3474 10625 1
10626 10625 15
9494 10626 1
10467 10626 19
10618 10626 14
11129 10626 1
10406 10626 5
10620 10627 24
10617 10627 8
11311 10627 3
9741 10627 3
9435 10627 2
11157 10627 3
10807 10627 2
9769 10627 1
10654 10627 1
10323 10627 1
10617 10628 8
10620 10628 8
10504 10629 9
10617 10629 8
10464 10630 6
10922 10630 1
11339 10630 2
10463 10630 2
10467 10631 25
10630 10631 6
9898 10631 1
11311 10631 3
10715 10631 14
10406 10632 30
10718 10632 15
3400 10632 1
9964 10632 1
10631 10632 25
10632 10633 30
10406 10633 31
9329 10634 2
10240 10634 1
9684 10634 1
11339 10634 2
9936 10634 2
3349 10634 1
9583 10634 2
9755 10634 1
9357 10634 1
10997 10634 3
9709 10634 1
9810 10634 4
10071 10634 1
9530 10634 1
9398 10634 3
10631 10634 25
10635 10634 48
10423 10635 1
11248 10635 3
10425 10635 4
10772 10635 1
10973 10635 1
9399 10635 3
9685 10635 1
10897 10635 1
11129 10635 1
10467 10635 28
10880 10635 2
10532 10635 2
10419 10635 2
10464 10635 2
10452 10635 1
3400 10636 1
10634 10636 48
10635 10636 50
10638 10637 50
10636 10637 50
10406 10638 26
10635 10638 51
9559 10638 2
10709 10638 11
10395 10638 1
9985 10639 2
10631 10639 25
10467 10639 32
10642 10639 9
9964 10639 1
10529 10640 32
10639 10640 32
10382 10641 8
9530 10641 1
3332 10641 1
10630 10641 6
10467 10642 9
10630 10642 6
11339 10642 2
9724 10642 2
10469 10643 6
10630 10643 6
10630 10644 6
10959 10644 7
11017 10644 2
10469 10644 18
10199 10644 1
11133 10644 2
10469 10645 9
10820 10645 3
10630 10645 6
10630 10646 6
10342 10646 11
10900 10646 3
10065 10646 2
10469 10647 7
10199 10647 1
10630 10647 6
10342 10648 10
10630 10648 6
11171 10648 2
10403 10648 1
10177 10648 2
10463 10649 2
10566 10649 2
3397 10650 1
9947 10650 2
10715 10650 14
9874 10650 1
9999 10650 1
9941 10650 2
3542 10650 1
10900 10650 3
10463 10650 2
3525 10650 1
3508 10650 1
11134 10650 3
9965 10650 1
9997 10650 1
11017 10650 2
3532 10650 1
10490 10650 35
10652 10651 4
10463 10651 2
11017 10651 2
10393 10652 1
10464 10652 4
10732 10652 6
10467 10652 2
10775 10652 6
11129 10652 1
10897 10652 1
10462 10653 3
10461 10653 1
11072 10653 1
10457 10654 1
10656 10655 3
10658 10657 8
10794 10657 7
9888 10658 1
10703 10658 7
10858 10658 2
10584 10659 8
10657 10659 8
10661 10660 11
10789 10660 8
10657 10660 8
10658 10661 8
9676 10661 1
10703 10661 8
9726 10661 2
10660 10662 11
10199 10662 1
10663 10662 12
10661 10663 11
11129 10663 1
10467 10664 2
10457 10664 1
10335 10665 4
10467 10665 2
10667 10666 1
10666 10668 1
11169 10668 1
9530 10668 1
10669 10668 4
11156 10668 1
11129 10669 2
10667 10669 2
11169 10670 1
10666 10670 1
10467 10670 3
10672 10671 1
11318 10672 4
9467 10672 1
10671 10673 1
10672 10673 1
10675 10674 6
10676 10675 11
10454 10675 1
10678 10677 1
10358 10679 1
10712 10680 2
10247 10680 1
10335 10680 4
10683 10682 1
10932 10684 1
11083 10684 1
10419 10684 9
3496 10684 1
11131 10684 1
9630 10684 1
9860 10684 1
10682 10684 1
10089 10684 1
10114 10684 1
10687 10686 3
10689 10688 1
10423 10690 1
9809 10691 1
3406 10691 1
10012 10691 1
10566 10691 4
10690 10691 1
10460 10692 5
9887 10692 1
10386 10693 1
10335 10694 4
10693 10694 1
10110 10694 2
10335 10695 2
3340 10695 1
10693 10695 1
10697 10696 2
10693 10696 1
3340 10696 1
10676 10697 3
10386 10697 2
9721 10697 1
10700 10699 1
10384 10701 1
10699 10701 1
10108 10702 2
9413 10702 2
10789 10702 8
10244 10702 1
10060 10702 1
11076 10702 1
9580 10702 2
3418 10702 1
10703 10702 22
3443 10702 1
10794 10702 7
10971 10702 1
11248 10703 1
10775 10703 6
9605 10703 1
9453 10703 3
11075 10703 7
10443 10703 2
10467 10704 2
10959 10704 1
10707 10706 1
10745 10707 4
10709 10708 11
10161 10708 1
9565 10708 1
10302 10708 1
9604 10708 1
9355 10708 1
10851 10708 1
10191 10708 1
10706 10708 1
10269 10708 1
9631 10708 1
10830 10709 1
10835 10709 1
10834 10709 1
10744 10709 1
9873 10709 1
3394 10709 1
10831 10709 1
10162 10709 1
9991 10709 1
10707 10709 1
10826 10709 1
10741 10709 1
10827 10709 1
10638 10710 18
9568 10710 1
10734 10710 6
10708 10710 11
9985 10711 2
10708 10711 11
10638 10711 18
10734 10711 6
10335 10712 2
10153 10712 1
10656 10714 3
10058 10715 2
10467 10715 14
10773 10715 13
10773 10716 13
10774 10716 6
3542 10716 1
10715 10716 14
9916 10716 2
10392 10716 1
3397 10716 1
3532 10716 1
9999 10716 1
10216 10716 2
11339 10716 2
10396 10716 1
9874 10716 1
3332 10716 1
3385 10716 2
10490 10716 30
3532 10717 1
10812 10717 3
10490 10717 23
10715 10717 14
9462 10717 1
3542 10717 1
9916 10717 2
9999 10717 1
10467 10718 15
10715 10718 14
10532 10719 16
10718 10719 15
3542 10720 1
10240 10720 1
10718 10720 15
10406 10720 19
10187 10720 1
3568 10721 1
10497 10721 16
10718 10721 15
3568 10722 1
10718 10722 15
10497 10722 16
10718 10723 15
10497 10723 15
10715 10724 14
10371 10724 14
10626 10725 14
10715 10725 14
10199 10726 1
3525 10726 1
10467 10726 18
10715 10726 14
9569 10726 1
11145 10726 3
10467 10727 20
3385 10727 2
10715 10727 14
9941 10727 2
10216 10727 2
11339 10728 2
9999 10728 1
10490 10728 32
9916 10728 2
9874 10728 1
3542 10728 1
11246 10728 1
9947 10728 2
10216 10728 2
9530 10728 1
9446 10728 3
10727 10728 20
3397 10728 1
10380 10729 15
10715 10729 14
10371 10730 38
3397 10730 1
9595 10730 1
11289 10730 3
3524 10730 1
3376 10730 2
10396 10730 1
10765 10730 5
9715 10730 4
10731 10730 20
9916 10730 2
9712 10730 4
10729 10730 15
9634 10730 1
9518 10731 1
10715 10731 14
10732 10731 20
9826 10731 5
10380 10732 5
11248 10732 2
10532 10732 1
10467 10732 14
10775 10732 2
11109 10732 1
10460 10732 2
11326 10732 5
10022 10733 1
10371 10733 21
10731 10733 20
9984 10734 1
9636 10734 3
3560 10734 1
10406 10734 6
10734 10735 6
10736 10735 6
9467 10736 1
9754 10736 2
10406 10736 6
9573 10736 1
10738 10737 7
10734 10737 6
3544 10737 1
11111 10738 1
10406 10738 18
9391 10738 1
10736 10738 2
11081 10738 2
10828 10738 1
10734 10739 6
10638 10739 6
10407 10740 1
3329 10740 1
10734 10740 6
10738 10740 8
3560 10740 1
10743 10742 4
10745 10744 4
3476 10746 1
10747 10746 2
11170 10747 1
10749 10748 2
10746 10748 2
10747 10749 2
10746 10750 2
10749 10750 2
10358 10751 1
10358 10752 3
11147 10752 2
10751 10752 1
10395 10753 4
10756 10755 1
10745 10756 4
10175 10757 1
10332 10757 1
10129 10757 1
10062 10757 1
9340 10757 1
9516 10757 1
10311 10757 1
10191 10757 1
3572 10757 1
3398 10757 1
10234 10757 1
3332 10757 1
10308 10757 1
10329 10757 1
11257 10757 1
10164 10757 1
11200 10757 1
3535 10757 1
11026 10757 1
10248 10757 1
10254 10757 1
10758 10757 23
10755 10757 1
10756 10758 16
10834 10758 1
10703 10758 1
10707 10758 3
11099 10758 1
9991 10758 1
10757 10759 23
10758 10759 23
10359 10760 4
10763 10762 9
11209 10762 1
10885 10762 7
10884 10763 5
11248 10763 1
11210 10763 2
10762 10764 9
10763 10764 10
3382 10764 1
10371 10765 5
9715 10765 4
10768 10767 1
11327 10769 1
10393 10769 3
10767 10769 1
9918 10770 1
10902 10770 6
10353 10770 10
10769 10770 3
10772 10771 1
10774 10773 6
10467 10773 13
10771 10773 1
9490 10773 6
10775 10774 6
10058 10774 2
9569 10774 1
10199 10774 1
10771 10774 1
9873 10775 1
10772 10775 3
9349 10775 3
10467 10775 2
11111 10775 1
9820 10775 1
11129 10775 2
3397 10776 1
10774 10776 6
9874 10776 1
9530 10776 1
9491 10776 1
10382 10776 10
10778 10777 6
9569 10777 1
10774 10777 6
10775 10778 6
10676 10778 3
9530 10779 1
9874 10779 1
10774 10779 6
10490 10779 8
10774 10780 6
10778 10780 6
9569 10780 1
10490 10781 8
9874 10781 1
10774 10781 6
9530 10781 1
10774 10782 6
10778 10782 6
9569 10782 1
3386 10783 3
3332 10783 1
10382 10783 16
10774 10783 6
10071 10783 1
3397 10783 1
9874 10783 1
10065 10783 2
9530 10783 1
10774 10784 6
10778 10784 6
9569 10784 1
10065 10785 2
3397 10785 1
9936 10785 2
9947 10785 2
9859 10785 2
3532 10785 1
11339 10785 2
3332 10785 1
10071 10785 1
10774 10785 6
10490 10785 22
9874 10785 1
9530 10785 1
10652 10786 7
10774 10786 6
3525 10786 1
10774 10787 6
9638 10787 2
10399 10787 8
9916 10788 2
3397 10788 1
10490 10788 23
10961 10788 5
10400 10788 1
10071 10788 1
9874 10788 1
9947 10788 2
9530 10788 1
9941 10788 2
10065 10788 2
10774 10788 6
10053 10789 1
10703 10789 8
10774 10789 6
10053 10790 1
10703 10790 10
10789 10790 8
9580 10790 2
9998 10791 1
9580 10791 2
3540 10791 1
10293 10791 1
9848 10791 1
10053 10791 1
3481 10791 1
9997 10791 1
10789 10791 8
9310 10791 1
9934 10791 1
10371 10791 18
10355 10792 9
10108 10792 2
10774 10792 6
10174 10793 1
10225 10793 1
9460 10793 1
10355 10793 20
11074 10793 1
9899 10793 1
10792 10793 9
3347 10793 1
3489 10793 1
10053 10793 1
3439 10793 1
10292 10793 1
3477 10793 1
10703 10794 7
10774 10794 6
3547 10795 1
10536 10795 10
10794 10795 7
9805 10795 1
9805 10796 1
10542 10796 9
3547 10796 1
10794 10796 7
3547 10797 1
10794 10797 7
9805 10797 1
9777 10797 2
10542 10797 11
9638 10798 2
10774 10798 6
9800 10798 1
10399 10798 9
10732 10799 1
10386 10800 1
10335 10801 2
10800 10801 1
10342 10802 3
10801 10802 2
10804 10803 1
10803 10805 1
10804 10805 1
9918 10806 1
10394 10806 1
10338 10806 2
10241 10807 1
10467 10807 2
10807 10808 2
10469 10808 3
9845 10808 1
10810 10809 5
11133 10809 2
10959 10809 1
10807 10809 2
10467 10810 5
3400 10811 1
10406 10811 4
10807 10811 2
10807 10812 2
10813 10812 3
9804 10813 2
11129 10813 2
10775 10813 2
10467 10813 2
10968 10813 1
10807 10814 2
10820 10814 3
10469 10814 6
11311 10814 3
10665 10815 2
10807 10815 2
10665 10816 2
10807 10816 2
10807 10817 2
11313 10817 6
3474 10817 1
10411 10817 10
10469 10818 2
10807 10818 2
10346 10819 3
10807 10819 2
9404 10819 1
10469 10820 3
10807 10820 2
10469 10821 3
10820 10821 3
10469 10822 3
10820 10822 3
10453 10823 1
9471 10824 2
10823 10824 1
10406 10824 6
3400 10824 1
9530 10824 1
10542 10825 4
10745 10826 4
10745 10827 4
10745 10828 4
10371 10828 1
10597 10828 1
10745 10829 4
10373 10829 1
10745 10830 4
10745 10831 4
10745 10832 4
10745 10833 4
9873 10834 1
10745 10834 4
10371 10835 1
10745 10835 4
10395 10835 1
10638 10835 1
10361 10835 1
10335 10835 1
10338 10835 1
10745 10836 4
10745 10837 4
10839 10838 2
10840 10838 1
9467 10838 1
10842 10841 1
9807 10843 1
10335 10843 4
10252 10843 1
10841 10843 1
10841 10844 1
10845 10844 2
10467 10845 5
9458 10845 1
10842 10845 11
9766 10845 1
11068 10846 1
10847 10846 3
10844 10846 2
10845 10847 33
10395 10847 2
10828 10849 1
9514 10850 2
9513 10850 2
10831 10851 1
10853 10852 4
9735 10852 1
11016 10853 1
9764 10853 1
10532 10853 2
10854 10855 1
9356 10855 2
10857 10856 3
10467 10860 1
11078 10860 1
10335 10860 2
10043 10861 2
10862 10861 3
10359 10862 4
9766 10862 1
11107 10862 4
10443 10862 1
11027 10862 2
10443 10865 1
10395 10866 4
9994 10866 2
10865 10866 1
10902 10867 6
9985 10867 2
10353 10867 12
10866 10867 4
9789 10868 4
10869 10868 5
10865 10868 1
10395 10869 1
11326 10869 3
10532 10869 1
9917 10869 2
9685 10869 1
11248 10869 2
10443 10869 1
10872 10871 4
10260 10873 1
10874 10873 2
10946 10874 3
10359 10874 4
10165 10874 1
10873 10875 2
10384 10875 3
10887 10875 2
10873 10876 2
10887 10876 2
10874 10876 3
10878 10877 1
9697 10879 1
10116 10879 1
10880 10879 4
10877 10879 1
10878 10880 4
11248 10880 1
10879 10881 4
10882 10881 4
10880 10882 11
9399 10882 3
10884 10883 1
10883 10885 1
9422 10885 1
10763 10885 7
3436 10885 1
9983 10885 1
3400 10885 1
9725 10885 1
10763 10886 7
10885 10886 7
10874 10887 2
10260 10887 1
3454 10888 1
10775 10888 2
10888 10889 2
10732 10889 6
3542 10889 1
10991 10889 2
10889 10890 6
10579 10890 7
10579 10891 8
10890 10891 7
3525 10891 1
3334 10892 1
10652 10892 7
10889 10892 6
10894 10893 1
10395 10895 2
10893 10895 1
10346 10896 2
10895 10896 2
10899 10898 1
10898 10900 1
9759 10900 1
10460 10900 3
10900 10901 3
10692 10901 3
10900 10902 3
9901 10902 1
9404 10902 1
10353 10902 6
10902 10903 6
10353 10903 6
3460 10904 1
10902 10904 6
10353 10904 8
9960 10904 1
9930 10905 1
9788 10905 3
10902 10905 6
10353 10905 11
9684 10905 1
10902 10906 6
10353 10906 8
3408 10906 2
10902 10907 6
9353 10907 6
10353 10907 12
10353 10908 6
10902 10908 6
10022 10909 1
10902 10909 6
10353 10909 7
3460 10910 1
10902 10910 6
10353 10910 7
10902 10911 6
3376 10911 2
10353 10911 8
3379 10912 2
9985 10912 2
10353 10912 10
10902 10912 6
10353 10913 8
10902 10913 6
9985 10913 2
9616 10914 1
9496 10914 1
10902 10914 6
10275 10914 1
9842 10914 3
3343 10914 1
10353 10914 13
9320 10915 2
10353 10915 8
10902 10915 6
10902 10916 6
10353 10916 6
9588 10917 5
9312 10917 3
10137 10917 2
10353 10917 19
9788 10917 3
10902 10917 6
10902 10918 6
10353 10918 8
11196 10918 2
9788 10919 3
10902 10919 6
10353 10919 9
10900 10920 3
10692 10920 3
10692 10921 3
10900 10921 3
10462 10922 1
10749 10923 4
10406 10924 2
3479 10924 1
10927 10926 2
10288 10926 1
10359 10927 4
11107 10927 4
10926 10928 2
10927 10928 2
10930 10929 8
10395 10930 1
11326 10931 3
10395 10931 1
11248 10931 1
10683 10932 1
10346 10933 7
10350 10933 1
10959 10933 7
10350 10934 1
10395 10934 3
10179 10934 1
10934 10935 3
10430 10935 3
10350 10936 1
11159 10936 2
10566 10936 3
10350 10937 1
11159 10937 2
10430 10937 3
10350 10938 1
3349 10938 1
10346 10938 3
10097 10938 1
10350 10939 1
10940 10939 3
9684 10939 1
9659 10940 1
9527 10940 1
9828 10940 1
9685 10940 1
10351 10940 1
9684 10941 1
10022 10941 1
10511 10941 1
10942 10941 10
9810 10941 4
10939 10941 3
3460 10941 1
10832 10942 1
9685 10942 1
10940 10942 3
9808 10942 1
10512 10942 1
10371 10942 12
10425 10942 4
10395 10942 2
11027 10942 3
11149 10942 3
10703 10942 1
10511 10943 1
10371 10943 12
9714 10943 6
9530 10943 1
10939 10943 3
9353 10944 1
10942 10944 17
11076 10944 1
10943 10944 12
10022 10944 1
3460 10944 1
9710 10944 2
10350 10945 1
10946 10945 3
3437 10945 1
10351 10946 1
10676 10946 3
11248 10946 1
10467 10947 4
10945 10947 3
10395 10948 6
10945 10948 3
3525 10948 1
11338 10948 1
10395 10949 4
10945 10949 3
10949 10950 4
10353 10950 4
10945 10951 3
10395 10951 4
11092 10952 2
10951 10952 4
10953 10952 9
3334 10952 1
3391 10952 2
9453 10953 4
10467 10953 9
10395 10953 7
11248 10953 1
10897 10953 1
10955 10954 3
10945 10954 3
9453 10955 1
10358 10955 3
10946 10955 3
10955 10956 3
10945 10956 3
10467 10957 5
3349 10957 1
10102 10957 1
10945 10957 3
9840 10958 2
10185 10958 2
10874 10958 6
10945 10958 3
10467 10959 7
9398 10959 3
3437 10959 1
10350 10959 1
10959 10960 7
3391 10960 2
10953 10960 9
10962 10961 5
10216 10961 2
9936 10961 2
10532 10962 2
9479 10962 2
9583 10963 2
11296 10963 1
10961 10963 5
10419 10963 8
10966 10965 3
10305 10967 1
9701 10967 1
10968 10967 7
10965 10967 3
9523 10967 1
9766 10968 1
10813 10968 3
10966 10968 15
10458 10968 1
10970 10969 7
10967 10969 7
10458 10970 1
9766 10970 1
10968 10970 24
10703 10971 1
10973 10972 3
9707 10974 2
10361 10974 17
9637 10974 3
10972 10974 3
9657 10974 6
10974 10975 17
10363 10975 17
10361 10976 9
10972 10976 3
9637 10976 3
10976 10977 9
10363 10977 9
10979 10978 1
11311 10980 3
11039 10980 2
3536 10980 1
10981 10980 3
11152 10980 2
3438 10980 1
10978 10980 1
10620 10980 12
3416 10981 1
10456 10981 3
10978 10981 1
3438 10982 1
3416 10982 1
11133 10982 2
10981 10982 3
11157 10982 3
11039 10982 2
9769 10982 1
10061 10982 1
10983 10982 13
10453 10983 1
10467 10983 2
10454 10983 2
10618 10983 3
10456 10983 3
10451 10983 2
10979 10983 1
10452 10983 1
10836 10983 3
10457 10983 1
10450 10983 3
10834 10983 3
11129 10983 1
9991 10983 1
10983 10984 12
3438 10984 1
11157 10984 3
10240 10984 1
3416 10984 1
9922 10984 1
11133 10984 2
10981 10984 3
9769 10984 1
10399 10985 3
11339 10985 2
10399 10986 3
10985 10986 3
10989 10988 4
10899 10990 1
10460 10991 2
10990 10991 1
10994 10993 1
10993 10995 1
10467 10995 1
10467 10996 2
10993 10996 1
10996 10997 2
10467 10997 3
10467 10998 2
10993 10998 1
10998 10999 2
10522 10999 3
10382 11000 1
9887 11000 1
11002 11001 3
11004 11003 1
10070 11005 1
9496 11005 1
3343 11005 1
10275 11005 1
11003 11005 1
3342 11005 1
3501 11005 1
11006 11005 8
9616 11005 1
9766 11006 1
11004 11006 7
9820 11006 2
10393 11007 2
11007 11008 2
10399 11008 2
11010 11009 10
11010 11011 12
11010 11012 6
10973 11013 3
11013 11014 3
10361 11014 6
9657 11015 6
11014 11015 6
10363 11015 12
10853 11016 4
3504 11017 1
10464 11017 2
10386 11018 1
10386 11019 1
11018 11019 1
9657 11020 6
10363 11020 7
9316 11021 11
11020 11021 7
10363 11021 18
9841 11022 1
11353 11022 1
11023 11022 3
10828 11023 2
11022 11024 3
11023 11024 3
10756 11026 1
9766 11027 1
11028 11027 1
10590 11029 1
10430 11029 2
9379 11030 2
10022 11030 1
10430 11030 4
11029 11030 2
10399 11031 3
9638 11031 2
10590 11031 1
10590 11032 1
11033 11032 11
9765 11032 1
11065 11032 7
3375 11032 1
10845 11033 7
10395 11033 1
9766 11033 2
11032 11034 11
10536 11034 12
11036 11035 13
11034 11035 12
10542 11036 4
10536 11036 12
11035 11037 13
11036 11037 14
3339 11037 1
10453 11038 1
10163 11039 1
10451 11039 2
11039 11040 2
3438 11040 1
11041 11040 3
10467 11041 2
10454 11041 1
10451 11041 4
11057 11042 1
10395 11042 2
10353 11043 2
11042 11043 2
10966 11044 1
11044 11045 1
10968 11045 1
10267 11046 1
3375 11046 1
10395 11046 3
11048 11047 1
11050 11049 3
11047 11049 1
9574 11049 1
9834 11049 1
11048 11050 11
11047 11051 1
11052 11051 2
9928 11051 1
11048 11052 1
10678 11053 1
10973 11055 1
10842 11057 1
11057 11058 1
10845 11058 7
9827 11058 1
10049 11058 1
10146 11058 3
10847 11059 8
11058 11059 7
11068 11059 1
11057 11060 1
10845 11060 2
10847 11061 4
11060 11061 2
11068 11061 1
3532 11061 1
10847 11062 3
11060 11062 2
11068 11062 1
11060 11063 2
11068 11063 1
10847 11063 3
11068 11064 1
11069 11064 3
11060 11064 2
10847 11064 5
9459 11065 2
3532 11065 1
11060 11065 2
10049 11065 1
10845 11065 7
10847 11066 8
11065 11066 7
11068 11066 1
10542 11067 8
3347 11067 1
11065 11067 7
9806 11068 2
10847 11068 10
11065 11068 7
3375 11069 1
10845 11069 3
11057 11069 1
11069 11070 3
9806 11070 2
10847 11070 5
11069 11071 3
10847 11071 3
10462 11072 1
11075 11074 1
9460 11076 1
11074 11076 1
10174 11076 1
9899 11076 1
10703 11076 11
3439 11076 1
3477 11076 1
10292 11076 1
10225 11076 1
9704 11076 1
3489 11076 1
11078 11077 1
3397 11079 1
11279 11079 2
11077 11079 1
10860 11079 4
11081 11080 1
11080 11082 1
10020 11082 1
10738 11082 10
10009 11082 1
9666 11082 6
3445 11082 1
10973 11083 1
10635 11084 4
9357 11084 1
11083 11084 1
9755 11084 1
10368 11086 3
9955 11086 2
11331 11087 1
11086 11087 3
3542 11087 1
10368 11087 5
3542 11088 1
11086 11088 3
10368 11088 4
11086 11089 3
3542 11089 1
10368 11089 4
11086 11090 3
10368 11090 5
9964 11090 1
11090 11091 5
10368 11091 9
11296 11091 1
11301 11091 3
10395 11092 2
10225 11092 1
3391 11093 2
10953 11093 4
11092 11093 2
11092 11094 2
3477 11094 1
3460 11094 1
11095 11094 4
10395 11095 3
10897 11095 1
11248 11095 1
9453 11095 3
11097 11096 3
3358 11096 1
11092 11096 2
10395 11097 2
9453 11097 1
11092 11098 2
3358 11098 1
11099 11098 4
9453 11099 1
10395 11099 2
11101 11100 4
11098 11100 4
11099 11101 4
11095 11102 3
11092 11102 2
3358 11102 1
3358 11103 1
11092 11103 2
11099 11103 3
10462 11104 1
10656 11105 3
11108 11106 2
11109 11106 1
9467 11106 1
11107 11106 4
11111 11110 1
10775 11112 2
11110 11112 1
3459 11112 1
10880 11113 1
11113 11114 1
9577 11114 1
10882 11114 2
10882 11115 1
11113 11115 1
10579 11117 1
11117 11118 1
3447 11118 1
10579 11118 4
9575 11118 1
10147 11118 1
11117 11119 1
10579 11119 2
10242 11119 1
10579 11120 2
11117 11120 1
9999 11120 1
10371 11121 1
10371 11122 2
11121 11122 1
10709 11123 1
11125 11124 3
11123 11124 1
3327 11124 2
10709 11125 2
10855 11125 1
10335 11125 6
10966 11126 1
11126 11127 1
10968 11127 1
11129 11128 1
11128 11130 1
10469 11130 2
10199 11130 1
10683 11131 1
10282 11133 1
10467 11133 2
11133 11134 2
10845 11134 3
10847 11135 4
11134 11135 3
11068 11135 1
11133 11136 2
10283 11136 2
11141 11136 4
9414 11136 2
10626 11136 6
3525 11136 1
11133 11137 2
10469 11137 5
11311 11137 3
11041 11138 4
9471 11138 2
11133 11138 2
11133 11139 2
3540 11139 1
10191 11139 1
3481 11139 1
9753 11139 1
10282 11139 1
10255 11139 1
3467 11139 1
10293 11139 1
10983 11139 9
11133 11140 2
10282 11140 1
10983 11140 2
3525 11141 1
11133 11141 2
10406 11141 4
10638 11142 7
9772 11142 2
11141 11142 4
10638 11143 7
11142 11143 7
10638 11144 5
11141 11144 4
3544 11144 1
11133 11145 2
10467 11145 3
3349 11147 1
10358 11147 2
10425 11149 4
11248 11149 1
10423 11149 1
11151 11150 1
10454 11152 2
11150 11152 1
11151 11153 2
11150 11153 1
10454 11154 2
11153 11154 2
10656 11155 3
10667 11156 1
9530 11157 1
10618 11157 3
11156 11157 1
10983 11158 8
10104 11158 3
9922 11158 1
11157 11158 3
9769 11158 1
10351 11159 2
9787 11159 1
10966 11160 1
11160 11161 1
10968 11161 2
9365 11162 3
11161 11162 2
10970 11162 5
11161 11163 2
9365 11163 3
10970 11163 5
11165 11164 1
11164 11166 1
3375 11166 1
9966 11166 1
11167 11166 3
9766 11167 1
11165 11167 2
11129 11169 1
10335 11171 2
10176 11171 1
11171 11172 2
10177 11172 2
11173 11172 3
10855 11173 1
10335 11173 6
11175 11174 1
11292 11176 4
10968 11176 6
10126 11176 1
10970 11177 6
11176 11177 6
11111 11178 1
11178 11179 1
10406 11179 2
10638 11180 2
11179 11180 2
10194 11181 1
3560 11181 1
11179 11181 2
10738 11181 6
3544 11181 1
3329 11181 1
10738 11182 2
11179 11182 2
11184 11183 1
10994 11184 4
11186 11185 1
11183 11185 1
11184 11186 6
11183 11187 1
11186 11187 1
11183 11188 1
11186 11188 1
11190 11189 2
9530 11189 1
11129 11190 1
10584 11191 2
11189 11191 2
11194 11193 1
11194 11195 2
11193 11195 1
11194 11196 2
11193 11196 1
11196 11197 2
10340 11197 2
11196 11198 2
10338 11198 2
10756 11200 1
11050 11201 1
11203 11202 2
10289 11202 1
11201 11202 1
10852 11203 2
9534 11203 4
9763 11203 1
10452 11203 2
11050 11203 4
11190 11204 1
11204 11205 1
11190 11205 1
10151 11206 1
10148 11206 1
10158 11206 1
10968 11206 4
10970 11207 4
11206 11207 4
10970 11208 7
11206 11208 4
9365 11208 3
9364 11208 1
11210 11209 1
9338 11212 2
11213 11212 3
10395 11213 2
11212 11214 3
11213 11214 3
11213 11215 3
11212 11215 3
11213 11216 3
11212 11216 3
11213 11217 3
11212 11217 3
11213 11218 3
11212 11218 3
11212 11219 3
11213 11219 3
11212 11220 3
11213 11220 3
11213 11221 3
11212 11221 3
11212 11222 3
11213 11222 3
11212 11223 3
11213 11223 3
11213 11224 3
11212 11224 3
11213 11225 3
11212 11225 3
11212 11226 3
11213 11226 3
11212 11227 3
11213 11227 3
11213 11228 3
11212 11228 3
11213 11229 3
11212 11229 3
11212 11230 3
11213 11230 3
11212 11231 3
11213 11231 3
11212 11232 3
11213 11232 3
11213 11233 3
11212 11233 3
11212 11234 3
11213 11234 3
11213 11235 3
11212 11235 3
11212 11236 3
11213 11236 3
11212 11237 3
11213 11237 3
11213 11238 3
11212 11238 3
11213 11239 3
11212 11239 3
11212 11240 3
11213 11240 3
3482 11241 2
11242 11241 10
9554 11241 7
10395 11242 2
9463 11242 4
10467 11242 2
9553 11243 1
10160 11243 1
10430 11243 11
10022 11243 1
11241 11243 10
10358 11244 1
10467 11246 1
11248 11247 1
10842 11249 1
11249 11250 1
10845 11250 2
11250 11251 2
10847 11251 2
11106 11253 1
11253 11254 1
11106 11254 1
10663 11255 2
10199 11255 1
10899 11256 1
9820 11256 1
10467 11256 3
10756 11257 1
10462 11258 1
11258 11259 1
10464 11259 2
10529 11260 2
11259 11260 2
10467 11261 2
9360 11261 1
11263 11262 2
11261 11262 2
9559 11263 2
10467 11263 2
11326 11263 2
11263 11264 2
11261 11264 2
11261 11265 2
9638 11265 2
10399 11265 4
10566 11266 2
11261 11266 2
11261 11267 2
10346 11267 2
11261 11268 2
10566 11268 2
9452 11269 1
10953 11269 5
3391 11269 2
11261 11269 2
11271 11270 3
11261 11270 2
10467 11271 2
10359 11271 4
11271 11272 2
11261 11272 2
11261 11273 2
10652 11273 2
11271 11274 3
11261 11274 2
11261 11275 2
9638 11275 2
10399 11275 4
10399 11276 4
9638 11276 2
11261 11276 2
10828 11277 1
10386 11278 1
11278 11279 1
10335 11279 2
11279 11280 2
10340 11280 2
10342 11281 2
11279 11281 2
11279 11282 2
11125 11282 2
11286 11285 4
10457 11286 1
10406 11287 1
11287 11288 1
10638 11288 1
3542 11289 1
9518 11289 1
10732 11289 3
10226 11290 2
10813 11290 3
9318 11291 1
11290 11291 3
10107 11291 1
10409 11291 6
10226 11291 2
9930 11291 1
11290 11292 3
10968 11292 4
11292 11293 4
10126 11293 1
11294 11293 5
9464 11294 2
10968 11294 5
11290 11295 3
10813 11295 4
10126 11295 1
10973 11296 1
10741 11297 1
11297 11298 1
10741 11298 1
9563 11299 5
10929 11299 5
10395 11299 2
10929 11300 5
9563 11300 5
10368 11301 3
3542 11301 1
3454 11301 1
11301 11302 3
10380 11302 5
9634 11302 1
11302 11303 5
10382 11303 9
9634 11303 1
10396 11303 1
9916 11303 2
10382 11304 10
11303 11304 9
10382 11305 10
9916 11305 2
11304 11305 10
10371 11306 8
9916 11306 2
11302 11306 5
9979 11306 1
9634 11306 1
11308 11307 3
10467 11309 1
10467 11310 1
11309 11310 1
11309 11311 1
10467 11311 3
9869 11311 1
11311 11312 3
10469 11312 3
11314 11313 6
3438 11313 1
9538 11313 1
11311 11313 3
10454 11314 2
10467 11314 3
3438 11315 1
10399 11315 7
11311 11315 3
9638 11315 2
9538 11315 1
10626 11316 3
11311 11316 3
11311 11317 3
10187 11317 1
10620 11317 5
10167 11317 1
3424 11319 1
11050 11319 2
11321 11320 2
11319 11320 2
11050 11321 2
10443 11324 1
11326 11325 1
11324 11325 1
10880 11326 2
10878 11326 1
11248 11326 1
10443 11326 3
9766 11326 2
10768 11327 1
9960 11328 1
3375 11328 1
10395 11328 3
10353 11329 3
11328 11329 3
11328 11330 3
10346 11330 3
10443 11331 1
11331 11332 1
11333 11332 4
9669 11332 3
10443 11333 1
11129 11333 1
11335 11334 3
9777 11334 2
9778 11335 4
11334 11336 3
9784 11336 3
11335 11336 4
9817 11337 2
11334 11337 3
11335 11337 5
10462 11338 1
10464 11339 2
11338 11339 1
11339 11340 2
10532 11340 3
11342 11341 3
11340 11341 3
10532 11342 11
9810 11343 4
11339 11343 2
10395 11343 10
9755 11343 1
10216 11343 2
9788 11344 3
10335 11344 15
11343 11344 10
10091 11344 1
9638 11345 2
10399 11345 4
11339 11345 2
10399 11346 4
11339 11346 2
9638 11346 2
10579 11347 2
11339 11347 2
11339 11348 2
10566 11348 2
9638 11349 2
10399 11349 4
11339 11349 2
10399 11350 4
9638 11350 2
11339 11350 2
11339 11351 2
9947 11351 2
10380 11351 4
10676 11352 3
10828 11353 1
11175 11355 1
11355 11356 1
10425 11356 2
10566 11357 2
11356 11357 2
