707 0 1
135 0 1
808 0 1
392 0 1
726 0 1
210 0 5
587 0 1
470 0 1
714 0 1
832 0 1
373 0 1
754 0 1
97 0 1
781 0 1
130 0 6
10 0 2
1 0 27
98 1 2
44 1 8
209 1 5
337 1 1
374 1 2
572 1 1
632 1 1
430 1 1
12 1 1
150 1 5
377 1 1
203 1 6
176 1 1
87 1 3
76 1 1
64 1 7
178 1 1
136 1 4
11 1 2
3 1 1
3 2 1
712 3 3
2 4 1
5 4 1
47 5 4
150 5 2
350 5 1
352 5 1
80 5 1
209 5 4
3 5 1
641 6 1
2 6 1
7 6 2
19 7 1
80 7 1
338 7 6
3 7 1
849 8 1
833 8 1
433 8 1
491 8 5
135 8 1
754 8 1
470 8 1
429 8 1
587 8 1
524 8 1
179 8 1
2 8 1
1 8 16
597 9 1
158 9 1
431 9 1
860 9 1
570 9 1
208 9 4
2 9 1
5 9 9
11 10 2
13 12 4
46 13 11
15 14 1
69 15 4
201 15 5
401 16 1
419 16 2
389 16 5
812 16 1
14 16 1
17 16 10
71 17 1
72 17 1
73 17 1
70 17 5
15 17 1
36 18 2
19 18 5
38 19 2
36 19 2
5 19 6
50 20 1
22 21 4
539 22 1
23 22 35
482 25 1
26 25 2
223 26 28
336 26 1
247 26 1
572 26 1
209 26 5
220 26 9
91 26 2
337 26 1
241 26 2
25 27 2
28 27 3
78 28 5
262 28 1
52 28 2
337 28 1
91 28 2
26 28 2
79 29 10
289 29 4
27 29 3
28 29 15
31 30 1
30 32 1
31 32 1
34 33 3
36 35 2
47 36 6
821 37 1
559 37 2
38 37 8
757 37 1
325 37 1
546 37 1
35 37 2
457 38 1
18 38 3
19 38 7
64 38 15
36 38 2
515 38 1
326 38 2
728 38 1
276 38 2
337 38 2
254 38 1
375 38 5
91 38 7
40 39 4
559 39 2
35 39 2
276 40 2
36 40 2
35 41 2
18 41 3
364 42 1
59 42 1
638 42 2
41 42 3
640 42 1
834 42 1
187 42 3
713 42 1
525 42 1
188 42 3
433 42 1
810 42 1
38 42 37
185 42 2
561 42 1
456 42 1
304 42 3
186 42 10
308 42 1
707 42 1
309 42 4
792 42 1
847 42 1
252 42 3
288 42 2
517 42 1
800 42 1
90 42 1
22 43 4
13 44 4
45 44 3
483 44 1
49 48 4
50 48 1
48 49 1
52 51 2
747 51 1
349 52 1
432 52 2
226 53 6
54 53 17
130 53 6
210 53 5
51 53 2
305 53 5
185 53 2
264 54 1
52 54 2
64 54 8
209 54 6
51 55 2
130 55 6
54 55 16
185 55 2
226 55 6
210 55 5
57 56 1
475 57 1
742 58 1
181 58 1
57 58 5
237 58 2
56 58 1
19 59 1
38 60 1
59 60 1
42 61 1
62 61 4
658 61 1
59 61 1
258 61 1
326 62 1
254 62 1
19 62 1
38 62 1
40 62 2
95 63 30
138 64 1
63 64 4
484 65 1
485 65 1
658 66 1
42 66 1
62 66 2
62 67 2
658 67 1
42 67 1
740 68 1
201 70 5
241 70 7
69 70 4
503 71 5
69 71 4
201 71 5
339 72 4
69 72 4
201 72 5
69 73 4
421 73 1
201 73 5
201 74 5
69 74 4
76 75 1
75 77 1
78 77 5
856 77 1
678 77 1
780 77 1
76 78 7
261 78 5
288 79 2
28 79 10
461 79 1
796 79 1
77 79 5
287 79 1
45 80 3
82 81 1
770 82 3
769 82 3
81 83 1
313 83 1
82 83 3
694 83 1
694 84 1
313 84 1
81 84 1
82 84 4
82 85 4
81 85 1
694 85 1
84 85 4
87 86 1
45 87 3
44 87 1
377 87 1
86 88 1
135 88 1
808 88 1
89 88 8
597 88 1
803 88 1
114 88 1
649 88 1
136 89 2
150 89 1
87 89 3
176 89 1
91 90 1
261 91 5
93 92 1
344 93 1
745 93 1
195 93 4
746 93 1
235 94 1
95 94 6
497 94 1
440 94 1
92 94 1
106 94 1
236 95 2
93 95 2
136 95 1
203 95 15
63 96 11
629 96 2
94 96 6
676 96 1
300 96 2
98 97 1
142 98 4
49 99 4
103 102 7
160 102 3
493 102 4
350 103 1
468 103 1
588 103 1
535 103 1
295 103 1
105 104 8
103 104 8
102 104 7
102 105 7
103 105 8
93 106 1
108 107 1
337 108 1
110 109 1
107 109 1
292 110 1
377 110 1
108 110 2
387 110 4
642 110 1
47 111 1
111 112 1
158 112 1
860 112 1
761 112 1
47 112 4
111 113 1
5 113 2
351 113 1
87 114 1
359 115 2
169 115 3
114 115 1
116 115 6
150 116 1
377 116 1
87 116 1
279 116 8
280 116 8
118 117 4
822 117 1
653 117 1
619 117 1
522 118 3
324 118 4
12 118 1
118 119 4
117 119 4
117 120 4
118 120 4
22 121 4
70 123 1
125 124 1
123 124 1
241 125 2
70 125 1
125 126 1
123 126 1
123 127 1
125 127 1
123 128 1
125 128 1
64 130 6
305 130 5
186 130 1
210 131 5
498 131 1
130 131 6
653 131 1
798 131 2
305 131 5
290 131 3
695 131 1
571 131 1
132 131 47
707 131 1
225 131 30
226 131 6
433 131 1
467 132 1
209 132 6
262 132 2
363 132 1
12 132 1
572 132 1
369 132 1
64 132 7
91 132 3
483 132 1
499 132 1
337 132 1
223 132 30
130 133 6
433 133 1
498 133 1
132 133 21
707 133 1
210 133 5
798 133 2
290 133 3
305 133 5
571 133 1
695 133 1
226 134 6
132 134 47
695 134 1
653 134 1
305 134 5
498 134 1
798 134 2
571 134 1
130 134 6
433 134 1
225 134 30
210 134 5
290 134 3
707 134 1
136 135 1
45 136 3
95 138 4
417 138 1
315 139 1
557 139 1
99 140 1
752 141 1
142 141 5
700 141 1
831 141 1
446 141 1
140 141 1
447 142 3
209 142 5
99 142 3
73 142 1
52 142 2
64 142 4
203 142 1
363 142 1
144 143 1
775 145 1
699 145 1
613 145 1
830 145 1
143 145 1
688 145 1
614 145 1
724 145 1
144 145 11
681 145 1
426 145 1
686 145 1
699 146 1
452 146 1
143 146 1
147 146 3
203 147 2
209 147 5
522 147 2
483 147 1
276 147 2
144 147 11
220 147 1
52 147 2
292 147 1
387 147 4
286 147 1
80 147 1
150 149 1
45 150 3
149 151 1
790 151 1
848 151 1
152 151 6
754 151 1
483 152 1
150 152 1
44 152 1
501 152 1
151 153 6
154 153 6
152 154 6
152 155 6
151 155 6
149 155 1
149 156 1
157 156 2
597 156 1
355 157 4
150 157 3
44 157 1
47 158 1
761 159 1
158 159 1
860 159 1
5 159 4
854 159 1
570 160 1
103 160 3
607 160 1
493 161 4
103 161 7
160 161 3
103 162 8
161 162 7
162 163 8
103 163 8
627 164 1
160 164 3
493 164 4
103 164 7
160 165 3
103 165 3
160 166 3
103 166 6
493 166 4
160 167 3
103 167 3
116 168 1
116 169 3
376 169 1
168 169 1
116 170 3
169 170 3
72 171 1
173 172 1
171 172 1
72 173 1
393 173 1
175 174 4
468 175 1
177 176 3
50 178 1
184 178 1
150 179 1
22 180 4
57 181 1
237 182 1
181 182 1
183 182 2
57 183 2
64 185 2
263 185 1
64 186 10
185 186 2
187 186 1
305 186 5
525 186 1
185 187 2
64 187 4
185 188 2
64 188 4
22 189 1
835 190 1
189 190 1
191 190 2
22 191 1
539 191 1
191 192 2
835 192 1
189 192 1
189 193 1
682 193 1
22 193 2
513 194 1
702 196 1
701 196 1
377 197 1
197 198 4
677 199 1
197 199 4
197 200 4
150 200 1
13 201 18
203 202 1
494 204 1
249 204 1
384 204 1
829 204 1
440 204 1
666 204 1
647 204 1
202 204 1
354 204 1
674 204 1
203 204 15
577 204 1
766 204 1
839 204 1
738 204 1
760 204 1
249 205 1
95 205 13
674 205 1
440 205 1
829 205 1
384 205 1
354 205 1
760 205 1
839 205 1
577 205 1
738 205 1
202 205 1
766 205 1
300 206 2
63 206 16
205 206 13
676 206 1
760 207 1
674 207 1
188 207 1
1 207 11
738 207 1
249 207 1
304 207 3
433 207 1
839 207 1
202 207 1
553 207 1
209 208 4
570 208 1
376 208 1
576 208 1
349 209 1
377 209 1
76 209 1
350 209 1
275 209 2
208 210 4
209 210 5
748 211 2
291 211 1
521 211 2
540 211 1
147 211 11
210 211 5
747 211 1
213 212 6
834 212 1
210 212 5
728 213 1
209 213 5
80 213 1
442 213 3
210 214 5
132 214 9
304 214 3
792 214 1
362 214 1
142 215 15
444 215 1
831 215 1
752 215 1
210 215 5
792 215 1
446 215 1
748 215 2
304 215 3
675 215 1
240 216 1
219 216 8
222 216 28
288 216 2
449 216 1
807 216 1
721 216 1
210 216 5
714 216 1
707 216 1
26 216 39
362 217 1
466 217 1
210 217 5
558 217 1
831 217 1
142 217 9
748 218 2
147 218 14
386 218 4
790 218 1
210 218 5
540 218 1
449 218 1
220 219 8
210 219 5
748 219 2
209 220 5
52 220 2
707 221 1
449 221 1
219 221 8
222 221 28
26 221 33
210 222 5
734 222 1
223 222 28
767 222 1
751 222 1
554 222 1
790 222 1
388 222 1
725 222 1
293 222 9
793 222 1
776 222 1
502 222 1
795 222 1
532 222 1
566 222 1
339 223 4
241 223 3
286 223 1
292 223 1
209 223 5
503 223 5
483 223 1
572 223 1
387 223 4
222 224 28
223 224 29
223 225 30
224 225 29
210 226 5
209 226 6
132 227 7
790 227 1
226 227 6
226 228 6
132 228 6
213 229 5
210 229 5
210 230 5
441 230 1
213 230 8
715 230 2
210 231 5
498 231 1
798 231 2
695 231 1
132 231 10
571 231 1
233 234 3
236 235 1
195 236 4
57 237 2
239 238 3
241 240 1
240 242 1
125 242 2
807 242 1
125 243 1
240 243 1
125 244 1
240 244 1
70 245 8
767 245 1
240 245 1
566 245 1
816 245 1
749 245 1
388 245 1
807 245 1
245 246 8
247 246 22
348 246 1
441 246 1
504 246 6
533 246 5
634 247 1
369 247 1
503 247 5
442 247 1
241 247 5
339 247 4
15 247 1
71 247 6
72 247 5
286 247 1
70 247 8
76 247 1
725 248 1
532 248 1
633 248 1
368 248 1
502 248 1
767 248 1
388 248 1
540 248 1
624 248 1
247 248 18
807 248 1
554 248 1
776 248 1
751 248 1
240 248 1
566 248 1
795 248 1
734 248 1
793 248 1
203 249 1
399 250 1
251 250 2
91 252 3
288 252 2
22 253 4
22 254 4
3 255 1
255 256 1
257 256 1
3 257 1
19 257 3
254 258 1
716 259 1
95 259 2
259 260 2
63 260 4
300 260 2
144 261 7
147 261 10
261 262 5
138 263 1
266 265 3
76 267 1
78 268 1
267 268 1
267 269 1
270 269 2
5 270 4
76 270 1
269 271 2
791 271 1
272 271 4
561 271 1
270 272 3
80 272 1
19 272 1
274 273 4
535 274 1
203 276 6
278 277 5
116 278 12
281 278 5
45 282 3
250 283 1
815 284 1
285 284 2
91 287 1
287 288 1
91 288 2
28 289 4
288 289 2
288 290 2
91 290 3
292 291 1
386 293 4
291 293 1
571 293 1
540 293 1
223 293 9
110 294 6
386 294 4
291 294 1
376 294 1
296 295 4
297 296 7
607 298 1
103 298 2
103 299 3
298 299 2
608 299 2
643 300 1
63 300 2
63 301 6
676 301 1
300 301 2
400 301 3
495 302 2
300 302 2
629 302 2
676 302 1
63 302 7
300 303 2
63 303 2
188 304 1
792 304 1
64 304 3
64 305 5
186 305 1
304 305 3
792 306 1
188 306 1
680 306 1
433 306 1
309 306 4
308 306 1
186 306 1
64 306 9
305 306 5
792 307 1
64 307 4
304 307 3
307 308 4
64 308 5
792 308 1
64 309 4
304 309 3
792 309 1
312 311 1
82 313 1
549 314 1
315 314 2
15 315 2
314 316 1
315 316 3
348 316 1
314 317 1
318 317 1
315 318 1
320 319 1
320 321 1
319 321 1
647 322 1
95 322 2
63 323 4
322 323 2
629 323 2
116 324 4
326 325 1
22 326 4
328 327 1
325 327 1
358 328 1
326 328 1
330 329 1
325 329 1
326 330 1
325 331 1
332 331 2
603 331 1
326 332 1
136 332 1
121 332 1
334 333 3
72 333 5
278 335 5
565 336 3
278 336 5
278 337 5
336 340 1
740 340 1
342 341 1
343 341 1
345 343 3
344 343 3
108 345 4
347 346 1
15 348 1
349 350 1
432 350 2
352 351 1
860 353 1
351 353 1
5 353 2
203 354 1
152 355 1
324 356 2
584 356 1
118 357 5
383 357 1
356 357 2
521 357 2
116 359 2
597 359 1
338 360 1
360 361 1
7 361 1
363 362 1
19 364 1
364 365 1
257 365 3
638 365 2
343 366 1
367 366 1
369 368 1
45 369 3
371 370 1
368 370 1
369 371 1
371 372 1
368 372 1
374 373 1
142 374 4
377 376 1
1 378 4
803 378 1
653 378 1
624 378 1
376 378 1
376 379 1
87 379 1
197 380 1
376 380 1
262 381 1
324 382 1
382 383 1
324 383 2
203 384 1
76 385 1
387 386 4
612 386 1
586 386 1
385 386 1
76 387 4
241 388 1
388 389 1
767 389 1
816 389 1
70 389 5
566 389 1
17 391 4
44 392 1
22 393 4
36 394 2
19 395 2
394 395 2
22 396 4
693 398 1
692 398 1
666 400 1
95 400 3
760 400 1
532 401 1
554 401 1
793 401 1
776 401 1
72 401 6
333 402 5
401 402 5
178 403 1
403 404 1
790 404 1
405 404 2
178 405 1
483 405 1
403 406 1
405 406 1
403 407 1
1 407 1
405 408 1
403 408 1
410 409 1
403 409 1
178 410 1
296 411 4
76 412 1
78 413 1
412 413 1
412 414 1
209 414 1
412 415 1
387 415 2
415 416 2
387 416 2
73 418 1
17 419 2
418 419 1
418 420 1
421 420 1
73 421 1
150 422 1
157 423 2
820 423 1
422 423 1
45 424 3
144 426 1
628 427 1
686 427 1
614 427 1
688 427 1
540 427 1
681 427 1
854 427 1
426 427 1
775 427 1
724 427 1
699 427 1
147 427 13
613 427 1
830 427 1
614 428 1
688 428 1
830 428 1
626 428 1
426 428 1
261 428 8
724 428 1
613 428 1
681 428 1
430 429 1
12 430 1
439 430 1
150 431 1
64 433 1
1 434 1
433 434 1
1 435 2
188 435 1
433 435 1
433 436 1
1 436 1
433 437 1
1 437 1
433 438 1
1 438 1
22 439 4
203 440 1
442 441 1
201 442 5
241 442 1
99 444 1
45 445 3
447 446 1
752 448 1
447 448 3
700 448 1
446 448 1
220 449 1
854 450 1
147 450 2
449 450 1
147 451 2
688 451 1
449 451 1
203 452 1
628 453 1
203 453 3
452 453 1
494 453 1
455 454 3
457 456 1
91 457 1
136 458 1
649 459 1
1 459 2
458 459 1
22 460 4
28 461 2
707 461 1
142 462 4
615 462 1
464 465 3
64 466 1
175 468 4
788 468 1
98 470 1
473 471 1
472 471 1
262 474 5
476 475 3
477 478 3
477 479 3
76 480 1
78 481 1
480 481 1
26 482 1
265 487 1
486 487 3
591 488 1
176 488 1
44 489 2
44 490 3
489 490 2
44 491 5
490 491 3
790 491 1
607 493 1
534 493 1
103 493 4
771 493 1
203 494 1
95 495 2
494 495 1
203 496 2
647 496 1
494 496 1
236 497 1
499 498 1
485 500 1
484 500 1
503 502 1
725 504 1
751 504 1
502 504 1
71 504 6
734 504 1
795 504 1
71 505 5
725 505 1
751 505 1
734 505 1
502 505 1
795 505 1
101 506 1
508 507 1
506 507 1
101 508 1
40 509 2
62 510 3
509 510 2
510 511 3
62 511 3
22 512 4
22 513 4
22 514 4
22 515 4
22 516 4
91 517 1
667 519 1
324 520 1
522 521 2
520 521 1
324 522 1
521 523 2
118 523 2
136 524 1
64 525 1
528 527 1
531 530 1
339 532 1
554 533 1
532 533 1
776 533 1
72 533 5
793 533 1
535 534 1
274 535 4
788 535 1
274 536 1
534 536 1
534 537 1
274 537 1
534 538 1
274 538 1
369 539 1
632 539 1
286 540 1
152 541 1
265 542 1
542 543 1
487 543 1
326 546 1
312 548 1
15 549 1
338 550 1
7 551 1
550 551 1
1 553 1
339 554 1
278 555 1
278 556 2
758 556 1
555 556 1
315 557 1
99 558 1
276 559 2
147 560 2
559 560 2
19 561 1
561 562 1
691 562 1
7 562 2
563 564 3
591 564 1
241 566 1
569 568 1
132 568 1
350 570 1
572 571 1
714 573 1
571 573 1
574 573 2
572 574 2
574 575 2
714 575 1
571 575 1
209 576 1
203 577 1
581 578 1
579 578 1
116 578 1
580 578 1
347 582 1
324 584 1
76 586 1
374 587 1
591 590 1
632 591 1
591 592 2
590 592 1
726 592 1
590 593 1
564 593 1
590 594 1
595 594 1
591 595 1
488 596 1
590 596 1
150 597 1
200 598 1
597 598 1
1 599 3
838 599 1
597 599 1
802 599 1
246 600 1
26 600 1
28 602 2
121 603 1
332 604 1
603 604 1
603 605 1
332 605 1
103 607 1
607 608 1
103 608 2
607 609 1
635 609 1
103 609 2
340 610 1
610 611 1
340 611 1
76 612 1
144 613 1
144 614 1
262 616 1
381 617 1
616 617 1
381 618 1
616 618 1
522 619 1
619 620 1
822 620 1
653 620 1
118 620 3
619 621 1
118 621 1
118 622 1
619 622 1
118 623 2
619 623 1
822 623 1
76 624 1
261 626 1
588 627 1
203 628 1
63 629 2
814 629 1
518 630 1
630 631 1
518 631 1
634 633 1
815 634 1
828 634 2
295 635 1
347 636 1
19 637 1
637 638 1
19 638 2
347 639 1
337 640 1
338 641 1
95 643 1
811 644 1
262 644 2
743 645 2
644 645 2
474 645 4
262 646 4
644 646 2
743 646 2
203 647 1
142 648 2
647 648 1
831 648 1
136 649 1
13 650 1
50 651 1
765 651 1
12 653 1
653 654 1
789 654 1
430 654 2
430 655 1
653 655 1
790 656 1
223 656 2
223 657 2
656 657 2
326 658 1
658 659 1
62 659 1
658 660 1
62 660 1
658 661 1
62 661 1
658 662 1
62 662 1
658 663 1
62 663 1
62 664 1
658 664 1
62 665 1
658 665 1
203 666 1
668 667 2
201 669 1
201 670 1
669 670 1
393 671 1
671 672 1
173 672 1
173 673 1
671 673 1
203 674 1
73 675 1
63 676 1
76 678 1
476 679 3
64 680 1
144 681 1
22 682 1
22 683 1
682 683 1
682 684 1
835 684 1
22 684 2
682 685 1
22 685 2
835 685 1
144 686 1
144 688 1
588 689 1
588 690 1
689 690 1
338 691 1
82 694 1
467 695 1
64 696 1
186 696 1
262 697 1
474 698 1
697 698 1
144 699 1
447 700 1
729 703 1
48 704 1
704 705 1
49 705 1
748 706 2
602 706 1
28 706 3
337 707 1
108 708 1
707 708 1
707 709 1
337 709 1
337 710 1
707 710 1
347 711 1
91 713 1
572 714 1
749 715 1
442 715 2
136 716 1
716 717 1
332 717 1
95 719 1
63 720 1
719 720 1
336 721 1
340 722 2
739 722 1
721 722 1
340 723 1
721 723 1
144 724 1
503 725 1
632 726 1
539 727 2
726 727 1
837 727 1
95 730 1
63 731 1
730 731 1
338 732 1
791 733 1
7 733 2
732 733 1
503 734 1
513 735 1
735 736 1
194 736 1
735 737 1
194 737 1
203 738 1
740 739 1
739 741 1
68 741 1
57 742 1
796 743 1
262 743 2
52 747 1
52 748 2
747 748 1
241 749 1
503 751 1
447 752 1
44 754 1
754 755 1
87 755 1
515 757 1
278 758 1
758 759 1
278 759 1
203 760 1
47 761 1
588 762 1
588 763 1
762 763 1
588 764 1
762 764 1
405 765 1
203 766 1
241 767 1
468 771 1
175 772 1
771 772 1
771 773 1
175 773 1
175 774 1
771 774 1
144 775 1
339 776 1
152 777 1
355 778 1
777 778 1
777 779 1
541 779 1
76 780 1
150 781 1
270 782 1
782 783 1
791 783 1
272 783 2
272 784 2
782 784 1
791 784 1
108 786 1
787 786 1
439 789 1
483 790 1
80 791 1
64 792 1
339 793 1
315 794 1
503 795 1
262 796 1
796 797 1
474 797 1
262 798 2
796 798 1
796 799 1
474 799 1
91 800 1
457 801 1
800 801 1
87 802 1
176 803 1
803 804 1
488 804 1
803 805 1
488 805 1
803 806 1
488 806 1
241 807 1
87 808 1
19 810 1
262 811 1
71 812 1
95 814 1
241 816 1
316 817 1
794 817 1
316 818 1
139 818 1
316 819 1
557 819 1
44 820 1
254 821 1
324 822 1
338 824 1
7 825 1
824 825 1
108 826 1
826 827 1
110 827 1
203 829 1
144 830 1
142 831 1
44 832 1
150 833 1
728 834 1
539 835 1
369 837 1
150 838 1
203 839 1
250 841 1
841 842 1
283 842 1
369 843 1
843 844 1
132 844 1
232 845 1
232 846 1
845 846 1
19 847 1
501 848 1
848 848 1
87 849 1
262 850 1
262 851 1
850 851 1
57 852 2
857 852 1
852 853 2
57 853 2
80 854 1
213 855 1
854 855 1
76 856 1
475 857 1
750 858 1
858 859 1
750 859 1
47 860 1
