5295 5167 1
5189 5167 4
5169 5168 1
5605 5168 1
5231 5169 2
5285 5169 4
5167 5169 2
5194 5169 4
5250 5169 1
5169 5170 1
5605 5170 1
5605 5171 1
5169 5171 2
5846 5171 1
5605 5172 1
5169 5172 1
6065 5173 1
5605 5173 1
5169 5173 2
5605 5174 1
5169 5174 1
5440 5175 9
5175 5176 6
5176 5177 5
5803 5178 1
5982 5178 1
5179 5178 44
5667 5178 1
5182 5178 2
5716 5178 1
5437 5178 2
5961 5178 1
5349 5178 4
5996 5178 1
6027 5178 1
5347 5178 10
5984 5178 1
5558 5178 3
5707 5178 1
5646 5178 1
5389 5178 2
5785 5178 1
5254 5178 9
5463 5178 2
5759 5178 1
5339 5179 4
5201 5179 15
5365 5179 2
5448 5179 2
5231 5179 3
5261 5179 5
5270 5179 19
5277 5179 4
5239 5179 47
5184 5179 1
5274 5179 7
5649 5180 2
5268 5180 11
5748 5180 2
5484 5180 2
5244 5180 49
5470 5180 3
5987 5180 2
5823 5180 3
5463 5180 2
5715 5180 2
5523 5180 3
5965 5180 2
5558 5180 3
5746 5180 1
5624 5180 3
5240 5180 9
5179 5180 115
5567 5180 2
5778 5180 2
5178 5180 44
5963 5180 2
5267 5180 10
5819 5180 1
5179 5181 1
5485 5182 1
5181 5182 1
5179 5182 4
5866 5183 1
5184 5183 3
5186 5184 1
5274 5184 1
5261 5184 1
5179 5184 54
5544 5184 1
5239 5184 37
5671 5185 1
5184 5185 4
5183 5185 3
5187 5186 4
5591 5187 3
5189 5188 4
5192 5188 1
5191 5189 6
5190 5189 6
5283 5192 1
5193 5192 4
5895 5192 1
5455 5194 3
5577 5194 1
5195 5194 23
5292 5194 1
5197 5196 3
5304 5198 2
5199 5198 3
5287 5199 2
5487 5199 1
5305 5199 5
5201 5200 3
5198 5200 3
5286 5201 2
5848 5201 1
5365 5201 2
5284 5201 1
5285 5201 3
5359 5201 8
5290 5201 2
5292 5201 9
5443 5201 1
5199 5201 3
5287 5201 1
5841 5201 1
5231 5201 10
5329 5201 1
5256 5201 1
5291 5201 6
5252 5201 3
5503 5201 1
5289 5201 5
5203 5202 6
5495 5202 2
5198 5202 3
5199 5203 13
5202 5204 6
5205 5204 6
5203 5205 6
5194 5205 4
5378 5206 9
5202 5206 6
5207 5206 15
5203 5207 15
5202 5208 6
5205 5208 6
5205 5209 6
5202 5209 6
5202 5210 6
5205 5210 6
5202 5211 6
5205 5211 6
5202 5212 6
5205 5212 6
5202 5213 6
5205 5213 6
5202 5214 6
5215 5214 6
5203 5215 6
5205 5216 6
5202 5216 6
5218 5217 1
5487 5218 1
5186 5218 2
5287 5218 4
5292 5218 7
5305 5218 2
5290 5218 1
5282 5218 1
5218 5219 6
5542 5219 1
5814 5219 1
5760 5219 1
5217 5219 1
5627 5219 1
5952 5220 1
5981 5220 1
5466 5220 3
5865 5220 3
5760 5220 1
5219 5220 6
5227 5220 19
5225 5220 17
5889 5220 2
5855 5220 1
6023 5220 1
5627 5220 1
5218 5220 33
5533 5220 3
5184 5221 3
5238 5222 6
5273 5222 1
5694 5222 3
5184 5222 60
5244 5222 49
5522 5222 1
5785 5222 1
6041 5222 1
5221 5222 3
5982 5222 1
5469 5222 1
5956 5222 1
5463 5222 2
5961 5222 1
5218 5224 1
5218 5225 17
5486 5225 1
5752 5225 1
5952 5225 1
5888 5225 1
5224 5225 1
6052 5225 1
5627 5225 1
5876 5225 1
5304 5225 2
5532 5225 1
5683 5225 1
5855 5225 1
6021 5225 1
5411 5225 1
5801 5225 1
5225 5226 17
5218 5226 18
5226 5227 18
5218 5227 19
5229 5228 3
5998 5228 1
5224 5228 1
5952 5228 1
5290 5229 1
6067 5229 1
5218 5229 2
5848 5229 1
5305 5229 2
5292 5229 3
5577 5229 1
5487 5229 1
5195 5229 3
5287 5229 3
6068 5229 1
5878 5230 1
5876 5230 1
5969 5230 1
5668 5230 1
5665 5230 1
5825 5230 1
5936 5230 1
5767 5230 1
5851 5230 1
6048 5230 1
5923 5230 1
5344 5230 5
5411 5230 1
5846 5230 1
5703 5230 1
5399 5230 1
5887 5230 1
5438 5230 1
5224 5230 1
5941 5230 1
5299 5230 1
5231 5230 29
6059 5230 1
5658 5230 1
5907 5230 1
5291 5231 3
5300 5231 1
5289 5231 3
5290 5231 1
5443 5231 1
5218 5231 2
5286 5231 1
5577 5231 2
5345 5231 5
5285 5231 2
5505 5231 1
5292 5231 2
5503 5231 1
5235 5231 4
5504 5231 1
5329 5231 1
5506 5231 1
5628 5232 2
5779 5232 3
5230 5232 29
5404 5232 15
5975 5232 1
5815 5232 2
5233 5232 41
5186 5233 1
5577 5233 3
5781 5233 2
5201 5233 2
5721 5233 3
5405 5233 15
5231 5233 29
5224 5234 1
5235 5234 2
6048 5234 1
5443 5235 1
5289 5235 3
5290 5235 1
5300 5235 1
5286 5235 1
5291 5235 3
5504 5235 1
5218 5235 2
5505 5235 1
5503 5235 1
5577 5235 2
5329 5235 1
5285 5235 2
5292 5235 2
5506 5235 1
5237 5236 1
5796 5237 1
5355 5237 4
5573 5237 1
5239 5238 7
6049 5238 1
5236 5238 1
5370 5238 1
5923 5238 1
5231 5239 2
5261 5239 9
5577 5239 1
5237 5239 1
5291 5239 1
5238 5240 7
5239 5240 9
5470 5241 3
5240 5241 9
5657 5241 2
5239 5241 37
5715 5241 2
5965 5241 2
5963 5241 2
5523 5241 3
5987 5241 2
5748 5241 2
5823 5241 3
5624 5241 3
5484 5241 2
5241 5242 37
5243 5242 38
5184 5242 38
5184 5243 38
5241 5243 37
6041 5244 1
5269 5244 17
5819 5244 1
5956 5244 1
5238 5244 6
5360 5244 10
5179 5244 49
5680 5244 1
5713 5244 1
5469 5244 1
5273 5244 7
5746 5244 1
5522 5244 1
5863 5244 2
5459 5244 2
5179 5245 51
5244 5245 49
5795 5245 1
5645 5245 1
5236 5246 1
5247 5246 1
5194 5247 4
5237 5247 1
5236 5248 1
5247 5248 1
5295 5250 1
5249 5250 4
5252 5251 3
5549 5251 1
5954 5251 1
5955 5252 1
5332 5252 2
5284 5252 1
5468 5252 2
5638 5252 2
5643 5252 2
5358 5253 1
5691 5253 1
5251 5253 3
5890 5253 1
5201 5253 7
5824 5254 1
5179 5254 9
5253 5254 7
5256 5255 4
5319 5256 14
5258 5257 2
5521 5257 1
5257 5259 2
5258 5259 12
6039 5259 1
5726 5259 2
5775 5259 3
5946 5259 1
5884 5259 1
5774 5259 2
5950 5259 1
5261 5260 1
5289 5261 1
5255 5261 1
5261 5262 2
5260 5262 1
6066 5263 1
5820 5263 3
5262 5263 2
5261 5263 9
5557 5263 2
5263 5264 9
5680 5264 1
5261 5264 13
5776 5264 1
5663 5264 1
5894 5264 2
5266 5265 9
5263 5265 9
5261 5266 9
5239 5267 10
5263 5267 9
5267 5268 10
5239 5268 11
5741 5269 2
5872 5269 2
5871 5269 2
5962 5269 1
5270 5269 17
5267 5269 10
5239 5270 10
5272 5270 3
5497 5270 4
5267 5271 10
5272 5271 10
5239 5272 10
5705 5272 3
5556 5273 1
6066 5273 1
5902 5273 1
5274 5273 7
5260 5273 1
5261 5274 6
5239 5275 2
5560 5276 3
5275 5276 2
5277 5276 6
5239 5277 4
5279 5278 1
5201 5279 2
5339 5279 4
5834 5280 2
5350 5280 7
5692 5280 1
5279 5280 17
5472 5280 4
5875 5280 2
5278 5280 1
5256 5281 4
5256 5282 4
5192 5283 1
5256 5283 4
5256 5284 4
5256 5285 4
5249 5285 1
5295 5285 1
5415 5286 1
5256 5286 4
5386 5286 1
5374 5287 1
5482 5287 1
5256 5287 4
5256 5288 4
5373 5289 1
5256 5289 4
5374 5289 1
5256 5290 4
5482 5291 1
5256 5291 4
5573 5291 1
5355 5291 1
5256 5292 4
5270 5293 1
5863 5294 2
5293 5294 1
5270 5294 3
5296 5295 5
5895 5295 1
5261 5298 1
5300 5299 1
5330 5300 4
5235 5301 1
5299 5301 1
5303 5302 1
5299 5302 1
5300 5303 1
5305 5304 2
5486 5306 1
5304 5306 2
5627 5306 1
5376 5306 2
5855 5306 1
5307 5306 8
5447 5306 1
5305 5307 5
5487 5307 1
5287 5307 2
5627 5308 1
5855 5308 1
5304 5308 2
5376 5308 2
5307 5308 8
5486 5308 1
5447 5308 1
5876 5309 1
5486 5309 1
5627 5309 1
5855 5309 1
6052 5309 1
5229 5309 10
5304 5309 2
5952 5309 1
5752 5309 1
5683 5309 1
5311 5310 1
5304 5310 1
5449 5311 3
5305 5311 1
5311 5312 1
5304 5312 1
5231 5313 1
6031 5314 1
5665 5314 1
5997 5314 1
5846 5314 1
5438 5314 1
6059 5314 1
5887 5314 1
5201 5314 52
5399 5314 1
5627 5314 1
5964 5314 1
5973 5314 1
5790 5314 1
5626 5314 1
5806 5314 1
5464 5314 1
5313 5314 1
5835 5314 1
5851 5314 1
5601 5314 1
5747 5314 1
5800 5314 1
5550 5314 9
5658 5314 1
5676 5314 2
5968 5314 1
6037 5314 1
5316 5314 11
5749 5314 1
5364 5314 1
5722 5314 1
5934 5314 1
5876 5314 1
5971 5314 1
5839 5314 1
5231 5315 1
5998 5316 1
5898 5316 1
5315 5316 1
5370 5316 1
5549 5316 1
6049 5316 1
5668 5316 1
5767 5316 1
5201 5316 11
5804 5316 1
5840 5316 1
5318 5317 3
5315 5317 1
5804 5317 1
6049 5317 1
5231 5318 3
5291 5318 1
5194 5318 4
5320 5319 18
5231 5321 1
5321 5322 1
5323 5322 1
5231 5323 1
5744 5324 1
5326 5325 1
5328 5326 4
5672 5327 1
5325 5327 1
5328 5327 9
6024 5327 1
5639 5327 1
5870 5327 1
5783 5327 1
5945 5327 1
5758 5327 1
6028 5327 1
5832 5328 1
5368 5328 1
5339 5328 4
5833 5328 2
5407 5328 2
5369 5328 10
5673 5328 1
5326 5328 2
5548 5328 1
5417 5328 2
5330 5329 4
5256 5330 1
5292 5330 1
5332 5331 2
5768 5331 1
5555 5332 1
5467 5333 2
5770 5333 2
5252 5333 5
5642 5333 2
5331 5333 2
5270 5334 1
5334 5335 1
5863 5335 2
5270 5335 4
5270 5336 10
5538 5336 4
5600 5336 3
5450 5336 1
5335 5336 4
5334 5337 1
5270 5337 3
5962 5337 1
6010 5337 1
5339 5338 3
5486 5338 1
5487 5339 1
5824 5340 1
5341 5340 3
5486 5340 1
5338 5340 1
5339 5341 2
5487 5341 1
5486 5342 1
5339 5342 4
5338 5342 1
5824 5342 1
5328 5343 4
5824 5343 1
5342 5343 4
5338 5343 1
5345 5344 5
5342 5344 4
5824 5344 1
5338 5344 1
5339 5345 4
5342 5346 4
5824 5346 1
5328 5346 4
5338 5346 1
6049 5347 1
5565 5347 1
5364 5347 1
5370 5347 1
5464 5347 1
5179 5347 10
5342 5347 4
5759 5348 2
5557 5348 2
5880 5348 2
5716 5348 1
5984 5348 1
5179 5348 27
5961 5348 1
5803 5348 1
5657 5348 2
5238 5348 1
5437 5348 2
5707 5348 1
5795 5348 1
5347 5348 10
5667 5348 1
6040 5349 1
5179 5349 4
5338 5349 1
5824 5349 1
5279 5350 7
5338 5350 3
5824 5350 1
6025 5350 1
5352 5351 1
5351 5353 1
5354 5353 2
5352 5354 1
5359 5358 1
5362 5359 5
5691 5360 1
5861 5360 1
5970 5360 1
5910 5360 1
6033 5360 1
5358 5360 1
6036 5360 1
5890 5360 1
5201 5360 10
5970 5361 1
6036 5361 1
5362 5361 9
5691 5361 1
6033 5361 1
5861 5361 1
5910 5361 1
5358 5361 1
5890 5361 1
5284 5362 1
5359 5362 8
5555 5362 6
5955 5362 1
5798 5362 2
5361 5363 9
5362 5363 9
5365 5364 1
5179 5366 3
5694 5366 1
5464 5366 1
5364 5366 1
5544 5367 1
5328 5368 4
5231 5370 1
5835 5371 1
5370 5371 1
5372 5371 3
5806 5371 1
5289 5372 2
5231 5372 3
5194 5372 4
5564 5372 1
5526 5372 1
5375 5374 6
5895 5374 1
5305 5376 2
5627 5377 1
5447 5377 1
5376 5377 2
5199 5377 8
5856 5377 2
5377 5378 8
5203 5378 9
5856 5378 2
5380 5379 9
5378 5379 9
5203 5380 9
5194 5380 4
5380 5381 9
5378 5381 9
5378 5382 9
5380 5382 9
5378 5383 9
5380 5383 9
5380 5384 9
5378 5384 9
5378 5385 9
5380 5385 9
5387 5386 5
5895 5386 1
5179 5388 1
5179 5389 2
5388 5389 1
5954 5390 1
5549 5390 1
5362 5390 3
5362 5391 3
5390 5391 3
5390 5392 3
5362 5392 3
5390 5393 3
5362 5393 3
5362 5394 3
5390 5394 3
5390 5395 3
5362 5395 3
5390 5396 3
5362 5396 3
5390 5397 3
5362 5397 3
5390 5398 3
5362 5398 3
5291 5399 1
5969 5400 1
5923 5400 1
5887 5400 1
5235 5400 5
5438 5400 1
5399 5400 1
5318 5401 1
5399 5401 1
5851 5402 1
5876 5402 1
5399 5402 1
5235 5402 9
5665 5402 1
5825 5402 1
5907 5402 1
5923 5402 1
5969 5402 1
5846 5402 1
5399 5403 1
5318 5403 1
5399 5404 1
5883 5404 1
5658 5404 1
5941 5404 1
5825 5404 1
5405 5404 15
5873 5404 1
5851 5404 1
5438 5404 1
5846 5404 1
6059 5404 1
5878 5404 1
5727 5404 1
5486 5404 1
5876 5404 1
5231 5405 1
5292 5405 2
5290 5405 2
5285 5405 2
5286 5405 2
5291 5405 2
5289 5405 2
5195 5405 3
5487 5405 1
5727 5406 1
5941 5406 1
5405 5406 12
5399 5406 1
6059 5406 1
5851 5406 1
5438 5406 1
5876 5406 1
5658 5406 1
5878 5406 1
5846 5406 1
5873 5406 1
5825 5406 1
5328 5407 4
5409 5408 3
5292 5410 1
5218 5411 3
5683 5411 1
5410 5411 1
5411 5412 1
5410 5412 1
5413 5412 5
5851 5412 1
5923 5412 1
5876 5412 1
5848 5413 1
5287 5413 1
5231 5413 2
5194 5413 4
5577 5413 3
5218 5413 1
5292 5413 6
5291 5413 1
5415 5414 4
5386 5414 1
5417 5416 1
5328 5417 4
6064 5418 1
5633 5418 1
5328 5418 4
5416 5418 1
5471 5418 1
5799 5419 1
5414 5419 2
5421 5420 3
5636 5420 2
5419 5420 2
5231 5421 2
5414 5421 3
5194 5421 4
5320 5422 4
5256 5423 2
5827 5424 1
6020 5424 1
5423 5424 2
6069 5424 1
5738 5424 3
6021 5424 1
5722 5424 1
5760 5424 1
5425 5424 13
5494 5424 2
5186 5425 1
5487 5425 1
5282 5425 1
5256 5425 9
5427 5426 1
5527 5427 3
5684 5428 2
5427 5428 7
5666 5428 1
5822 5428 1
5675 5428 1
5426 5428 1
5430 5429 8
5428 5429 7
5896 5429 1
5427 5430 7
5430 5431 8
5896 5431 1
5428 5431 7
5433 5432 1
5451 5433 3
5432 5434 1
5435 5434 1
5744 5435 1
5433 5435 1
5184 5436 1
5565 5437 1
5179 5437 2
5291 5438 1
5438 5439 1
5440 5439 3
5986 5439 1
5291 5440 2
5439 5441 3
5175 5441 3
5330 5443 4
5445 5444 2
5575 5446 1
5445 5446 5
6005 5446 2
5444 5446 2
5305 5447 1
5449 5448 3
5270 5450 1
5354 5452 2
5354 5453 3
5452 5453 2
5455 5454 1
5460 5455 1
5647 5455 4
5455 5456 2
5454 5456 1
5194 5457 3
5458 5457 2
5456 5457 2
5455 5458 2
5454 5458 1
5448 5459 2
5461 5460 3
5895 5460 1
5239 5462 1
5179 5463 2
5462 5463 1
5365 5464 1
5218 5465 1
5218 5466 3
5801 5466 1
5465 5466 1
5768 5467 1
5468 5467 2
5555 5468 1
5239 5469 1
5469 5470 1
5239 5470 3
5326 5471 1
5279 5472 4
5712 5472 1
6007 5472 1
5352 5473 2
5507 5473 1
5475 5474 2
5473 5474 2
5509 5475 2
5352 5475 2
5473 5476 2
5475 5476 2
5475 5477 2
5473 5477 2
5473 5478 2
5475 5478 2
5475 5479 2
5473 5479 2
5473 5480 2
5475 5480 2
5475 5481 2
5473 5481 2
5895 5482 1
5483 5482 4
5239 5484 2
5179 5485 1
5487 5486 1
5486 5488 1
5229 5488 1
5490 5489 1
5486 5489 1
5487 5490 1
5486 5491 1
5490 5491 1
5490 5492 1
5486 5492 1
5405 5493 2
5486 5493 1
5883 5493 1
5425 5494 2
5486 5494 1
5486 5495 1
5199 5495 2
5497 5496 1
5496 5498 1
5270 5498 2
5498 5499 2
5270 5499 3
5670 5499 1
5958 5500 2
5496 5500 1
5599 5500 1
5270 5500 4
5328 5501 4
5353 5502 1
5453 5502 1
5354 5502 3
5330 5503 4
5330 5504 4
5330 5505 4
5330 5506 4
5352 5507 1
5509 5508 1
5507 5508 1
5352 5509 1
5509 5510 1
5507 5510 1
5507 5511 1
5509 5511 1
5507 5512 1
5509 5512 1
5507 5513 1
5509 5513 1
5509 5514 1
5507 5514 1
5509 5515 1
5507 5515 1
5507 5516 1
5509 5516 1
5509 5517 2
5507 5517 1
5517 5518 2
5475 5518 2
6006 5519 1
5330 5519 3
5683 5519 1
5330 5520 3
5519 5520 3
5258 5521 1
5239 5522 1
5239 5523 3
5522 5523 1
5895 5524 1
5525 5524 2
5374 5526 1
5373 5526 4
5527 5528 3
5270 5529 1
5270 5530 2
5529 5530 1
5869 5531 2
5270 5531 6
5784 5531 2
5530 5531 2
5292 5532 1
5218 5533 3
5640 5533 1
5532 5533 1
5900 5534 1
5532 5534 1
5535 5534 2
5292 5535 2
5923 5536 1
5532 5536 1
5194 5536 2
5184 5537 2
5863 5538 2
6010 5538 1
5270 5538 4
5272 5539 1
5670 5540 1
6063 5540 1
5539 5540 1
5270 5540 3
5218 5542 1
5544 5543 1
5625 5544 3
5367 5545 1
5543 5545 1
5543 5546 1
5367 5546 1
5888 5547 1
5184 5547 2
5543 5547 1
5328 5548 4
5284 5549 1
5935 5550 1
5752 5550 1
5919 5550 1
5960 5550 1
5885 5550 1
5201 5550 9
5549 5550 1
5674 5550 1
5677 5550 1
5954 5551 1
5549 5551 1
5252 5551 2
5252 5552 2
5549 5552 1
5954 5552 1
5252 5553 2
5954 5553 1
5549 5553 1
5954 5554 1
5555 5554 2
5549 5554 1
5468 5555 3
5643 5555 3
5955 5555 1
5252 5555 3
5638 5555 3
5332 5555 3
5284 5555 1
5359 5555 5
5261 5556 1
5556 5557 1
5261 5557 2
5179 5558 3
5557 5558 2
5239 5559 1
5559 5560 1
5759 5560 1
5277 5560 3
5560 5561 3
5277 5561 5
5189 5562 4
5647 5562 1
5415 5563 1
5386 5563 1
5189 5563 4
5189 5564 4
5374 5564 1
5231 5565 1
5846 5566 1
5169 5566 2
5565 5566 1
5179 5567 2
5279 5568 2
5933 5569 1
5568 5569 2
5641 5569 2
5279 5569 5
5231 5570 1
5636 5571 2
5421 5571 3
5570 5571 1
5421 5572 3
5570 5572 1
5636 5572 2
5574 5573 4
5237 5573 1
5895 5573 1
5445 5575 1
5577 5576 1
5736 5577 4
5848 5577 2
5576 5578 1
5413 5578 2
6052 5578 1
5576 5579 1
5413 5579 3
6052 5579 1
5790 5579 1
5580 5581 3
5583 5582 3
5186 5582 1
5585 5584 2
5895 5584 1
5587 5586 1
5589 5588 1
5586 5588 1
5587 5589 1
5586 5590 1
5591 5590 2
5587 5591 1
5590 5592 2
5187 5592 2
5586 5593 1
5591 5593 2
5187 5594 2
5593 5594 2
5445 5595 1
5595 5596 1
5445 5596 1
5184 5597 1
5597 5598 1
5436 5598 1
5497 5599 1
5270 5600 3
5867 5600 1
5599 5600 1
5289 5601 1
5372 5602 1
5601 5602 1
5761 5603 1
5658 5603 1
5601 5603 1
5372 5603 4
5966 5603 1
5601 5604 1
5372 5604 1
5167 5605 1
6041 5624 1
5239 5624 3
5292 5626 1
5287 5627 1
5627 5628 1
5201 5628 2
5229 5629 1
5627 5629 1
5256 5630 1
5195 5630 3
5255 5630 1
5288 5630 1
5290 5631 2
5231 5631 1
5194 5631 4
5194 5632 4
5407 5633 1
5274 5634 2
5679 5634 1
5634 5635 2
5274 5635 2
5799 5636 1
5414 5636 2
5421 5637 2
5636 5637 2
5555 5638 1
5417 5639 1
5218 5640 1
5279 5641 2
5864 5641 1
5643 5642 2
5768 5642 1
5555 5643 1
5252 5644 2
5642 5644 2
5179 5645 1
5179 5646 1
5179 5648 1
5179 5649 2
5648 5649 1
6057 5650 1
5943 5650 1
5651 5650 4
5704 5650 1
5285 5651 1
5289 5651 1
5291 5651 1
5651 5652 4
5650 5652 4
5650 5653 4
5651 5653 4
5650 5654 4
5651 5654 4
5650 5655 4
5651 5655 4
5651 5656 4
5650 5656 4
5239 5657 2
5289 5658 1
5761 5659 1
5835 5659 1
5658 5659 1
5372 5659 3
5761 5660 1
5372 5660 2
5658 5660 1
5658 5661 1
5372 5661 1
5372 5662 1
5658 5662 1
5261 5663 3
6009 5663 1
5658 5663 1
5235 5664 2
5658 5664 1
5767 5664 1
5329 5665 1
5427 5666 1
5179 5667 1
5503 5668 1
5703 5669 1
5668 5669 1
5235 5669 2
5272 5670 2
5184 5671 1
5673 5672 1
5328 5673 4
5291 5674 1
5427 5675 1
5936 5676 1
5201 5676 2
5285 5677 1
5169 5678 1
5677 5678 1
5261 5679 1
5261 5680 3
5680 5681 2
5682 5681 2
5261 5682 2
5292 5683 1
5427 5684 2
6013 5684 1
5311 5685 1
5685 5686 1
5687 5686 2
5802 5686 1
5311 5687 1
5422 5687 1
5685 5688 1
5687 5688 2
5802 5688 1
5685 5689 1
5687 5689 1
5359 5691 1
5279 5692 1
5184 5694 3
5697 5696 1
5911 5697 1
5699 5698 1
5696 5698 1
5781 5699 2
5697 5699 1
5857 5700 1
5696 5700 1
5701 5700 2
5256 5701 1
5697 5701 1
5504 5703 1
5291 5704 1
5831 5706 1
5541 5706 1
5179 5707 1
5709 5708 3
5787 5708 1
5699 5708 1
5449 5711 3
5201 5712 1
5179 5713 1
5231 5714 1
5239 5715 2
5179 5716 1
5719 5718 1
5841 5719 1
5719 5720 1
5718 5720 1
5256 5722 1
5630 5723 1
5722 5723 1
5722 5724 1
5630 5724 1
5258 5725 1
5258 5726 2
5725 5726 1
5290 5727 1
5728 5729 3
5362 5730 1
5362 5731 1
5730 5731 1
6016 5734 1
5877 5734 1
5179 5734 3
5179 5735 3
5734 5735 3
5848 5736 2
5256 5737 1
5256 5738 3
5737 5738 1
6001 5738 1
5737 5739 1
5256 5739 2
5739 5740 2
5425 5740 2
5269 5741 1
5270 5741 2
5283 5742 1
5192 5743 1
5742 5743 1
5745 5744 3
5179 5746 1
5292 5747 1
5239 5748 2
5201 5749 1
5231 5750 1
5714 5751 1
5750 5751 1
5290 5752 1
5964 5753 1
5919 5753 1
5752 5753 1
5631 5753 3
5919 5754 1
5752 5754 1
5631 5754 2
5752 5755 1
5631 5755 1
5752 5756 1
5631 5756 1
5407 5758 1
5277 5759 3
5830 5759 1
5282 5760 1
5564 5761 1
5761 5762 1
5372 5762 1
5250 5763 1
5169 5764 2
5763 5764 1
5997 5764 1
5274 5765 4
5874 5765 2
5274 5766 5
5765 5766 4
5289 5767 1
5555 5768 1
5768 5769 1
5638 5769 1
5638 5770 2
5768 5770 1
5643 5771 1
5768 5771 1
5332 5772 1
5768 5772 1
5768 5773 1
5468 5773 1
5901 5774 1
5258 5774 2
5258 5775 3
5951 5775 2
5261 5776 1
5776 5777 1
5298 5777 1
5179 5778 2
5785 5778 1
5998 5779 1
6053 5779 1
5577 5779 3
5781 5780 3
5815 5780 2
5287 5781 1
5903 5781 3
5781 5782 3
5780 5782 3
5548 5783 1
5270 5784 2
6043 5784 1
5179 5785 1
5255 5786 1
5781 5788 1
5815 5789 2
5781 5789 6
5788 5789 1
5938 5789 2
5985 5789 1
6034 5789 1
5292 5790 1
5790 5791 1
5413 5791 1
5218 5792 2
5900 5792 1
5790 5792 1
6052 5793 1
5413 5793 2
5790 5793 1
5790 5794 1
5900 5794 1
6052 5794 1
5218 5794 3
5179 5795 1
5895 5796 1
5797 5796 3
5414 5799 1
5289 5800 1
5287 5801 1
5422 5802 1
5179 5803 1
5231 5804 1
5318 5805 1
5804 5805 1
5231 5806 1
5809 5808 1
5809 5810 1
5808 5810 1
5808 5811 1
5809 5811 1
5201 5812 1
5812 5813 1
5201 5813 1
5218 5814 1
5952 5815 1
5781 5815 2
5781 5816 3
5815 5816 2
5816 5817 3
5781 5817 3
5699 5818 2
5815 5818 2
5179 5819 1
5902 5820 1
5261 5820 3
5820 5821 1
5179 5821 1
5427 5822 1
5956 5823 1
5239 5823 3
5339 5824 1
5285 5825 1
5846 5826 1
5169 5826 2
5825 5826 1
5256 5827 1
5231 5828 1
5413 5829 3
6053 5829 1
5828 5829 1
5923 5829 1
5239 5830 1
5328 5832 4
5328 5833 4
5279 5834 2
5231 5835 1
5837 5836 1
5837 5838 1
5836 5838 1
5291 5839 1
5841 5840 1
5179 5842 1
5842 5843 1
5179 5843 1
5440 5844 1
5844 5845 1
5175 5845 1
5285 5846 1
5846 5847 1
5169 5847 1
5849 5848 3
5292 5851 1
5851 5852 1
5907 5852 1
5876 5852 1
5235 5852 3
5876 5853 1
5851 5853 1
5413 5853 4
5971 5853 1
5923 5853 1
5287 5855 1
5199 5856 2
5855 5856 1
5256 5857 1
5281 5858 1
5440 5859 3
5175 5860 3
5859 5860 3
5359 5861 1
6033 5862 1
6036 5862 1
5910 5862 1
5861 5862 1
5970 5862 1
5555 5862 5
5270 5863 2
5962 5863 1
5279 5864 1
5218 5865 3
5947 5865 1
6021 5865 1
5184 5866 1
5270 5867 1
5270 5868 1
5868 5869 1
5270 5869 2
5833 5870 1
5270 5871 2
5269 5871 1
5269 5872 1
5270 5872 2
5286 5873 1
5680 5874 1
5274 5874 2
5279 5875 2
5292 5876 1
5179 5877 1
5286 5878 1
5878 5879 1
5235 5879 1
5179 5880 2
5982 5880 1
5356 5881 1
5881 5882 1
5356 5882 1
5231 5883 1
5258 5884 1
5286 5885 1
5291 5887 1
5186 5888 1
5218 5889 2
5888 5889 1
5359 5890 1
5892 5891 1
5892 5893 1
5891 5893 1
5680 5894 1
5261 5894 2
5430 5896 1
6011 5897 1
5231 5898 1
5898 5899 1
5169 5899 1
5292 5900 1
5258 5901 1
5261 5902 1
5184 5904 1
5237 5905 1
5905 5906 1
5573 5906 1
5506 5907 1
5907 5908 1
5235 5908 1
5235 5909 1
5907 5909 1
5359 5910 1
5184 5912 1
5680 5912 1
5274 5913 1
5680 5913 1
5288 5914 1
5630 5915 2
5948 5915 1
5914 5915 1
5630 5916 2
5914 5916 1
5948 5916 1
5948 5917 1
5914 5917 1
5630 5917 2
5630 5918 2
5914 5918 1
5948 5918 1
5290 5919 1
5919 5920 1
5631 5920 1
5919 5921 1
5631 5921 1
5919 5922 1
5631 5922 1
5577 5923 1
5229 5924 1
5923 5924 1
5229 5925 1
5923 5925 1
5934 5926 1
5413 5926 3
5944 5926 1
5923 5926 1
5923 5927 1
5229 5927 1
5923 5928 1
5229 5928 1
5229 5929 1
5923 5929 1
5923 5930 1
5229 5930 1
5229 5931 1
5923 5931 1
5663 5932 1
5179 5932 1
5279 5933 1
5292 5934 1
5286 5935 1
5443 5936 1
5936 5937 1
5235 5937 1
5985 5938 1
5781 5938 2
5985 5939 1
5938 5939 2
5781 5939 2
5938 5940 2
5781 5940 2
5290 5941 1
5235 5942 1
5941 5942 1
5289 5943 1
5231 5944 1
5368 5945 1
5258 5946 1
5218 5947 1
5255 5948 1
5786 5949 1
5948 5949 1
5258 5950 1
5258 5951 2
5950 5951 1
5287 5952 1
5413 5953 1
5952 5953 1
5955 5954 1
5239 5956 1
5497 5957 1
5957 5958 1
5497 5958 2
5354 5959 1
5292 5960 1
5179 5961 1
5270 5962 2
5239 5963 2
5231 5964 1
5239 5965 2
5526 5966 1
5526 5967 1
5966 5967 1
5292 5968 1
5505 5969 1
5359 5970 1
5291 5971 1
5239 5972 1
5971 5972 1
5292 5973 1
5186 5975 1
5281 5976 1
5858 5977 1
5976 5977 1
5976 5978 1
5858 5978 1
5411 5979 1
5229 5979 1
5411 5980 1
5235 5980 1
5218 5981 1
5179 5982 1
5179 5983 2
5179 5984 1
5781 5985 1
5291 5986 1
5239 5987 2
5682 5988 1
5680 5988 1
5440 5989 1
5989 5990 1
5175 5990 1
6026 5991 1
5201 5991 2
5201 5992 2
5991 5992 2
5577 5994 1
5994 5995 1
5413 5995 1
5179 5996 1
5285 5997 1
5848 5998 1
5736 5999 1
5998 5999 1
5998 6000 1
5736 6000 1
5256 6001 1
5272 6002 1
6002 6003 1
5272 6003 1
5445 6004 1
6004 6005 1
5445 6005 2
5256 6006 1
5279 6007 1
6007 6008 1
5279 6008 1
5255 6009 1
5270 6010 1
5179 6012 1
5561 6012 1
5427 6013 1
5279 6014 1
5279 6015 1
6014 6015 1
5179 6016 1
5993 6018 1
6018 6019 1
5993 6019 1
5256 6020 1
5186 6021 1
5582 6022 1
6021 6022 1
5218 6023 1
5832 6024 1
5201 6025 1
5201 6026 1
5179 6027 1
5328 6028 1
5328 6029 1
6028 6029 1
6028 6030 1
5328 6030 1
5201 6031 1
5359 6033 1
5781 6034 1
6034 6035 1
5781 6035 1
5359 6036 1
5231 6037 1
6037 6038 1
5421 6038 1
5258 6039 1
5201 6040 1
5239 6041 1
5270 6043 1
5744 6044 1
5435 6045 1
6044 6045 1
5324 6046 1
6044 6046 1
6044 6047 1
5435 6047 1
5577 6048 1
5231 6049 1
5440 6050 1
5175 6051 1
6050 6051 1
5292 6052 1
5848 6053 1
6053 6054 1
5736 6054 1
6053 6055 1
5736 6055 1
6053 6056 1
5736 6056 1
5285 6057 1
5274 6058 1
5273 6058 1
5289 6059 1
6059 6060 1
5235 6060 1
5502 6061 1
5959 6061 1
5502 6062 1
5959 6062 1
5270 6063 1
5833 6064 1
5167 6065 1
5261 6066 1
5425 6069 1
