8094 8073 2
8147 8073 2
8172 8073 2
8089 8073 2
8173 8073 2
8099 8073 2
8155 8073 2
8077 8073 2
8083 8073 2
8075 8074 4
8093 8074 1
8078 8077 5
8143 8077 1
8080 8079 3
8141 8081 1
8186 8082 1
8083 8082 4
8073 8085 2
8122 8085 1
8087 8086 2
8085 8086 2
8073 8087 5
8089 8088 1
8091 8090 4
8092 8091 9
8162 8094 5
8093 8094 1
8136 8095 4
8093 8095 1
8148 8096 4
8093 8096 1
8099 8098 1
8098 8100 1
8073 8100 2
8100 8101 2
8087 8101 2
8104 8103 1
8106 8104 1
8103 8105 1
8106 8105 1
8146 8106 2
8074 8106 2
8104 8106 1
8096 8106 2
8147 8106 2
8108 8107 2
8156 8107 1
8114 8108 1
8110 8109 3
8169 8109 1
8107 8109 2
8108 8110 2
8170 8110 1
8091 8111 4
8113 8112 3
8143 8112 1
8095 8114 1
8108 8114 1
8116 8115 1
8117 8116 4
8099 8118 1
8073 8119 1
8118 8119 1
8122 8120 1
8073 8120 2
8087 8121 2
8120 8121 2
8073 8122 1
8087 8123 1
8122 8123 1
8126 8125 1
8147 8126 1
8116 8127 1
8128 8127 1
8129 8128 3
8183 8128 1
8114 8133 1
8133 8134 1
8135 8134 2
8156 8134 1
8114 8135 2
8092 8135 3
8138 8139 3
8141 8140 1
8167 8144 3
8143 8144 1
8144 8151 1
8112 8151 1
8099 8153 1
8155 8154 1
8153 8154 1
8099 8155 1
8114 8156 1
8077 8161 1
8094 8161 1
8091 8165 4
8108 8168 1
8095 8168 1
8116 8168 1
8170 8169 1
8073 8171 1
8079 8174 1
8079 8175 1
8174 8175 1
8174 8176 1
8079 8176 1
8127 8180 1
8127 8181 1
8180 8181 1
8180 8182 1
8127 8182 1
8185 8184 2
8197 8184 1
