11122 2648 1
7642 2648 1
11122 2649 1
7642 2649 1
7642 2650 1
11122 2650 3
3320 2650 1
7642 2651 1
7399 2651 1
7399 2652 1
7642 2652 1
7399 2653 1
7642 2653 1
7642 2654 1
7399 2654 1
7518 2656 1
10973 3314 1
14396 3315 1
7194 3316 1
7414 3317 1
14337 3318 1
7538 3319 1
7200 3319 1
14454 3320 1
14337 3321 2
10985 3322 2
3321 3322 2
14326 3323 3
11142 3323 1
3405 3326 1
10924 3326 2
14337 3328 1
7534 3329 1
10933 3330 1
14337 3331 1
14337 3332 1
14485 3333 1
7300 3335 1
11010 3336 1
10976 3337 1
14408 3338 2
14594 3338 1
3337 3338 1
3337 3339 1
14594 3339 1
14408 3339 2
3337 3340 1
14594 3340 1
14408 3340 2
3337 3341 1
14408 3341 1
14594 3342 1
14408 3342 2
3337 3342 1
14400 3343 1
14430 3344 1
3343 3344 1
11013 3345 1
10955 3346 1
14347 3347 1
7237 3348 1
14423 3349 1
14463 3350 2
3372 3350 1
11010 3351 2
7251 3352 1
10933 3353 1
14311 3354 3
14337 3355 1
14376 3356 1
10972 3357 1
10974 3358 1
7461 3360 1
11075 3361 1
10972 3364 1
10976 3366 1
10944 3367 1
7596 3368 1
7912 3369 1
11010 3370 1
14396 3371 1
7194 3372 1
14454 3373 1
7237 3374 1
14347 3376 1
10979 3377 2
3376 3377 1
3408 3378 1
7301 3378 2
14389 3380 1
10946 3381 1
3380 3381 1
10972 3382 1
7412 3384 1
3384 3385 1
11131 3385 1
7237 3386 1
7596 3387 1
14353 3389 1
10973 3390 1
14337 3392 1
3394 3393 1
14353 3395 1
14337 3396 1
7301 3397 1
14341 3398 1
3397 3398 1
11010 3399 1
3400 3401 1
14418 3401 2
10998 3402 1
11010 3403 1
14427 3404 1
7375 3405 1
10924 3406 1
3405 3406 1
10924 3407 1
3405 3407 1
7288 3408 1
3408 3409 1
7340 3409 1
7916 3410 1
3410 3411 1
14411 3411 1
14350 3412 1
14444 3413 1
3412 3413 1
3412 3414 1
14444 3414 1
7237 3415 1
7362 3417 1
10944 3418 1
10972 3419 1
7212 3420 1
7243 3421 1
11007 3422 1
3421 3422 1
7412 3423 1
10957 3424 1
10944 3425 1
10973 3426 1
10944 3427 1
3319 3428 1
10922 7177 1
7864 7178 1
3424 7178 1
11001 7178 15
14526 7178 2
7489 7178 8
7551 7178 1
3356 7178 1
7528 7178 1
10957 7179 4
14392 7180 2
10985 7180 3
14563 7180 1
14392 7181 2
3328 7181 1
10985 7181 3
3392 7182 1
10985 7182 3
14392 7182 2
14392 7183 2
10985 7183 3
3332 7183 1
14565 7184 1
14593 7184 1
14597 7184 1
11152 7184 1
14577 7184 1
11000 7184 8
7600 7184 1
7645 7184 1
3374 7184 1
11152 7185 1
14353 7185 2
7185 7186 2
14353 7186 2
14429 7187 1
10990 7188 3
7635 7188 2
7903 7189 1
14610 7189 1
7188 7189 3
7190 7189 5
10979 7190 1
11142 7190 1
10990 7190 3
14318 7192 1
7194 7193 1
14463 7194 4
10952 7195 5
3367 7195 1
7193 7195 1
7558 7195 1
14571 7195 1
7494 7195 1
7558 7196 1
7286 7196 1
10957 7196 6
3346 7196 1
7193 7196 1
3316 7196 1
7286 7197 1
7193 7197 1
14463 7197 3
14463 7198 4
7197 7198 3
7200 7199 1
7285 7200 3
10941 7201 1
7199 7201 1
7199 7202 1
11151 7202 2
7901 7203 1
7199 7203 1
14480 7203 3
7203 7204 3
14482 7204 3
14311 7205 3
10974 7206 1
7631 7207 1
14607 7207 1
10981 7207 4
7206 7207 1
7334 7207 1
7334 7208 1
10981 7208 5
7206 7208 1
14607 7208 1
14590 7208 1
7631 7208 1
14353 7209 1
7415 7210 1
14502 7210 4
7212 7211 1
7211 7213 1
7214 7213 4
7280 7213 3
10973 7214 1
7281 7214 4
10972 7214 1
7212 7214 2
7534 7214 1
10933 7214 2
10979 7214 2
7216 7215 1
7515 7216 1
7910 7216 2
7533 7216 1
14318 7217 1
3391 7218 1
7220 7218 1
7221 7218 1
7219 7218 2
7223 7222 1
7222 7224 1
7223 7224 1
7200 7225 1
7226 7225 3
10995 7227 2
7242 7227 1
14361 7228 2
7228 7229 2
14363 7229 2
14363 7230 2
7228 7230 2
14363 7231 6
14537 7231 1
7621 7231 1
7564 7231 1
7552 7231 1
7228 7231 2
10972 7232 1
14572 7233 1
7517 7233 1
11013 7233 10
7279 7233 1
14583 7233 1
3314 7233 1
7232 7233 1
14600 7233 1
7915 7233 1
7488 7233 1
2656 7233 1
7279 7234 1
7488 7234 1
3314 7234 1
7517 7234 1
14600 7234 1
2656 7234 1
14583 7234 1
7232 7234 1
11013 7234 8
7488 7235 1
3314 7235 1
7214 7235 5
7279 7235 1
3420 7235 1
7232 7235 1
7379 7236 2
10933 7236 1
7335 7236 1
11000 7237 4
10999 7238 5
10999 7239 5
14396 7240 1
10985 7241 4
7568 7241 2
7240 7241 1
7583 7241 1
7242 7243 1
7267 7243 1
10995 7243 2
11023 7244 1
10924 7245 1
10924 7246 2
7245 7246 1
7245 7247 1
10924 7247 2
10924 7248 2
7245 7248 1
11133 7250 1
7252 7251 2
7925 7251 1
7254 7253 3
7362 7253 4
7455 7253 1
10944 7255 1
10935 7256 2
14574 7256 1
10974 7257 1
14353 7258 1
14489 7259 4
14454 7260 1
7243 7261 1
14375 7263 6
14375 7264 6
7263 7264 6
11008 7265 1
3369 7266 1
7833 7266 1
7265 7266 1
3352 7266 1
14574 7266 1
14584 7266 1
10997 7266 7
7471 7266 1
7269 7268 3
11010 7270 1
14353 7271 1
7273 7272 1
7271 7272 1
14353 7273 1
14337 7274 1
7274 7275 1
10985 7275 1
10985 7276 3
7568 7276 2
7274 7276 1
10985 7277 1
7274 7277 1
7903 7278 1
10985 7278 3
7274 7278 1
14610 7278 1
10933 7279 1
3329 7280 1
14608 7280 1
7281 7280 3
7534 7281 2
7917 7281 2
7533 7281 1
7284 7282 1
7455 7282 1
7283 7282 2
7194 7286 1
14318 7287 1
11137 7288 3
7925 7289 1
7290 7289 2
14421 7291 3
7293 7292 1
11001 7292 1
14326 7294 3
14348 7295 1
7295 7296 1
7297 7296 1
7303 7297 3
7541 7297 1
14348 7297 1
10973 7298 1
7299 7300 1
7846 7300 2
14356 7301 3
7288 7301 1
11010 7302 1
11070 7304 1
7602 7305 2
10979 7305 3
10985 7306 6
7305 7306 3
7371 7306 1
7568 7306 2
7371 7307 1
10985 7307 4
7305 7307 3
10985 7308 4
7305 7308 3
7371 7308 1
7305 7309 3
7371 7309 1
10985 7309 4
7837 7310 1
7311 7310 4
14546 7310 1
7330 7310 1
7331 7311 1
7630 7311 1
7838 7311 1
7310 7312 4
7313 7312 4
7311 7313 4
14489 7314 4
7316 7315 1
7801 7316 2
7455 7316 1
7923 7317 1
7315 7317 1
14476 7317 2
7315 7318 1
14307 7318 2
14594 7319 1
7318 7319 2
14408 7319 4
3337 7319 1
14408 7320 3
3337 7320 1
7318 7320 2
14408 7321 3
7318 7321 2
14606 7321 1
14454 7322 1
7322 7323 1
11122 7323 3
7642 7323 1
14544 7323 1
14381 7324 1
7324 7325 1
14381 7325 1
7179 7326 1
7179 7327 1
7326 7327 1
14398 7328 1
7501 7329 1
14400 7329 2
7328 7329 1
7331 7330 1
7925 7332 1
7333 7332 2
10933 7334 1
7347 7335 1
7336 7335 2
7533 7335 1
7379 7335 1
7338 7337 1
14356 7339 3
7288 7340 1
14356 7340 3
14353 7341 1
7343 7342 1
7341 7342 1
14353 7343 1
7341 7344 1
7343 7344 1
7343 7345 1
7341 7345 1
7347 7346 1
7346 7348 1
7347 7348 2
11007 7349 2
7348 7349 2
7352 7351 1
7351 7353 1
7352 7353 1
7351 7354 1
7352 7354 1
7351 7355 1
7352 7355 2
7352 7356 2
7355 7356 2
14311 7357 3
7359 7358 1
7495 7359 3
7358 7360 1
7361 7360 1
7359 7361 1
7623 7362 1
7253 7362 1
10955 7363 1
7363 7364 1
10957 7364 2
7364 7365 2
7523 7365 2
11023 7365 5
7227 7366 1
11007 7367 2
14551 7367 1
7366 7367 1
10974 7368 1
7368 7369 1
3419 7369 1
7835 7369 1
7370 7369 6
7903 7369 1
3330 7369 1
14560 7369 1
10974 7370 1
10933 7370 1
10979 7370 1
14411 7370 1
10972 7370 1
10973 7370 1
14337 7371 1
7371 7372 1
7642 7372 1
10985 7372 2
7642 7373 1
10985 7373 7
7371 7373 1
7466 7373 2
7467 7373 4
7375 7374 1
7531 7375 1
7560 7375 2
7375 7376 1
7374 7376 1
10933 7377 4
14570 7377 1
7508 7377 1
7379 7378 2
7834 7380 1
7378 7380 2
7488 7380 1
7236 7380 4
11010 7381 1
11005 7382 3
7819 7382 2
7384 7383 5
7382 7383 3
7888 7383 2
11005 7384 3
7389 7384 2
14423 7385 1
7362 7386 1
7386 7387 1
7633 7387 1
7422 7387 1
3417 7387 1
7253 7387 4
10974 7390 1
10931 7391 1
7393 7392 2
7473 7392 1
14421 7394 3
10976 7395 1
7397 7396 1
7625 7397 3
7626 7397 3
7396 7398 1
7399 7398 1
10979 7399 1
7397 7399 1
14436 7399 3
7400 7401 1
7462 7401 2
7400 7402 1
7606 7402 2
10976 7403 1
3415 7404 1
14480 7404 7
14590 7404 1
14566 7404 1
3348 7404 1
14569 7404 1
3386 7404 1
14482 7405 13
7889 7405 6
7404 7405 7
14476 7406 6
3337 7406 1
7926 7406 1
7853 7406 1
3333 7406 1
3345 7406 1
14376 7407 1
11067 7408 2
14551 7408 1
7407 7408 1
7407 7409 1
11007 7409 1
7407 7410 1
11007 7410 1
7412 7411 1
7414 7413 1
7411 7413 1
7412 7414 1
10976 7416 1
7418 7417 1
7420 7419 4
7362 7422 1
14444 7424 1
14444 7425 1
7424 7425 1
10973 7426 1
7331 7427 1
14353 7428 1
14353 7429 1
7393 7430 2
7473 7430 1
7432 7431 1
7434 7433 3
7338 7435 1
7338 7436 1
7435 7436 1
14403 7437 11
7889 7437 6
14577 7437 1
7435 7437 1
7806 7437 1
14407 7438 9
7437 7438 9
7889 7438 6
14407 7439 9
7437 7439 9
7238 7440 1
14337 7441 1
10985 7442 2
7441 7442 1
7903 7442 1
7441 7443 1
7642 7443 1
10985 7443 2
14417 7444 1
7446 7445 1
7446 7447 2
7445 7447 1
7447 7448 2
7449 7448 2
7446 7449 2
11010 7450 1
7301 7451 3
3325 7456 1
7930 7456 2
3324 7456 1
7636 7456 1
7455 7456 1
7540 7457 2
7284 7457 1
7455 7457 1
7535 7458 2
7455 7458 1
7455 7459 1
14493 7459 2
7535 7460 2
7455 7460 1
7529 7461 2
7455 7461 1
10942 7464 1
11116 7465 1
7465 7466 1
10999 7466 2
7573 7467 1
7895 7467 1
7465 7467 1
10999 7467 4
7469 7468 1
11131 7470 1
7468 7470 1
7289 7471 1
11142 7472 1
14326 7472 3
7473 7474 1
7643 7474 2
7643 7475 2
7473 7475 1
11137 7477 3
11010 7478 1
7335 7479 2
7865 7479 1
7378 7479 1
11142 7480 1
14326 7480 3
14421 7481 3
7547 7482 1
14421 7482 3
14421 7483 3
14337 7484 1
7484 7485 1
14413 7485 1
10985 7485 2
10973 7486 1
10933 7488 1
14577 7489 1
7806 7489 1
7645 7489 1
14550 7489 1
14403 7489 8
7598 7489 1
14597 7489 1
7638 7489 1
14311 7491 3
7225 7492 4
7821 7492 3
10976 7493 1
10944 7494 1
11023 7496 1
7497 7497 1
11000 7497 1
7292 7499 2
7249 7501 1
7454 7502 1
10944 7503 1
7505 7504 5
10933 7507 1
10933 7508 1
10973 7513 1
7515 7514 1
11133 7515 1
7216 7516 1
7514 7516 1
7518 7517 1
11105 7519 1
14353 7521 1
10955 7522 1
10957 7523 2
7522 7523 1
7523 7524 2
11023 7524 3
7525 7526 3
7541 7526 1
11073 7527 1
7225 7528 1
10924 7530 2
3405 7530 1
14589 7532 1
10979 7532 4
7926 7532 1
3337 7532 1
11133 7534 1
11142 7536 1
14326 7536 3
7538 7537 1
7414 7539 1
11107 7544 1
11107 7545 2
7544 7545 1
7350 7548 1
7350 7549 1
7548 7549 1
14523 7550 1
10933 7550 2
11023 7551 1
14361 7552 1
14406 7553 3
7347 7554 1
10944 7555 1
7556 7557 3
7194 7558 1
14326 7559 3
11142 7559 1
14337 7562 1
10973 7563 1
14361 7564 1
7191 7565 1
7423 7565 1
7918 7565 1
7919 7565 1
10976 7567 1
10979 7568 2
7567 7568 1
10985 7569 3
7583 7569 1
7568 7569 2
7568 7570 2
7214 7570 4
14538 7570 1
3329 7570 1
10973 7571 1
10973 7572 3
7571 7572 1
11116 7573 1
10944 7574 1
7889 7575 6
7574 7575 1
14557 7575 1
10946 7575 8
11010 7576 1
10924 7577 1
10973 7578 1
7566 7579 1
7554 7580 1
7268 7581 1
7581 7582 1
14378 7582 1
14337 7583 1
11132 7584 1
7586 7585 1
7584 7585 1
11132 7586 1
7889 7587 6
11107 7587 7
14334 7588 1
7588 7589 1
7590 7589 1
14334 7590 1
14311 7590 3
7592 7591 2
7455 7591 1
7836 7593 1
10979 7593 2
14326 7594 3
11142 7594 1
7596 7595 1
7596 7597 1
7595 7597 1
7338 7598 1
7600 7599 1
11005 7599 8
7888 7599 2
7832 7599 1
7638 7599 1
7598 7599 1
11000 7600 1
7292 7601 1
7601 7602 1
7499 7602 2
14489 7603 2
7602 7603 2
7504 7604 4
10944 7607 1
7854 7608 1
7610 7608 4
7609 7608 2
7611 7610 4
7855 7610 1
14396 7612 1
14466 7613 1
14588 7614 1
14350 7614 3
7865 7614 1
7613 7614 1
7615 7616 1
3327 7616 2
14396 7617 1
3319 7618 1
14330 7619 1
10941 7620 1
7619 7620 1
14361 7621 1
10973 7622 1
7520 7627 1
7627 7628 1
10942 7628 1
3383 7629 2
7455 7629 1
7927 7630 2
7455 7630 1
10972 7631 1
14311 7632 3
7362 7633 1
10976 7634 1
7634 7635 1
10979 7635 2
14389 7637 1
7499 7638 1
7638 7639 1
14489 7639 1
7638 7640 1
14489 7640 1
14597 7641 1
10979 7641 4
7645 7641 1
7638 7641 1
14577 7641 1
14577 7642 1
7638 7642 1
10979 7642 5
7645 7642 1
14597 7642 1
10944 7644 1
7237 7645 1
3371 7646 1
3425 7646 1
10955 7646 3
7646 7647 3
10957 7647 4
7647 7800 4
7179 7800 4
11127 7802 1
11127 7803 1
7802 7803 1
14396 7804 1
10985 7805 4
3331 7805 1
14558 7805 1
7804 7805 1
14540 7805 1
7200 7806 1
7806 7807 1
10941 7807 1
7806 7808 1
10941 7808 1
7806 7809 1
10941 7809 1
7806 7810 1
10941 7810 1
10941 7811 1
7806 7811 1
10941 7812 1
7806 7812 1
7806 7813 1
10941 7813 1
10941 7814 1
7806 7814 1
7806 7815 1
10941 7815 1
7806 7816 1
10941 7816 1
10941 7817 1
7806 7817 1
10941 7818 1
7806 7818 1
7806 7819 1
7820 7819 2
7200 7820 1
7806 7821 1
7225 7821 3
14581 7821 1
10941 7822 1
7806 7822 1
14577 7823 1
7806 7823 1
14480 7823 4
3374 7823 1
14593 7823 1
14577 7824 1
14480 7824 4
3374 7824 1
7806 7824 1
14593 7824 1
14593 7825 1
7806 7825 1
14577 7825 1
3374 7825 1
14480 7825 4
7827 7826 1
7806 7826 1
7200 7827 1
7806 7828 1
14593 7828 1
14577 7828 1
3374 7828 1
14480 7828 4
7806 7829 1
10941 7829 1
7806 7830 1
10941 7830 1
10944 7831 1
14463 7832 1
14496 7833 1
7335 7834 1
10973 7835 1
10998 7836 1
7838 7837 1
7837 7839 1
7311 7839 1
7837 7840 1
7311 7840 1
7250 7842 1
10976 7843 1
7370 7844 1
7370 7845 1
7844 7845 1
11010 7847 1
14318 7849 1
14375 7850 1
7850 7851 1
11001 7851 1
11010 7852 1
14485 7853 1
10974 7856 1
10974 7857 1
3397 7858 1
7451 7858 2
3378 7859 2
7858 7859 2
7451 7859 4
7412 7862 1
10972 7863 1
11151 7864 1
7347 7865 1
7554 7866 1
7865 7866 1
7554 7867 1
7865 7867 1
7865 7868 1
7554 7868 1
7554 7869 1
7865 7869 1
7865 7870 1
7554 7870 1
7554 7871 1
7865 7871 1
7554 7872 1
7865 7872 1
11007 7873 1
7865 7873 1
7554 7874 1
7865 7874 1
11007 7875 1
7865 7875 1
7865 7876 1
11007 7876 1
7865 7877 1
11007 7877 1
7865 7878 1
11007 7878 1
7347 7880 1
10944 7881 1
14318 7882 1
10972 7883 2
3382 7883 1
10973 7885 1
10933 7886 1
7389 7887 1
7389 7888 2
7887 7888 1
14577 7889 1
14593 7889 1
3374 7889 1
7888 7889 2
11004 7889 6
7889 7890 6
14482 7890 6
7889 7891 6
14482 7891 6
7599 7892 1
11005 7892 3
7888 7892 2
7888 7893 2
11005 7893 2
14423 7895 1
7903 7896 1
10990 7896 2
11007 7897 2
7896 7897 2
7896 7898 2
10985 7898 3
3392 7898 1
14551 7899 1
7896 7899 2
11007 7899 3
10990 7900 3
7896 7900 2
7237 7901 1
10979 7903 1
14564 7904 1
7903 7904 1
10985 7904 2
10985 7905 2
14564 7905 1
7903 7905 1
7903 7906 1
10985 7906 2
14564 7906 1
7908 7907 1
7903 7907 1
10979 7908 1
10979 7909 1
10925 7911 1
7913 7912 2
7925 7912 1
11107 7914 1
7518 7915 1
11133 7916 1
10944 7920 1
11067 7921 2
14547 7921 1
7920 7921 1
11067 7922 1
7920 7922 1
10979 7923 1
10924 7924 2
7923 7924 1
14423 7926 1
7389 7928 1
7928 7929 1
7389 7929 1
10971 7931 1
10971 7932 1
10971 7933 1
10971 7934 1
11010 7935 1
7399 7936 1
7642 7936 1
10985 7937 2
14549 7937 1
7642 7937 1
11122 7938 1
7642 7938 1
11122 7939 1
7642 7939 1
10925 10923 4
7316 10923 1
10999 10923 6
14408 10923 1
10924 10923 12
10979 10923 2
7375 10923 1
7375 10924 1
14363 10924 9
10979 10924 1
14361 10924 8
10923 10924 4
14408 10925 1
10979 10925 1
10923 10925 4
10999 10925 6
7316 10925 1
10927 10926 2
7455 10926 1
7352 10928 2
10928 10929 5
7355 10929 2
10931 10930 6
10929 10930 5
7391 10930 1
10928 10931 5
10933 10932 1
14419 10933 2
14490 10933 2
10971 10933 1
7563 10934 1
14553 10934 1
3358 10934 1
7232 10934 1
7513 10934 1
7622 10934 1
7298 10934 1
7885 10934 1
7863 10934 1
7279 10934 1
7377 10934 4
10932 10934 1
7426 10934 1
14542 10934 1
7572 10934 3
3314 10934 1
7507 10934 1
7856 10934 1
14601 10934 1
10935 10934 29
3357 10934 1
7488 10934 1
3364 10934 1
14575 10934 1
10974 10935 5
7332 10935 1
14313 10935 1
10972 10935 6
7347 10935 2
10973 10935 15
7412 10935 2
10933 10935 14
10935 10936 44
7486 10936 1
7857 10936 1
10934 10936 29
10970 10936 13
7863 10937 1
7622 10937 1
7488 10937 1
7298 10937 1
7377 10937 4
7426 10937 1
10938 10937 1
14601 10937 1
14542 10937 1
3358 10937 1
7865 10937 1
10932 10937 1
3364 10937 1
7572 10937 3
10935 10937 25
3314 10937 1
7880 10937 1
7507 10937 1
14553 10937 1
7563 10937 1
10935 10938 27
7256 10938 2
10937 10938 25
7835 10939 1
11148 10939 1
7368 10939 1
7862 10939 1
3419 10939 1
10964 10939 1
3314 10939 1
11143 10939 1
3423 10939 1
7885 10939 1
3353 10939 1
10937 10939 25
14312 10939 1
7578 10939 1
7488 10939 1
7857 10939 1
7486 10939 1
3330 10939 1
10935 10939 43
7390 10939 1
10941 10940 43
10939 10940 43
7200 10941 2
14436 10941 3
10935 10941 43
14330 10941 1
7520 10942 1
10944 10943 1
14463 10944 4
7644 10945 1
3427 10945 1
14388 10945 1
7920 10945 1
7555 10945 1
7607 10945 1
7831 10945 1
10946 10945 12
7286 10945 1
7574 10945 1
3418 10945 1
14547 10945 1
10943 10945 1
11004 10946 6
7194 10946 1
10944 10946 12
14389 10946 5
10943 10947 1
14547 10947 1
7920 10947 1
7574 10947 1
14452 10947 1
3418 10947 1
7555 10947 1
3427 10947 1
14557 10947 1
7889 10947 6
7607 10947 1
14460 10947 1
10946 10947 21
7286 10947 1
7644 10947 1
14388 10947 1
7831 10947 1
7920 10948 1
7889 10948 6
3427 10948 1
7503 10948 1
7286 10948 1
14547 10948 1
7637 10948 1
7607 10948 1
14460 10948 1
7831 10948 1
7574 10948 1
7644 10948 1
10943 10948 1
3380 10948 1
7555 10948 1
14388 10948 1
14452 10948 1
14557 10948 1
3418 10948 1
10946 10948 24
14569 10949 1
10950 10949 46
7196 10949 6
14551 10949 1
3427 10949 1
14460 10949 1
7607 10949 1
7255 10949 1
7244 10949 1
14452 10949 1
7574 10949 1
7831 10949 1
7920 10949 1
14590 10949 1
14571 10949 1
10943 10949 1
3380 10949 1
11138 10949 1
7555 10949 1
14566 10949 1
7637 10949 1
7503 10949 1
14388 10949 1
3421 10949 1
7198 10949 4
7647 10949 4
3418 10949 1
3316 10949 1
14557 10949 1
14577 10949 1
14547 10949 1
3348 10949 1
11021 10949 3
3386 10949 1
7644 10949 1
7366 10949 1
14593 10949 1
10944 10950 15
14396 10950 2
14463 10950 4
11023 10950 1
7237 10950 5
10957 10950 13
14389 10950 5
7194 10950 1
10994 10950 1
7243 10950 1
7227 10950 1
11138 10951 1
7404 10951 7
3316 10951 1
7255 10951 1
10952 10951 11
10943 10951 1
10944 10952 6
14480 10952 7
7194 10952 3
11138 10953 1
10952 10953 11
3316 10953 1
7404 10953 7
10943 10953 1
7255 10953 1
7494 10954 1
3418 10954 1
14452 10954 1
10943 10954 1
14571 10954 1
7255 10954 1
7831 10954 1
7555 10954 1
14547 10954 1
7607 10954 1
11138 10954 1
7920 10954 1
7574 10954 1
7503 10954 1
10955 10954 18
7644 10954 1
3427 10954 1
3367 10954 1
7237 10955 7
14482 10955 4
14396 10955 4
10944 10955 20
7454 10955 1
10954 10956 18
10957 10956 18
10955 10957 29
7194 10957 4
14482 10957 4
10943 10958 1
7555 10958 1
14571 10958 1
10959 10958 17
7574 10958 1
7494 10958 1
14452 10958 1
11100 10958 10
7197 10958 3
14463 10959 4
14396 10959 2
11004 10959 6
14376 10959 1
10994 10959 1
10944 10959 8
7227 10959 1
7243 10959 1
11023 10959 11
7237 10959 5
10957 10959 7
7574 10960 1
14571 10960 1
14452 10960 1
7555 10960 1
10955 10960 7
10943 10960 1
7502 10960 1
14593 10960 1
14566 10961 1
3386 10961 1
14590 10961 1
3415 10961 1
3348 10961 1
7574 10961 1
7555 10961 1
10955 10961 11
14569 10961 1
14571 10961 1
7240 10961 1
10943 10961 1
14571 10962 1
14445 10962 4
7574 10962 1
14569 10962 1
7502 10962 1
3415 10962 1
14593 10962 1
10943 10962 1
14590 10962 1
14452 10962 1
10955 10962 17
7555 10962 1
14566 10962 1
3348 10962 1
3386 10962 1
10955 10963 3
7240 10963 1
10943 10963 1
10933 10964 1
3368 10965 1
3345 10965 1
7885 10965 1
10964 10965 1
10966 10965 13
14609 10965 1
7595 10965 1
3387 10965 1
7578 10965 1
3314 10965 1
7279 10965 1
7488 10965 1
14599 10965 1
7232 10965 1
10933 10966 3
11013 10966 1
7347 10966 1
10979 10966 8
7596 10966 5
10972 10966 1
10973 10966 3
14609 10967 1
7885 10967 1
7595 10967 1
3387 10967 1
3345 10967 1
7279 10967 1
7488 10967 1
3368 10967 1
10966 10967 12
10964 10967 1
7578 10967 1
7232 10967 1
3314 10967 1
7865 10968 1
7488 10968 1
7532 10968 4
7885 10968 1
7232 10968 1
10964 10968 1
3345 10968 1
3368 10968 1
10966 10968 21
7595 10968 1
7279 10968 1
7909 10968 1
7578 10968 1
3314 10968 1
3387 10968 1
11011 10968 3
14609 10968 1
7532 10969 4
7232 10969 1
7279 10969 1
3368 10969 1
7578 10969 1
10966 10969 21
7885 10969 1
10964 10969 1
7595 10969 1
3345 10969 1
3387 10969 1
7909 10969 1
7865 10969 1
11011 10969 3
3314 10969 1
14609 10969 1
7488 10969 1
10964 10970 1
11148 10970 1
3419 10970 1
10935 10970 13
3353 10970 1
7880 10970 1
7835 10970 1
3330 10970 1
7368 10970 1
11143 10970 1
7865 10970 1
7390 10970 1
7578 10970 1
7841 10972 2
10971 10972 1
14490 10972 2
14490 10973 2
10971 10973 1
14491 10973 2
10971 10974 1
7512 10974 2
14490 10974 2
10976 10975 1
10999 10976 5
7634 10977 1
10976 10977 4
10975 10977 1
11135 10977 1
14416 10978 4
7895 10978 1
7385 10978 1
10977 10978 4
3386 10978 1
3347 10978 1
11115 10978 1
7573 10978 1
7612 10978 1
7395 10978 1
14422 10978 1
14504 10978 1
3349 10978 1
7849 10978 1
10979 10978 23
14596 10978 1
7567 10978 1
10976 10979 14
11116 10979 4
14347 10979 3
14423 10979 8
14318 10979 6
14417 10979 4
7499 10979 3
10999 10979 1
10998 10979 1
7237 10979 3
7238 10979 1
14396 10979 7
11007 10979 14
3366 10980 1
7334 10980 1
7588 10980 1
7631 10980 1
10981 10980 47
11115 10980 1
7206 10980 1
7903 10980 1
10978 10980 23
14606 10980 1
7573 10980 1
14607 10980 1
14590 10980 1
7192 10980 1
7428 10980 1
14504 10980 1
7567 10980 1
7209 10980 1
7240 10980 1
3337 10980 1
7926 10980 1
14422 10980 1
7849 10980 1
7568 10980 2
7258 10980 1
7341 10980 1
14455 10980 2
3347 10980 1
14431 10980 1
7493 10980 1
7521 10980 1
7896 10980 2
14318 10981 2
14353 10981 7
10974 10981 1
10979 10981 25
10976 10981 5
14334 10981 1
11116 10981 3
10972 10981 1
14423 10981 3
14347 10981 2
10973 10981 2
7237 10981 1
14396 10981 1
10990 10981 2
10933 10981 2
10978 10982 23
7900 10982 3
3393 10982 1
10992 10982 8
10983 10982 33
7300 10983 1
7469 10983 1
10990 10983 11
7347 10983 1
14333 10983 1
14353 10983 7
7237 10983 1
10933 10983 1
11122 10983 6
3394 10983 1
10972 10983 1
11140 10983 3
7331 10983 1
10979 10983 27
7432 10983 1
7250 10983 1
10999 10983 3
14429 10983 1
10978 10984 23
10985 10984 24
14564 10984 1
10999 10985 8
11142 10985 1
11116 10985 1
10990 10985 6
10979 10985 56
14337 10985 19
7237 10985 1
14396 10985 2
10985 10986 39
11124 10986 19
10978 10986 23
7371 10986 1
14607 10987 1
3314 10987 1
10978 10987 23
7206 10987 1
7341 10987 1
10981 10987 31
7631 10987 1
7334 10987 1
7521 10987 1
7488 10987 1
10975 10988 1
10979 10988 2
10990 10989 4
14598 10989 1
10988 10989 2
10979 10990 5
10989 10991 4
14425 10991 3
14610 10991 1
7896 10991 2
10985 10991 11
3318 10991 1
10990 10992 8
7188 10992 3
10989 10992 4
3393 10993 1
14392 10993 2
10983 10993 16
14425 10993 3
14332 10993 1
10992 10993 8
7903 10993 1
10995 10994 2
7242 10994 1
7267 10994 1
10942 10996 1
7332 10997 1
14494 10997 1
7912 10997 1
7251 10997 1
11008 10997 1
14496 10997 1
7289 10997 1
10999 10998 5
11116 10999 4
10985 10999 10
10979 10999 10
10998 10999 1
14423 10999 6
10976 10999 6
14347 10999 1
14318 10999 4
11000 10999 22
14396 11000 2
7237 11000 2
11005 11000 14
14318 11000 1
11153 11000 1
11003 11000 14
11001 11000 14
10999 11000 1
7238 11000 1
11004 11000 14
11006 11000 14
10957 11001 8
14463 11001 2
11151 11001 5
10955 11001 6
14403 11001 29
7238 11001 2
11023 11001 46
11002 11001 23
14353 11001 17
14347 11001 1
14375 11001 1
7225 11001 5
14376 11001 2
7237 11004 1
7389 11004 2
14396 11004 2
7499 11005 1
14463 11005 1
7338 11005 1
11000 11005 1
7820 11005 2
7389 11005 2
10990 11007 2
7347 11007 3
7227 11007 1
7243 11007 1
14376 11007 1
10994 11007 1
11009 11008 2
7925 11008 1
10979 11011 4
7416 11011 1
14327 11011 1
7926 11012 1
3337 11012 1
11013 11012 9
7532 11012 4
7909 11012 1
7865 11012 1
11011 11012 3
10972 11013 1
7379 11013 1
10979 11013 8
7518 11013 5
10973 11013 1
10933 11013 2
14423 11013 1
10976 11013 1
7347 11013 1
7532 11014 4
7865 11014 1
2656 11014 1
14572 11014 1
3337 11014 1
7915 11014 1
7926 11014 1
7279 11014 1
7909 11014 1
7517 11014 1
14583 11014 1
11011 11014 3
11013 11014 16
7232 11014 1
11016 11015 3
11010 11017 1
3403 11018 1
7381 11018 1
7935 11018 1
11019 11018 21
7302 11018 1
14561 11018 1
7450 11018 1
11017 11018 1
3370 11018 1
3399 11018 1
7478 11018 1
3351 11018 2
3336 11018 1
7847 11018 1
7270 11018 1
7576 11018 1
7568 11018 2
7852 11018 1
14543 11018 1
11010 11019 18
10979 11019 2
7881 11020 1
10955 11020 2
11020 11021 2
10957 11021 3
11021 11022 3
7244 11022 1
11023 11022 5
10944 11023 3
14463 11023 16
10957 11023 17
14455 11024 2
11025 11024 26
7271 11024 1
3395 11024 1
7209 11024 1
7341 11024 1
7365 11024 5
11022 11024 5
11098 11024 5
7492 11024 4
7258 11024 1
11062 11024 4
3389 11024 1
7440 11024 1
14440 11024 17
11001 11024 69
14459 11024 2
14576 11024 1
14565 11024 1
14352 11024 1
7524 11024 3
7496 11024 1
7521 11024 1
7244 11025 1
14464 11025 16
11023 11025 26
11021 11025 3
7647 11025 4
7920 11025 1
11025 11052 26
11062 11052 4
7196 11052 6
7555 11052 1
7496 11052 1
11023 11052 37
7524 11052 3
11054 11053 31
11025 11053 26
7524 11053 3
11062 11053 4
7496 11053 1
11023 11054 31
11021 11055 3
7198 11055 4
10959 11055 24
11100 11055 10
7647 11055 4
7555 11055 1
7496 11055 1
7889 11055 6
7244 11056 1
11021 11056 3
11057 11056 9
11063 11056 4
7647 11056 4
10957 11057 7
10959 11057 4
11023 11057 6
7244 11058 1
11021 11058 3
11063 11058 4
7647 11058 4
11057 11058 9
11021 11059 3
11057 11059 4
11063 11059 4
11057 11060 4
11021 11060 3
11063 11060 4
11057 11061 3
11021 11061 3
11021 11062 3
11023 11062 4
11021 11063 3
11023 11063 4
14431 11064 1
7428 11064 1
11100 11064 10
7407 11064 1
11021 11064 3
7429 11064 1
7209 11064 1
7202 11064 2
7365 11064 5
11052 11064 1
7341 11064 1
14445 11064 4
3350 11064 2
7647 11064 4
11150 11064 2
7185 11064 2
7492 11064 4
14545 11064 1
7258 11064 1
11001 11064 55
11063 11064 4
11098 11064 5
14402 11064 8
7437 11064 11
11063 11065 4
11057 11065 4
11063 11066 4
11067 11066 12
7555 11066 1
11100 11066 10
10994 11067 1
11023 11067 11
14376 11067 1
10944 11067 3
11057 11068 6
11063 11068 4
11071 11068 4
11068 11069 6
11070 11069 6
11067 11070 4
11057 11070 6
11021 11071 3
11023 11071 4
11073 11072 4
11071 11072 4
10950 11073 4
11023 11073 4
11071 11074 4
11075 11074 4
10950 11075 4
14389 11075 5
11023 11075 4
14460 11092 1
11075 11092 9
3380 11092 1
11071 11092 4
7637 11092 1
14388 11092 1
14557 11092 1
11075 11093 4
11071 11093 4
11075 11094 4
11071 11094 4
11071 11095 4
11075 11095 4
7492 11096 4
11071 11096 4
7528 11096 1
11001 11096 9
7821 11096 3
11001 11097 4
11071 11097 4
11023 11098 5
11021 11098 3
7503 11098 1
3380 11099 1
10950 11099 5
11021 11099 3
7574 11099 1
11021 11100 3
7196 11100 6
11023 11100 10
7197 11101 3
7574 11101 1
10959 11101 15
7555 11101 1
3367 11101 1
11100 11101 10
3418 11101 1
14566 11102 1
3348 11102 1
10959 11102 25
7198 11102 4
7197 11102 3
14577 11102 1
7366 11102 1
7555 11102 1
14551 11102 1
14569 11102 1
14590 11102 1
14593 11102 1
3386 11102 1
14452 11102 1
11100 11102 10
14571 11102 1
3421 11102 1
7407 11103 1
11100 11103 10
7197 11103 3
10959 11103 14
7555 11103 1
14551 11103 1
11105 11104 1
14395 11106 1
7568 11106 2
14551 11106 1
7617 11106 1
7366 11106 1
3315 11106 1
11107 11106 29
7545 11106 2
7240 11106 1
7519 11106 1
11104 11106 1
14438 11106 1
7612 11106 1
14377 11106 15
7914 11106 1
10994 11107 1
10979 11107 4
14396 11107 6
7243 11107 1
7227 11107 1
11004 11107 6
11105 11107 2
14353 11107 2
14525 11107 1
14546 11108 1
11109 11108 4
11104 11108 1
7519 11108 1
7427 11108 1
7331 11109 1
7630 11109 1
11105 11109 2
7519 11110 1
11109 11110 4
7427 11110 1
11104 11110 1
14546 11110 1
7468 11111 1
11112 11111 3
7519 11111 1
11104 11111 1
11105 11112 2
7469 11112 1
7566 11113 2
11113 11114 4
11116 11115 1
10999 11116 5
11115 11117 1
14504 11117 1
7573 11117 1
7465 11117 1
10999 11117 4
3415 11118 1
10979 11118 4
7465 11118 1
11115 11118 1
11118 11119 4
3396 11119 1
10985 11119 5
11118 11120 4
10985 11120 5
14564 11120 1
7260 11121 1
11122 11121 6
11118 11121 4
10972 11122 4
10933 11122 4
2655 11122 1
10979 11122 5
14454 11122 4
7347 11122 2
10973 11122 4
10974 11122 2
11121 11123 6
7865 11123 1
11139 11123 2
3335 11123 1
7187 11123 1
10983 11123 11
14395 11124 1
14573 11124 1
3376 11124 1
3415 11124 1
14345 11124 1
3315 11124 1
7465 11124 1
14431 11124 1
7612 11124 1
3347 11124 1
14438 11124 1
7617 11124 1
7217 11124 1
10979 11124 19
7240 11124 1
7849 11124 1
11115 11124 1
14582 11124 1
7192 11124 1
10985 11125 20
11124 11125 19
7562 11125 1
14545 11126 1
11124 11126 19
7260 11126 1
7464 11126 1
11127 11126 22
7465 11126 1
3415 11126 1
11116 11127 1
10942 11127 1
14353 11127 1
10979 11127 19
7237 11127 1
14454 11127 1
11127 11128 21
14545 11128 1
7464 11128 1
11124 11128 19
11122 11129 2
7642 11129 1
14546 11130 1
2650 11130 3
11129 11130 2
11131 11130 5
7412 11131 1
7630 11131 1
11122 11131 4
7469 11131 1
14468 11131 1
11133 11132 1
11134 11132 1
10976 11135 1
11137 11136 3
10944 11138 1
11140 11139 2
7842 11139 1
7533 11140 1
7250 11140 1
14470 11140 2
11141 11142 3
10972 11143 1
10976 11144 1
14606 11145 1
11144 11145 1
7843 11145 1
7403 11145 1
10979 11145 7
7567 11145 1
7287 11145 1
7371 11146 1
10985 11146 8
11145 11146 7
10985 11147 8
11145 11147 7
7274 11147 1
10973 11148 1
7806 11150 1
11151 11150 2
7200 11151 2
3373 11152 1
14597 11152 1
7645 11152 1
14577 11152 1
11153 11152 6
14396 11153 1
14454 11153 1
7237 11153 1
10999 11153 1
14404 14304 1
10972 14304 2
11122 14305 7
7550 14305 2
14568 14305 1
14520 14305 2
14304 14305 2
7315 14306 1
14307 14306 2
7316 14307 1
3334 14307 1
7593 14308 2
14328 14308 5
7539 14308 1
3377 14308 2
7468 14308 1
14455 14308 2
14306 14308 2
14431 14308 1
7258 14308 1
14555 14308 1
14471 14308 4
14309 14308 22
7412 14309 1
7414 14309 2
14307 14309 2
14353 14309 3
7469 14309 1
14347 14309 1
14329 14309 5
10979 14309 10
14311 14310 3
14313 14312 1
3400 14313 1
14418 14313 2
14315 14314 1
14315 14316 1
14314 14316 1
14318 14317 1
10999 14318 5
14317 14319 1
10979 14319 2
7468 14320 1
14309 14320 12
7539 14320 1
14555 14320 1
14471 14320 4
7411 14320 1
14455 14320 2
14319 14320 2
7258 14321 1
7209 14321 1
14319 14321 2
14455 14321 2
7428 14321 1
7521 14321 1
14322 14321 8
10979 14322 5
14353 14322 6
14322 14323 11
7521 14323 1
14455 14323 2
14392 14323 1
7209 14323 1
7428 14323 1
7568 14323 2
7258 14323 1
14319 14323 2
11000 14324 1
14317 14324 1
11142 14325 1
14326 14325 3
10976 14327 1
3360 14328 1
14589 14328 1
7416 14328 1
14327 14328 1
14329 14328 5
10976 14329 3
7461 14329 1
14331 14330 3
14333 14332 1
7455 14333 1
7262 14333 2
14335 14334 3
14337 14336 1
10985 14337 6
14336 14338 1
10985 14338 1
14340 14339 2
7455 14339 1
7301 14341 1
10973 14342 1
14342 14343 1
10973 14343 2
14343 14344 2
7257 14344 1
14524 14344 2
7348 14344 2
11122 14344 9
7883 14344 2
10976 14345 1
14422 14346 1
14345 14346 1
7895 14346 1
7567 14346 1
7849 14346 1
3347 14346 1
14596 14346 1
3402 14346 1
14573 14346 1
7192 14346 1
10999 14346 15
7493 14346 1
14582 14346 1
7573 14346 1
7385 14346 1
3366 14346 1
10999 14347 5
7293 14347 1
14326 14349 3
11142 14349 1
14351 14350 2
7379 14350 1
7533 14350 1
14466 14350 1
7347 14350 1
14353 14352 1
10985 14353 4
14454 14353 2
11153 14353 1
14356 14355 3
14355 14357 1
14355 14358 1
14361 14360 1
7552 14362 1
14363 14362 7
14556 14362 1
14360 14362 1
7228 14362 2
14537 14362 1
7621 14362 1
14361 14363 8
7552 14364 1
7621 14364 1
14360 14364 1
7228 14364 2
14556 14364 1
14363 14364 6
14556 14365 1
14363 14365 7
14360 14365 1
7621 14365 1
7228 14365 2
14537 14365 1
7552 14365 1
7621 14366 1
14360 14366 1
14363 14366 8
7228 14366 2
14556 14366 1
14537 14366 1
7564 14366 1
7552 14366 1
14556 14367 1
14363 14367 9
7552 14367 1
7564 14367 1
14360 14367 1
7621 14367 1
7228 14367 2
14537 14367 1
10924 14368 10
14367 14368 9
10923 14369 11
14368 14369 10
14369 14370 11
10923 14370 11
3326 14371 2
7577 14371 1
14360 14371 1
14556 14371 1
10924 14371 16
7552 14371 1
7245 14371 1
7621 14371 1
7246 14371 2
7247 14371 2
7228 14371 2
14537 14371 1
7248 14371 2
7564 14371 1
7530 14371 2
14372 14373 3
14326 14374 3
11142 14374 1
11001 14375 4
10995 14376 2
7242 14376 1
7544 14377 1
7587 14377 7
14414 14377 6
11107 14377 15
7268 14378 1
14311 14378 3
10972 14379 1
14592 14380 1
7886 14380 1
14379 14380 1
14381 14380 5
3426 14380 1
7215 14380 1
10972 14381 1
10974 14381 1
10973 14381 1
10933 14381 1
7216 14381 1
11057 14382 1
11057 14387 1
14382 14387 1
14389 14388 1
14460 14390 1
11075 14390 5
14557 14390 1
3380 14390 1
14388 14390 1
7637 14390 1
10979 14392 3
7440 14392 1
10985 14393 2
3355 14393 1
14392 14393 1
7842 14394 1
7427 14394 1
14590 14394 1
14392 14394 1
7468 14394 1
7334 14394 1
14539 14394 1
7631 14394 1
7431 14394 1
7865 14394 1
10983 14394 10
14396 14395 1
11000 14396 4
14398 14397 1
14397 14399 1
14400 14399 3
14604 14399 1
14398 14400 2
7249 14400 2
14399 14401 3
3343 14401 1
14400 14401 4
7889 14402 6
14577 14402 1
14403 14402 8
7225 14403 3
14396 14403 1
10994 14403 1
7243 14403 1
11004 14403 7
10979 14403 1
7237 14403 1
10999 14403 1
7200 14403 1
7227 14403 1
7499 14403 1
7338 14403 3
10972 14404 1
14406 14405 3
7243 14407 1
10994 14407 1
10979 14407 1
7227 14407 1
14403 14407 9
7338 14407 1
11004 14407 6
14423 14408 1
10976 14408 1
14307 14408 2
7509 14410 2
14409 14410 1
7533 14411 1
14412 14411 2
7916 14411 1
10979 14413 3
7642 14413 1
14413 14414 2
3421 14414 1
14455 14414 2
11107 14414 6
7388 14415 1
14417 14416 4
14587 14416 1
14595 14416 1
7444 14416 1
10999 14417 5
14421 14420 3
14423 14422 1
10999 14423 5
14422 14424 1
7573 14424 1
7567 14424 1
7334 14424 1
7206 14424 1
14607 14424 1
7521 14424 1
10981 14424 8
7631 14424 1
10999 14425 3
14422 14425 1
7573 14425 1
14425 14426 3
14427 14426 4
3404 14426 1
10999 14427 3
14322 14427 1
14428 14429 3
14400 14430 1
14347 14431 1
14577 14432 1
14431 14432 1
7645 14432 1
10979 14432 5
7638 14432 1
14597 14432 1
14434 14433 1
14431 14433 1
14337 14434 5
14347 14434 1
10981 14435 12
7428 14435 1
7192 14435 1
7240 14435 1
14606 14435 1
3347 14435 1
7849 14435 1
3366 14435 1
14431 14435 1
7568 14435 2
7843 14435 1
7493 14435 1
14396 14438 1
10994 14439 1
7642 14440 1
14439 14440 1
7261 14440 1
7889 14440 6
14591 14440 1
14403 14440 17
7337 14440 1
7821 14440 3
7806 14440 1
7337 14441 1
14591 14441 1
7261 14441 1
7889 14441 6
14439 14441 1
7642 14441 1
14407 14441 11
10966 14442 1
14444 14443 2
3345 14443 1
14442 14443 1
10966 14444 1
14562 14444 1
14350 14444 1
11013 14444 1
3374 14445 1
14593 14445 1
10955 14445 4
7881 14445 1
10957 14446 4
14445 14446 4
10957 14447 4
14445 14447 4
10957 14448 4
14445 14448 4
14461 14449 1
7574 14449 1
7494 14449 1
14445 14449 4
14569 14449 1
7240 14449 1
14566 14449 1
14452 14449 1
10955 14449 17
3386 14449 1
3367 14449 1
3348 14449 1
14571 14449 1
7612 14449 1
14451 14450 3
10944 14452 1
14454 14453 1
11000 14454 4
14353 14455 2
14453 14455 1
7258 14456 1
14322 14456 6
14455 14456 2
7428 14456 1
7209 14456 1
7521 14456 1
14455 14457 2
7258 14457 1
7185 14457 2
7427 14457 1
7209 14457 1
14590 14457 1
10983 14457 10
14602 14457 1
7468 14457 1
14309 14458 5
14455 14458 2
7539 14458 1
14555 14458 1
7411 14458 1
14453 14459 1
14353 14459 2
14389 14460 1
10944 14461 1
14461 14462 1
14463 14462 2
7494 14462 1
11023 14463 3
7194 14463 3
11001 14463 3
11006 14463 3
10944 14463 11
7574 14464 1
7644 14464 1
3367 14464 1
14571 14464 1
14547 14464 1
7831 14464 1
14463 14464 16
7607 14464 1
7198 14464 4
7494 14464 1
14461 14464 1
3418 14464 1
7255 14464 1
7494 14465 1
7574 14465 1
14571 14465 1
14461 14465 1
3418 14465 1
7607 14465 1
3367 14465 1
7831 14465 1
7255 14465 1
14463 14465 10
7644 14465 1
11133 14466 1
14468 14467 1
7487 14468 2
7299 14468 1
14467 14469 1
11131 14469 1
14606 14471 1
7909 14471 1
11011 14471 1
10979 14471 4
14510 14472 6
7315 14472 1
3405 14472 1
7911 14472 1
10923 14472 12
7923 14472 1
11011 14472 1
14594 14472 1
11011 14473 1
10925 14473 3
7315 14473 1
7924 14474 2
10923 14474 6
14473 14474 3
14476 14475 6
14474 14475 6
14423 14476 2
11013 14476 1
7316 14476 1
10976 14476 2
10979 14476 1
14318 14476 3
14485 14476 4
14307 14476 2
10923 14476 6
7318 14477 2
14476 14477 7
14474 14477 6
14476 14478 7
14474 14478 6
7318 14478 2
3374 14479 1
14593 14479 1
7806 14479 1
14577 14479 1
14480 14479 5
7237 14480 8
14396 14480 2
7453 14480 4
7200 14480 2
7452 14480 4
14479 14481 5
14482 14481 5
14480 14482 15
11004 14482 6
14479 14483 5
14482 14483 5
14485 14484 1
11133 14485 1
7843 14486 1
14521 14486 1
14508 14486 1
14476 14486 9
7882 14486 1
14606 14486 1
3345 14486 1
14484 14486 1
7287 14486 1
7406 14487 6
14486 14487 9
14541 14487 1
14476 14487 15
14489 14488 4
7499 14489 3
11007 14490 4
7511 14490 4
7510 14490 4
7455 14492 1
14493 14492 2
7925 14494 1
14495 14494 2
14497 14496 2
7925 14496 1
3360 14498 1
14329 14498 2
14498 14499 2
7834 14499 1
7318 14499 2
14500 14499 5
7335 14500 1
14329 14500 2
14307 14500 2
14502 14501 5
14498 14501 2
7318 14501 2
14558 14501 1
14329 14502 2
10999 14502 1
14307 14502 2
7538 14503 1
7200 14503 1
11116 14504 1
10979 14505 4
14504 14505 1
7568 14505 2
7305 14506 3
14564 14506 1
14505 14506 4
10985 14506 8
14504 14507 1
10985 14507 5
14610 14507 1
3355 14507 1
7896 14507 2
14318 14508 1
3337 14509 1
7843 14509 1
14508 14509 1
10999 14509 5
14606 14509 1
10999 14510 6
14509 14510 5
7911 14511 1
10923 14511 9
3405 14511 1
14594 14511 1
14510 14511 6
7911 14512 1
14510 14512 6
10925 14512 7
14594 14513 1
10925 14513 7
14510 14513 6
10925 14514 7
14594 14514 1
14510 14514 6
14594 14515 1
10925 14515 7
14510 14515 6
10925 14516 7
14510 14516 6
14594 14516 1
10925 14517 7
14510 14517 6
14594 14517 1
14510 14518 6
10925 14518 6
14510 14519 6
10925 14519 6
10973 14520 2
3390 14520 1
14485 14521 1
14326 14522 3
10933 14523 2
14523 14524 1
10933 14524 2
10955 14526 2
3428 14532 1
7618 14532 1
3428 14533 1
7618 14533 1
7618 14534 1
3428 14534 1
7618 14535 1
3428 14535 1
14361 14537 1
7281 14538 1
11140 14539 1
7237 14540 1
14476 14541 1
10973 14542 1
11010 14543 1
14454 14544 1
14353 14545 1
7630 14546 1
10944 14547 1
14547 14548 1
11067 14548 1
14337 14549 1
11004 14550 1
10994 14551 1
14551 14552 1
11067 14552 1
10933 14553 1
7414 14555 1
14361 14556 1
14389 14557 1
10999 14558 1
14502 14559 1
14558 14559 1
14411 14560 1
11010 14561 1
14337 14563 1
14337 14564 1
7238 14565 1
7237 14566 1
10974 14568 1
7237 14569 1
10933 14570 1
10944 14571 1
7518 14572 1
14423 14573 1
7332 14574 1
10933 14575 1
14353 14576 1
14396 14577 1
7292 14578 1
7499 14579 1
14578 14579 1
7499 14580 1
14578 14580 1
7225 14581 1
14318 14582 1
7518 14583 1
14494 14584 1
14454 14585 1
14585 14586 1
14353 14586 1
14417 14587 1
7379 14588 1
10976 14589 1
7237 14590 1
7227 14591 1
10974 14592 1
14396 14593 1
14408 14594 1
14417 14595 1
14423 14596 1
10999 14597 1
10990 14598 1
7596 14599 1
7379 14600 1
10933 14601 1
14353 14602 1
14353 14603 1
14602 14603 1
7249 14604 1
7249 14605 1
14604 14605 1
14423 14606 1
10973 14607 1
7534 14608 1
7596 14609 1
11142 14610 1
14610 14611 1
14325 14611 1
14610 14612 1
14325 14612 1
14325 14613 1
14610 14613 1
14610 14614 1
14374 14614 1
14610 14615 1
14325 14615 1
14610 14616 1
14325 14616 1
14610 14617 1
14349 14617 1
14610 14618 1
14349 14618 1
14610 14619 1
7536 14619 1
14325 14620 1
14610 14620 1
14610 14621 1
7594 14621 1
14610 14622 1
14325 14622 1
14610 14623 1
7480 14623 1
14610 14624 1
7472 14624 1
14610 14625 1
7472 14625 1
14610 14626 1
3323 14626 1
3323 14627 1
14610 14627 1
7559 14628 1
14610 14628 1
