321 320 3
393 320 1
323 322 1
570 323 1
565 323 8
739 324 1
1064 324 1
941 324 1
892 324 1
730 324 1
564 324 1
777 324 1
322 324 1
711 324 1
323 324 11
569 324 1
1064 325 1
941 325 1
730 325 1
892 325 1
324 325 11
739 325 1
548 325 20
777 325 1
569 325 1
1032 325 1
564 325 1
10338 325 33
10367 326 1
328 327 1
321 329 3
331 330 1
10347 332 4
321 333 3
321 334 5
336 335 1
336 337 1
335 337 1
339 338 1
339 340 1
338 340 1
545 341 2
342 341 3
321 343 3
321 344 3
434 344 1
321 345 3
321 346 3
393 346 1
321 347 5
350 347 2
393 347 1
402 347 3
438 347 2
347 348 4
321 349 3
393 349 1
402 350 3
393 350 1
438 350 2
321 350 5
350 351 4
393 352 1
321 352 3
321 353 3
393 354 1
321 354 3
321 355 3
321 356 3
393 357 1
321 357 3
393 358 1
321 358 3
321 359 3
393 359 1
321 360 3
321 361 3
393 362 1
321 362 3
321 363 3
321 364 3
321 365 3
393 366 1
321 366 3
393 367 1
321 367 3
321 368 3
393 368 1
321 369 3
393 369 1
321 370 3
321 371 3
321 372 3
321 373 3
321 374 3
321 375 3
321 376 3
321 377 3
321 378 3
321 379 3
321 380 3
321 381 3
321 382 3
321 383 3
321 384 3
321 385 3
393 386 1
321 386 3
321 387 3
321 388 3
10347 389 4
10347 390 4
10347 391 4
10347 392 4
10347 393 4
10347 394 4
10347 395 4
10347 396 4
10347 397 4
10347 398 4
10347 399 4
10347 400 4
321 401 3
393 402 1
321 402 5
438 402 2
402 403 4
321 404 3
393 404 1
393 405 1
321 405 3
321 406 3
321 407 3
321 408 3
321 409 3
321 410 3
321 411 3
321 412 3
321 413 3
321 414 3
321 415 3
321 416 3
321 417 3
321 418 3
321 419 3
321 420 3
321 421 3
321 422 3
321 423 3
321 424 3
321 425 3
321 426 3
321 427 3
321 428 3
321 429 3
321 430 3
321 431 3
321 432 3
393 432 1
321 433 3
393 433 1
321 434 3
393 435 1
321 435 3
321 436 3
393 436 1
321 437 3
393 437 1
321 438 5
393 438 1
438 439 4
321 440 3
393 440 1
321 441 3
393 441 1
443 442 1
452 443 1
545 443 1
600 443 1
910 443 1
529 443 10
528 443 10
442 444 1
992 444 1
546 444 1
604 444 4
701 444 3
700 444 1
611 444 1
585 444 4
851 444 1
1057 444 1
445 444 24
666 444 1
923 444 1
963 444 1
788 444 3
615 445 2
10469 445 4
547 445 8
945 445 2
702 445 3
10449 445 7
10443 445 3
612 445 2
443 445 8
942 446 1
447 446 11
992 446 1
604 446 4
913 446 1
851 446 1
442 446 1
1057 446 1
980 446 1
617 447 1
443 447 8
914 447 3
449 448 2
993 448 1
393 449 1
10367 450 1
363 451 2
545 452 2
342 452 3
455 453 1
454 453 4
489 454 4
542 454 1
523 454 2
457 456 1
459 458 1
461 460 1
460 462 1
694 462 1
725 462 1
1068 462 1
929 462 1
463 462 7
955 462 1
461 463 6
454 463 4
462 464 7
465 464 7
489 465 1
463 465 7
844 465 1
462 466 7
465 466 7
465 467 7
462 467 7
469 468 1
469 470 4
540 470 1
468 470 1
649 470 1
469 471 4
470 471 4
540 472 1
468 472 1
469 472 3
649 472 1
540 473 1
469 473 3
468 473 1
649 473 1
476 475 2
993 475 1
393 476 1
401 477 1
423 478 1
480 479 1
10397 481 2
479 481 1
991 481 1
347 483 2
993 483 1
683 484 2
483 484 2
757 484 2
515 484 3
347 484 6
486 485 3
363 487 1
492 488 4
489 488 4
600 489 1
443 489 9
452 489 1
530 489 9
461 489 1
454 489 12
493 489 5
545 489 1
454 490 4
488 490 4
488 491 4
571 491 1
454 491 6
905 491 1
493 492 4
652 492 2
488 492 4
489 493 4
454 494 4
488 494 4
488 495 4
454 495 4
417 496 10
411 497 1
497 498 1
411 498 1
500 499 1
396 500 1
397 500 1
390 502 1
400 502 1
501 502 1
620 502 2
504 503 17
511 503 17
817 503 1
386 504 3
503 505 17
506 505 17
504 505 17
511 505 17
625 505 7
507 505 17
505 506 17
504 506 17
504 507 17
506 507 17
504 508 17
507 508 17
508 509 17
504 509 17
815 509 2
504 510 17
509 510 17
817 511 1
510 511 17
504 511 17
636 512 4
511 512 17
10376 512 19
513 512 18
817 513 1
503 513 17
504 513 18
817 514 1
504 514 18
513 514 18
1049 515 1
402 515 3
993 515 1
683 516 2
515 516 3
757 516 2
350 516 5
402 517 4
683 517 2
515 517 3
400 518 1
502 519 2
722 519 1
518 519 1
722 520 1
518 520 1
10347 520 2
423 521 1
10415 522 1
10462 524 1
858 524 2
545 527 1
452 527 1
489 527 8
600 527 1
393 527 1
531 530 10
532 530 10
354 537 2
993 537 1
416 538 1
912 539 1
938 539 1
538 539 1
10422 539 5
1042 539 1
469 540 1
500 541 1
454 542 5
323 542 2
530 542 2
527 542 2
489 542 2
10336 544 1
342 545 3
547 546 1
944 548 1
971 548 1
445 548 20
589 548 1
700 548 1
988 548 1
887 548 1
621 548 1
687 548 1
1058 548 1
923 548 1
614 548 1
951 548 1
954 548 1
566 548 1
813 548 1
1027 548 1
549 548 1
546 548 1
666 548 1
10449 549 1
500 550 1
552 551 1
668 553 1
1036 553 1
551 553 1
554 553 5
707 553 1
552 554 2
597 554 2
731 555 4
672 555 2
598 555 3
553 555 5
556 555 12
552 556 3
10454 556 1
554 556 7
598 557 3
554 557 7
553 557 5
393 558 1
669 558 1
559 558 3
560 561 4
560 562 4
560 563 4
565 564 1
547 566 1
401 567 1
10415 568 1
570 569 1
523 571 1
905 572 1
571 572 1
10462 572 2
10415 573 1
10336 574 1
366 575 1
577 576 2
575 576 1
366 577 1
576 578 2
577 578 2
577 579 2
576 579 2
354 580 1
581 582 3
486 583 3
486 584 3
993 585 1
10469 585 4
700 585 1
939 585 2
585 586 4
587 586 4
10469 587 4
10473 588 1
10449 589 1
10367 591 1
593 592 1
902 594 1
656 594 1
592 594 1
593 594 4
646 594 1
480 595 1
597 596 1
554 598 3
596 598 1
668 598 1
600 599 1
545 600 2
342 600 3
452 600 3
982 601 1
805 601 1
489 601 4
599 601 1
489 602 4
601 602 4
982 603 1
527 603 3
805 603 1
599 603 1
599 604 1
982 604 1
443 604 4
805 604 1
982 605 1
599 605 1
805 605 1
600 605 4
805 606 1
806 606 3
983 606 2
600 606 6
982 606 1
605 606 4
364 607 1
10415 608 1
608 609 1
834 609 1
771 609 1
10369 609 4
1063 609 1
10367 610 1
612 611 1
500 613 1
615 614 1
617 615 1
542 615 1
700 616 1
614 616 1
888 616 1
617 616 4
793 616 1
443 617 1
10452 617 1
615 617 2
888 618 1
700 618 1
614 618 1
793 618 1
617 618 4
10449 621 1
10454 622 1
622 623 1
556 623 7
673 623 6
504 624 6
637 624 5
715 625 1
624 625 6
504 625 7
768 626 4
10347 626 5
626 627 5
10347 627 5
401 628 1
356 630 1
630 631 1
356 631 1
775 632 1
633 632 3
698 632 1
465 633 1
699 633 1
633 634 3
632 634 3
633 635 4
632 635 3
715 636 1
504 636 4
719 636 3
504 637 5
636 637 4
500 638 1
10367 639 1
476 640 1
10367 641 1
643 642 4
352 644 2
993 644 1
644 645 2
352 645 2
593 646 1
436 647 2
993 647 1
436 648 2
647 648 2
469 649 1
461 650 1
489 651 2
790 651 1
650 651 1
650 652 1
489 652 2
500 653 1
655 654 2
664 654 1
593 656 1
658 657 2
688 657 1
681 659 4
323 660 1
661 660 3
10422 662 1
500 665 1
547 666 1
10415 667 1
554 668 1
363 670 2
459 671 1
828 672 1
556 672 2
731 673 4
556 673 6
672 673 2
673 674 6
556 674 7
772 674 1
673 675 6
556 675 6
677 676 1
676 678 1
677 678 1
676 679 1
677 679 1
423 680 1
543 681 1
682 681 3
993 683 1
438 683 2
438 684 2
683 684 2
396 685 1
500 686 3
741 686 1
812 686 1
685 686 1
547 687 1
351 689 1
689 690 1
1056 690 1
921 690 1
936 690 1
10426 690 4
10367 691 1
693 692 1
461 694 1
480 695 1
364 696 1
393 697 1
699 698 1
615 700 1
702 701 3
789 701 1
924 701 1
543 702 2
500 703 1
325 704 1
393 705 1
331 706 1
552 707 1
500 708 1
480 709 1
709 710 1
904 710 1
10397 710 2
565 711 1
713 712 1
712 714 1
713 714 1
386 715 1
816 716 3
817 716 1
715 716 1
386 716 4
815 716 2
715 717 1
386 717 3
815 717 2
817 717 1
504 718 2
715 718 1
504 719 3
718 719 2
719 720 3
10376 720 3
390 722 1
459 723 1
459 724 1
461 725 1
454 726 4
454 727 4
423 728 1
993 729 1
437 729 2
565 730 1
756 731 1
828 731 1
911 731 1
556 731 4
10420 732 1
663 733 3
699 734 1
699 735 1
734 735 1
10367 736 1
737 738 1
740 738 2
565 739 1
500 741 1
743 742 1
699 744 1
480 745 1
881 746 1
745 746 1
10397 746 2
10352 748 1
10352 749 1
748 749 1
748 750 1
10352 750 1
752 751 1
393 753 1
559 753 3
705 754 2
993 754 1
10367 755 1
552 756 1
993 757 1
350 757 2
663 758 1
842 759 1
733 759 2
758 759 1
323 760 1
500 761 1
937 762 1
763 762 2
763 764 2
762 764 2
762 765 2
763 765 2
762 766 2
763 766 3
990 767 2
10347 767 3
767 768 3
10347 768 4
10415 769 1
500 770 1
500 771 1
552 772 1
693 773 1
480 774 1
465 775 1
10344 776 1
565 777 1
459 778 1
10336 779 1
408 780 1
459 781 1
459 782 1
10367 783 1
480 784 1
10415 785 1
10420 787 1
10443 788 3
993 788 1
959 788 1
543 789 1
493 790 1
423 791 1
10415 792 1
10452 793 1
888 794 1
793 794 1
795 794 2
949 795 1
10451 795 1
443 795 1
10452 795 1
793 796 1
888 796 1
795 796 2
797 798 1
940 798 2
393 799 1
367 800 2
993 800 1
480 802 1
699 803 1
346 804 1
452 805 1
805 806 1
982 806 1
452 806 3
982 807 1
805 807 1
452 807 4
806 807 3
983 807 2
10336 808 1
10452 809 2
856 809 1
809 810 2
10452 810 2
401 811 1
397 812 1
547 813 1
480 814 1
386 815 2
817 815 1
386 816 3
815 816 2
386 817 1
896 818 6
10347 818 7
10347 819 7
818 819 7
821 820 1
820 822 1
821 822 1
821 823 1
820 823 1
480 824 1
331 827 1
556 828 1
830 829 1
829 831 1
830 831 1
663 832 1
10367 834 1
10367 835 1
10367 836 1
346 837 2
993 837 1
839 838 1
837 838 1
346 839 1
500 840 1
500 841 1
663 842 1
10367 843 1
847 846 1
847 848 1
846 848 1
500 849 1
423 850 1
443 851 1
853 852 4
854 853 5
459 855 1
10452 856 1
858 857 1
527 858 1
1053 859 1
857 859 1
524 859 2
500 860 1
10337 861 1
10367 862 1
864 863 1
863 865 1
864 865 2
10422 866 2
865 866 2
423 867 1
870 869 1
870 871 1
869 871 1
873 872 1
873 874 1
872 874 1
876 875 1
763 876 1
876 877 2
937 877 1
875 877 1
876 878 1
875 878 1
876 879 1
875 879 1
876 880 1
875 880 1
480 881 1
10420 882 1
500 883 1
393 884 1
752 885 1
500 886 1
10449 887 1
443 888 1
924 889 1
681 889 2
925 890 2
681 890 4
927 890 2
889 890 2
889 891 2
659 891 2
565 892 1
552 893 1
10347 894 4
1019 894 3
894 895 4
10347 895 5
895 896 5
10347 896 6
434 897 1
344 898 2
1038 898 1
897 898 1
897 899 1
434 899 1
677 900 1
900 901 1
677 901 1
593 902 1
459 903 1
480 904 1
523 905 1
884 906 1
906 907 1
908 907 1
884 908 1
500 909 1
552 911 1
416 912 1
914 913 1
913 915 1
447 915 3
942 915 1
980 915 1
542 916 1
916 917 1
454 917 1
500 918 1
328 919 1
439 921 1
795 922 1
547 923 1
543 924 1
924 925 1
681 925 2
925 926 2
659 926 2
681 927 2
924 927 1
659 928 2
927 928 2
461 929 1
10417 930 1
10367 931 1
413 932 1
752 933 1
10367 934 1
677 935 1
403 936 1
763 937 1
416 938 1
10466 939 2
993 939 1
565 941 1
914 942 1
500 943 1
945 944 1
10336 947 1
459 948 1
945 951 1
500 952 1
10346 953 1
10449 954 1
461 955 1
864 956 1
527 957 1
393 958 1
10443 959 1
10443 960 1
959 960 1
10443 961 1
959 961 1
10415 962 1
612 963 1
489 964 1
964 965 1
1041 965 1
465 965 2
663 966 1
733 967 1
966 967 1
993 969 1
435 969 2
969 970 2
435 970 2
10449 971 1
423 972 1
480 973 1
433 974 1
459 975 1
10460 976 1
910 977 1
977 978 1
443 978 1
413 979 1
914 980 1
480 981 1
545 982 1
545 983 2
982 983 1
983 984 2
982 984 1
341 984 2
983 985 2
982 985 1
545 985 2
699 987 1
547 988 1
10347 989 1
989 990 1
10347 990 2
480 991 1
443 992 1
393 993 1
993 994 1
368 994 1
993 995 1
440 995 1
527 996 1
993 996 1
958 997 1
993 997 1
799 998 1
993 998 1
993 999 1
349 999 1
432 1000 1
993 1000 1
697 1001 1
993 1001 1
558 1002 1
993 1002 1
993 1003 1
362 1003 1
320 1004 1
993 1004 1
993 1005 1
366 1005 1
993 1006 1
884 1006 1
405 1007 1
993 1007 1
404 1008 1
993 1008 1
993 1009 1
357 1009 1
993 1010 1
10458 1010 1
993 1011 1
359 1011 1
358 1012 1
993 1012 1
441 1013 1
993 1013 1
753 1014 1
993 1014 1
369 1015 1
993 1015 1
433 1016 1
993 1016 1
386 1017 1
993 1017 1
993 1018 1
10347 1018 2
10347 1019 3
1018 1019 2
10367 1020 1
500 1021 1
389 1022 1
1022 1023 1
389 1023 1
401 1024 1
10367 1025 1
500 1026 1
10449 1027 1
10367 1028 1
500 1029 1
10460 1030 1
582 1031 1
826 1032 1
10410 1033 1
1032 1033 1
10340 1034 1
1032 1034 1
597 1036 1
597 1037 1
344 1038 1
413 1039 1
500 1040 1
844 1041 1
416 1042 1
500 1044 1
10367 1045 1
352 1046 1
10367 1047 1
402 1049 1
402 1050 1
1049 1050 1
10420 1051 1
500 1052 1
858 1053 1
10336 1054 1
401 1055 1
348 1056 1
443 1057 1
547 1058 1
1060 1059 1
1060 1061 1
1059 1061 1
430 1062 1
459 1063 1
565 1064 1
364 1065 1
699 1066 1
10420 1067 1
461 1068 1
500 1069 1
408 1070 1
10336 10335 1
808 10337 1
444 10337 24
947 10337 1
323 10337 1
1032 10337 1
10338 10337 34
544 10337 1
10336 10337 7
760 10337 1
574 10337 1
1054 10337 1
779 10337 1
445 10337 24
10335 10337 1
570 10338 1
445 10338 40
323 10338 12
10336 10338 7
565 10338 7
826 10338 1
325 10339 33
10340 10339 64
10337 10339 34
704 10339 1
861 10339 1
10337 10340 1
826 10340 1
325 10340 1
10338 10340 62
544 10341 1
10337 10341 2
10335 10341 1
779 10342 1
760 10342 1
444 10342 24
808 10342 1
947 10342 1
1054 10342 1
544 10342 1
574 10342 1
10337 10342 32
10335 10342 1
10344 10343 2
776 10343 1
10343 10345 2
10344 10345 2
10347 10346 4
400 10347 1
393 10347 1
390 10347 1
321 10347 33
10349 10348 1
10348 10350 1
10349 10350 1
10355 10351 3
10352 10351 3
748 10351 1
10352 10353 4
10351 10353 3
10352 10354 5
10357 10354 4
10355 10354 3
10353 10354 4
10352 10355 3
10351 10355 3
10351 10356 3
10352 10356 3
10351 10357 3
10352 10357 4
10351 10358 3
10352 10358 4
10358 10359 4
10361 10359 4
10352 10359 5
10358 10360 4
10352 10360 5
10361 10360 4
10352 10361 4
10351 10361 3
10363 10362 1
581 10363 3
10365 10364 10
832 10364 1
758 10364 1
966 10364 1
842 10364 1
10362 10364 1
922 10364 1
1031 10364 1
754 10364 2
448 10364 2
663 10365 4
10363 10365 1
449 10365 2
795 10365 1
582 10365 1
705 10365 2
10367 10366 1
10369 10368 74
450 10368 1
703 10368 1
840 10368 1
541 10368 1
761 10368 1
736 10368 1
948 10368 1
841 10368 1
769 10368 1
843 10368 1
1045 10368 1
741 10368 1
886 10368 1
855 10368 1
785 10368 1
975 10368 1
836 10368 1
671 10368 1
724 10368 1
903 10368 1
327 10368 1
573 10368 1
943 10368 1
792 10368 1
550 10368 1
522 10368 1
962 10368 1
931 10368 1
638 10368 1
952 10368 1
568 10368 1
1040 10368 1
1044 10368 1
883 10368 1
653 10368 1
835 10368 1
1025 10368 1
667 10368 1
1052 10368 1
918 10368 1
778 10368 1
10366 10368 1
782 10368 1
613 10368 1
755 10368 1
849 10368 1
1047 10368 1
1029 10368 1
919 10368 1
639 10368 1
1021 10368 1
610 10368 1
783 10368 1
665 10368 1
326 10368 1
591 10368 1
723 10368 1
862 10368 1
860 10368 1
691 10368 1
934 10368 1
909 10368 1
1020 10368 1
499 10368 1
458 10368 1
770 10368 1
1069 10368 1
1028 10368 1
1026 10368 1
781 10368 1
641 10368 1
10414 10368 1
708 10368 1
10415 10369 10
328 10369 2
500 10369 30
459 10369 12
10367 10369 23
10371 10370 75
10368 10370 74
10369 10371 74
10370 10372 75
10371 10372 75
10368 10373 74
10374 10373 76
1055 10373 1
638 10373 1
653 10373 1
499 10373 1
500 10374 3
10367 10374 4
401 10374 6
10369 10374 74
459 10374 2
10415 10374 2
10399 10375 121
10404 10375 82
10376 10375 121
632 10375 3
10403 10375 80
10406 10375 86
10373 10375 76
10405 10375 84
397 10376 1
699 10376 5
633 10376 4
597 10376 1
10369 10376 74
552 10376 1
10374 10376 87
331 10376 3
433 10376 1
396 10376 1
504 10376 18
430 10376 1
10346 10376 1
10375 10377 121
512 10377 19
330 10377 1
10376 10377 125
706 10377 1
827 10377 1
10377 10378 125
974 10378 1
10376 10378 127
10400 10378 122
10375 10379 121
10376 10379 121
10376 10380 121
10379 10380 121
10376 10381 121
624 10381 6
508 10381 17
1037 10381 1
827 10381 1
744 10381 1
893 10381 1
507 10381 17
719 10381 3
635 10381 4
637 10381 5
10380 10381 121
718 10381 2
510 10381 17
706 10381 1
509 10381 17
506 10381 17
10398 10381 121
10381 10382 121
10376 10382 121
10404 10383 82
10409 10383 75
10406 10383 86
10405 10383 84
10403 10383 80
10373 10383 76
10376 10383 121
10382 10383 121
10383 10384 121
10395 10384 124
10385 10384 125
10398 10384 121
10374 10385 87
10376 10385 121
752 10385 3
480 10385 2
10401 10386 78
10385 10386 126
10384 10386 125
10405 10387 84
10385 10387 127
10386 10387 126
10406 10388 86
10385 10388 128
10387 10388 127
10409 10389 75
10388 10389 128
10385 10389 128
885 10390 1
10394 10390 122
933 10390 1
751 10390 1
10383 10390 121
10398 10390 121
10385 10390 126
10385 10391 127
10373 10391 76
10390 10391 126
10391 10392 127
10403 10392 80
10385 10392 128
10392 10393 128
10404 10393 82
10385 10393 128
10398 10394 121
10385 10394 122
10383 10394 121
10398 10395 121
802 10395 1
10383 10395 121
10385 10395 124
824 10395 1
814 10396 1
784 10396 1
695 10396 1
10395 10396 124
595 10396 1
981 10396 1
10397 10396 131
973 10396 1
774 10396 1
10385 10397 124
480 10397 13
10376 10398 121
10403 10398 80
10401 10398 78
10383 10398 121
10373 10398 76
10404 10398 82
10405 10398 84
10406 10398 86
10403 10399 80
10405 10399 84
10376 10399 121
10404 10399 82
10373 10399 76
10398 10399 121
10406 10399 86
10375 10400 121
10376 10400 122
10401 10400 78
567 10401 1
10374 10401 78
10368 10401 74
10373 10401 76
719 10402 3
734 10402 1
509 10402 17
511 10402 17
636 10402 4
510 10402 17
812 10402 1
718 10402 2
637 10402 5
10376 10402 102
632 10402 3
685 10402 1
10401 10402 78
506 10402 17
508 10402 17
513 10402 18
507 10402 17
1047 10403 1
1020 10403 1
10374 10403 80
10368 10403 74
10401 10403 78
477 10403 1
628 10404 1
835 10404 1
10403 10404 80
1028 10404 1
10368 10404 74
10374 10404 82
10368 10405 74
1024 10405 1
10414 10405 1
10374 10405 84
10404 10405 82
522 10405 1
811 10406 1
10405 10406 84
903 10406 1
855 10406 1
10368 10406 74
10374 10406 86
10376 10407 74
10368 10407 74
1066 10408 1
10376 10408 106
803 10408 1
635 10408 4
10368 10408 74
734 10408 1
987 10408 1
685 10408 1
953 10408 1
1037 10408 1
812 10408 1
508 10408 17
744 10408 1
509 10408 17
718 10408 2
506 10408 17
1062 10408 1
893 10408 1
10368 10409 74
10374 10409 75
826 10410 1
10410 10411 4
10410 10412 4
10410 10413 4
10415 10414 1
10417 10416 1
321 10417 3
10416 10418 1
10417 10418 1
10420 10419 1
321 10420 3
732 10421 1
1067 10421 1
882 10421 1
10422 10421 24
787 10421 1
912 10421 1
1039 10421 1
10419 10421 1
1051 10421 1
979 10421 1
1042 10421 1
538 10421 1
932 10421 1
938 10421 1
496 10421 10
864 10422 2
417 10422 10
416 10422 4
10420 10422 6
413 10422 3
478 10423 1
850 10423 1
766 10423 3
732 10423 1
800 10423 2
787 10423 1
882 10423 1
729 10423 2
10434 10423 24
938 10423 1
10419 10423 1
662 10423 1
1051 10423 1
791 10423 1
972 10423 1
1042 10423 1
867 10423 1
538 10423 1
10431 10423 16
875 10423 1
521 10423 1
496 10423 10
680 10423 1
10472 10423 2
10421 10423 24
780 10423 1
1070 10423 1
956 10423 1
912 10423 1
728 10423 1
10432 10423 8
979 10423 1
10424 10423 52
539 10423 5
1067 10423 1
809 10423 2
932 10423 1
1039 10423 1
10422 10424 27
10473 10424 2
10452 10424 2
367 10424 2
763 10424 3
10430 10424 17
413 10424 3
864 10424 1
408 10424 2
416 10424 4
437 10424 2
417 10424 10
10420 10424 6
423 10424 8
876 10424 1
10426 10425 53
456 10425 1
10423 10425 52
413 10426 3
403 10426 1
348 10426 1
439 10426 1
10420 10426 6
10424 10426 52
457 10426 1
417 10426 10
351 10426 1
554 10426 7
10423 10427 52
456 10427 1
553 10427 5
10426 10427 61
598 10427 3
10427 10428 61
10426 10428 61
882 10429 1
10430 10429 7
1067 10429 1
787 10429 1
732 10429 1
1051 10429 1
10419 10429 1
423 10430 8
10420 10430 6
521 10431 1
728 10431 1
867 10431 1
10429 10431 7
791 10431 1
850 10431 1
10430 10431 16
680 10431 1
478 10431 1
972 10431 1
10429 10432 7
10430 10432 8
10432 10433 8
791 10433 1
680 10433 1
972 10433 1
521 10433 1
850 10433 1
867 10433 1
728 10433 1
478 10433 1
10430 10433 16
538 10434 1
932 10434 1
912 10434 1
938 10434 1
1067 10434 1
732 10434 1
496 10434 10
882 10434 1
10419 10434 1
10422 10434 24
787 10434 1
1042 10434 1
1039 10434 1
979 10434 1
1051 10434 1
10436 10435 26
496 10435 10
10419 10435 1
10422 10435 26
732 10435 1
979 10435 1
787 10435 1
912 10435 1
882 10435 1
1067 10435 1
1039 10435 1
538 10435 1
932 10435 1
1042 10435 1
1051 10435 1
938 10435 1
10435 10436 26
10422 10436 26
539 10436 5
10436 10437 26
10422 10437 31
10438 10437 31
10439 10438 31
10440 10438 31
10437 10438 31
10422 10438 31
912 10438 1
10437 10439 31
10422 10439 31
932 10440 1
10439 10440 31
10422 10440 31
10440 10440 31
732 10441 1
10426 10441 19
1067 10441 1
1051 10441 1
496 10441 10
979 10441 1
932 10441 1
882 10441 1
10419 10441 1
1039 10441 1
787 10441 1
321 10442 3
393 10443 1
10451 10443 1
10445 10444 3
10447 10446 5
10446 10448 4
10451 10450 1
10452 10450 1
10451 10452 2
10466 10452 6
10447 10453 3
10447 10454 3
10447 10455 3
10447 10456 3
10447 10457 3
321 10458 3
393 10458 1
10460 10459 1
321 10460 3
10462 10461 1
523 10462 2
535 10462 2
526 10462 2
525 10462 2
536 10462 2
534 10462 2
527 10462 2
533 10462 2
10461 10463 1
10464 10463 1
10462 10464 1
982 10465 1
805 10465 1
10466 10465 4
599 10465 1
920 10466 2
545 10466 1
393 10466 1
452 10466 1
1048 10466 1
10451 10466 1
600 10466 1
10465 10467 4
939 10467 2
10452 10467 6
805 10468 1
10465 10468 4
614 10468 1
599 10468 1
10469 10468 5
982 10468 1
393 10469 1
10466 10469 6
527 10469 1
545 10469 1
615 10469 2
452 10469 1
587 10469 1
323 10469 1
600 10469 1
10471 10470 2
993 10470 1
393 10471 1
10347 10471 4
10473 10472 2
993 10472 1
393 10473 1
321 10473 3
400 10473 1
390 10473 1
10472 10474 1
722 10474 1
10473 10474 3
518 10474 1
