2629 2628 1
6508 2629 3
2631 2630 61
12326 2630 1
12314 2630 1
3124 2630 1
3046 2630 1
3104 2630 1
14445 2630 1
14401 2630 1
2899 2630 1
9405 2630 1
2905 2630 1
14484 2630 1
3019 2630 1
14336 2630 1
2628 2630 1
3155 2630 1
14516 2630 1
3073 2630 1
14302 2630 1
14514 2630 1
2883 2630 1
14400 2630 1
14443 2630 1
3097 2630 1
2844 2630 1
11814 2630 1
14223 2630 1
14469 2630 1
14249 2630 1
3086 2630 1
14477 2630 1
11786 2630 1
12312 2630 1
14304 2630 1
2835 2630 1
14329 2630 1
2968 2630 1
14323 2630 1
2641 2630 1
11869 2630 1
11785 2630 1
3140 2630 1
3159 2630 1
12313 2630 1
3098 2630 1
3007 2630 1
14307 2630 1
14210 2630 1
11763 2630 1
2908 2630 1
14343 2630 1
14286 2630 1
3165 2630 1
13966 2630 1
2922 2630 1
14459 2630 1
3090 2630 1
2824 2630 1
14522 2630 1
2884 2630 1
6517 2630 1
11843 2630 1
6511 2631 9
6510 2631 9
11764 2631 16
14244 2631 4
6509 2631 9
11787 2631 5
2951 2631 4
6498 2631 18
2629 2631 12
6507 2631 3
6512 2631 9
14303 2631 3
11853 2633 3
11879 2634 1
6523 2635 1
14441 2636 1
6501 2637 1
2639 2638 1
2637 2638 1
6503 2638 3
2997 2638 1
6501 2639 1
6544 2640 1
6498 2641 1
6523 2642 1
6544 2643 1
2887 2644 1
3072 2644 1
3121 2644 1
6546 2644 4
2643 2644 1
6521 2646 1
6518 2647 1
6498 2824 1
11845 2825 1
6501 2826 1
6570 2827 1
14316 2828 2
6537 2828 4
6544 2829 1
6544 2830 1
6546 2831 1
2830 2831 1
6570 2832 1
6572 2833 7
3088 2833 1
2891 2833 1
9373 2833 1
3041 2833 1
3128 2833 1
2832 2833 1
9370 2833 1
6544 2834 1
2629 2835 1
6532 2836 1
6501 2837 1
2837 2838 1
3066 2838 1
3125 2838 1
2893 2838 1
9375 2838 1
6503 2838 6
3003 2838 1
6550 2839 1
6570 2840 1
14471 2841 1
14213 2842 1
6544 2843 1
14303 2844 1
6501 2845 1
14460 2846 1
6583 2847 2
2987 2847 1
6576 2848 3
2987 2848 1
2894 2848 1
2847 2848 2
2850 2849 1
11728 2851 1
12319 2852 1
6501 2853 1
6548 2854 1
6501 2855 1
14375 2856 1
6518 2857 1
9421 2858 1
9417 2858 1
9386 2858 1
6580 2858 7
3008 2858 1
2857 2858 1
2969 2858 1
3147 2858 1
6532 2859 1
6532 2860 1
2860 2861 1
3070 2861 1
6534 2861 3
2890 2861 1
3095 2862 1
3118 2862 1
2937 2862 1
3037 2862 1
11891 2862 7
9420 2862 1
2860 2862 1
2882 2862 1
2937 2863 1
2882 2863 1
2860 2863 1
11891 2863 7
3037 2863 1
9420 2863 1
3118 2863 1
3095 2863 1
3095 2864 1
3118 2864 1
2860 2864 1
2882 2864 1
9420 2864 1
11891 2864 7
3037 2864 1
2937 2864 1
2882 2865 1
11891 2865 7
9420 2865 1
3037 2865 1
2937 2865 1
2860 2865 1
3118 2865 1
3095 2865 1
2860 2866 1
11891 2866 7
3095 2866 1
2882 2866 1
3118 2866 1
9420 2866 1
3037 2866 1
2937 2866 1
11891 2867 7
2860 2867 1
2937 2867 1
2882 2867 1
3095 2867 1
3037 2867 1
3118 2867 1
9420 2867 1
2882 2868 1
3095 2868 1
11891 2868 7
9420 2868 1
2937 2868 1
2860 2868 1
3037 2868 1
3118 2868 1
2860 2869 1
11891 2869 7
2937 2869 1
3037 2869 1
9420 2869 1
3095 2869 1
3118 2869 1
2882 2869 1
3118 2870 1
9420 2870 1
11891 2870 7
2860 2870 1
2882 2870 1
2937 2870 1
3095 2870 1
3037 2870 1
6523 2871 1
14365 2872 1
14312 2873 1
2872 2873 1
2872 2874 1
14312 2874 1
2872 2875 1
14312 2875 1
2872 2876 1
14312 2876 1
2872 2877 1
14312 2877 1
2872 2878 1
14312 2878 1
6501 2879 1
6523 2880 1
14258 2881 1
6523 2882 1
6498 2883 1
11764 2884 1
2886 2885 1
6544 2887 1
6532 2889 1
6532 2890 1
6570 2891 1
6532 2892 1
6501 2893 1
14475 2894 1
6523 2895 1
3107 2896 1
2946 2896 1
2895 2896 1
6525 2896 4
3028 2896 1
6501 2897 1
2897 2898 1
3110 2898 1
2986 2898 1
6503 2898 3
6498 2899 1
6523 2900 1
6532 2901 1
14333 2902 1
3036 2903 1
6568 2903 6
3114 2903 1
2902 2903 1
3062 2903 1
3042 2903 1
3051 2903 1
6532 2904 1
2629 2905 1
11879 2906 1
6518 2907 1
6498 2908 1
14330 2909 1
2909 2910 1
9411 2910 1
14468 2910 2
6523 2911 1
6501 2912 1
2914 2913 1
2913 2915 1
2916 2915 1
2914 2916 1
14430 2917 2
2913 2917 1
3099 2917 1
14430 2918 2
3099 2918 1
2913 2918 1
2913 2919 1
3099 2919 1
14430 2919 2
6532 2920 1
6534 2921 1
2920 2921 1
11764 2922 1
6570 2923 1
6518 2924 1
11853 2925 3
14258 2926 1
3081 2927 1
2916 2927 4
14319 2928 1
6544 2929 1
2931 2930 1
11855 2932 1
14415 2933 1
6514 2934 1
14258 2935 1
14471 2936 1
6544 2937 1
3161 2938 1
6546 2938 3
2937 2938 1
3048 2938 1
6514 2939 1
6532 2940 1
6514 2941 1
6514 2942 1
3034 2943 1
2966 2943 1
11790 2943 3
2942 2943 1
6514 2944 1
2944 2945 1
11790 2945 1
6523 2946 1
6532 2947 1
6518 2948 1
3033 2949 1
6580 2949 3
2948 2949 1
3084 2949 1
6532 2950 1
14245 2951 3
14345 2952 1
6523 2953 1
11867 2954 1
11770 2955 1
2955 2956 1
11772 2956 1
2955 2957 1
11772 2957 1
11772 2958 1
2955 2958 1
3038 2959 4
11772 2959 5
2955 2959 1
3038 2960 4
2955 2960 1
11772 2960 5
2955 2961 1
11772 2961 5
3038 2961 4
11772 2962 1
2955 2962 1
11772 2963 1
2955 2963 1
2955 2964 1
11772 2964 1
6570 2965 1
6514 2966 1
6544 2967 1
11764 2968 1
6518 2969 1
6570 2970 1
2972 2971 1
6544 2973 1
14441 2974 1
14450 2975 1
13960 2976 1
6550 2977 1
2645 2978 1
14258 2979 1
6523 2980 1
11871 2981 1
2981 2982 1
11875 2982 2
6523 2983 1
11881 2984 1
11820 2985 2
2984 2985 1
9426 2985 1
6501 2986 1
2645 2987 1
6523 2988 1
6518 2989 1
14357 2990 1
2632 2991 1
6586 2992 1
2991 2992 1
14479 2993 1
14481 2994 2
3026 2994 1
2993 2994 1
3026 2995 1
2993 2995 1
14481 2995 2
11879 2996 1
6501 2997 1
6544 2998 1
14508 2999 1
11827 3000 1
11827 3001 1
6501 3003 1
6523 3004 1
14312 3005 1
3005 3006 1
14312 3006 1
6507 3007 1
6518 3008 1
6523 3009 1
14316 3010 1
3010 3011 1
3119 3011 1
2828 3011 2
3119 3012 1
2828 3012 2
3010 3012 1
2828 3013 1
3010 3013 1
2828 3014 1
3010 3014 1
6518 3015 1
6532 3016 1
6534 3017 1
3016 3017 1
2951 3019 1
6501 3020 1
3069 3021 1
6503 3021 3
9376 3021 1
3020 3021 1
11827 3022 1
6514 3023 1
14454 3024 1
6523 3025 1
14479 3026 1
6501 3027 1
6523 3028 1
14441 3029 1
6501 3030 1
14285 3031 1
6501 3032 1
6518 3033 1
6514 3034 1
6544 3035 1
2972 3036 1
6514 3037 1
3078 3038 1
11790 3038 4
3127 3038 1
3037 3038 1
6544 3039 1
6518 3040 1
6570 3041 1
14494 3042 1
11827 3043 1
14213 3044 1
6518 3045 1
11764 3046 1
11827 3047 1
6544 3048 1
3079 3049 1
11851 3049 2
3172 3050 1
3079 3050 1
11849 3050 3
3049 3050 2
11845 3051 1
14471 3052 1
6523 3053 1
6548 3054 1
6532 3055 1
11827 3056 1
11827 3057 1
14447 3059 1
6523 3060 1
6544 3061 1
14508 3062 1
11855 3063 1
14471 3064 1
14454 3065 1
6501 3066 1
6501 3067 1
6523 3068 1
6501 3069 1
6532 3070 1
14287 3071 1
6544 3072 1
2951 3073 1
6523 3074 1
14454 3075 1
6570 3076 1
11764 3077 1
6514 3078 1
11847 3079 1
14417 3080 1
14460 3082 1
6514 3083 1
6518 3084 1
11724 3085 1
2951 3086 1
11724 3087 1
6570 3088 1
6523 3089 1
11764 3090 1
14494 3091 1
6523 3092 1
6532 3093 1
6501 3094 1
6518 3095 1
6548 3096 1
6498 3097 1
11764 3098 1
14428 3099 1
2931 3100 1
14471 3101 1
6514 3102 1
3102 3103 1
11790 3103 1
2951 3104 1
6501 3105 1
6532 3106 1
6523 3107 1
6544 3108 1
6570 3109 1
6501 3110 1
14448 3111 1
3111 3112 1
11819 3112 1
6544 3113 1
14319 3114 1
14287 3115 1
6514 3116 1
6544 3117 1
6501 3118 1
14316 3119 1
6514 3120 1
6544 3121 1
6570 3122 1
6532 3123 1
2629 3124 1
6501 3125 1
14258 3126 1
6514 3127 1
6570 3128 1
6532 3129 1
11881 3130 1
14471 3131 1
6570 3132 1
6572 3133 1
3132 3133 1
6577 3134 1
14357 3135 1
11879 3136 1
6514 3137 1
6518 3138 1
11827 3139 1
2629 3140 1
6514 3141 1
6523 3142 1
6532 3143 1
6544 3144 1
6544 3145 1
11724 3146 1
6518 3147 1
6532 3148 1
14345 3149 1
6570 3150 1
13960 3151 1
6570 3152 1
6544 3153 1
6546 3154 1
3153 3154 1
6498 3155 1
14357 3156 1
14479 3157 1
11881 3158 1
14244 3159 1
6564 3160 1
6544 3161 1
6532 3162 1
6532 3163 1
3163 3164 1
6534 3164 1
6498 3165 1
6570 3166 1
14441 3167 1
6523 3168 1
6523 3170 1
2972 3171 1
14285 3172 1
6518 3173 1
6548 3174 1
6514 3175 1
14296 6495 10
6496 6495 2
6498 6497 1
14245 6498 3
14336 6499 1
3159 6499 1
14522 6499 1
2631 6499 21
11785 6499 1
2968 6499 1
11792 6499 1
14304 6499 1
3046 6499 1
14401 6499 1
11786 6499 1
14343 6499 1
6497 6499 1
3086 6499 1
2641 6499 1
14223 6499 1
3155 6499 1
14484 6499 1
12336 6499 1
2883 6499 1
14516 6499 1
3077 6499 1
6501 6500 1
12328 6501 2
3118 6502 1
2837 6502 1
2997 6502 1
2893 6502 1
9375 6502 1
2845 6502 1
3069 6502 1
14305 6502 1
3003 6502 1
11884 6502 1
3020 6502 1
2826 6502 1
3110 6502 1
2986 6502 1
9414 6502 1
11805 6502 1
2853 6502 1
3030 6502 1
14497 6502 1
6500 6502 1
14390 6502 1
3105 6502 1
9416 6502 1
11781 6502 1
2637 6502 1
12338 6502 1
2879 6502 1
9380 6502 1
2639 6502 1
13981 6502 1
2897 6502 1
6503 6502 36
14466 6502 1
3066 6502 1
9376 6502 1
3125 6502 1
3027 6502 1
6501 6503 36
6516 6503 7
12328 6503 4
9380 6504 1
14390 6504 1
6500 6504 1
12338 6504 1
6503 6504 7
2879 6504 1
2853 6504 1
11805 6504 1
6506 6505 4
11827 6505 11
14258 6506 8
11794 6506 13
6508 6507 3
2631 6508 7
6514 6513 1
6519 6514 2
2871 6515 1
3042 6515 1
14501 6515 1
2941 6515 1
6565 6515 1
3062 6515 1
3067 6515 1
3094 6515 1
6513 6515 1
2939 6515 1
2902 6515 1
11844 6515 1
2912 6515 1
14260 6515 9
3036 6515 1
9369 6515 1
12315 6515 1
6516 6515 37
14493 6515 1
3171 6515 1
3032 6515 1
11868 6515 1
2642 6515 1
2928 6515 1
3023 6515 1
3114 6515 1
3051 6515 1
2953 6515 1
2900 6515 1
14507 6515 1
14494 6516 2
14319 6516 2
6566 6516 2
6514 6516 6
6568 6516 22
11845 6516 2
6523 6516 4
14261 6516 9
14508 6516 2
6501 6516 4
14333 6516 2
2972 6516 2
2629 6517 1
6519 6518 2
14261 6520 9
14399 6520 1
13960 6521 4
6520 6521 4
6523 6522 1
6519 6523 2
6574 6524 1
6525 6524 38
14335 6524 1
14298 6524 1
2988 6524 1
14247 6524 1
3089 6524 1
11883 6524 1
3068 6524 1
3142 6524 1
2946 6524 1
2983 6524 1
13985 6524 1
2882 6524 1
6522 6524 1
11812 6524 1
3168 6524 1
3028 6524 1
14446 6524 1
2880 6524 1
2980 6524 1
3107 6524 1
3009 6524 1
2895 6524 1
14498 6524 1
6562 6524 1
3060 6524 1
11823 6524 1
11887 6524 1
3004 6524 1
3170 6524 1
11886 6524 1
9422 6524 1
2911 6524 1
3053 6524 1
11803 6524 1
2635 6524 1
3025 6524 1
3074 6524 1
12328 6525 2
6523 6525 38
6516 6525 5
6525 6526 4
6522 6526 1
3053 6526 1
3168 6526 1
2988 6526 1
6528 6527 1
6527 6529 1
6530 6529 1
6528 6530 1
11739 6530 13
6589 6530 4
6532 6531 1
6519 6532 2
3148 6533 1
3055 6533 1
14320 6533 1
2859 6533 1
3129 6533 1
6531 6533 1
3123 6533 1
13965 6533 1
6534 6533 29
14310 6533 1
9419 6533 1
9418 6533 1
2901 6533 1
3162 6533 1
3143 6533 1
2904 6533 1
2892 6533 1
3093 6533 1
2920 6533 1
14321 6533 1
14342 6533 1
3163 6533 1
2947 6533 1
2950 6533 1
14486 6533 1
2836 6533 1
12329 6533 1
11876 6533 1
3016 6533 1
2860 6533 1
12328 6534 2
6516 6534 5
6532 6534 38
12330 6535 4
11877 6535 8
6531 6535 1
2940 6535 1
11876 6535 1
12332 6535 4
2950 6535 1
6534 6535 19
3162 6535 1
9378 6535 1
2935 6536 1
2881 6536 1
14395 6536 1
6569 6536 1
6565 6536 1
14257 6536 1
9406 6536 1
9391 6536 1
2973 6536 1
6537 6536 25
14425 6536 1
9403 6536 1
6531 6536 1
9414 6536 1
2895 6536 1
2979 6536 1
3126 6536 1
11844 6536 1
14268 6536 10
14501 6536 1
2928 6536 1
9388 6536 1
3171 6536 1
6501 6537 1
14319 6537 1
6566 6537 1
6514 6537 1
6523 6537 1
2972 6537 1
14258 6537 9
6532 6537 1
6570 6537 1
14333 6537 1
6544 6537 1
11845 6537 1
14269 6537 10
6518 6537 1
9414 6538 1
6569 6538 1
2895 6538 1
6537 6538 7
14425 6538 1
6531 6538 1
9391 6538 1
2973 6538 1
6540 6539 2
2852 6539 1
12319 6540 2
11726 6540 4
6542 6541 3
6539 6541 2
14374 6541 1
2852 6541 1
6540 6542 4
14375 6542 2
12319 6542 2
6544 6543 1
6519 6544 2
6543 6545 1
3061 6545 1
14283 6545 1
3035 6545 1
3121 6545 1
12333 6545 1
3039 6545 1
2643 6545 1
2887 6545 1
3108 6545 1
2829 6545 1
3144 6545 1
3117 6545 1
14334 6545 1
2640 6545 1
9397 6545 1
3048 6545 1
9423 6545 1
2830 6545 1
2998 6545 1
2967 6545 1
3153 6545 1
3072 6545 1
2937 6545 1
14495 6545 1
3145 6545 1
13986 6545 1
12310 6545 1
14341 6545 1
3161 6545 1
2973 6545 1
2843 6545 1
14331 6545 1
9394 6545 1
14439 6545 1
2929 6545 1
9393 6545 1
12335 6545 1
6546 6545 41
3113 6545 1
14313 6545 1
2834 6545 1
6544 6546 41
6516 6546 5
12328 6546 2
2834 6547 1
6546 6547 6
14334 6547 1
3113 6547 1
14283 6547 1
6543 6547 1
9393 6547 1
6549 6548 4
6521 6549 9
13960 6549 4
14471 6549 7
6552 6551 1
6551 6553 1
14506 6553 1
6554 6553 2
6552 6554 2
3018 6554 4
6551 6555 1
6554 6555 2
14506 6555 1
6551 6556 1
6554 6556 2
14506 6556 1
6551 6557 1
6554 6557 2
14506 6557 1
6554 6558 1
6551 6558 1
6554 6559 1
6551 6559 1
6551 6560 1
6554 6560 1
6554 6561 1
6551 6561 1
6523 6562 1
3074 6563 1
3142 6563 1
2983 6563 1
14446 6563 1
6525 6563 7
3009 6563 1
11887 6563 1
6562 6563 1
6566 6565 1
2979 6567 1
3171 6567 1
2928 6567 1
14507 6567 1
9388 6567 1
3126 6567 1
14493 6567 1
2881 6567 1
9403 6567 1
14487 6567 1
6568 6567 16
6565 6567 1
14501 6567 1
14395 6567 1
11844 6567 1
14257 6567 1
2935 6567 1
14333 6568 2
6523 6568 3
6505 6568 12
11845 6568 2
6566 6568 2
2972 6568 2
11827 6568 12
14261 6568 9
14494 6568 2
14319 6568 2
14508 6568 2
14258 6568 8
6570 6569 1
6519 6570 2
13964 6571 1
3152 6571 1
2965 6571 1
14337 6571 1
6572 6571 32
12339 6571 1
9384 6571 1
2891 6571 1
3041 6571 1
2832 6571 1
6569 6571 1
3128 6571 1
14435 6571 1
2970 6571 1
3088 6571 1
9371 6571 1
11761 6571 1
9370 6571 1
3166 6571 1
3109 6571 1
9387 6571 1
3122 6571 1
3150 6571 1
3076 6571 1
2923 6571 1
14221 6571 1
9408 6571 1
14256 6571 1
3132 6571 1
9373 6571 1
2827 6571 1
11802 6571 1
2840 6571 1
12328 6572 2
6570 6572 32
6516 6572 5
6572 6573 3
2970 6573 1
2827 6573 1
6569 6573 1
6523 6574 1
11823 6575 1
3025 6575 1
6525 6575 4
6574 6575 1
2635 6575 1
6583 6576 4
2645 6576 2
14475 6576 2
6576 6577 4
6518 6578 1
3033 6579 1
3008 6579 1
9386 6579 1
14515 6579 1
2924 6579 1
2969 6579 1
6578 6579 1
9421 6579 1
3015 6579 1
11783 6579 1
9381 6579 1
14425 6579 1
3045 6579 1
2948 6579 1
14301 6579 1
11821 6579 1
11815 6579 1
12323 6579 1
3040 6579 1
3173 6579 1
14391 6579 1
3138 6579 1
14526 6579 1
2989 6579 1
9374 6579 1
2857 6579 1
3095 6579 1
3147 6579 1
9417 6579 1
6580 6579 39
14317 6579 1
14308 6579 1
2647 6579 1
12316 6579 1
9412 6579 1
13967 6579 1
2907 6579 1
3084 6579 1
14513 6579 1
9404 6579 1
6516 6580 5
12328 6580 2
6518 6580 39
9404 6581 1
6578 6581 1
2924 6581 1
2989 6581 1
6580 6581 7
3045 6581 1
14301 6581 1
2907 6581 1
2978 6582 1
6583 6582 2
14271 6583 4
2645 6583 2
2978 6584 1
14499 6584 1
6576 6584 3
6582 6584 2
14292 6585 1
6586 6585 4
2632 6586 1
6544 6587 1
6587 6588 1
2825 6588 1
14492 6588 1
9367 6588 1
2971 6588 1
14332 6588 1
2999 6588 1
14318 6588 1
6589 6588 14
2855 6588 1
6600 6588 1
3091 6588 1
14476 6588 1
9410 6588 1
3092 6588 1
14333 6589 1
6518 6589 1
14508 6589 1
6544 6589 1
6501 6589 1
11845 6589 1
6570 6589 1
6566 6589 1
14494 6589 1
6532 6589 1
6514 6589 1
2972 6589 1
6523 6589 1
14319 6589 1
2825 6590 1
6591 6590 14
14318 6590 1
14492 6590 1
2971 6590 1
14476 6590 1
14332 6590 1
3092 6590 1
9367 6590 1
9410 6590 1
2999 6590 1
6600 6590 1
3091 6590 1
2855 6590 1
6587 6590 1
14494 6591 1
14508 6591 1
6518 6591 1
2972 6591 1
6501 6591 1
6532 6591 1
6514 6591 1
14319 6591 1
6544 6591 1
6566 6591 1
6570 6591 1
11845 6591 1
6523 6591 1
14333 6591 1
6600 6592 1
2971 6592 1
14318 6592 1
6591 6592 14
2825 6592 1
2855 6592 1
2999 6592 1
9367 6592 1
14332 6592 1
3091 6592 1
3092 6592 1
6587 6592 1
9410 6592 1
14476 6592 1
14492 6592 1
14492 6593 1
2999 6593 1
6591 6593 14
9410 6593 1
14476 6593 1
14318 6593 1
3092 6593 1
9367 6593 1
6587 6593 1
2855 6593 1
3091 6593 1
14332 6593 1
2825 6593 1
6600 6593 1
2971 6593 1
14476 6594 1
2825 6594 1
14492 6594 1
6595 6594 10
9367 6594 1
6587 6594 1
9410 6594 1
14332 6594 1
3092 6594 1
14318 6594 1
2971 6594 1
6570 6595 1
6532 6595 1
2972 6595 1
6523 6595 1
6566 6595 1
6544 6595 1
11845 6595 1
6514 6595 1
14333 6595 1
14319 6595 1
14332 6596 1
3092 6596 1
6587 6596 1
14476 6596 1
14318 6596 1
14492 6596 1
2825 6596 1
6600 6596 1
2855 6596 1
2999 6596 1
2971 6596 1
9410 6596 1
6597 6596 14
3091 6596 1
9367 6596 1
6570 6597 1
6532 6597 1
6523 6597 1
14333 6597 1
11845 6597 1
6514 6597 1
6501 6597 1
6544 6597 1
6518 6597 1
14494 6597 1
2972 6597 1
14319 6597 1
6566 6597 1
14508 6597 1
2825 6598 1
9367 6598 1
6597 6598 14
9410 6598 1
6587 6598 1
6600 6598 1
2999 6598 1
14476 6598 1
2971 6598 1
3092 6598 1
14332 6598 1
2855 6598 1
3091 6598 1
14492 6598 1
14318 6598 1
14492 6599 1
9367 6599 1
6597 6599 10
6587 6599 1
9410 6599 1
14476 6599 1
2971 6599 1
2825 6599 1
14318 6599 1
14332 6599 1
3092 6599 1
6518 6600 1
6532 9367 1
2850 9368 1
6514 9369 1
6570 9370 1
6570 9371 1
14462 9372 1
6570 9373 1
6518 9374 1
6501 9375 1
6501 9376 1
14441 9377 1
6532 9378 1
2931 9379 1
6501 9380 1
6518 9381 1
14410 9382 1
14345 9383 1
6570 9384 1
6572 9385 1
9384 9385 1
6518 9386 1
6570 9387 1
14258 9388 1
3081 9389 1
2927 9390 1
9389 9390 1
6514 9391 1
14454 9392 1
6544 9393 1
6544 9394 1
14290 9395 1
14460 9396 1
6544 9397 1
6514 9398 1
6514 9399 1
11790 9400 1
9399 9400 1
6577 9401 1
11724 9402 1
14258 9403 1
6518 9404 1
14303 9405 1
14258 9406 1
14471 9407 1
6570 9408 1
6514 9409 1
6570 9410 1
14330 9411 1
6518 9412 1
14234 9413 1
6501 9414 1
6568 9415 1
6501 9416 1
6518 9417 1
6532 9418 1
6532 9419 1
14485 9420 1
6518 9421 1
6523 9422 1
6544 9423 1
11855 9424 1
11737 9425 1
11881 9426 1
11724 11723 1
14523 11725 1
11723 11725 1
3146 11725 1
3085 11725 1
11726 11725 17
13974 11725 12
9402 11725 1
11724 11726 4
14524 11726 1
13975 11726 12
11728 11727 1
14374 11729 1
2856 11729 1
11730 11729 17
14440 11729 1
11727 11729 1
13974 11729 12
2851 11729 1
14441 11730 2
11728 11730 2
13975 11730 12
14375 11730 2
14374 11731 1
11727 11731 1
13974 11731 12
14440 11731 1
11730 11731 17
2856 11731 1
2851 11731 1
14440 11732 1
2856 11732 1
13974 11732 12
14374 11732 1
2851 11732 1
11730 11732 17
11727 11732 1
2851 11733 1
11727 11733 1
2856 11733 1
14374 11733 1
11730 11733 17
13974 11733 12
14440 11733 1
2856 11734 1
13974 11734 12
11727 11734 1
11730 11734 17
14440 11734 1
14374 11734 1
2851 11734 1
14374 11735 1
11727 11735 1
2851 11735 1
14440 11735 1
2856 11735 1
13974 11735 12
11730 11735 17
11737 11736 1
14284 11738 1
11739 11738 13
14260 11738 9
9425 11738 1
11736 11738 1
14261 11739 9
11737 11739 3
2894 11740 1
11741 11740 19
14518 11740 1
14499 11740 1
11738 11740 13
2954 11740 1
11866 11740 1
14344 11740 1
14475 11741 2
14258 11741 1
14261 11741 9
11867 11741 2
11739 11741 13
11737 11741 1
14327 11741 2
14345 11741 3
14244 11741 1
14344 11742 1
11741 11742 19
2894 11742 1
14518 11742 1
2954 11742 1
14499 11742 1
11738 11742 13
14260 11742 9
11866 11742 1
14518 11743 1
14499 11743 1
11741 11743 19
11738 11743 13
11866 11743 1
14344 11743 1
2954 11743 1
2894 11743 1
14461 11744 1
11745 11744 14
11738 11744 13
11739 11745 13
11747 11745 4
14462 11745 2
2894 11746 1
14424 11746 1
14344 11746 1
14499 11746 1
14518 11746 1
11747 11746 19
11738 11746 13
14339 11746 1
14345 11747 3
14475 11747 2
14244 11747 1
11737 11747 1
14258 11747 1
14340 11747 2
11739 11747 13
14339 11748 1
2894 11748 1
14424 11748 1
11738 11748 13
14499 11748 1
11747 11748 17
14461 11749 1
11738 11749 13
11745 11749 14
11747 11750 17
2894 11750 1
11738 11750 13
14499 11750 1
14424 11750 1
14339 11750 1
11745 11751 14
11738 11751 13
14461 11751 1
14503 11752 1
11738 11752 13
11753 11752 14
11741 11753 4
11739 11753 13
14236 11753 2
11738 11754 13
14344 11754 1
14518 11754 1
11741 11754 20
11866 11754 1
14499 11754 1
14326 11754 1
2954 11754 1
2894 11754 1
6530 11755 13
11738 11755 13
11753 11756 14
14503 11756 1
11738 11756 13
11741 11757 19
2954 11757 1
14499 11757 1
2894 11757 1
11738 11757 13
14344 11757 1
14518 11757 1
11866 11757 1
11759 11758 13
11738 11758 13
11739 11759 13
6595 11759 4
11738 11760 13
14503 11760 1
11753 11760 14
6570 11761 1
3076 11762 1
13964 11762 1
14256 11762 1
11761 11762 1
2923 11762 1
6572 11762 6
11802 11762 1
11764 11763 1
14245 11764 3
11766 11765 4
14417 11765 2
11827 11766 1
6518 11766 1
6505 11766 12
6544 11766 1
6532 11766 1
6523 11766 1
6570 11766 1
6514 11766 1
6501 11766 1
11767 11768 3
11770 11769 1
11769 11771 1
2955 11771 1
11772 11771 2
11790 11772 4
11770 11772 2
11891 11772 4
11769 11773 1
2955 11773 1
11772 11773 2
2955 11774 1
11772 11774 2
11769 11774 1
11772 11775 2
2955 11775 1
11769 11775 1
11769 11776 1
2955 11776 1
11772 11776 2
11769 11777 1
2955 11777 1
11772 11777 2
11769 11778 1
2955 11778 1
11772 11778 2
2955 11779 1
11772 11779 2
11769 11779 1
2955 11780 1
11772 11780 2
11769 11780 1
6501 11781 1
3027 11782 1
11781 11782 1
3105 11782 1
6503 11782 3
6518 11783 1
11783 11784 1
6580 11784 2
3095 11784 1
6498 11785 1
11787 11786 1
14245 11787 3
6514 11788 1
3034 11789 1
11790 11789 32
3127 11789 1
9399 11789 1
14360 11789 1
14289 11789 1
3083 11789 1
9398 11789 1
3037 11789 1
3078 11789 1
3141 11789 1
14299 11789 1
3120 11789 1
2944 11789 1
12343 11789 1
9391 11789 1
14230 11789 1
3175 11789 1
2934 11789 1
11824 11789 1
14491 11789 1
9409 11789 1
3116 11789 1
14521 11789 1
2966 11789 1
12322 11789 1
14509 11789 1
14496 11789 1
2942 11789 1
3137 11789 1
3102 11789 1
11788 11789 1
14517 11789 1
12328 11790 2
6514 11790 32
6516 11790 5
3141 11791 1
14496 11791 1
9398 11791 1
12322 11791 1
14230 11791 1
11788 11791 1
11790 11791 7
14509 11791 1
6498 11792 1
2930 11793 1
11794 11793 13
14260 11793 9
3100 11793 1
9379 11793 1
14261 11794 9
14258 11794 1
2931 11794 3
9382 11795 1
14409 11795 1
14470 11795 1
3052 11795 1
2841 11795 1
11793 11795 13
3101 11795 1
11796 11795 19
13960 11796 4
14447 11796 1
11794 11796 13
14213 11796 2
14460 11796 3
14410 11796 2
6548 11796 1
14471 11796 5
11793 11797 13
11798 11797 13
11794 11798 13
11796 11798 4
6506 11799 13
11793 11799 13
11796 11800 19
9382 11800 1
14409 11800 1
3101 11800 1
3052 11800 1
2841 11800 1
14470 11800 1
11793 11800 13
3052 11801 1
11796 11801 20
14409 11801 1
14470 11801 1
9382 11801 1
11793 11801 13
3059 11801 1
3101 11801 1
2841 11801 1
6570 11802 1
6523 11803 1
11803 11804 1
2980 11804 1
11886 11804 1
6525 11804 4
3004 11804 1
6501 11805 1
11807 11806 1
11858 11807 4
11809 11808 57
3174 11808 1
11878 11808 1
2894 11808 1
14518 11808 1
3134 11808 1
3136 11808 1
14511 11808 1
11806 11808 1
14426 11808 1
3071 11808 1
14374 11808 1
3115 11808 1
2936 11808 1
14453 11808 1
3075 11808 1
3031 11808 1
2906 11808 1
14324 11808 1
14440 11808 1
3101 11808 1
2854 11808 1
2932 11808 1
2952 11808 1
14502 11808 1
12337 11808 1
2841 11808 1
14510 11808 1
3096 11808 1
14344 11808 1
9413 11808 1
3044 11808 1
2636 11808 1
3172 11808 1
9407 11808 1
3052 11808 1
14231 11808 1
2634 11808 1
14499 11808 1
9401 11808 1
9383 11808 1
14396 11808 1
14279 11808 1
2856 11808 1
3063 11808 1
9424 11808 1
3024 11808 1
9377 11808 1
2974 11808 1
3131 11808 1
3054 11808 1
11854 11808 1
14470 11808 1
14512 11808 1
3167 11808 1
2842 11808 1
3064 11808 1
3065 11808 1
14213 11809 5
11807 11809 4
14285 11809 2
14471 11809 8
6548 11809 4
14345 11809 5
6577 11809 2
14454 11809 5
14441 11809 6
14287 11809 2
14375 11809 2
14475 11809 2
14234 11809 2
11855 11809 8
11879 11809 5
2996 11810 1
3136 11810 1
2634 11810 1
11811 11810 7
14324 11810 1
14512 11810 1
11806 11810 1
14502 11810 1
11807 11811 3
11855 11811 1
11879 11811 3
6523 11812 1
14498 11813 1
3170 11813 1
11812 11813 1
6525 11813 8
14298 11813 1
14335 11813 1
3060 11813 1
2911 11813 1
3089 11813 1
11787 11814 1
6518 11815 1
12316 11816 1
6580 11816 3
11815 11816 1
9374 11816 1
6521 11817 2
2976 11817 1
3064 11818 1
3052 11818 1
11817 11818 2
2976 11818 1
6549 11818 4
14448 11819 1
11819 11820 4
11881 11820 8
6518 11821 1
14526 11822 1
3173 11822 1
6580 11822 3
11821 11822 1
6523 11823 1
6514 11824 1
14521 11825 1
11790 11825 3
11824 11825 1
3083 11825 1
11827 11826 1
12327 11828 1
11833 11828 12
11826 11828 1
3047 11828 1
3043 11828 1
11829 11828 13
14358 11828 1
3056 11828 1
3139 11828 1
3000 11828 1
3022 11828 1
3057 11828 1
14500 11828 1
3001 11828 1
6505 11829 12
11827 11829 12
3022 11830 1
12327 11830 1
6568 11830 13
3043 11830 1
14500 11830 1
14487 11830 1
3139 11830 1
14358 11830 1
11826 11830 1
3001 11830 1
11833 11830 12
14358 11831 1
3047 11831 1
14487 11831 1
3139 11831 1
3057 11831 1
14500 11831 1
11826 11831 1
6568 11831 13
3022 11831 1
12327 11831 1
3000 11831 1
11833 11831 12
3047 11832 1
12327 11832 1
11826 11832 1
3000 11832 1
3139 11832 1
3022 11832 1
14358 11832 1
3057 11832 1
3043 11832 1
3001 11832 1
6505 11832 11
14500 11832 1
3139 11833 1
3057 11833 1
3047 11833 1
3022 11833 1
3043 11833 1
11826 11833 1
6505 11833 12
14500 11833 1
3000 11833 1
14358 11833 1
3001 11833 1
12327 11833 1
11829 11834 13
3056 11834 1
11833 11834 12
3062 11835 1
3036 11835 1
14487 11835 1
3114 11835 1
3051 11835 1
3042 11835 1
6568 11835 21
3056 11835 1
11833 11835 12
11868 11835 1
2902 11835 1
3148 11836 1
3109 11836 1
11833 11836 12
2942 11836 1
3105 11836 1
12316 11836 1
11766 11836 20
2980 11836 1
3056 11836 1
2640 11836 1
12316 11837 1
3105 11837 1
3109 11837 1
3056 11837 1
3148 11837 1
2640 11837 1
2942 11837 1
2980 11837 1
11833 11837 12
11766 11837 20
14500 11838 1
3000 11838 1
12327 11838 1
3057 11838 1
11833 11838 12
3139 11838 1
11829 11838 12
3047 11838 1
3062 11839 1
3139 11839 1
3047 11839 1
3036 11839 1
6568 11839 20
3057 11839 1
3000 11839 1
12327 11839 1
11868 11839 1
3042 11839 1
3114 11839 1
14487 11839 1
11833 11839 12
3051 11839 1
14500 11839 1
2902 11839 1
12327 11840 1
3057 11840 1
3047 11840 1
3000 11840 1
3139 11840 1
14500 11840 1
11833 11840 12
11829 11840 12
11842 11841 13
3056 11841 1
11833 11841 12
6505 11842 12
11827 11842 1
11764 11843 1
11845 11844 1
11847 11846 1
11846 11848 1
11849 11848 3
3031 11848 1
11850 11848 2
11851 11849 4
14285 11849 2
11847 11849 2
11851 11850 2
11846 11850 1
11847 11851 2
14246 11851 4
11853 11852 3
11855 11854 1
2996 11856 1
11854 11856 1
3031 11856 1
14374 11856 1
14212 11856 1
2634 11856 1
3149 11856 1
14512 11856 1
3029 11856 1
14499 11856 1
14470 11856 1
14453 11856 1
3174 11856 1
14440 11856 1
2854 11856 1
9392 11856 1
2841 11856 1
2932 11856 1
3063 11856 1
3101 11856 1
3134 11856 1
11809 11856 26
14502 11856 1
9413 11856 1
14344 11856 1
3115 11856 1
3044 11856 1
11854 11857 1
11858 11857 5
14388 11857 1
14525 11857 1
14389 11857 2
9424 11857 1
11875 11858 9
11871 11858 4
11855 11858 7
2932 11859 1
14394 11859 1
14512 11859 1
11860 11859 9
11854 11859 1
12341 11859 1
12337 11859 1
3063 11859 1
11870 11859 1
14224 11859 1
11871 11860 4
12342 11860 2
11807 11860 1
11879 11860 2
11855 11860 5
11860 11861 6
2932 11861 1
11854 11861 1
3063 11861 1
12337 11861 1
14224 11861 1
12341 11861 1
2932 11862 1
14224 11862 1
12337 11862 1
11854 11862 1
3063 11862 1
11860 11862 6
12341 11862 1
14224 11863 1
11854 11863 1
11860 11863 6
3063 11863 1
2932 11863 1
12337 11863 1
12341 11863 1
2932 11864 1
12337 11864 1
3063 11864 1
12341 11864 1
11860 11864 6
14224 11864 1
11854 11864 1
14224 11865 1
3063 11865 1
12341 11865 1
12337 11865 1
2932 11865 1
11860 11865 6
11854 11865 1
11867 11866 1
6566 11868 1
11764 11869 1
11871 11870 1
2996 11872 1
11860 11872 9
14388 11872 1
14512 11872 1
11870 11872 1
14224 11872 1
14324 11872 1
14394 11872 1
2981 11872 1
2634 11872 1
11870 11873 1
12337 11873 1
14510 11873 1
11858 11873 4
11874 11873 2
11870 11874 1
11875 11874 2
11871 11875 4
14278 11875 4
6532 11876 1
3162 11877 1
9418 11877 1
14320 11877 1
6534 11877 8
2950 11877 1
3093 11877 1
11876 11877 1
14486 11877 1
11879 11878 1
11881 11880 1
11820 11882 2
14444 11882 1
11880 11882 1
6523 11883 1
6501 11884 1
11884 11885 1
3030 11885 1
9414 11885 1
6503 11885 3
6523 11886 1
6523 11887 1
11881 11889 1
11889 11890 1
3130 11890 1
11820 11890 2
6501 11891 1
6514 11891 1
6532 11891 1
6523 11891 1
14485 11891 1
6518 11891 1
6544 11891 1
6544 12310 1
6546 12311 1
12310 12311 1
2629 12312 1
2629 12313 1
11787 12314 1
6514 12315 1
6518 12316 1
3105 12317 1
2640 12317 1
11766 12317 6
3148 12317 1
2942 12317 1
3109 12317 1
12316 12317 1
12319 12318 1
2856 12320 1
6542 12320 3
12318 12320 1
12321 12320 2
12318 12321 1
6540 12321 2
6514 12322 1
6518 12323 1
9381 12324 1
6580 12324 3
14317 12324 1
12323 12324 1
6507 12326 1
11827 12327 1
6532 12329 1
3129 12330 1
3143 12330 1
6534 12330 4
12329 12330 1
6532 12331 1
12331 12332 1
14414 12332 1
6534 12332 4
2859 12332 1
6544 12333 1
3035 12334 1
12333 12334 1
6546 12334 4
3108 12334 1
9394 12334 1
6544 12335 1
11764 12336 1
11855 12337 1
6501 12338 1
6570 12339 1
12339 12340 1
6572 12340 1
12342 12341 1
6514 12343 1
14491 13958 1
11790 13958 3
12343 13958 1
14289 13958 1
13960 13959 1
11796 13961 12
9396 13961 1
3082 13961 1
2846 13961 1
13959 13961 1
14474 13961 1
2854 13961 1
14212 13961 1
3151 13961 1
3044 13961 1
14409 13961 1
2936 13961 1
2976 13961 1
3131 13962 1
14470 13962 1
2646 13962 1
6549 13962 5
13959 13962 1
13963 13962 2
13959 13963 1
6521 13963 2
6570 13964 1
6532 13965 1
11764 13966 1
6518 13967 1
3015 13968 1
6580 13968 3
14513 13968 1
13967 13968 1
14394 13969 1
11875 13969 2
3063 13970 1
11858 13970 4
14324 13970 1
14394 13970 1
13969 13970 2
6521 13971 2
14474 13971 1
3101 13972 1
2936 13972 1
14474 13972 1
13971 13972 2
6549 13972 4
11724 13973 1
2935 13974 1
13973 13974 1
3087 13974 1
2881 13974 1
13975 13974 12
14395 13974 1
9388 13974 1
3126 13974 1
14260 13974 9
11724 13975 2
14261 13975 9
14258 13975 5
14374 13976 1
3167 13976 1
2856 13976 1
13977 13976 19
9395 13976 1
9377 13976 1
13974 13976 12
14440 13976 1
14437 13976 1
2951 13977 1
14290 13977 2
13975 13977 12
14375 13977 2
14441 13977 4
11724 13977 1
2856 13978 1
9395 13978 1
13974 13978 12
14437 13978 1
14440 13978 1
3167 13978 1
13977 13978 18
14374 13978 1
3029 13979 1
3104 13979 1
14437 13979 1
13973 13979 1
14374 13979 1
13977 13979 6
14440 13979 1
14374 13980 1
3029 13980 1
3104 13980 1
13977 13980 6
14437 13980 1
14440 13980 1
13973 13980 1
6501 13981 1
13981 13982 1
6503 13982 1
11829 13983 4
6564 13983 2
6523 13985 1
6544 13986 1
2967 14209 1
6546 14209 4
2998 14209 1
13986 14209 1
2973 14209 1
6498 14210 1
14213 14212 1
2936 14214 1
14409 14214 1
11796 14214 7
14212 14214 1
9396 14214 1
2846 14214 1
3044 14214 1
3082 14214 1
9396 14215 1
3082 14215 1
3044 14215 1
14212 14215 1
2936 14215 1
14409 14215 1
11796 14215 7
2846 14215 1
14212 14216 1
3044 14216 1
2936 14216 1
11796 14216 5
14409 14216 1
3082 14216 1
2936 14217 1
3044 14217 1
14212 14217 1
11796 14217 4
14409 14217 1
11796 14218 5
9396 14218 1
2846 14218 1
14212 14218 1
14409 14218 1
3044 14218 1
14279 14219 1
3054 14219 1
14212 14219 1
2936 14219 1
3174 14219 1
3044 14219 1
2854 14219 1
14220 14219 7
14471 14220 1
6548 14220 3
14213 14220 3
6570 14221 1
14221 14222 1
6572 14222 3
3166 14222 1
9371 14222 1
11764 14223 1
12342 14224 1
14224 14225 1
14324 14225 1
11860 14225 4
2996 14225 1
2634 14225 1
2996 14226 1
14324 14226 1
14224 14226 1
2634 14226 1
11860 14226 4
2996 14227 1
14324 14227 1
11860 14227 4
14224 14227 1
2634 14227 1
14224 14228 1
11860 14228 4
2634 14228 1
2996 14228 1
14324 14228 1
2996 14229 1
14224 14229 1
14324 14229 1
11860 14229 4
2634 14229 1
6514 14230 1
14213 14231 1
13983 14232 1
14232 14233 1
13983 14233 1
11849 14234 4
14236 14235 1
11753 14237 2
14235 14237 1
14503 14237 1
11753 14238 2
14503 14238 1
14235 14238 1
11753 14239 2
14235 14239 1
14503 14239 1
14235 14240 1
14503 14240 1
11753 14240 2
11753 14241 2
14503 14241 1
14235 14241 1
11881 14242 1
3158 14243 1
14242 14243 1
11820 14243 2
14245 14244 3
2631 14245 11
14415 14246 1
2914 14246 1
14261 14246 9
6523 14247 1
2882 14248 1
9422 14248 1
14247 14248 1
6525 14248 4
2880 14248 1
11787 14249 1
9392 14250 1
14453 14250 1
14251 14250 6
9368 14250 1
14249 14250 1
14323 14250 1
3031 14250 1
14454 14251 3
14261 14251 9
11787 14251 1
6507 14251 1
14285 14251 2
2914 14251 1
2850 14251 2
14258 14251 1
14453 14252 1
14323 14252 1
14249 14252 1
9368 14252 1
9392 14252 1
14251 14252 6
3031 14252 1
9392 14253 1
3031 14253 1
14323 14253 1
9406 14253 1
14453 14253 1
14251 14253 7
9368 14253 1
14249 14253 1
14251 14254 7
9406 14254 1
14323 14254 1
14249 14254 1
9368 14254 1
14453 14254 1
9392 14254 1
3031 14254 1
3031 14255 1
14453 14255 1
9392 14255 1
9368 14255 1
14323 14255 1
14251 14255 7
9406 14255 1
14249 14255 1
6570 14256 1
14258 14257 1
3126 14259 1
9403 14259 1
9388 14259 1
2881 14259 1
2979 14259 1
14257 14259 1
6506 14259 8
14288 14259 1
14395 14259 1
14257 14260 1
2926 14260 1
14261 14260 9
2935 14260 1
9388 14260 1
3126 14260 1
14395 14260 1
2881 14260 1
2975 14260 1
14258 14261 7
14450 14261 1
3172 14262 1
3065 14262 1
14260 14262 9
3031 14262 1
9368 14262 1
2849 14262 1
14251 14262 16
2913 14262 1
14453 14262 1
14251 14263 15
3031 14263 1
14260 14263 9
2849 14263 1
3172 14263 1
14453 14263 1
9368 14263 1
3065 14263 1
14265 14264 11
14268 14264 10
14260 14264 9
2885 14264 1
14261 14265 9
2886 14265 1
14269 14265 10
14260 14266 9
3172 14266 1
3031 14266 1
14251 14266 16
9368 14266 1
3065 14266 1
2849 14266 1
14453 14266 1
2913 14266 1
2849 14267 1
14453 14267 1
9368 14267 1
3031 14267 1
3065 14267 1
3172 14267 1
14251 14267 15
14260 14267 9
14260 14268 9
14269 14268 10
14261 14269 9
14271 14270 10
14260 14270 9
14393 14270 1
14261 14271 9
14327 14271 1
3059 14272 1
14356 14272 1
9406 14272 1
3156 14272 1
2977 14272 1
3135 14272 1
14260 14272 9
14315 14272 1
2839 14272 1
2990 14272 1
14273 14272 18
14258 14273 1
14261 14273 9
6550 14273 3
14357 14273 4
14447 14273 1
14487 14274 1
6568 14274 11
2871 14274 1
14260 14274 9
2913 14275 1
14260 14275 9
2933 14275 1
14246 14275 11
14398 14276 1
14260 14276 9
6520 14276 10
14438 14277 1
14260 14277 9
14278 14277 10
11888 14278 1
14261 14278 9
14213 14279 1
6506 14280 4
6506 14281 4
6506 14282 4
6544 14283 1
11737 14284 1
6498 14286 1
6542 14287 4
14258 14288 1
6514 14289 1
14292 14291 1
6585 14293 1
14291 14293 1
14331 14294 1
2929 14294 1
3061 14294 1
6546 14294 9
14439 14294 1
2843 14294 1
9397 14294 1
14495 14294 1
3144 14294 1
14294 14295 9
14296 14295 10
6546 14296 9
6496 14296 2
14295 14297 10
6495 14297 10
6523 14298 1
6514 14299 1
14299 14300 1
9391 14300 1
11790 14300 3
3137 14300 1
6518 14301 1
14303 14302 1
6508 14303 3
6498 14304 1
6501 14305 1
3118 14306 1
14305 14306 1
9416 14306 1
6503 14306 3
2629 14307 1
6518 14308 1
6580 14309 1
14308 14309 1
6532 14310 1
14365 14312 2
14311 14312 4
6544 14313 1
2640 14314 1
9423 14314 1
14313 14314 1
6546 14314 3
6550 14315 1
6518 14317 1
14319 14318 1
6532 14320 1
6532 14321 1
2947 14322 1
14342 14322 1
3055 14322 1
6534 14322 6
3106 14322 1
2889 14322 1
14321 14322 1
6507 14323 1
11855 14324 1
14327 14326 1
9425 14328 1
11741 14328 8
14499 14328 1
2954 14328 1
9406 14328 1
14344 14328 1
14393 14328 1
14326 14328 1
3149 14328 1
6498 14329 1
6544 14331 1
14333 14332 1
6544 14334 1
6523 14335 1
6498 14336 1
6570 14337 1
3152 14338 1
14337 14338 1
6572 14338 3
3122 14338 1
14340 14339 1
6544 14341 1
6532 14342 1
6498 14343 1
14345 14344 1
9406 14346 1
14344 14346 1
14443 14346 1
3149 14346 1
14499 14346 1
11747 14346 7
14424 14346 1
9425 14346 1
14443 14347 1
9406 14347 1
3149 14347 1
14424 14347 1
9425 14347 1
11747 14347 7
14344 14347 1
14499 14347 1
14344 14348 1
14424 14348 1
9425 14348 1
14443 14348 1
3149 14348 1
14499 14348 1
9406 14348 1
11747 14348 7
2954 14349 1
9425 14349 1
3149 14349 1
14499 14349 1
11741 14349 6
14344 14349 1
14443 14349 1
9425 14350 1
3149 14350 1
14344 14350 1
14443 14350 1
2954 14350 1
11741 14350 6
14499 14350 1
9425 14351 1
14344 14351 1
11741 14351 6
14499 14351 1
3149 14351 1
2954 14351 1
14443 14351 1
14344 14352 1
11741 14352 6
14499 14352 1
14443 14352 1
9425 14352 1
2954 14352 1
3149 14352 1
14344 14353 1
3149 14353 1
14499 14353 1
3134 14353 1
14354 14353 4
14345 14354 3
14475 14354 1
6577 14354 1
14518 14355 1
14354 14355 2
14344 14355 1
14357 14356 1
11827 14358 1
6503 14359 6
6514 14360 1
3116 14361 1
9409 14361 1
3175 14361 1
11790 14361 6
14360 14361 1
2934 14361 1
3120 14361 1
11796 14362 1
14362 14363 1
11796 14363 1
14365 14364 1
2872 14366 1
14364 14366 1
14312 14366 2
14364 14367 1
14312 14367 2
2872 14367 1
14364 14368 1
14312 14368 2
2872 14368 1
14312 14369 2
2872 14369 1
14364 14369 1
14312 14370 2
2872 14370 1
14364 14370 1
14364 14371 1
14312 14371 2
2872 14371 1
2872 14372 1
14364 14372 1
14312 14372 2
2872 14373 1
14312 14373 2
14364 14373 1
14375 14374 1
3029 14376 1
14440 14376 1
14374 14376 1
2851 14376 1
11730 14376 4
11730 14377 4
2851 14377 1
14440 14377 1
14374 14377 1
3029 14377 1
14374 14378 1
11730 14378 4
14440 14378 1
3029 14378 1
2851 14378 1
14374 14379 1
11730 14379 4
14440 14379 1
3029 14379 1
2851 14379 1
14374 14380 1
11730 14380 4
3029 14380 1
2851 14380 1
14440 14380 1
14440 14381 1
11730 14381 4
14374 14381 1
2851 14381 1
3029 14381 1
14374 14382 1
14440 14382 1
3029 14382 1
3115 14382 1
14387 14382 4
14287 14387 1
14375 14387 1
14441 14387 4
11871 14388 1
14388 14389 1
11875 14389 2
6501 14390 1
6518 14391 1
14515 14392 1
14391 14392 1
6580 14392 3
14425 14392 1
14327 14393 1
11871 14394 1
14258 14395 1
11855 14396 1
11858 14397 3
14396 14397 1
2981 14397 1
2982 14397 2
14399 14398 1
2629 14400 1
6498 14401 1
6564 14402 1
3160 14403 1
14402 14403 1
13983 14403 2
13983 14404 2
14402 14404 1
3160 14404 1
13983 14405 2
3160 14405 1
14402 14405 1
14402 14406 1
3160 14406 1
13983 14406 2
13983 14407 1
14402 14407 1
13983 14408 1
14402 14408 1
14410 14409 1
3101 14411 1
11796 14411 9
2976 14411 1
14470 14411 1
14474 14411 1
14409 14411 1
3052 14411 1
9382 14411 1
2854 14411 1
2841 14411 1
11796 14412 6
9382 14412 1
3101 14412 1
14409 14412 1
3052 14412 1
2841 14412 1
14470 14412 1
3059 14413 1
14409 14413 1
11796 14413 2
6532 14414 1
14417 14416 1
3080 14418 1
11765 14418 2
14416 14418 1
11765 14419 2
14416 14419 1
3080 14419 1
3080 14420 1
11765 14420 2
14416 14420 1
14416 14421 1
11765 14421 1
14416 14422 1
11765 14422 1
14416 14423 1
11765 14423 1
14340 14424 1
6518 14425 1
11807 14426 1
14428 14427 1
3099 14429 1
14427 14429 1
14430 14429 2
14428 14430 2
2914 14430 1
14427 14431 1
3099 14431 1
14430 14431 2
14427 14432 1
3099 14432 1
14430 14432 2
14258 14433 1
3100 14434 1
14433 14434 1
2930 14434 1
9379 14434 1
11794 14434 4
6570 14435 1
6572 14436 3
3109 14436 1
14435 14436 1
2840 14436 1
14290 14437 1
11888 14438 1
6544 14439 1
14441 14440 1
3167 14442 1
14387 14442 3
9377 14442 1
14440 14442 1
14244 14443 1
11881 14444 1
11787 14445 1
6523 14446 1
6516 14449 5
6568 14449 4
14451 14450 3
6568 14452 4
14454 14453 1
14456 14455 4
9392 14455 1
9413 14455 1
3031 14455 1
14453 14455 1
14454 14456 3
14234 14456 1
14285 14456 1
14456 14457 2
3065 14457 1
14453 14457 1
14251 14458 6
9368 14458 1
3065 14458 1
3031 14458 1
2849 14458 1
3172 14458 1
14453 14458 1
14244 14459 1
14462 14461 1
9372 14463 1
14461 14463 1
11745 14463 2
11745 14464 2
9372 14464 1
14461 14464 1
14461 14465 1
9372 14465 1
11745 14465 2
6501 14466 1
2845 14467 1
2826 14467 1
6503 14467 3
14466 14467 1
14330 14468 2
2629 14469 1
14471 14470 1
6532 14472 1
3148 14473 1
2904 14473 1
14472 14473 1
6534 14473 3
13960 14474 1
6514 14476 1
2629 14477 1
14479 14478 1
3157 14480 1
14481 14480 2
14478 14480 1
14479 14481 4
14448 14481 1
14478 14482 1
14481 14482 3
3111 14482 1
3157 14482 1
11764 14484 1
6532 14486 1
6568 14487 1
14487 14488 1
6568 14488 1
14493 14489 1
6568 14489 4
14507 14489 1
2900 14489 1
14487 14489 1
14493 14490 1
2642 14490 1
14487 14490 1
14507 14490 1
6568 14490 4
6514 14491 1
6566 14492 1
14494 14493 1
6544 14495 1
6514 14496 1
6501 14497 1
6523 14498 1
14475 14499 1
11827 14500 1
14333 14501 1
11807 14502 1
14236 14503 1
11860 14504 1
11860 14505 1
14504 14505 1
6552 14506 1
14508 14507 1
6514 14509 1
11855 14510 1
14234 14511 1
11807 14512 1
6518 14513 1
14244 14514 1
6518 14515 1
11764 14516 1
6514 14517 1
14345 14518 1
6521 14519 2
3151 14519 1
9407 14520 1
6549 14520 3
14519 14520 2
3151 14520 1
6514 14521 1
11764 14522 1
14524 14523 1
11875 14525 1
6518 14526 1
