9682 9681 1
9684 9683 2
9681 9683 1
9682 9684 1
9686 9685 3
9683 9685 2
9726 9686 1
9684 9686 2
9688 9687 4
9689 9687 3
9685 9687 3
9703 9688 1
9693 9688 2
9690 9688 3
9686 9688 3
9690 9689 3
9683 9689 2
9684 9690 2
9683 9691 2
9690 9691 3
9693 9692 3
9683 9692 2
9691 9692 3
9690 9693 3
9684 9693 2
9726 9694 1
9703 9694 1
9713 9694 2
9715 9694 2
9693 9694 1
9726 9695 1
9694 9695 5
9700 9695 1
9719 9695 1
9694 9696 5
9715 9696 2
9726 9696 1
9729 9696 1
9723 9697 1
9698 9697 2
9700 9699 1
9724 9700 1
9704 9700 2
9699 9701 1
9695 9701 1
9702 9703 3
9693 9705 2
9709 9706 1
9705 9706 2
9688 9706 3
9724 9707 1
9708 9707 2
9703 9709 1
9730 9710 1
9694 9710 2
9709 9710 1
9693 9711 1
9712 9711 2
9686 9711 1
9725 9711 1
9688 9713 4
9715 9714 1
9696 9715 1
9730 9716 1
9727 9716 1
9931 9716 1
9694 9716 4
9714 9716 1
9714 9717 1
9696 9717 1
9727 9718 1
9714 9718 1
9931 9718 1
9696 9718 3
9695 9719 1
9713 9720 2
9720 9721 2
9694 9721 3
9721 9722 3
9694 9722 4
9730 9722 1
9726 9727 2
9727 9728 1
9696 9728 2
9931 9728 1
9735 9729 1
9723 9729 1
9734 9729 2
9693 9730 1
9694 9731 1
9730 9731 1
9730 9732 1
9694 9732 1
9686 9733 1
9726 9736 1
9686 9737 2
9736 9737 1
9727 9738 1
9930 9738 1
9695 9738 2
9930 9927 1
9727 9927 1
9695 9927 2
9729 9928 1
9928 9929 1
9696 9929 1
9719 9930 1
9715 9931 1
9733 9932 1
9737 9932 1
