130 129 1
156 130 3
153 131 1
186 131 1
129 131 1
132 131 6
139 131 1
181 131 2
138 132 1
130 132 2
178 132 2
139 133 1
132 133 3
129 133 1
133 134 3
132 134 3
136 135 1
129 135 1
130 136 1
129 137 1
138 137 1
130 138 1
130 139 1
141 140 2
139 140 1
130 141 1
140 142 2
143 142 2
141 143 2
178 144 2
144 145 4
148 147 1
147 149 1
158 149 1
148 149 2
148 150 2
158 150 1
147 150 1
148 151 3
147 151 1
158 151 1
148 152 4
151 152 3
159 152 2
138 153 1
132 154 1
153 154 1
132 155 1
153 155 1
148 158 1
158 159 1
148 159 2
159 176 2
148 176 2
159 177 2
148 177 2
138 178 1
138 179 1
178 180 1
179 180 1
179 181 1
178 181 2
181 182 2
132 182 2
132 183 2
181 183 2
181 184 2
132 184 2
144 185 2
181 185 2
132 186 1
