7106 5117 1
5420 5120 1
5122 5121 1
5793 5122 1
5185 5122 3
5186 5122 3
5323 5123 1
5121 5123 1
5446 5124 1
5124 5125 1
7131 5125 1
5323 5125 2
5417 5126 1
5126 5127 1
5323 5127 1
5369 5128 1
5359 5129 1
5119 5131 1
5472 5132 1
5599 5133 1
5132 5133 1
5323 5133 2
7112 5136 1
7112 5137 1
7112 5138 1
7112 5139 1
7112 5140 1
5160 5141 1
7112 5141 1
7112 5142 1
7112 5143 1
7112 5144 1
7112 5145 1
7112 5146 1
7112 5147 1
7112 5148 1
7112 5149 1
7112 5150 1
7112 5151 1
5381 5152 1
5472 5153 1
5155 5154 1
5356 5156 1
5484 5157 1
7108 5158 1
7106 5159 1
5253 5160 1
5161 5160 2
5744 5162 1
5376 5162 2
5164 5163 1
5163 5165 1
5819 5165 1
5269 5165 1
5323 5165 3
5420 5166 1
5168 5167 4
5542 5169 1
5167 5169 4
5323 5169 5
7119 5171 1
5173 5172 1
5577 5174 1
5716 5174 1
5500 5174 1
5323 5174 6
5172 5174 1
5648 5174 1
5753 5174 1
5176 5175 1
7085 5177 1
5179 5178 1
5323 5180 3
5178 5180 1
5295 5180 1
5722 5180 1
5182 5181 1
5412 5184 1
5188 5187 1
5323 5189 2
5187 5189 1
5739 5189 1
5658 5190 1
5191 5190 6
7119 5192 1
5192 5193 1
5323 5193 2
5261 5193 1
5384 5194 1
5400 5195 1
5197 5196 1
5196 5198 1
5323 5198 1
5155 5199 1
5201 5200 1
5200 5202 1
5323 5202 1
5130 5203 1
5203 5204 1
5323 5204 1
5206 5205 1
5372 5207 1
5372 5208 1
5164 5209 1
5206 5210 1
5342 5211 1
5323 5212 1
5211 5212 1
5155 5213 1
5215 5214 1
5323 5216 1
5214 5216 1
5505 5218 1
5219 5218 2
7119 5221 1
5835 5222 1
5323 5222 2
5221 5222 1
5661 5223 1
5221 5223 1
5676 5223 1
7119 5223 5
5663 5223 1
5376 5224 1
5384 5225 1
5227 5226 1
7119 5228 1
5228 5229 1
5323 5229 2
5807 5229 1
5451 5232 1
5232 5233 1
5451 5233 2
7119 5234 3
5558 5235 1
5276 5235 1
5323 5235 6
5234 5235 3
5723 5235 1
7106 5236 1
5155 5237 1
5182 5238 1
5239 5240 1
5239 5241 1
5356 5242 1
5365 5244 1
5367 5245 2
5244 5245 1
5518 5245 1
5367 5246 1
5244 5246 1
5518 5247 1
5367 5247 3
5244 5247 1
5630 5247 1
5367 5248 2
5244 5248 1
5518 5248 1
5436 5249 1
5251 5250 1
5255 5254 1
5254 5256 1
5323 5256 2
5259 5256 1
5255 5259 1
5412 5260 1
7119 5261 1
5365 5263 1
5263 5264 1
5367 5264 1
5352 5265 1
5323 5266 1
5265 5266 1
5387 5268 1
5164 5269 1
5352 5270 3
5402 5272 1
5131 5273 1
5251 5274 1
5274 5275 1
5323 5275 1
5376 5276 1
5336 5277 1
5217 5279 1
5346 5280 1
5420 5281 1
5281 5282 1
5323 5282 1
5331 5283 1
5356 5284 1
5130 5286 1
5406 5288 1
5291 5290 1
5219 5292 1
5538 5293 1
5292 5293 1
5323 5293 2
5372 5294 3
5179 5295 1
5297 5296 1
5589 5298 1
5296 5298 1
5323 5298 3
5572 5298 1
5454 5300 1
5300 5301 1
5772 5301 1
5302 5301 2
5454 5302 2
5350 5303 1
5394 5304 1
5304 5305 1
5574 5305 1
5323 5305 3
5635 5305 1
5155 5308 1
5484 5309 1
7081 5311 1
5362 5314 1
5316 5315 1
5315 5317 1
5316 5317 1
5173 5318 1
5173 5319 2
5318 5319 1
5321 5320 2
5323 5322 251
5477 5322 1
5611 5322 1
5612 5322 1
5405 5322 1
5265 5322 1
5491 5322 1
5270 5322 3
7129 5322 3
5464 5322 1
5511 5322 1
5225 5322 1
5802 5322 1
5410 5322 1
5777 5322 1
5494 5322 1
5172 5322 1
5786 5322 1
5309 5322 1
5292 5322 1
5682 5322 1
5655 5322 1
5273 5322 1
5740 5322 1
5583 5322 1
5760 5322 1
5803 5322 1
5796 5322 1
5819 5322 1
5462 5322 1
5468 5322 3
5818 5322 1
7114 5322 1
7111 5322 1
5563 5322 1
5649 5322 1
5734 5322 1
5806 5322 1
5633 5322 1
5441 5322 1
5587 5322 1
5504 5322 1
5368 5322 1
5126 5322 1
5196 5322 1
5250 5322 1
5820 5322 1
5236 5322 1
5835 5322 1
5294 5322 3
5184 5322 1
5817 5322 1
7131 5322 1
5572 5322 1
5566 5322 1
5503 5322 1
5554 5322 1
5525 5322 1
7084 5322 1
5510 5322 1
5536 5322 1
5779 5322 1
5790 5322 1
5623 5322 1
5716 5322 1
5753 5322 1
5374 5322 1
5228 5322 1
5296 5322 1
5618 5322 1
5834 5322 1
5558 5322 1
5809 5322 1
5788 5322 1
5488 5322 1
5383 5322 1
5821 5322 1
5678 5322 1
5351 5322 2
5284 5322 1
5595 5322 1
5694 5322 1
5794 5322 1
5646 5322 1
7124 5322 1
5396 5322 3
5274 5322 1
5513 5322 1
5260 5322 1
5564 5322 1
5705 5322 1
5221 5322 1
5804 5322 1
5498 5322 1
5203 5322 1
7116 5322 1
5628 5322 1
5541 5322 1
5175 5322 1
5707 5322 1
5347 5322 16
5756 5322 1
5597 5322 1
5747 5322 1
5320 5322 2
5736 5322 1
5502 5322 1
5153 5322 1
5689 5322 1
5411 5322 1
5567 5322 1
5757 5322 1
5304 5322 1
5561 5322 1
5768 5322 1
5509 5322 1
5631 5322 1
5603 5322 1
5433 5322 1
5192 5322 1
5824 5322 1
5693 5322 1
5671 5322 1
5207 5322 1
5375 5322 1
5124 5322 1
5751 5322 1
7102 5322 1
5171 5322 1
5158 5322 1
5200 5322 1
5640 5322 1
7082 5322 4
5808 5322 1
5156 5322 1
5674 5322 1
5792 5322 1
5828 5322 1
5659 5322 1
5752 5322 1
5121 5322 1
5579 5322 1
7123 5322 2
5422 5322 1
5269 5322 1
5723 5322 1
5129 5322 1
5577 5322 1
5589 5322 1
5776 5322 1
5272 5322 1
5675 5322 1
7083 5322 3
5661 5322 1
5132 5322 1
5474 5322 1
5679 5322 1
5496 5322 1
5830 5322 1
5401 5322 1
5535 5322 1
5508 5322 1
7109 5322 1
5730 5322 1
5663 5322 1
5500 5322 1
5523 5322 1
5805 5322 1
5576 5322 1
5416 5322 3
5606 5322 1
5766 5322 1
5826 5322 1
5814 5322 1
5194 5322 1
5664 5322 1
5224 5322 1
5831 5322 1
5544 5322 1
5276 5322 1
5627 5322 1
5538 5322 1
5643 5322 1
5733 5322 1
5570 5322 1
5547 5322 1
5715 5322 1
5739 5322 1
5668 5322 1
5750 5322 1
7130 5322 1
5214 5322 1
5635 5322 1
5648 5322 1
5163 5322 1
5455 5322 1
5798 5322 1
5568 5322 1
5691 5322 1
5358 5322 1
5836 5322 1
5720 5322 1
5439 5322 1
5516 5322 1
5485 5322 2
5608 5322 1
5807 5322 1
5128 5322 1
5764 5322 1
5476 5322 1
5440 5322 1
5261 5322 1
7094 5322 1
5813 5322 1
5242 5322 1
5590 5322 1
5662 5322 1
5676 5322 1
5634 5322 1
5321 5323 3
5179 5323 3
5387 5323 6
5342 5323 7
5134 5323 3
7095 5323 2
5400 5323 3
5484 5323 6
5297 5323 4
5446 5323 10
5336 5323 6
5359 5323 12
5255 5323 2
5356 5323 10
5478 5323 2
5397 5323 4
5230 5323 1
5352 5323 16
5164 5323 4
5417 5323 20
5231 5323 1
5369 5323 5
5432 5323 2
5384 5323 7
5291 5323 6
5122 5323 3
5130 5323 1
5197 5323 2
5243 5323 2
5656 5323 5
5227 5323 2
7106 5323 6
5412 5323 6
5219 5323 4
5331 5323 8
5217 5323 2
5402 5323 7
5487 5323 6
7085 5323 2
5531 5323 7
5448 5323 5
5350 5323 5
5394 5323 6
7119 5323 21
5353 5323 1
5530 5323 2
5548 5323 1
5425 5323 3
5376 5323 9
5201 5323 1
5306 5323 1
5155 5323 7
5206 5323 7
5420 5323 9
5182 5323 3
5329 5323 16
5372 5323 24
5346 5323 10
5451 5323 4
5173 5323 7
7108 5323 3
5378 5323 2
5215 5323 6
5176 5323 1
5436 5323 1
5131 5323 4
5584 5323 4
5406 5323 6
5362 5323 12
5251 5323 6
5415 5323 8
5188 5323 2
5381 5323 19
7081 5323 7
5472 5323 6
5470 5323 7
5454 5323 4
5459 5323 1
5168 5323 5
5435 5323 2
5320 5324 2
5323 5324 2
5798 5325 1
5351 5325 2
5273 5325 1
5707 5325 1
5659 5325 1
7083 5325 3
5447 5325 1
5768 5325 1
5691 5325 1
5834 5325 1
5438 5325 1
5320 5325 2
5516 5325 1
7129 5325 3
5825 5325 1
5693 5325 1
7102 5325 1
5270 5325 3
5520 5325 2
5756 5325 1
5323 5325 29
5707 5326 1
5805 5326 1
7102 5326 1
5679 5326 1
5516 5326 1
5323 5326 7
5320 5326 1
5740 5326 1
5320 5327 1
5323 5327 3
5764 5327 1
5820 5327 1
5329 5328 358
5276 5328 1
5419 5328 1
5767 5328 1
5208 5328 1
5499 5328 1
5719 5328 1
5776 5328 1
5758 5328 1
5602 5328 1
5395 5328 1
5128 5328 1
5399 5328 2
5784 5328 1
5221 5328 1
5669 5328 1
5460 5328 1
5300 5328 1
5279 5328 1
7124 5328 1
5756 5328 1
5290 5328 1
5265 5328 1
5766 5328 1
5691 5328 1
5589 5328 1
5505 5328 1
5772 5328 1
5623 5328 1
5732 5328 1
5714 5328 1
5284 5328 1
5405 5328 1
5452 5328 1
5660 5328 1
5740 5328 1
5667 5328 1
5242 5328 1
5825 5328 1
5813 5328 1
5273 5328 1
5270 5328 3
5156 5328 1
5508 5328 1
5572 5328 1
5228 5328 1
5640 5328 1
5597 5328 1
5673 5328 1
5383 5328 1
5809 5328 1
5804 5328 1
5818 5328 1
5171 5328 1
5642 5328 1
5129 5328 1
5627 5328 1
5741 5328 1
5625 5328 1
5320 5328 2
5553 5328 1
7133 5328 1
5631 5328 1
5687 5328 1
5506 5328 1
5721 5328 1
7101 5328 1
5641 5328 1
7080 5328 1
5162 5328 2
5463 5328 1
5799 5328 1
5680 5328 1
7082 5328 4
5605 5328 1
5568 5328 1
7102 5328 1
5260 5328 1
5281 5328 1
5120 5328 1
5311 5328 1
5775 5328 1
5661 5328 1
5643 5328 1
5455 5328 1
5438 5328 1
5761 5328 1
5745 5328 1
5757 5328 1
5707 5328 1
5567 5328 1
5277 5328 1
5440 5328 1
5823 5328 1
5720 5328 1
5682 5328 1
5835 5328 1
5396 5328 3
5441 5328 1
5722 5328 1
5520 5328 2
5272 5328 1
5203 5328 1
5286 5328 1
5335 5328 1
5458 5328 1
5449 5328 1
5512 5328 1
5498 5328 1
5727 5328 3
5232 5328 1
5453 5328 1
5742 5328 1
5599 5328 1
5494 5328 1
5175 5328 1
5471 5328 1
5753 5328 1
5196 5328 1
5832 5328 1
5824 5328 1
5358 5328 1
5558 5328 1
5587 5328 1
5456 5328 1
5577 5328 1
5564 5328 1
5259 5328 1
5662 5328 1
5651 5328 1
5172 5328 1
5621 5328 1
7093 5328 1
5671 5328 1
5254 5328 1
5283 5328 1
5511 5328 1
5295 5328 1
5207 5328 1
5462 5328 1
5481 5328 1
5466 5328 1
5314 5328 1
5830 5328 1
5606 5328 1
5474 5328 1
5152 5328 1
5670 5328 1
5192 5328 1
5153 5328 1
5238 5328 1
5409 5328 1
5791 5328 1
5580 5328 1
5308 5328 1
5819 5328 1
5468 5328 3
5294 5328 3
5214 5328 1
5563 5328 1
5779 5328 1
5237 5328 1
7087 5328 1
5177 5328 1
5163 5328 1
5269 5328 1
5834 5328 1
7089 5328 1
5650 5328 1
5249 5328 1
5223 5328 5
5788 5328 1
5778 5328 1
7121 5328 1
5355 5328 1
5754 5328 1
5318 5328 1
5288 5328 1
5195 5328 1
5154 5328 1
5475 5328 1
5561 5328 1
5648 5328 1
5817 5328 1
5733 5328 1
5619 5328 1
5225 5328 1
5663 5328 1
5705 5328 1
5696 5328 1
7118 5328 1
5622 5328 1
5600 5328 1
5504 5328 1
5755 5328 1
5749 5328 1
5330 5328 1
5226 5328 1
5573 5328 1
5541 5328 1
5657 5328 1
5693 5328 1
5194 5328 1
5319 5328 2
5759 5328 1
5796 5328 1
5167 5328 4
5678 5328 1
5782 5328 1
5469 5328 1
5534 5328 1
5181 5328 1
5205 5328 1
5805 5328 1
5762 5328 1
5608 5328 1
5798 5328 1
7090 5328 1
5210 5328 1
5786 5328 1
7094 5328 1
5746 5328 1
5132 5328 1
5635 5328 1
5814 5328 1
5380 5328 1
5184 5328 1
5351 5328 2
5439 5328 1
5726 5328 1
5500 5328 1
5501 5328 1
5807 5328 1
5555 5328 1
5516 5328 1
5166 5328 1
7105 5328 1
5836 5328 1
7122 5328 1
5816 5328 1
5502 5328 1
5493 5328 1
5659 5328 1
5368 5328 1
5361 5328 1
7111 5328 1
5768 5328 1
5747 5328 1
5645 5328 1
5583 5328 1
5445 5328 1
7126 5328 1
5773 5328 1
5233 5328 2
5532 5328 1
5734 5328 1
5304 5328 1
5681 5328 1
5574 5328 1
5679 5328 1
5447 5328 1
5590 5328 1
5592 5328 1
5345 5328 1
5547 5328 1
5549 5328 1
5488 5328 1
5554 5328 1
5218 5328 2
5411 5328 1
5808 5328 1
5751 5328 1
5559 5328 1
5603 5328 1
5414 5328 1
5620 5328 1
5491 5328 1
5422 5328 1
5806 5328 1
7084 5328 1
5718 5328 1
5410 5328 1
7083 5328 3
5716 5328 1
5521 5328 1
5200 5328 1
7107 5328 2
5434 5328 1
5542 5328 1
5683 5328 1
7109 5328 1
5613 5328 1
5792 5328 1
5676 5328 1
5199 5328 1
5770 5328 1
5566 5328 1
5261 5328 1
5533 5328 1
5507 5328 1
5668 5328 1
5234 5328 3
5633 5328 1
5595 5328 1
5811 5328 1
5492 5328 1
5771 5328 1
5374 5328 1
5612 5328 1
5292 5328 1
5715 5328 1
5626 5328 1
5750 5328 1
5744 5328 1
5797 5328 1
5618 5328 1
7129 5328 3
5760 5328 1
5783 5328 1
5743 5328 1
5688 5328 1
5614 5328 1
5538 5328 1
5821 5328 1
7088 5328 2
5213 5328 1
5401 5328 1
5686 5328 1
5723 5328 1
5730 5328 1
5736 5328 1
5515 5328 1
5692 5328 1
5433 5328 1
5280 5328 1
5646 5328 1
5296 5328 1
5677 5328 1
5188 5329 2
7119 5329 19
5451 5329 6
5394 5329 6
5420 5329 9
5331 5329 8
5168 5329 5
5376 5329 8
5362 5329 12
5227 5329 2
5478 5329 1
5155 5329 8
5372 5329 18
5179 5329 2
5400 5329 5
5412 5329 6
5381 5329 19
5548 5329 1
5446 5329 1
5131 5329 4
5230 5329 2
5197 5329 3
5448 5329 5
5176 5329 2
5173 5329 9
5134 5329 1
5291 5329 6
5415 5329 8
5436 5329 1
5217 5329 3
7081 5329 7
5397 5329 3
5297 5329 4
7095 5329 1
7106 5329 2
5251 5329 2
5531 5329 7
5206 5329 7
5215 5329 6
5122 5329 1
5359 5329 12
5350 5329 2
5306 5329 1
5346 5329 10
5243 5329 2
5182 5329 4
5352 5329 16
5255 5329 2
5487 5329 2
5584 5329 4
5459 5329 1
5435 5329 2
5454 5329 4
5321 5329 2
5356 5329 10
5656 5329 1
5384 5329 9
5164 5329 4
5369 5329 5
5130 5329 2
5201 5329 1
7085 5329 3
7108 5329 3
5336 5329 6
5219 5329 6
5402 5329 7
5470 5329 7
5406 5329 6
5472 5329 6
5331 5330 1
5330 5332 1
5726 5332 1
7121 5332 1
5323 5332 3
5279 5333 1
5120 5333 1
5515 5333 1
5645 5333 1
5767 5333 1
7089 5333 1
5283 5333 1
5323 5333 31
5166 5333 1
5715 5333 1
5669 5333 1
5657 5333 1
5507 5333 1
5816 5333 1
5424 5333 1
5303 5333 1
5482 5333 1
5475 5333 1
5791 5333 1
7121 5333 1
5554 5333 1
5783 5333 1
5238 5333 1
5237 5333 1
5812 5333 1
5692 5333 1
5761 5333 1
5811 5333 1
5732 5333 1
5154 5333 1
5199 5333 1
5330 5333 1
5329 5334 150
5532 5334 1
5507 5334 1
5597 5334 1
5779 5334 1
5760 5334 1
5762 5334 1
5308 5334 1
5730 5334 1
5744 5334 1
5772 5334 1
5163 5334 1
5129 5334 1
5645 5334 1
5635 5334 1
5213 5334 1
5547 5334 1
5156 5334 1
5512 5334 1
5670 5334 1
5128 5334 1
5498 5334 1
5458 5334 1
7126 5334 1
5501 5334 1
5355 5334 1
5214 5334 1
5296 5334 1
5623 5334 1
5184 5334 1
5669 5334 1
5567 5334 1
5445 5334 1
7133 5334 1
5396 5334 3
5237 5334 1
5627 5334 1
5733 5334 1
5181 5334 1
5283 5334 1
5603 5334 1
5233 5334 2
5818 5334 1
5380 5334 1
5152 5334 1
5783 5334 1
5120 5334 1
5620 5334 1
5453 5334 1
5167 5334 4
5542 5334 1
5823 5334 1
5166 5334 1
5568 5334 1
5796 5334 1
5254 5334 1
5757 5334 1
5804 5334 1
5210 5334 1
5816 5334 1
5625 5334 1
5745 5334 1
5667 5334 1
5492 5334 1
5614 5334 1
5574 5334 1
5205 5334 1
5692 5334 1
5808 5334 1
5751 5334 1
5199 5334 1
5673 5334 1
5238 5334 1
5463 5334 1
5455 5334 1
5720 5334 1
5286 5334 1
5836 5334 1
5776 5334 1
7121 5334 1
5682 5334 1
5481 5334 1
7109 5334 1
5580 5334 1
5368 5334 1
5761 5334 1
5746 5334 1
5722 5334 1
5554 5334 1
5767 5334 1
5154 5334 1
5754 5334 1
5736 5334 1
5203 5334 1
5232 5334 1
5791 5334 1
5460 5334 1
5304 5334 1
5506 5334 1
5187 5334 1
5599 5334 1
5792 5334 1
5619 5334 1
5605 5334 1
5456 5334 1
5775 5334 1
5330 5334 1
5499 5334 1
5613 5334 1
5474 5334 1
5534 5334 1
5681 5334 1
5830 5334 1
5196 5334 1
5284 5334 1
5162 5334 2
5782 5334 1
5771 5334 1
5732 5334 1
5132 5334 1
5259 5334 1
5533 5334 1
5515 5334 1
5564 5334 1
5290 5334 1
5358 5334 1
5618 5334 1
5705 5334 1
5295 5334 1
5806 5334 1
5608 5334 1
5475 5334 1
5242 5334 1
5491 5334 1
5813 5334 1
5788 5334 1
5817 5334 1
5471 5334 1
5153 5334 1
5686 5334 1
5606 5334 1
5469 5334 1
5409 5334 1
5595 5334 1
5521 5334 1
5555 5334 1
5336 5335 1
5622 5337 1
5323 5337 13
5680 5337 1
5600 5337 1
5651 5337 1
5277 5337 1
5660 5337 1
5797 5337 1
5770 5337 1
5718 5337 1
5759 5337 1
5335 5337 1
5784 5337 1
5592 5337 1
5622 5338 1
5335 5338 1
5339 5338 3
5680 5338 1
5531 5339 3
5336 5339 2
5335 5340 1
5797 5340 1
5680 5340 1
5759 5340 1
5339 5340 5
5622 5340 1
5342 5341 1
5341 5343 1
5323 5343 3
5789 5343 1
5737 5343 1
5346 5345 1
5545 5347 1
5493 5347 1
5743 5347 1
5573 5347 1
5209 5347 1
5832 5347 1
5549 5347 1
5696 5347 1
5280 5347 1
5345 5347 1
5719 5347 1
7093 5347 1
7101 5347 1
5712 5347 1
5714 5347 1
5329 5347 16
5468 5348 3
5207 5348 1
5371 5348 1
5503 5348 1
5790 5348 1
5541 5348 1
5508 5348 1
5558 5348 1
5511 5348 1
5410 5348 1
5452 5348 1
5208 5348 1
7130 5348 1
5633 5348 1
5158 5348 1
5758 5348 1
5612 5348 1
5323 5348 42
5675 5348 1
5294 5348 3
5766 5348 1
5347 5348 16
5276 5348 1
5683 5348 1
5712 5349 1
5743 5349 1
5832 5349 1
7125 5349 1
7093 5349 1
5790 5349 1
5499 5349 1
5675 5349 1
5503 5349 1
5799 5349 1
5714 5349 1
5345 5349 1
5493 5349 1
5323 5349 25
5226 5349 1
5158 5349 1
5696 5349 1
5719 5349 1
7130 5349 1
5549 5349 1
5573 5349 1
7101 5349 1
5209 5349 1
5502 5349 1
5280 5349 1
5545 5349 1
5352 5351 2
7092 5352 1
5461 5352 1
5539 5352 1
5356 5355 1
5284 5357 1
5618 5357 1
5627 5357 1
5323 5357 9
5788 5357 1
5156 5357 1
5242 5357 1
5817 5357 1
5355 5357 1
5813 5357 1
5359 5358 1
5830 5360 1
5792 5360 1
5491 5360 1
5358 5360 1
5547 5360 1
5129 5360 1
5481 5360 1
5720 5360 1
5323 5360 11
5818 5360 1
5567 5360 1
5608 5360 1
5362 5361 1
5323 5363 4
5361 5363 1
5374 5363 1
5642 5363 1
5566 5363 1
5365 5364 1
5118 5365 1
5364 5366 1
5367 5366 1
5365 5367 5
5369 5368 1
5128 5370 1
5498 5370 1
5806 5370 1
5368 5370 1
5323 5370 5
5455 5370 1
5372 5371 1
5462 5373 1
5576 5373 1
5294 5373 3
5525 5373 1
5683 5373 1
5410 5373 1
5208 5373 1
5371 5373 1
5612 5373 1
5207 5373 1
5541 5373 1
5323 5373 23
5468 5373 3
5508 5373 1
5452 5373 2
5633 5373 1
5766 5373 1
7123 5373 2
5362 5374 1
5376 5375 1
5511 5377 1
5474 5377 1
5224 5377 1
5323 5377 7
5558 5377 1
5276 5377 1
5375 5377 1
5568 5377 1
5379 5378 3
5710 5378 1
5381 5380 1
5323 5382 71
5687 5382 1
5637 5382 1
5551 5382 1
5444 5382 3
5535 5382 1
5758 5382 1
5506 5382 1
5778 5382 1
5598 5382 1
5210 5382 1
5742 5382 1
7122 5382 1
5458 5382 1
5741 5382 1
5686 5382 1
5300 5382 1
5290 5382 1
5810 5382 1
5540 5382 1
5782 5382 1
5771 5382 1
7107 5382 1
5117 5382 1
5532 5382 1
5677 5382 1
5159 5382 1
5614 5382 1
5268 5382 1
5409 5382 1
5754 5382 1
7118 5382 1
5445 5382 1
5673 5382 1
5460 5382 1
5775 5382 1
5395 5382 1
5726 5382 1
5619 5382 1
5626 5382 1
5708 5382 1
5663 5382 1
5486 5382 1
5314 5382 1
5162 5382 2
5453 5382 1
5667 5382 1
5482 5382 1
5260 5382 1
5745 5382 1
5213 5382 1
5510 5382 1
5670 5382 1
5504 5382 1
5557 5382 1
5731 5382 1
5661 5382 1
5492 5382 1
5795 5382 1
5772 5382 1
5553 5382 1
5234 5382 3
5527 5382 1
5249 5382 1
5746 5382 1
5555 5382 1
5380 5382 1
5384 5383 1
5439 5385 1
5225 5385 1
5383 5385 1
7124 5385 1
5194 5385 1
5678 5385 1
5323 5385 6
5387 5386 1
5721 5388 1
5825 5388 1
5386 5388 1
5323 5388 27
5512 5388 1
5636 5388 1
5689 5388 1
5688 5388 1
5483 5388 1
5727 5388 3
5434 5388 1
5559 5388 1
5602 5388 1
5522 5388 1
5447 5388 1
5812 5388 1
5681 5388 1
7105 5388 1
5613 5388 1
5411 5388 1
5501 5388 1
5187 5388 1
5755 5388 1
5762 5388 1
5205 5388 1
5157 5388 1
5509 5389 1
5729 5389 1
5323 5389 10
5529 5389 1
5522 5389 1
5731 5389 1
5552 5389 1
5579 5389 1
5268 5389 1
5431 5389 1
5386 5389 1
5391 5390 3
5390 5392 1
5362 5395 1
5397 5396 3
5396 5398 3
5323 5398 3
5195 5399 1
5400 5399 2
5402 5401 1
5272 5403 1
5323 5403 4
5662 5403 1
5401 5403 1
5734 5403 1
5406 5405 1
5441 5407 1
5422 5407 1
5405 5407 1
5323 5407 4
5747 5407 1
5381 5409 1
5372 5410 1
5412 5411 1
5411 5413 1
5260 5413 1
5510 5413 1
5184 5413 1
5323 5413 6
5482 5413 1
5535 5413 1
5415 5414 1
5417 5416 3
5634 5416 1
5476 5416 1
5563 5418 1
5416 5418 3
5649 5418 1
5802 5418 1
5440 5418 1
5175 5418 1
5831 5418 1
5323 5418 10
5433 5418 1
5420 5419 1
5419 5421 1
5323 5421 1
5406 5422 1
5425 5424 1
5710 5425 1
5432 5431 1
5379 5432 3
5710 5432 1
5415 5433 1
5435 5434 1
5352 5438 1
5384 5439 1
5415 5440 1
5406 5441 1
5417 5443 1
5443 5444 1
5560 5444 1
5417 5444 3
5446 5445 1
5448 5447 1
5119 5448 1
5331 5449 1
7089 5450 1
5283 5450 1
5657 5450 1
5449 5450 1
5507 5450 1
5323 5450 5
5372 5452 2
5454 5453 1
5369 5455 1
5381 5456 1
5533 5457 1
5726 5457 1
5469 5457 1
5534 5457 1
5456 5457 1
5521 5457 1
5463 5457 1
5823 5457 1
5605 5457 1
5152 5457 1
5323 5457 10
5459 5458 1
5381 5460 1
5372 5462 1
5381 5463 1
5417 5464 1
5464 5465 1
5476 5465 1
5803 5465 1
5777 5465 1
5323 5465 5
5634 5465 1
5420 5466 1
5466 5467 1
5323 5467 1
5372 5468 3
5381 5469 1
5472 5471 1
5323 5473 2
5471 5473 1
5153 5473 1
5376 5474 1
5420 5475 1
5417 5476 1
5478 5477 1
5323 5479 1
5477 5479 1
5598 5480 1
5250 5480 1
5674 5480 1
5159 5480 1
5477 5480 1
5551 5480 1
5236 5480 1
5486 5480 1
5610 5480 1
5309 5480 1
5117 5480 1
5708 5480 1
5826 5480 1
5544 5480 1
5323 5480 26
5527 5480 1
5485 5480 2
5828 5480 1
7116 5480 1
5513 5480 1
5557 5480 1
5157 5480 1
5274 5480 1
5483 5480 1
5540 5480 1
5536 5480 1
5359 5481 1
5432 5482 1
5484 5483 1
5417 5485 2
5487 5486 1
5412 5488 1
5488 5489 1
5323 5489 1
5359 5491 1
5472 5492 1
5346 5493 1
5219 5494 1
5494 5495 1
5668 5495 1
5323 5495 2
5122 5496 1
5786 5497 1
5323 5497 2
5496 5497 1
5369 5498 1
5243 5499 1
5173 5500 1
5291 5501 1
5227 5502 1
5406 5503 1
5412 5504 1
5219 5505 1
5215 5506 1
5331 5507 1
5372 5508 1
5387 5509 1
5378 5510 1
5376 5511 1
5215 5512 1
5134 5513 1
5773 5514 1
5323 5514 3
5513 5514 1
5828 5514 1
5420 5515 1
5415 5516 1
5365 5518 1
5518 5519 1
5367 5519 1
5352 5520 2
5381 5521 1
5387 5522 1
5446 5523 1
5323 5524 2
5752 5524 1
5523 5524 1
5372 5525 1
5484 5527 1
5530 5529 1
5379 5530 3
5710 5530 1
7132 5531 1
5215 5532 1
5381 5533 1
5381 5534 1
5530 5535 1
5353 5536 1
5536 5537 1
5323 5537 1
5219 5538 1
5446 5540 1
5372 5541 1
5168 5542 1
5484 5544 1
5297 5545 1
5359 5547 1
5346 5549 1
5484 5551 1
5425 5552 1
5362 5553 1
5470 5554 1
5548 5555 1
5487 5557 1
5376 5558 1
7106 5559 1
5417 5560 1
5306 5561 1
5561 5562 1
5323 5562 1
5415 5563 1
5230 5564 1
5323 5565 1
5564 5565 1
5362 5566 1
5359 5567 1
5376 5568 1
5446 5570 1
5323 5571 2
5611 5571 1
5570 5571 1
5297 5572 1
7081 5573 1
5394 5574 1
5372 5576 1
5173 5577 1
5387 5579 1
5394 5580 1
5580 5581 1
5323 5581 3
5730 5581 1
5682 5581 1
5584 5583 1
5736 5585 1
5583 5585 1
5323 5585 3
5824 5585 1
5415 5587 1
5297 5589 1
5478 5590 1
5590 5591 1
5323 5591 1
5531 5592 1
5206 5595 1
5776 5596 1
5323 5596 4
5804 5596 1
5595 5596 1
5796 5596 1
5291 5597 1
5251 5598 1
5472 5599 1
5336 5600 1
5487 5602 1
5155 5603 1
5323 5604 1
5603 5604 1
5381 5605 1
5470 5606 1
5359 5608 1
5425 5610 1
5446 5611 1
5372 5612 1
5188 5613 1
5291 5614 1
5342 5615 1
5728 5616 1
5323 5616 3
5615 5616 1
5652 5616 1
5356 5618 1
5472 5619 1
5197 5620 1
5350 5621 1
5531 5622 1
5215 5623 1
5323 5624 1
5623 5624 1
5230 5625 1
5362 5626 1
5356 5627 1
5446 5628 1
5323 5629 1
5628 5629 1
5365 5630 1
7081 5631 1
5323 5632 1
5631 5632 1
5372 5633 1
5417 5634 1
5394 5635 1
7119 5636 1
5231 5637 1
5637 5638 1
5323 5638 1
5362 5640 1
5176 5641 1
5362 5642 1
7108 5643 1
5323 5644 1
5643 5644 1
5182 5645 1
7119 5646 1
5646 5647 1
5676 5647 1
5323 5647 2
5173 5648 1
5321 5649 1
5217 5650 1
5336 5651 1
5342 5652 1
5656 5655 1
5331 5657 1
5448 5659 1
5531 5660 1
7119 5661 1
5402 5662 1
7119 5663 1
5446 5664 1
5664 5665 1
5323 5665 1
5381 5667 1
5219 5668 1
5420 5669 1
5381 5670 1
7119 5671 1
5323 5672 1
5671 5672 1
5206 5673 1
5487 5674 1
7095 5675 1
7119 5676 1
5435 5677 1
5384 5678 1
5400 5679 1
5531 5680 1
5291 5681 1
5394 5682 1
5372 5683 1
5359 5686 1
5384 5687 1
5251 5688 1
5656 5689 1
5352 5691 1
5420 5692 1
5448 5693 1
5656 5694 1
5346 5696 1
5190 5697 1
5190 5698 1
7135 5699 1
5698 5699 1
7135 5700 1
5698 5700 1
5698 5701 1
7135 5701 1
7135 5702 1
5698 5702 1
5190 5703 1
5190 5704 1
5470 5705 1
5415 5707 1
5251 5708 1
5584 5712 1
5346 5714 1
5402 5715 1
5173 5716 1
5531 5718 1
5346 5719 1
5359 5720 1
5251 5721 1
5179 5722 1
7119 5723 1
5331 5726 1
5750 5727 1
5734 5727 1
5402 5727 3
5342 5728 1
5378 5729 1
5394 5730 1
5387 5731 1
5356 5732 1
5656 5733 1
5402 5734 1
5584 5736 1
5342 5737 1
5323 5738 1
5737 5738 1
5656 5739 1
5400 5740 1
7085 5741 1
5406 5742 1
7081 5743 1
5376 5744 1
5381 5745 1
5381 5746 1
5406 5747 1
5362 5749 1
5402 5750 1
5470 5751 1
5446 5752 1
5173 5753 1
5451 5754 1
5487 5755 1
5131 5756 1
5470 5757 1
5372 5758 1
5336 5759 1
5470 5760 1
5350 5761 1
5215 5762 1
5417 5764 1
5372 5766 1
5197 5767 1
5448 5768 1
5336 5770 1
5451 5771 1
5454 5772 1
5134 5773 1
5381 5775 1
5206 5776 1
5417 5777 1
5173 5778 1
5451 5779 1
5808 5780 1
5323 5780 2
5779 5780 1
5381 5782 1
5182 5783 1
5531 5784 1
5122 5786 1
5122 5787 1
5786 5787 1
5356 5788 1
5342 5789 1
5417 5790 1
5155 5791 1
5359 5792 1
5417 5794 1
7119 5795 1
5206 5796 1
5531 5797 1
5448 5798 1
5243 5799 1
5799 5800 1
5323 5800 1
5417 5802 1
5417 5803 1
5206 5804 1
5400 5805 1
5369 5806 1
7119 5807 1
5451 5808 1
5412 5809 1
5417 5810 1
5217 5811 1
5350 5812 1
5356 5813 1
7119 5814 1
5814 5815 1
5323 5815 1
5155 5816 1
5356 5817 1
5359 5818 1
5164 5819 1
5417 5820 1
7081 5821 1
5821 5822 1
5323 5822 1
5381 5823 1
5584 5824 1
5131 5825 1
5487 5826 1
5826 5827 1
5323 5827 1
5134 5828 1
5359 5830 1
5415 5831 1
5346 5832 1
5131 5834 1
7119 5835 1
5291 5836 1
5323 7078 2
5485 7078 2
5485 7079 2
5323 7079 4
5836 7079 1
5597 7079 1
7081 7080 1
7080 7082 1
5311 7082 1
7081 7082 4
5573 7082 1
5352 7083 3
7085 7084 1
5323 7086 2
7084 7086 1
5236 7086 1
5384 7087 1
7087 7088 1
5384 7088 2
5331 7089 1
5362 7090 1
7090 7091 1
5640 7091 1
5323 7091 4
5749 7091 1
7111 7091 1
5346 7093 1
7095 7094 1
5323 7096 2
7094 7096 1
5590 7096 1
5350 7097 1
7097 7098 1
5621 7098 1
5323 7098 2
5346 7101 1
5415 7102 1
7102 7103 1
5323 7103 4
5516 7103 1
5707 7103 1
5587 7103 1
7106 7105 1
7108 7107 2
5470 7109 1
5760 7110 1
5323 7110 6
5757 7110 1
7109 7110 1
5606 7110 1
5705 7110 1
5751 7110 1
5362 7111 1
7113 7112 2
5639 7112 1
5417 7114 1
7114 7115 1
5323 7115 2
5794 7115 1
7106 7116 1
7116 7117 1
5323 7117 3
5674 7117 1
5250 7117 1
7119 7118 1
5661 7120 1
5323 7120 10
5587 7120 1
5636 7120 1
5171 7120 1
5795 7120 1
5223 7120 5
5663 7120 1
7118 7120 1
5331 7121 1
5454 7122 1
5372 7123 2
5384 7124 1
5397 7125 1
5381 7126 1
7126 7127 1
5323 7127 1
5352 7129 3
5417 7130 1
5446 7131 1
5376 7133 1
7135 7134 3
5190 7135 5
7136 7135 2
