8263 8262 1
8262 8264 1
8311 8264 1
8265 8264 3
8851 8264 1
8371 8265 1
8263 8265 1
8681 8265 1
8312 8265 1
8858 8265 1
8269 8267 1
8270 8267 1
8303 8267 2
8268 8267 1
8267 8268 4
8303 8268 1
8303 8269 1
8267 8269 4
8267 8270 4
8303 8270 1
8759 8271 1
8272 8271 3
8721 8273 1
8295 8273 1
8298 8273 1
8274 8273 11
8604 8273 1
8300 8273 1
8276 8275 3
8278 8277 1
8837 8279 1
8574 8279 1
8552 8279 1
8780 8279 1
8504 8279 1
8834 8279 1
8767 8279 1
8280 8279 23
8481 8279 1
8496 8279 1
8699 8279 1
8619 8279 1
8758 8279 1
8690 8279 1
8777 8279 1
8809 8279 1
8695 8279 1
8812 8279 1
8507 8279 1
8365 8279 1
8452 8279 1
8671 8279 1
8804 8279 1
8277 8279 1
8278 8280 8
8366 8280 6
8453 8280 3
8522 8280 6
8326 8280 3
8365 8281 1
8496 8281 1
8777 8281 1
8767 8281 1
8574 8281 1
8504 8281 1
8837 8281 1
8758 8281 1
8834 8281 1
8481 8281 1
8780 8281 1
8695 8281 1
8690 8281 1
8812 8281 1
8507 8281 1
8804 8281 1
8282 8281 25
8699 8281 1
8809 8281 1
8619 8281 1
8552 8281 1
8671 8281 1
8452 8281 1
8277 8281 1
8366 8282 6
8522 8282 6
8278 8282 8
8453 8282 3
8284 8283 25
8281 8283 25
8282 8284 25
8286 8285 26
8505 8285 1
8281 8285 25
8282 8286 25
8280 8286 1
8284 8287 25
8281 8287 25
8281 8288 25
8286 8288 26
8505 8288 1
8284 8289 25
8281 8289 25
8291 8290 27
8281 8290 25
8505 8290 2
8280 8291 2
8282 8291 25
8284 8292 25
8281 8292 25
8281 8293 25
8291 8293 27
8505 8293 2
8295 8294 1
8297 8296 1
8273 8296 4
8294 8296 1
8811 8296 1
8826 8296 1
8298 8297 1
8300 8299 1
8392 8300 3
8273 8301 1
8299 8301 1
8303 8302 1
8870 8304 1
8267 8304 2
8302 8304 1
8269 8305 1
8302 8305 1
8269 8306 1
8302 8306 1
8778 8308 1
8309 8308 2
8312 8311 1
8314 8313 1
8276 8314 3
8556 8314 1
8558 8314 1
8377 8314 2
8316 8315 2
8313 8315 1
8865 8315 1
8474 8316 2
8276 8316 3
8314 8316 2
8317 8318 3
8321 8318 4
8317 8319 3
8320 8319 3
8272 8322 3
8323 8322 3
8325 8324 2
8675 8324 1
8327 8328 5
8331 8330 1
8755 8331 1
8328 8331 1
8331 8332 2
8330 8332 1
8334 8333 2
8332 8333 2
8572 8334 1
8331 8334 2
8276 8334 3
8334 8335 2
8332 8335 2
8636 8336 1
8334 8336 3
8332 8336 2
8334 8337 3
8636 8337 1
8332 8337 2
8334 8338 2
8332 8338 2
8636 8339 1
8332 8339 2
8334 8339 3
8332 8340 2
8334 8340 2
8332 8341 2
8636 8341 1
8334 8341 3
8332 8342 2
8334 8342 2
8334 8343 3
8332 8343 2
8636 8343 1
8346 8345 1
8348 8347 12
8832 8347 1
8357 8347 4
8701 8347 1
8624 8347 3
8345 8347 1
8664 8347 3
8669 8347 3
8346 8348 1
8648 8348 2
8575 8348 2
8444 8348 1
8359 8348 8
8328 8348 2
8625 8348 5
8270 8348 1
8269 8348 1
8268 8348 1
8532 8348 2
8347 8349 12
8348 8349 12
8347 8350 12
8358 8350 8
8348 8350 15
8347 8351 12
8358 8351 8
8348 8351 15
8358 8352 8
8348 8352 15
8347 8352 12
8347 8353 12
8358 8353 8
8348 8353 15
8348 8354 15
8347 8354 12
8358 8354 8
8688 8355 2
8345 8355 1
8560 8355 1
8348 8355 6
8649 8355 2
8664 8356 3
8669 8356 3
8348 8356 6
8624 8356 3
8345 8356 1
8688 8357 2
8348 8357 4
8345 8357 1
8359 8358 8
8345 8358 1
8362 8358 4
8668 8358 3
8575 8359 2
8625 8359 3
8270 8359 1
8346 8359 1
8348 8359 4
8359 8360 8
8358 8360 8
8668 8361 3
8359 8361 4
8345 8361 1
8345 8362 1
8688 8362 2
8359 8362 4
8364 8363 3
8366 8365 1
8368 8367 3
8276 8369 3
8329 8370 1
8274 8371 3
8373 8372 1
8774 8373 1
8696 8373 2
8372 8374 1
8375 8374 1
8276 8375 3
8373 8375 1
8375 8376 1
8372 8376 1
8378 8377 4
8381 8380 1
8383 8382 1
8380 8382 1
8381 8383 1
8401 8384 5
8384 8385 4
8276 8386 3
8394 8387 7
8512 8387 3
8598 8387 4
8272 8388 3
8270 8388 1
8390 8389 1
8625 8390 6
8624 8391 3
8667 8391 2
8668 8391 3
8390 8391 7
8664 8391 3
8669 8391 3
8389 8391 1
8523 8393 1
8394 8393 4
8396 8393 3
8622 8394 3
8645 8394 3
8864 8395 1
8393 8395 4
8577 8395 2
8396 8395 5
8599 8395 2
8387 8395 14
8511 8395 3
8602 8395 3
8393 8396 4
8394 8396 5
8577 8397 2
8387 8397 9
8511 8397 3
8396 8397 3
8864 8397 1
8399 8398 8
8408 8398 7
8396 8398 3
8839 8398 1
8394 8399 3
8598 8399 1
8551 8399 3
8597 8400 1
8401 8400 4
8396 8400 3
8598 8401 4
8394 8401 5
8396 8402 3
8401 8402 5
8597 8402 1
8864 8403 1
8402 8403 5
8401 8403 6
8597 8404 1
8401 8404 5
8396 8404 3
8404 8405 5
8406 8405 5
8556 8406 3
8401 8406 5
8530 8406 4
8384 8407 5
8404 8407 5
8550 8408 3
8396 8408 3
8399 8408 7
8410 8409 1
8409 8411 1
8412 8411 1
8410 8412 1
8409 8413 1
8412 8413 1
8675 8414 1
8415 8414 2
8270 8416 1
8388 8416 2
8276 8416 3
8418 8417 1
8276 8418 3
8648 8418 2
8417 8419 1
8418 8419 1
8421 8420 1
8423 8422 4
8420 8422 1
8540 8422 3
8476 8423 1
8427 8423 2
8541 8423 3
8276 8423 3
8421 8423 1
8423 8424 4
8540 8424 3
8420 8424 1
8420 8425 1
8423 8425 4
8540 8425 3
8427 8426 2
8420 8426 1
8421 8427 1
8426 8428 2
8423 8428 2
8426 8429 2
8423 8429 2
8423 8430 3
8475 8430 1
8426 8430 2
8426 8431 2
8423 8431 2
8406 8433 1
8433 8434 1
8435 8434 1
8406 8435 1
8433 8436 1
8435 8436 1
8435 8437 1
8433 8437 1
8272 8438 3
8323 8438 3
8377 8439 4
8558 8439 1
8276 8439 3
8556 8439 7
8648 8439 2
8441 8440 1
8273 8441 4
8623 8441 1
8441 8442 2
8440 8442 1
8781 8443 1
8442 8443 2
8444 8443 3
8441 8444 2
8270 8444 1
8268 8444 1
8575 8444 2
8263 8444 1
8612 8444 1
8269 8444 1
8648 8444 2
8781 8445 1
8456 8445 1
8444 8445 5
8810 8445 1
8442 8445 2
8276 8446 3
8272 8447 3
8323 8447 3
8774 8449 1
8450 8449 2
8453 8452 1
8455 8454 3
8269 8456 1
8810 8457 1
8456 8457 1
8267 8457 3
8712 8457 1
8810 8458 1
8348 8458 3
8712 8458 1
8456 8458 1
8348 8459 2
8456 8459 1
8810 8459 1
8461 8460 1
8456 8460 1
8269 8461 1
8456 8462 1
8712 8462 1
8810 8462 1
8267 8462 3
8712 8463 1
8810 8463 1
8456 8463 1
8267 8463 3
8444 8464 2
8781 8464 1
8456 8464 1
8810 8465 1
8781 8465 1
8456 8465 1
8444 8465 3
8456 8466 1
8467 8466 1
8363 8467 1
8269 8467 1
8712 8468 1
8456 8468 1
8781 8468 1
8444 8468 4
8810 8468 1
8456 8469 1
8810 8469 1
8444 8469 3
8781 8469 1
8456 8470 1
8810 8470 1
8712 8470 1
8348 8470 3
8456 8471 1
8348 8471 1
8456 8472 1
8348 8472 1
8276 8474 3
8476 8475 1
8591 8476 3
8477 8478 4
8467 8479 1
8539 8480 2
8467 8480 3
8479 8480 1
8278 8481 1
8377 8484 1
8439 8485 1
8484 8485 1
8484 8486 1
8439 8486 1
8377 8487 2
8484 8487 1
8490 8488 2
8439 8488 4
8487 8488 2
8494 8488 2
8487 8489 2
8439 8489 2
8484 8490 1
8377 8490 2
8490 8491 2
8439 8491 2
8314 8492 2
8490 8492 2
8649 8493 2
8494 8493 2
8490 8493 2
8439 8493 5
8377 8494 2
8484 8494 1
8494 8495 2
8439 8495 2
8453 8496 1
8473 8497 1
8473 8498 2
8497 8498 1
8498 8499 2
8555 8499 2
8694 8499 2
8500 8499 5
8530 8500 4
8473 8500 2
8556 8500 3
8694 8501 2
8500 8501 5
8498 8501 2
8555 8501 2
8587 8502 2
8278 8504 1
8280 8505 3
8276 8506 3
8278 8507 1
8509 8508 4
8568 8511 1
8512 8511 3
8663 8511 1
8516 8512 3
8394 8512 3
8556 8513 1
8513 8514 4
8513 8515 4
8673 8518 2
8517 8518 1
8520 8519 2
8675 8519 1
8394 8523 1
8525 8524 1
8276 8525 3
8527 8526 1
8272 8527 3
8526 8528 1
8529 8528 3
8649 8528 2
8527 8529 1
8648 8529 2
8385 8530 1
8328 8531 1
8388 8533 2
8712 8533 1
8535 8534 2
8533 8534 2
8388 8535 2
8270 8535 1
8533 8536 2
8416 8536 2
8533 8537 2
8416 8537 2
8363 8538 1
8467 8539 2
8538 8539 1
8541 8540 3
8538 8540 1
8810 8540 1
8268 8541 1
8363 8541 1
8538 8542 1
8543 8542 2
8363 8543 1
8545 8544 2
8542 8544 2
8543 8545 3
8549 8546 2
8545 8546 3
8542 8546 2
8545 8547 2
8542 8547 2
8538 8548 1
8543 8548 1
8543 8549 2
8538 8549 1
8551 8550 3
8810 8550 1
8538 8550 1
8268 8551 1
8363 8551 1
8522 8552 1
8556 8555 2
8846 8555 1
8694 8557 2
8406 8557 3
8555 8557 2
8559 8558 4
8556 8559 2
8444 8560 1
8512 8561 1
8512 8562 1
8561 8562 1
8565 8563 2
8564 8563 2
8564 8565 2
8563 8565 2
8364 8566 3
8276 8567 3
8394 8568 1
8568 8569 1
8512 8569 1
8263 8571 1
8573 8572 2
8774 8572 1
8276 8572 3
8366 8574 1
8273 8575 4
8623 8575 1
8272 8576 3
8323 8576 3
8697 8577 1
8394 8577 2
8263 8578 1
8578 8579 1
8571 8579 1
8578 8580 1
8444 8580 2
8781 8580 1
8444 8581 1
8578 8581 1
8583 8582 2
8872 8582 1
8585 8584 4
8587 8586 1
8861 8588 1
8586 8588 1
8502 8588 2
8590 8589 3
8388 8592 1
8592 8593 1
8388 8593 1
8276 8596 3
8598 8597 1
8597 8599 1
8598 8599 2
8599 8600 2
8601 8600 2
8598 8601 2
8599 8602 2
8598 8602 3
8599 8603 2
8393 8603 1
8396 8603 2
8401 8603 5
8602 8603 3
8607 8606 3
8612 8611 1
8623 8612 1
8273 8612 4
8612 8613 1
8611 8613 1
8598 8615 1
8598 8616 2
8765 8616 1
8615 8616 1
8366 8619 1
8625 8624 3
8667 8624 2
8666 8625 1
8276 8627 3
8449 8627 1
8629 8630 4
8572 8636 1
8334 8637 1
8636 8637 1
8617 8639 1
8641 8640 1
8639 8640 1
8617 8641 1
8641 8642 1
8639 8642 1
8556 8643 1
8798 8644 1
8744 8644 1
8643 8644 1
8439 8644 4
8722 8644 1
8648 8647 1
8273 8648 4
8623 8648 1
8647 8649 1
8648 8649 2
8649 8650 2
8444 8650 5
8781 8650 1
8688 8650 2
8652 8651 3
8649 8651 2
8648 8652 2
8558 8652 1
8652 8653 5
8651 8653 3
8677 8653 1
8653 8654 5
8652 8654 5
8653 8655 5
8652 8655 5
8652 8656 2
8649 8656 2
8649 8657 2
8418 8657 2
8418 8658 2
8649 8658 2
8649 8659 2
8529 8659 2
8649 8660 2
8529 8660 2
8662 8661 3
8512 8663 1
8625 8664 3
8667 8664 2
8666 8665 1
8625 8667 2
8665 8667 1
8625 8668 3
8667 8668 2
8667 8669 2
8625 8669 3
8449 8670 1
8522 8671 1
8678 8676 2
8675 8676 1
8558 8677 1
8681 8680 1
8683 8682 1
8680 8682 1
8681 8683 1
8680 8684 1
8265 8684 2
8316 8685 3
8738 8685 1
8762 8685 1
8316 8686 3
8685 8686 3
8575 8688 2
8866 8688 1
8366 8690 1
8385 8691 1
8691 8692 1
8530 8692 1
8846 8694 1
8556 8694 2
8278 8695 1
8394 8697 1
8394 8698 1
8697 8698 1
8278 8699 1
8328 8701 1
8701 8702 1
8328 8702 1
8832 8703 1
8328 8703 2
8701 8703 1
8705 8704 1
8701 8704 1
8328 8705 1
8707 8706 1
8701 8706 1
8328 8707 1
8710 8709 2
8774 8709 1
8270 8712 1
8712 8713 1
8359 8713 1
8712 8714 1
8388 8714 1
8712 8715 1
8388 8715 1
8416 8716 1
8712 8716 1
8416 8717 1
8712 8717 1
8535 8718 1
8712 8718 1
8712 8719 1
8535 8719 1
8712 8720 1
8535 8720 1
8556 8722 1
8724 8723 4
8303 8725 1
8268 8726 1
8725 8726 1
8268 8727 1
8725 8727 1
8556 8728 1
8846 8729 1
8439 8729 3
8806 8729 1
8728 8729 1
8439 8730 1
8728 8730 1
8846 8731 1
8439 8731 3
8806 8731 1
8728 8731 1
8728 8732 1
8439 8732 3
8846 8732 1
8806 8732 1
8439 8733 3
8846 8733 1
8728 8733 1
8806 8733 1
8439 8734 2
8728 8734 1
8846 8734 1
8474 8738 1
8738 8739 1
8474 8739 1
8609 8740 1
8742 8741 1
8740 8741 1
8609 8742 1
8556 8744 1
8744 8745 1
8559 8745 2
8798 8745 1
8798 8746 1
8744 8746 1
8439 8746 2
8515 8747 1
8747 8748 1
8515 8748 1
8276 8749 3
8439 8751 1
8439 8752 1
8751 8752 1
8778 8755 1
8756 8755 3
8276 8757 3
8522 8758 1
8416 8760 1
8416 8761 1
8760 8761 1
8314 8762 1
8314 8763 1
8762 8763 1
8598 8765 1
8278 8767 1
8276 8771 3
8276 8772 3
8276 8773 3
8522 8777 1
8824 8779 2
8778 8779 1
8278 8780 1
8612 8781 1
8781 8782 1
8444 8782 1
8444 8783 1
8781 8783 1
8781 8784 1
8444 8784 1
8781 8785 1
8444 8785 1
8444 8786 1
8781 8786 1
8444 8787 1
8781 8787 1
8449 8788 1
8788 8789 1
8627 8789 1
8788 8790 1
8627 8790 1
8788 8791 1
8670 8791 1
8788 8792 1
8627 8792 1
8627 8793 1
8788 8793 1
8627 8794 1
8788 8794 1
8788 8795 1
8627 8795 1
8627 8796 1
8788 8796 1
8627 8797 1
8788 8797 1
8556 8798 1
8798 8799 1
8314 8799 2
8806 8799 1
8314 8800 2
8806 8800 1
8798 8800 1
8806 8801 1
8798 8801 1
8314 8801 2
8522 8804 1
8558 8806 1
8806 8807 1
8439 8807 1
8453 8809 1
8268 8810 1
8604 8811 1
8366 8812 1
8396 8813 2
8512 8813 2
8512 8814 2
8396 8814 2
8396 8815 2
8393 8815 1
8512 8815 2
8512 8816 2
8396 8816 2
8393 8816 1
8396 8817 2
8393 8817 1
8512 8817 2
8512 8818 2
8396 8818 2
8393 8818 1
8393 8819 1
8396 8819 2
8512 8819 2
8773 8821 1
8821 8822 1
8773 8822 1
8721 8826 1
8282 8827 1
8827 8828 1
8282 8828 1
8328 8832 1
8832 8833 1
8531 8833 1
8366 8834 1
8841 8835 1
8522 8837 1
8598 8839 1
8329 8842 1
8842 8843 1
8370 8843 1
8370 8844 1
8842 8844 1
8556 8846 1
8513 8847 1
8846 8847 1
8393 8849 1
8512 8849 1
8393 8850 1
8512 8850 1
8371 8851 1
8774 8854 1
8774 8855 1
8774 8856 1
8774 8857 1
8556 8859 1
8859 8860 1
8439 8860 1
8587 8861 1
8502 8862 1
8861 8862 1
8861 8863 1
8502 8863 1
8598 8864 1
8474 8865 1
8575 8866 1
8527 8867 1
8527 8868 1
8867 8868 1
8303 8870 1
8270 8871 1
8870 8871 1
