104 103 1
103 105 1
106 105 1
104 106 4
109 108 1
4662 110 3
4796 110 3
108 110 1
4835 110 1
4829 110 1
4137 110 1
4138 110 1
111 110 21
4740 110 1
4739 110 1
4160 110 1
4753 110 3
4781 110 3
4857 110 1
109 111 6
4663 111 6
4615 111 36
4671 112 6
4829 112 1
4138 112 1
4862 112 1
4739 112 1
108 112 1
4134 112 1
4137 112 1
4682 112 3
4662 112 3
4684 112 2
4781 112 3
4160 112 1
4633 112 8
4753 112 3
4157 112 1
4835 112 1
4796 112 3
113 112 43
4820 112 1
4857 112 1
4663 113 6
4615 113 32
109 113 5
115 114 4
114 116 4
117 116 4
115 117 8
4714 4132 1
4615 4134 1
4663 4137 1
4615 4138 1
4803 4140 1
4142 4141 1
4140 4141 1
4803 4142 1
4140 4143 1
4142 4143 1
4712 4146 1
4741 4147 1
4146 4147 1
4806 4148 1
4656 4150 1
4772 4151 1
4607 4152 1
4615 4157 1
4629 4158 1
4158 4159 1
4631 4159 1
4663 4160 1
4785 4161 1
4606 4590 1
4591 4590 2
4626 4591 3
4607 4591 3
4593 4592 2
4590 4592 2
4785 4593 1
4591 4593 2
4607 4593 1
4595 4594 2
4590 4594 2
4785 4595 2
4656 4595 2
4591 4595 2
4685 4595 4
4590 4596 2
4593 4596 2
4593 4597 2
4590 4597 2
4845 4598 1
4595 4598 3
4590 4598 2
4601 4600 1
4605 4604 3
4607 4606 1
4591 4608 3
4152 4608 1
4606 4608 1
4664 4608 1
4606 4609 1
4784 4609 1
4593 4609 2
4593 4610 2
4606 4610 1
4784 4610 1
4612 4611 5
4772 4613 2
4615 4614 3
4614 4616 3
4857 4616 1
4820 4616 1
4662 4616 3
4157 4616 1
4684 4616 2
4835 4616 1
4758 4616 1
4160 4616 1
4739 4616 1
4753 4616 3
4138 4616 1
111 4616 39
4134 4616 1
4862 4616 1
4137 4616 1
4633 4616 8
4671 4616 6
4682 4616 3
4618 4617 1
4713 4618 4
4620 4619 2
4132 4619 1
4617 4619 1
4618 4620 1
4714 4620 1
4622 4621 1
4624 4623 1
4621 4623 1
4622 4624 1
4674 4624 1
4830 4627 1
4629 4628 1
4628 4630 1
4631 4630 1
4629 4631 4
4615 4633 8
4635 4634 3
4718 4637 2
4636 4637 5
4636 4638 5
4636 4639 3
4612 4640 4
4736 4642 1
4643 4642 2
4737 4643 1
4645 4644 2
4642 4644 2
4643 4645 2
4863 4646 1
4647 4646 2
4800 4647 3
4823 4648 1
4647 4648 3
4646 4648 2
4651 4650 1
4650 4652 1
4653 4652 1
4651 4653 1
4650 4654 1
4653 4654 1
4653 4655 1
4650 4655 1
4629 4657 1
4657 4658 1
4631 4658 1
4659 4660 4
4663 4662 3
4607 4664 1
4666 4667 4
4669 4668 4
4670 4669 5
4615 4671 6
4674 4673 1
4673 4675 1
4624 4675 1
4637 4678 2
4680 4679 2
4678 4679 2
4637 4680 2
4637 4681 2
4678 4681 2
4615 4682 3
4612 4683 3
4615 4684 2
4656 4685 4
4686 4685 3
4785 4685 1
104 4687 1
4687 4688 1
106 4688 1
4690 4689 1
4853 4691 1
4689 4691 1
4692 4691 2
4690 4692 3
4694 4693 1
4696 4695 1
4693 4695 1
4694 4696 3
4629 4697 1
4631 4698 1
4697 4698 1
4700 4699 2
4702 4701 2
4699 4701 2
4745 4702 3
4700 4702 2
4699 4703 2
4704 4703 2
4700 4704 2
4702 4705 2
4699 4705 2
4699 4706 2
4702 4706 2
4707 4708 1
4797 4708 2
4612 4709 5
4656 4710 1
4685 4711 3
4710 4711 1
4856 4711 1
4150 4711 1
4612 4713 7
4713 4714 4
4694 4715 1
4696 4716 2
4715 4716 1
4757 4716 1
4718 4717 2
4717 4719 2
4637 4719 2
4690 4721 1
4692 4722 2
4726 4722 1
4721 4722 1
4721 4723 1
4724 4723 1
4690 4724 3
4727 4725 2
4721 4725 1
4724 4725 3
4690 4726 1
4726 4727 1
4724 4727 2
4730 4728 3
4729 4728 3
4732 4731 4
4733 4732 4
115 4734 4
117 4735 4
4734 4735 4
4737 4736 1
4736 4738 1
4643 4738 1
4615 4739 1
109 4740 1
4712 4741 5
4743 4742 4
4821 4743 1
4690 4746 1
4724 4747 1
4746 4747 1
4712 4749 1
4749 4750 1
4741 4750 1
4615 4753 3
4683 4754 1
4756 4755 1
4754 4755 1
4808 4756 1
4683 4756 1
4696 4757 1
4615 4758 1
4625 4761 2
4625 4762 2
4761 4762 2
4795 4763 1
4732 4766 2
4766 4767 2
4731 4767 2
4766 4768 2
4731 4768 2
4772 4771 1
4613 4773 2
4151 4773 1
4771 4773 1
4640 4774 1
4778 4777 1
4778 4779 1
4777 4779 1
4742 4780 4
109 4781 3
4712 4782 1
4782 4783 1
4741 4783 1
4785 4784 1
4611 4787 2
4611 4788 2
4787 4788 2
4751 4791 1
4793 4792 1
4791 4792 1
4751 4793 1
4615 4796 3
4800 4799 1
4813 4801 1
4802 4801 2
4799 4801 1
4800 4802 3
4765 4804 1
4806 4805 2
4148 4805 1
4804 4805 1
4765 4806 1
4808 4807 1
4756 4809 1
4807 4809 1
4802 4813 1
4800 4814 1
4814 4815 1
4647 4815 1
4712 4817 1
4741 4818 1
4817 4818 1
4612 4819 3
4615 4820 1
4800 4823 1
4863 4824 1
4802 4824 2
4823 4824 1
4823 4825 1
4647 4825 1
4685 4827 3
4150 4827 1
4854 4827 1
4832 4828 1
4161 4828 1
4595 4828 5
4827 4828 3
109 4829 1
4656 4832 1
4832 4833 1
4685 4833 2
4854 4833 1
4663 4835 1
4821 4836 1
4836 4837 1
4743 4837 1
4776 4839 1
4839 4840 1
4841 4840 1
4776 4841 1
4612 4842 3
4712 4843 1
4741 4844 1
4843 4844 1
4685 4845 1
4694 4847 1
4847 4848 1
4696 4848 1
4795 4851 1
4763 4852 1
4851 4852 1
4692 4853 1
4785 4854 1
4595 4855 2
4854 4855 1
4150 4855 1
4656 4856 1
4615 4857 1
104 4858 1
106 4859 1
4858 4859 1
104 4860 1
106 4861 1
4860 4861 1
4615 4862 1
4800 4863 1
