1185 1133 1
1134 1133 6
1135 1136 4
1142 1136 2
1140 1136 2
1137 1138 6
1185 1138 2
1138 1139 5
1142 1139 1
1136 1140 1
1133 1140 5
1213 1140 1
1141 1140 3
1172 1171 4
1174 1173 3
1140 1175 1
1136 1176 2
1215 1176 1
1175 1176 1
1136 1177 1
1136 1178 1
1177 1178 1
1180 1179 1
1177 1179 1
1136 1180 1
1177 1181 1
1180 1181 1
1180 1182 1
1177 1182 1
1185 1184 1
1214 1185 3
1184 1211 1
1138 1211 1
1140 1215 1
1185 1216 1
1138 1217 1
1216 1217 1
1216 1218 1
1133 1218 1
1216 1219 1
1133 1219 1
1133 1220 1
1216 1220 1
