8225 8224 6
8226 8225 35
8230 8225 16
8232 8225 16
8233 8225 16
8229 8226 19
8228 8226 19
8227 8226 40
8906 8227 4
8811 8227 1
8685 8227 1
8900 8227 2
8903 8227 3
8893 8227 3
8834 8227 4
8864 8227 1
8897 8227 1
8895 8227 1
8894 8227 1
8902 8227 1
8429 8227 1
8444 8227 5
8560 8227 4
8563 8227 3
8786 8227 1
8891 8227 4
8631 8227 5
8794 8227 1
8890 8227 1
8591 8227 15
8459 8227 5
8329 8227 4
8224 8227 5
8483 8227 1
8899 8227 2
8467 8227 10
8348 8227 2
8522 8227 3
8713 8227 1
8604 8227 4
8640 8227 2
8892 8227 2
8905 8227 1
8907 8227 1
8901 8227 3
8707 8227 2
8896 8227 1
8703 8227 4
8533 8227 2
8861 8227 1
8907 8230 1
8749 8230 1
8306 8230 3
8794 8230 1
9639 8230 1
8671 8230 2
9092 8230 1
8507 8230 3
8389 8230 2
8418 8230 12
8565 8230 9
9123 8230 1
8369 8230 18
8878 8230 1
8936 8230 2
9145 8230 2
8403 8230 2
9618 8230 1
9797 8230 1
9308 8230 1
8342 8230 5
8903 8230 1
9113 8230 2
8239 8230 6
8334 8230 30
8609 8230 8
8713 8230 1
9068 8230 2
8420 8230 13
8631 8230 4
9065 8230 2
8457 8230 2
8277 8230 6
8563 8230 2
8329 8230 2
8258 8230 1
9679 8230 1
8891 8230 2
8765 8230 1
8476 8230 1
8781 8230 10
9522 8230 1
9579 8230 1
8606 8230 1
8747 8230 1
8444 8230 4
8985 8230 3
8467 8230 13
8449 8230 8
8554 8230 4
8591 8230 2
9178 8230 1
8459 8230 1
8709 8230 3
8707 8230 1
9002 8230 3
8227 8230 85
9083 8230 1
8560 8230 1
9324 8230 2
8490 8230 4
8371 8230 2
8976 8230 7
8861 8230 1
8231 8230 21
8765 8231 1
9515 8231 1
8235 8234 3
8237 8236 1
8230 8237 1
8227 8237 4
8239 8237 1
9468 8238 1
9699 8238 1
8239 8238 4
8236 8238 1
8237 8239 3
9138 8240 3
9645 8240 1
9952 8240 1
8241 8240 2
8461 8240 5
8230 8240 81
8368 8240 1
9681 8240 1
9255 8240 2
8975 8240 7
9321 8240 4
8780 8240 10
9680 8240 1
9169 8240 3
8923 8240 1
8238 8240 4
8564 8240 8
8516 8240 9
8921 8240 1
9213 8240 1
8475 8240 1
9144 8240 2
9323 8240 1
8885 8240 1
9291 8240 1
9015 8240 2
9889 8240 1
9094 8240 2
9183 8240 1
9566 8240 2
9705 8240 2
8473 8240 11
8236 8241 1
8239 8241 2
8243 8242 1
8668 8243 1
8227 8243 85
8325 8243 28
8306 8243 1
9639 8243 2
8467 8243 1
9782 8243 2
8446 8243 8
8609 8243 8
8772 8243 1
8230 8243 2
8642 8243 3
9317 8244 1
9770 8244 1
9781 8244 1
8242 8244 1
9805 8244 1
9406 8244 1
8243 8244 47
8860 8244 1
9156 8244 1
9543 8244 2
9382 8244 2
8735 8244 2
9189 8244 1
9873 8244 1
9362 8244 1
9825 8244 1
9294 8244 1
9881 8244 1
9086 8244 1
9494 8244 1
9769 8244 1
9677 8244 1
9767 8244 1
8324 8244 1
8911 8244 1
8445 8244 6
9837 8244 1
9349 8244 1
9435 8244 1
9509 8244 1
9288 8244 1
9803 8244 1
8807 8244 1
9627 8244 1
8697 8244 1
9744 8244 1
9137 8244 1
9980 8244 1
9985 8244 1
9301 8244 3
8227 8245 4
8223 8246 4
8248 8247 1
8247 8249 1
8248 8249 1
8251 8250 1
8247 8250 1
8248 8251 1
8253 8252 1
8255 8253 4
8972 8253 5
8386 8253 1
9389 8254 2
9877 8254 1
9421 8254 1
9408 8254 1
9139 8254 7
9345 8254 1
8255 8254 46
9846 8254 2
9693 8254 1
9253 8254 1
9318 8254 2
8252 8254 1
9385 8254 2
9390 8254 2
8558 8254 2
8989 8254 1
9937 8254 1
9021 8254 2
8942 8254 9
8486 8254 5
9604 8254 1
9376 8254 1
9603 8254 1
9190 8254 1
8513 8254 2
8943 8254 4
9813 8254 1
8941 8254 12
8253 8255 9
8361 8255 17
8434 8255 4
8821 8255 18
9051 8255 1
8344 8255 3
8514 8255 3
8362 8255 15
8955 8255 2
8293 8255 34
9050 8255 2
8427 8255 1
9049 8255 1
8741 8255 1
8972 8255 1
8258 8257 1
9015 8259 2
9001 8259 1
8748 8259 1
8605 8259 1
8443 8259 1
9833 8259 1
9683 8259 1
9856 8259 1
8374 8259 2
9510 8259 1
9606 8259 1
9838 8259 2
8419 8259 13
9293 8259 1
8448 8259 8
9923 8259 1
9425 8259 1
9323 8259 1
9136 8259 1
9459 8259 1
8257 8259 1
9183 8259 1
8370 8259 1
9591 8259 1
8230 8259 42
9485 8259 1
9796 8259 1
8257 8260 1
8230 8260 1
8230 8261 1
8257 8261 1
8374 8262 2
9425 8262 1
9645 8262 1
9323 8262 1
8448 8262 8
9459 8262 1
8230 8262 32
8489 8262 4
8417 8262 12
8475 8262 1
8257 8262 1
9838 8262 2
8257 8263 1
8264 8263 15
9257 8263 2
8877 8263 1
9875 8263 1
9443 8263 1
9772 8263 1
8664 8263 8
9308 8264 1
8631 8264 3
8227 8264 2
8878 8264 1
8609 8264 8
8258 8264 1
9797 8264 1
9856 8265 1
9789 8265 1
9323 8265 1
8257 8265 1
8230 8265 21
9796 8265 1
9875 8265 1
8877 8265 1
9257 8265 2
8664 8265 8
9443 8265 1
9606 8265 1
9274 8265 1
9923 8265 1
9772 8265 1
9981 8266 1
9874 8266 1
8296 8266 5
8830 8266 1
9451 8266 1
9695 8266 1
9974 8266 1
8877 8266 1
9864 8266 1
9984 8266 1
8257 8266 1
8230 8266 12
8230 8267 1
8257 8267 1
8269 8268 1
8273 8269 4
9711 8269 1
8767 8270 1
8268 8270 1
9880 8270 1
9725 8270 1
8269 8270 5
9955 8270 1
8268 8271 1
8767 8271 1
8269 8271 3
9880 8271 1
8273 8272 7
9955 8272 1
8268 8272 1
9136 8272 1
8767 8272 1
9725 8272 1
9361 8272 1
9210 8273 1
8694 8273 2
9065 8273 4
8269 8273 5
8671 8273 3
8672 8273 21
8749 8273 3
9178 8273 2
8606 8273 1
9002 8273 3
8272 8274 7
8268 8274 1
9725 8274 1
9309 8274 1
9591 8274 1
9293 8274 1
9064 8274 1
8273 8274 16
8767 8274 1
9955 8274 1
9880 8274 1
9361 8274 1
9766 8274 1
9067 8274 8
9833 8274 1
9235 8275 2
8276 8275 18
8274 8275 16
8273 8276 16
8386 8276 2
8554 8277 2
8279 8277 8
8285 8277 4
8459 8277 4
9147 8277 1
8278 8277 5
8348 8277 1
8685 8277 1
9320 8277 2
8286 8277 4
8287 8277 4
8284 8277 4
9145 8278 2
8369 8278 1
8591 8278 2
8781 8278 10
8403 8278 1
8277 8278 1
8703 8278 1
8765 8278 1
8230 8278 5
9689 8278 2
8834 8278 2
9017 8278 3
8231 8278 10
9529 8279 1
8283 8279 10
8281 8279 10
8280 8279 10
8282 8279 10
8565 8280 1
9286 8280 1
8320 8280 3
8567 8280 12
8563 8280 4
8230 8280 11
8273 8280 2
9529 8281 1
8378 8281 5
8289 8283 2
8999 8283 1
8551 8283 1
8291 8283 1
9146 8284 5
9529 8285 1
9083 8285 10
8554 8285 1
8371 8285 2
8490 8286 4
8505 8287 1
8898 8288 1
8288 8289 4
8522 8289 3
8899 8290 3
8288 8290 4
8560 8291 5
8288 8291 4
8293 8292 1
8508 8293 1
8509 8293 8
8972 8293 5
8699 8293 1
9329 8293 1
8295 8293 2
8255 8293 5
8663 8293 1
9352 8293 2
9161 8293 1
8386 8293 1
8957 8293 2
8295 8294 13
8387 8294 4
8292 8294 1
8939 8294 8
8293 8295 1
8509 8295 8
8386 8295 2
9352 8295 1
9984 8296 1
9451 8296 1
9014 8296 1
8227 8296 5
9874 8296 1
8227 8297 85
9357 8297 1
9653 8297 1
9443 8297 1
9291 8297 1
9173 8297 1
9423 8297 1
9730 8297 1
9981 8297 1
8706 8297 1
9904 8297 1
9695 8297 1
9295 8297 1
9575 8297 1
8552 8297 1
9871 8297 1
9498 8297 1
9130 8297 1
8532 8297 1
9367 8297 1
9860 8297 1
8969 8297 1
9334 8297 1
9905 8297 1
8843 8297 1
9459 8297 1
8466 8297 1
9878 8297 1
8854 8297 1
9944 8297 1
8966 8297 1
9360 8297 1
9606 8297 1
9143 8297 1
9510 8297 1
9987 8297 1
9731 8297 1
9052 8297 1
9799 8297 1
9396 8297 1
8885 8297 1
9381 8297 1
8630 8297 1
9688 8297 1
8974 8297 1
9984 8297 1
9874 8297 1
8830 8297 1
9257 8297 2
9184 8297 1
9553 8297 1
9571 8297 1
9179 8297 1
8793 8297 1
9789 8297 1
8296 8297 5
8750 8297 1
9732 8297 1
9154 8297 1
9372 8297 1
9864 8297 1
9936 8297 1
9425 8297 1
9445 8297 1
8330 8297 11
9087 8297 1
9793 8297 1
9034 8297 1
8909 8297 1
8443 8297 1
9772 8297 1
9935 8297 1
8785 8297 1
9616 8297 1
8664 8298 8
8297 8298 85
8243 8298 95
9638 8298 1
9871 8298 1
9807 8298 1
8230 8299 85
8297 8299 85
8780 8300 10
8809 8300 13
8278 8300 23
8278 8301 23
8300 8301 23
8225 8302 6
8304 8303 3
8306 8305 1
8316 8306 4
8305 8307 1
8308 8307 1
8306 8308 1
8770 8309 1
8440 8309 1
9965 8309 1
9255 8309 2
8316 8309 25
8934 8309 1
9041 8309 1
8305 8309 1
9209 8309 1
8336 8309 1
9330 8309 1
9743 8309 3
9297 8309 5
9547 8309 1
9311 8309 1
9858 8309 1
9247 8309 1
9362 8309 1
8223 8310 4
8765 8316 2
8306 8316 8
8762 8316 3
8764 8316 1
8763 8316 1
8309 8317 25
8318 8317 25
8433 8318 3
8316 8318 28
8305 8319 1
8308 8319 1
8904 8320 1
9618 8321 1
8321 8322 4
8321 8323 4
8325 8324 1
9349 8326 1
8697 8326 1
9825 8326 1
9873 8326 1
8860 8326 1
9837 8326 1
9881 8326 1
9509 8326 1
9980 8326 1
9435 8326 1
9985 8326 1
8324 8326 1
9137 8326 1
9744 8326 1
9294 8326 1
9767 8326 1
8327 8326 30
9805 8326 1
8807 8326 1
9189 8326 1
9769 8326 1
9086 8326 1
9406 8326 1
9288 8326 1
9627 8326 1
9156 8326 1
9494 8326 1
9677 8326 1
8911 8326 1
9770 8326 1
9962 8326 1
8837 8327 1
8325 8327 28
8668 8327 1
8329 8328 1
8227 8329 4
9902 8330 1
9974 8330 1
9451 8330 1
9430 8330 1
8328 8330 1
9313 8330 1
8227 8330 11
9525 8330 1
9828 8330 1
9977 8330 1
8706 8330 1
8785 8331 1
9539 8331 1
9450 8331 1
9695 8331 1
9441 8331 1
9936 8331 1
9291 8331 1
8328 8331 1
9506 8331 1
9878 8331 1
8332 8331 37
8916 8331 1
9487 8331 1
8885 8331 1
9143 8331 1
8793 8331 1
9676 8331 1
9935 8331 1
9350 8331 1
8539 8331 20
8750 8331 1
9426 8331 1
9789 8331 1
8348 8332 2
8467 8332 1
8703 8332 1
9689 8332 1
8548 8332 5
8895 8332 1
8786 8332 1
8640 8332 1
8329 8332 1
8563 8332 1
8864 8332 1
9017 8332 1
8794 8332 1
8811 8332 1
8227 8332 20
8907 8332 1
8713 8332 4
8591 8332 19
8834 8332 4
8903 8332 1
8609 8332 1
8890 8332 1
9430 8333 1
9974 8333 1
9183 8333 1
9255 8333 2
9969 8333 1
9007 8333 1
9451 8333 1
9780 8333 1
9829 8333 2
9077 8333 1
9258 8333 1
8752 8333 1
9828 8333 1
9964 8333 1
9938 8333 1
8328 8333 1
8720 8333 3
9683 8333 1
9929 8333 1
9536 8333 1
9718 8333 1
8461 8333 5
8975 8333 7
9902 8333 1
9001 8333 1
8388 8333 1
9074 8333 1
9452 8333 1
8708 8333 3
8334 8333 44
8891 8334 3
9147 8334 1
8737 8334 1
8926 8334 2
8976 8334 7
8364 8334 1
8289 8334 3
8721 8334 3
8709 8334 3
9008 8334 1
8290 8334 3
8291 8334 6
9178 8334 2
8277 8334 5
9113 8334 2
9477 8334 1
8329 8334 3
9002 8334 2
8521 8334 1
8306 8334 2
8985 8334 3
8389 8334 4
8461 8335 5
9339 8335 3
8390 8335 29
8866 8335 1
8334 8335 60
8708 8335 3
9277 8335 3
8561 8335 6
8975 8335 7
8333 8335 44
8306 8336 1
8338 8337 3
8336 8337 1
9804 8337 1
8551 8338 5
8306 8338 1
8337 8339 3
8340 8339 3
8338 8340 3
8952 8340 1
8342 8341 1
8336 8341 1
8303 8342 1
8609 8342 25
9123 8342 6
8631 8342 6
8424 8342 25
8306 8342 5
9218 8342 1
8245 8342 2
8418 8342 12
9384 8343 1
8344 8343 2
9329 8344 1
8255 8344 4
8255 8345 8
8343 8345 2
8695 8345 2
8929 8345 2
9230 8345 1
9287 8345 2
9845 8346 1
9388 8346 2
9190 8346 1
9493 8346 1
9384 8346 1
9056 8346 1
8293 8346 7
8822 8347 3
8255 8347 18
9561 8347 2
8871 8347 2
9006 8347 4
9005 8347 3
9408 8347 1
8346 8347 7
8227 8348 4
8762 8351 1
8350 8351 3
8350 8352 3
8350 8353 3
8350 8354 3
8350 8355 3
8356 8357 4
8356 8358 4
8356 8359 4
8356 8360 4
9352 8361 2
8509 8361 7
9329 8361 1
8255 8361 4
8957 8361 1
8364 8363 1
8527 8364 4
9689 8364 2
8467 8364 2
8403 8364 1
9751 8365 1
9826 8365 1
8366 8365 11
9784 8365 1
8995 8365 3
9663 8365 3
8363 8365 1
9701 8365 2
9147 8366 1
8996 8366 3
9639 8366 2
8446 8366 2
9529 8366 1
8364 8366 1
8507 8366 3
8521 8366 1
9663 8367 3
8363 8367 1
8995 8367 3
8366 8367 11
9826 8367 1
9751 8367 1
9701 8367 2
8369 8368 1
8467 8369 2
8903 8369 3
8227 8369 20
8985 8369 3
8811 8369 1
8551 8369 1
9162 8369 3
8713 8369 7
8401 8369 2
8999 8369 1
9113 8369 2
8273 8369 11
8864 8369 5
8554 8369 2
9654 8369 1
8703 8369 5
8907 8369 1
8395 8369 7
8389 8369 2
8224 8369 2
8834 8369 1
8405 8369 13
8521 8369 4
8533 8369 1
8234 8369 1
8899 8369 1
9210 8369 1
9171 8369 3
9126 8369 1
8591 8369 22
8403 8369 9
8348 8369 2
8284 8369 4
8287 8369 4
8286 8369 4
8530 8369 4
8279 8369 8
8278 8369 5
8285 8369 4
8371 8370 1
8373 8372 2
8374 8372 2
8370 8372 1
8371 8373 2
8371 8374 2
8370 8374 1
8374 8375 2
8373 8375 2
8374 8376 2
8373 8376 3
8378 8377 5
9566 8377 2
8376 8377 3
8371 8378 2
8373 8378 3
9068 8378 2
8376 8379 3
8380 8379 3
8373 8380 3
9068 8380 2
8378 8381 5
9566 8381 2
8374 8381 2
8381 8382 5
8281 8382 5
8285 8383 2
8374 8383 2
8227 8384 9
8681 8384 7
8297 8384 1
9789 8384 1
8386 8385 1
8362 8386 10
8663 8386 1
9329 8386 1
8816 8386 1
8957 8386 2
8512 8386 10
8510 8386 22
8511 8386 10
9352 8386 2
8508 8386 1
8509 8386 9
9161 8386 1
8972 8386 5
8295 8387 4
8385 8387 1
9845 8387 1
9726 8387 1
8389 8388 1
9339 8390 3
8461 8390 5
9452 8390 1
9277 8390 3
8334 8390 29
9576 8390 2
8561 8390 6
8388 8390 1
8975 8390 7
8784 8391 17
9212 8391 1
9678 8391 1
9281 8391 5
8480 8391 1
8637 8391 3
9274 8391 1
8390 8391 29
8230 8391 58
9712 8392 1
9077 8392 1
8423 8392 25
9829 8392 2
8448 8392 8
8984 8392 1
8393 8392 61
8421 8392 25
9780 8392 1
8717 8392 1
8440 8392 1
9585 8392 1
8417 8392 12
8754 8392 8
9362 8392 1
8731 8392 2
9119 8392 9
8388 8392 1
8419 8392 13
8430 8392 6
8732 8393 2
8418 8393 12
8422 8393 25
8306 8393 2
8424 8393 25
8755 8393 8
9113 8393 2
8420 8393 13
8985 8393 1
8449 8393 8
8431 8393 6
8389 8393 4
8316 8393 9
9586 8393 1
8806 8393 1
8388 8394 1
9780 8394 1
8395 8394 7
8532 8394 1
8843 8394 1
9452 8394 1
8920 8394 1
8985 8395 1
8389 8395 2
8533 8395 5
8397 8396 7
8394 8396 7
8533 8397 2
8985 8397 2
8395 8397 11
8389 8397 2
8399 8398 7
8394 8398 7
8395 8399 11
8533 8399 1
8394 8400 7
8401 8400 7
8395 8401 7
8985 8401 4
8306 8401 1
8774 8401 4
8609 8401 1
8394 8402 7
8403 8402 7
8290 8403 2
8834 8403 4
8395 8403 7
8985 8403 3
8533 8403 1
8899 8403 1
8907 8403 1
8467 8403 2
8224 8403 1
8811 8403 1
8273 8403 4
8401 8403 2
8369 8403 41
8895 8403 1
8999 8403 1
9654 8403 1
8380 8403 4
8279 8403 8
8278 8403 5
8394 8404 7
8405 8404 7
8389 8405 5
8609 8405 1
8774 8405 4
8306 8405 1
8395 8405 7
8713 8405 12
8674 8405 3
8551 8405 1
8394 8406 7
9043 8406 1
9467 8406 1
9931 8406 1
9396 8406 1
9761 8406 1
9809 8406 1
9413 8406 1
8990 8406 1
9749 8406 1
9936 8406 1
9789 8406 1
8369 8406 18
8408 8407 2
9780 8407 1
8388 8407 1
8674 8408 3
8389 8408 4
8864 8408 6
8405 8409 2
8388 8409 1
9471 8410 1
8369 8410 4
8843 8410 1
8409 8410 2
8369 8411 35
8539 8411 20
9077 8411 1
8409 8411 2
9789 8411 1
9179 8411 1
9469 8411 1
9295 8411 1
9125 8411 1
9642 8411 4
9948 8411 1
9815 8411 1
9764 8411 1
8403 8412 39
9850 8412 1
9310 8412 4
8411 8412 34
8593 8413 3
8369 8413 44
8411 8413 35
9446 8413 3
8848 8413 6
8411 8414 34
8403 8414 35
9789 8414 1
9452 8414 1
8416 8415 1
8227 8416 4
9429 8417 1
8418 8417 12
9570 8417 1
9839 8417 1
9526 8417 1
8415 8417 1
9932 8417 1
9063 8417 1
9044 8417 1
9958 8417 1
9037 8417 1
9512 8417 1
8416 8418 11
8420 8419 13
8417 8419 12
8418 8420 12
8717 8421 1
8448 8421 8
8984 8421 1
8422 8421 25
8419 8421 13
9077 8421 1
8449 8422 8
8985 8422 1
8420 8422 13
8389 8422 2
8448 8423 8
8419 8423 13
9479 8423 1
8424 8423 25
9762 8423 1
9217 8423 1
8420 8424 13
9218 8424 3
8449 8424 8
9976 8425 1
9519 8425 1
8342 8425 28
8423 8425 25
9606 8425 1
8342 8426 13
8417 8426 12
9606 8426 1
8255 8427 4
8429 8428 1
8227 8429 4
8464 8430 1
8428 8430 1
8431 8430 6
9099 8430 1
9780 8430 1
9647 8430 1
8429 8431 4
8389 8431 1
8901 8432 2
8565 8432 9
8255 8434 4
9352 8434 1
8436 8435 1
8438 8437 1
8435 8437 1
8640 8438 9
8609 8438 22
8436 8438 2
8760 8438 2
8739 8438 2
8721 8438 3
8304 8439 3
8306 8440 1
8442 8441 3
8444 8443 1
8227 8444 4
9425 8445 1
9255 8445 1
8446 8445 6
9459 8445 1
8443 8445 1
9510 8445 1
8449 8446 8
8444 8446 5
8306 8446 1
8230 8446 1
9459 8447 1
9255 8447 1
8443 8447 1
9510 8447 1
9154 8447 1
9425 8447 1
8446 8447 6
8757 8448 1
9255 8448 1
9459 8448 1
8449 8448 8
9425 8448 1
9154 8448 1
8443 8448 1
9510 8448 1
8306 8449 1
8444 8449 6
8448 8450 8
8446 8450 8
8448 8451 8
8446 8451 9
9592 8451 1
8448 8452 8
9592 8452 1
8446 8452 9
9592 8453 1
8448 8453 8
8446 8453 9
8230 8454 8
8448 8454 8
8399 8455 1
8455 8456 1
8457 8456 1
8533 8457 2
9079 8457 2
8230 8457 13
8399 8457 10
9092 8457 2
8459 8458 1
8227 8459 4
9740 8460 1
9971 8460 1
9708 8460 1
8227 8460 7
9305 8460 1
8458 8460 1
9573 8460 1
9014 8460 1
8458 8461 1
9573 8461 1
9014 8461 1
9740 8461 1
8277 8461 5
8461 8462 5
8277 8462 6
8277 8463 6
8462 8463 6
8429 8464 1
8325 8465 1
8743 8465 2
8467 8466 1
8227 8467 4
9923 8468 1
8230 8468 5
9360 8468 1
8466 8468 1
8552 8468 1
8793 8468 1
9381 8469 1
8487 8469 1
9130 8469 1
8840 8469 1
8494 8469 5
8552 8469 1
8466 8469 1
8230 8469 13
9360 8469 1
9262 8470 5
8469 8470 13
8471 8470 19
8877 8470 1
8878 8471 1
9146 8471 5
8342 8471 29
8631 8471 1
8230 8471 22
8711 8472 3
8469 8472 13
8920 8472 1
8457 8472 18
9668 8472 1
9650 8473 1
9281 8473 5
9448 8473 1
9074 8473 1
9481 8473 1
9307 8473 1
8230 8473 11
8473 8474 11
9681 8474 1
8589 8474 2
8280 8474 14
8476 8475 1
9132 8477 1
8479 8478 4
8649 8479 6
8230 8480 1
8637 8481 3
8736 8481 1
8482 8481 23
8784 8481 17
8480 8481 1
9476 8481 1
8737 8482 1
9477 8482 1
8230 8482 21
8225 8483 6
9745 8485 2
8484 8485 1
9845 8486 1
8956 8486 1
9384 8486 1
9493 8486 1
8293 8486 5
8230 8487 1
8904 8488 1
8985 8488 1
8565 8488 9
8795 8489 2
8490 8489 4
8785 8489 1
8796 8490 2
8786 8490 1
8489 8491 4
8286 8491 4
8493 8492 4
8489 8492 4
8490 8493 4
8230 8494 5
8489 8494 4
8496 8495 4
8489 8495 4
9855 8496 1
8490 8496 4
8489 8497 4
8286 8497 4
8286 8498 4
8489 8498 4
8489 8499 4
8286 8499 4
8286 8500 4
8489 8500 4
8489 8501 4
8496 8501 4
8503 8502 2
8226 8502 7
8505 8504 1
8604 8505 3
8287 8506 1
8504 8506 1
8403 8507 6
8551 8507 1
8522 8507 3
8277 8507 1
8999 8507 1
8283 8507 4
8852 8507 1
9529 8507 2
8905 8507 1
8380 8507 4
8280 8507 4
8861 8507 1
8897 8507 1
8369 8507 1
8907 8507 1
8509 8508 6
8508 8509 1
8972 8509 1
8663 8509 1
9161 8509 1
8386 8509 13
8295 8510 11
8514 8513 2
9845 8513 1
8255 8514 4
9352 8514 1
8433 8515 3
8230 8516 9
9175 8516 4
9275 8516 2
9829 8516 2
8516 8517 9
8230 8517 10
9860 8518 1
9979 8518 1
9920 8518 1
9441 8518 1
8885 8518 1
9016 8518 1
8541 8518 59
9916 8518 1
8519 8518 64
9291 8518 1
9402 8518 1
8703 8519 1
8591 8519 4
8332 8519 59
8902 8519 1
9017 8519 3
8518 8520 64
8521 8520 64
8369 8521 6
9017 8521 3
8530 8521 4
8527 8521 4
8519 8521 64
8227 8522 4
8389 8523 1
8985 8523 1
9441 8524 1
9815 8524 1
9487 8524 1
8868 8524 1
9979 8524 1
9016 8524 1
8278 8524 22
9920 8524 1
9800 8524 1
9854 8524 1
9737 8524 1
8780 8524 10
9916 8524 1
8809 8525 13
8278 8525 29
8524 8525 22
8524 8526 22
8527 8526 22
8765 8527 2
8278 8527 22
8230 8527 5
8781 8527 10
8524 8528 22
8527 8528 22
8278 8529 22
8524 8529 22
8223 8531 4
8533 8532 1
9508 8533 1
8225 8533 6
8843 8534 1
9668 8534 1
8395 8534 6
8920 8534 1
9517 8534 1
8532 8534 1
8534 8535 6
8397 8535 6
8534 8536 6
8399 8536 7
8536 8537 7
8457 8537 7
9402 8538 1
9789 8538 1
8532 8538 1
9916 8538 1
9653 8538 1
9601 8538 1
9688 8538 1
8843 8538 1
8539 8538 20
8227 8538 26
9143 8539 1
9469 8539 1
9338 8539 1
9052 8539 1
8843 8539 1
8854 8539 1
9571 8539 1
9350 8539 1
8785 8539 1
9034 8539 1
9828 8539 1
8750 8539 1
9631 8539 1
8532 8539 1
9764 8539 1
8872 8539 1
9577 8539 1
8227 8539 20
9708 8539 1
9789 8540 1
8613 8540 1
8539 8540 20
8750 8540 1
8332 8540 22
9350 8540 1
8332 8541 59
9143 8541 1
9350 8541 1
9870 8541 1
9250 8541 1
9633 8541 1
9418 8541 1
8750 8541 1
9916 8541 1
9708 8541 1
9396 8541 1
8590 8541 1
9441 8541 1
9936 8541 1
9676 8541 1
9884 8541 1
9539 8541 1
9931 8541 1
9876 8541 1
9967 8541 1
9179 8541 1
9814 8541 1
9685 8541 1
9291 8541 1
9631 8541 1
9499 8541 1
9487 8541 1
8885 8541 1
9478 8541 1
9799 8541 1
9810 8541 1
9498 8541 1
8793 8541 1
8613 8541 1
8785 8541 1
9506 8541 1
9445 8541 1
9426 8541 1
9450 8541 1
9402 8541 1
8539 8541 20
8916 8541 1
9789 8541 1
9695 8541 1
9935 8541 1
9878 8541 1
9860 8542 1
8541 8542 59
8519 8542 60
8519 8543 59
8541 8543 59
8519 8544 60
9291 8544 1
8541 8544 59
8885 8544 1
9860 8544 1
9441 8544 1
8541 8545 59
8519 8545 59
8541 8546 59
8519 8546 59
8548 8547 61
8541 8547 59
9306 8547 3
8935 8548 3
8332 8548 59
9978 8549 1
9498 8549 1
9891 8549 1
8227 8549 29
9469 8549 1
8854 8549 1
9487 8549 1
9523 8549 1
9423 8549 1
9633 8549 1
9577 8549 1
9956 8549 1
9441 8549 1
9814 8549 1
9734 8549 1
9764 8549 1
9052 8549 1
9731 8549 1
9426 8549 1
8702 8549 1
9884 8549 1
9799 8549 1
9418 8549 1
9789 8549 1
8532 8549 1
9478 8549 1
9173 8549 1
9722 8549 1
9338 8549 1
9295 8549 1
8403 8550 2
8532 8550 1
9471 8550 1
8225 8551 6
8467 8552 1
8554 8553 1
8936 8554 2
8984 8555 1
9641 8555 3
9077 8555 1
9452 8555 1
8776 8555 1
9728 8555 1
9074 8555 1
8369 8555 15
9780 8555 1
8553 8555 1
8624 8555 4
8902 8556 1
8703 8556 2
8838 8557 1
9845 8558 1
8434 8558 2
8560 8559 1
8227 8560 4
9956 8561 1
9901 8561 1
9523 8561 1
8291 8561 6
8559 8561 1
9048 8561 1
8563 8562 1
8227 8563 4
8562 8564 1
9112 8564 1
9052 8564 1
9036 8564 1
8889 8564 1
8565 8564 8
9808 8564 1
9089 8564 1
8224 8565 1
8563 8565 6
8564 8566 8
9681 8566 1
9764 8566 1
8567 8566 12
9305 8566 1
8291 8567 1
9008 8567 1
8389 8567 1
8224 8567 4
8565 8567 9
8563 8567 3
8566 8568 12
8280 8568 12
9681 8569 1
9258 8569 1
8564 8569 8
8889 8569 1
8567 8569 10
9089 8569 1
9112 8569 1
9982 8570 1
8564 8570 8
9681 8570 1
9563 8570 1
8432 8570 12
8564 8571 8
9681 8571 1
8572 8571 12
8570 8571 12
8369 8572 3
8507 8572 1
8432 8572 12
8403 8572 2
9194 8572 1
8565 8572 9
8277 8572 1
8579 8572 13
8572 8573 13
8570 8573 12
9193 8573 1
8564 8574 8
9452 8574 1
9681 8574 1
8230 8574 10
8564 8575 8
9681 8575 1
9234 8575 1
8488 8575 12
9452 8575 1
8575 8576 12
8872 8576 1
9077 8576 1
9849 8576 1
9938 8576 1
8577 8576 16
8604 8577 2
8389 8577 1
8985 8577 1
8488 8577 12
9681 8578 1
8564 8578 8
8579 8578 10
9375 8579 2
8565 8579 9
8578 8580 10
9681 8580 1
8593 8580 3
8572 8580 15
9355 8580 2
9153 8581 3
8572 8581 13
8578 8581 10
8564 8582 8
9681 8582 1
8583 8582 11
9922 8582 1
9452 8582 1
8565 8583 9
8604 8583 6
8389 8583 1
8985 8583 2
9077 8584 1
9430 8584 1
9452 8584 1
8564 8584 8
9938 8584 1
9635 8584 1
8230 8584 15
8706 8584 1
9902 8584 1
8564 8585 8
9452 8585 1
9938 8585 1
9077 8585 1
8583 8585 11
8564 8586 8
9340 8586 1
8587 8586 9
8291 8587 1
8565 8587 8
9285 8588 1
8562 8588 1
8280 8588 4
8889 8588 1
9112 8588 1
8320 8589 2
9234 8589 1
8591 8590 1
8227 8591 4
8369 8592 1
8590 8592 1
8810 8593 1
8590 8593 1
8369 8593 3
8593 8594 3
9852 8594 1
9355 8594 2
9940 8594 1
8572 8594 8
8594 8595 8
8572 8595 9
8822 8596 3
8595 8596 9
8597 8596 15
9005 8596 3
8821 8597 6
8572 8597 9
8598 8599 3
8598 8600 3
9948 8601 1
8507 8601 4
9864 8601 1
8932 8601 1
8603 8602 1
8601 8602 1
8507 8603 6
8225 8604 6
8606 8605 1
8273 8606 4
9611 8607 1
9591 8607 1
8605 8607 1
8273 8607 11
9309 8607 1
9064 8607 1
9489 8607 1
8748 8607 1
9485 8607 1
9833 8607 1
9766 8607 1
8607 8608 11
8609 8608 12
9065 8609 1
9002 8609 2
8273 8609 24
9161 8609 1
8663 8609 1
8508 8609 1
8620 8610 12
8342 8610 28
9443 8610 1
9772 8610 1
8608 8610 12
8665 8610 10
8471 8611 40
9015 8611 2
9557 8611 4
8633 8611 3
9069 8611 2
8610 8611 28
9584 8611 2
9443 8611 1
8748 8612 1
9611 8612 1
9591 8612 1
9309 8612 1
9064 8612 1
9766 8612 1
9833 8612 1
8273 8612 13
9293 8612 1
8605 8612 1
9485 8612 1
9489 8612 1
8609 8613 18
8662 8613 1
9121 8613 1
9160 8613 1
8612 8613 13
8616 8614 15
8609 8614 22
8613 8614 17
8438 8615 28
9823 8615 1
8614 8615 22
8723 8615 5
9309 8616 1
8605 8616 1
9485 8616 1
9489 8616 1
9293 8616 1
8693 8616 1
9817 8616 1
9766 8616 1
9581 8616 1
9611 8616 1
8273 8616 15
9064 8616 1
8748 8616 1
9591 8616 1
9833 8616 1
8748 8617 1
8273 8617 7
9591 8617 1
9833 8617 1
9309 8617 1
8605 8617 1
9160 8618 1
9121 8618 1
8609 8618 10
8617 8618 7
8748 8619 1
9766 8619 1
9581 8619 1
8605 8619 1
9833 8619 1
9611 8619 1
9293 8619 1
9064 8619 1
9309 8619 1
9591 8619 1
8273 8619 11
8619 8620 11
8609 8620 12
9591 8621 1
9581 8621 1
8273 8621 14
8605 8621 1
9309 8621 1
9833 8621 1
9880 8621 1
8748 8621 1
9964 8621 1
9611 8621 1
9766 8621 1
9293 8621 1
9183 8621 1
9064 8621 1
9485 8621 1
8273 8622 2
8605 8622 1
9681 8623 1
9112 8623 1
8280 8623 6
8889 8623 1
8622 8623 2
9089 8623 1
8605 8624 1
8273 8624 4
8748 8624 1
9489 8624 1
9771 8625 1
9659 8625 1
9322 8625 2
9665 8625 1
9738 8625 1
9574 8625 1
9656 8625 2
9192 8625 1
9066 8625 5
9882 8625 1
9804 8625 1
9750 8625 1
8863 8625 1
9441 8625 1
8369 8625 31
8624 8625 4
9919 8625 1
9809 8625 1
9921 8625 1
9490 8625 1
9530 8625 1
9197 8625 2
9489 8626 1
8605 8626 1
8748 8626 1
9485 8626 1
8273 8626 4
9485 8627 1
8605 8627 1
8273 8627 2
8479 8628 4
8896 8629 1
8224 8629 1
8631 8630 1
8225 8631 6
8664 8632 8
8342 8632 12
8630 8632 1
9443 8632 1
9500 8632 1
9772 8632 1
8230 8633 3
9500 8633 1
8630 8633 1
8630 8634 1
8922 8634 1
9436 8634 1
9124 8634 4
8342 8634 6
9500 8635 1
8636 8635 2
8630 8635 1
9123 8636 1
8631 8636 1
8230 8637 3
9829 8637 2
8639 8638 5
8479 8639 16
8225 8640 6
9298 8641 1
9886 8641 1
8642 8641 3
9618 8642 1
9299 8642 1
8322 8642 1
8641 8643 3
8642 8643 3
8645 8644 1
9970 8646 1
9895 8646 1
8647 8646 5
9004 8646 1
8644 8646 1
8645 8647 4
8646 8648 5
8649 8648 5
8647 8649 5
8649 8650 5
8646 8650 5
8646 8651 5
8649 8651 6
8653 8652 7
8651 8652 6
8649 8653 6
8652 8654 7
8653 8654 7
8649 8655 5
8646 8655 5
8649 8656 6
8646 8656 5
8646 8657 5
8658 8657 9
9646 8657 1
9951 8657 1
9333 8657 1
9599 8657 1
8645 8658 1
9600 8658 1
8970 8658 2
8647 8658 5
8649 8659 6
8646 8659 5
8659 8660 6
8479 8660 6
8646 8661 5
8649 8661 5
8663 8662 1
8509 8663 6
8662 8664 1
9121 8664 1
9485 8664 1
8682 8664 2
9538 8664 1
9160 8664 1
8609 8664 8
8664 8665 8
8609 8665 10
8730 8665 3
8667 8666 8
8664 8666 8
8609 8667 8
8669 8668 2
8598 8668 1
8639 8670 5
8273 8671 4
8674 8673 1
9667 8674 1
9626 8674 1
9666 8675 1
8674 8675 3
8673 8675 1
8953 8676 4
8675 8676 3
8677 8676 8
9351 8676 1
8949 8677 6
9352 8677 1
8674 8677 3
9096 8678 1
9013 8678 1
8405 8678 6
8675 8678 3
8405 8679 4
8675 8679 3
9686 8679 1
8675 8680 3
8408 8680 3
9112 8681 1
8227 8681 7
9982 8681 1
8889 8681 1
9052 8681 1
9563 8681 1
9732 8681 1
8273 8682 2
9183 8682 1
8685 8684 1
8225 8685 6
8684 8686 1
9971 8686 1
8687 8686 4
9062 8686 1
8685 8687 7
8774 8687 4
9576 8688 2
8686 8688 4
8689 8688 6
8691 8689 4
8687 8689 4
8926 8689 2
8691 8690 4
8686 8690 4
8687 8691 4
8277 8692 1
8684 8692 1
8694 8693 1
8273 8694 4
9845 8695 1
8514 8695 2
8979 8696 2
8325 8697 1
8699 8698 1
8293 8699 1
8386 8699 5
8698 8700 1
8293 8700 2
8255 8701 9
9757 8701 1
8954 8701 2
9714 8701 1
8700 8701 2
9847 8701 2
9170 8701 1
8703 8702 1
8225 8703 6
8702 8704 1
8705 8704 1
8703 8705 7
8707 8706 1
8227 8707 4
8706 8708 1
9977 8708 1
8709 8708 3
8707 8709 2
9089 8710 1
9036 8710 1
8708 8710 3
8230 8710 5
8399 8711 3
9219 8711 1
9517 8711 1
8713 8712 1
8225 8713 6
8712 8714 1
9686 8714 1
8405 8714 3
8714 8715 3
9268 8715 2
8716 8715 8
9909 8715 1
9414 8715 1
8678 8715 1
9210 8716 1
8864 8716 1
8405 8716 7
8554 8716 1
8438 8716 5
8591 8716 1
8483 8716 1
8907 8716 1
8640 8716 1
8389 8717 1
9077 8718 1
9975 8718 1
9182 8718 1
8719 8718 5
9934 8718 1
8717 8718 1
8349 8719 3
8389 8719 2
8717 8720 1
9077 8720 1
8721 8720 3
8389 8721 2
9630 8722 1
8720 8722 3
9359 8722 1
9615 8722 1
8829 8722 1
9518 8722 1
8438 8722 8
8720 8723 3
8438 8723 5
8750 8723 1
9581 8724 1
8716 8724 10
8723 8724 5
9649 8724 1
9601 8724 1
9771 8724 1
9789 8724 1
8389 8725 1
8717 8725 1
8405 8726 8
9539 8726 1
9450 8726 1
8613 8726 1
9686 8726 1
9077 8726 1
9506 8726 1
8717 8726 1
8916 8726 1
8717 8727 1
8397 8727 7
9668 8727 1
9746 8727 1
9938 8727 1
8984 8727 1
9077 8727 1
8920 8727 1
8408 8728 3
8717 8728 1
9077 8728 1
9350 8728 1
8523 8729 2
8984 8729 1
8717 8729 1
9485 8730 1
8273 8730 3
9183 8730 1
9823 8731 1
8732 8731 2
8739 8732 2
8731 8733 2
8734 8733 2
8483 8734 1
8732 8734 2
8739 8734 4
8517 8735 1
8230 8735 2
8737 8736 1
8235 8737 3
8739 8738 1
8734 8740 4
8738 8740 1
9820 8740 1
9601 8740 1
8994 8740 1
8255 8741 4
9236 8742 1
8743 8742 2
8325 8743 1
8465 8744 3
8742 8744 2
8746 8745 3
8744 8745 3
8465 8746 3
8749 8748 1
8273 8749 4
8640 8750 1
8750 8751 1
9648 8751 1
8438 8751 2
8737 8752 1
8433 8753 3
9816 8754 1
8755 8754 8
9966 8754 1
9806 8754 1
9195 8754 1
9206 8754 1
9438 8754 1
9422 8754 1
9191 8755 3
9196 8755 7
8754 8756 8
8755 8756 8
8444 8757 1
8479 8758 4
9669 8759 1
8760 8759 2
8438 8761 3
8759 8761 2
9909 8761 1
8316 8762 4
8316 8763 4
8316 8764 4
8316 8765 4
8316 8766 4
8269 8767 1
8344 8768 1
9279 8769 2
8255 8769 4
9502 8769 2
8768 8769 1
8316 8770 1
8772 8771 1
8774 8773 1
8771 8773 1
8772 8774 1
8774 8775 1
8771 8775 1
8554 8776 1
9264 8777 3
8285 8777 4
8776 8777 1
9319 8778 1
9457 8778 1
8862 8778 1
8277 8778 5
9896 8778 1
8776 8778 1
9789 8779 1
8403 8779 2
8781 8780 10
8887 8780 4
9619 8780 1
8779 8780 2
9947 8780 1
9874 8780 1
9905 8780 1
8369 8781 4
8277 8781 1
8403 8781 2
8903 8781 3
8780 8782 10
8527 8782 11
9635 8782 1
8780 8783 10
9144 8783 2
8278 8783 12
8230 8784 17
8866 8784 1
8881 8784 5
8780 8784 10
8786 8785 1
8227 8786 4
9876 8787 1
9870 8787 1
9878 8787 1
9676 8787 1
9426 8787 1
9506 8787 1
9810 8787 1
9539 8787 1
9487 8787 1
9250 8787 1
8332 8787 22
8793 8787 1
9450 8787 1
9695 8787 1
9350 8787 1
8916 8787 1
9935 8787 1
8885 8787 1
8613 8787 1
9789 8787 1
9291 8787 1
8785 8787 1
9499 8787 1
8332 8788 21
9935 8788 1
9506 8788 1
8613 8788 1
9789 8788 1
8916 8788 1
9539 8788 1
9695 8788 1
8793 8788 1
9878 8788 1
9870 8788 1
8785 8788 1
8885 8788 1
9487 8788 1
9450 8788 1
9876 8788 1
9676 8788 1
9291 8788 1
9426 8788 1
9250 8788 1
9350 8788 1
9810 8788 1
8332 8789 5
8793 8789 1
9350 8789 1
8785 8789 1
9631 8789 1
9708 8789 1
9083 8790 1
8320 8791 1
8791 8792 1
8280 8792 1
8794 8793 1
8227 8794 4
8793 8795 1
8796 8795 2
8794 8796 1
8798 8797 4
8800 8799 1
9950 8801 1
8802 8801 2
8799 8801 1
8800 8802 2
8804 8803 1
9326 8805 1
9507 8805 1
8803 8805 1
9511 8805 1
9623 8805 1
8806 8805 9
9165 8805 1
9129 8805 1
9900 8805 1
9327 8805 1
8804 8806 9
8325 8807 1
8304 8808 3
8278 8809 13
9800 8809 1
9920 8809 1
9854 8809 1
9979 8809 1
8885 8809 1
8881 8809 5
9016 8809 1
9426 8809 1
8811 8810 1
8225 8811 6
9676 8812 1
8810 8812 1
9891 8812 1
8813 8812 5
9085 8812 1
9756 8812 1
8405 8813 3
8811 8813 3
8401 8813 3
8235 8814 3
8815 8816 3
8817 8818 3
8508 8819 1
8822 8820 3
8821 8820 3
8819 8820 1
9674 8820 1
9161 8821 1
8508 8821 4
8255 8821 4
8663 8821 1
8821 8822 3
9674 8822 1
8819 8822 1
9005 8823 3
8822 8823 3
8255 8823 6
8825 8824 1
8479 8825 4
9289 8826 1
9624 8826 1
9609 8826 1
9437 8826 1
9915 8826 1
8856 8826 1
9841 8826 1
9859 8826 1
8824 8826 1
9142 8826 1
9842 8826 1
9537 8826 1
9155 8826 1
9894 8826 1
9164 8826 1
9946 8826 1
9897 8826 1
8827 8826 27
9765 8826 1
9930 8826 1
9787 8826 1
9968 8826 1
9729 8826 1
9644 8826 1
9943 8826 1
9328 8826 1
8930 8826 1
9042 8827 2
8867 8827 2
9109 8827 2
8857 8827 2
9106 8827 2
8825 8827 2
8833 8827 2
8931 8827 2
8478 8827 2
8924 8827 4
8628 8827 2
9107 8827 2
8758 8827 2
9108 8827 2
8826 8828 27
8827 8828 27
8640 8829 1
8459 8830 1
8323 8831 1
8323 8832 1
8831 8832 1
8479 8833 4
8227 8834 4
8836 8835 1
8598 8837 1
9605 8837 2
8235 8839 3
8230 8840 1
8842 8841 3
8533 8843 1
8845 8844 4
9545 8844 1
8403 8846 1
8846 8847 1
8403 8847 1
9938 8848 1
9948 8848 1
8403 8848 6
8846 8848 1
9789 8848 1
9469 8848 1
8848 8849 6
9789 8849 1
8411 8849 1
9608 8849 1
8507 8849 10
9184 8849 1
9334 8849 1
9453 8850 2
8403 8850 8
9948 8850 1
8848 8850 6
8411 8851 1
8848 8851 6
8507 8851 7
9690 8852 1
8853 8852 2
8604 8854 1
8583 8855 1
8854 8855 1
8857 8856 1
8479 8857 4
8685 8858 1
8858 8859 1
8988 8859 1
8992 8859 1
8687 8859 4
9540 8859 1
8325 8860 1
8225 8861 6
8277 8862 1
8864 8863 1
8502 8864 6
8408 8865 6
9192 8865 1
9350 8865 1
8863 8865 1
9771 8865 1
9750 8865 1
9490 8865 1
8334 8866 1
8479 8867 4
8277 8868 1
8369 8869 1
8369 8870 5
9921 8870 1
8869 8870 1
9251 8870 3
9056 8871 1
8361 8871 2
8604 8872 1
9157 8873 1
8872 8873 1
8583 8873 3
9849 8873 1
9157 8874 1
8505 8874 3
8872 8874 1
9849 8874 1
8876 8875 1
8872 8875 1
8604 8876 1
8878 8877 1
8230 8879 1
8877 8879 1
8467 8880 1
9978 8881 1
9531 8881 1
8880 8881 1
8230 8881 5
9734 8881 1
8527 8882 6
8881 8882 5
8917 8882 1
8880 8883 1
9018 8883 4
8369 8883 6
9531 8883 1
8591 8885 1
9291 8886 1
9638 8886 1
8885 8886 1
8230 8886 4
9695 8886 1
9291 8887 1
9789 8887 1
8369 8887 4
8885 8887 1
8885 8888 1
8369 8888 3
9291 8888 1
9799 8888 1
8563 8889 1
8227 8890 4
8227 8891 4
8227 8892 4
8227 8893 4
8227 8894 4
8227 8895 4
8227 8896 4
8227 8897 4
8227 8898 4
8227 8899 4
8227 8900 4
8227 8901 4
8227 8902 4
8227 8903 4
8332 8903 1
8227 8904 4
8225 8905 6
8225 8906 6
8227 8907 4
8318 8908 1
8703 8909 1
8325 8911 1
8913 8912 1
9824 8914 1
9296 8914 1
9415 8914 1
8912 8914 1
8915 8914 4
8764 8915 1
8763 8915 1
8913 8915 2
8713 8916 1
8765 8917 1
8527 8918 1
8917 8918 1
8917 8919 1
8231 8919 2
9572 8919 1
8533 8920 1
8747 8921 1
8245 8922 1
8403 8923 1
8600 8925 1
8691 8926 4
8894 8926 1
8928 8927 4
9639 8928 1
8389 8928 1
9162 8928 3
9845 8929 1
8434 8929 2
8931 8930 1
8479 8931 4
8551 8932 1
8235 8933 3
8512 8933 1
8334 8933 1
8239 8933 1
9786 8933 1
8316 8934 1
8348 8935 1
8548 8935 4
8224 8935 1
8303 8936 1
8663 8937 1
8937 8938 1
9560 8938 1
8509 8938 4
9121 8938 1
8938 8939 4
9020 8939 1
8971 8939 1
8509 8939 8
9986 8939 1
9056 8940 1
8938 8940 4
8956 8940 1
9560 8940 1
9747 8940 1
8973 8940 2
8937 8940 1
8386 8940 20
9670 8940 1
9986 8940 1
8939 8940 8
9121 8940 1
9400 8940 1
9501 8940 1
9863 8940 1
9020 8940 1
9493 8940 1
9384 8940 1
9794 8940 1
9845 8940 1
9056 8941 1
8938 8941 4
8293 8941 12
8973 8941 2
9845 8941 1
9986 8941 1
9493 8941 1
9384 8941 1
9493 8942 1
8973 8942 2
8938 8942 4
8361 8942 9
9986 8942 1
8293 8943 4
9121 8943 1
9560 8943 1
8937 8943 1
8937 8944 1
8821 8944 1
8821 8945 2
8937 8945 1
9562 8946 2
8945 8946 2
9748 8946 2
8255 8946 7
9551 8946 1
9220 8947 1
8907 8947 2
8949 8948 3
8947 8948 2
8609 8949 1
8907 8949 2
8948 8950 3
8677 8950 4
9625 8951 1
8952 8951 5
8950 8951 4
9369 8952 1
8677 8952 8
8949 8953 4
8947 8953 2
9610 8953 1
9020 8954 1
8955 8954 2
8509 8955 1
8255 8955 4
8957 8956 1
8386 8957 5
9863 8958 1
9794 8958 1
8253 8958 3
8253 8959 5
9670 8959 1
8958 8959 3
9501 8959 1
8958 8960 3
9670 8960 1
9501 8960 1
8253 8960 5
9747 8961 1
8958 8961 3
8253 8961 6
9670 8961 1
9400 8961 1
8253 8962 4
8958 8962 3
9670 8962 1
8256 8963 1
8963 8964 1
9903 8964 1
8965 8964 4
9885 8964 1
9128 8964 1
8256 8965 4
8892 8966 1
8968 8967 2
8966 8967 1
9904 8967 1
8892 8968 2
8429 8969 1
8972 8971 1
8509 8972 6
8971 8973 1
8509 8973 2
8893 8974 1
8974 8975 1
9213 8975 1
9763 8975 1
9087 8975 1
9367 8975 1
9344 8975 1
8976 8975 7
9083 8976 1
8691 8976 4
8583 8976 1
8405 8976 1
8893 8976 3
8979 8978 1
8696 8980 2
9848 8980 1
8978 8980 1
8842 8981 3
8334 8981 1
8983 8981 1
8239 8981 1
8982 8981 1
8985 8984 1
8618 8986 1
8401 8986 3
9938 8986 1
8984 8986 1
8369 8987 1
8984 8987 1
8685 8988 1
8427 8989 1
8713 8990 1
8405 8991 1
8990 8991 1
8685 8992 1
8433 8993 3
8739 8994 1
9158 8995 1
8994 8995 1
8996 8995 3
8739 8996 3
8483 8996 1
8994 8997 1
9823 8997 1
8732 8997 2
9601 8998 1
8996 8998 3
8994 8998 1
9823 8998 1
8705 9000 1
9002 9001 1
8273 9002 4
9001 9003 1
8609 9003 1
8645 9004 1
9628 9005 1
8821 9005 3
9486 9005 1
9628 9006 1
8821 9006 4
9486 9006 1
9005 9006 3
9008 9007 1
9007 9009 1
9010 9009 1
9008 9010 3
8551 9011 1
8338 9012 3
9011 9012 1
9152 9012 1
9207 9012 1
8713 9013 1
8459 9014 1
9323 9015 1
8230 9015 2
9017 9016 1
9979 9018 1
9016 9018 1
9920 9018 1
8521 9018 4
9018 9019 4
8521 9019 4
8509 9020 1
8293 9021 2
9020 9021 1
9024 9023 1
9199 9025 1
9023 9025 1
9957 9025 1
9026 9025 5
9460 9025 1
9221 9025 1
9024 9026 4
9552 9026 1
9023 9027 1
9221 9027 1
9028 9027 6
9199 9027 1
9140 9027 2
9460 9027 1
9030 9028 1
9552 9028 1
9024 9028 4
9030 9029 2
9460 9029 1
9023 9029 1
9024 9030 4
9028 9030 2
9023 9031 1
9460 9031 1
9030 9031 2
9030 9032 2
9460 9032 1
9023 9032 1
9030 9033 5
9221 9033 1
9141 9033 3
9023 9033 1
8604 9034 1
9034 9035 1
8583 9035 1
8563 9036 1
8416 9037 1
8521 9038 1
9893 9039 1
9040 9039 2
9038 9039 1
9147 9040 1
8521 9040 1
8316 9041 1
8479 9042 4
8713 9043 1
8416 9044 1
9402 9045 1
8369 9045 2
9045 9046 2
8369 9046 5
9446 9046 3
8521 9047 2
9045 9047 2
8560 9048 1
8255 9049 4
8255 9050 4
9329 9050 1
8255 9051 4
8224 9052 1
9052 9053 1
9719 9053 1
8567 9053 2
9055 9054 3
8957 9056 1
8302 9058 2
8303 9058 1
8639 9059 5
9061 9060 3
8685 9062 1
8416 9063 1
9065 9064 1
8273 9065 4
9766 9066 1
9064 9066 1
9293 9066 1
9485 9066 1
8273 9066 5
8273 9067 8
9766 9067 1
9591 9067 1
9309 9067 1
9833 9067 1
9880 9067 1
9064 9067 1
9293 9067 1
8985 9068 1
9443 9069 1
8342 9069 2
9069 9070 2
8471 9070 3
9443 9071 1
9072 9071 3
9070 9071 3
8631 9072 1
8471 9072 3
9069 9073 2
9789 9073 1
8230 9073 3
8985 9074 1
8401 9075 1
9074 9075 1
8403 9076 9
9074 9076 1
9168 9076 2
9452 9076 1
9174 9076 6
8389 9077 1
9079 9078 2
9077 9078 1
8389 9079 1
9091 9080 1
9078 9080 2
8457 9080 3
9077 9081 1
8389 9081 1
9938 9082 1
9357 9082 1
9077 9082 1
9616 9082 1
9100 9082 1
9553 9082 1
9083 9082 7
8906 9083 4
8389 9083 2
8985 9083 1
8774 9083 4
8285 9084 8
9549 9084 1
9082 9084 7
8405 9085 1
8325 9086 1
8893 9087 1
8235 9088 3
8563 9089 1
9331 9090 1
9092 9091 1
9091 9093 1
8457 9093 1
9831 9094 1
8507 9094 2
8304 9095 3
8713 9096 1
8429 9099 1
9083 9100 1
9100 9101 1
9083 9101 2
9101 9102 2
9103 9102 2
8906 9103 2
9083 9103 5
8285 9104 2
9101 9104 2
8639 9105 5
8479 9106 4
8479 9107 4
8479 9108 4
8479 9109 4
8639 9110 5
8639 9111 5
8563 9112 1
8985 9113 1
8798 9114 4
8798 9115 4
8403 9116 1
8403 9117 1
9116 9117 1
8765 9118 1
9660 9119 1
8316 9119 9
9296 9119 1
9311 9119 1
9824 9119 1
9910 9119 1
9858 9119 1
9906 9119 1
9118 9119 1
9119 9120 9
8318 9120 9
8508 9121 1
9123 9122 1
8245 9123 2
9122 9124 1
9123 9124 4
9827 9124 1
9436 9124 1
9126 9125 1
9125 9127 1
8369 9127 2
9452 9127 1
8256 9128 1
8804 9129 1
8467 9130 1
9132 9131 1
9216 9132 3
8477 9133 1
9131 9133 1
9397 9134 1
8507 9134 5
9768 9134 1
9212 9134 1
9276 9134 1
8603 9135 5
9134 9135 5
9002 9136 1
8325 9137 1
9468 9138 1
8239 9138 3
9699 9138 1
9501 9139 1
8293 9139 7
9400 9139 1
9747 9139 1
9863 9139 1
9794 9139 1
9670 9139 1
9957 9140 1
9028 9140 2
9140 9141 2
9030 9141 3
9042 9142 1
8890 9143 1
9145 9144 2
9143 9144 1
8890 9145 1
8348 9146 2
8389 9146 1
8527 9147 4
8277 9147 2
9268 9148 2
8369 9148 3
9581 9149 1
9148 9149 3
9921 9149 1
9963 9149 1
8369 9149 6
9150 9151 3
8551 9152 1
9374 9153 1
9908 9153 1
8579 9153 3
8444 9154 1
8825 9155 1
8325 9156 1
8604 9157 1
8996 9158 1
8898 9159 1
9161 9160 1
8509 9161 6
9639 9162 2
8478 9164 1
8804 9165 1
9166 9167 3
8403 9168 2
9452 9168 1
9168 9169 2
8369 9169 3
8293 9170 1
8408 9171 4
8591 9173 1
9731 9174 1
9884 9174 1
9173 9174 1
8369 9174 6
9799 9174 1
9814 9174 1
9731 9175 1
8369 9175 4
9173 9175 1
9295 9175 1
8403 9176 1
9452 9177 1
9478 9177 1
9176 9177 1
9455 9177 4
8403 9177 6
9578 9177 2
9577 9177 1
8273 9178 4
8591 9179 1
8227 9180 6
9179 9180 1
9987 9180 1
9730 9180 1
9789 9180 1
9184 9180 1
9334 9180 1
9179 9181 1
8369 9181 1
8349 9182 1
9178 9183 1
8897 9184 1
9789 9185 1
9901 9185 1
8227 9185 11
9334 9185 1
9732 9185 1
9864 9185 1
9768 9185 1
9276 9185 1
9397 9185 1
9469 9185 1
9764 9185 1
9184 9185 1
8507 9186 1
9184 9186 1
9198 9188 2
9187 9188 1
8325 9189 1
8293 9190 1
8864 9192 1
9194 9193 1
9690 9194 1
9380 9194 2
9196 9195 1
8273 9197 2
9611 9197 1
9024 9199 1
9030 9200 1
9199 9200 1
9202 9201 1
9199 9201 1
9024 9202 1
9199 9203 1
9202 9203 1
9199 9204 1
9202 9204 1
9196 9206 1
8551 9207 1
9520 9208 1
8283 9208 2
9207 9208 1
8316 9209 1
8273 9210 4
8507 9212 1
9083 9213 1
8790 9214 1
9213 9214 1
9213 9215 1
9083 9215 1
9218 9217 1
8395 9219 1
8907 9220 1
9024 9221 1
9221 9222 1
9223 9222 1
9024 9223 1
9223 9224 1
9221 9224 1
9221 9225 1
9223 9225 1
9221 9226 1
9223 9226 1
9223 9227 1
9221 9227 1
9408 9228 1
8255 9228 3
9693 9228 1
9561 9229 2
8255 9229 8
9421 9229 1
9228 9229 3
9748 9229 2
8361 9230 1
8264 9231 1
9233 9232 1
9231 9232 1
8264 9233 1
8904 9234 1
9670 9235 1
8386 9235 2
8325 9236 1
9236 9237 1
8465 9237 1
8743 9238 1
9236 9238 1
9239 9240 4
9239 9241 4
8304 9242 3
9244 9243 1
8835 9243 1
8334 9245 1
9718 9246 1
9245 9246 1
9536 9246 1
9929 9246 1
8334 9246 4
8316 9247 1
9475 9249 1
9473 9249 1
8591 9250 1
8369 9251 3
9876 9251 1
9250 9251 1
9921 9252 1
8369 9252 5
9251 9252 3
9581 9252 1
8741 9253 1
8306 9255 2
9123 9256 2
9789 9257 1
8227 9257 2
8389 9258 1
9258 9259 1
9871 9259 1
8230 9259 2
9631 9260 1
9708 9260 1
9258 9260 1
9146 9260 4
9260 9261 4
8284 9261 4
9260 9262 4
9708 9262 1
9146 9262 5
9262 9263 5
8284 9263 5
9083 9264 3
9258 9264 1
9616 9264 1
9103 9265 3
9264 9265 3
8567 9266 1
9258 9266 1
9258 9267 1
8567 9267 2
9469 9267 1
8405 9268 2
9258 9268 1
9268 9269 2
8369 9269 2
9641 9270 3
9918 9270 1
8928 9270 5
9258 9270 1
9272 9271 1
9258 9271 1
8389 9272 1
9641 9273 3
8928 9273 4
9258 9273 1
9092 9274 1
8457 9275 2
9274 9275 1
8522 9276 1
9276 9277 1
8289 9277 3
9768 9277 1
8253 9279 2
9501 9279 1
8255 9280 3
9279 9280 2
9502 9280 2
9931 9281 1
8369 9281 5
9396 9281 1
9936 9281 1
9685 9281 1
9281 9282 5
8369 9282 6
9481 9282 1
9284 9283 3
9286 9285 1
9747 9287 1
8253 9287 2
8325 9288 1
9106 9289 1
8408 9290 4
8591 9291 1
9065 9293 1
8325 9294 1
8591 9295 1
8764 9296 1
9824 9297 1
9660 9297 1
9906 9297 1
9296 9297 1
8316 9297 5
9299 9298 1
9923 9300 1
9298 9300 1
8642 9300 2
8642 9301 3
9298 9301 1
9923 9301 1
8642 9302 1
9298 9302 1
9923 9303 1
8642 9303 2
9298 9303 1
8642 9304 1
9298 9304 1
8224 9305 1
9708 9306 1
8935 9306 3
9305 9306 1
8467 9307 1
8671 9309 1
9309 9310 1
9591 9310 1
9833 9310 1
8273 9310 4
8306 9311 1
9362 9312 1
8342 9312 3
9311 9312 1
9858 9312 1
8891 9313 1
9314 9315 3
8772 9317 1
8253 9318 2
9794 9318 1
9320 9319 1
8369 9321 4
9498 9321 1
9829 9321 2
9362 9322 1
8405 9322 2
9324 9323 1
8230 9325 2
9944 9325 1
9323 9325 1
8804 9326 1
8804 9327 1
8857 9328 1
8386 9329 5
8316 9330 1
8433 9331 3
8970 9333 1
8905 9334 1
9336 9335 1
9334 9335 1
8905 9336 1
8507 9337 2
9334 9337 1
9948 9337 1
8899 9338 1
9338 9339 1
9892 9339 1
8290 9339 3
8291 9340 1
9340 9341 1
8567 9341 1
9340 9342 1
8283 9342 1
8344 9343 2
9384 9343 1
8583 9344 1
8821 9345 1
8554 9347 1
8230 9348 2
9362 9348 1
9347 9348 1
8325 9349 1
8864 9350 1
9352 9351 1
8510 9352 4
8386 9352 5
9480 9353 1
9351 9353 1
8677 9353 3
8952 9354 3
9353 9354 3
9891 9355 1
8403 9355 2
8906 9357 1
9504 9358 1
9553 9358 1
9083 9358 3
9357 9358 1
8640 9359 1
8467 9360 1
9002 9361 1
8306 9362 1
9362 9363 1
8401 9363 1
9365 9364 1
9362 9364 1
8306 9365 1
9887 9366 1
8342 9366 2
9362 9366 1
8893 9367 1
9369 9368 1
9368 9370 1
8952 9370 1
8952 9371 1
9368 9371 1
8631 9372 1
8342 9373 1
9372 9373 1
9375 9374 1
8821 9376 1
8277 9377 1
9377 9378 1
9720 9378 1
8277 9378 2
9147 9379 1
9377 9379 1
8467 9381 1
9255 9382 1
8446 9382 2
9329 9384 1
8361 9385 2
9384 9385 1
8344 9386 1
9384 9386 1
8344 9387 1
9384 9387 1
8293 9388 2
9384 9388 1
9384 9389 1
9050 9389 2
9384 9390 1
8361 9390 2
8277 9391 1
9391 9392 1
9147 9392 1
9391 9393 1
9147 9393 1
8600 9394 1
9394 9395 1
8925 9395 1
8591 9396 1
8522 9397 1
8289 9398 2
9397 9398 1
9398 9399 2
8283 9399 2
8972 9400 1
8253 9401 1
9400 9401 1
8591 9402 1
9402 9403 1
8332 9403 4
9916 9403 1
9676 9403 1
9441 9403 1
8519 9404 3
9402 9404 1
9916 9404 1
9441 9404 1
8716 9405 1
9402 9405 1
8325 9406 1
8821 9408 1
9408 9409 1
8255 9409 1
9408 9410 1
8821 9410 1
8401 9411 1
8813 9412 2
9783 9412 1
9411 9412 1
8713 9413 1
8405 9414 3
9413 9414 1
9749 9414 1
8913 9415 1
8277 9416 1
9416 9417 1
8277 9417 1
8834 9418 1
8369 9419 4
9418 9419 1
9884 9419 1
9850 9419 1
9452 9419 1
9452 9420 1
9789 9420 1
9418 9420 1
8403 9420 5
9577 9420 1
9478 9420 1
8821 9421 1
9196 9422 1
8640 9423 1
9423 9424 1
8438 9424 1
8444 9425 1
8834 9426 1
9426 9427 1
9978 9427 1
8403 9427 3
9734 9427 1
8403 9428 1
9426 9428 1
8416 9429 1
8329 9430 1
9432 9431 1
9840 9433 1
9431 9433 1
9434 9433 2
9432 9434 2
8325 9435 1
8245 9436 1
9107 9437 1
9196 9438 1
9440 9439 3
8703 9441 1
9659 9442 1
9919 9442 1
8705 9442 4
9441 9442 1
9882 9442 1
8631 9443 1
8591 9445 1
9737 9446 1
9445 9446 1
8369 9446 3
9641 9447 3
9445 9447 1
9789 9447 1
9452 9447 1
9829 9447 2
8369 9447 8
8277 9448 1
9448 9449 1
8277 9449 1
8713 9450 1
8329 9451 1
8985 9452 1
8401 9453 2
9452 9453 1
8369 9454 2
9453 9454 2
9452 9455 1
8403 9455 4
9578 9455 2
9577 9456 1
9452 9456 1
8369 9456 2
8554 9457 1
8444 9459 1
9024 9460 1
9030 9461 1
9460 9461 1
9460 9462 1
9030 9462 1
9030 9463 1
9460 9463 1
9030 9464 1
9460 9464 1
9030 9465 1
9460 9465 1
9460 9466 1
9030 9466 1
8713 9467 1
8237 9468 1
8224 9469 1
9469 9470 1
9732 9470 1
8629 9470 2
8369 9471 1
9921 9472 1
9471 9472 1
8369 9472 4
9656 9472 2
9474 9475 3
9477 9476 1
8235 9477 3
8834 9478 1
9218 9479 1
8949 9480 1
8369 9481 1
8235 9482 3
9008 9483 1
9010 9484 1
9483 9484 1
9065 9485 1
8508 9486 1
8834 9487 1
9487 9488 1
8403 9488 1
8749 9489 1
8864 9490 1
8551 9491 1
9491 9492 1
8338 9492 1
9352 9493 1
8325 9494 1
9496 9495 1
9495 9497 1
9496 9497 1
8591 9498 1
9017 9499 1
9123 9500 1
8972 9501 1
8253 9502 2
9501 9502 1
8906 9504 1
8433 9505 3
8713 9506 1
8804 9507 1
8325 9509 1
8444 9510 1
8804 9511 1
8416 9512 1
8364 9513 1
9513 9514 1
9801 9514 3
8364 9514 4
9516 9515 2
9690 9515 1
8533 9517 1
8640 9518 1
9218 9519 1
8999 9520 1
9987 9521 1
9730 9521 1
9522 9521 3
9520 9521 1
8999 9522 1
8900 9522 2
8560 9523 1
8329 9525 1
8416 9526 1
9171 9530 1
8467 9531 1
8952 9532 1
9532 9533 1
8340 9533 1
9475 9534 1
9534 9535 1
9249 9535 1
8521 9536 1
8833 9537 1
9002 9538 1
8713 9539 1
8685 9540 1
9008 9541 1
9010 9542 1
9541 9542 1
8446 9543 2
9255 9543 1
9545 9544 1
9544 9546 1
8844 9546 1
8316 9547 1
9529 9549 1
8281 9550 1
9549 9550 1
8293 9551 1
8906 9553 1
9103 9554 2
9553 9554 1
9616 9554 1
8554 9556 3
9838 9556 2
9556 9557 3
8230 9557 4
9556 9558 3
9559 9558 3
8554 9559 3
9161 9560 1
9560 9561 1
8821 9561 2
9560 9562 1
8821 9562 2
8901 9563 1
8432 9564 2
9982 9564 1
9563 9564 1
9938 9566 1
9068 9566 2
9566 9567 2
8380 9567 2
9569 9568 3
8416 9570 1
8604 9571 1
9515 9572 1
8459 9573 1
8405 9574 1
8894 9575 1
9575 9576 1
8926 9576 2
8899 9577 1
9577 9578 1
8290 9578 2
9210 9581 1
9581 9582 1
8273 9582 1
9581 9583 1
8369 9583 1
9629 9584 1
8471 9584 2
9586 9585 1
8234 9587 1
9810 9588 1
8369 9588 3
9870 9588 1
9587 9588 1
9103 9589 1
9589 9590 1
9103 9590 1
8671 9591 1
8230 9592 1
9592 9593 1
8446 9593 1
9592 9594 1
8446 9594 1
8446 9595 1
9592 9595 1
9592 9596 1
8446 9596 1
9592 9597 1
8230 9597 1
9592 9598 1
8446 9598 1
9600 9599 1
9652 9600 2
9690 9600 1
8483 9601 1
9823 9602 1
8734 9602 2
9601 9602 1
9049 9603 1
8293 9604 1
8631 9606 1
9606 9607 1
8264 9607 1
8277 9608 1
9108 9609 1
8609 9610 1
8749 9611 1
9613 9612 2
9633 9612 1
9611 9612 1
8895 9613 1
8749 9613 1
8640 9615 1
8906 9616 1
9616 9617 1
9103 9617 1
8903 9619 1
9905 9620 1
9874 9620 1
8369 9620 4
9619 9620 1
9620 9621 4
8521 9621 4
9620 9622 4
8521 9622 4
8804 9623 1
8833 9624 1
8677 9625 1
8668 9627 1
8508 9628 1
8471 9629 1
8640 9630 1
8348 9631 1
8369 9632 2
9708 9632 1
9631 9632 1
8895 9633 1
9633 9634 1
8403 9634 1
8765 9635 1
8527 9636 1
9635 9636 1
9635 9637 1
8278 9637 1
9639 9638 1
9638 9640 1
9807 9640 1
8366 9640 2
9638 9641 1
9807 9641 1
9162 9641 3
8405 9642 4
9809 9642 1
9686 9642 1
9804 9642 1
9042 9644 1
9579 9645 1
8645 9646 1
8429 9647 1
8436 9648 1
8554 9649 1
8403 9650 1
9650 9651 1
8403 9651 1
8906 9653 1
9690 9654 1
9655 9654 2
8405 9656 2
9780 9656 1
8369 9657 2
9656 9657 2
9656 9658 2
8369 9658 2
8703 9659 1
8762 9660 1
9660 9661 1
8351 9661 1
8507 9662 1
9784 9663 1
8507 9663 3
9662 9663 1
8838 9664 3
9171 9665 1
9667 9666 1
8533 9668 1
8760 9669 1
8972 9670 1
8255 9671 1
9670 9671 1
8386 9672 1
8386 9673 1
9672 9673 1
8508 9674 1
8811 9676 1
8325 9677 1
9679 9678 1
8230 9680 1
8565 9681 1
9681 9682 1
8280 9682 1
9002 9683 1
8273 9684 1
9683 9684 1
8591 9685 1
8713 9686 1
9686 9687 1
8405 9687 1
8224 9688 1
8835 9691 1
9243 9692 1
9691 9692 1
8821 9693 1
8467 9695 1
8318 9696 1
8908 9697 1
9696 9697 1
8908 9698 1
9696 9698 1
8237 9699 1
8446 9700 1
9255 9700 1
8446 9701 2
9255 9701 1
9255 9702 1
8446 9702 1
9255 9703 1
8446 9703 2
9703 9704 2
8446 9704 2
9255 9705 1
8342 9705 2
8507 9706 1
9706 9707 1
8507 9707 1
8348 9708 1
9708 9709 1
8935 9709 1
9708 9710 1
8277 9710 1
8806 9712 1
9315 9713 1
8255 9714 1
9714 9715 1
8255 9715 1
8277 9716 1
9716 9717 1
8277 9717 1
9147 9718 1
9008 9719 1
9147 9720 1
9147 9721 1
9720 9721 1
8703 9722 1
9722 9723 1
8705 9723 2
9738 9723 1
8556 9724 3
9860 9724 1
9722 9724 1
9738 9724 1
8269 9725 1
8386 9726 1
8369 9728 1
8628 9729 1
8900 9730 1
8591 9731 1
8896 9732 1
8467 9734 1
8227 9735 2
9734 9735 1
9978 9735 1
9978 9736 1
8364 9736 2
9734 9736 1
8369 9737 1
8703 9738 1
9738 9739 1
8556 9739 1
8459 9740 1
8762 9742 1
8316 9743 3
9742 9743 1
8325 9744 1
8395 9746 1
8972 9747 1
9747 9748 1
8253 9748 2
8713 9749 1
8864 9750 1
8521 9751 1
9167 9752 1
9752 9753 1
9167 9753 1
9331 9754 1
9754 9755 1
9090 9755 1
8401 9756 1
8293 9757 1
8302 9758 1
9058 9759 3
9802 9759 1
9758 9759 1
9898 9759 1
9898 9760 1
9802 9760 1
9758 9760 1
9058 9760 3
8713 9761 1
9218 9762 1
8405 9763 1
8224 9764 1
8931 9765 1
9065 9766 1
8325 9767 1
8522 9768 1
8325 9769 1
8325 9770 1
8864 9771 1
8631 9772 1
8898 9773 1
9773 9774 1
8288 9774 1
9773 9775 1
9159 9775 1
8403 9777 1
9777 9778 1
8403 9778 2
9815 9778 1
9777 9779 1
8364 9779 1
8389 9780 1
9782 9781 1
8405 9783 1
9529 9784 1
9107 9787 1
8907 9789 1
9439 9790 1
9790 9791 1
9792 9791 1
9439 9792 1
8901 9793 1
8972 9794 1
8386 9795 1
9794 9795 1
9324 9796 1
8591 9799 1
9689 9800 1
8364 9801 3
9854 9801 1
9800 9801 1
8302 9802 1
9782 9803 1
8551 9804 1
8325 9805 1
9196 9806 1
9639 9807 1
8563 9808 1
8713 9809 1
8591 9810 1
8639 9811 2
9913 9811 1
9913 9812 1
9811 9812 2
8639 9812 2
8821 9813 1
8591 9814 1
8403 9815 3
9843 9815 2
9196 9816 1
8694 9817 1
8401 9818 1
9818 9819 1
9949 9819 1
8813 9819 2
8739 9820 1
9820 9821 1
8438 9821 1
9820 9822 1
8996 9822 1
8739 9823 1
8763 9824 1
8325 9825 1
9147 9826 1
8245 9827 1
8891 9828 1
9938 9829 1
9113 9829 2
9529 9831 1
8279 9832 1
9831 9832 1
8671 9833 1
9473 9834 1
9249 9835 1
9834 9835 1
8325 9837 1
9898 9838 1
8936 9838 2
8416 9839 1
9432 9840 1
8867 9841 1
8628 9842 1
9850 9843 1
8403 9843 2
9352 9845 1
9845 9846 1
8361 9846 2
9845 9847 1
8434 9847 2
8979 9848 1
8604 9849 1
9654 9850 1
8403 9851 1
9850 9851 1
8277 9852 1
9689 9854 1
9797 9856 1
8264 9857 1
9856 9857 1
8306 9858 1
8758 9859 1
8902 9860 1
9123 9861 1
9861 9862 1
9256 9862 1
8386 9863 1
8861 9864 1
8816 9865 1
9865 9866 1
8386 9866 1
9865 9867 1
8386 9867 1
8369 9868 1
8369 9869 1
9868 9869 1
8591 9870 1
8467 9871 1
8230 9872 1
9871 9872 1
8325 9873 1
8903 9874 1
9308 9875 1
8591 9876 1
9051 9877 1
8903 9878 1
8269 9880 1
8325 9881 1
8703 9882 1
8591 9884 1
8256 9885 1
8322 9886 1
9123 9887 1
9887 9888 1
9256 9888 1
9522 9889 1
8811 9891 1
8899 9892 1
9147 9893 1
8478 9894 1
8645 9895 1
9320 9896 1
9109 9897 1
8303 9898 1
8342 9899 1
9898 9899 1
8804 9900 1
8560 9901 1
8891 9902 1
8256 9903 1
8892 9904 1
8903 9905 1
8762 9906 1
9375 9908 1
8640 9909 1
8765 9910 1
8852 9911 1
8507 9912 1
9911 9912 1
8639 9913 1
8639 9914 2
9913 9914 1
9983 9914 1
8758 9915 1
8591 9916 1
9916 9917 1
8369 9917 1
9639 9918 1
8703 9919 1
9017 9920 1
9171 9921 1
8604 9922 1
9618 9923 1
9923 9924 1
8321 9924 1
9923 9925 1
8321 9925 1
8642 9926 1
9923 9926 1
8640 9927 1
8438 9928 1
9927 9928 1
8364 9929 1
9108 9930 1
8591 9931 1
8416 9932 1
8349 9934 1
8563 9935 1
8591 9936 1
8293 9937 1
8985 9938 1
8230 9939 1
9938 9939 1
8507 9940 1
9109 9943 1
8467 9944 1
8867 9946 1
8277 9947 1
8999 9948 1
8405 9949 1
8800 9950 1
8970 9951 1
8342 9952 1
9315 9953 1
9953 9954 1
9713 9954 1
8269 9955 1
8560 9956 1
9552 9957 1
8416 9958 1
9163 9959 1
9961 9960 1
9959 9960 1
9163 9961 1
8837 9962 1
8369 9963 1
9178 9964 1
8316 9965 1
9196 9966 1
9689 9967 1
9106 9968 1
9477 9969 1
8645 9970 1
8685 9971 1
8521 9972 1
9972 9973 1
8521 9973 1
8891 9974 1
8349 9975 1
8631 9976 1
8707 9977 1
8467 9978 1
9017 9979 1
8325 9980 1
8713 9981 1
8901 9982 1
8639 9983 1
8560 9984 1
8325 9985 1
8509 9986 1
8900 9987 1
9522 9988 1
9987 9988 1
