1584 1275 1
1898 1275 1
1497 1493 1
1496 1493 2
1495 1493 2
1582 1493 1
1492 1494 1
1579 1498 1
1499 1498 3
1578 1498 1
1493 1580 1
1581 1580 3
1497 1580 1
1696 1582 1
1583 1582 2
1585 1584 2
1498 1584 2
1499 1585 3
1586 1585 4
1493 1586 1
1578 1587 1
1499 1587 3
1698 1587 1
1697 1587 2
1588 1587 1
1699 1587 1
1585 1690 1
1690 1691 1
1584 1691 1
1582 1692 1
1493 1693 1
1692 1693 1
1498 1694 1
1694 1695 1
1584 1695 2
1700 1695 1
1498 1700 1
1493 1701 1
1701 1896 1
1586 1896 1
1580 1897 1
1701 1897 1
1585 1898 1
