3191 3072 1
3185 3072 1
3076 3075 3
3183 3077 1
3089 3078 1
3181 3078 2
3183 3079 1
3077 3080 1
3079 3080 1
3178 3081 1
3175 3082 1
3175 3083 1
3082 3083 1
3188 3085 1
3181 3086 2
3085 3086 1
3089 3086 1
3181 3087 2
3085 3087 1
3089 3087 1
3178 3089 1
3081 3090 1
3089 3090 1
3089 3091 1
3181 3091 1
3089 3092 1
3181 3092 1
3174 3175 1
3088 3175 2
3176 3175 4
3181 3176 5
3084 3178 1
3179 3178 2
3181 3180 5
3189 3180 2
3089 3180 1
3078 3180 2
3190 3180 2
3178 3181 1
3188 3181 1
3180 3182 5
3176 3182 5
3184 3183 3
3186 3185 2
3175 3185 1
3073 3188 2
3187 3188 1
3089 3189 1
3181 3189 2
3181 3190 2
3089 3190 1
3175 3191 1
