4810 4809 1
4825 4810 1
4826 4810 1
4820 4810 1
4822 4810 1
4818 4810 1
4823 4810 1
4821 4810 1
4819 4810 2
4824 4810 1
4817 4810 2
4816 4810 3
4812 4811 1
4809 4811 1
4840 4812 1
4838 4812 1
4828 4812 1
4810 4812 3
4871 4813 2
4812 4813 3
4809 4813 1
4815 4814 1
4860 4817 1
4869 4817 1
4823 4817 1
4832 4817 1
4816 4817 3
4852 4827 2
4857 4827 2
4810 4828 1
4941 4828 1
4829 4828 2
4810 4830 1
4830 4831 1
4832 4831 2
4885 4831 1
4810 4832 8
4868 4832 4
4817 4832 1
4834 4833 1
4830 4833 1
4874 4834 4
4848 4834 4
4873 4834 1
4861 4834 2
4810 4834 2
4836 4835 1
4830 4835 1
4838 4836 2
4868 4836 3
4810 4836 2
4828 4836 1
4834 4836 6
4830 4837 1
4838 4837 1
4873 4838 1
4861 4838 2
4810 4838 2
4832 4839 2
4830 4839 1
4911 4839 1
4841 4840 2
4902 4840 1
4853 4842 1
4843 4842 2
4840 4844 1
4812 4845 1
4844 4845 1
4844 4846 1
4812 4846 1
4848 4847 1
4844 4847 1
4840 4848 1
4844 4849 1
4848 4849 1
4844 4850 1
4848 4850 1
4844 4851 1
4848 4851 1
4908 4852 1
4909 4852 1
4855 4852 2
4853 4852 3
4854 4852 2
4857 4856 1
4909 4857 3
4853 4857 3
4908 4857 3
4856 4858 1
4903 4858 1
4827 4858 2
4853 4859 3
4821 4859 1
4817 4860 1
4873 4860 1
4861 4860 3
4834 4862 1
4862 4863 1
4834 4863 2
4834 4864 4
4911 4864 1
4863 4864 2
4836 4865 7
4953 4865 1
4944 4865 1
4864 4865 4
4949 4865 1
4838 4866 1
4911 4867 1
4812 4867 2
4866 4867 1
4812 4871 2
4911 4871 1
4871 4872 2
4812 4872 2
4810 4875 1
4812 4876 1
4875 4876 1
4812 4877 2
4875 4877 1
4911 4877 1
4911 4878 1
4875 4878 1
4812 4878 2
4880 4879 1
4875 4879 1
4810 4880 1
4880 4881 1
4875 4881 1
4853 4884 3
4817 4885 1
4893 4886 2
4832 4886 3
4885 4886 1
4832 4887 3
4893 4887 2
4885 4887 1
4893 4888 2
4885 4888 1
4832 4888 3
4911 4889 1
4832 4889 2
4885 4889 1
4832 4890 1
4885 4890 1
4885 4891 1
4832 4891 1
4885 4892 1
4832 4892 1
4952 4893 1
4885 4893 1
4810 4893 7
4911 4893 1
4895 4894 9
4893 4894 7
4810 4895 7
4897 4896 9
4894 4896 9
4895 4897 9
4832 4898 7
4893 4898 7
4852 4899 1
4899 4900 1
4951 4900 1
4827 4900 2
4852 4903 1
4834 4904 1
4904 4905 1
4836 4905 2
4944 4905 1
4812 4906 2
4911 4906 1
4812 4907 2
4906 4907 2
4810 4911 1
4911 4912 1
4812 4912 1
4832 4913 1
4911 4913 1
4838 4914 1
4911 4914 1
4812 4915 1
4911 4915 1
4911 4916 1
4834 4916 1
4832 4917 1
4911 4917 1
4911 4918 1
4832 4918 1
4911 4919 1
4812 4919 1
4812 4920 1
4911 4920 1
4911 4921 1
4832 4921 1
4832 4922 1
4911 4922 1
4832 4923 1
4911 4923 1
4911 4924 1
4832 4924 1
4911 4925 1
4812 4925 1
4911 4926 1
4810 4926 1
4834 4927 1
4911 4927 1
4911 4928 1
4812 4928 1
4812 4929 2
4911 4929 1
4947 4929 1
4911 4930 1
4836 4930 2
4947 4930 1
4947 4931 1
4911 4931 1
4836 4931 2
4836 4932 2
4947 4932 1
4911 4932 1
4834 4933 1
4911 4933 1
4838 4934 1
4911 4934 1
4911 4935 1
4828 4935 1
4911 4936 1
4828 4936 1
4812 4937 1
4911 4937 1
4834 4938 1
4911 4938 1
4817 4939 1
4939 4940 1
4860 4940 1
4943 4942 1
4834 4944 1
4836 4945 2
4944 4945 1
4953 4945 1
4828 4947 1
4828 4948 1
4947 4948 1
4838 4949 1
4857 4951 1
4817 4952 1
4838 4953 1
