14991 12726 1
14939 12726 5
12727 12726 13
15119 12726 5
15060 12726 8
14931 12726 5
15008 12726 6
15120 12726 1
15664 12728 1
15429 12729 1
15110 12729 1
12728 12729 1
12730 12729 18
14806 12729 12
15323 12729 1
15068 12729 12
14807 12730 12
14837 12730 2
15014 12730 2
15664 12730 2
14809 12730 12
12732 12731 1
14799 14798 1
12731 14798 1
12732 14799 16
15664 14799 10
15037 14800 10
12731 14800 1
14799 14800 11
12732 14801 1
14799 14802 1
14801 14802 1
15037 14803 10
14801 14803 1
14799 14803 11
14805 14804 1
15375 14806 1
15392 14806 1
15228 14806 1
15226 14806 1
15168 14806 1
15195 14806 1
14807 14806 13
15193 14806 1
15066 14806 1
14804 14806 1
15177 14806 1
15188 14806 1
15115 14807 1
15114 14807 1
14875 14807 11
15092 14807 4
14805 14807 11
14849 14807 1
14837 14807 11
14822 14807 1
14808 14809 3
15320 14809 2
14805 14809 11
14810 14809 1
15052 14809 1
14909 14811 4
15014 14811 6
14822 14811 2
14807 14811 8
12732 14812 1
14799 14813 1
14812 14813 1
15037 14814 10
14812 14814 1
14799 14814 11
12732 14815 1
14815 14816 1
14799 14816 1
14815 14817 1
14799 14817 11
15037 14817 10
15221 14818 1
14819 14818 2
14830 14819 3
14996 14819 3
14907 14819 1
14819 14820 7
14920 14820 5
14818 14820 2
15388 14821 1
14822 14821 10
15265 14821 1
15240 14821 1
14820 14821 7
14883 14822 19
14809 14822 13
14819 14822 7
14907 14822 1
12727 14822 3
14805 14822 1
15191 14822 1
14824 14823 14
15265 14823 1
14820 14823 7
14855 14823 5
15107 14823 1
14819 14824 7
14856 14824 5
15108 14824 1
15191 14824 1
14836 14825 2
15199 14825 1
15035 14825 5
15379 14825 1
14838 14825 27
15016 14825 4
15325 14825 1
15321 14825 1
15366 14825 1
15284 14825 1
15277 14825 1
15184 14825 1
15126 14825 1
15274 14825 1
15124 14825 1
14826 14825 47
15360 14825 1
14806 14825 1
14938 14825 1
14931 14826 1
14839 14826 27
15014 14826 1
14807 14826 5
15036 14826 5
15119 14826 2
14837 14826 2
15008 14826 2
14926 14826 2
14822 14826 1
15060 14826 2
14883 14826 2
14841 14826 1
14939 14826 1
15092 14826 3
15277 14827 1
14840 14827 34
14826 14827 56
15326 14827 1
15325 14827 1
15274 14827 1
14825 14827 47
15253 14827 1
14948 14827 8
15065 14827 2
15281 14827 2
15126 14827 1
14811 14828 14
14806 14828 1
14916 14828 7
15266 14828 2
15328 14828 4
14976 14829 4
14830 14829 3
12732 14831 1
14799 14832 1
14831 14832 1
14831 14833 1
14799 14833 11
15037 14833 10
14835 14834 1
14834 14836 1
14837 14836 2
14911 14837 6
14909 14837 4
15665 14837 4
14835 14837 1
15365 14838 1
14912 14838 6
15431 14838 1
15394 14838 1
15196 14838 1
15279 14838 5
15402 14838 1
14836 14838 2
14929 14838 1
14839 14838 27
15162 14838 1
15163 14838 1
15274 14838 1
15154 14838 1
15217 14838 1
15266 14838 2
14822 14839 8
15060 14839 1
14837 14839 18
15014 14839 5
15379 14840 1
14944 14840 1
14826 14840 34
15326 14840 1
15016 14840 4
14838 14840 27
14836 14840 2
15008 14841 1
14809 14841 1
14883 14841 3
15119 14841 1
14980 14841 6
15234 14841 2
14842 14841 4
14870 14841 1
15134 14841 2
15012 14842 24
14844 14843 2
15393 14843 1
14809 14845 1
14847 14846 2
14845 14846 1
14809 14847 1
15223 14847 3
14849 14848 2
14846 14848 2
15223 14849 3
14847 14849 2
14849 14850 2
14846 14850 2
15351 14851 1
15253 14851 1
14882 14851 1
14822 14851 4
14851 14852 4
15098 14852 1
15260 14852 1
15083 14852 13
14853 14852 19
14822 14853 23
14841 14853 6
14939 14853 1
14883 14853 1
15008 14853 1
15234 14853 2
15119 14853 1
14980 14853 1
12726 14853 1
14870 14853 1
15023 14853 3
15060 14853 1
14931 14853 1
14839 14854 5
15346 14854 1
14851 14854 4
14856 14855 5
14942 14855 3
15019 14855 2
14830 14856 3
14991 14856 2
14824 14857 7
14855 14857 5
15107 14857 1
15265 14857 1
14822 14858 5
14911 14858 5
15191 14858 1
15014 14858 1
15664 14858 1
14837 14858 6
14860 14859 3
14841 14861 2
15322 14861 1
14853 14862 4
14861 14862 2
15235 14862 2
15032 14863 1
15383 14863 2
14861 14863 2
15125 14863 1
14864 14863 14
15266 14863 2
15301 14863 1
14981 14863 4
14991 14864 1
12726 14864 3
14875 14864 10
15119 14864 2
15008 14864 1
15060 14864 3
14939 14864 2
14841 14864 9
14822 14864 2
14931 14864 2
14863 14865 14
14866 14865 14
14976 14866 3
15158 14866 2
14864 14866 14
15014 14866 2
15092 14866 6
14829 14866 5
15052 14866 1
14866 14867 14
14863 14867 14
14866 14868 14
14863 14868 14
14870 14869 1
15055 14870 1
15200 14871 1
15020 14871 1
14869 14871 1
14872 14871 4
15194 14871 1
15021 14872 1
15023 14872 3
14870 14872 2
15033 14872 1
14869 14873 1
15022 14873 3
14872 14873 5
15200 14873 1
14882 14874 1
14869 14874 1
15169 14874 1
15007 14874 1
15360 14874 1
15367 14874 1
15253 14874 1
15351 14874 1
14875 14874 10
15166 14874 1
15008 14875 3
14991 14875 2
14996 14875 1
15149 14875 1
14883 14875 4
14976 14875 3
15142 14875 5
15094 14875 1
14980 14875 2
15120 14875 1
15060 14875 5
15119 14875 3
14931 14875 3
14907 14875 1
14939 14875 3
14903 14875 1
15134 14875 3
14870 14875 1
15147 14876 1
14864 14876 11
14874 14876 10
14874 14877 10
14864 14877 10
14874 14878 10
14864 14878 10
14864 14879 14
14981 14879 4
14874 14879 10
15253 14880 1
15169 14880 1
14869 14880 1
15367 14880 1
15166 14880 1
15007 14880 1
14882 14880 1
15351 14880 1
14841 14880 9
15360 14880 1
14853 14881 4
15367 14881 1
15266 14881 2
14869 14881 1
14883 14882 1
15055 14883 1
14928 14884 2
15284 14884 1
14875 14884 9
14882 14884 1
15121 14884 1
15253 14884 1
15367 14884 1
15351 14884 1
15360 14884 1
15385 14885 1
15253 14885 1
14822 14885 6
14882 14885 1
15098 14885 1
15353 14885 1
15351 14885 1
15017 14886 1
15358 14886 1
14822 14886 21
15349 14886 1
15240 14886 1
15406 14886 1
15286 14886 1
15253 14886 1
15385 14886 1
15261 14886 1
15351 14886 1
15408 14886 1
15388 14886 1
15160 14886 1
15098 14886 1
14906 14886 1
15353 14886 1
15174 14886 1
15348 14886 1
15403 14886 1
14882 14886 1
14949 14887 2
15357 14887 2
15225 14887 2
14888 14887 32
15010 14887 3
15000 14887 2
14886 14887 21
14822 14888 21
15001 14888 2
15666 14888 3
15189 14888 2
14943 14888 2
14967 14888 2
14888 14889 32
15010 14889 3
14949 14889 2
14886 14889 21
15225 14889 2
15357 14889 2
15000 14889 2
15000 14890 2
15010 14890 3
14949 14890 2
15225 14890 2
14886 14890 21
14888 14890 32
15357 14890 2
14886 14891 21
15357 14891 2
14949 14891 2
15225 14891 2
15010 14891 3
15000 14891 2
14888 14891 32
15010 14892 3
14886 14892 21
15357 14892 2
15225 14892 2
15000 14892 2
14949 14892 2
14888 14892 32
14888 14893 32
15357 14893 2
15000 14893 2
14886 14893 21
14949 14893 2
15225 14893 2
15010 14893 3
14886 14894 21
14888 14894 21
14886 14895 21
14888 14895 21
14886 14896 21
14888 14896 21
15000 14897 2
15225 14897 2
14888 14897 32
15010 14897 3
15357 14897 2
14886 14897 21
14949 14897 2
14822 14898 4
14882 14898 1
15353 14898 1
15351 14898 1
15253 14898 1
15160 14899 1
14882 14899 1
15150 14899 2
14822 14899 5
14899 14900 5
14858 14900 6
15265 14900 1
15169 14901 1
15253 14901 1
15370 14901 1
15007 14901 1
14841 14901 8
15351 14901 1
15360 14901 1
15166 14901 1
14882 14901 1
14903 14902 1
14905 14904 1
14902 14904 1
14830 14905 7
14903 14905 2
15204 14905 4
14907 14906 1
15282 14908 1
14906 14908 1
15148 14908 1
15244 14908 1
15034 14908 1
15224 14908 1
15146 14908 1
14995 14908 1
15376 14908 1
15350 14908 1
15407 14908 1
14909 14908 11
14883 14909 3
14991 14909 2
14996 14909 2
15149 14909 2
14907 14909 1
15092 14909 3
14822 14909 8
14906 14910 1
14911 14910 5
15244 14910 1
15148 14910 1
14995 14910 1
15149 14911 1
14835 14911 1
14883 14911 1
14996 14911 1
14907 14911 1
14991 14911 1
15092 14911 1
14837 14912 6
14910 14912 5
14910 14913 5
15205 14913 1
14912 14913 6
15264 14913 1
14858 14913 8
14910 14914 5
14912 14914 6
14858 14914 8
15205 14914 1
15264 14914 1
14858 14915 8
14910 14915 5
15205 14915 1
15264 14915 1
14912 14915 6
14912 14916 6
14807 14916 7
14811 14917 7
14916 14917 7
14811 14918 7
14916 14918 7
15015 14919 1
14995 14919 1
15148 14919 1
15201 14919 1
15244 14919 1
14906 14919 1
14875 14919 7
14990 14919 1
15221 14920 1
15382 14920 1
15159 14920 1
14819 14920 5
14906 14920 1
14835 14921 1
14911 14922 4
14921 14922 1
15390 14922 1
15345 14922 1
12732 14923 1
14923 14924 1
14799 14924 1
14799 14925 11
15037 14925 10
14923 14925 1
14927 14926 1
14875 14928 2
15430 14928 1
14837 14929 1
14931 14930 1
15055 14931 1
15244 14932 1
14875 14932 13
15178 14932 1
15034 14932 1
15229 14932 1
15420 14932 1
15091 14932 1
15299 14932 1
15175 14932 1
15262 14932 1
15222 14932 1
15292 14932 1
15284 14932 1
14930 14932 1
15360 14933 1
14864 14933 11
15244 14933 1
15369 14933 1
15091 14933 1
15384 14933 1
15262 14933 1
15284 14933 1
15229 14933 1
14930 14933 1
15352 14933 1
15175 14933 1
15284 14934 1
15384 14934 1
15352 14934 1
15244 14934 1
15262 14934 1
15369 14934 1
15229 14934 1
12726 14934 11
15360 14934 1
14930 14934 1
15175 14934 1
15091 14934 1
15292 14935 1
15299 14935 1
15284 14935 1
15262 14935 1
15178 14935 1
15091 14935 1
14930 14935 1
15222 14935 1
14875 14935 11
15175 14935 1
15034 14935 1
15126 14936 1
15277 14936 1
15306 14936 1
15063 14936 1
14935 14936 11
15325 14936 1
14807 14936 16
15277 14937 1
14807 14937 15
14935 14937 11
15325 14937 1
15126 14937 1
15063 14937 1
14939 14938 1
15055 14939 1
15302 14940 1
15321 14940 1
15360 14940 1
15354 14940 1
15007 14940 1
15059 14940 1
15316 14940 1
15257 14940 1
12726 14940 23
14938 14940 1
15124 14940 1
15384 14940 1
15391 14940 1
15184 14940 1
15399 14940 1
15352 14940 1
15246 14940 1
15386 14940 1
15379 14940 1
15213 14940 1
15199 14940 1
15369 14940 1
15061 14940 1
15239 14940 1
15316 14941 1
14938 14941 1
15124 14941 1
15321 14941 1
15199 14941 1
14875 14941 6
15184 14941 1
15106 14942 1
15324 14942 1
14856 14942 3
12726 14943 4
14931 14943 2
14822 14944 1
14944 14945 1
15665 14945 1
14944 14946 1
15665 14946 1
14807 14947 6
15279 14947 5
14944 14947 1
15277 14948 1
15253 14948 1
15414 14948 1
14826 14948 8
15325 14948 1
14944 14948 1
15126 14948 1
15016 14948 4
14967 14949 2
15360 14949 1
15119 14967 2
12726 14967 4
14949 14968 2
14888 14968 2
15357 14969 2
14888 14969 11
15000 14969 2
15225 14969 2
15010 14969 3
14949 14969 2
15225 14970 2
15010 14970 3
15000 14970 2
15357 14970 2
14888 14970 11
14949 14970 2
15010 14971 3
15357 14971 2
15225 14971 2
15000 14971 2
14949 14971 2
14888 14971 11
14888 14972 4
15000 14972 2
14949 14972 2
14949 14973 2
15225 14973 2
15000 14973 2
14888 14973 11
15357 14973 2
15010 14973 3
14860 14974 3
14976 14975 1
15222 14977 1
14829 14977 5
15216 14977 1
14975 14977 1
15178 14977 1
14866 14978 10
15126 14978 1
15096 14978 1
14977 14978 5
15277 14978 1
15325 14978 1
15306 14978 1
14980 14979 1
15055 14980 1
15255 14981 1
14841 14981 4
15121 14981 1
14979 14981 1
14853 14982 4
14981 14982 4
14981 14983 4
14853 14983 4
14981 14984 4
14853 14984 4
14981 14985 4
14853 14985 4
14981 14986 4
14853 14986 4
14853 14987 4
14981 14987 4
15121 14988 1
15397 14988 1
14841 14988 4
14979 14988 1
15255 14988 1
14841 14989 4
14979 14989 1
15397 14989 1
15255 14989 1
15121 14989 1
14991 14990 1
14993 14992 2
14990 14992 1
14991 14993 1
15183 14993 3
14993 14994 2
14992 14994 2
14996 14995 1
15148 14997 1
14909 14997 5
15244 14997 1
15283 14997 1
15056 14997 1
14995 14997 1
15389 14998 1
15148 14998 1
14875 14998 5
14995 14998 1
15244 14998 1
15361 14998 1
15030 14999 14
15352 15000 1
15001 15000 2
14939 15001 2
12726 15001 4
15004 15002 1
15003 15002 4
15005 15002 1
15008 15007 1
15055 15008 1
15007 15009 1
15369 15009 1
15302 15009 1
12726 15009 7
15352 15009 1
15360 15009 1
15384 15009 1
15379 15009 1
15302 15010 1
15666 15010 3
15007 15010 1
15397 15011 1
15206 15011 1
15007 15011 1
15083 15011 13
15012 15011 17
14980 15012 1
15008 15012 1
12726 15012 1
14822 15012 13
14842 15012 1
15362 15012 1
15136 15012 5
14842 15013 17
15011 15013 17
15665 15014 4
14909 15014 4
14903 15015 1
14807 15016 4
15325 15016 1
15126 15016 1
15277 15016 1
14883 15017 1
15017 15018 1
15174 15018 1
15349 15018 1
15261 15018 1
15348 15018 1
14822 15018 5
14856 15019 2
15106 15019 1
15021 15020 1
15023 15021 5
15194 15022 1
15020 15022 1
15023 15022 3
14864 15023 3
15033 15023 1
15021 15023 1
14842 15023 8
15023 15024 3
15020 15024 1
15194 15024 1
15024 15025 3
14853 15025 3
14853 15026 6
15024 15026 3
15099 15026 3
15020 15027 1
15194 15027 1
15023 15027 2
15023 15028 2
15194 15028 1
15020 15028 1
15068 15029 12
15030 15029 13
14809 15030 12
14999 15031 13
15029 15031 13
14864 15032 2
15206 15032 1
15023 15033 5
14883 15034 1
15034 15035 1
15390 15035 1
15146 15035 1
15345 15035 1
15036 15035 5
15092 15036 2
14883 15036 2
15035 15037 5
15328 15037 4
15664 15037 10
14799 15038 11
15258 15038 1
15037 15038 10
14799 15039 11
15404 15039 1
15037 15039 10
15037 15040 10
15373 15040 1
14799 15040 11
15037 15041 10
15251 15041 1
14799 15041 11
15037 15042 10
14799 15042 11
15297 15042 1
15037 15043 10
14799 15043 10
15202 15044 1
15037 15044 10
14799 15044 11
15314 15045 1
15037 15045 10
14799 15045 11
15037 15046 10
15400 15046 1
14799 15046 11
15415 15047 1
14799 15047 11
15037 15047 10
15037 15048 10
15144 15048 1
14799 15048 11
15376 15049 1
15146 15049 1
15282 15049 1
14909 15049 4
15034 15049 1
15034 15050 1
14909 15050 4
15146 15050 1
15376 15050 1
15282 15050 1
15053 15052 3
15051 15052 3
15142 15052 5
15094 15052 2
14976 15052 3
15053 15054 3
14883 15056 1
15099 15057 3
15266 15057 2
15056 15057 1
15283 15057 1
14909 15057 7
14909 15058 2
15283 15058 1
15056 15058 1
15060 15059 1
14931 15061 1
15391 15062 1
15399 15062 1
12726 15062 3
15061 15062 1
14849 15063 1
14926 15064 1
15064 15065 1
14826 15065 2
14805 15066 1
15168 15067 1
15226 15067 1
15193 15067 1
15177 15067 1
15392 15067 1
15195 15067 1
15375 15067 1
15228 15067 1
15188 15067 1
15066 15067 1
14809 15067 11
15067 15068 11
14809 15068 12
15030 15069 13
15068 15069 12
15069 15070 13
14999 15070 13
14999 15071 13
15069 15071 13
14999 15072 13
15069 15072 13
15068 15073 12
15030 15073 12
15068 15074 12
15075 15074 12
15220 15075 1
14809 15075 12
15075 15076 12
15068 15076 12
15068 15077 12
14822 15077 12
15068 15078 12
15075 15078 12
15068 15079 12
15075 15079 12
15068 15080 12
15075 15080 13
15219 15080 1
15075 15081 12
15068 15081 12
14822 15082 12
15068 15082 12
15068 15083 12
14822 15083 13
15083 15084 13
15085 15084 13
14822 15085 13
15068 15086 12
14822 15086 12
15068 15087 12
14822 15087 12
14822 15088 12
15068 15088 12
14822 15089 13
15408 15089 1
15068 15089 12
15067 15090 11
15030 15090 11
14939 15091 1
15094 15093 1
15299 15095 1
15201 15095 1
15052 15095 9
15170 15095 1
15389 15095 1
15361 15095 1
15093 15095 1
15141 15095 1
15095 15096 9
15052 15096 10
15052 15097 9
15095 15097 9
14883 15098 1
14822 15099 3
15098 15099 1
15385 15099 1
15206 15100 1
15099 15100 3
14853 15100 5
15260 15100 1
15098 15101 1
14822 15101 1
15300 15102 1
15103 15102 2
15123 15103 4
15247 15103 5
15102 15104 2
15105 15104 4
15109 15104 2
15103 15105 4
14991 15106 1
15108 15107 1
15190 15108 3
15103 15109 2
15122 15109 1
14837 15110 1
15429 15111 1
12730 15111 2
15110 15111 1
14903 15112 1
14905 15113 1
15112 15113 1
15008 15116 1
15116 15117 1
15666 15117 1
15666 15118 1
15116 15118 1
15055 15119 1
14980 15121 1
15123 15122 3
15300 15122 1
15419 15123 1
15192 15123 3
15060 15124 1
14841 15125 1
15092 15126 1
14807 15127 3
15325 15127 1
15277 15127 1
15126 15127 1
14866 15128 3
15126 15128 1
15325 15128 1
15277 15128 1
15126 15129 1
15325 15129 1
15157 15129 1
15277 15129 1
14866 15129 4
15096 15130 1
15277 15130 1
15126 15130 1
14866 15130 5
15306 15130 1
15325 15130 1
15126 15131 1
14807 15131 2
15277 15131 1
14807 15132 2
15126 15132 1
15277 15132 1
15134 15133 1
15055 15134 1
15166 15135 1
15136 15135 5
15133 15135 1
15169 15135 1
15411 15135 1
14905 15136 4
15134 15136 4
15012 15137 6
15135 15137 5
15137 15138 6
14842 15138 6
15012 15139 6
15135 15139 5
15139 15140 6
14842 15140 6
15142 15141 1
15292 15143 1
15141 15143 1
15170 15143 1
15299 15143 1
14875 15143 4
12732 15144 1
15144 15145 1
14799 15145 1
15092 15146 1
14841 15147 1
15149 15148 1
14809 15150 2
15226 15150 1
15149 15151 1
15412 15152 1
15151 15152 1
15413 15152 1
15363 15152 1
15263 15152 1
15153 15152 6
15347 15152 1
14830 15153 3
15149 15153 6
15014 15154 1
15154 15155 1
14866 15155 2
15274 15155 1
15394 15156 1
14811 15156 3
15154 15156 1
15242 15156 1
15158 15157 1
14996 15159 1
14805 15160 1
15375 15161 1
15226 15161 1
14809 15161 4
15177 15161 1
15160 15161 1
14837 15162 1
14822 15163 1
15165 15164 3
15163 15164 1
15266 15164 2
14822 15165 3
15134 15166 1
14805 15168 1
15134 15169 1
15142 15170 1
15119 15171 1
14967 15172 1
15171 15172 1
15171 15173 1
14967 15173 1
14883 15174 1
15060 15175 1
14805 15177 1
14976 15178 1
15216 15179 1
15306 15179 1
14866 15179 5
15359 15179 1
15178 15179 1
15222 15179 1
15292 15180 1
15178 15180 1
15052 15180 4
15222 15180 1
15180 15181 4
15052 15181 5
15052 15182 5
15181 15182 5
15008 15184 1
14931 15185 1
15185 15186 1
14943 15186 1
15185 15187 1
14943 15187 1
14805 15188 1
15060 15189 1
12726 15189 4
15190 15191 3
14805 15193 1
15033 15194 1
14805 15195 1
15014 15196 1
14811 15197 1
15196 15197 1
14811 15198 1
15196 15198 1
14931 15199 1
14870 15200 1
14976 15201 1
12732 15202 1
15202 15203 1
14799 15203 1
15664 15205 1
12726 15206 1
15266 15207 2
15206 15207 1
14853 15207 3
15369 15208 1
15206 15208 1
15227 15208 1
15360 15208 1
15302 15208 1
15384 15208 1
15266 15208 2
14853 15208 9
15352 15208 1
15384 15209 1
15302 15209 1
14853 15209 6
15352 15209 1
15206 15209 1
15369 15209 1
15360 15209 1
14853 15210 1
15206 15210 1
15206 15211 1
15266 15211 2
14853 15211 3
14853 15212 1
15206 15212 1
14931 15213 1
15092 15214 1
15214 15215 1
15282 15215 1
14866 15215 2
14976 15216 1
15014 15217 1
15217 15218 1
14811 15218 1
15220 15219 1
14996 15221 1
14976 15222 1
14996 15224 1
15189 15225 2
15369 15225 1
14805 15226 1
14853 15227 1
14805 15228 1
15060 15229 1
15300 15230 1
15123 15230 2
15103 15231 3
15122 15231 1
15230 15231 2
15103 15232 3
15230 15232 2
15122 15232 1
15234 15233 1
15183 15234 3
15233 15235 1
15234 15235 2
14841 15236 2
15235 15236 2
15237 15238 3
15008 15239 1
14883 15240 1
15265 15241 1
15388 15241 1
15240 15241 1
14822 15241 3
15014 15242 1
12730 15243 2
15245 15243 1
15242 15243 1
14991 15244 1
14837 15245 1
15060 15246 1
15105 15247 6
14939 15248 1
15248 15249 1
15001 15249 1
15001 15250 1
15248 15250 1
12732 15251 1
14799 15252 1
15251 15252 1
14883 15253 1
15326 15254 1
14822 15254 2
15253 15254 1
14980 15255 1
15003 15256 4
15005 15256 1
14939 15257 1
12732 15258 1
15258 15259 1
14799 15259 1
14822 15260 1
14883 15261 1
15119 15262 1
15149 15263 1
15014 15264 1
15191 15265 1
14822 15266 2
15265 15266 1
15665 15267 2
15266 15267 2
15165 15268 2
15266 15268 2
15665 15269 2
15266 15269 2
15266 15270 2
14853 15270 2
15265 15271 1
14858 15271 1
14858 15272 1
15265 15272 1
15265 15273 1
15191 15273 1
15014 15274 1
14811 15275 1
15274 15275 1
15274 15276 1
14811 15276 1
15092 15277 1
15306 15278 1
15277 15278 1
14807 15278 2
15328 15279 4
14837 15279 5
14807 15280 5
15279 15280 5
15364 15281 1
14826 15281 2
15092 15282 1
15092 15283 1
15008 15284 1
15384 15285 1
15360 15285 1
15284 15285 1
14875 15285 5
15369 15285 1
15352 15285 1
14883 15286 1
15096 15287 1
14866 15287 2
15306 15287 1
15096 15288 1
15306 15288 1
14866 15288 2
15306 15289 1
14866 15289 2
15096 15289 1
15306 15290 1
15096 15290 1
14866 15290 2
14809 15291 1
15096 15291 1
15094 15292 1
15292 15293 1
15052 15293 1
15398 15294 1
15410 15294 1
15295 15294 3
15292 15294 1
15094 15295 3
14905 15295 4
15292 15296 1
15052 15296 1
12732 15297 1
14799 15298 1
15297 15298 1
15142 15299 1
15123 15300 1
14841 15301 1
15008 15302 1
15360 15303 1
15302 15303 1
15369 15303 1
14853 15303 5
15352 15303 1
15384 15303 1
14853 15304 5
15352 15304 1
15302 15304 1
15369 15304 1
15360 15304 1
15384 15304 1
14922 15305 1
14837 15305 1
15092 15306 1
14866 15307 2
15306 15307 1
15359 15307 1
15306 15308 1
14866 15308 1
15306 15309 1
14866 15309 1
14866 15310 1
15306 15310 1
14866 15311 1
15306 15311 1
15306 15312 1
14807 15312 1
14807 15313 1
15306 15313 1
12732 15314 1
14799 15315 1
15314 15315 1
15060 15316 1
12726 15317 1
15316 15317 1
15316 15318 1
12726 15318 1
12726 15319 1
15316 15319 1
15119 15321 1
14809 15322 1
15664 15323 1
14991 15324 1
15092 15325 1
14883 15326 1
15326 15327 1
15406 15327 1
14822 15327 3
14909 15328 4
15327 15328 3
15664 15329 4
15328 15329 4
15328 15330 4
15014 15330 4
15103 15331 1
15122 15331 1
15103 15332 1
15122 15332 1
15103 15333 1
15122 15333 1
15103 15334 1
15122 15334 1
15103 15335 1
15122 15335 1
15122 15336 1
15103 15336 1
15122 15337 1
15103 15337 1
15103 15338 1
15122 15338 1
15122 15339 1
15103 15339 1
15122 15340 1
15103 15340 1
15122 15341 1
15103 15341 1
15204 15342 1
14905 15343 1
15342 15343 1
15204 15344 1
15342 15344 1
15092 15345 1
14822 15346 1
15149 15347 1
14883 15348 1
14883 15349 1
15149 15350 1
14883 15351 1
14939 15352 1
14883 15353 1
15119 15354 1
12726 15355 1
15420 15356 1
15355 15356 1
12726 15356 2
15384 15357 1
14943 15357 2
14883 15358 1
15158 15359 1
15119 15360 1
15142 15361 1
15149 15363 1
14926 15364 1
14837 15365 1
14826 15366 1
14980 15367 1
15367 15368 1
15397 15368 1
14841 15368 2
15060 15369 1
14980 15370 1
14822 15371 1
15665 15372 1
15371 15372 1
12732 15373 1
15373 15374 1
14799 15374 1
14805 15375 1
14883 15376 1
12730 15377 2
15377 15378 2
12730 15378 2
15060 15379 1
15379 15380 1
14839 15380 1
15379 15381 1
14839 15381 1
14996 15382 1
15420 15383 1
12726 15383 2
14931 15384 1
14883 15385 1
15008 15386 1
14883 15388 1
15142 15389 1
14883 15390 1
14939 15391 1
14805 15392 1
15014 15394 1
14811 15395 1
15394 15395 1
14811 15396 1
15394 15396 1
14980 15397 1
15094 15398 1
15119 15399 1
12732 15400 1
15400 15401 1
14799 15401 1
14837 15402 1
14883 15403 1
12732 15404 1
14799 15405 1
15404 15405 1
14883 15406 1
14991 15407 1
14883 15408 1
14822 15409 1
15408 15409 1
15094 15410 1
15134 15411 1
15149 15412 1
15149 15413 1
14841 15414 1
12732 15415 1
14799 15416 1
15415 15416 1
15052 15417 1
15052 15418 1
15417 15418 1
15120 15420 1
15420 15421 1
12726 15421 1
12726 15422 1
15420 15422 1
15420 15423 1
12726 15423 1
15420 15424 1
12726 15424 1
15420 15425 1
12726 15425 1
12726 15426 1
15420 15426 1
12726 15427 1
15420 15427 1
15420 15428 1
12726 15428 1
15014 15429 1
15134 15430 1
14837 15431 1
14909 15664 4
15665 15664 4
15036 15664 5
14822 15665 4
12726 15666 4
15008 15666 3
