4401 275 3
4863 275 1
4693 275 1
5084 275 1
4693 276 1
5084 276 1
4401 276 3
4863 276 1
4863 277 1
5084 277 1
4401 277 3
4693 277 1
4401 278 3
4863 278 1
5084 278 1
4693 278 1
4401 279 4
4863 279 1
5084 279 1
4693 279 1
4693 280 1
4401 280 3
5084 280 1
4863 280 1
4336 282 1
5142 283 1
283 284 1
4262 284 1
5203 285 2
4407 286 2
5169 288 1
5105 289 1
345 290 1
5105 290 2
289 290 1
4387 291 2
4405 292 1
2341 293 1
5116 294 2
4083 295 2
4293 296 1
5169 297 1
5101 298 2
5252 303 1
5239 304 1
4609 308 1
5151 308 2
4387 309 2
5206 310 1
2095 311 1
4293 313 1
5169 314 1
4262 315 1
314 315 1
5267 316 1
5333 317 1
317 318 1
369 318 1
4262 318 5
4674 318 1
3608 318 1
2296 318 1
4292 319 1
4399 320 1
5233 323 1
5239 324 2
4417 325 1
5287 326 1
4419 327 1
4256 328 1
5116 329 2
4274 330 1
330 331 1
4321 331 2
331 332 2
2269 332 3
332 333 3
1404 333 3
330 334 1
335 334 1
4274 335 1
5145 336 1
5297 337 1
4317 338 1
5206 339 1
5252 340 1
4380 341 1
5368 344 1
5105 345 1
4369 347 1
4270 347 2
4346 347 1
5208 348 1
4972 349 1
4336 349 3
5287 352 1
352 353 1
4262 353 1
4405 355 2
4294 356 1
356 357 1
4294 357 1
5233 359 1
4317 360 1
4317 361 1
360 361 1
5336 362 1
4272 364 2
4301 365 1
5167 367 1
5333 369 1
4309 370 1
4262 371 2
370 371 1
641 371 1
5142 372 1
4321 374 1
5239 375 1
4339 376 1
5142 378 1
4254 382 1
5368 384 1
5360 385 1
5348 386 1
1297 387 1
1297 388 1
387 388 1
2095 389 1
565 390 1
4262 390 2
389 390 1
4305 391 1
5208 392 2
5345 394 1
534 395 1
4645 395 1
394 395 1
5345 395 4
4098 396 2
4336 398 2
1178 401 1
2099 402 1
4339 404 1
4399 406 1
4387 407 1
410 409 1
409 411 1
1345 411 1
2341 412 1
4387 413 1
4401 414 1
4301 415 1
4100 416 1
4967 417 1
4262 417 2
416 417 1
5167 419 1
5352 420 1
4256 421 1
5128 422 1
5128 423 1
1178 424 1
5350 425 2
5155 426 1
426 427 1
4262 427 2
4743 427 1
4260 428 1
4262 429 2
5016 429 1
428 429 1
4083 430 1
2099 431 2
4305 432 1
5239 433 1
433 434 1
1684 434 1
4262 434 2
4417 435 1
5327 437 2
4293 438 1
4423 439 1
4083 441 1
4385 442 3
4405 443 1
4405 444 1
443 444 1
5203 447 1
4339 448 2
4969 448 1
5128 450 1
5378 451 1
5287 455 2
5378 458 2
5352 459 1
5239 460 1
460 461 1
4262 461 1
4399 462 2
5368 463 1
5243 464 1
4309 465 1
4256 466 1
4258 468 1
4098 469 1
4098 470 1
5291 471 1
5155 472 2
5233 473 1
5345 474 1
4260 475 1
2170 476 1
478 477 1
477 479 1
478 479 1
5297 480 1
4397 481 1
5366 482 1
4260 483 1
5208 484 2
4309 488 1
5155 492 6
5231 493 1
5225 494 1
4083 495 1
4974 496 1
495 496 1
4083 496 3
4385 497 1
4274 498 1
4321 499 2
498 499 1
499 500 2
2269 500 2
1615 502 1
502 503 1
4327 503 1
5169 504 1
4387 505 1
5214 507 1
4401 508 1
4401 509 1
5252 510 1
410 511 1
5233 512 1
5345 513 1
4363 514 2
5128 515 1
4305 516 2
4274 517 1
5167 518 1
4267 519 1
4397 520 2
2099 521 1
4262 522 2
521 522 1
566 522 1
4369 523 1
4353 523 1
4270 523 2
4292 524 1
5384 525 1
4292 527 1
5142 528 1
5384 529 1
5145 531 1
2343 533 5
5345 534 1
534 535 1
5345 535 1
4305 537 1
5262 538 1
4339 540 1
1326 541 3
1559 543 1
5291 544 1
4391 545 1
4319 547 1
4292 548 2
5219 549 1
5169 551 1
5123 552 1
5384 553 1
5269 554 1
5151 556 2
5350 557 1
5128 558 1
4417 560 1
5105 562 1
562 563 1
4262 563 1
4336 564 2
2095 565 1
2099 566 1
5267 567 2
5384 568 1
4427 569 2
5105 570 1
4333 571 1
5252 573 1
573 574 1
4262 574 1
4333 576 1
4399 580 1
5336 581 1
5243 583 1
5346 584 1
1178 585 1
4387 586 1
4419 587 1
5105 588 1
5211 589 1
5219 590 1
591 592 1
5297 593 1
4419 595 1
4401 596 1
5231 597 1
597 598 1
4262 598 1
4264 599 1
4359 600 1
4359 601 1
600 601 1
4380 604 1
4397 605 2
5348 606 1
4083 607 1
5350 610 1
1564 611 1
611 612 1
1564 612 1
1564 613 4
4436 613 1
611 613 1
4573 613 1
3613 614 1
4369 614 1
4270 614 2
4353 615 1
4270 615 2
4369 615 1
1263 617 1
5344 618 1
5352 619 2
5384 620 1
1297 621 1
4397 623 1
5145 624 1
1178 625 1
5239 626 1
4305 627 1
5211 628 1
5327 629 1
5327 630 1
4407 632 2
5136 633 1
4289 634 1
633 634 1
5203 635 1
5155 636 2
4284 637 1
4293 638 1
4293 639 1
638 639 1
4293 640 3
4465 640 1
638 640 1
4811 640 1
4309 641 1
4391 642 1
642 643 1
4262 643 1
5142 644 1
4264 645 1
4333 646 1
5348 648 1
4256 649 2
5287 650 1
5345 651 2
4609 652 1
5151 652 2
4301 653 1
4274 654 1
4292 655 2
5203 656 1
5346 657 1
4333 658 1
658 659 1
4262 659 1
4321 660 1
4399 661 1
3480 662 1
4262 662 2
661 662 1
665 664 1
1390 665 1
1567 665 2
5368 666 6
5252 667 2
5262 668 1
4100 672 2
4312 673 3
4312 674 3
4319 675 1
675 676 1
4321 676 1
675 677 1
4736 677 1
4321 677 2
4736 678 1
4321 678 3
675 678 1
374 678 1
5267 1038 2
4317 1039 4
1596 1039 1
5051 1039 1
360 1039 1
5219 1040 1
1040 1041 1
4262 1041 2
1719 1041 1
4254 1043 1
1045 1044 3
5378 1046 1
1046 1047 1
4289 1047 1
4267 1048 1
5169 1049 1
4312 1050 3
4380 1051 1
5239 1052 2
5252 1053 2
5121 1054 3
4321 1054 8
1559 1054 3
5225 1072 6
4312 1075 3
4272 1076 1
5344 1077 1
4353 1078 1
4270 1078 2
4369 1078 1
4301 1080 2
5346 1081 1
5344 1082 1
4312 1083 3
5164 1085 1
4380 1086 2
4363 1087 1
4859 1088 1
1252 1088 1
1260 1088 1
4451 1088 1
1087 1088 1
4262 1088 5
5366 1089 2
5239 1091 1
2099 1092 1
4254 1093 6
5327 1094 2
4369 1095 1
4369 1096 1
4369 1097 1
4369 1098 1
4369 1099 1
4369 1100 1
4369 1101 1
4369 1102 1
4369 1103 1
4369 1104 1
4369 1105 1
4369 1106 1
4369 1107 1
4369 1108 1
4369 1109 1
4369 1110 1
4369 1111 1
4369 1112 1
4369 1113 1
4369 1114 1
1114 1115 1
4369 1116 1
4369 1117 1
4369 1118 1
4369 1119 1
4369 1120 1
4369 1121 1
4369 1122 1
1122 1123 1
2721 1123 6
1123 1124 6
4380 1125 2
5214 1127 1
4409 1128 1
2095 1130 2
5350 1131 1
4258 1132 2
5269 1133 2
5229 1134 1
5262 1135 1
4258 1136 1
4260 1137 1
5262 1139 1
5262 1140 1
1139 1140 1
2336 1141 1
2336 1142 1
1141 1142 1
5348 1143 2
5366 1144 2
4319 1145 1
4333 1149 2
1151 1152 3
4312 1156 3
5368 1157 1
5116 1158 1
5327 1159 1
4312 1160 3
4609 1161 1
5151 1161 2
5353 1162 1
1162 1163 1
5353 1163 1
4083 1164 1
4262 1165 1
1164 1165 1
4407 1166 2
4098 1168 2
4417 1169 1
5071 1170 1
5344 1170 7
2099 1171 6
4369 1172 1
4096 1172 2
4312 1172 1
5214 1173 1
1310 1174 1
4100 1174 7
5350 1176 1
1178 1177 1
1317 1178 1
4284 1180 1
4312 1181 3
4405 1182 4
443 1182 1
5002 1182 1
1290 1182 1
5348 1183 6
4336 1184 1
5128 1187 2
4391 1188 1
1348 1189 1
4754 1189 1
4671 1189 1
4262 1189 5
5260 1189 1
1188 1189 1
4100 1192 1
4267 1193 1
2099 1194 1
4363 1195 1
4419 1196 6
2341 1197 1
1197 1198 1
4262 1198 1
4262 1199 1
1197 1199 1
5211 1200 1
4339 1201 1
404 1202 1
3551 1202 1
1546 1202 2
3577 1202 1
4262 1202 7
1201 1202 1
448 1202 2
5142 1207 1
4262 1208 2
1207 1208 1
1568 1208 1
5233 1209 1
4270 1210 2
4369 1210 1
2166 1210 1
5116 1211 6
2095 1213 2
4312 1215 3
4407 1216 1
4293 1217 6
4267 1218 2
5151 1219 1
1219 1220 1
4262 1220 2
1222 1220 1
5353 1221 1
5151 1222 1
2269 1225 1
4401 1227 1
4309 1228 1
4262 1229 7
1659 1229 2
2275 1229 1
1660 1229 2
4708 1229 1
1528 1229 1
1228 1229 1
5243 1230 4
4695 1230 1
4963 1230 1
1531 1230 1
4319 1231 1
625 1232 1
3562 1232 1
4321 1232 7
1231 1232 1
547 1232 1
4796 1232 1
424 1232 1
3681 1232 1
1235 1234 1
1234 1236 1
1465 1236 1
4199 1236 2
5239 1237 1
4417 1239 1
5350 1240 1
4423 1242 1
4385 1243 1
4385 1244 1
5239 1246 1
4333 1247 1
4319 1248 1
5353 1249 1
4380 1250 6
5203 1251 1
4363 1252 2
4401 1253 1
4401 1254 1
4254 1255 1
5384 1257 1
4098 1258 1
470 1259 1
4729 1259 1
1418 1259 1
4262 1259 6
4578 1259 1
396 1259 1
1258 1259 1
4363 1260 2
5231 1261 2
1263 1262 1
5353 1264 1
5323 1265 6
5366 1266 6
4417 1267 1
5231 1269 1
1269 1270 1
1628 1270 1
4262 1270 2
5287 1271 1
4312 1276 3
5169 1277 2
4383 1278 6
4286 1280 1
5239 1281 1
1497 1283 1
5291 1283 7
5360 1284 1
5167 1285 2
4262 1286 4
1285 1286 1
2139 1286 1
4689 1286 1
4562 1286 1
5164 1287 1
4267 1289 1
4405 1290 1
2730 1292 1
4943 1292 1
5378 1292 4
4993 1292 1
4289 1293 5
1518 1293 1
5065 1293 1
3711 1293 1
3512 1293 1
1292 1293 1
5164 1295 2
1297 1296 1
4126 1297 1
1554 1297 1
1297 1298 8
4580 1298 1
4564 1298 1
1296 1298 1
387 1298 1
4455 1298 1
3614 1298 1
3580 1298 1
3709 1298 1
1296 1299 1
1297 1299 1
1296 1300 1
1297 1300 1
1297 1301 1
1296 1301 1
1296 1302 1
1297 1302 1
5350 1303 1
1303 1304 1
5350 1304 1
4962 1305 1
5350 1305 5
1303 1305 1
4629 1305 1
5333 1306 1
4262 1307 2
4519 1307 1
1306 1307 1
4417 1309 2
4100 1310 1
1371 1311 1
4609 1311 1
4969 1311 1
1310 1311 1
3634 1311 1
1497 1311 1
5071 1311 1
1658 1311 1
1312 1311 9
4972 1311 1
4336 1312 1
4309 1312 1
5219 1312 1
5151 1312 1
5344 1312 1
4339 1312 1
5291 1312 1
4258 1312 1
4100 1312 1
1312 1313 9
1310 1313 1
4609 1313 1
4972 1313 1
4969 1313 1
3634 1313 1
1371 1313 1
1497 1313 1
5071 1313 1
1658 1313 1
4969 1314 1
4609 1314 1
1371 1314 1
1658 1314 1
1310 1314 1
1312 1314 7
1497 1314 1
3634 1314 1
4387 1315 1
5219 1316 2
5344 1318 1
1623 1319 1
5344 1319 5
4476 1319 1
5071 1319 1
1318 1319 1
4397 1321 1
1581 1322 1
1321 1322 1
4812 1322 1
4397 1322 4
1045 1323 3
1326 1323 3
1324 1323 4
4733 1324 1
1325 1324 4
5297 1327 2
2095 1328 1
5239 1329 1
4383 1330 1
4264 1331 1
4272 1332 1
4254 1333 2
4258 1335 1
5151 1336 2
4609 1336 1
1054 1337 3
4272 1338 1
5206 1339 2
5393 1340 3
5239 1342 1
5267 1344 6
1346 1345 3
1203 1345 1
4353 1345 1
3557 1345 1
410 1345 2
5142 1347 2
4391 1348 2
4321 1349 1
2269 1350 1
1349 1350 1
5352 1351 2
4923 1353 1
5126 1353 3
1354 1353 2
4272 1355 1
1355 1356 1
4262 1356 1
5239 1358 1
1360 1361 3
3476 1361 1
3476 1362 1
1360 1362 1
3475 1362 2
5348 1363 1
5350 1364 2
4407 1365 1
4262 1366 1
1365 1366 1
5297 1367 6
2165 1368 1
4258 1371 1
5333 1372 1
5252 1374 1
4387 1375 2
4301 1376 6
4295 1378 4
5125 1378 1
1596 1383 1
4317 1383 4
360 1383 1
5051 1383 1
4284 1384 1
5366 1385 1
4264 1388 1
4264 1389 4
1388 1389 1
4870 1389 1
4948 1389 1
1390 1391 1
1390 1392 1
1390 1393 1
1390 1394 1
1390 1395 1
1596 1396 1
5051 1396 1
4317 1396 4
360 1396 1
4312 1399 3
4405 1400 1
2095 1401 6
2269 1402 1
1402 1403 1
1404 1403 1
2712 1404 2
2269 1404 5
4780 1404 1
2269 1405 1
1402 1405 1
1407 1406 1
4096 1406 2
4369 1406 1
2095 1408 1
5206 1409 1
4336 1410 1
4407 1411 1
4380 1412 1
4262 1413 7
1714 1413 1
1591 1413 1
5321 1413 2
2161 1413 1
4938 1413 1
588 1413 1
4293 1414 1
4293 1415 2
4258 1416 1
5360 1417 1
4098 1418 1
4292 1419 2
4387 1420 1
4387 1421 1
1420 1421 1
4419 1423 1
4321 1424 4
4385 1425 1
4267 1426 1
4305 1427 6
4383 1429 1
5345 1430 1
1432 1431 1
1432 1433 1
1431 1433 1
2341 1434 1
4893 1435 1
1434 1435 1
2269 1435 6
617 1435 1
293 1435 1
412 1435 1
4914 1435 1
5105 1436 1
5239 1437 3
5269 1438 1
4742 1439 1
1438 1439 1
4262 1439 2
5105 1443 1
4292 1444 6
5287 1445 1
5151 1446 3
4609 1446 1
5051 1447 1
4317 1447 4
360 1447 1
1596 1447 1
4312 1449 3
354 1451 1
4399 1452 2
4321 1453 4
5169 1454 1
4399 1455 1
4427 1456 1
4293 1458 1
1178 1459 1
2095 1460 1
1460 1461 1
4262 1461 1
5360 1462 1
5239 1463 1
4098 1464 1
1235 1465 1
1467 1466 1
4370 1467 1
1467 1468 1
1466 1468 1
1467 1469 1
1466 1469 1
4385 1472 1
4262 1473 2
1472 1473 1
3616 1473 1
4256 1474 2
4401 1475 1
4342 1476 1
5291 1478 1
4312 1480 3
5206 1481 1
339 1482 1
4262 1482 2
1481 1482 1
4260 1483 1
3766 1484 6
5116 1485 1
5348 1486 1
4319 1487 1
4873 1488 1
4706 1488 1
4321 1488 4
1487 1488 1
5208 1489 1
5352 1493 6
4256 1494 1
328 1495 1
4262 1495 2
1494 1495 1
5291 1497 1
1497 1498 1
5291 1498 3
4321 1499 4
5121 1499 1
5206 1500 1
1500 1501 1
4262 1501 1
5384 1502 1
5393 1504 3
4100 1505 1
4333 1506 2
4405 1507 1
1508 1507 5
4405 1508 2
4321 1508 6
4407 1509 2
5378 1510 1
4256 1511 1
1511 1512 1
4262 1512 5
3683 1512 1
1555 1512 1
1474 1512 1
3505 1512 1
4301 1513 1
4312 1514 3
5175 1514 1
4353 1514 1
5233 1517 3
5378 1518 2
4427 1522 1
5269 1523 1
5327 1526 1
4262 1527 2
1526 1527 1
630 1527 1
4309 1528 2
4407 1529 1
5243 1531 1
5233 1536 1
4262 1537 1
1536 1537 1
4369 1538 1
1539 1538 1
4270 1538 2
4427 1540 1
4419 1544 1
5225 1545 6
4834 1545 1
4763 1545 1
4970 1545 1
4339 1546 2
4969 1546 1
4292 1548 1
4262 1549 1
1548 1549 1
4369 1550 1
4270 1550 2
1320 1550 1
1552 1551 2
4369 1551 1
4321 1552 2
4256 1555 1
3589 1556 1
4297 1556 1
1559 1558 3
1054 1560 3
1558 1560 3
1558 1561 3
4633 1561 1
4685 1561 1
4330 1561 6
543 1561 1
5123 1562 2
1564 1563 1
4098 1565 1
1565 1566 1
4262 1566 1
5142 1568 1
5267 1569 1
4312 1571 3
4292 1572 1
5203 1573 1
5203 1574 1
1573 1574 1
4312 1576 3
5378 1577 1
4339 1578 1
5206 1579 1
4264 1580 1
4397 1581 1
5105 1585 1
4312 1586 3
5333 1587 2
5101 1588 1
5116 1589 1
5393 1590 3
5105 1591 1
4317 1596 1
1596 1597 1
5051 1597 1
4317 1597 4
360 1597 1
1596 1598 1
4317 1598 4
5051 1598 1
360 1598 1
4317 1599 4
5051 1599 1
1596 1599 1
360 1599 1
4317 1600 4
360 1600 1
5051 1600 1
1596 1600 1
5051 1601 1
4317 1601 4
360 1601 1
1596 1601 1
360 1602 1
1596 1602 1
5051 1602 1
4317 1602 4
5051 1603 1
1596 1603 1
4317 1603 4
360 1603 1
360 1604 1
1596 1604 1
4317 1604 4
5051 1604 1
1596 1605 1
5051 1605 1
360 1605 1
4317 1605 4
5051 1606 1
4317 1606 4
1596 1606 1
360 1606 1
5051 1607 1
4317 1607 4
360 1607 1
1596 1607 1
360 1608 1
4317 1608 4
5051 1608 1
1596 1608 1
5051 1609 1
4317 1609 4
360 1609 1
1596 1609 1
360 1610 1
1596 1610 1
4317 1610 4
5051 1610 1
5348 1612 1
5348 1613 1
1612 1613 1
5219 1614 1
5049 1615 2
1390 1615 1
5225 1616 1
4319 1617 1
4587 1618 1
4664 1618 1
1617 1618 1
4321 1618 3
4342 1619 1
4409 1620 2
4258 1621 1
4317 1622 1
5344 1623 1
5071 1624 1
1623 1624 1
5344 1624 2
5225 1625 1
3523 1626 1
5287 1626 6
3591 1626 1
455 1626 1
4568 1626 1
3523 1627 1
4262 1627 6
3591 1627 1
1626 1627 2
455 1627 1
4568 1627 1
5231 1628 1
5164 1630 1
5164 1631 1
1630 1631 1
5344 1632 2
1552 1633 2
4369 1633 1
5333 1634 1
4312 1635 3
4401 1636 1
5297 1637 1
4401 1638 1
5151 1643 2
1378 1646 1
5125 1647 1
1646 1647 1
4686 1648 1
654 1648 1
4478 1648 1
1646 1648 1
517 1648 1
5125 1648 5
4413 1649 1
1646 1649 1
1646 1650 1
4413 1650 1
4413 1651 1
1646 1651 1
4413 1652 1
1646 1652 1
1646 1653 1
4413 1653 1
5105 1655 1
3532 1656 1
4262 1656 2
1655 1656 1
5345 1657 1
4309 1658 1
4309 1659 2
1658 1659 1
4309 1660 2
1658 1660 1
1312 1661 4
4609 1661 1
4969 1661 1
1658 1661 1
5071 1661 1
4405 1663 1
4321 1663 4
3483 1664 1
1361 1664 2
1664 1665 1
1361 1665 2
1361 1666 2
1665 1666 2
4399 1667 1
4262 1668 1
1667 1668 1
4409 1669 6
5155 1670 1
4312 1671 3
4294 1674 6
4385 1675 1
4262 1676 1
1675 1676 1
4254 1678 1
5101 1679 1
4409 1681 1
4262 1682 2
1681 1682 1
4447 1682 1
5116 1683 1
5239 1684 1
4272 1686 1
5352 1688 1
5151 1689 2
5291 1690 2
4359 1692 2
4100 1693 1
5384 1695 1
5151 1696 1
5123 1697 1
5323 1699 2
5225 1700 1
4100 1701 2
5323 1702 1
5291 1703 1
4293 1704 1
5352 1707 1
1707 1708 1
5352 1708 1
1178 1709 1
4258 1710 1
4262 1711 1
1710 1711 1
4336 1712 1
1712 1713 1
4490 1713 1
4262 1713 2
5105 1714 1
5225 1715 2
1361 1716 1
1716 1717 1
1361 1717 1
4427 1718 1
5219 1719 1
397 2094 2
4360 2094 3
3759 2094 3
3760 2094 1
3601 2095 3
3602 2095 3
3603 2095 3
4791 2096 1
1213 2096 1
4262 2096 4
5425 2096 1
1130 2096 1
5323 2097 1
2099 2098 1
2121 2099 3
2119 2099 3
2120 2099 3
2330 2100 1
4262 2100 5
1194 2100 1
2098 2100 1
3495 2100 1
2362 2100 1
4417 2101 2
4380 2102 4
1051 2103 1
2102 2103 4
5001 2103 1
2146 2103 1
4379 2103 1
3620 2103 1
2713 2103 3
2355 2103 1
4262 2103 13
5101 2104 2
5327 2108 1
4912 2109 1
3596 2109 1
5054 2109 1
3573 2109 1
629 2109 1
4262 2109 10
1159 2109 1
3567 2109 1
4934 2109 1
2108 2109 1
1094 2109 1
5262 2110 1
5167 2111 6
2112 2113 3
5145 2114 1
4262 2115 5
4433 2115 1
4141 2115 1
2114 2115 1
4559 2115 1
336 2115 1
1371 2116 1
4258 2116 4
5164 2118 1
5338 2122 1
4407 2123 2
5267 2124 1
3486 2125 3
4262 2125 8
4678 2125 1
4838 2125 1
2124 2125 1
4481 2125 1
1038 2125 1
5239 2126 2
4369 2127 1
4471 2127 1
4270 2127 2
4399 2128 2
4294 2129 1
4333 2130 1
4380 2131 1
5160 2132 9
2665 2132 1
2245 2132 1
4784 2132 1
4666 2132 1
497 2132 1
4756 2132 1
359 2132 1
2131 2132 1
1697 2132 1
4098 2133 1
4312 2135 3
4407 2137 2
5167 2138 1
5167 2139 2
3766 2141 1
5368 2142 5
463 2142 1
3655 2142 1
3673 2142 1
4385 2144 2
5360 2145 1
4380 2146 1
4312 2147 3
4387 2148 1
5344 2149 2
5243 2153 6
4415 2154 2
1390 2154 1
5262 2155 2
5123 2156 1
4317 2157 1
5353 2158 1
5352 2159 1
5350 2160 6
5105 2161 2
4100 2162 1
4260 2164 6
5121 2165 1
4321 2165 4
5123 2167 1
4333 2168 2
2170 2169 1
1231 2171 1
4873 2171 1
1248 2171 1
2677 2171 1
3509 2171 1
1487 2171 1
1558 2171 3
2169 2171 1
3562 2171 1
543 2171 1
4706 2171 1
1145 2171 1
4633 2171 1
476 2171 1
4685 2171 1
4796 2171 1
4321 2171 18
5400 2172 5
2677 2172 1
2169 2172 1
476 2172 1
3509 2172 1
5400 2173 5
2172 2173 5
5262 2174 1
5252 2175 1
4262 2176 2
4824 2176 1
2175 2176 1
5291 2180 1
2180 2181 1
4262 2181 1
4258 2183 1
5348 2185 2
5134 2189 1
5368 2190 2
1422 2197 1
4312 2197 3
5128 2198 1
5203 2199 2
5360 2200 1
5239 2201 1
5233 2203 1
4262 2204 2
4565 2204 1
2203 2204 1
4260 2205 1
4405 2206 1
5252 2207 2
4270 2208 2
2209 2208 1
4369 2208 1
5206 2210 6
2099 2211 1
4262 2212 1
2211 2212 1
5378 2213 1
5164 2214 2
5164 2215 1
4267 2216 1
2216 2217 1
4267 2217 1
4735 2218 1
1426 2218 1
2216 2218 1
4267 2218 4
4333 2219 3
2219 2220 3
3479 2220 1
4262 2220 10
4703 2220 2
1247 2220 1
1506 2220 1
646 2220 1
1149 2220 1
5211 2221 1
4305 2222 2
4419 2224 2
2226 2225 3
5211 2227 6
4401 2228 1
4305 2229 1
627 2230 1
2229 2230 1
4262 2230 2
4409 2231 2
3507 2232 1
3552 2232 1
2231 2232 1
1128 2232 1
2318 2232 1
4262 2232 5
5393 2233 3
4256 2237 1
4301 2238 2
5203 2241 1
4762 2242 2
4787 2242 1
4797 2242 1
4342 2242 6
2277 2242 1
5348 2243 2
5269 2244 1
5252 2245 1
4317 2247 1
5344 2248 1
5239 2249 1
1422 2251 1
4312 2251 3
5291 2252 1
4262 2253 2
4913 2253 1
2252 2253 1
5323 2254 2
4682 2255 1
2739 2255 1
2254 2255 2
5323 2255 7
4810 2255 1
1702 2255 1
4295 2256 4
4419 2257 1
5368 2258 2
5105 2259 6
5233 2260 2
1209 2261 1
5315 2261 1
2260 2261 1
323 2261 1
4630 2261 1
4262 2261 8
1517 2261 3
4387 2262 1
5366 2263 1
2263 2264 1
4289 2264 3
560 2264 1
4517 2264 1
4407 2265 1
4292 2266 1
4321 2267 1
2269 2268 1
2267 2268 1
2341 2269 5
1263 2269 2
532 2269 1
4321 2269 8
2170 2269 2
1185 2269 8
4270 2270 2
4369 2270 1
5360 2271 6
4100 2273 1
2273 2274 1
4262 2274 1
4309 2275 2
4342 2277 1
2277 2278 1
4342 2278 2
4762 2278 1
4762 2279 2
4342 2279 6
4787 2279 1
2277 2279 1
4797 2279 1
2277 2280 1
4787 2280 1
4797 2280 1
4342 2280 6
4762 2280 2
2277 2281 1
4787 2281 1
4342 2281 6
4797 2281 1
4762 2281 2
4342 2282 6
2277 2282 1
4797 2282 1
4787 2282 1
4762 2282 2
4342 2283 6
2277 2283 1
4762 2283 2
4787 2283 1
4797 2283 1
4787 2284 1
2277 2284 1
4342 2284 6
4762 2284 2
4797 2284 1
2277 2285 1
4342 2285 6
4787 2285 1
4797 2285 1
4762 2285 2
4787 2286 1
2277 2286 1
4342 2286 6
4762 2286 2
4797 2286 1
4787 2287 1
4797 2287 1
4762 2287 2
4342 2287 6
2277 2287 1
4797 2288 1
4787 2288 1
4342 2288 6
4762 2288 2
2277 2288 1
4797 2289 1
4342 2289 6
4762 2289 2
4787 2289 1
2277 2289 1
4342 2290 6
2277 2290 1
4797 2290 1
4762 2290 2
4787 2290 1
4342 2291 6
4787 2291 1
4797 2291 1
4762 2291 2
2277 2291 1
4342 2292 6
4787 2292 1
2277 2292 1
4762 2292 2
4797 2292 1
4787 2293 1
2277 2293 1
4762 2293 2
4342 2293 6
4797 2293 1
2226 2294 3
2226 2295 3
2294 2295 3
5333 2296 2
5327 2297 1
5262 2298 1
4267 2299 2
4353 2300 1
4312 2300 3
5142 2301 2
5128 2302 1
5128 2303 3
5048 2303 1
2302 2303 1
4767 2303 1
4419 2304 1
5267 2305 1
5214 2307 1
4262 2308 2
2307 2308 1
1127 2308 1
4309 2309 1
4359 2310 1
4383 2311 1
5348 2312 1
5346 2314 1
4409 2318 2
4295 2319 3
2678 2320 1
5136 2320 5
2319 2320 3
5170 2321 5
2320 2321 5
4419 2325 1
4419 2326 1
2325 2326 1
3485 2327 1
4419 2327 4
2325 2327 1
327 2327 1
5225 2329 1
2099 2330 2
5142 2331 1
5297 2332 1
2332 2333 1
4262 2333 1
5225 2335 2
4096 2336 3
4655 2337 1
4514 2337 1
4717 2337 1
5101 2337 4
4359 2338 1
5167 2339 2
2341 2340 1
412 2342 1
4684 2342 1
4914 2342 1
293 2342 1
4893 2342 1
1434 2342 1
1262 2342 1
617 2342 1
2343 2342 9
2340 2342 1
2341 2343 5
2269 2343 6
4524 2343 2
1263 2343 4
2269 2344 3
2340 2344 1
1434 2344 1
2344 2345 3
4289 2345 3
2344 2346 3
4289 2346 3
4359 2347 1
2347 2348 1
600 2348 1
4359 2348 4
4579 2348 1
4407 2349 1
5333 2350 1
5287 2351 2
5262 2352 6
5073 2352 1
4933 2352 1
1139 2352 1
4267 2353 2
4417 2354 1
4380 2355 1
4391 2356 1
4339 2361 1
2099 2362 2
4401 2363 1
5348 2364 1
4336 2365 7
4972 2365 1
5353 2370 1
2372 2371 2
3493 2371 1
5164 2373 1
2373 2374 1
5164 2374 5
1630 2374 1
1085 2374 1
5346 2376 6
5345 2380 6
5393 2381 3
4292 2382 2
4333 2384 6
4258 2660 1
4904 2661 1
2660 2661 1
4262 2661 2
5291 2662 1
5267 2665 1
4321 2666 4
4353 2666 1
4405 2667 1
4321 2667 4
4321 2668 6
2668 2669 5
4321 2670 4
4321 2671 4
2671 2672 1
2714 2672 2
3513 2672 1
5164 2673 2
2095 2674 2
4083 2675 2
5239 2676 1
2170 2677 1
2677 2678 1
2269 2678 3
3509 2678 1
2677 2679 1
5172 2679 2
3509 2679 1
5203 2680 2
5225 2683 1
5368 2689 2
4427 2691 2
4363 2692 1
4262 2693 1
2692 2693 1
4294 2694 1
4294 2695 4
356 2695 1
2694 2695 1
4638 2695 1
4333 2697 2
4405 2698 1
5225 2699 1
5366 2700 1
4258 2701 2
5378 2702 1
5366 2703 1
5206 2705 1
4315 2707 2
5214 2708 1
4427 2709 1
5345 2710 1
4405 2711 1
4380 2713 3
4321 2714 2
5214 2715 1
5231 2717 1
4960 2718 1
3571 2718 1
4973 2718 1
4262 2718 5
4872 2718 1
2717 2718 1
4363 2719 1
5239 2720 1
4270 2721 6
4369 2721 1
5269 2722 2
5211 2723 1
4096 2724 2
4369 2724 1
4353 2725 1
4312 2725 3
1178 2726 1
4254 2727 2
5101 2728 2
4385 2729 1
5378 2730 1
4264 2731 6
5267 2732 1
5352 2733 2
5136 2734 1
4289 2735 1
2734 2735 1
5101 2736 1
5323 2739 1
4391 2740 1
4262 2741 2
4840 2741 1
2740 2741 1
4100 2742 1
4407 3477 1
4385 3478 2
4333 3479 1
4399 3480 1
4401 3482 1
1361 3483 3
5208 3484 1
4419 3485 1
5267 3486 3
1499 3487 1
5231 3489 1
4359 3490 1
5123 3491 2
1178 3494 1
2099 3495 1
5350 3496 2
2269 3497 1
5384 3498 1
5345 3499 2
1178 3500 1
4289 3501 2
625 3501 1
3500 3501 1
5352 3502 1
5231 3503 1
4256 3505 2
5360 3506 2
4409 3507 1
5344 3508 1
2170 3509 1
1178 3510 1
5378 3512 2
5378 3514 6
4419 3515 2
5164 3516 1
5346 3517 1
4407 3519 2
4359 3520 1
4284 3522 1
5287 3523 1
4312 3524 3
4409 3525 1
1203 3526 1
1345 3527 3
3526 3527 1
511 3527 1
3556 3527 1
5145 3528 1
4262 3529 2
4652 3529 1
3528 3529 1
4293 3530 1
5368 3531 1
5105 3532 1
4317 3534 2
5346 3535 2
5353 3538 1
5269 3539 1
4262 3540 1
3539 3540 1
4312 3541 3
5393 3542 3
2099 3544 1
4380 3546 1
4262 3547 1
3546 3547 1
5353 3548 2
5211 3549 2
5360 3550 1
4339 3551 2
4409 3552 1
5243 3553 1
5384 3554 1
3557 3556 1
5291 3558 2
4383 3559 1
4312 3561 3
1422 3561 1
4319 3562 1
4312 3563 3
5252 3564 2
4312 3565 3
4342 3566 1
5327 3567 1
5151 3568 1
4309 3569 2
4312 3570 3
5231 3571 2
5327 3572 1
5327 3573 1
5145 3574 1
4339 3577 2
4387 3578 1
4407 3579 1
1554 3580 1
3580 3581 1
3582 3581 1
1554 3582 1
3582 3583 1
3580 3583 1
3580 3584 1
3582 3584 1
3582 3585 1
3580 3585 1
3582 3586 1
3580 3586 1
3582 3587 1
3580 3587 1
5214 3588 1
5287 3591 1
4312 3592 3
1559 3594 1
5142 3595 2
5327 3596 1
5233 3598 1
4369 3600 3
5327 3604 1
4301 3605 1
3605 3606 1
4533 3606 1
365 3606 1
4301 3606 4
5366 3607 1
5333 3608 2
4409 3609 1
3609 3610 1
4262 3610 1
4321 3611 2
3689 3611 1
4330 3612 2
3611 3612 2
1297 3614 1
1297 3615 1
3614 3615 1
4385 3616 1
5116 3617 1
5214 3618 1
1422 3619 1
4312 3619 3
4380 3620 2
5344 3621 1
5211 3622 1
5297 3623 1
5061 3624 1
3623 3624 1
4262 3624 2
5297 3626 2
4383 3627 1
5368 3628 1
5353 3630 2
5214 3632 1
5360 3633 1
5219 3634 1
5219 3635 2
3634 3635 1
4262 3636 7
5010 3636 1
549 3636 1
590 3636 1
4246 3636 1
3635 3636 2
4116 3636 1
3634 3637 1
1312 3637 1
4417 3638 2
4419 3639 1
5211 3640 2
4312 3641 3
4312 3642 3
4312 3643 3
4312 3644 3
4312 3645 3
4312 3646 3
4312 3647 3
4312 3648 3
4312 3649 3
4312 3650 3
4312 3651 3
4312 3652 3
4312 3653 3
1422 3653 1
4312 3654 3
5175 3654 1
5368 3655 1
5151 3656 2
4609 3656 1
4401 3657 1
4293 3659 2
5164 3660 1
5393 3661 3
5393 3662 3
5393 3663 3
5393 3664 3
4336 3665 1
3665 3666 1
4262 3666 1
4267 3667 1
5352 3668 1
4419 3669 1
5211 3670 2
4427 3671 2
5225 3672 2
5368 3673 1
5368 3674 1
3673 3674 1
5128 3675 1
1407 3676 3
5169 3677 1
5070 3678 1
3677 3678 1
4262 3678 2
5352 3679 1
4254 3680 1
4319 3681 1
4256 3682 1
4256 3683 1
5211 3686 1
5211 3687 1
3686 3687 1
4359 3688 1
4319 3689 1
4258 3691 1
4256 3693 1
4301 3694 1
5348 3696 1
5219 3697 1
3697 3698 1
3701 3698 1
3699 3698 2
5206 3699 1
5219 3699 1
5116 3700 1
5206 3701 1
4401 3703 1
5116 3704 2
4254 3705 1
3705 3706 1
4254 3706 1
4295 3707 1
4289 3708 1
3707 3708 1
1297 3709 1
1297 3710 1
3709 3710 1
5378 3711 1
4391 3713 2
4260 3715 2
4319 3716 1
5231 3764 6
3766 3765 2
4343 3766 4
2236 3766 3
2235 3766 3
4401 3767 1
5145 4061 6
4317 4064 1
4427 4065 1
4401 4066 1
4254 4068 1
4369 4069 1
4070 4069 1
4270 4069 2
5123 4071 3
4071 4072 3
5018 4072 1
4262 4072 8
4659 4072 1
1562 4072 1
2156 4072 1
3491 4072 1
4309 4074 1
4380 4075 1
4262 4076 2
4673 4076 1
4075 4076 1
5208 4078 2
4658 4079 1
392 4079 1
4078 4079 2
4751 4079 1
4262 4079 6
4229 4079 1
4401 4080 2
4258 4081 2
4083 4082 6
2367 4083 3
2366 4083 3
2368 4083 3
5269 4088 2
4258 4089 1
5345 4090 2
4256 4091 1
4091 4092 1
4262 4092 1
5353 4094 6
4369 4095 1
4096 4095 2
4321 4096 5
4098 4097 6
5415 4098 3
5414 4098 3
5416 4098 3
4100 4099 2
1310 4099 1
1593 4100 3
1594 4100 3
1592 4100 3
672 4101 1
4262 4101 6
4099 4101 2
1505 4101 1
2162 4101 1
1701 4101 1
5164 4102 6
4272 4106 1
1338 4107 1
4106 4107 1
4262 4107 2
4762 4108 2
4787 4108 1
4797 4108 1
2277 4108 1
4342 4108 6
1390 4109 1
4110 4109 2
4083 4111 1
4111 4112 1
2675 4112 1
4262 4112 4
4773 4112 1
5372 4112 1
5338 4114 1
5360 4115 2
5219 4116 2
5101 4120 6
5344 4121 1
5206 4122 1
5267 4123 1
5203 4124 1
4124 4125 1
4750 4125 1
1573 4125 1
5203 4125 4
4274 4126 1
5352 4127 1
1707 4128 1
3668 4128 1
4127 4128 1
5352 4128 3
4336 4129 1
4264 4130 2
5262 4131 2
4133 4132 3
5151 4134 2
4609 4134 1
5346 4135 2
5169 4136 2
4809 4137 1
4136 4137 1
4262 4137 5
504 4137 1
1277 4137 1
297 4137 1
5145 4141 2
5116 4142 1
5239 4143 6
5360 4145 1
4145 4146 1
2200 4146 1
1462 4146 1
4807 4146 1
5360 4146 5
4399 4147 1
462 4148 1
4147 4148 1
1452 4148 2
4816 4148 1
4262 4148 6
320 4148 1
5291 4149 2
4397 4150 3
4812 4150 1
4150 4151 3
1581 4151 1
1321 4151 1
4397 4151 6
4812 4151 1
4427 4152 1
4391 4153 6
5167 4154 1
4154 4155 1
4262 4155 2
367 4155 1
4609 4156 1
5151 4156 7
4385 4157 1
4761 4158 1
576 4158 1
4881 4158 1
1125 4158 1
1091 4158 1
4801 4158 1
2207 4158 1
567 4158 1
5160 4158 19
1374 4158 1
2305 4158 1
3478 4158 1
4157 4158 1
2697 4158 1
2701 4158 1
3598 4158 1
5423 4158 1
4909 4158 1
5238 4158 1
5160 4159 19
4158 4159 19
4343 4160 3
4343 4161 5
4160 4161 3
4321 4162 4
4787 4163 1
2277 4163 1
4797 4163 1
4762 4163 2
4342 4163 6
5155 4164 1
4262 4165 1
4164 4165 1
5360 4166 2
5323 4167 1
4169 4168 3
4407 4170 2
4098 4171 1
4270 4173 2
4174 4173 1
4369 4173 1
4407 4176 1
4176 4177 1
2137 4177 2
1166 4177 2
4225 4177 2
1216 4177 1
2123 4177 2
2265 4177 1
1509 4177 1
4262 4177 18
3579 4177 1
3519 4177 2
286 4177 1
632 4177 2
4312 4178 3
4385 4180 6
5155 4181 2
4284 4183 1
5145 4184 2
4274 4185 1
4185 4186 1
4187 4186 1
4274 4187 1
4185 4188 1
4126 4188 1
4126 4189 1
4185 4189 1
5211 4194 1
5142 4195 6
5128 4196 2
5353 4197 2
4199 4198 1
5405 4199 5
1235 4199 2
4198 4200 1
4201 4200 1
4199 4201 1
4342 4202 6
4312 4203 3
5360 4204 1
4427 4205 6
4098 4206 1
2133 4207 1
4206 4207 1
4262 4207 2
4254 4208 1
5167 4209 1
5353 4210 1
1249 4211 1
4210 4211 1
5353 4211 6
1162 4211 1
4385 4212 1
4417 4213 1
482 4214 1
4213 4214 1
4289 4214 2
4401 4215 1
4217 4216 1
4217 4218 1
4216 4218 1
4339 4219 1
4262 4220 2
1578 4220 1
4219 4220 1
4369 4221 1
4312 4221 1
4096 4221 2
4397 4222 2
4407 4225 2
5214 4226 1
5374 4227 1
4591 4227 1
507 4227 1
4226 4227 1
2708 4227 1
1173 4227 1
4262 4227 6
5252 4228 3
5208 4229 2
4339 4230 1
4262 4231 1
4230 4231 1
4419 4233 2
4272 4234 2
4438 4235 1
1076 4235 1
4234 4235 1
364 4235 1
4262 4235 4
4312 4239 3
3716 4241 1
4606 4241 1
547 4241 1
4796 4241 1
3689 4241 1
3681 4241 1
3562 4241 1
4289 4241 12
1231 4241 1
401 4241 1
1248 4241 1
4374 4241 2
5123 4242 1
4262 4243 2
2167 4243 1
4242 4243 1
5366 4244 2
4244 4245 2
4786 4245 1
2101 4245 2
4289 4245 5
5219 4246 2
4383 4247 2
2311 4247 1
5182 4247 1
5105 4248 2
4286 4249 1
5136 4250 2
1402 4250 1
4289 4251 2
4250 4251 2
4254 4253 2
4270 4254 5
4360 4254 3
4254 4254 4
3743 4254 3
4256 4255 6
4431 4256 3
4429 4256 3
4430 4256 3
1371 4257 1
4258 4257 7
4237 4258 3
4238 4258 3
4236 4258 3
4260 4259 2
1640 4260 3
1641 4260 3
1642 4260 3
1483 4261 1
475 4261 1
4262 4261 4
3715 4261 1
4259 4261 1
5327 4262 13
5105 4262 10
5344 4262 9
4258 4262 12
5366 4262 9
5145 4262 8
5123 4262 11
5352 4262 7
5164 4262 9
5345 4262 8
4264 4262 8
4301 4262 8
5287 4262 9
5297 4262 8
5155 4262 9
4098 4262 9
5101 4262 8
4427 4262 7
4401 4262 28
5116 4262 7
4309 4262 10
5214 4262 9
5348 4262 7
4292 4262 9
2095 4262 7
5239 4262 25
4317 4262 29
4339 4262 10
5169 4262 8
4359 4262 8
4380 4262 16
4260 4262 7
5128 4262 7
5291 4262 10
4293 4262 9
5225 4262 10
5350 4262 9
4385 4262 15
2099 4262 8
5142 4262 11
2341 4262 1
5167 4262 7
4305 4262 9
5346 4262 8
5206 4262 9
4336 4262 10
4286 4262 5
4333 4262 13
5203 4262 5
5353 4262 10
4254 4262 8
4387 4262 8
5151 4262 24
5267 4262 11
4267 4262 8
4083 4262 7
5211 4262 7
4391 4262 8
5333 4262 8
5252 4262 11
4407 4262 21
5368 4262 9
4272 4262 7
4417 4262 8
4100 4262 9
5231 4262 8
5208 4262 9
4419 4262 8
4363 4262 8
5269 4262 8
5219 4262 10
4397 4262 9
5233 4262 11
5262 4262 10
4405 4262 8
4256 4262 8
4409 4262 8
5360 4262 8
4399 4262 9
4264 4263 1
4360 4264 3
5369 4264 3
4264 4264 4
4270 4264 5
538 4265 1
4876 4265 1
1589 4265 1
2683 4265 1
4724 4265 1
1400 4265 1
3508 4265 1
4400 4265 1
4068 4265 1
384 4265 1
4817 4265 1
4262 4265 31
5100 4265 1
4925 4265 1
1239 4265 1
1289 4265 1
2148 4265 1
657 4265 1
4895 4265 1
1423 4265 1
3679 4265 1
4152 4265 1
3520 4265 1
3633 4265 1
2312 4265 1
4263 4265 1
423 4265 1
1414 4265 1
4477 4265 1
4836 4265 1
4995 4265 1
4646 4265 1
4267 4266 1
4267 4267 4
4270 4267 9
4360 4267 3
3748 4267 3
4262 4268 208
1264 4268 1
1545 4268 3
3638 4268 1
1305 4268 2
4135 4268 1
2736 4268 1
3534 4268 1
4965 4268 1
2733 4268 1
1599 4268 1
4535 4268 1
589 4268 1
1606 4268 2
520 4268 1
2363 4268 1
508 4268 1
3659 4268 1
1604 4268 2
1363 4268 1
4886 4268 1
4853 4268 1
4121 4268 1
5020 4268 1
1396 4268 1
309 4268 1
4688 4268 1
1597 4268 1
4395 4268 1
1610 4268 1
1251 4268 1
569 4268 1
4715 4268 1
2214 4268 1
1218 4268 1
2728 4268 1
1638 4268 1
5398 4268 1
3657 4268 1
1609 4268 1
5173 4268 1
2257 4268 1
3530 4268 1
1319 4268 2
1143 4268 1
4211 4268 3
606 4268 1
425 4268 1
1048 4268 1
1081 4268 1
3535 4268 1
651 4268 1
3671 4268 1
605 4268 1
1603 4268 1
4125 4268 1
291 4268 1
1632 4268 1
4680 4268 1
4577 4268 1
1284 4268 1
2327 4268 1
1182 4268 1
2680 4268 1
1600 4268 1
4566 4268 1
1718 4268 1
4233 4268 1
395 4268 1
1351 4268 1
5056 4268 1
4300 4268 1
509 4268 1
2110 4268 1
1447 4268 1
5395 4268 1
3578 4268 1
5060 4268 1
3703 4268 1
3639 4268 1
1176 4268 1
4146 4268 1
5261 4268 1
3548 4268 1
5064 4268 1
1227 4268 1
3517 4268 1
1039 4268 1
1692 4268 1
3704 4268 1
3670 4268 1
4208 4268 1
1625 4268 1
4627 4268 1
3482 4268 1
1187 4268 1
645 4268 1
3606 4268 1
1601 4268 1
4732 4268 1
4434 4268 1
1607 4268 1
2248 4268 1
4821 4268 1
1254 4268 1
4404 4268 1
4316 4268 1
2689 4268 1
1158 4268 1
4639 4268 1
414 4268 1
4726 4268 1
653 4268 1
4461 4268 1
4166 4268 1
2374 4268 2
2338 4268 1
2155 4268 1
2335 4268 1
1333 4268 1
4090 4268 1
3516 4268 1
1089 4268 1
4488 4268 1
5209 4268 1
3640 4268 1
4151 4268 1
1287 4268 1
1657 4268 1
313 4268 1
1157 4268 1
2337 4268 1
5227 4268 1
2243 4268 1
1364 4268 1
4485 4268 2
5299 4268 1
1385 4268 1
4266 4268 1
596 4268 1
1253 4268 1
1616 4268 1
4416 4268 1
4597 4268 1
2299 4268 1
1608 4268 1
4130 4268 1
2142 4268 2
1144 4268 1
4215 4268 1
2218 4268 1
5407 4268 1
1602 4268 1
298 4268 1
5288 4268 1
2352 4268 3
4826 4268 1
2711 4268 1
1605 4268 1
4935 4268 1
2348 4268 1
3550 4268 1
338 4268 1
2159 4268 1
4939 4268 1
3506 4268 1
1309 4268 1
1080 4268 1
2700 4268 1
2727 4268 1
2241 4268 1
1598 4268 1
4752 4268 1
4452 4268 1
1383 4268 1
3672 4268 1
4197 4268 1
1389 4268 1
355 4268 1
4066 4268 1
1322 4268 1
4425 4268 1
1295 4268 1
422 4268 1
5114 4268 1
329 4268 1
4996 4268 1
5235 4268 1
435 4268 1
4388 4268 1
5069 4268 1
2190 4268 1
1580 4268 1
557 4268 1
2199 4268 1
407 4268 1
5110 4268 1
4270 4269 3
4321 4270 20
4272 4271 6
4661 4272 3
4663 4272 3
4662 4272 3
4274 4273 1
4413 4274 4
4412 4274 3
4273 4275 1
4276 4275 1
4274 4276 1
5126 4276 3
4273 4277 1
4276 4277 1
4254 4278 1
4280 4279 76
4941 4279 1
1578 4279 1
4977 4279 1
4490 4279 1
1681 4279 1
4841 4279 1
1481 4279 1
1131 4279 1
2203 4279 1
4849 4279 1
3480 4279 1
2364 4279 1
4106 4279 1
627 4279 1
4967 4279 1
4362 4279 1
1719 4279 1
4743 4279 1
5139 4279 1
459 4279 1
4204 4279 1
4822 4279 1
1200 4279 1
1207 4279 1
630 4279 1
3669 4279 1
4206 4279 1
1684 4279 1
3623 4279 1
2329 4279 1
618 4279 1
2266 4279 1
4871 4279 1
2370 4279 1
4839 4279 1
1456 4279 1
3617 4279 1
656 4279 1
4781 4279 1
565 4279 1
4904 4279 1
2740 4279 1
521 4279 1
5057 4279 1
5163 4279 1
4832 4279 1
2698 4279 1
1315 4279 1
1636 4279 1
4742 4279 1
1222 4279 1
4824 4279 1
2307 4279 1
4278 4279 1
4075 4279 1
4558 4279 1
4602 4279 1
4473 4279 1
2252 4279 1
2130 4279 1
4635 4279 1
3616 4279 1
428 4279 1
3677 4279 1
370 4279 1
4679 4279 1
1269 4279 1
2702 4279 1
3528 4279 1
4242 4279 1
1430 4279 1
367 4279 1
1494 4279 1
1306 4279 1
4064 4279 1
4640 4279 1
4292 4280 1
5353 4280 1
5225 4280 1
4254 4280 1
4100 4280 1
5262 4280 1
4258 4280 1
4407 4280 1
4336 4280 1
4387 4280 1
4359 4280 1
4264 4280 1
5211 4280 1
2099 4280 1
4391 4280 1
4267 4280 1
4098 4280 1
5164 4280 1
5214 4280 1
5167 4280 1
4293 4280 1
5333 4280 1
5287 4280 1
5151 4280 1
5219 4280 1
5291 4280 1
4083 4280 1
4333 4280 1
5116 4280 1
4317 4280 1
5368 4280 1
5142 4280 1
4272 4280 1
5297 4280 1
5350 4280 1
4301 4280 1
5208 4280 1
5145 4280 1
5352 4280 1
5128 4280 1
5231 4280 1
5155 4280 1
5123 4280 1
5206 4280 1
4427 4280 1
5344 4280 1
4339 4280 1
5346 4280 1
5360 4280 1
5345 4280 1
5169 4280 1
5267 4280 1
5348 4280 1
5239 4280 1
4405 4280 1
4385 4280 1
5101 4280 1
5269 4280 1
4363 4280 1
4409 4280 1
5203 4280 1
4260 4280 1
4401 4280 1
4399 4280 1
5378 4280 1
4309 4280 1
4256 4280 1
4397 4280 1
5233 4280 1
2095 4280 1
4380 4280 1
5252 4280 1
5327 4280 1
4305 4280 1
4419 4280 1
4294 4280 1
4262 4281 62
4766 4281 1
2118 4281 1
2710 4281 1
459 4281 1
618 4281 1
4977 4281 1
5057 4281 1
1430 4281 1
1700 4281 1
1522 4281 1
4640 4281 1
4839 4281 1
4822 4281 1
386 4281 1
4204 4281 1
1456 4281 1
4531 4281 1
558 4281 1
3538 4281 1
586 4281 1
4806 4281 1
1315 4281 1
1082 4281 1
1636 4281 1
4643 4281 1
5163 4281 1
5082 4281 1
4515 4281 1
4924 4281 1
4707 4281 1
2228 4281 1
1622 4281 1
2698 4281 1
4815 4281 1
292 4281 1
2354 4281 1
2329 4281 1
438 4281 1
4543 4281 1
2370 4281 1
623 4281 1
3694 4281 1
325 4281 1
4871 4281 1
4635 4281 1
3669 4281 1
4847 4281 1
3617 4281 1
4473 4281 1
4558 4281 1
1131 4281 1
1200 4281 1
2703 4281 1
2723 4281 1
2364 4281 1
2304 4281 1
4064 4281 1
4781 4281 1
4832 4281 1
4278 4281 1
4890 4281 1
4574 4281 1
4284 4283 1
4286 4285 5
5263 4285 1
4283 4285 1
3522 4285 1
5389 4285 1
4096 4286 3
2341 4286 4
575 4286 1
4284 4286 4
4914 4287 1
4285 4287 5
1434 4287 1
4286 4287 10
4249 4287 1
1197 4287 1
2340 4287 1
1177 4288 1
4285 4288 5
1266 4288 6
1502 4288 1
4289 4288 35
1384 4288 1
4479 4288 1
4843 4288 1
1709 4288 1
568 4288 1
5265 4288 6
1145 4288 1
625 4288 1
4517 4288 1
4710 4288 1
620 4288 1
4183 4288 1
3500 4288 1
401 4288 1
1180 4288 1
5102 4288 1
637 4288 1
5208 4289 1
575 4289 1
5378 4289 8
5239 4289 1
4409 4289 1
5384 4289 14
2269 4289 3
4272 4289 1
4309 4289 1
5169 4289 1
4256 4289 1
5136 4289 10
4260 4289 1
5366 4289 11
4385 4289 1
4305 4289 1
4258 4289 1
5231 4289 1
4391 4289 1
5155 4289 1
4339 4289 1
4363 4289 1
4098 4289 1
5327 4289 1
4407 4289 1
4286 4289 5
4330 4289 42
4295 4289 3
5151 4289 1
5333 4289 1
4083 4289 1
4417 4289 11
4292 4289 1
5105 4289 1
2095 4289 1
5233 4289 1
5123 4289 1
2099 4289 1
5142 4289 1
4333 4289 1
4284 4289 5
5145 4289 1
4100 4289 1
2343 4289 2
4399 4289 1
5214 4289 1
5291 4289 1
5267 4289 1
5287 4289 1
5167 4289 1
4380 4289 1
1178 4289 7
5269 4289 1
4336 4289 1
4321 4289 2
5297 4289 1
1263 4289 3
4319 4289 11
5252 4289 1
4285 4290 5
4262 4290 5
4292 4291 1
2188 4292 3
2187 4292 3
2186 4292 3
3757 4293 3
4270 4293 5
4293 4293 7
4360 4293 3
4299 4294 3
4298 4294 3
4295 4294 6
4294 4294 5
4296 4295 11
4297 4295 5
4301 4300 2
4301 4301 4
3751 4301 3
4270 4301 5
4360 4301 3
4303 4302 83
2231 4302 1
3491 4302 1
4234 4302 1
1643 4302 1
3564 4302 1
1038 4302 1
569 4302 1
3638 4302 1
4300 4302 1
3558 4302 1
1130 4302 1
439 4302 1
1333 4302 1
4973 4302 1
1528 4302 1
355 4302 1
4722 4302 1
1285 4302 1
3640 4302 1
362 4302 1
4622 4302 1
3577 4302 1
1632 4302 1
2728 4302 1
4335 4302 1
2362 4302 1
3715 4302 1
1347 4302 1
5374 4302 1
4136 4302 1
2243 4302 1
1364 4302 1
4816 4302 1
2126 4302 1
2299 4302 1
3620 4302 1
2260 4302 1
2122 4302 1
5296 4302 1
329 4302 1
4449 4302 1
4826 4302 1
605 4302 1
4729 4302 1
1144 4302 1
2214 4302 1
4135 4302 1
4116 4302 1
1260 4302 1
5293 4302 1
5173 4302 1
1351 4302 1
651 4302 1
672 4302 1
5154 4302 1
3505 4302 1
4141 4302 1
2382 4302 1
5308 4302 1
1506 4302 1
4229 4302 1
5054 4302 1
2296 4302 1
4166 4302 1
2190 4302 1
2161 4302 1
5299 4302 1
2129 4302 1
2199 4302 1
455 4302 1
1187 4302 1
4395 4302 1
1509 4302 1
1133 4302 1
2155 4302 1
1518 4302 1
4233 4302 1
1348 4302 1
4773 4302 1
4197 4302 1
3659 4302 1
291 4302 1
2335 4302 1
5348 4303 1
5333 4303 1
4254 4303 1
5231 4303 1
5219 4303 1
5366 4303 1
5291 4303 1
4294 4303 1
4417 4303 1
5262 4303 1
5101 4303 1
4380 4303 1
5267 4303 1
5169 4303 1
1564 4303 1
5336 4303 1
4387 4303 1
5297 4303 1
5287 4303 1
5368 4303 1
4260 4303 1
4258 4303 1
5378 4303 1
4423 4303 1
4100 4303 1
5211 4303 1
5123 4303 1
5346 4303 1
4427 4303 1
4399 4303 1
4333 4303 1
5345 4303 1
5327 4303 1
4339 4303 1
4317 4303 1
5203 4303 1
5252 4303 1
4359 4303 1
5352 4303 1
4336 4303 1
5142 4303 1
5155 4303 1
5344 4303 1
4407 4303 1
5167 4303 1
5128 4303 1
5269 4303 1
4292 4303 1
4098 4303 1
5206 4303 1
4309 4303 1
4083 4303 1
5105 4303 1
5116 4303 1
4363 4303 1
4397 4303 1
4391 4303 1
5350 4303 1
4256 4303 1
5360 4303 1
5338 4303 1
5233 4303 1
4405 4303 1
5208 4303 1
5214 4303 1
4305 4303 1
4264 4303 1
5151 4303 1
5164 4303 1
4293 4303 1
4267 4303 1
4301 4303 1
4409 4303 1
4401 4303 1
4419 4303 1
5225 4303 1
5145 4303 1
5353 4303 1
4272 4303 1
4385 4303 1
2099 4303 1
2095 4303 1
5239 4303 1
4305 4304 1
1382 4305 3
1381 4305 3
1380 4305 3
4307 4306 83
2157 4306 1
4209 4306 1
4660 4306 1
4952 4306 1
2715 4306 1
4462 4306 1
4854 4306 1
5047 4306 1
1049 4306 1
1242 4306 1
587 4306 1
3696 4306 1
4976 4306 1
570 4306 1
4829 4306 1
5003 4306 1
372 4306 1
4777 4306 1
1489 4306 1
4576 4306 1
1267 4306 1
406 4306 1
450 4306 1
4589 4306 1
4171 4306 1
2262 4306 1
5418 4306 1
4979 4306 1
4636 4306 1
4991 4306 1
4955 4306 1
3700 4306 1
4981 4306 1
5004 4306 1
4819 4306 1
4304 4306 1
1670 4306 1
494 4306 1
1704 4306 1
4985 4306 1
2158 4306 1
4905 4306 1
1569 4306 1
4795 4306 1
4759 4306 1
4454 4306 1
1523 4306 1
524 4306 1
4896 4306 1
3477 4306 1
3621 4306 1
2709 4306 1
1135 4306 1
1696 4306 1
465 4306 1
4937 4306 1
1193 4306 1
1195 4306 1
4897 4306 1
303 4306 1
4785 4306 1
415 4306 1
5017 4306 1
1372 4306 1
4556 4306 1
4910 4306 1
5052 4306 1
1417 4306 1
382 4306 1
1092 4306 1
2221 4306 1
4728 4306 1
4776 4306 1
1331 4306 1
4410 4306 1
3531 4306 1
4920 4306 1
326 4306 1
5408 4306 1
3525 4306 1
466 4306 1
4956 4306 1
2297 4306 1
4267 4307 1
4294 4307 1
5219 4307 1
5333 4307 1
5123 4307 1
5116 4307 1
5239 4307 1
5203 4307 1
5101 4307 1
5378 4307 1
5353 4307 1
4292 4307 1
4258 4307 1
4397 4307 1
4427 4307 1
2099 4307 1
5287 4307 1
5225 4307 1
4363 4307 1
4336 4307 1
4260 4307 1
4387 4307 1
5345 4307 1
5291 4307 1
4339 4307 1
4380 4307 1
4083 4307 1
5164 4307 1
5252 4307 1
5231 4307 1
4098 4307 1
5344 4307 1
5155 4307 1
5169 4307 1
4405 4307 1
5297 4307 1
5366 4307 1
4333 4307 1
4417 4307 1
5105 4307 1
5262 4307 1
5327 4307 1
5128 4307 1
4309 4307 1
4385 4307 1
5151 4307 1
4256 4307 1
4100 4307 1
5267 4307 1
5211 4307 1
5346 4307 1
4423 4307 1
4401 4307 1
2095 4307 1
4305 4307 1
5208 4307 1
5142 4307 1
4264 4307 1
5145 4307 1
4359 4307 1
4293 4307 1
5350 4307 1
5360 4307 1
4407 4307 1
4419 4307 1
5336 4307 1
5368 4307 1
5269 4307 1
5214 4307 1
5338 4307 1
1564 4307 1
4409 4307 1
4391 4307 1
4254 4307 1
5352 4307 1
5167 4307 1
4317 4307 1
5348 4307 1
5233 4307 1
4272 4307 1
4399 4307 1
4301 4307 1
5206 4307 1
4309 4308 7
1658 4308 1
2377 4309 3
2378 4309 3
2379 4309 3
4270 4310 3
4312 4311 3
4369 4313 1
4349 4313 1
4270 4313 2
4315 4314 2
4317 4316 1
4349 4317 2
4345 4317 2
4347 4317 2
4353 4317 2
4350 4317 2
4346 4317 2
4352 4317 2
4351 4317 2
4354 4317 2
4355 4317 2
4348 4317 2
3745 4317 4
4360 4317 3
4270 4317 5
4317 4317 4
4319 4318 1
4524 4319 1
2726 4320 1
5102 4320 1
4873 4320 1
4879 4320 1
4633 4320 1
3594 4320 1
424 4320 1
4706 4320 1
1177 4320 1
4318 4320 1
1558 4320 3
3716 4320 1
4685 4320 1
625 4320 1
3689 4320 1
1709 4320 1
3562 4320 1
4547 4320 1
1248 4320 1
585 4320 1
401 4320 1
3510 4320 1
4606 4320 1
4517 4320 1
4796 4320 1
3681 4320 1
3500 4320 1
4710 4320 1
4321 4320 37
1145 4320 1
1231 4320 1
1487 4320 1
547 4320 1
543 4320 1
3494 4320 1
1178 4321 16
1559 4321 7
2165 4321 1
4274 4321 2
1499 4321 1
2226 4321 3
4373 4321 1
5377 4321 1
2672 4321 1
478 4321 1
1054 4321 3
2170 4321 4
4319 4321 20
5400 4321 1
4370 4321 54
4321 4322 45
4324 4322 39
4320 4322 37
5021 4322 1
660 4322 1
2225 4322 3
4322 4323 45
4321 4323 45
4321 4324 39
1488 4324 4
4320 4324 37
4321 4325 40
4324 4325 39
4327 4326 40
4325 4326 40
1615 4327 1
4321 4327 40
665 4327 1
5283 4327 1
4321 4328 41
4325 4328 40
4864 4328 1
3562 4329 1
4796 4329 1
4330 4329 41
1248 4329 1
1231 4329 1
1145 4329 1
4325 4329 40
2269 4330 4
4321 4330 43
1178 4330 1
1186 4330 2
1559 4330 5
4319 4330 5
4289 4331 43
2213 4331 1
2702 4331 1
4329 4331 41
4333 4332 1
670 4333 3
669 4333 3
671 4333 3
4332 4334 1
4262 4334 2
2130 4334 1
4336 4335 2
2177 4336 3
2179 4336 3
2178 4336 3
4262 4337 7
349 4337 3
398 4337 1
1184 4337 1
4335 4337 1
4129 4337 1
4339 4338 2
1542 4339 3
1541 4339 3
1543 4339 3
4292 4340 1
319 4341 1
655 4341 1
4340 4341 1
2382 4341 1
1419 4341 2
4262 4341 6
4348 4342 2
4350 4342 2
4354 4342 2
4349 4342 2
4346 4342 2
4345 4342 2
1084 4342 3
4347 4342 2
4352 4342 2
4353 4342 2
4343 4342 6
4355 4342 2
4351 4342 2
2235 4342 3
4342 4342 5
4344 4343 15
4260 4356 1
4262 4357 1
4356 4357 1
4361 4359 3
4360 4359 3
4359 4359 4
4270 4359 5
4363 4362 1
5330 4363 3
5329 4363 3
5328 4363 3
4262 4364 2
4362 4364 1
4990 4364 1
4366 4365 3
4363 4367 6
4369 4368 3
4321 4369 3
4373 4372 1
5121 4373 1
4321 4373 4
4372 4374 1
4833 4374 1
477 4374 1
4466 4374 1
1459 4374 1
4321 4374 13
5021 4374 1
1337 4374 3
3487 4374 1
1368 4374 1
2277 4375 1
4787 4375 1
4797 4375 1
4342 4375 6
4762 4375 2
4312 4376 3
4346 4377 3
4312 4378 3
4380 4379 2
2107 4380 3
2105 4380 3
2106 4380 3
4382 4381 83
462 4381 1
1474 4381 1
581 4381 1
2675 4381 1
5279 4381 1
2722 4381 1
4090 4381 1
1218 4381 1
1132 4381 1
3672 4381 1
2144 4381 1
3608 4381 1
4259 4381 1
4114 4381 1
1309 4381 1
1692 4381 1
4452 4381 1
5064 4381 1
4404 4381 1
5069 4381 1
2275 4381 1
4568 4381 1
1701 4381 1
516 4381 1
1213 4381 1
286 4381 1
4591 4381 1
1327 4381 1
364 4381 1
2733 4381 1
4838 4381 1
1690 4381 1
4434 4381 1
3571 4381 1
4130 4381 1
3534 4381 1
2689 4381 1
309 4381 1
3506 4381 1
2139 4381 1
324 4381 1
4246 4381 1
1252 4381 1
667 4381 1
1295 4381 1
298 4381 1
5060 4381 1
4433 4381 1
1689 4381 1
2680 4381 1
1143 4381 1
1149 4381 1
3535 4381 1
520 4381 1
1562 4381 1
655 4381 1
392 4381 1
396 4381 1
3671 4381 1
3548 4381 1
2318 4381 1
1089 4381 1
4181 4381 1
4422 4381 1
3512 4381 1
2727 4381 1
1094 4381 1
5205 4381 1
425 4381 1
3704 4381 1
5260 4381 1
5315 4381 1
3670 4381 1
2330 4381 1
3551 4381 1
1277 4381 1
398 4381 1
4744 4381 1
5209 4381 1
1563 4381 1
4379 4381 1
1080 4381 1
4938 4381 1
5105 4382 1
4401 4382 1
4098 4382 1
5252 4382 1
5208 4382 1
5142 4382 1
4417 4382 1
4260 4382 1
4294 4382 1
5297 4382 1
5269 4382 1
5151 4382 1
4336 4382 1
4256 4382 1
4267 4382 1
4293 4382 1
4387 4382 1
5211 4382 1
5169 4382 1
4272 4382 1
4292 4382 1
4419 4382 1
5368 4382 1
5145 4382 1
5225 4382 1
2099 4382 1
5231 4382 1
5287 4382 1
4405 4382 1
4409 4382 1
5378 4382 1
5206 4382 1
4254 4382 1
5262 4382 1
5352 4382 1
4391 4382 1
4100 4382 1
5348 4382 1
5164 4382 1
5167 4382 1
4339 4382 1
5203 4382 1
5123 4382 1
1564 4382 1
5350 4382 1
5336 4382 1
4359 4382 1
4380 4382 1
5344 4382 1
5346 4382 1
5345 4382 1
4083 4382 1
5338 4382 1
5116 4382 1
4317 4382 1
4427 4382 1
5267 4382 1
4301 4382 1
5333 4382 1
5128 4382 1
5101 4382 1
5327 4382 1
5219 4382 1
4407 4382 1
4399 4382 1
5366 4382 1
4397 4382 1
4333 4382 1
5214 4382 1
4305 4382 1
5291 4382 1
5353 4382 1
5155 4382 1
5233 4382 1
2095 4382 1
4423 4382 1
4309 4382 1
5239 4382 1
4385 4382 1
4363 4382 1
4258 4382 1
5360 4382 1
4264 4382 1
4348 4383 2
4352 4383 2
2235 4383 3
4345 4383 2
4353 4383 2
4354 4383 2
4347 4383 2
4383 4383 5
4350 4383 2
4351 4383 2
4343 4383 6
4355 4383 2
4346 4383 2
4349 4383 2
2334 4383 3
4385 4384 2
1275 4385 3
1274 4385 3
1273 4385 3
4387 4386 1
4353 4387 2
4270 4387 5
3752 4387 3
4360 4387 3
4387 4387 4
4387 4388 4
413 4388 1
4386 4388 1
1420 4388 1
4272 4389 1
4391 4390 1
2686 4391 3
2687 4391 3
2688 4391 3
2311 4394 1
3627 4394 1
5182 4394 2
4383 4394 6
1429 4394 1
4317 4395 2
4397 4396 6
4397 4397 4
4270 4397 5
4360 4397 3
4353 4397 2
3761 4397 3
4399 4398 1
2151 4399 3
2152 4399 3
2150 4399 3
4401 4400 1
4360 4401 3
4270 4401 5
3746 4401 3
4401 4401 7
4312 4402 3
4312 4403 3
4405 4404 2
4360 4405 9
665 4405 1
2154 4405 1
1615 4405 1
5255 4405 9
4405 4405 10
5283 4405 1
4270 4405 11
4407 4406 6
2358 4407 3
2359 4407 3
2357 4407 3
4409 4408 1
2191 4409 3
2192 4409 3
2193 4409 3
4339 4410 1
4312 4411 3
1422 4411 1
2672 4413 1
1378 4413 1
4417 4416 1
4360 4417 3
3747 4417 3
5349 4417 5
4419 4418 1
3742 4419 3
4270 4419 5
4419 4419 4
4360 4419 3
4264 4420 2
4339 4421 7
4969 4421 1
4423 4422 1
5130 4423 5
4360 4423 3
5132 4423 3
4401 4425 1
4427 4426 1
4360 4427 3
4427 4427 4
4270 4427 5
5257 4427 3
4426 4428 1
4427 4428 1
5145 4433 2
5262 4434 2
1564 4436 1
4385 4437 1
4272 4438 1
5252 4439 1
5225 4440 1
4305 4441 1
4098 4443 1
4264 4445 1
4387 4446 1
4409 4447 1
4409 4448 1
4385 4449 2
4363 4451 1
4401 4452 2
5345 4454 1
1297 4455 1
5151 4456 2
4609 4456 1
5267 4457 1
4262 4458 2
4849 4458 1
4457 4458 1
5352 4461 1
4100 4462 1
4293 4465 1
2672 4466 1
4466 4467 1
4413 4467 1
4413 4468 1
4466 4468 1
4413 4469 1
4466 4469 1
4466 4470 1
4413 4470 1
4609 4472 1
5151 4472 2
4264 4473 1
5344 4476 1
5350 4477 1
4274 4478 1
575 4479 1
4286 4480 1
4479 4480 1
5267 4481 1
4098 4483 1
4293 4485 2
4168 4487 1
4401 4488 1
4294 4489 1
4336 4490 1
4260 4491 1
5214 4509 2
4294 4511 1
4609 4513 1
5151 4513 2
5101 4514 1
5116 4515 1
5368 4516 1
1178 4517 1
5333 4519 1
5105 4521 1
5239 4523 1
4305 4527 1
4262 4528 1
4527 4528 1
4267 4531 1
5252 4532 1
4301 4533 1
4533 4534 1
4301 4534 1
4359 4535 1
5333 4537 1
4537 4538 1
4262 4538 1
5233 4539 2
4083 4540 1
4262 4541 2
4540 4541 1
4602 4541 1
2269 4542 1
5360 4543 1
5360 4544 1
2343 4546 1
1559 4547 1
5151 4550 1
4552 4551 1
5126 4551 1
5327 4553 1
5214 4554 1
4262 4555 1
4554 4555 1
5101 4556 1
4397 4558 1
5145 4559 1
5323 4561 1
5167 4562 1
1297 4564 1
5233 4565 1
4427 4566 1
5287 4568 2
2154 4570 1
4264 4571 1
1564 4573 1
4254 4574 1
5239 4576 1
4401 4577 1
4098 4578 1
4359 4579 1
4126 4580 1
4580 4581 1
4582 4581 1
4126 4582 1
4582 4583 1
4580 4583 1
4582 4584 1
4580 4584 1
4580 4585 1
4582 4585 1
4582 4586 1
4580 4586 1
4319 4587 1
5267 4588 1
5352 4589 1
5214 4591 2
4321 4592 1
4321 4593 1
4321 4594 1
2671 4595 2
4401 4597 1
4272 4599 1
5346 4600 1
4083 4602 1
5208 4603 1
4262 4604 2
4603 4604 1
4841 4604 1
4319 4606 1
4609 4607 1
5151 4607 2
4397 4608 1
5151 4609 1
4609 4610 1
5151 4610 2
4609 4611 1
1312 4611 1
4609 4612 1
1312 4612 1
1312 4613 1
4609 4613 1
1312 4614 1
4609 4614 1
1312 4615 1
4609 4615 1
4609 4616 1
1312 4616 2
4972 4616 1
1312 4617 1
4609 4617 1
5151 4618 2
4609 4618 1
4609 4619 1
1312 4619 1
1564 4622 1
5287 4624 1
2269 4625 1
4401 4627 1
5350 4629 1
5233 4630 1
4330 4631 1
4631 4632 1
4289 4632 1
1178 4633 1
3766 4634 1
5101 4635 1
5291 4636 1
4317 4637 1
4294 4638 1
5211 4639 1
5262 4640 1
5353 4642 1
5346 4643 1
5345 4645 1
4317 4646 1
5287 4647 1
4679 4648 1
4262 4648 2
4647 4648 1
4383 4650 2
5145 4651 1
5145 4652 1
5123 4654 1
5101 4655 1
4655 4656 1
5101 4656 1
4380 4657 1
5208 4658 1
5123 4659 1
5123 4660 1
4319 4664 1
4664 4665 1
4321 4665 1
4333 4666 1
5252 4668 1
4391 4671 1
4380 4673 1
5333 4674 1
5267 4678 1
5287 4679 1
4417 4680 1
5151 4681 1
5323 4682 1
1263 4684 1
1559 4685 1
4274 4686 1
5101 4688 1
5167 4689 1
5142 4690 1
5269 4692 1
4401 4693 1
4401 4694 1
4693 4694 1
5243 4695 1
5243 4696 1
4695 4696 1
4383 4701 1
4333 4703 2
4295 4704 1
4704 4705 1
4289 4705 1
4319 4706 1
5101 4707 1
4309 4708 1
1178 4710 1
5327 4711 1
4262 4712 1
4711 4712 1
5366 4715 1
5101 4717 1
5327 4719 1
4305 4722 2
5101 4723 1
4301 4724 1
4419 4725 1
4254 4726 1
5145 4728 1
4098 4729 2
5164 4730 1
4401 4732 1
4336 4734 1
4267 4735 1
4319 4736 1
5239 4739 1
5155 4740 1
5269 4742 1
5155 4743 1
4294 4744 1
2678 4745 1
3497 4745 1
2678 4746 1
2269 4746 1
2678 4747 1
1404 4747 1
2678 4748 1
2269 4748 1
5203 4750 1
5208 4751 1
5116 4752 1
4391 4754 1
4258 4756 1
5239 4757 1
5384 4758 1
5206 4759 1
5233 4760 1
5233 4761 2
4342 4762 2
5225 4763 1
4763 4764 1
5225 4764 1
4407 4765 1
5262 4766 1
5128 4767 1
4767 4768 1
5128 4768 1
4333 4769 1
4405 4771 1
4083 4773 2
4385 4774 1
4407 4775 1
2095 4776 1
5203 4777 1
5219 4778 1
5269 4779 1
4293 4781 1
5136 4782 1
4289 4783 1
4782 4783 1
5239 4784 1
5350 4785 1
2343 4786 1
4342 4787 1
4405 4788 1
2095 4791 1
5123 4792 1
5225 4794 1
4397 4795 1
4319 4796 1
4342 4797 1
2095 4800 1
4380 4801 1
4363 4804 1
5366 4806 1
5360 4807 1
4807 4808 1
5360 4808 1
5169 4809 1
5323 4810 1
4293 4811 1
4397 4812 1
4363 4813 1
4359 4815 1
4399 4816 2
5211 4817 1
5333 4818 1
4083 4819 1
4397 4821 1
4267 4822 1
5252 4824 1
4409 4825 1
4401 4826 2
4333 4829 1
3766 4830 1
5346 4832 1
5377 4833 1
5225 4834 1
5155 4835 1
5164 4836 1
5267 4838 2
4359 4839 1
4391 4840 1
5208 4841 1
5353 4842 1
4284 4843 1
5297 4844 1
5239 4845 1
5151 4846 1
4264 4847 1
5267 4849 1
4851 4852 3
4401 4853 1
4258 4854 1
4339 4856 1
4363 4859 1
5345 4860 1
4380 4861 1
3766 4862 1
4401 4863 1
1178 4864 1
4333 4867 1
5167 4868 1
4262 4869 1
4868 4869 1
4264 4870 1
5368 4871 1
5231 4872 1
4319 4873 1
5384 4875 1
5353 4876 1
5346 4877 2
1178 4879 1
4258 4881 1
5243 4883 2
4294 4885 1
5128 4886 1
4363 4887 1
5350 4890 1
4342 4891 2
5151 4892 1
1263 4893 1
4289 4894 1
4893 4894 1
4397 4895 1
4380 4896 1
4385 4897 1
4380 4902 1
4258 4904 1
1564 4905 1
4385 4908 1
5123 4909 1
4359 4910 1
5219 4911 1
5327 4912 1
5291 4913 1
2341 4914 1
4321 4918 1
4918 4919 1
2269 4919 1
5219 4920 1
5346 4922 1
5368 4924 1
5345 4925 1
2343 4926 2
5239 4927 1
4321 4928 1
4928 4929 1
2269 4929 1
5155 4930 1
4301 4931 1
5239 4932 1
5262 4933 1
5327 4934 1
5366 4935 1
4427 4936 1
4336 4937 1
5105 4938 2
5368 4939 1
2269 4940 1
4294 4941 1
5206 4942 1
5378 4943 1
4943 4944 1
5378 4944 1
4387 4945 1
5344 4946 1
4264 4948 1
4264 4949 1
4948 4949 1
2371 4950 1
4950 4951 1
2371 4951 1
5297 4952 1
4391 4953 1
4272 4955 1
4294 4956 1
5208 4957 1
4957 4958 1
4262 4958 1
4100 4959 1
5231 4960 1
4309 4961 1
5350 4962 1
5243 4963 1
4301 4965 1
4397 4966 1
4100 4967 1
4339 4969 1
5225 4970 1
5297 4971 1
4336 4972 1
5231 4973 2
4083 4974 1
5233 4976 1
5128 4977 1
5348 4978 1
5366 4979 1
5346 4981 1
5267 4982 1
4262 4983 1
4982 4983 1
5164 4985 1
4293 4987 1
4363 4990 1
4391 4991 1
5378 4993 1
5169 4994 1
5366 4995 1
4401 4996 1
5203 4998 1
5155 4999 1
5350 5000 1
4380 5001 1
4405 5002 1
4405 5003 1
5336 5004 1
5384 5006 1
4405 5008 1
5219 5010 1
3766 5011 1
5346 5013 1
4260 5016 1
4401 5017 1
5123 5018 1
5345 5020 1
5400 5021 1
4321 5040 3
3716 5040 1
4606 5040 1
4330 5041 3
5040 5041 3
3716 5042 1
4321 5042 2
4330 5043 2
5042 5043 2
5211 5044 1
5219 5045 1
4262 5046 1
5045 5046 1
5378 5047 1
5128 5048 1
5344 5050 1
4317 5051 1
5231 5052 1
5327 5054 2
5353 5056 1
4301 5057 1
5151 5059 2
4609 5059 1
5344 5060 2
5297 5061 1
2099 5063 1
4293 5064 2
5378 5065 1
5151 5066 1
5206 5067 1
4419 5069 2
5169 5070 1
5344 5071 1
5267 5072 2
5262 5073 1
4254 5075 2
5142 5080 1
5252 5081 1
5352 5082 1
4385 5083 1
4401 5084 1
4863 5085 1
5084 5085 1
4401 5085 3
4693 5085 1
5084 5086 1
4401 5086 3
4693 5086 1
4863 5086 1
4401 5087 3
4863 5087 1
5084 5087 1
4693 5087 1
4863 5088 1
4693 5088 1
4401 5088 3
5084 5088 1
4693 5089 1
4401 5089 3
4863 5089 1
5084 5089 1
4693 5090 1
4863 5090 1
4401 5090 3
5084 5090 1
4401 5091 3
5084 5091 1
4693 5091 1
4863 5091 1
4401 5092 3
4693 5092 1
5084 5092 1
4863 5092 1
4863 5093 1
4401 5093 3
5084 5093 1
4693 5093 1
4863 5094 1
4693 5094 1
5084 5094 1
4401 5094 3
4863 5095 1
4693 5095 1
4401 5095 3
5084 5095 1
4401 5096 3
4863 5096 1
5084 5096 1
4693 5096 1
4863 5097 1
4401 5097 3
4693 5097 1
5084 5097 1
4401 5098 3
4863 5098 1
4693 5098 1
5084 5098 1
4863 5099 1
4693 5099 1
5084 5099 1
4401 5099 3
5101 5100 1
4270 5101 9
5101 5101 4
4360 5101 3
5165 5101 3
4319 5102 1
4664 5103 1
4587 5103 1
1145 5103 1
4321 5103 4
5102 5103 1
5370 5105 2
5104 5105 3
5106 5105 3
5107 5105 3
5108 5105 1
4270 5109 3
4401 5110 1
4409 5111 1
1410 5112 1
3489 5112 1
3632 5112 1
4624 5112 1
5423 5112 1
545 5112 1
4289 5112 48
2719 5112 1
441 5112 1
2350 5112 1
1411 5112 1
2697 5112 1
2742 5112 1
1455 5112 1
4443 5112 1
289 5112 1
4761 5112 1
488 5112 1
1703 5112 1
3478 5112 1
3484 5112 1
5119 5112 1
2701 5112 1
3544 5112 1
1328 5112 1
3693 5112 1
540 5112 1
5238 5112 1
3604 5112 1
2205 5112 1
1686 5112 1
4681 5112 1
2320 5112 5
1454 5112 1
567 5112 1
1125 5112 1
518 5112 1
4651 5112 1
1637 5112 1
2244 5112 1
432 5112 1
2207 5112 1
5111 5112 1
4999 5112 1
378 5112 1
4254 5113 1
4254 5114 4
3705 5114 1
5113 5114 1
3680 5114 1
5116 5115 1
4360 5116 3
3749 5116 3
4270 5116 5
5116 5116 4
5116 5117 1
5115 5117 1
4292 5119 1
4321 5120 4
5121 5120 1
5123 5122 6
4104 5123 3
4105 5123 3
4103 5123 3
5126 5125 4
4274 5125 4
1378 5125 1
5128 5127 6
4270 5128 5
4360 5128 3
5128 5128 4
5335 5128 3
5131 5130 6
4270 5131 13
5134 5133 1
387 5135 1
1225 5135 1
4542 5135 1
3709 5135 1
2189 5135 1
1296 5135 1
5228 5135 1
1402 5135 1
4564 5135 1
5133 5135 1
5136 5135 14
621 5135 1
4625 5135 1
3614 5135 1
4455 5135 1
1297 5136 7
4295 5136 3
5229 5136 1
4551 5136 1
616 5136 1
487 5136 2
2269 5136 5
5134 5136 2
4336 5138 1
4407 5139 1
4262 5140 2
5139 5140 1
1529 5140 1
5142 5141 1
4084 5142 3
4085 5142 3
4086 5142 3
2331 5143 1
4262 5143 8
5080 5143 1
644 5143 1
3595 5143 2
1347 5143 1
5141 5143 1
5279 5143 1
5145 5144 1
4191 5145 3
4192 5145 3
4193 5145 3
5144 5146 1
4262 5146 1
4399 5147 6
5142 5149 1
5151 5150 2
4609 5150 1
489 5151 3
490 5151 3
491 5151 3
1336 5152 2
4513 5152 2
308 5152 2
4456 5152 2
4607 5152 2
4262 5152 21
1643 5152 1
4846 5152 1
652 5152 2
4892 5152 1
1689 5152 1
4610 5152 2
1161 5152 2
4472 5152 2
3656 5152 2
5150 5152 2
1446 5152 3
4134 5152 2
5059 5152 2
4618 5152 2
4305 5153 1
5155 5154 2
5314 5155 3
5313 5155 3
5312 5155 3
636 5156 2
4262 5156 6
5409 5156 1
4835 5156 1
5154 5156 1
4181 5156 1
4385 5157 3
442 5158 3
4449 5158 1
5157 5158 3
4908 5158 1
4262 5158 12
4437 5158 1
1243 5158 1
4774 5158 1
2144 5158 1
1416 5159 1
5001 5159 1
2219 5159 3
2201 5159 1
1243 5159 1
2713 5159 3
4532 5159 1
1437 5159 3
646 5159 1
2116 5159 4
1517 5159 3
5157 5159 3
4908 5159 1
4071 5159 3
3486 5159 3
2146 5159 1
4678 5159 1
4228 5159 3
2156 5159 1
323 5159 1
442 5159 3
2102 5159 4
5160 5159 48
4385 5160 15
5233 5160 10
5123 5160 10
5267 5160 10
5239 5160 10
4380 5160 16
5252 5160 10
4258 5160 11
4333 5160 9
5162 5161 4
5175 5161 1
1422 5162 2
4312 5162 5
5164 5163 1
4312 5164 2
5164 5164 4
3762 5164 3
4360 5164 3
4270 5164 5
5167 5166 1
301 5167 3
299 5167 3
300 5167 3
5169 5168 2
4139 5169 3
4140 5169 3
4138 5169 3
5136 5170 5
5170 5171 1
2170 5172 2
5170 5172 4
4264 5173 2
4312 5174 3
5175 5174 1
4797 5176 1
4342 5176 6
4762 5176 2
4787 5176 1
2277 5176 1
4309 5177 1
4262 5178 1
5177 5178 1
4401 5179 1
4359 5180 2
4383 5181 6
2311 5181 1
5182 5181 2
3627 5181 1
1429 5181 1
4383 5182 2
1429 5183 1
5182 5183 2
2311 5183 1
3627 5183 1
4383 5183 6
4383 5184 6
1429 5184 1
5182 5184 2
3627 5184 1
2311 5184 1
3627 5185 1
4383 5185 6
2311 5185 1
5182 5185 2
1429 5185 1
5182 5186 2
1429 5186 1
2311 5186 1
4383 5186 6
3627 5186 1
3627 5187 1
4383 5187 6
2311 5187 1
5182 5187 2
1429 5187 1
3627 5188 1
1429 5188 1
2311 5188 1
4383 5188 6
5182 5188 2
3627 5189 1
4383 5189 6
5182 5189 2
1429 5189 1
2311 5189 1
5182 5190 2
2311 5190 1
1429 5190 1
4383 5190 6
3627 5190 1
2311 5191 1
4383 5191 6
1429 5191 1
3627 5191 1
5182 5191 2
4383 5192 6
1429 5192 1
3627 5192 1
2311 5192 1
5182 5192 2
2311 5193 1
3627 5193 1
1429 5193 1
4383 5193 6
5182 5193 2
2311 5194 1
4383 5194 6
3627 5194 1
5182 5194 2
1429 5194 1
2311 5195 1
1429 5195 1
5182 5195 2
4383 5195 6
3627 5195 1
2311 5196 1
4383 5196 6
1429 5196 1
5182 5196 2
3627 5196 1
1429 5197 1
2311 5197 1
3627 5197 1
4383 5197 6
5182 5197 2
4383 5198 6
2311 5198 1
5182 5198 2
3627 5198 1
1429 5198 1
2311 5199 1
3627 5199 1
5182 5199 2
4383 5199 6
1429 5199 1
2311 5200 1
4383 5200 6
1429 5200 1
3627 5200 1
5182 5200 2
3627 5201 1
5182 5201 2
4383 5201 6
2311 5201 1
1429 5201 1
5203 5202 6
3741 5203 3
4270 5203 5
5203 5203 4
4360 5203 3
5206 5205 2
1153 5206 3
1155 5206 3
1154 5206 3
5208 5207 6
305 5208 3
307 5208 3
306 5208 3
5128 5209 2
5211 5210 1
4270 5211 5
3755 5211 3
5211 5211 4
4360 5211 3
628 5212 1
5211 5212 3
5210 5212 1
3686 5212 1
5214 5213 6
1521 5214 3
1519 5214 3
1520 5214 3
4260 5216 2
4294 5217 2
5221 5219 3
5220 5219 3
5218 5219 3
4317 5222 6
4405 5223 2
4270 5225 5
4360 5225 3
5226 5225 3
4353 5225 2
5225 5225 4
4405 5227 1
5229 5228 1
5231 5230 1
1491 5231 3
1492 5231 3
1490 5231 3
5233 5232 1
1441 5233 3
1440 5233 3
1442 5233 3
4267 5234 1
4397 5235 1
4305 5236 2
5236 5237 2
4262 5237 6
4722 5237 1
516 5237 1
537 5237 1
4441 5237 1
5239 5238 2
5245 5239 4
4223 5239 3
4224 5239 3
5423 5240 2
4123 5240 1
4761 5240 2
510 5240 1
5160 5240 37
2701 5240 2
1342 5240 1
567 5240 2
4867 5240 1
2183 5240 1
4845 5240 1
2207 5240 2
4760 5240 1
468 5240 1
473 5240 1
1244 5240 1
341 5240 1
5238 5240 2
4902 5240 1
5401 5240 1
4792 5240 1
2729 5240 1
604 5240 1
316 5240 1
2697 5240 2
5081 5240 1
1125 5240 2
3478 5240 2
5406 5240 1
5123 5241 1
4262 5242 1
5241 5242 1
1672 5243 3
5244 5243 5
5243 5243 4
1673 5243 3
4292 5246 1
2266 5247 1
5246 5247 1
4262 5247 2
4270 5249 2
4369 5249 1
5208 5250 1
5252 5251 6
5411 5252 3
5410 5252 3
5412 5252 3
4321 5254 4
4405 5254 1
4312 5258 3
4391 5260 2
5262 5261 1
4353 5262 2
5262 5262 4
4360 5262 3
4270 5262 5
3737 5262 3
4284 5263 1
4417 5265 6
5267 5266 1
5304 5267 3
5303 5267 3
5305 5267 3
5269 5268 6
2324 5269 3
2322 5269 3
2323 5269 3
5271 5270 3
5271 5272 4
5270 5272 3
5271 5273 4
5272 5273 4
5239 5274 2
2720 5275 1
304 5275 1
324 5275 1
1437 5275 3
5274 5275 2
2201 5275 1
1246 5275 1
4523 5275 1
1329 5275 1
4739 5275 1
626 5275 1
1237 5275 1
4757 5275 1
375 5275 1
4262 5275 22
4927 5275 1
2126 5275 1
4932 5275 1
1358 5275 1
2676 5275 1
4317 5277 2
5169 5278 6
5142 5279 2
5123 5280 2
5283 5282 1
1390 5283 1
5380 5283 2
4405 5284 10
502 5284 1
4570 5284 1
5282 5284 1
664 5284 1
4327 5285 3
502 5285 1
5282 5285 1
664 5285 1
5287 5286 6
453 5287 3
454 5287 3
452 5287 3
4317 5288 4
360 5288 1
1596 5288 1
5051 5288 1
4359 5289 6
5291 5290 1
1205 5291 3
1206 5291 3
1204 5291 3
4262 5292 7
3558 5292 1
544 5292 1
5290 5292 1
1498 5292 3
1690 5292 1
4258 5293 2
5293 5294 1
1132 5294 1
1136 5294 1
1416 5294 1
4262 5294 9
1621 5294 1
2116 5294 4
5233 5295 6
5297 5296 2
4118 5297 3
4119 5297 3
4117 5297 3
337 5298 1
1327 5298 1
4262 5298 5
5296 5298 1
480 5298 1
593 5298 1
4359 5299 2
4317 5300 1
4312 5301 5
5301 5302 4
5262 5306 6
5206 5308 2
4942 5309 1
1409 5309 1
5308 5309 1
5067 5309 1
5205 5309 1
4262 5309 6
310 5309 1
4797 5310 1
4787 5310 1
2277 5310 1
4762 5310 2
4342 5310 6
5269 5311 1
5233 5315 2
4270 5316 3
5175 5316 1
5252 5317 1
4262 5318 8
4228 5318 3
340 5318 1
3564 5318 1
4532 5318 1
667 5318 1
5317 5318 1
5105 5320 1
345 5321 1
5105 5321 5
1443 5321 1
1585 5321 1
5320 5321 1
5323 5322 1
4343 5323 4
2235 5323 3
2681 5323 3
5327 5326 6
4675 5327 3
4677 5327 3
4676 5327 3
5333 5332 6
1533 5333 3
1532 5333 3
1534 5333 3
5339 5336 4
2093 5336 3
2091 5336 3
5131 5336 4
4360 5336 3
5131 5337 6
2092 5338 3
5340 5338 5
4360 5338 3
2090 5338 3
5337 5338 5
4270 5339 9
5339 5340 6
4270 5341 5
5341 5342 4
4557 5343 1
4270 5343 3
4270 5344 5
4360 5344 3
5344 5344 4
3738 5344 3
4360 5345 3
3739 5345 3
5345 5345 4
4270 5345 5
3740 5346 3
5346 5346 4
4270 5346 5
4360 5346 3
4270 5347 3
3744 5348 3
4360 5348 3
4270 5348 5
5348 5348 4
4267 5349 6
4360 5350 3
3750 5350 3
4698 5350 2
5350 5350 4
4270 5350 5
4270 5351 3
3753 5352 3
5352 5352 4
4360 5352 3
4270 5352 5
3754 5353 3
4270 5353 5
5353 5353 4
4360 5353 3
4353 5353 2
4270 5354 3
4270 5355 3
4270 5356 3
4270 5357 3
4270 5358 3
4270 5359 3
3756 5360 3
4360 5360 3
5360 5360 4
4270 5360 5
4270 5361 3
4270 5362 3
4270 5363 3
4270 5364 3
5101 5365 6
4360 5366 3
5365 5366 5
3758 5366 3
4270 5367 3
5368 5368 4
4270 5368 5
3763 5368 3
4312 5368 2
4360 5368 3
4401 5371 6
4083 5372 1
5233 5373 1
5214 5374 2
5269 5375 1
2722 5376 1
554 5376 1
1133 5376 1
4262 5376 5
4692 5376 1
5375 5376 1
4321 5377 4
5121 5377 1
4360 5378 2
4369 5378 1
4270 5378 4
1121 5378 1
591 5378 1
5379 5378 3
5378 5378 4
4100 5381 2
5105 5382 1
5384 5383 1
1629 5384 1
1317 5384 1
1257 5385 1
4289 5385 10
1169 5385 1
529 5385 1
617 5385 1
3554 5385 1
1177 5385 1
4684 5385 1
5383 5385 1
4758 5385 1
3607 5385 1
4374 5386 1
4875 5386 1
553 5386 1
3554 5386 1
4758 5386 1
3498 5386 1
4546 5386 1
4289 5386 15
4786 5386 1
1695 5386 1
5383 5386 1
2319 5386 1
525 5386 1
1257 5386 1
529 5386 1
5006 5386 1
4301 5388 1
4284 5389 1
4272 5391 2
5393 5392 3
360 5395 1
5051 5395 1
1596 5395 1
4317 5395 4
5346 5396 1
5396 5397 1
5346 5397 1
5396 5398 1
584 5398 1
4922 5398 1
5346 5398 4
4321 5400 4
2170 5400 4
4385 5401 1
4199 5404 4
5123 5406 1
1596 5407 1
5051 5407 1
360 5407 1
4317 5407 4
4260 5408 1
5155 5409 1
3634 5413 1
5219 5413 7
4312 5417 3
5338 5418 1
4387 5419 6
5151 5421 1
5421 5422 1
4262 5422 1
5123 5423 2
4267 5424 6
2095 5425 1
