3656 0 1
11908 3 1
902 4 1
3 4 1
3265 5 1
3266 5 1
11950 7 1
3268 8 1
8 9 1
3268 9 1
8 10 1
239 10 1
3268 10 2
3644 11 1
3405 12 1
11925 13 1
12080 14 1
3469 15 1
940 16 1
15 16 1
940 17 1
15 17 1
482 18 1
237 18 1
11998 18 3
18 19 3
425 19 1
11998 19 4
3469 20 1
462 21 1
1001 21 2
20 21 1
20 22 1
3561 22 1
20 23 1
3561 23 1
11944 24 1
12080 25 2
3562 26 1
26 27 1
2807 27 1
3715 28 1
3564 29 1
3376 30 1
12000 31 1
3604 32 1
3810 33 1
3810 34 2
33 34 1
3532 35 1
12012 36 1
12012 37 1
36 37 1
3626 40 1
1331 41 1
41 42 1
12017 42 1
451 43 1
3334 43 2
41 43 1
41 44 1
3483 44 1
12080 46 1
3715 47 1
12076 49 1
3322 50 1
480 51 1
3565 51 2
3268 52 1
1701 53 1
523 54 1
53 54 1
11900 54 3
12004 55 3
54 55 3
54 56 3
11932 56 3
54 57 3
11904 57 3
54 58 3
4858 58 3
54 59 3
4858 59 3
4858 60 3
54 60 3
523 61 1
53 61 1
11900 61 2
53 62 1
1431 62 1
1431 63 1
53 63 1
11900 64 1
53 64 1
12000 65 1
48 66 1
3464 67 1
66 67 1
3464 68 1
66 68 1
12080 69 1
3611 70 1
3254 71 1
3661 73 1
250 74 1
73 74 1
3284 74 4
358 74 1
467 74 1
12080 75 1
1539 76 1
11975 78 1
11979 79 1
78 79 1
11979 80 1
78 80 1
78 81 1
3407 81 1
12080 82 1
3614 83 1
12080 84 1
3256 85 1
12080 87 1
3609 89 1
3616 90 1
11895 91 1
392 92 1
3702 92 2
3461 93 1
12000 94 1
11998 95 4
3643 96 1
3775 97 1
11900 99 1
99 100 1
4858 100 1
2684 101 3
99 101 1
523 101 1
101 102 3
1631 102 3
101 103 3
1631 103 4
104 103 4
1631 104 4
101 104 3
1631 105 4
104 105 4
1419 106 1
1419 107 1
106 107 1
3268 108 1
3540 109 1
3444 111 1
1560 112 1
111 112 1
1560 113 1
111 113 1
111 114 1
1560 114 1
12080 115 1
3607 116 1
3615 117 1
3256 119 1
11908 120 1
902 121 1
120 121 1
12000 122 1
986 123 1
123 124 1
987 124 2
361 124 1
864 125 1
3254 126 1
3640 127 1
3618 128 1
3284 129 1
3408 130 1
3372 131 1
12000 132 1
3461 133 1
133 134 1
3463 134 1
11925 135 1
137 136 1
136 138 1
12057 138 1
136 139 1
1002 139 1
136 140 1
3557 140 1
141 142 3
312 142 2
148 142 1
141 143 3
339 143 2
147 143 1
338 143 2
144 143 3
146 143 1
1592 149 1
3609 150 1
3649 151 1
12000 152 1
3402 153 1
11950 154 1
3802 155 1
523 156 1
11900 156 2
155 156 1
523 157 1
155 157 1
292 157 1
505 157 1
3671 157 4
933 158 1
155 158 1
523 159 1
11900 159 2
155 159 1
155 160 1
11932 160 1
3683 162 1
162 163 1
789 163 1
897 164 1
12029 165 1
164 165 1
12029 166 1
164 166 1
3631 167 1
169 168 1
3298 170 1
11998 171 4
3266 172 1
12080 173 1
3629 174 1
4881 175 1
12080 176 1
1201 177 1
12080 178 1
3503 179 1
181 180 1
3647 182 1
1524 183 1
183 184 1
1524 184 1
3254 185 1
3627 186 1
12000 187 1
12080 188 1
3512 189 1
3512 190 1
189 190 1
189 191 1
3512 191 1
3512 192 1
189 192 1
3512 193 1
189 193 1
189 194 1
3512 194 1
197 195 1
196 195 3
1154 195 3
199 198 1
12076 200 1
12025 201 1
12027 202 1
201 202 1
4841 203 1
12000 204 1
3540 205 1
3268 207 1
1687 208 1
3582 209 1
12000 210 1
1539 211 1
3642 213 1
12000 214 1
12000 215 1
1222 216 1
3266 217 1
3265 218 1
217 218 1
3436 218 2
217 219 1
3436 219 1
439 220 1
217 220 1
3290 220 2
3439 221 1
12000 222 1
3645 223 1
3651 226 1
3262 227 1
1099 228 1
1329 229 1
1097 231 1
3266 233 1
3653 235 1
12080 236 1
238 237 1
2705 238 1
11998 238 4
3266 239 1
532 240 1
323 240 1
3339 240 3
534 241 1
1443 241 3
548 241 1
12080 242 1
3648 243 1
830 244 1
244 245 1
3350 245 1
851 246 1
246 247 1
4867 247 2
12000 248 1
3661 250 1
254 253 1
2778 255 1
253 255 1
2778 256 1
253 256 1
2778 257 1
253 257 1
2778 258 1
253 258 1
1288 261 1
1446 263 1
4841 264 1
782 265 1
3759 266 1
266 267 1
3759 267 1
864 268 1
933 269 1
268 269 1
3645 271 1
3474 273 1
11933 274 1
3617 275 1
12013 276 1
1243 277 1
1175 278 1
277 278 1
11996 279 1
3254 280 1
12080 281 1
3654 282 1
11895 283 1
283 284 1
91 284 1
283 285 1
11897 285 1
287 286 1
851 288 1
465 289 1
505 289 1
288 289 1
4858 289 3
4867 290 2
288 290 1
1288 291 1
3669 292 1
12053 293 1
3620 294 1
851 295 1
295 296 1
4867 296 2
3589 297 1
2765 298 1
298 299 1
3483 299 1
12080 300 1
3268 301 1
11928 302 1
2816 304 1
3268 305 1
12025 306 1
12027 307 1
306 307 1
12080 309 1
3652 310 1
3589 311 1
314 313 1
316 315 1
313 315 1
314 316 1
313 317 1
318 317 1
314 318 1
3639 319 1
161 320 1
161 321 1
320 321 1
12000 322 1
3331 323 1
3339 324 3
323 324 1
532 324 1
12080 325 1
3613 326 1
3383 327 1
12080 328 1
3345 329 1
1186 330 1
3268 331 1
1031 332 1
332 333 1
937 333 1
3378 334 1
1653 335 1
3750 336 1
3628 337 1
3268 340 1
340 341 1
3268 341 1
3610 342 1
3318 343 1
3268 344 1
392 345 1
12072 345 2
347 346 1
11967 348 1
346 348 1
346 349 1
11967 349 1
346 350 1
11967 350 1
3430 351 1
3268 352 1
11935 353 1
12080 354 1
1552 355 1
2797 356 1
12080 357 1
3315 358 1
1377 360 2
435 360 1
986 361 1
361 362 1
987 362 1
3589 363 1
3783 364 1
363 364 1
1283 365 1
11992 366 1
365 366 1
1283 367 1
365 367 1
12009 370 1
3441 371 1
77 372 1
12076 373 1
12078 374 1
373 374 1
373 375 1
12078 375 1
3254 376 1
3319 377 1
3630 378 1
3284 379 1
12080 382 1
3614 385 1
12025 386 1
386 387 1
12027 387 1
3268 388 1
869 389 1
12080 390 2
12080 391 1
3771 392 1
3678 393 1
392 393 1
3678 394 1
392 394 1
392 395 1
3783 395 1
1222 396 1
1096 397 1
397 398 1
11998 398 1
2700 399 1
397 399 1
397 400 1
2700 400 1
787 401 1
2771 402 1
3287 403 1
403 404 1
3561 404 1
403 405 1
3561 405 1
3630 406 1
3538 407 1
3538 408 1
407 408 1
3611 409 1
12080 410 1
260 411 1
411 412 1
3414 412 1
3414 413 1
411 413 1
411 414 1
3414 414 1
411 415 1
3414 415 1
411 416 1
3535 416 1
12000 417 1
1421 418 1
418 419 1
3424 419 1
3424 420 1
418 420 1
12025 421 1
12027 422 1
421 422 1
3319 424 1
426 425 1
2700 427 1
425 427 1
2700 428 1
425 428 1
425 429 1
2700 429 1
425 430 1
2700 430 1
3622 431 1
3284 432 1
871 433 1
433 434 1
435 434 1
1116 434 2
1377 435 1
11895 436 1
12069 437 1
3591 438 1
437 438 1
2731 439 1
12063 441 1
441 442 1
443 442 1
12063 443 1
443 444 1
441 444 1
1003 445 1
445 446 1
447 446 1
1003 447 1
449 448 1
445 448 1
1003 449 1
3268 450 1
922 451 1
3395 452 1
3256 453 1
3624 454 1
3572 455 1
455 456 1
1227 456 1
3284 459 1
3634 460 1
3538 462 1
462 463 1
950 463 1
950 464 1
462 464 1
2681 465 1
465 466 1
11933 466 2
3315 467 1
3383 468 1
3605 469 1
3533 470 1
3428 471 1
471 472 1
3428 472 1
4878 473 1
3691 474 1
3441 475 1
1105 476 1
2816 477 1
2705 478 1
238 479 1
478 479 1
3256 480 1
3565 481 1
480 481 1
11997 482 1
12000 483 1
3402 484 1
3527 487 1
12076 488 1
12080 489 1
3686 492 1
3688 493 1
492 493 1
1227 494 1
11995 495 1
494 495 1
3574 496 1
494 496 1
494 497 1
3574 497 1
494 498 1
3574 498 1
1217 499 1
3606 500 1
2731 501 1
501 502 1
2807 502 1
12080 503 1
3669 505 1
3671 506 1
505 506 1
505 507 1
3671 507 1
12000 508 1
12000 509 1
3604 511 1
2689 512 1
3275 513 1
512 513 1
486 514 1
968 515 1
12013 516 1
3657 517 1
12080 518 1
3655 520 1
12000 521 1
3313 522 1
1798 523 1
523 524 1
11900 524 1
523 525 1
11932 525 1
523 526 1
11932 526 1
523 527 1
11932 527 1
2807 528 1
3451 529 1
2681 530 1
3706 531 1
3331 532 1
12080 533 1
3428 534 1
548 535 1
534 535 1
1443 535 2
1443 536 2
548 536 1
534 536 1
3817 537 1
12080 538 1
3322 539 1
12000 540 1
12080 541 1
3639 542 1
308 543 1
3313 545 1
12080 546 1
3562 547 1
3760 548 1
3370 549 1
3370 550 1
549 550 1
894 551 1
3284 552 1
1186 553 1
555 554 1
1204 554 1
3497 555 1
12033 776 3
1587 776 2
776 777 3
12033 777 3
12080 778 1
780 781 1
212 781 2
12014 782 4
3339 783 4
12025 784 1
784 785 1
12027 785 3
1196 785 2
1606 785 1
787 786 1
1028 788 1
401 788 1
1407 788 1
85 788 1
1767 788 1
789 788 6
786 788 1
3683 789 1
3256 789 1
2773 789 2
1408 789 1
1307 789 1
3503 789 2
3487 789 2
787 789 2
3565 789 2
3254 789 2
401 790 1
786 790 1
789 790 6
1407 790 1
1767 790 1
85 790 1
1028 790 1
789 791 4
1407 791 1
401 791 1
786 791 1
1028 791 1
789 792 1
786 792 1
280 793 1
85 793 1
786 793 1
789 793 3
789 794 4
85 794 1
786 794 1
1273 794 2
1273 795 2
786 795 1
789 795 3
789 796 2
85 796 1
786 796 1
789 797 5
85 797 1
1474 797 2
1407 797 1
786 797 1
786 798 1
789 798 1
1407 799 1
789 799 2
786 799 1
1271 800 1
786 800 1
811 800 5
789 800 6
811 801 5
789 801 6
786 801 1
1271 801 1
789 802 2
1271 802 1
786 802 1
1271 803 1
789 803 2
786 803 1
786 804 1
789 804 1
789 805 3
1273 805 2
786 805 1
1271 805 1
789 806 3
1271 806 1
786 806 1
1273 806 2
1271 807 1
789 807 2
786 807 1
786 808 1
1273 808 2
789 808 6
1407 808 1
1474 808 2
789 809 2
786 809 1
162 809 1
1271 810 1
401 810 1
789 810 3
786 810 1
789 811 5
401 811 1
786 811 1
1474 811 2
789 812 1
786 812 1
789 813 3
1232 813 2
786 813 1
789 814 4
1474 814 2
786 814 1
11940 815 1
11942 816 1
815 816 1
3490 817 1
12042 818 1
818 819 1
974 819 1
1289 819 1
12044 819 4
11970 820 4
819 820 4
818 821 1
12044 821 3
29 821 1
1289 821 1
12044 822 2
818 822 1
1289 822 1
824 823 3
3496 823 3
3497 824 3
826 825 1
3287 826 4
828 827 1
825 827 1
826 828 1
273 829 1
1716 829 1
3483 829 3
3350 830 2
3361 831 1
3360 831 1
3359 831 1
3362 831 1
11928 831 1
3759 831 2
3363 831 1
12025 832 1
3287 833 4
468 833 1
1454 833 1
49 833 1
832 833 1
835 834 3
3678 836 1
3678 837 1
836 837 1
1390 838 3
839 838 4
3469 839 3
838 840 4
841 840 4
839 841 4
3469 841 3
841 842 4
838 842 4
841 843 4
838 843 4
12000 844 1
12005 845 1
847 846 1
849 848 1
846 848 1
3583 849 3
847 849 1
851 850 1
4867 852 4
998 852 1
850 852 1
295 852 1
852 853 4
3542 853 5
205 853 1
855 854 2
1638 854 1
1380 855 1
12018 855 4
854 856 2
1300 856 1
389 856 1
12016 856 6
866 856 1
921 856 1
3483 857 2
854 857 2
858 859 1
858 860 4
858 861 1
858 862 4
3298 866 1
1679 867 1
1426 867 1
921 867 1
149 867 1
1668 867 1
389 867 1
866 867 1
12023 867 8
1796 867 1
869 868 1
3291 870 1
3754 871 4
12018 872 4
874 873 1
873 875 1
3423 875 1
3423 876 1
873 876 1
3535 877 1
877 878 1
3412 878 1
877 879 1
880 879 1
3535 880 5
3412 881 1
877 881 1
877 882 1
880 882 1
884 883 3
2686 883 1
3706 885 1
3268 886 1
3637 887 1
3760 888 1
888 889 1
3759 889 2
831 890 2
889 890 2
892 891 1
891 893 1
894 893 2
892 894 2
894 895 3
893 895 2
2749 896 5
895 896 3
1595 896 2
3254 898 2
3331 899 1
902 901 2
1755 901 1
11908 902 3
901 903 2
904 903 4
288 903 1
465 903 1
2681 904 1
851 904 1
902 904 2
12080 905 1
3370 906 1
906 907 1
3372 907 1
2658 908 1
908 909 1
2658 909 2
2658 910 2
909 910 2
912 911 1
914 913 1
911 913 1
1745 914 2
3546 914 1
912 914 1
911 915 1
916 915 1
858 916 1
1087 916 2
912 916 1
3322 917 1
917 918 1
3740 918 2
918 919 2
3463 919 3
1266 919 1
922 921 1
921 923 1
12017 923 2
1182 923 1
12017 924 7
1182 924 1
153 924 1
921 924 1
389 924 1
240 924 3
926 925 4
926 927 1
11940 930 1
287 930 1
933 932 2
268 932 1
3671 933 4
3802 933 1
864 933 3
125 934 1
932 934 2
933 934 3
1378 935 1
1433 935 4
932 935 2
933 935 7
937 936 1
1031 937 2
939 938 1
936 938 1
937 939 1
11995 939 4
12025 940 1
3469 940 1
1462 941 1
3305 941 3
454 941 1
3589 943 1
3591 944 1
943 944 1
3637 945 1
12025 946 1
475 947 1
488 947 1
327 947 1
3287 947 4
946 947 1
327 948 1
475 948 1
946 948 1
3287 948 5
488 948 1
407 949 1
950 949 7
371 949 1
948 949 5
3441 950 1
3287 950 5
3538 950 2
948 951 5
371 951 1
950 951 6
948 952 5
950 952 5
950 953 5
948 953 5
950 954 5
948 954 5
3443 955 5
948 955 5
3287 956 4
946 956 1
475 956 1
327 956 1
488 956 1
2748 957 1
12038 958 1
957 958 1
1107 959 1
12038 959 2
957 959 1
1407 960 1
961 960 2
957 960 1
2773 961 2
1408 961 1
2748 961 1
376 962 1
12038 962 3
957 962 1
1643 962 1
957 963 1
12038 963 1
957 964 1
12038 964 1
957 965 1
12038 965 1
12080 966 1
968 967 1
967 969 1
3554 969 5
1098 969 1
1452 969 1
1187 969 2
1098 970 1
3554 970 6
967 970 1
1452 970 1
1185 970 1
553 970 1
970 971 6
553 971 1
1185 971 1
3554 971 6
3621 972 1
3564 974 1
3287 975 4
12000 976 1
978 977 1
982 981 3
3691 984 1
11998 985 4
987 986 1
3503 986 1
986 987 3
3488 987 4
3750 988 1
988 989 1
990 989 1
3750 990 2
11946 990 5
12014 991 1
12014 992 1
991 992 1
991 993 1
12014 993 1
12025 995 1
12027 996 1
995 996 1
3268 997 1
851 998 1
3350 999 2
3503 1000 1
3309 1001 4
3469 1001 1
3538 1001 1
3546 1002 1
3366 1002 2
137 1002 1
2681 1004 1
1004 1005 1
11933 1005 2
1009 1008 1
11937 1010 2
261 1010 1
1008 1010 1
11937 1011 2
1008 1011 1
261 1011 1
11937 1012 1
1008 1012 1
11937 1013 1
1008 1013 1
1008 1014 1
11937 1014 1
11937 1015 1
1008 1015 1
1008 1016 1
11937 1016 1
11937 1017 1
1008 1017 1
11937 1018 1
1008 1018 1
1008 1019 1
11937 1019 1
1008 1020 1
11937 1020 1
1008 1021 1
11937 1021 1
3589 1022 1
1022 1023 1
3591 1023 1
12091 1024 1
1024 1025 1
1026 1025 1
12091 1026 1
12000 1027 1
3254 1028 1
280 1029 1
3271 1029 4
1028 1029 1
51 1029 2
1031 1030 1
3406 1031 3
1399 1032 1
1033 1032 2
1030 1032 1
1031 1033 1
3569 1033 1
3387 1034 2
1399 1034 1
1030 1034 1
1030 1035 1
3502 1035 2
1399 1035 1
1030 1036 1
937 1036 2
3572 1037 7
455 1037 1
1400 1037 2
1402 1037 3
1036 1037 2
4867 1038 2
1353 1038 1
12080 1039 1
3607 1040 1
3461 1041 1
3463 1042 1
1041 1042 1
2771 1044 1
1044 1045 1
2773 1045 1
1770 1046 1
2773 1046 3
1044 1046 1
12038 1047 3
1046 1047 3
1046 1048 3
12038 1048 3
1287 1049 1
1046 1049 3
261 1049 1
2747 1049 7
1107 1049 1
291 1049 1
1044 1050 1
2773 1050 1
1051 1052 3
11928 1052 1
1054 1053 1
12018 1054 4
1053 1055 1
3481 1055 1
1059 1056 1
1058 1056 2
458 1056 1
3761 1056 1
457 1056 1
1057 1056 2
3636 1060 1
12080 1061 1
3650 1062 1
3632 1063 1
3488 1064 3
3602 1065 1
3451 1066 1
12080 1067 1
12080 1068 1
12080 1071 1
3262 1072 1
3262 1073 1
1072 1073 1
1072 1074 1
1075 1074 4
1101 1074 1
227 1074 1
12076 1075 1
3262 1075 3
1074 1076 4
1075 1076 4
1079 1078 1
1678 1080 1
1078 1080 1
3543 1080 2
1539 1081 2
4867 1082 1
4872 1083 1
1082 1083 1
1249 1084 1
4858 1084 2
1082 1084 1
4858 1085 1
1082 1085 1
3266 1086 1
3391 1088 1
11952 1089 3
209 1089 1
1245 1089 1
11954 1090 3
1089 1090 3
12031 1091 1
11897 1092 3
436 1092 1
12 1092 1
1092 1093 3
2764 1093 3
3608 1095 1
1340 1096 4
3552 1098 1
3284 1100 1
3262 1101 1
1101 1102 1
1075 1102 1
1105 1104 1
12014 1105 4
12072 1106 1
1009 1107 1
1113 1108 1
3500 1108 1
1110 1108 1
865 1108 1
1112 1108 1
1111 1108 1
1109 1108 1
871 1114 1
1116 1115 1
1114 1115 1
11924 1116 3
871 1116 4
145 1116 1
380 1116 2
1377 1116 1
1114 1117 1
871 1117 2
1116 1118 2
1117 1118 2
871 1119 3
1117 1119 2
1117 1120 2
1119 1120 3
1116 1120 3
1117 1121 2
1116 1121 2
433 1122 1
1116 1122 3
1117 1122 2
1256 1124 1
1125 1124 3
12080 1126 1
3761 1127 1
1127 1128 1
1056 1128 1
4882 1129 1
1129 1130 1
1783 1130 1
3329 1130 3
1593 1130 1
1129 1131 1
4882 1131 2
3329 1132 2
1131 1132 2
3329 1133 2
1131 1133 2
12080 1134 1
3669 1135 1
1775 1136 2
1135 1136 1
3671 1136 4
3467 1137 4
1135 1137 1
1136 1137 4
3471 1138 4
1136 1138 4
1135 1138 1
3467 1139 4
1136 1139 4
3471 1140 4
1136 1140 4
3471 1141 5
1136 1141 4
3425 1142 5
1141 1142 5
2684 1143 6
1433 1143 4
1136 1143 4
2684 1144 6
1433 1144 4
1136 1144 4
1294 1145 1
1747 1145 1
4858 1145 7
1384 1145 1
1136 1145 4
1136 1146 4
1384 1146 1
4870 1146 6
1747 1146 1
1136 1147 4
4858 1147 4
1136 1148 4
4858 1148 5
1747 1148 1
4858 1149 5
1136 1149 4
1747 1149 1
1135 1150 1
505 1150 1
3671 1150 3
523 1150 1
1152 1151 1
1097 1155 1
3771 1155 1
3610 1156 1
3305 1157 3
70 1157 1
1156 1157 1
12000 1158 1
11944 1159 1
97 1160 1
12091 1160 2
1160 1161 2
1162 1161 2
12091 1162 2
1160 1163 2
1162 1163 2
1165 1164 2
1160 1164 2
12091 1165 2
1160 1166 2
1165 1166 2
880 1167 1
1167 1168 1
3414 1168 1
3414 1169 1
1167 1169 1
4878 1171 1
53 1172 1
3507 1172 2
1171 1172 1
3624 1173 1
3488 1174 3
3676 1174 2
1243 1175 3
3488 1175 4
3488 1176 3
12080 1177 1
3632 1178 1
3589 1179 1
1179 1180 1
1799 1180 1
3591 1180 2
3591 1181 1
1179 1181 1
1183 1182 1
12018 1183 4
1182 1184 1
12017 1184 1
1186 1185 1
1186 1187 2
1185 1187 1
3643 1188 1
3303 1189 1
3287 1191 4
3287 1192 4
3268 1193 1
12000 1194 1
3623 1195 1
12025 1196 2
1606 1196 1
1196 1197 2
3561 1197 3
20 1197 1
1196 1198 2
403 1198 1
12027 1198 3
12000 1199 1
1203 1202 1
3497 1204 3
1202 1204 1
1281 1204 1
3494 1205 1
1202 1205 1
1202 1206 1
3494 1206 1
11998 1207 4
12080 1208 1
12009 1209 1
1209 1210 1
12009 1210 1
3752 1211 1
435 1212 1
1211 1212 1
3754 1212 2
1211 1213 1
3754 1213 3
1655 1213 2
360 1214 2
3754 1214 3
1211 1214 1
1211 1215 1
3754 1215 1
1217 1216 1
499 1218 1
3681 1218 3
1216 1218 1
1218 1219 3
1220 1219 3
3681 1220 3
1222 1221 1
216 1223 1
396 1223 1
1221 1223 1
1224 1223 3
11998 1224 4
1222 1224 3
1043 1225 1
11998 1225 4
11995 1226 4
3572 1227 1
3503 1227 1
3532 1229 1
1231 1230 1
1230 1232 1
3487 1232 2
1230 1233 1
3487 1233 1
3487 1234 1
1230 1234 1
1230 1235 1
3487 1235 1
1230 1236 1
3487 1236 1
3487 1237 1
1230 1237 1
3487 1238 1
1230 1238 1
12080 1239 1
1611 1240 3
3702 1240 4
3591 1241 4
1240 1241 4
1243 1242 1
1175 1243 1
1427 1244 1
1175 1244 2
1242 1244 1
11950 1245 1
973 1246 1
1248 1247 4
1741 1247 1
1440 1247 2
1246 1247 1
3717 1248 2
973 1248 2
3540 1249 1
4872 1250 1
1249 1250 1
4858 1251 1
1249 1251 1
12076 1252 1
1252 1253 1
1075 1253 1
3499 1254 1
1254 1255 1
1256 1255 1
1356 1256 1
1539 1256 2
3499 1256 1
3499 1257 1
1254 1257 1
1254 1258 1
3499 1258 1
3404 1259 1
1254 1259 1
1254 1260 1
3404 1260 2
3404 1261 2
1260 1261 2
1226 1262 1
11995 1263 3
1262 1263 1
1511 1263 1
11995 1264 3
1263 1264 3
12080 1265 1
3322 1266 1
1266 1267 1
3324 1267 1
11946 1268 1
11946 1269 2
24 1269 1
1268 1269 1
3565 1271 1
1271 1272 1
3565 1272 1
3565 1273 2
1271 1273 1
1275 1274 3
203 1274 1
1273 1274 2
4841 1275 2
3565 1275 2
264 1276 1
1271 1276 1
1275 1276 2
12036 1277 1
1279 1278 1
1441 1279 3
1278 1280 1
1279 1280 1
1282 1281 1
1284 1283 4
1285 1283 2
1575 1283 1
1286 1283 2
1288 1287 1
3564 1289 1
12000 1290 1
3625 1291 1
3373 1292 1
12000 1293 1
12005 1294 1
12000 1295 1
12000 1296 1
3284 1297 1
1301 1300 1
12018 1301 4
1379 1302 1
1300 1302 1
12016 1302 2
1300 1303 1
12015 1303 1
3483 1304 1
1300 1304 1
4881 1305 1
1307 1306 1
1306 1308 1
3258 1308 2
453 1308 1
3329 1309 2
1463 1309 1
1309 1310 2
1311 1310 2
3329 1311 2
3327 1311 1
1311 1312 2
1309 1312 2
1309 1313 2
1311 1313 2
3254 1315 1
1317 1316 5
38 1317 2
1318 1317 6
3654 1319 1
3616 1320 1
3409 1321 1
1321 1322 1
130 1322 1
1323 1322 3
1359 1322 1
3410 1323 1
3409 1323 1
3408 1323 1
1321 1324 1
1359 1324 1
130 1324 1
1323 1324 3
1323 1325 3
1321 1325 1
130 1325 1
1359 1325 1
1323 1326 3
1359 1326 1
1321 1326 1
130 1326 1
1328 1327 3
12018 1329 4
12018 1330 4
12018 1331 4
3350 1332 1
3350 1333 2
1332 1333 1
1333 1334 2
999 1334 2
1333 1335 2
11973 1335 2
1333 1336 2
830 1336 3
1336 1337 3
1338 1337 3
830 1338 3
1336 1339 3
1345 1339 4
1340 1339 4
830 1340 3
1338 1341 3
1336 1341 3
1338 1342 3
1336 1342 3
1336 1343 3
3350 1343 3
3352 1344 3
1336 1344 3
1340 1345 4
1336 1345 3
1345 1346 4
1096 1346 4
1340 1347 3
1336 1347 3
3350 1348 4
1336 1348 3
2704 1349 5
1348 1349 4
11973 1350 4
1348 1350 4
2704 1351 4
1348 1351 4
2704 1352 4
1348 1352 4
4867 1353 1
3638 1354 1
1356 1355 1
1256 1357 1
1355 1357 1
12080 1358 1
3410 1359 1
920 1360 1
3272 1361 1
1361 1362 1
3272 1362 2
1364 1363 2
1362 1363 2
3272 1364 2
1362 1365 2
1364 1365 2
1362 1366 2
1364 1366 2
1364 1367 2
1362 1367 2
1362 1368 2
1364 1368 2
1362 1369 2
1364 1369 2
1364 1370 2
1362 1370 2
1362 1371 2
1364 1371 2
1364 1372 2
1362 1372 2
1364 1373 2
1362 1373 2
1364 1374 2
1362 1374 2
1362 1375 2
1364 1375 2
1364 1376 2
1362 1376 2
1283 1377 4
864 1378 1
1380 1379 1
99 1381 1
4870 1381 2
1381 1382 2
4858 1382 2
3461 1383 1
3671 1384 1
1384 1385 1
4858 1385 1
1384 1386 1
1747 1386 1
4858 1386 2
3627 1387 1
1739 1388 4
3702 1388 5
3469 1389 1
3469 1390 3
1389 1390 1
1529 1390 1
1390 1391 3
839 1391 3
841 1392 3
1390 1392 3
1390 1393 3
841 1393 3
3254 1394 1
1001 1395 4
1396 1395 4
11966 1397 1
3569 1399 1
3566 1400 2
1399 1400 1
3566 1401 1
1399 1401 1
1689 1402 1
3567 1402 3
1399 1402 1
3567 1403 3
1402 1403 3
3540 1404 1
247 1405 2
1404 1405 1
3842 1405 3
3268 1406 1
1408 1407 1
961 1409 3
1474 1409 2
1407 1409 1
3648 1410 1
2686 1411 1
1413 1412 1
1411 1412 1
2686 1413 1
1411 1414 1
1413 1414 1
883 1415 1
1411 1415 1
3538 1416 1
12023 1417 4
1418 1419 3
12006 1420 1
1377 1422 1
1217 1426 1
1243 1427 1
1427 1428 1
1175 1428 1
2708 1429 1
12072 1430 3
1429 1430 1
1459 1430 2
1701 1431 1
292 1433 1
3671 1433 4
1775 1433 2
1433 1434 4
933 1434 4
1642 1435 1
11987 1435 2
1435 1436 2
11979 1436 3
78 1436 1
78 1437 1
1435 1437 2
11979 1437 4
1599 1437 1
11979 1438 3
1435 1438 2
78 1438 1
12080 1439 1
3717 1440 2
1641 1440 1
3428 1443 1
3760 1443 1
1442 1443 3
263 1445 1
1446 1445 2
1445 1447 2
3414 1447 2
1445 1448 2
411 1448 1
3535 1448 4
3412 1449 4
1448 1449 4
1448 1450 4
880 1450 4
3594 1451 1
2809 1452 1
3640 1453 1
3441 1454 1
12014 1455 1
12014 1456 1
1455 1456 1
1455 1457 1
12019 1457 3
1638 1457 1
1716 1457 1
3700 1458 1
3702 1459 2
1458 1459 1
1461 1460 1
3644 1462 1
3327 1463 1
3404 1464 1
1463 1464 1
3329 1465 1
1463 1465 1
1463 1466 1
1311 1466 1
1463 1467 1
3329 1467 1
12080 1468 1
3378 1469 1
1469 1470 1
11932 1470 1
1469 1471 1
12004 1471 1
12013 1472 1
298 1473 1
1472 1473 1
1679 1473 1
12017 1473 3
402 1474 1
2773 1474 2
1474 1475 2
789 1475 2
1474 1476 2
85 1476 1
1767 1476 1
3258 1476 4
3258 1477 2
1474 1477 2
1474 1478 2
3258 1478 4
119 1478 1
453 1478 1
3395 1479 1
12080 1480 1
334 1481 1
12009 1481 3
1721 1481 1
12009 1482 3
1481 1482 3
1481 1483 3
177 1483 1
36 1483 1
12012 1483 5
1481 1484 3
177 1484 1
12012 1484 4
12080 1485 1
3618 1486 1
90 1487 1
275 1487 1
3305 1487 4
1486 1487 1
3656 1489 1
12025 1491 1
1491 1492 1
2756 1492 1
2756 1493 1
1491 1493 1
1491 1494 1
2756 1494 1
1491 1495 1
2756 1495 1
1491 1496 1
12027 1496 1
3392 1497 1
984 1498 2
474 1498 1
1498 1499 2
3374 1499 2
1498 1500 2
984 1500 2
1498 1501 2
984 1501 2
1498 1502 2
984 1502 2
1498 1503 2
984 1503 2
984 1504 2
1498 1504 2
1498 1505 2
984 1505 2
1498 1506 2
984 1506 2
984 1507 2
1498 1507 2
1498 1508 2
984 1508 2
1498 1509 2
984 1509 2
984 1510 2
1498 1510 2
1512 1511 1
11995 1512 4
3311 1513 1
3585 1514 1
1578 1515 1
1514 1515 1
2677 1515 2
3370 1516 1
3436 1517 1
1516 1517 1
1516 1518 1
3436 1518 1
1516 1519 1
3436 1519 1
3436 1520 1
1516 1520 1
1516 1521 1
3436 1521 1
1516 1522 1
3436 1522 1
1516 1523 1
3436 1523 1
1525 1524 3
3373 1526 1
1526 1527 1
353 1527 1
3305 1527 3
3469 1529 1
1728 1530 1
3469 1530 2
1530 1531 2
12029 1531 2
1530 1532 2
12029 1532 2
1530 1533 2
12029 1533 2
12029 1534 2
1530 1534 2
12029 1535 2
1530 1535 2
1530 1536 2
12029 1536 2
12029 1537 2
1530 1537 2
1539 1538 1
1256 1540 2
211 1540 1
1538 1540 1
1256 1541 1
1538 1541 1
211 1542 1
1538 1542 1
1081 1542 2
1081 1543 1
1538 1543 1
1081 1544 1
1538 1544 1
1547 1546 3
3268 1549 1
3641 1550 1
3268 1551 1
920 1553 1
3582 1554 2
1553 1554 1
1554 1555 2
11956 1555 2
3635 1556 1
3284 1557 1
3613 1558 1
111 1559 1
1560 1559 2
1558 1559 1
3444 1560 1
3613 1560 1
111 1561 1
1558 1561 1
1560 1561 2
1558 1562 1
111 1562 1
1560 1562 2
3638 1563 1
12025 1564 1
12027 1565 1
1564 1565 1
1443 1566 1
3430 1567 1
3589 1568 1
311 1569 1
1568 1569 1
3591 1569 2
3591 1570 2
1568 1570 1
311 1570 1
297 1571 1
3591 1571 2
1568 1571 1
1568 1572 1
3591 1572 1
3591 1573 1
1568 1573 1
363 1574 1
1568 1574 1
3591 1574 2
986 1576 1
1576 1577 1
987 1577 1
3395 1578 1
12014 1579 1
12014 1580 1
1579 1580 1
12033 1581 1
12033 1582 1
1581 1582 1
12033 1583 1
1581 1583 1
12033 1584 2
1581 1584 1
1581 1585 1
1584 1585 2
1586 1585 2
12033 1585 4
12033 1586 2
1581 1586 1
1581 1587 1
12033 1587 2
3615 1588 1
3537 1589 1
1043 1590 1
1590 1591 1
1225 1591 1
1124 1593 1
892 1594 1
1594 1595 1
894 1595 2
1594 1596 1
1595 1596 2
1597 1596 2
892 1597 1
894 1597 2
2681 1598 1
11975 1599 1
1599 1600 1
11979 1600 1
11933 1601 2
530 1601 1
12080 1604 1
3268 1605 1
12025 1606 1
1606 1607 1
940 1607 1
940 1608 1
1606 1608 1
1606 1609 1
12027 1609 1
1097 1610 1
392 1611 1
1155 1611 3
1610 1611 1
1611 1612 3
3702 1612 4
1611 1613 3
3264 1613 3
1611 1614 3
3264 1614 3
1611 1615 3
392 1615 1
12072 1615 3
392 1616 1
3702 1616 3
1611 1616 3
3264 1617 3
1611 1617 3
1611 1618 3
3702 1618 3
2731 1619 1
1619 1620 1
2807 1620 1
1619 1621 1
2807 1621 1
2706 1623 1
1623 1624 1
1625 1624 1
2706 1625 1
12002 1626 1
1623 1626 1
1623 1627 1
12002 1627 1
3392 1628 1
883 1629 1
1629 1630 1
1631 1630 1
883 1631 1
2684 1631 3
3268 1632 1
1632 1633 1
3268 1633 2
3617 1635 1
3606 1636 1
12080 1637 1
1380 1638 1
3651 1639 1
12000 1640 1
3717 1641 1
1176 1642 1
3254 1643 1
51 1644 2
280 1644 1
1643 1644 1
3271 1644 4
51 1645 2
1643 1645 1
3271 1645 3
1643 1646 1
51 1646 2
3271 1646 3
3612 1647 1
3619 1648 1
3775 1649 1
12091 1650 1
1649 1650 1
12080 1651 1
12080 1652 1
3435 1653 3
11928 1653 1
982 1654 3
435 1655 1
1377 1655 2
1657 1656 1
3425 1658 1
1656 1658 1
3425 1659 1
1656 1659 1
3405 1660 1
12080 1661 1
12080 1662 1
2681 1663 1
4881 1664 1
4853 1665 6
1795 1665 1
1732 1665 3
175 1665 1
1664 1665 1
3652 1666 1
3268 1667 1
1592 1668 1
3657 1669 1
12080 1673 1
3722 1674 1
3722 1675 1
1674 1675 1
1674 1676 1
2807 1676 3
1794 1676 1
26 1676 1
12080 1677 1
1079 1678 1
3681 1679 1
298 1680 1
1679 1680 1
389 1680 1
12017 1680 3
298 1681 1
12017 1681 2
1679 1681 1
12023 1682 3
149 1682 1
1679 1682 1
229 1682 1
12080 1683 1
3345 1684 1
1684 1685 1
11904 1685 2
329 1685 1
3622 1686 1
3315 1688 1
3567 1689 1
1689 1690 1
3567 1690 2
3567 1691 2
1690 1691 2
1690 1692 2
3567 1692 3
1690 1693 2
3567 1693 2
1690 1694 2
3567 1694 2
3474 1695 1
12080 1696 1
12000 1697 1
54 1698 3
505 1698 1
3671 1698 5
1698 1699 5
54 1699 3
12009 1699 5
1286 1701 1
1727 1701 1
11940 1702 1
930 1703 2
286 1703 1
1702 1703 1
1702 1704 1
11942 1704 1
1702 1705 1
286 1705 1
930 1705 2
3631 1706 1
3589 1707 1
3591 1708 1
1707 1708 1
3750 1710 1
1710 1711 1
990 1711 1
12065 1712 1
12000 1713 1
3635 1714 1
3641 1715 1
3795 1716 1
12080 1717 1
3715 1719 2
1718 1719 3
3660 1719 1
3626 1720 1
2678 1721 1
2678 1722 1
1721 1722 1
1721 1723 1
334 1723 1
12009 1723 2
3671 1724 2
1721 1724 1
1724 1725 2
11904 1725 2
12000 1726 1
3469 1728 1
3589 1729 1
3591 1730 1
1729 1730 1
1552 1731 1
3700 1732 3
1731 1732 1
355 1732 1
1732 1733 3
3591 1733 3
1732 1734 3
3591 1734 3
3591 1735 3
1732 1735 3
1732 1736 3
3591 1736 3
1732 1737 3
3591 1737 3
1732 1738 3
3702 1738 3
3700 1739 4
1732 1739 3
1731 1740 1
355 1740 1
392 1740 1
3783 1740 3
973 1741 1
3676 1743 1
1174 1744 1
1743 1744 1
1330 1746 1
902 1747 1
4858 1748 1
1747 1748 1
3339 1749 3
323 1749 1
532 1749 1
1749 1750 3
324 1750 3
783 1750 4
1602 1751 1
1751 1752 1
3817 1752 2
537 1752 1
3646 1754 1
11908 1755 1
3461 1756 1
3660 1757 1
1719 1758 1
1757 1758 1
1719 1759 1
1757 1759 1
28 1760 1
1757 1760 1
47 1760 1
1719 1760 3
3700 1761 1
3702 1762 2
1761 1762 1
1762 1763 2
345 1763 2
12072 1763 4
3628 1764 1
1299 1765 1
12002 1766 3
31 1766 1
483 1766 1
1307 1767 1
3621 1768 1
3686 1769 1
2771 1770 1
1770 1771 1
2773 1771 1
3254 1772 1
3633 1773 1
3537 1774 1
334 1775 1
3664 1775 2
12004 1776 3
523 1776 1
1775 1776 2
11932 1777 3
1775 1777 2
523 1777 1
1775 1778 2
11932 1778 3
523 1778 1
1775 1779 2
2763 1779 2
53 1780 1
1775 1780 2
12004 1780 3
3268 1781 1
3625 1782 1
3327 1783 1
4848 1784 1
1783 1784 1
4848 1785 1
1783 1785 1
3653 1786 1
12000 1787 1
1789 1788 1
1788 1790 1
11997 1790 1
12080 1791 1
3676 1792 1
1792 1793 1
1174 1793 1
2807 1794 1
4881 1795 1
1592 1796 1
12023 1797 1
1796 1797 1
3589 1799 1
2658 2657 2
908 2657 1
2657 2659 2
2660 2659 2
2658 2660 2
2657 2661 2
2660 2661 2
2660 2662 2
2657 2662 2
2660 2663 2
2657 2663 2
2660 2664 2
2657 2664 2
2657 2665 2
273 2665 1
1695 2665 1
3795 2665 8
170 2665 1
868 2665 1
451 2665 1
12019 2666 8
2665 2666 8
2665 2667 8
12018 2667 8
3266 2668 1
3441 2669 1
3834 2670 1
2669 2670 1
2669 2671 1
3834 2671 1
3834 2672 1
2669 2672 1
3834 2673 1
2669 2673 1
2669 2674 1
3443 2674 1
3270 2675 1
3725 2676 1
2675 2676 1
3395 2677 1
3585 2677 1
12009 2678 4
2681 2680 1
11933 2682 5
1598 2682 1
1004 2682 1
2680 2682 1
1663 2682 1
2684 2683 12
2682 2683 5
1136 2683 4
1433 2683 4
1798 2684 1
11933 2684 5
884 2684 3
3671 2684 6
11900 2684 1
2683 2685 12
2686 2685 12
2684 2686 12
11933 2687 6
2682 2687 5
12080 2688 1
2690 2689 4
12000 2691 1
3381 2692 1
241 2693 3
2692 2693 1
3448 2693 4
3381 2694 1
2692 2694 1
12080 2695 1
12080 2696 1
3428 2697 2
534 2697 1
1566 2698 1
2697 2698 2
1567 2698 1
471 2698 1
351 2698 1
3430 2698 6
1096 2700 1
426 2700 1
3636 2701 1
2703 2702 4
11924 2703 5
3350 2704 4
2708 2707 1
2707 2709 1
1732 2709 3
12072 2709 5
198 2710 1
3702 2710 7
2709 2710 5
2712 2711 10
1568 2711 1
311 2711 1
2710 2711 7
3702 2712 7
3589 2712 2
2711 2713 10
3591 2713 10
2711 2714 10
3591 2714 10
355 2715 1
3783 2715 11
1731 2715 1
2711 2715 10
2728 2715 6
3591 2716 10
2711 2716 10
2711 2717 10
3591 2717 10
2711 2718 10
3591 2718 10
3591 2719 10
2711 2719 10
2711 2720 10
3591 2720 10
2711 2721 10
3591 2721 10
3591 2722 10
2711 2722 10
2711 2723 10
3591 2723 10
3591 2724 10
2711 2724 10
3591 2725 10
2711 2725 10
2711 2726 10
3591 2726 10
2711 2727 10
3591 2727 10
12072 2728 6
2709 2728 5
1388 2729 5
12072 2729 10
392 2729 1
1611 2729 3
2707 2729 1
2709 2729 5
3555 2731 3
2733 2732 1
4858 2734 4
2732 2734 1
288 2734 1
505 2734 1
465 2734 1
2732 2735 1
4858 2735 2
523 2735 1
977 2736 1
304 2736 1
2737 2736 3
3434 2737 3
2816 2737 1
978 2737 1
2737 2738 4
2736 2738 3
2737 2739 4
2738 2739 4
2741 2740 4
3268 2742 1
12080 2743 1
12080 2744 1
12000 2745 1
3655 2746 1
2773 2747 3
1009 2747 1
1288 2747 3
2747 2748 4
894 2749 5
11924 2749 3
2749 2750 1
12080 2751 1
2753 2752 3
3469 2754 1
2756 2755 1
2754 2755 1
3469 2756 1
12025 2756 1
2756 2757 1
2754 2757 1
2754 2758 1
2756 2758 1
2754 2759 1
2756 2759 1
3419 2760 1
2754 2760 1
2754 2761 1
3419 2761 1
3650 2762 1
3664 2763 2
11897 2764 3
12018 2765 4
1642 2766 1
11987 2766 2
2766 2767 2
2783 2767 1
11987 2767 4
1599 2767 1
11987 2768 5
1578 2768 1
1599 2768 1
2766 2768 2
2783 2768 1
12000 2769 1
2771 2770 1
2773 2772 1
2770 2772 1
2771 2773 4
3583 2773 3
2770 2774 1
2773 2774 2
2770 2775 1
2774 2775 2
1046 2775 3
1474 2775 2
2773 2775 8
453 2776 1
85 2776 1
335 2776 1
162 2776 1
3258 2776 13
1767 2776 1
2775 2776 8
162 2777 1
2770 2777 1
2778 2777 4
253 2777 1
85 2777 1
3683 2778 1
254 2778 1
3256 2778 1
2771 2778 1
85 2779 1
162 2779 1
2770 2779 1
253 2779 1
2778 2779 4
162 2780 1
85 2780 1
253 2780 1
2770 2780 1
2778 2780 4
85 2781 1
2770 2781 1
162 2781 1
253 2781 1
2778 2781 4
3629 2782 1
3585 2783 1
3397 2784 1
2783 2784 1
2783 2785 1
2786 2785 2
3585 2786 1
2788 2787 2
2785 2787 2
2786 2788 2
2785 2789 2
2788 2789 2
2785 2790 2
3397 2790 2
2785 2791 2
2788 2791 2
2785 2792 2
2788 2792 2
1479 2793 1
3397 2793 2
2783 2793 1
1479 2794 1
3397 2794 2
2783 2794 1
1578 2795 1
2796 2795 3
2783 2795 1
1479 2795 1
3585 2796 1
3395 2796 2
3268 2798 1
3647 2799 1
3268 2800 1
2731 2801 1
2801 2802 1
1619 2802 1
439 2802 1
3436 2802 4
501 2802 1
2801 2803 1
3436 2803 1
217 2804 1
2801 2804 1
3436 2804 2
2801 2805 1
217 2805 1
3436 2805 2
2807 2806 2
439 2806 1
2801 2806 1
3562 2807 1
2731 2807 4
3722 2807 1
2809 2808 1
3503 2810 1
917 2811 1
3740 2811 2
2811 2812 2
3725 2812 2
50 2813 1
2811 2813 2
539 2813 1
3740 2813 5
3740 2814 5
2813 2814 5
3740 2815 5
2813 2815 5
12080 2817 1
3582 2818 3
1553 2818 1
1360 2818 1
1360 2819 1
11952 2819 4
2818 2819 3
7 2819 1
2818 2820 3
3582 2820 3
3540 2821 1
2821 2822 1
3540 2822 2
247 2823 2
2822 2823 2
1404 2823 1
1038 2823 2
1601 2823 2
274 2823 1
3542 2823 10
3250 3249 2
12090 3249 1
551 3249 1
894 3250 1
12091 3250 1
3250 3251 2
12090 3251 1
3826 3252 2
3251 3252 2
3250 3252 4
3254 3253 1
3256 3255 1
162 3257 1
3255 3257 1
1044 3257 1
3258 3257 4
1767 3257 1
1653 3258 1
1307 3258 2
3256 3258 4
3683 3258 1
2771 3258 2
2773 3258 8
3255 3259 1
1046 3259 3
3258 3259 4
1770 3259 1
3255 3260 1
1643 3260 1
12038 3260 3
376 3260 1
12078 3262 4
12080 3263 1
1155 3264 3
3266 3265 3
1398 3266 3
3805 3267 1
3265 3267 2
3812 3267 3
8 3267 1
3268 3267 6
3660 3268 1
3806 3268 1
3661 3268 2
3266 3268 3
3279 3268 3
11924 3268 4
2699 3268 4
3544 3268 9
3708 3269 1
3270 3269 4
3725 3270 5
3463 3270 2
3254 3271 3
3565 3271 2
3271 3272 4
11928 3272 1
12000 3273 1
1151 3274 1
1538 3274 1
477 3274 1
1787 3274 1
3273 3274 1
514 3274 1
3276 3274 1
3520 3274 1
512 3274 1
211 3274 1
3275 3274 13
164 3274 1
76 3274 1
403 3274 1
12000 3275 2
486 3275 1
2816 3275 1
1152 3275 1
897 3275 1
3287 3275 1
3277 3275 1
2689 3275 1
3521 3275 1
1539 3275 3
3277 3276 1
3279 3278 4
3808 3278 3
3806 3279 1
2807 3279 1
3266 3279 1
3278 3280 4
3281 3280 4
3279 3281 6
3278 3282 4
3281 3282 4
3278 3283 4
3284 3283 7
1688 3283 1
3314 3283 1
3661 3284 2
3268 3284 4
3768 3284 3
3279 3284 4
3315 3284 5
3278 3285 4
3284 3285 9
467 3285 1
3283 3285 7
358 3285 1
3287 3286 4
12076 3287 2
3383 3287 2
3441 3287 2
3443 3287 10
12027 3287 10
3561 3287 10
12025 3287 2
3268 3288 1
3288 3289 1
1086 3289 1
1605 3289 1
1633 3289 2
2798 3289 1
1551 3289 1
4849 3289 1
233 3289 1
2668 3289 1
172 3289 1
379 3289 1
388 3289 1
1557 3289 1
3666 3289 1
552 3289 1
129 3289 1
432 3289 1
1297 3289 1
1100 3289 1
3735 3289 1
886 3289 1
3290 3289 28
131 3289 1
1781 3289 1
4846 3289 1
3297 3289 1
459 3289 1
52 3289 1
3284 3290 11
2731 3290 1
3372 3290 1
3268 3290 11
3266 3290 6
11926 3291 4
11992 3292 2
365 3292 1
228 3293 1
3294 3293 2
2763 3294 4
1099 3294 1
228 3295 1
4844 3295 1
1289 3295 1
3398 3295 2
3769 3295 1
818 3295 1
3293 3295 2
12049 3295 9
1775 3295 2
228 3296 1
3398 3296 2
12049 3296 9
818 3296 1
3293 3296 2
3769 3296 1
4844 3296 1
1289 3296 1
1775 3296 2
3284 3297 1
12000 3299 1
12065 3300 1
12069 3301 7
1712 3301 1
3300 3301 1
3693 3301 1
1612 3301 4
3303 3302 1
11926 3303 4
3305 3304 3
1420 3304 1
3302 3304 1
3373 3305 1
3624 3305 1
12006 3305 1
3610 3305 1
3611 3305 1
3644 3305 1
3618 3305 1
11935 3305 1
3617 3305 1
3303 3305 1
3616 3305 1
3272 3306 1
3306 3307 1
1361 3307 1
12038 3307 3
261 3307 1
12038 3308 3
1361 3308 1
3306 3308 1
261 3308 1
3311 3310 1
11926 3311 4
1786 3312 1
1040 3312 1
1527 3312 3
1639 3312 1
1666 3312 1
1588 3312 1
182 3312 1
1453 3312 1
35 3312 1
13 3312 1
424 3312 1
1066 3312 1
1714 3312 1
431 3312 1
1754 3312 1
2762 3312 1
12038 3312 30
1091 3312 1
279 3312 1
1088 3312 1
1060 3312 1
3310 3312 1
223 3312 1
1319 3312 1
40 3312 1
945 3312 1
3692 3312 1
319 3312 1
3489 3312 1
11926 3313 4
3315 3314 2
3314 3316 2
3284 3316 2
3318 3317 1
11926 3318 4
11926 3319 4
12000 3320 1
3322 3321 1
3324 3323 1
3321 3323 1
3322 3324 2
3740 3324 4
3327 3326 1
3329 3328 1
3326 3328 1
3327 3329 3
4882 3329 2
1124 3329 1
3331 3330 1
1472 3332 1
3330 3332 1
170 3332 1
12016 3332 4
1300 3332 1
3330 3333 1
3401 3333 1
3334 3333 4
451 3333 1
41 3333 1
3402 3334 1
922 3334 1
3331 3334 1
783 3334 1
1331 3334 1
3334 3335 5
41 3335 1
3330 3335 1
451 3335 1
3401 3335 1
389 3336 1
12016 3336 14
298 3336 1
1749 3336 3
3335 3336 5
324 3336 3
921 3336 1
866 3336 1
1679 3336 1
3401 3337 1
451 3337 1
3330 3337 1
41 3337 1
3334 3337 4
899 3338 1
1749 3338 3
3330 3338 1
3339 3338 5
3331 3339 4
12017 3339 4
11954 3340 1
154 3341 1
3340 3341 1
11952 3341 2
12080 3342 3
3343 3344 3
3343 3345 3
3347 3346 1
11926 3347 4
12058 3348 1
3348 3349 1
3350 3349 2
830 3350 4
12058 3350 1
1336 3351 3
1349 3351 5
3352 3351 7
3349 3351 2
3350 3352 2
2704 3352 5
830 3352 3
3349 3353 2
3352 3353 7
1349 3353 5
1336 3353 3
12080 3354 4
3667 3355 1
25 3355 2
3342 3355 2
1265 3355 1
1480 3355 1
3354 3355 4
518 3355 1
2744 3355 1
2817 3355 1
2688 3355 1
1126 3355 1
11919 3355 1
173 3355 1
390 3355 1
84 3355 1
1208 3355 1
46 3355 1
300 3355 1
1134 3355 1
328 3355 1
2696 3355 1
2743 3355 1
1067 3355 1
115 3355 1
12038 3355 36
69 3355 1
3400 3355 1
410 3355 1
4855 3355 2
1696 3355 1
1651 3355 1
3365 3357 3
3358 3357 8
3360 3358 6
3359 3358 6
3364 3358 6
11928 3358 6
3362 3358 6
3361 3358 6
3363 3358 6
12031 3367 1
3370 3369 1
3436 3370 3
3434 3370 5
3372 3370 3
3435 3370 3
549 3371 1
3369 3371 1
3372 3371 2
3370 3372 6
3436 3372 3
3433 3372 5
3437 3372 3
11926 3373 4
984 3374 2
3376 3375 1
11926 3376 4
334 3377 1
3378 3377 2
12009 3378 4
12009 3379 3
3377 3379 2
12000 3380 2
3383 3382 1
3287 3383 4
200 3384 1
1252 3384 1
3385 3384 3
3382 3384 1
12076 3385 2
3383 3385 1
3387 3386 4
1692 3386 3
3567 3387 3
1031 3387 1
3503 3387 1
3569 3387 1
3386 3388 4
3387 3388 5
3389 3388 5
3386 3389 4
3387 3389 5
3391 3390 1
11926 3391 4
11926 3392 4
3254 3393 2
3395 3394 1
3583 3395 3
3397 3396 1
3394 3396 1
2786 3397 2
3395 3397 2
3585 3397 1
3769 3398 1
3399 3398 2
3770 3399 1
2763 3399 4
12080 3400 1
3402 3401 1
12014 3402 4
3401 3403 1
12016 3403 3
170 3403 1
1716 3403 1
3499 3404 1
3327 3404 1
3406 3405 3
11975 3407 1
3407 3408 4
3407 3409 4
3407 3410 4
3412 3411 1
3535 3412 5
3411 3413 1
3414 3413 1
880 3414 1
3412 3414 1
1446 3414 2
3535 3414 1
260 3414 1
3414 3415 1
3411 3415 1
3414 3416 1
3411 3416 1
3414 3417 1
3411 3417 1
3411 3418 1
3414 3418 1
3469 3419 1
3420 3421 3
3420 3422 1
1298 3422 2
3420 3423 1
72 3423 2
874 3423 1
3658 3424 2
1421 3424 1
3420 3424 1
1657 3425 1
3471 3425 5
3420 3425 3
3420 3426 1
206 3426 2
3420 3427 3
3430 3428 1
3431 3428 1
3429 3428 3
3432 3428 1
1443 3430 1
3428 3430 3
3370 3436 1
2731 3436 4
3266 3436 2
11924 3438 3
3441 3440 1
3287 3441 4
3443 3442 2
4874 3442 1
3440 3442 1
3441 3443 3
3287 3443 5
3446 3445 1
1444 3446 3
1 3446 1
1442 3446 3
3445 3447 1
2692 3447 1
3448 3447 2
3446 3448 1
3381 3448 1
1443 3448 3
12000 3450 2
11926 3451 4
3453 3452 1
3452 3454 1
3455 3454 1
3453 3455 1
3525 3455 3
3457 3456 1
3452 3456 1
3674 3457 3
3453 3457 1
3457 3458 1
3452 3458 1
11995 3459 4
3461 3460 1
3708 3461 1
3503 3461 2
3463 3461 5
3463 3462 5
3460 3462 1
3726 3462 4
3269 3463 2
3322 3463 1
3461 3463 7
3503 3463 5
3740 3463 3
3270 3463 4
3465 3464 3
48 3464 1
3467 3466 1
3671 3467 4
3772 3467 3
3669 3467 1
1136 3468 4
3466 3468 1
3467 3468 5
1001 3469 4
12027 3469 4
3471 3470 1
3671 3471 4
3772 3471 3
3669 3471 1
1289 3472 1
974 3472 1
29 3472 1
11970 3472 11
1433 3472 4
819 3472 4
3470 3472 1
29 3473 1
4844 3473 1
974 3473 1
2682 3473 5
11970 3473 10
3470 3473 1
12000 3475 1
3477 3476 1
12018 3477 4
1746 3478 1
1053 3478 1
12019 3478 9
3476 3478 1
1300 3478 1
854 3478 2
41 3478 1
298 3478 1
229 3478 1
1104 3479 1
12019 3479 12
4850 3479 1
1182 3479 1
276 3479 1
1746 3479 1
298 3479 1
854 3479 2
41 3479 1
3476 3479 1
1300 3479 1
1053 3479 1
3481 3480 1
3476 3480 1
3477 3481 1
1054 3481 1
41 3482 1
3483 3482 3
3476 3482 1
1182 3482 1
1301 3483 1
3474 3483 1
2765 3483 1
3795 3483 1
1183 3483 1
855 3483 2
1331 3483 1
3477 3483 1
3476 3484 1
3483 3484 1
3476 3485 1
868 3485 1
298 3485 1
1300 3485 1
229 3485 1
1746 3485 1
1379 3485 1
451 3485 1
921 3485 1
991 3485 1
854 3485 2
389 3485 1
12016 3485 14
41 3485 1
3483 3486 1
3476 3486 1
3488 3487 3
1231 3487 1
3490 3489 1
11926 3490 4
3492 3491 1
3494 3493 1
3491 3493 1
1203 3494 1
3492 3494 1
3494 3495 1
3491 3495 1
3497 3496 7
3491 3496 1
208 3496 1
3546 3497 1
1203 3497 1
1282 3497 1
1687 3497 1
858 3497 1
3492 3497 1
1432 3499 1
1256 3499 1
3498 3499 4
1094 3499 3
12033 3501 11
4864 3501 10
1586 3501 2
1584 3501 2
3503 3502 1
3569 3502 2
1031 3502 1
372 3504 1
3505 3504 2
77 3505 1
4877 3506 1
3507 3506 6
3504 3506 2
11898 3506 1
3747 3506 4
3505 3507 3
1701 3507 1
4878 3507 3
3505 3508 2
3504 3508 2
3510 3509 1
3512 3511 1
3509 3511 1
3510 3512 1
3512 3513 1
3509 3513 1
3509 3514 1
3512 3514 1
3509 3515 1
3512 3515 1
3509 3516 1
3512 3516 1
3512 3517 1
3509 3517 1
814 3518 4
3509 3518 1
3519 3518 5
3510 3519 1
789 3519 4
3521 3520 1
828 3521 4
3522 3523 3
3522 3524 3
3527 3526 1
3529 3528 2
3526 3528 1
487 3528 1
3527 3529 2
3530 3531 4
11926 3532 4
11926 3533 4
3535 3534 1
1446 3535 2
3772 3535 3
260 3535 1
3534 3536 1
3414 3536 1
11926 3537 4
1001 3538 4
3443 3538 4
3540 3539 1
11904 3540 4
3542 3541 11
3796 3541 3
4844 3541 1
4866 3541 2
3539 3541 1
1353 3541 1
3797 3541 6
2821 3541 1
11933 3542 14
4867 3542 12
3540 3542 7
851 3542 3
2681 3542 2
1079 3543 2
3545 3543 3
3268 3543 4
3546 3547 1
3546 3548 4
3546 3549 1
3546 3550 4
3552 3551 1
515 3553 1
330 3553 1
3551 3553 1
2808 3553 1
3554 3553 4
1186 3554 4
3552 3554 2
968 3554 2
2809 3554 2
11998 3556 4
137 3557 1
3558 3557 2
858 3557 1
12062 3559 1
12018 3560 4
3287 3561 1
12025 3561 2
3469 3561 1
3358 3562 4
12080 3563 1
3258 3565 4
3256 3565 1
11928 3565 1
504 3565 1
789 3565 1
3569 3566 2
3569 3567 1
3776 3567 1
3566 3567 4
3569 3568 1
1077 3569 1
3583 3569 3
3566 3570 2
3568 3570 1
1690 3571 2
3572 3571 4
3570 3571 2
3503 3572 1
3566 3572 4
3567 3572 4
937 3572 2
3574 3573 2
3570 3573 2
1227 3574 1
3566 3574 2
3567 3574 2
3570 3575 2
1690 3575 2
3574 3575 4
3574 3576 4
1690 3576 2
3570 3576 2
3570 3577 2
1690 3577 2
3574 3577 4
3574 3578 4
1690 3578 2
3570 3578 2
3568 3579 1
3566 3579 1
3568 3580 1
11995 3580 1
3568 3581 1
3502 3581 1
3583 3582 3
920 3582 2
3585 3584 1
3583 3585 3
452 3586 1
11987 3586 2
3584 3586 1
12000 3587 1
3589 3588 1
3591 3590 1
3588 3590 1
1097 3591 1
3503 3591 1
3589 3591 12
3702 3591 4
12069 3591 1
12065 3591 2
2712 3591 10
3700 3591 3
12009 3592 1
3594 3593 1
11924 3594 3
3594 3595 3
3778 3595 1
3593 3595 1
3831 3596 1
3594 3596 5
1451 3596 1
3595 3596 3
3595 3597 3
3594 3597 3
3583 3598 3
3600 3599 1
11926 3600 4
3602 3601 1
11926 3602 4
11926 3604 4
11926 3605 4
11926 3606 4
11926 3607 4
11926 3608 4
11926 3609 4
11926 3610 4
11926 3611 4
11926 3612 4
11926 3613 4
11926 3614 4
11926 3615 4
11926 3616 4
11926 3617 4
11926 3618 4
11926 3619 4
11926 3620 4
11926 3621 4
11926 3622 4
11926 3623 4
11926 3624 4
11926 3625 4
11926 3626 4
11926 3627 4
11926 3628 4
11926 3629 4
11926 3630 4
11926 3631 4
11926 3632 4
11926 3633 4
11926 3634 4
11926 3635 4
11926 3636 4
11926 3637 4
11926 3638 4
11926 3639 4
11926 3640 4
11926 3641 4
11926 3642 4
11926 3643 4
11926 3644 4
11926 3645 4
11926 3646 4
11926 3647 4
11926 3648 4
11926 3649 4
11926 3650 4
11926 3651 4
11926 3652 4
11926 3653 4
11926 3654 4
11926 3655 4
11926 3656 4
11926 3657 4
12006 3659 1
3661 3660 6
3357 3661 7
3662 3661 2
3664 3663 2
334 3663 1
3378 3664 1
12004 3665 2
3663 3665 2
3266 3666 1
12080 3667 2
3669 3668 1
3668 3670 1
11899 3670 2
3671 3670 3
11900 3671 4
2678 3671 1
3669 3671 4
3802 3671 1
3664 3671 2
1798 3671 1
3668 3672 1
246 3672 1
473 3672 1
530 3672 1
3673 3672 4
3669 3673 1
851 3673 1
4878 3673 1
2681 3673 1
3676 3675 1
3678 3677 3
1731 3677 1
3675 3677 1
355 3677 1
3771 3678 1
3781 3678 5
1097 3678 1
1552 3678 2
3676 3678 1
3700 3678 3
3675 3679 1
1731 3679 1
3678 3679 3
355 3679 1
3678 3680 4
355 3680 1
3675 3680 1
1731 3680 1
392 3680 1
3682 3681 3
1217 3681 2
11928 3683 1
3684 3683 3
3686 3685 1
3688 3686 1
3685 3687 1
3688 3687 1
3488 3688 4
3686 3688 3
3685 3689 1
3688 3689 2
1769 3689 1
3690 3691 4
3623 3692 1
12065 3693 1
3591 3694 3
3693 3694 1
1610 3694 1
1712 3694 1
11995 3697 4
3700 3699 1
3583 3700 3
1552 3700 2
3699 3701 1
1610 3701 1
3702 3701 2
3700 3702 7
12072 3702 5
1097 3702 1
199 3702 1
1155 3702 3
3771 3702 1
3704 3703 3
3633 3705 1
3708 3707 1
3707 3709 1
3461 3709 2
3463 3710 2
3709 3710 2
3269 3711 2
3707 3711 1
3711 3712 2
1756 3712 1
918 3712 2
3463 3712 5
3715 3714 1
3358 3715 4
3714 3716 1
26 3716 1
3717 3716 5
547 3716 1
3562 3717 2
3370 3717 1
384 3717 1
3715 3717 1
383 3717 1
1753 3717 3
3717 3718 6
3716 3718 5
3717 3719 6
3718 3719 6
3717 3720 6
3718 3720 6
3714 3721 1
3722 3721 1
3715 3722 1
29 3723 1
974 3723 1
11970 3723 3
918 3724 2
3725 3724 3
3740 3725 4
3270 3725 5
3724 3726 3
3270 3726 4
3463 3727 5
3726 3727 4
2811 3727 2
3726 3728 4
3270 3728 5
2675 3728 1
3726 3729 4
3463 3729 5
93 3729 1
3726 3730 4
3463 3730 4
3463 3731 4
3726 3731 4
3726 3732 4
2811 3732 2
3463 3732 5
3463 3733 4
3726 3733 4
3726 3734 4
3725 3734 4
3284 3735 1
11975 3737 1
356 3738 1
3737 3738 1
11979 3738 2
3740 3739 1
3322 3740 3
3583 3740 5
3739 3741 1
3725 3741 2
3741 3742 2
3270 3742 2
3589 3743 1
3591 3744 2
1568 3744 1
3743 3744 1
3505 3745 2
372 3745 1
3505 3746 2
3745 3746 2
3745 3747 2
4877 3747 1
3507 3747 4
11898 3748 1
3747 3748 4
3507 3748 5
11996 3749 1
990 3750 1
11995 3751 4
3753 3752 1
3754 3752 1
3755 3752 1
3752 3754 1
1377 3754 3
224 3756 1
3757 3756 3
11995 3758 4
3760 3759 1
1423 3759 2
1424 3759 2
1425 3759 2
11928 3760 1
3759 3760 4
251 3761 1
3763 3761 2
252 3761 1
3762 3761 2
3764 3765 4
3764 3766 4
12080 3767 1
3770 3769 1
3772 3771 3
11995 3774 4
3254 3777 1
3594 3778 1
392 3779 1
3702 3779 4
1611 3779 3
3779 3780 4
3781 3780 5
3702 3781 4
1106 3782 1
392 3782 1
1731 3782 1
2711 3782 10
1611 3782 3
355 3782 1
3783 3782 16
3780 3782 5
2712 3783 10
12072 3783 7
3781 3783 5
1552 3783 2
1155 3783 3
3589 3783 1
3771 3783 1
12067 3784 5
3780 3784 5
12067 3785 5
3780 3785 5
3780 3786 5
12067 3786 5
12067 3787 5
3780 3787 5
3780 3788 5
12067 3788 5
12067 3789 5
3780 3789 5
12067 3790 5
3780 3790 5
3678 3791 8
1732 3791 3
1610 3791 1
3780 3791 5
1732 3792 3
3780 3792 5
1610 3792 1
3678 3792 8
3678 3793 8
1732 3793 3
3780 3793 5
1610 3793 1
3474 3795 2
869 3795 1
2658 3795 2
3794 3795 3
922 3795 1
3298 3795 1
1004 3796 1
11933 3796 3
1598 3796 1
11933 3797 6
2680 3797 1
4844 3797 1
3796 3797 3
1004 3797 1
29 3798 1
1433 3798 4
3797 3798 6
974 3798 1
11970 3798 13
465 3799 1
850 3799 1
3542 3799 10
2682 3799 5
3796 3799 3
295 3799 1
288 3799 1
1663 3799 1
3796 3800 3
296 3800 2
109 3800 1
3542 3800 6
4844 3801 1
2821 3801 1
1005 3801 2
3796 3801 3
1353 3801 1
2682 3801 5
3542 3801 10
3803 3802 3
3634 3804 1
3806 3805 1
331 3807 1
1406 3807 1
8 3807 1
3805 3807 1
1549 3807 1
207 3807 1
3268 3807 10
2742 3807 1
2800 3807 1
108 3807 1
305 3807 1
3265 3808 1
3805 3808 1
3279 3808 3
3810 3809 5
34 3809 2
3808 3809 3
942 3810 3
3279 3810 3
3810 3811 5
34 3811 2
3808 3811 3
3279 3812 3
3805 3812 1
528 3812 1
3812 3813 3
3281 3813 3
3281 3814 3
3812 3814 3
3812 3815 3
3268 3815 3
3805 3816 1
1751 3816 1
3817 3816 2
1602 3817 1
3268 3817 4
3828 3817 3
3806 3817 1
3268 3818 1
3805 3818 1
1757 3819 1
250 3819 1
3805 3819 1
73 3819 1
3268 3819 4
3268 3820 1
3805 3820 1
239 3821 1
8 3821 1
3805 3821 1
3268 3821 3
12000 3822 2
12002 3823 5
1766 3823 3
3822 3823 1
12080 3824 1
12000 3825 1
551 3826 1
3250 3826 2
12080 3827 1
3329 3829 3
1309 3829 2
3329 3830 3
3829 3830 3
3594 3831 1
3538 3832 1
3834 3833 1
3832 3833 1
3441 3834 1
3538 3834 1
3832 3835 1
3834 3835 1
3834 3836 1
3832 3836 1
3834 3837 1
3832 3837 1
11892 3838 5
181 3838 1
3540 3839 1
3542 3840 5
290 3840 2
466 3840 2
3839 3840 1
3842 3841 5
3839 3841 1
466 3841 2
290 3841 2
4867 3842 5
3540 3842 3
11933 3842 3
3268 3843 1
301 3844 1
344 3844 1
8 3844 1
352 3844 1
1193 3844 1
450 3844 1
1667 3844 1
3268 3844 9
3843 3844 1
997 3844 1
450 3845 1
301 3845 1
1193 3845 1
3843 3845 1
1667 3845 1
344 3845 1
352 3845 1
997 3845 1
3268 3845 8
3646 3846 1
12000 3847 1
12000 4839 1
1671 4842 2
3684 4842 1
4843 4842 1
1672 4842 2
11933 4844 1
2821 4845 1
3842 4845 3
1353 4845 1
4844 4845 1
3284 4846 1
12018 4847 4
3327 4848 1
3268 4849 1
3483 4850 1
4850 4851 1
12019 4851 1
1732 4852 3
1664 4852 1
1795 4852 1
1305 4852 1
4853 4852 9
4880 4852 1
175 4852 1
4881 4853 5
3700 4853 3
4853 4854 9
4852 4854 9
12080 4855 2
12005 4856 1
4856 4857 1
4858 4857 2
845 4857 1
851 4858 1
4870 4858 2
12005 4858 3
4867 4858 1
2681 4858 1
3671 4858 5
3540 4858 1
2733 4858 1
902 4858 1
11908 4858 1
11900 4858 4
3669 4858 1
1798 4858 1
4858 4859 2
4856 4859 1
1294 4859 1
3706 4860 1
531 4861 1
885 4861 1
4860 4861 1
4862 4861 3
1153 4862 3
3706 4862 3
1154 4862 3
4862 4863 3
531 4863 1
885 4863 1
4860 4863 1
531 4864 1
1586 4864 2
168 4864 1
1584 4864 2
1585 4864 4
776 4864 3
4860 4864 1
12033 4864 10
1581 4864 1
531 4865 1
885 4865 1
4862 4865 3
4860 4865 1
4867 4866 2
998 4866 1
851 4867 5
11904 4867 4
11933 4868 1
4870 4869 7
1249 4869 1
4868 4869 1
1136 4869 4
1082 4869 1
3671 4870 5
902 4870 1
11933 4870 1
11900 4870 1
4867 4870 1
3540 4870 1
4872 4871 1
4868 4871 1
3540 4872 1
4867 4872 1
11933 4872 1
4868 4873 1
4872 4873 1
3441 4874 1
4874 4875 1
3443 4875 1
4878 4877 1
3254 4879 1
4881 4880 1
4883 4882 4
3642 4884 1
3254 4886 1
392 4887 1
231 4887 1
11892 4887 5
1611 4887 3
3771 11892 1
1097 11892 1
1155 11892 3
3838 11893 6
4887 11893 5
180 11893 1
11895 11894 1
3583 11895 3
436 11896 1
11894 11896 1
283 11896 1
12 11896 1
11897 11896 5
1660 11896 1
3503 11897 1
3405 11897 2
11895 11897 3
4878 11898 1
11900 11899 2
53 11899 1
3802 11900 1
1701 11900 1
1798 11900 1
11899 11901 2
12004 11901 2
11932 11902 2
11899 11902 2
11899 11903 2
11904 11903 2
3345 11904 2
3671 11904 2
11900 11904 4
11932 11905 4
11899 11905 2
54 11905 3
54 11906 3
11904 11906 4
11899 11906 2
11908 11907 1
4858 11909 3
288 11909 1
11907 11909 1
465 11909 1
465 11910 1
4858 11910 2
11907 11910 1
465 11911 1
505 11911 1
1294 11911 1
4858 11911 5
288 11911 1
11907 11911 1
465 11912 1
4858 11912 2
11907 11912 1
465 11913 1
4858 11913 2
11907 11913 1
11907 11914 1
4858 11914 2
465 11914 1
11916 11915 1
12014 11916 4
476 11917 1
12019 11917 8
829 11917 3
11915 11917 1
265 11917 1
516 11917 1
484 11917 1
516 11918 1
484 11918 1
11915 11918 1
12019 11918 9
265 11918 1
829 11918 3
1638 11918 1
476 11918 1
12080 11919 1
3469 11920 1
11920 11921 1
3469 11921 1
146 11922 1
11924 11922 3
11923 11922 2
11926 11925 4
12080 11926 92
11928 11926 83
11927 11926 166
3603 11926 1
11930 11929 1
1081 11930 4
11930 11931 2
12060 11931 1
11929 11931 1
3664 11932 2
3802 11932 1
11900 11932 4
3378 11932 1
1798 11932 1
2681 11933 6
11932 11933 4
11935 11934 1
11926 11935 4
11937 11936 90
2799 11936 1
310 11936 1
1062 11936 1
542 11936 1
1774 11936 1
293 11936 1
342 11936 1
511 11936 1
545 11936 1
520 11936 1
377 11936 1
1028 11936 1
135 11936 1
235 11936 1
128 11936 1
1320 11936 1
127 11936 1
500 11936 1
11 11936 1
150 11936 1
1648 11936 1
3846 11936 1
116 11936 1
337 11936 1
1550 11936 1
282 11936 1
1647 11936 1
30 11936 1
1189 11936 1
378 11936 1
12073 11936 1
11934 11936 1
1229 11936 1
817 11936 1
1178 11936 1
261 11936 1
3599 11936 1
213 11936 1
1107 11936 1
1008 11936 1
167 11936 1
1768 11936 1
83 11936 1
271 11936 1
1635 11936 1
1065 11936 1
243 11936 1
3749 11936 1
2701 11936 1
3559 11936 1
1397 11936 1
117 11936 1
470 11936 1
0 11936 1
1195 11936 1
469 11936 1
1513 11936 1
294 11936 1
343 11936 1
1291 11936 1
3346 11936 1
887 11936 1
409 11936 1
326 11936 1
3804 11936 1
12039 11936 1
11965 11936 1
1773 11936 1
186 11936 1
1628 11936 1
1292 11936 1
174 11936 1
3367 11936 1
3390 11936 1
1173 11936 1
1095 11936 1
1686 11936 1
3659 11936 1
1277 11936 1
1556 11936 1
529 11936 1
96 11936 1
1354 11936 1
151 11936 1
517 11936 1
1720 11936 1
226 11936 1
870 11936 1
12040 11937 1
3621 11937 1
3653 11937 1
3650 11937 1
3313 11937 1
3654 11937 1
3613 11937 1
3626 11937 1
3649 11937 1
3303 11937 1
3490 11937 1
3655 11937 1
3604 11937 1
3291 11937 1
3612 11937 1
12053 11937 1
3630 11937 1
3619 11937 1
3652 11937 1
3618 11937 1
3633 11937 1
3627 11937 1
3615 11937 1
3373 11937 1
3622 11937 1
12062 11937 1
3634 11937 1
11925 11937 1
3617 11937 1
3318 11937 1
12006 11937 1
3607 11937 1
3638 11937 1
3600 11937 1
1009 11937 2
3651 11937 1
11996 11937 1
3641 11937 1
3637 11937 1
3614 11937 1
3537 11937 1
3645 11937 1
3636 11937 1
3602 11937 1
3392 11937 1
3311 11937 1
3644 11937 1
3347 11937 1
3629 11937 1
3532 11937 1
3639 11937 1
3647 11937 1
3648 11937 1
3620 11937 1
3656 11937 1
11966 11937 2
3451 11937 1
11935 11937 1
3605 11937 1
3611 11937 1
3533 11937 1
3640 11937 1
3628 11937 1
1288 11937 1
3608 11937 1
3376 11937 1
3625 11937 1
3391 11937 1
3623 11937 1
12036 11937 1
3643 11937 1
3616 11937 1
3254 11937 1
3609 11937 1
3646 11937 1
3610 11937 1
3657 11937 1
3319 11937 1
3632 11937 1
12031 11937 1
12074 11937 1
3624 11937 1
3635 11937 1
3631 11937 1
3642 11937 1
3606 11937 1
12038 11937 4
11936 11938 90
11937 11938 90
11940 11939 1
3261 11940 3
11939 11941 1
11942 11941 1
11940 11942 3
11944 11943 1
3503 11944 1
11946 11944 1
11943 11945 1
11946 11945 2
3750 11946 1
11944 11946 3
3488 11946 7
11948 11947 4
11945 11947 2
11946 11947 5
1159 11948 1
11943 11948 1
11946 11948 4
336 11948 1
11950 11949 1
11952 11950 1
11954 11950 1
11956 11950 1
11952 11951 4
11949 11951 1
1554 11951 2
11954 11952 6
3582 11952 5
11950 11952 4
920 11952 1
11954 11953 5
11951 11953 4
11952 11954 7
3555 11954 2
3433 11954 2
3434 11954 2
11956 11955 7
11953 11955 5
2818 11955 3
3582 11956 4
11954 11956 5
3503 11956 2
11956 11957 5
11953 11957 5
1554 11957 2
11956 11958 5
11953 11958 5
11956 11959 5
11953 11959 5
11956 11960 5
11953 11960 5
11956 11961 5
11953 11961 5
11953 11962 5
2818 11962 3
11956 11962 7
11956 11963 5
11953 11963 5
7 11964 1
11952 11964 6
11953 11964 5
11966 11965 1
2730 11966 3
11928 11966 1
11968 11967 3
347 11967 1
11970 11969 6
1433 11969 4
268 11969 1
3671 11970 6
12044 11970 9
1006 11970 3
11933 11970 10
1798 11970 1
2681 11970 1
3471 11970 1
11924 11970 3
1299 11970 1
3770 11970 1
3564 11970 3
3669 11970 2
864 11970 2
11970 11971 6
11969 11971 6
505 11972 1
11970 11972 7
292 11972 1
11969 11972 6
3350 11973 4
11975 11974 1
2797 11975 1
3488 11975 3
11975 11976 2
11974 11976 1
11976 11977 2
11975 11977 4
78 11977 1
11977 11978 4
1435 11978 2
78 11978 1
11985 11978 5
11979 11978 7
11975 11979 10
2797 11979 1
11987 11979 2
11975 11980 5
11977 11980 4
11979 11981 6
11980 11981 5
11985 11981 5
11977 11982 4
11979 11982 4
356 11983 1
11975 11983 6
11977 11983 4
11979 11984 6
11983 11984 6
11975 11985 5
11977 11985 4
11987 11986 5
11977 11986 4
11985 11986 5
3585 11987 2
1176 11987 1
3395 11987 2
11975 11987 6
11987 11988 5
11985 11988 5
11975 11989 2
11976 11989 2
11976 11990 2
11979 11990 2
11992 11991 3
3292 11991 2
1377 11992 1
1283 11992 1
11992 11993 4
3292 11993 2
1422 11993 1
11991 11993 3
11995 11994 4
3569 11995 1
1226 11995 1
1512 11995 1
1227 11995 1
11926 11996 4
1789 11997 1
11998 11997 4
11997 11998 1
238 11998 1
1096 11998 1
426 11998 1
12000 11999 2
3309 12000 3
12002 12001 60
187 12001 1
94 12001 1
152 12001 1
65 12001 1
214 12001 1
1787 12001 1
1295 12001 1
132 12001 1
1296 12001 1
3822 12001 2
204 12001 1
844 12001 1
2769 12001 1
12061 12001 1
1199 12001 1
4839 12001 1
3273 12001 1
322 12001 1
508 12001 1
3823 12001 5
1726 12001 1
3587 12001 1
1713 12001 1
3847 12001 1
12051 12001 1
1293 12001 1
3475 12001 1
12007 12001 1
3450 12001 2
122 12001 1
222 12001 1
215 12001 1
2745 12001 1
3320 12001 1
1290 12001 1
3299 12001 1
509 12001 1
210 12001 1
1027 12001 1
248 12001 1
976 12001 1
540 12001 1
11999 12001 2
1697 12001 1
417 12001 1
521 12001 1
2691 12001 1
3380 12001 2
12003 12001 1
1194 12001 1
1158 12001 1
3825 12001 1
1640 12001 1
12000 12002 58
2706 12002 1
12000 12003 1
1701 12004 1
3378 12004 1
1798 12004 1
11900 12004 4
3664 12004 3
12004 12005 4
11926 12006 4
12000 12007 1
11899 12008 2
12009 12008 3
2679 12009 3
3378 12009 2
3671 12009 5
12012 12009 3
2678 12009 1
11900 12009 4
3772 12009 7
12008 12010 1
3592 12010 1
12009 12010 4
370 12010 1
1209 12010 1
12008 12011 1
1209 12011 1
177 12011 1
12012 12011 6
3379 12011 3
12009 12012 7
1201 12012 1
12014 12013 4
12018 12014 6
12020 12014 6
12023 12014 6
12019 12014 6
12021 12014 6
12017 12014 6
12015 12014 6
1301 12015 1
12016 12015 10
3339 12016 4
922 12016 2
3795 12016 1
855 12016 2
3477 12016 1
3334 12016 5
1380 12016 1
12014 12016 1
12013 12016 1
1330 12016 1
3331 12016 1
3298 12016 2
1301 12016 1
3681 12016 1
1331 12016 1
2765 12016 1
1329 12016 1
3402 12016 1
869 12016 2
3402 12017 1
12013 12017 1
1331 12017 1
2765 12017 1
3339 12017 3
3681 12017 1
1183 12017 1
922 12017 1
869 12017 1
3795 12018 8
1301 12019 1
855 12019 2
1183 12019 1
12014 12019 1
1105 12019 2
782 12019 1
3795 12019 9
2765 12019 1
1380 12019 1
1054 12019 1
3477 12019 1
1329 12019 1
1330 12019 1
11916 12019 1
3402 12019 1
3483 12019 4
12013 12019 2
1331 12019 1
12022 12021 6
1217 12023 1
1592 12023 3
869 12023 1
3298 12023 1
1329 12023 1
922 12023 1
3681 12023 1
12025 12024 1
3287 12025 4
12024 12026 1
12027 12026 1
3287 12027 1
12025 12027 11
12024 12028 1
12029 12028 1
3469 12029 2
1069 12029 2
12025 12029 1
1228 12029 1
897 12029 1
11926 12031 4
12033 12032 2
1581 12032 1
169 12033 1
3706 12033 2
1581 12034 1
1586 12034 2
12033 12034 12
3501 12034 11
12032 12034 2
1584 12034 2
12036 12035 1
11926 12036 4
12038 12037 66
1558 12037 1
1636 12037 1
2762 12037 1
3705 12037 1
941 12037 3
3304 12037 3
12052 12037 1
32 12037 1
12035 12037 1
1588 12037 1
1782 12037 1
89 12037 1
223 12037 1
1715 12037 1
522 12037 1
1091 12037 1
1157 12037 3
3375 12037 1
1107 12037 1
1754 12037 1
319 12037 1
460 12037 1
1489 12037 1
1563 12037 1
4884 12037 1
182 12037 1
1669 12037 1
945 12037 1
1040 12037 1
1764 12037 1
1453 12037 1
406 12037 1
1088 12037 1
1589 12037 1
1487 12037 4
972 12037 1
1639 12037 1
279 12037 1
2782 12037 1
1497 12037 1
3317 12037 1
1060 12037 1
1387 12037 1
40 12037 1
1666 12037 1
1188 12037 1
1527 12037 3
3601 12037 1
385 12037 1
1706 12037 1
2746 12037 1
261 12037 1
1063 12037 1
1410 12037 1
431 12037 1
3376 12038 1
3272 12038 2
3638 12038 1
12036 12038 1
3622 12038 1
11926 12038 93
3652 12038 1
3647 12038 1
3626 12038 1
1009 12038 1
3305 12038 16
12031 12038 1
3648 12038 1
2773 12038 3
3614 12038 1
3634 12038 1
3645 12038 1
3637 12038 1
3651 12038 1
3609 12038 1
3628 12038 1
3254 12038 16
3631 12038 1
3655 12038 1
3607 12038 1
3613 12038 1
3625 12038 1
2748 12038 1
3392 12038 1
3653 12038 1
11996 12038 1
3650 12038 1
3639 12038 1
3654 12038 1
3641 12038 1
3391 12038 1
3615 12038 1
3490 12038 1
12080 12038 92
3633 12038 1
3640 12038 1
3313 12038 1
3656 12038 1
3627 12038 1
3623 12038 1
3604 12038 1
3629 12038 1
3643 12038 1
12053 12038 1
3646 12038 1
3606 12038 1
1288 12038 1
3632 12038 1
3451 12038 1
3657 12038 1
3635 12038 1
3621 12038 1
3636 12038 1
3630 12038 1
3537 12038 1
11925 12038 1
3532 12038 1
3319 12038 1
3311 12038 1
3642 12038 1
3256 12038 1
3318 12038 1
3602 12038 1
779 12038 5
12040 12039 1
11926 12040 4
12042 12041 1
929 12042 2
3420 12042 1
1289 12043 1
12041 12043 1
12044 12043 3
3564 12044 3
12042 12044 2
974 12045 1
12044 12045 5
12043 12045 3
268 12046 1
29 12046 1
1005 12046 2
12047 12046 5
11970 12046 29
1765 12046 1
3797 12046 6
465 12046 1
1136 12046 4
1378 12046 1
523 12046 1
1289 12046 1
974 12046 1
1433 12046 4
2687 12046 6
3769 12046 1
12045 12046 5
29 12047 1
12043 12047 3
12044 12047 5
4844 12048 1
12049 12048 4
1289 12048 1
12043 12048 3
12044 12049 3
12042 12049 1
3664 12049 2
3770 12049 1
3294 12049 2
11933 12049 1
1099 12049 1
3399 12049 2
3564 12049 1
4844 12050 1
12049 12050 4
12043 12050 3
1289 12050 1
12000 12051 1
12053 12052 1
11926 12053 4
12055 12054 1
3773 12055 4
12054 12056 1
445 12056 1
136 12056 1
12057 12056 3
1003 12057 1
12055 12057 1
137 12057 1
12059 12058 3
11930 12060 1
12000 12061 1
11926 12062 4
12065 12064 1
1611 12066 3
12067 12066 4
12064 12066 1
12065 12067 1
1155 12067 3
12069 12067 4
3781 12067 5
12064 12068 1
92 12068 2
12069 12068 4
12065 12069 4
3702 12069 5
12068 12070 4
12067 12070 4
12067 12071 8
12068 12071 4
3780 12071 5
2708 12072 2
3700 12072 3
1155 12072 3
3771 12072 1
3702 12072 9
12074 12073 1
11926 12074 4
12076 12075 1
3287 12076 4
12078 12077 1
12075 12077 1
12076 12078 2
12080 12079 1
11926 12081 93
1068 12081 1
541 12081 1
46 12081 1
3263 12081 1
1071 12081 1
11919 12081 1
1480 12081 1
1265 12081 1
1177 12081 1
1677 12081 1
1683 12081 1
242 12081 1
2743 12081 1
1208 12081 1
1651 12081 1
2751 12081 1
84 12081 1
281 12081 1
503 12081 1
1039 12081 1
1604 12081 1
236 12081 1
115 12081 1
173 12081 1
1791 12081 1
518 12081 1
87 12081 1
2817 12081 1
2695 12081 1
1662 12081 1
328 12081 1
82 12081 1
3400 12081 1
905 12081 1
2696 12081 1
25 12081 2
357 12081 1
2744 12081 1
1637 12081 1
69 12081 1
3824 12081 1
391 12081 1
14 12081 1
489 12081 1
1673 12081 1
3827 12081 1
1067 12081 1
300 12081 1
2688 12081 1
4855 12081 2
390 12081 2
75 12081 1
325 12081 1
1717 12081 1
3354 12081 4
966 12081 1
1134 12081 1
1485 12081 1
1061 12081 1
3342 12081 3
1358 12081 1
1439 12081 1
778 12081 1
1126 12081 1
538 12081 1
309 12081 1
1661 12081 1
1696 12081 1
546 12081 1
178 12081 1
410 12081 1
1652 12081 1
382 12081 1
354 12081 1
1468 12081 1
533 12081 1
3563 12081 1
188 12081 1
3767 12081 1
176 12081 1
1239 12081 1
3667 12081 2
12079 12081 1
12081 12082 93
11926 12082 93
12038 12083 94
12081 12083 93
261 12083 1
12081 12084 93
261 12084 1
12038 12084 94
11926 12085 93
12081 12085 93
11926 12086 93
12081 12086 93
12038 12087 93
1637 12087 1
1485 12087 1
178 12087 1
2817 12087 1
1126 12087 1
3667 12087 2
1208 12087 1
1071 12087 1
3767 12087 1
4855 12087 2
391 12087 1
2743 12087 1
12079 12087 1
14 12087 1
354 12087 1
2688 12087 1
357 12087 1
546 12087 1
87 12087 1
1661 12087 1
538 12087 1
966 12087 1
1651 12087 1
1652 12087 1
309 12087 1
1068 12087 1
1696 12087 1
390 12087 2
300 12087 1
173 12087 1
1480 12087 1
1683 12087 1
328 12087 1
1677 12087 1
3342 12087 3
518 12087 1
69 12087 1
3827 12087 1
2744 12087 1
1067 12087 1
1039 12087 1
1177 12087 1
2696 12087 1
1061 12087 1
533 12087 1
1468 12087 1
489 12087 1
115 12087 1
1791 12087 1
82 12087 1
84 12087 1
3354 12087 4
2695 12087 1
382 12087 1
236 12087 1
503 12087 1
75 12087 1
3563 12087 1
410 12087 1
1358 12087 1
176 12087 1
3824 12087 1
46 12087 1
1439 12087 1
1134 12087 1
1604 12087 1
3263 12087 1
1673 12087 1
3400 12087 1
1265 12087 1
11919 12087 1
1717 12087 1
2751 12087 1
905 12087 1
1239 12087 1
188 12087 1
1662 12087 1
281 12087 1
242 12087 1
778 12087 1
957 12087 1
325 12087 1
541 12087 1
25 12087 2
12038 12088 100
1177 12088 1
2695 12088 1
1468 12088 1
2751 12088 1
778 12088 1
1604 12088 1
2743 12088 1
2688 12088 1
46 12088 1
3354 12088 4
1126 12088 1
25 12088 2
69 12088 1
3824 12088 1
3400 12088 1
3304 12088 3
84 12088 1
115 12088 1
173 12088 1
4855 12088 2
1651 12088 1
1134 12088 1
1061 12088 1
1696 12088 1
1480 12088 1
1358 12088 1
1208 12088 1
1071 12088 1
1717 12088 1
541 12088 1
390 12088 2
1485 12088 1
3767 12088 1
410 12088 1
242 12088 1
533 12088 1
376 12088 1
1677 12088 1
489 12088 1
11919 12088 1
3263 12088 1
89 12088 1
3342 12088 3
957 12088 1
3563 12088 1
178 12088 1
2744 12088 1
188 12088 1
281 12088 1
1067 12088 1
546 12088 1
1673 12088 1
518 12088 1
1265 12088 1
1661 12088 1
82 12088 1
325 12088 1
300 12088 1
1239 12088 1
1637 12088 1
3827 12088 1
176 12088 1
12079 12088 1
354 12088 1
357 12088 1
2817 12088 1
1039 12088 1
3667 12088 2
1791 12088 1
391 12088 1
941 12088 3
35 12088 1
1683 12088 1
236 12088 1
538 12088 1
2696 12088 1
382 12088 1
75 12088 1
1714 12088 1
1662 12088 1
309 12088 1
87 12088 1
14 12088 1
966 12088 1
3255 12088 1
905 12088 1
328 12088 1
12038 12089 85
75 12089 1
328 12089 1
4855 12089 2
2743 12089 1
325 12089 1
357 12089 1
1673 12089 1
2817 12089 1
3263 12089 1
2751 12089 1
1039 12089 1
3342 12089 3
11919 12089 1
188 12089 1
1107 12089 1
966 12089 1
1683 12089 1
71 12089 1
14 12089 1
185 12089 1
236 12089 1
1772 12089 1
1071 12089 1
242 12089 1
1067 12089 1
376 12089 1
898 12089 2
1791 12089 1
1468 12089 1
3777 12089 1
3667 12089 2
3824 12089 1
84 12089 1
1604 12089 1
1134 12089 1
957 12089 1
309 12089 1
281 12089 1
390 12089 2
1677 12089 1
382 12089 1
82 12089 1
1239 12089 1
3767 12089 1
2696 12089 1
4886 12089 1
778 12089 1
173 12089 1
87 12089 1
1315 12089 1
1661 12089 1
2695 12089 1
3563 12089 1
1394 12089 1
1637 12089 1
489 12089 1
354 12089 1
3253 12089 1
1061 12089 1
3255 12089 1
905 12089 1
1651 12089 1
3393 12089 2
541 12089 1
518 12089 1
1208 12089 1
1177 12089 1
3354 12089 4
4879 12089 1
1358 12089 1
12079 12089 1
533 12089 1
1480 12089 1
300 12089 1
126 12089 1
12091 12090 1
3775 12091 2
