567 184 1
581 184 1
567 185 1
581 185 1
567 186 1
581 186 1
581 187 1
567 187 1
581 188 1
567 188 1
567 189 1
581 189 1
581 190 1
567 190 1
581 191 1
567 191 1
581 192 1
567 192 1
581 193 1
567 193 1
581 194 1
567 194 1
581 195 1
567 195 1
581 196 1
567 196 1
567 197 1
581 197 1
581 198 1
567 198 1
572 567 1
566 567 3
567 568 1
569 568 3
575 570 1
571 570 2
573 572 3
567 574 1
575 576 1
571 576 2
567 577 1
574 578 1
577 578 1
577 579 1
568 579 1
577 580 1
568 580 1
572 581 1
581 582 1
567 582 1
581 583 1
567 583 1
581 584 1
567 584 1
567 585 1
581 585 1
567 586 1
581 586 1
581 587 1
567 587 1
