1797 1025 4
1159 1026 1
1164 1026 1
1809 1026 1
1105 1026 1
1027 1026 6
1052 1026 1
1165 1026 1
1025 1027 5
1028 1027 1
1029 1028 4
1025 1029 1
1625 1029 3
1031 1030 1
1797 1031 4
1030 1032 1
1074 1032 1
1176 1032 1
1795 1032 4
1148 1032 1
1074 1033 1
1030 1033 1
1795 1033 2
1625 1034 1
1140 1035 1
1082 1035 1
1154 1035 1
1785 1035 5
1178 1035 1
1034 1035 1
1034 1036 1
1785 1036 1
1785 1037 4
1082 1037 1
1034 1037 1
1140 1037 1
1037 1038 4
1630 1038 4
1802 1040 1
1804 1041 5
1129 1041 1
1091 1041 1
1081 1041 1
1182 1041 1
1040 1041 1
1062 1042 1
1043 1042 17
1129 1042 1
1099 1042 9
1040 1042 1
1169 1042 1
1162 1042 1
1069 1042 2
1104 1042 1
1063 1043 7
1802 1043 2
1056 1043 12
1794 1044 1
1046 1045 4
1145 1045 1
1116 1045 1
1044 1045 1
1794 1046 1
1171 1046 1
1128 1046 4
1110 1046 1
1109 1046 1
1170 1046 1
1172 1046 1
1127 1046 3
1045 1047 4
1146 1047 1
1630 1047 5
1045 1048 4
1144 1048 1
1135 1048 1
1130 1048 1
1178 1048 1
1154 1048 1
1139 1048 1
1630 1048 13
1146 1048 1
1072 1048 1
1802 1049 1
1791 1050 2
1049 1050 1
1131 1051 1
1050 1051 2
1791 1051 7
1066 1051 4
1025 1052 1
1054 1053 1
1797 1054 4
1056 1055 12
1069 1055 2
1167 1055 1
1099 1055 9
1053 1055 1
1073 1056 4
1054 1056 10
1625 1057 1
1625 1058 1
1060 1059 5
1059 1061 4
1063 1062 1
1797 1063 4
1062 1064 1
1117 1064 1
1123 1064 1
1155 1064 1
1043 1064 5
1169 1064 1
1031 1065 1
1121 1066 1
1151 1066 1
1791 1066 4
1065 1066 1
1066 1067 4
1791 1067 5
1068 1067 3
1065 1068 1
1791 1068 3
1121 1068 1
1056 1069 2
1093 1069 1
1069 1070 2
1174 1070 1
1632 1070 3
1799 1071 1
1625 1072 1
1054 1073 4
1031 1074 1
1795 1075 1
1074 1075 1
1793 1076 8
1799 1076 1
1076 1077 5
1076 1078 5
1043 1079 1
1043 1080 4
1063 1081 1
1625 1082 1
1120 1083 1
1178 1083 1
1154 1083 1
1029 1083 4
1082 1083 1
1054 1084 1
1118 1085 1
1084 1085 1
1073 1085 2
1084 1086 1
1118 1086 1
1174 1086 1
1073 1086 3
1073 1087 2
1118 1087 1
1084 1087 1
1089 1088 1
1089 1090 1
1088 1090 1
1785 1091 1
1073 1092 4
1054 1093 1
1802 1094 1
1799 1095 1
1076 1096 2
1095 1096 1
1076 1097 2
1096 1097 2
1054 1098 1
1166 1099 1
1167 1099 1
1056 1099 9
1098 1099 1
1150 1099 1
1174 1099 1
1132 1099 1
1115 1099 1
1161 1099 1
1166 1100 1
1167 1100 1
1098 1100 1
1132 1100 1
1056 1100 4
1796 1101 1
1101 1102 1
1175 1102 1
1103 1102 2
1796 1103 2
1063 1104 1
1028 1105 1
1802 1106 1
1797 1107 4
1787 1108 3
1163 1108 1
1787 1109 3
1787 1110 3
1635 1111 1
1113 1112 1
1795 1112 4
1179 1112 1
1173 1112 1
1111 1112 1
1031 1113 1
1176 1114 1
1148 1114 1
1113 1114 1
1795 1114 3
1054 1115 1
1110 1116 1
1056 1117 2
1054 1118 1
1797 1119 4
1025 1120 1
1031 1121 1
1807 1122 1
1063 1123 1
1625 1124 1
1793 1125 4
1807 1126 1
1802 1129 1
1627 1130 1
1031 1131 1
1054 1132 1
1147 1133 1
1799 1134 1
1625 1135 1
1054 1136 1
1073 1137 1
1136 1137 1
1046 1138 1
1625 1139 1
1625 1140 1
1785 1141 1
1140 1141 1
1625 1142 1
1625 1143 1
1625 1144 1
1109 1145 1
1638 1146 1
1031 1148 1
1119 1149 1
1054 1150 1
1031 1151 1
1063 1152 1
1043 1153 1
1152 1153 1
1625 1154 1
1063 1155 1
1025 1159 1
1802 1160 1
1054 1161 1
1063 1162 1
1025 1164 1
1025 1165 1
1054 1166 1
1054 1167 1
1056 1168 1
1167 1168 1
1063 1169 1
1635 1173 1
1054 1174 1
1796 1175 1
1031 1176 1
1802 1177 1
1625 1178 1
1635 1179 1
1627 1180 1
1180 1181 1
1627 1181 1
1802 1182 1
1625 1624 1
1797 1625 4
1627 1626 6
1806 1626 1
1057 1626 1
1095 1626 1
1624 1626 1
1072 1626 1
1126 1626 1
1802 1627 9
1625 1627 4
1799 1627 2
1635 1627 1
1054 1627 4
1807 1627 3
1072 1628 1
1160 1628 1
1057 1628 1
1627 1628 4
1624 1628 1
1048 1629 1
1124 1629 1
1045 1629 4
1630 1629 9
1058 1629 1
1624 1629 1
1142 1629 1
1627 1630 1
1638 1630 2
1119 1630 1
1785 1630 4
1046 1630 5
1625 1630 14
1144 1631 1
1058 1631 1
1142 1631 1
1624 1631 1
1082 1631 1
1140 1631 1
1149 1631 1
1034 1631 1
1630 1631 12
1139 1631 1
1072 1631 1
1057 1631 1
1124 1631 1
1054 1632 1
1056 1632 2
1632 1633 4
1635 1634 1
1797 1635 4
1093 1636 1
1634 1636 1
1053 1636 1
1627 1636 4
1161 1636 1
1638 1637 1
1172 1638 1
1127 1638 3
1128 1638 4
1171 1638 1
1637 1639 1
1640 1639 7
1146 1639 1
1138 1639 1
1045 1639 4
1046 1640 5
1039 1640 3
1638 1640 2
1630 1784 2
1637 1784 1
1138 1784 1
1625 1785 5
1787 1786 3
1788 1786 1
1789 1786 1
1791 1790 4
1065 1790 1
1068 1790 3
1156 1791 1
1795 1791 4
1031 1791 4
1802 1791 1
1134 1792 1
1095 1792 1
1071 1792 1
1068 1792 3
1793 1792 7
1790 1792 4
1799 1793 3
1791 1793 4
1787 1794 3
1635 1795 3
1031 1795 5
1795 1796 4
1799 1798 1
1797 1799 4
1094 1800 1
1798 1800 1
1106 1800 1
1126 1800 1
1122 1800 1
1806 1800 1
1627 1800 11
1143 1800 1
1160 1800 1
1182 1800 1
1049 1800 1
1177 1800 1
1802 1801 1
1797 1802 4
1804 1803 4
1174 1803 1
1801 1803 1
1150 1803 1
1117 1803 1
1056 1804 1
1785 1804 1
1063 1804 1
1054 1804 2
1802 1804 4
1627 1805 5
1129 1805 1
1182 1805 1
1801 1805 1
1040 1805 1
1150 1805 1
1807 1806 1
1797 1807 4
1797 1808 4
1025 1809 1
