12586 6754 3
12671 6756 1
12650 6757 1
14426 6758 2
7672 6758 1
12742 6758 4
12721 6759 1
14423 6759 1
13102 6760 1
8959 6761 1
13104 6761 2
6760 6761 1
6760 6762 1
13104 6762 2
8959 6762 1
12738 6763 5
13152 6764 1
13130 6765 1
14261 6766 1
6821 6767 3
12895 6767 4
6766 6767 1
12895 6768 2
6766 6768 1
9186 6768 1
13152 6769 1
13175 6770 1
6770 6771 1
14369 6771 2
8959 6771 1
6770 6772 1
14369 6772 2
8959 6772 1
12650 6773 1
13005 6774 1
14222 6775 1
6775 6776 1
12706 6776 3
6803 6776 1
12670 6778 1
14428 6779 1
6779 6780 1
8845 6780 1
14302 6780 1
12603 6780 3
12573 6781 1
6779 6781 1
7672 6786 1
13126 6786 4
12599 6786 1
12852 6788 1
12628 6789 2
7740 6789 1
6788 6789 1
12850 6790 1
12618 6791 2
8809 6791 1
6790 6791 1
12830 6792 2
6790 6792 1
12567 6793 1
12738 6794 1
6794 6795 1
12583 6795 1
12567 6796 1
14374 6797 1
13226 6798 1
6797 6798 1
13226 6799 1
6797 6799 1
13175 6800 1
14369 6801 2
8959 6801 1
6800 6801 1
6800 6802 1
14369 6802 2
8959 6802 1
14422 6803 1
13247 6804 1
12670 6805 1
13276 6806 1
6806 6807 1
7664 6807 1
12927 6807 5
9099 6807 1
8731 6807 1
9120 6807 1
12852 6808 1
6808 6809 1
12628 6809 2
7740 6809 1
12747 6810 1
12749 6811 1
6810 6811 1
12660 6812 1
6812 6813 1
12618 6813 2
8690 6813 1
12892 6815 2
8871 6815 1
6815 6816 2
12573 6816 2
13049 6817 1
12650 6818 1
13247 6819 1
12733 6820 1
9186 6821 1
12573 6821 3
8790 6821 1
12895 6822 4
6821 6822 3
6859 6822 1
12650 6823 1
13064 6824 1
6824 6825 1
12890 6825 1
12890 6826 3
8900 6826 2
6824 6826 1
12907 6827 1
13102 6828 1
8959 6829 1
6828 6829 1
13104 6829 2
13104 6830 2
6828 6830 1
8959 6830 1
12947 6831 3
12713 6832 3
12868 6833 1
13005 6834 1
12597 6835 2
6834 6835 1
6891 6835 1
12946 6836 4
12567 6837 1
13049 6838 1
13180 6839 1
12698 6840 1
6782 6841 1
6841 6842 1
14302 6842 1
6843 6842 2
6782 6843 1
12939 6843 1
6841 6844 1
14302 6844 1
6843 6844 2
6841 6845 1
6843 6845 2
14302 6845 1
6841 6846 1
14302 6846 1
6843 6846 2
12650 6847 1
12713 6848 3
12947 6849 3
12738 6850 1
12583 6851 1
6850 6851 1
6850 6852 1
9032 6852 1
12583 6852 3
12893 6852 1
12684 6853 1
12686 6854 2
6853 6854 1
8959 6854 1
12686 6855 2
8959 6855 1
6853 6855 1
12648 6856 1
6858 6857 1
14261 6859 1
6859 6860 1
12895 6860 1
12767 6862 1
6862 6863 1
12760 6863 6
7693 6863 5
7693 6864 5
6862 6864 1
12760 6864 6
13141 6865 1
13143 6866 1
6865 6866 1
12933 6867 1
14312 6868 2
8678 6868 1
6867 6868 1
12899 6869 1
13100 6870 1
13276 6871 1
12571 6872 1
12767 6873 1
6873 6874 1
12760 6874 1
7693 6875 5
12760 6875 6
6873 6875 1
12595 6876 1
12601 6877 1
12603 6878 1
6877 6878 1
12961 6879 1
12648 6880 1
14397 6881 1
6881 6882 1
14222 6882 1
14222 6883 1
6881 6883 1
14271 6884 1
6884 6885 1
12743 6885 1
12743 6886 1
6884 6886 1
13064 6887 1
12890 6888 3
8900 6888 2
6887 6888 1
13180 6889 1
12907 6890 1
12595 6891 1
9028 6892 1
12597 6892 2
6891 6892 1
8957 6893 2
14378 6893 3
12883 6894 4
6893 6894 3
9038 6894 1
7753 6895 1
12883 6895 4
6893 6895 3
6893 6896 3
12883 6896 4
7729 6896 1
9023 6897 1
6893 6897 3
12883 6897 4
12881 6898 1
8959 6899 1
6898 6899 1
12883 6899 2
12883 6900 1
6898 6900 1
6786 6901 3
9018 6901 1
7703 6901 1
6901 6902 3
12665 6902 3
6904 6903 3
6901 6903 3
6786 6904 3
6906 6905 3
6901 6905 3
12599 6906 1
12742 6906 4
6786 6906 3
6901 6907 3
6906 6907 3
6901 6908 3
12665 6908 3
6906 6909 3
6901 6909 3
13180 6910 1
14424 6911 1
6911 6912 1
12953 6912 2
12607 6913 1
6913 6914 1
12609 6914 1
12893 6915 1
6913 6915 1
12609 6915 2
12902 6916 1
12578 6917 1
6916 6917 1
8950 6918 1
12578 6918 2
6916 6918 1
12738 6919 1
12881 6920 1
8959 6921 1
12883 6921 2
6920 6921 1
6920 6922 1
12883 6922 1
12967 6923 1
12738 6925 1
12571 6926 1
13128 6927 1
8946 6928 1
8957 6928 1
6927 6928 1
12573 6928 3
13128 6929 1
12733 6930 1
13152 6931 1
12931 6932 1
6931 6932 1
8826 6934 1
12859 6934 2
14302 6934 1
8826 6935 1
14302 6935 1
12859 6935 2
12859 7648 3
14302 7648 1
8864 7648 1
8826 7648 1
12679 7649 1
12652 7650 1
7649 7650 1
12713 7651 3
12650 7652 1
12670 7653 1
12961 7654 1
12868 7655 1
14243 7656 1
14261 7657 1
7657 7658 1
12895 7658 1
14395 7660 1
7660 7661 1
7717 7661 1
12848 7661 3
12650 7662 1
12733 7663 1
13276 7664 1
12731 7665 3
13175 7666 1
14369 7667 2
7666 7667 1
8959 7667 1
14369 7668 2
8959 7668 1
7666 7668 1
12965 7669 1
7669 7670 1
12681 7670 2
12713 7671 3
12713 7672 3
13175 7673 1
7673 7674 1
8959 7674 1
14369 7674 2
14369 7675 1
7673 7675 1
13100 7676 1
12856 7678 1
12677 7679 1
14330 7680 1
14330 7681 2
7680 7681 1
7681 7682 2
12743 7682 3
9035 7682 1
12743 7683 3
7681 7683 2
9151 7683 1
12743 7684 3
7681 7684 2
9151 7684 1
9151 7685 1
7681 7685 2
12743 7685 3
8790 7686 1
12573 7686 2
12861 7687 1
8821 7688 1
7687 7688 1
7689 7688 2
8822 7689 1
12861 7689 1
12581 7690 1
7692 7691 4
9124 7691 1
8790 7691 1
9032 7691 1
7671 7692 1
14427 7692 2
13248 7693 1
7712 7693 2
7691 7693 1
12573 7693 5
12760 7694 6
8786 7694 1
7693 7694 5
8786 7695 1
7693 7695 5
12760 7695 6
12760 7696 6
7693 7696 5
8704 7696 1
8704 7697 1
12760 7697 6
7693 7697 5
12651 7698 1
13064 7699 1
7699 7700 1
12890 7700 3
8900 7700 2
8894 7700 1
12890 7701 3
8900 7701 2
7699 7701 1
12733 7702 1
7672 7703 1
8790 7704 1
7703 7704 1
12605 7704 2
7706 7705 4
7703 7705 1
8737 7705 1
7774 7705 1
7672 7706 1
14426 7706 2
7703 7707 1
7774 7707 1
8737 7707 1
6758 7707 3
7703 7708 1
8737 7708 1
13232 7708 2
6758 7709 3
7703 7709 1
8737 7709 1
7774 7709 1
12688 7710 3
12665 7710 3
12665 7711 3
12688 7711 3
13125 7712 2
7703 7712 1
12665 7713 2
7712 7713 2
7712 7714 2
12573 7714 2
12576 7715 1
12733 7716 1
14395 7717 1
13175 7718 1
7718 7719 1
8959 7719 1
14369 7719 2
14369 7720 2
7718 7720 1
8959 7720 1
12747 7721 1
13222 7722 2
12588 7723 1
7723 7724 1
12590 7724 1
12590 7725 1
7723 7725 1
14397 7726 1
7726 7727 1
14222 7727 2
8799 7727 1
8799 7728 1
14222 7728 3
7726 7728 1
12881 7729 1
12883 7730 2
8959 7730 1
7729 7730 1
12567 7731 1
12684 7732 1
8959 7733 1
12686 7733 2
7732 7733 1
12686 7734 2
8959 7734 1
7732 7734 1
14254 7735 1
12955 7736 2
7735 7736 1
12684 7737 1
7737 7738 1
8959 7738 1
12686 7738 2
12686 7739 2
7737 7739 1
8959 7739 1
12573 7740 1
8723 7741 1
12628 7741 2
7740 7741 1
12628 7742 2
7740 7742 1
9031 7742 1
12628 7743 2
9180 7743 1
7740 7743 1
8949 7744 1
7740 7744 1
12628 7744 3
14302 7744 1
7740 7745 1
12628 7745 1
12571 7746 1
12948 7748 1
13175 7749 1
8959 7750 1
14369 7750 2
7749 7750 1
14369 7751 2
7749 7751 1
8959 7751 1
12648 7752 1
12881 7753 1
8959 7754 1
7753 7754 1
12883 7754 2
13251 7755 1
7755 7756 1
13251 7756 2
12733 7758 1
13100 7760 1
12742 7761 4
12742 7762 4
12907 7763 1
12635 7764 1
7763 7764 1
12861 7766 1
12728 7767 1
12581 7768 1
7767 7768 1
12615 7769 1
14425 7770 1
12954 7771 2
7770 7771 1
12892 7772 2
8871 7772 1
12573 7773 2
7772 7773 2
14426 7774 1
13232 7775 2
7774 7775 1
8737 7775 1
12573 7776 3
9186 7776 1
7774 7776 1
7776 7777 3
9197 7777 1
12609 7777 4
8917 7778 1
12609 7778 4
7776 7778 3
12609 7779 3
8917 7779 1
7774 7779 1
9186 7779 1
12618 7780 3
12893 7780 3
12573 7781 1
13049 7782 1
12961 7783 1
12852 7784 1
12628 7785 1
7784 7785 1
13180 7786 1
12670 7787 1
12576 7789 1
12573 7791 2
9100 7792 1
7791 7792 1
12583 7792 4
9032 7792 1
8790 7792 1
6848 7793 1
7795 7794 1
7793 7794 1
6848 7795 1
7795 7796 1
7793 7796 1
7795 7797 1
7793 7797 1
7795 7798 1
7793 7798 1
12573 7799 1
13223 8677 1
12933 8678 1
12684 8680 1
12686 8681 2
8959 8681 1
8680 8681 1
12686 8682 2
8959 8682 1
8680 8682 1
7665 8684 1
13204 8685 3
9195 8685 1
8684 8685 1
8685 8686 3
8791 8686 2
8687 8686 6
8836 8686 1
12573 8687 2
13204 8687 3
12711 8687 1
8687 8688 6
8836 8688 1
8685 8688 3
8791 8688 2
12573 8690 1
12618 8691 1
8690 8691 1
12618 8692 2
8690 8692 1
7791 8692 1
12650 8693 1
12907 8694 1
12738 8695 1
12583 8696 1
8695 8696 1
12738 8697 1
12583 8698 2
8761 8698 1
8697 8698 1
12607 8699 1
12609 8700 1
8699 8700 1
12609 8701 2
9186 8701 1
8699 8701 1
12961 8703 1
12767 8704 1
13175 8705 1
8705 8706 1
14369 8706 1
8705 8707 1
14369 8707 1
13102 8709 1
13104 8710 2
8709 8710 1
8959 8710 1
13104 8711 2
8959 8711 1
8709 8711 1
12852 8712 1
13064 8713 1
12890 8714 3
8713 8714 1
8900 8714 2
13175 8715 1
8959 8716 1
8715 8716 1
14369 8716 2
14369 8717 2
8959 8717 1
8715 8717 1
8719 8718 1
14223 8720 2
8718 8720 1
9012 8720 1
8718 8721 1
9012 8721 1
14223 8721 2
9012 8722 1
8718 8722 1
14223 8722 2
12852 8723 1
13102 8724 1
8724 8725 1
8959 8725 1
13104 8725 2
8724 8726 1
8959 8726 1
13104 8726 2
8728 8727 1
8727 8729 1
12975 8729 3
9103 8729 1
9012 8729 1
12567 8730 1
13276 8731 1
12573 8732 1
9044 8733 1
12578 8733 2
8732 8733 1
9109 8734 1
12578 8734 2
8732 8734 1
8732 8735 1
12578 8735 2
9196 8735 1
14426 8737 1
6758 8738 1
8737 8738 1
8737 8739 1
14375 8739 1
8737 8740 1
14375 8740 1
8737 8741 1
13232 8741 1
12747 8742 1
6933 8743 1
12844 8744 2
8743 8744 1
8743 8745 1
12844 8745 1
12902 8746 1
8746 8747 1
8950 8747 1
12578 8747 2
12650 8750 1
12856 8751 1
12733 8752 1
12856 8753 1
12738 8754 1
12716 8755 1
8755 8756 1
12718 8756 1
12718 8757 1
8755 8757 1
12881 8758 1
12883 8759 2
8959 8759 1
8758 8759 1
8758 8760 1
12883 8760 1
12738 8761 1
12567 8762 1
13180 8763 1
12856 8764 1
12684 8765 1
8959 8766 1
8765 8766 1
12686 8766 2
12686 8767 2
8765 8767 1
8959 8767 1
12823 8768 1
12825 8769 2
8904 8769 1
8768 8769 1
12825 8770 1
8768 8770 1
14360 8771 1
12567 8772 1
13102 8773 1
13104 8774 2
8773 8774 1
8959 8774 1
13104 8775 1
8773 8775 1
12671 8776 1
12885 8777 1
12650 8778 1
12650 8779 1
12567 8780 1
12573 8781 2
8959 8781 1
9093 8782 1
8959 8782 1
8781 8782 2
12590 8782 3
12590 8783 3
9093 8783 1
8781 8783 2
12590 8784 3
8959 8784 1
9034 8784 1
8781 8784 2
9034 8785 1
12590 8785 3
8781 8785 2
12767 8786 1
12650 8787 1
12650 8788 1
13100 8789 1
7671 8790 1
8790 8791 1
12573 8791 2
8790 8792 1
7692 8792 1
8790 8793 1
7692 8793 1
12573 8794 2
8790 8794 1
8794 8795 2
12618 8795 2
8794 8796 2
12618 8796 2
8790 8797 1
12573 8797 1
13248 8798 1
8790 8798 1
9032 8798 1
9150 8798 1
12583 8798 4
14397 8799 1
12733 8800 1
12907 8802 1
12698 8804 1
12567 8805 1
13060 8807 1
13062 8808 1
8807 8808 1
12850 8809 1
12881 8811 1
12883 8812 1
8811 8812 1
8811 8813 1
12883 8813 1
12850 8814 1
13180 8815 1
12650 8816 1
12684 8818 1
8818 8819 1
12686 8819 2
8959 8819 1
8959 8820 1
12686 8820 2
8818 8820 1
8822 8821 1
7689 8823 1
8821 8823 1
13047 8824 1
8824 8825 1
12758 8825 1
12763 8826 1
14339 8827 1
14341 8828 1
8827 8828 1
8827 8829 1
14341 8829 1
6858 8830 1
8830 8831 1
14513 8831 1
12852 8832 1
13180 8833 1
12902 8834 1
12578 8835 1
8834 8835 1
12711 8836 1
12948 8837 1
12852 8838 1
12567 8839 1
12967 8841 1
13102 8842 1
8842 8843 1
13104 8843 2
8959 8843 1
13104 8844 2
8959 8844 1
8842 8844 1
12601 8845 1
12733 8846 1
12902 8847 1
12881 8848 1
12883 8849 2
8848 8849 1
8959 8849 1
8848 8850 1
8959 8850 1
12883 8850 2
12573 8851 1
12977 8852 1
12979 8853 1
8852 8853 1
12573 8854 1
8854 8855 1
12583 8855 1
13049 8857 1
14360 8858 1
13128 8859 1
12733 8860 1
14243 8861 1
12585 8862 1
12852 8863 1
7651 8864 1
12849 8865 1
8864 8865 1
12684 8866 1
8866 8867 1
8959 8867 1
12686 8867 2
8866 8868 1
12686 8868 2
8959 8868 1
12567 8869 1
13180 8870 1
12892 8871 1
12892 8872 1
8871 8872 1
8871 8873 1
12892 8873 1
8871 8874 1
12892 8874 1
12939 8875 1
12650 8876 1
12721 8877 1
6759 8878 3
8877 8878 1
9054 8878 1
12571 8879 1
13005 8880 1
14339 8881 1
14341 8882 2
9025 8882 1
8881 8882 1
8881 8883 1
14341 8883 1
6754 8884 1
12571 8885 1
12567 8887 1
12905 8888 1
12684 8889 1
12686 8890 2
8889 8890 1
8959 8890 1
12686 8891 2
8889 8891 1
8959 8891 1
12567 8892 1
12571 8893 1
6832 8894 1
8894 8895 1
12846 8895 2
12846 8896 2
8895 8896 2
12846 8897 2
8895 8897 2
8894 8897 1
12846 8898 2
8894 8898 1
8895 8898 2
12573 8899 1
8894 8899 1
8894 8900 1
12573 8900 2
8900 8901 2
12890 8901 3
9058 8901 1
12852 8902 1
12628 8903 1
8902 8903 1
12823 8904 1
8904 8905 1
12825 8905 1
13175 8906 1
8906 8907 1
8959 8907 1
14369 8907 2
8959 8908 1
8906 8908 1
14369 8908 2
12852 8910 1
12650 8911 1
12650 8912 1
13152 8914 1
8914 8915 1
12931 8915 1
12738 8916 1
12607 8917 1
13175 8918 1
8959 8919 1
8918 8919 1
14369 8919 2
8918 8920 1
14369 8920 1
13234 8921 1
13053 8921 1
12698 8922 1
12852 8923 1
12905 8926 1
12571 8927 1
14261 8928 1
8928 8929 1
12895 8929 1
8928 8930 1
12895 8930 2
9186 8930 1
8932 8931 1
12708 8933 1
8931 8933 1
13175 8934 1
8934 8935 1
14369 8935 2
8959 8935 1
8934 8936 1
14369 8936 2
8959 8936 1
12650 8937 1
12910 8938 1
13005 8939 1
12567 8940 1
12902 8941 1
8941 8942 1
12578 8942 1
6858 8943 1
12595 8944 1
14427 8945 1
14243 8946 1
12648 8947 1
12852 8949 1
13005 8950 1
12677 8951 1
14243 8952 1
13049 8953 1
13152 8954 1
8954 8955 1
12931 8955 1
13047 8956 1
14419 8957 2
8957 8958 2
8959 8958 1
12573 8958 3
14432 8959 1
8959 8960 1
12573 8960 1
8959 8961 1
12573 8961 1
12573 8962 1
8959 8962 1
8990 8963 1
12686 8963 2
8959 8963 1
12686 8964 2
8959 8964 1
9143 8964 1
9140 8965 1
12686 8965 2
8959 8965 1
9022 8966 1
12686 8966 2
8959 8966 1
8959 8967 1
8990 8967 1
12686 8967 2
9143 8968 1
12686 8968 2
8959 8968 1
12686 8969 2
9140 8969 1
8959 8969 1
9022 8970 1
8959 8970 1
12686 8970 2
8959 8971 1
9040 8971 1
8972 8971 2
8702 8972 1
14432 8972 1
8959 8973 1
12618 8973 1
12883 8974 1
8959 8974 1
12883 8975 2
8959 8975 1
9038 8975 1
9023 8976 1
8959 8976 1
12883 8976 2
8959 8977 1
12573 8977 1
13104 8978 2
8959 8978 1
9148 8978 1
8959 8979 1
9177 8979 1
13104 8979 2
8959 8980 1
12583 8980 1
9126 8981 1
13104 8981 2
8959 8981 1
8959 8982 1
13104 8982 2
9148 8982 1
13104 8983 2
8959 8983 1
9177 8983 1
14369 8984 2
9174 8984 1
8959 8984 1
9198 8985 1
8959 8985 1
14369 8985 2
8959 8986 1
14369 8986 2
9016 8986 1
14369 8987 2
9174 8987 1
8959 8987 1
12615 8988 1
13222 8989 1
12684 8990 1
6858 8991 1
14513 8992 1
8991 8992 1
12967 8993 1
13102 8994 1
13104 8995 1
8994 8995 1
13104 8996 1
8994 8996 1
14311 8997 2
9137 8997 1
14311 8998 2
8997 8998 2
12648 9000 1
12921 9001 1
12738 9003 1
13180 9004 1
12767 9005 1
12567 9006 1
14243 9007 1
14437 9008 1
13005 9009 1
13049 9010 1
13224 9011 1
13182 9012 1
9012 9013 1
12975 9013 1
12571 9014 1
12921 9015 1
13175 9016 1
14369 9017 1
9016 9017 1
12599 9018 1
6906 9019 1
9018 9019 1
6906 9020 1
9018 9020 1
9018 9021 1
12665 9021 1
12684 9022 1
12881 9023 1
13071 9024 1
12573 9025 1
9114 9026 1
9025 9026 1
14341 9026 2
9025 9027 1
9048 9027 1
14341 9027 2
12576 9028 1
14360 9029 1
12567 9030 1
12852 9031 1
14427 9032 1
12567 9033 1
12588 9034 1
14271 9035 1
9035 9036 1
12743 9036 1
13180 9037 1
12881 9038 1
8702 9040 1
8972 9041 1
9040 9041 1
12925 9042 1
12927 9043 1
9042 9043 1
12902 9044 1
12595 9045 1
13005 9046 1
13133 9047 1
14339 9048 1
9048 9049 1
14341 9049 1
13180 9050 1
14312 9051 1
12948 9052 1
14219 9053 1
14423 9054 1
12948 9055 1
13005 9056 1
13064 9058 1
12571 9059 1
12573 9060 1
12738 9061 1
13252 9062 1
12933 9063 1
12733 9064 1
12650 9065 1
13247 9066 1
12868 9067 1
12716 9068 1
12718 9069 1
9068 9069 1
9068 9070 1
12718 9070 1
12718 9071 1
9068 9071 1
9068 9072 1
12718 9072 1
9068 9073 1
12718 9073 1
9068 9074 1
12718 9074 1
9068 9075 1
12718 9075 1
9068 9076 1
12718 9076 1
12718 9077 1
9068 9077 1
12718 9078 1
9068 9078 1
12718 9079 1
9068 9079 1
9068 9080 1
12718 9080 1
9068 9081 1
12718 9081 1
9068 9082 1
12718 9082 1
12718 9083 1
9068 9083 1
12718 9084 1
9068 9084 1
9068 9085 1
12718 9085 1
9068 9086 1
12718 9086 1
12718 9087 1
9068 9087 1
12718 9088 1
9068 9088 1
13145 9089 1
12567 9092 1
12588 9093 1
12670 9094 1
12618 9095 1
9094 9095 1
13223 9096 1
12738 9097 1
12618 9098 1
7791 9098 1
12925 9099 1
12738 9100 1
13248 9101 1
12583 9101 2
9100 9101 1
12967 9102 1
8728 9103 1
14290 9104 1
12648 9105 1
12615 9106 1
12948 9108 1
12902 9109 1
14360 9110 1
13100 9111 1
12767 9112 1
12738 9113 1
14339 9114 1
14341 9115 1
9114 9115 1
12650 9116 1
13136 9117 1
9117 9118 1
13138 9118 1
9117 9119 1
13138 9119 1
13276 9120 1
12733 9121 1
13180 9123 1
14427 9124 1
12567 9125 1
13102 9126 1
13104 9127 1
9126 9127 1
12567 9128 1
12885 9129 1
8777 9130 1
9129 9130 1
9129 9131 1
8777 9131 1
8777 9132 1
9129 9132 1
9129 9133 1
8777 9133 1
8777 9134 1
9129 9134 1
8777 9135 1
9129 9135 1
12738 9136 1
13012 9137 1
12905 9138 1
14243 9139 1
12684 9140 1
12567 9141 1
12965 9142 1
12684 9143 1
12856 9144 1
12615 9145 1
13005 9146 1
12652 9147 1
13102 9148 1
12567 9149 1
12738 9150 1
14271 9151 1
9151 9152 1
12743 9152 1
12743 9153 1
9151 9153 1
12743 9154 1
9151 9154 1
12743 9155 1
9151 9155 1
9151 9156 1
12743 9156 1
12743 9157 1
9151 9157 1
9151 9158 1
12743 9158 1
9151 9159 1
12743 9159 1
12743 9160 1
9151 9160 1
12743 9161 1
9151 9161 1
9151 9162 1
12743 9162 1
9151 9163 1
12743 9163 1
12743 9164 1
9151 9164 1
9151 9165 1
12743 9165 1
9151 9166 1
12743 9166 1
12743 9167 1
9151 9167 1
9151 9168 1
12743 9168 1
12743 9169 1
9151 9169 1
12743 9170 1
9151 9170 1
12595 9171 1
13005 9172 1
12573 9173 1
13175 9174 1
12660 9175 1
12868 9176 1
13102 9177 1
13005 9179 1
12852 9180 1
12573 9181 1
8875 9182 1
14302 9182 1
8875 9183 1
14302 9183 1
14302 9184 1
8875 9184 1
14302 9185 1
8875 9185 1
12956 9186 1
9186 9187 1
12609 9187 2
9197 9187 1
12571 9188 1
13053 9189 1
14513 9190 1
12977 9191 1
9191 9192 1
12979 9192 1
13041 9193 1
13005 9194 1
7665 9195 1
12902 9196 1
12607 9197 1
13175 9198 1
9198 9199 1
14369 9199 1
12567 12566 1
12569 12567 4
12569 12568 91
6774 12568 1
8858 12568 1
9029 12568 1
6805 12568 1
9059 12568 1
8750 12568 1
8879 12568 1
12847 12568 1
8989 12568 1
13264 12568 1
6818 12568 1
9106 12568 1
14366 12568 1
9110 12568 1
9121 12568 1
8779 12568 1
13235 12568 1
8788 12568 1
12912 12568 1
13072 12568 1
8780 12568 1
9065 12568 1
8861 12568 1
7678 12568 1
8778 12568 1
6773 12568 1
12649 12568 1
8993 12568 1
8789 12568 1
9050 12568 1
9144 12568 1
9000 12568 1
6757 12568 1
8927 12568 1
6847 12568 1
13209 12568 1
13210 12568 1
12566 12568 1
8939 12568 1
14242 12568 1
6834 12568 1
7662 12568 1
9033 12568 1
8893 12568 1
9172 12568 1
8888 12568 1
7746 12568 1
12647 12568 1
14359 12568 1
8751 12568 1
13211 12568 1
9128 12568 1
12904 12568 1
14449 12568 1
7769 12568 1
8912 12568 1
9007 12568 1
9105 12568 1
8846 12568 1
6796 12568 1
8950 12568 1
6929 12568 1
13179 12568 1
13191 12568 1
9139 12568 1
12855 12568 1
8771 12568 1
8787 12568 1
7752 12568 1
9145 12568 1
13212 12568 1
7716 12568 1
8911 12568 1
8885 12568 1
7782 12568 1
6923 12568 1
13127 12568 1
14387 12568 1
9094 12568 1
7731 12568 1
8730 12568 1
6778 12568 1
9009 12568 1
8952 12568 1
9141 12568 1
13237 12568 1
14367 12568 1
8940 12568 1
8839 12568 1
8887 12568 1
9125 12568 1
12671 12569 2
12650 12569 26
12948 12569 7
14360 12569 5
13180 12569 10
13128 12569 4
12733 12569 14
14243 12569 9
13100 12569 4
13222 12569 3
12856 12569 8
12567 12569 29
13049 12569 4
12648 12569 10
12571 12569 13
13224 12569 1
13005 12569 12
12905 12569 4
13223 12569 1
12967 12569 4
12615 12569 7
12670 12569 6
12573 12569 23
12672 12569 47
12673 12569 23
12674 12569 23
12571 12570 1
12569 12571 4
12569 12572 52
8693 12572 1
7758 12572 1
8870 12572 1
13185 12572 1
12729 12572 1
9102 12572 1
6880 12572 1
7652 12572 1
14322 12572 1
7722 12572 2
13245 12572 1
8869 12572 1
8892 12572 1
9030 12572 1
7656 12572 1
12720 12572 1
13048 12572 1
8946 12572 1
9055 12572 1
8876 12572 1
6823 12572 1
7748 12572 1
8937 12572 1
12614 12572 1
9116 12572 1
8776 12572 1
14358 12572 1
8764 12572 1
6839 12572 1
9046 12572 1
13004 12572 1
8926 12572 1
8953 12572 1
14368 12572 1
6872 12572 1
8753 12572 1
9052 12572 1
8752 12572 1
9123 12572 1
6856 12572 1
9056 12572 1
12570 12572 1
6870 12572 1
7702 12572 1
6793 12572 1
6926 12572 1
8837 12572 1
8988 12572 1
9011 12572 1
9037 12572 1
9108 12572 1
7671 12573 1
12689 12573 4
14426 12573 1
13200 12573 2
12856 12573 8
12615 12573 7
14312 12573 2
12967 12573 3
13005 12573 15
12733 12573 15
12939 12573 2
14397 12573 3
12956 12573 1
13249 12573 1
13182 12573 1
14285 12573 2
13125 12573 2
12670 12573 5
6832 12573 1
14423 12573 1
12581 12573 1
14222 12573 4
14510 12573 3
12711 12573 4
14419 12573 2
13070 12573 1
14243 12573 5
12807 12573 7
12961 12573 1
13071 12573 1
12567 12573 15
12892 12573 4
13180 12573 9
13128 12573 2
14428 12573 1
13251 12573 2
7692 12573 1
14432 12573 1
12574 12573 50
12576 12575 1
12586 12576 3
12901 12577 1
12578 12577 3
13168 12577 1
12575 12577 1
13005 12578 13
12573 12578 14
12902 12578 11
12677 12578 4
12576 12578 4
12661 12578 3
13168 12579 1
8847 12579 1
12575 12579 1
12578 12579 3
12581 12580 1
12728 12581 1
13070 12581 6
12713 12581 3
12957 12582 1
13074 12582 1
12580 12582 1
13197 12582 1
13248 12582 1
12583 12582 5
12891 12583 3
12567 12583 9
12967 12583 3
12670 12583 4
13133 12583 2
13110 12583 1
12939 12583 15
12985 12583 1
7671 12583 1
14426 12583 1
12573 12583 14
12934 12583 3
12581 12583 1
12935 12583 3
12937 12583 3
14427 12583 1
12845 12583 13
6933 12583 1
12936 12583 3
14243 12583 3
12615 12583 7
13249 12583 2
12846 12583 2
13257 12583 1
14333 12583 1
12738 12583 27
14349 12583 1
12844 12583 3
14420 12583 1
13041 12583 5
7672 12583 1
13180 12583 10
12710 12583 1
14432 12583 1
12747 12583 2
12689 12583 1
12749 12583 5
7692 12583 1
6832 12583 1
12661 12583 3
12573 12584 1
12580 12584 1
12586 12585 3
12588 12587 1
12590 12589 2
12587 12589 1
8959 12589 1
12661 12590 3
14432 12590 1
12588 12590 5
12573 12590 2
8781 12591 2
12587 12591 1
12590 12591 3
12593 12592 4
12573 12593 21
12595 12594 1
12594 12596 1
12597 12596 1
12595 12597 8
13012 12597 1
13005 12597 1
12661 12597 3
12576 12597 1
12573 12597 1
12594 12598 1
12597 12598 2
14496 12598 1
12601 12600 1
12600 12602 1
12603 12602 3
14417 12602 2
14428 12603 1
12961 12603 3
14510 12603 3
12661 12603 3
12573 12603 3
12601 12603 3
12939 12603 1
12603 12604 6
7783 12604 1
7740 12604 1
12960 12604 1
7654 12604 1
12600 12604 1
14302 12604 1
7672 12605 1
7671 12605 1
12607 12606 1
12609 12608 4
7776 12608 3
12606 12608 1
12607 12609 6
12956 12609 1
12573 12609 4
14426 12609 1
12661 12609 3
9186 12610 1
12606 12610 1
12609 12610 2
12611 12612 4
13126 12612 4
13126 12613 4
12611 12613 4
12615 12614 1
12569 12615 4
12573 12616 56
8753 12616 1
8841 12616 1
7774 12616 1
9094 12616 1
8799 12616 1
13050 12616 1
12864 12616 1
7726 12616 1
14348 12616 1
8859 12616 1
7716 12616 1
12669 12616 1
9128 12616 1
6930 12616 1
13263 12616 1
9054 12616 1
14396 12616 1
14449 12616 1
13221 12616 1
7653 12616 1
8800 12616 1
12855 12616 1
12970 12616 1
13048 12616 1
8764 12616 1
9186 12616 1
9102 12616 1
8860 12616 1
14242 12616 1
9146 12616 1
8988 12616 1
9179 12616 1
9046 12616 1
9064 12616 1
13245 12616 1
14434 12616 1
12614 12616 1
8846 12616 1
7702 12616 1
8751 12616 1
12720 12616 1
7663 12616 1
12982 12616 1
9145 12616 1
7678 12616 1
13187 12616 1
6774 12616 1
7787 12616 1
7769 12616 1
6820 12616 1
9009 12616 1
13237 12616 1
9106 12616 1
7656 12616 1
8752 12616 1
9121 12617 1
6790 12617 1
8846 12617 1
12616 12617 56
7663 12617 1
7799 12617 1
7758 12617 1
12732 12617 1
8690 12617 1
8809 12617 1
9175 12617 1
12618 12617 64
12733 12618 8
12939 12618 20
14423 12618 1
14510 12618 3
6759 12618 3
12956 12618 1
12670 12618 4
12856 12618 6
12850 12618 2
12573 12618 68
12928 12618 1
13128 12618 1
7671 12618 1
12830 12618 5
13005 12618 8
14222 12618 2
7651 12618 1
13130 12618 1
14243 12618 2
12660 12618 2
13182 12618 1
13247 12618 1
12615 12618 6
12967 12618 2
14426 12618 1
14374 12618 1
14432 12618 1
12661 12618 3
8690 12619 1
8752 12619 1
7758 12619 1
12618 12619 59
7799 12619 1
12616 12619 56
8809 12620 1
12618 12620 62
7758 12620 1
6790 12620 1
12616 12620 56
8690 12620 1
7799 12620 1
9121 12620 1
12618 12621 57
12616 12621 56
8690 12621 1
12618 12622 58
8690 12622 1
12616 12622 56
7799 12622 1
12618 12623 58
7799 12623 1
8690 12623 1
12616 12623 56
8870 12624 1
7787 12624 1
9047 12624 1
9145 12624 1
12720 12624 1
13074 12624 1
14269 12624 1
9037 12624 1
8763 12624 1
8762 12624 1
13132 12624 1
8993 12624 1
6889 12624 1
8887 12624 1
6839 12624 1
8742 12624 1
14242 12624 1
7769 12624 1
7774 12624 1
12614 12624 1
8790 12624 1
7731 12624 1
9128 12624 1
8761 12624 1
9123 12624 1
8815 12624 1
9141 12624 1
8805 12624 1
9106 12624 1
14431 12624 1
13191 12624 1
7786 12624 1
13248 12624 1
9139 12624 1
14392 12624 1
12583 12624 43
8839 12624 1
8988 12624 1
13245 12624 1
7703 12624 1
7691 12624 1
8833 12624 1
9004 12624 1
9097 12624 1
8993 12625 1
14392 12625 1
13248 12625 1
7786 12625 1
13132 12625 1
8988 12625 1
8870 12625 1
7787 12625 1
12614 12625 1
8833 12625 1
13245 12625 1
12583 12625 29
9145 12625 1
7769 12625 1
8742 12625 1
8790 12625 1
9037 12625 1
13074 12625 1
9139 12625 1
9106 12625 1
8761 12625 1
7691 12625 1
7703 12625 1
14242 12625 1
12720 12625 1
9061 12625 1
6889 12625 1
9004 12625 1
13191 12625 1
9047 12625 1
13245 12626 1
8815 12626 1
8762 12626 1
6889 12626 1
7769 12626 1
8887 12626 1
14431 12626 1
14242 12626 1
9106 12626 1
8790 12626 1
8833 12626 1
7787 12626 1
12720 12626 1
8993 12626 1
9004 12626 1
9128 12626 1
9145 12626 1
8763 12626 1
9141 12626 1
9037 12626 1
8988 12626 1
7774 12626 1
14269 12626 1
8839 12626 1
8805 12626 1
7731 12626 1
7786 12626 1
12573 12626 32
9139 12626 1
6839 12626 1
12614 12626 1
13191 12626 1
9123 12626 1
9030 12627 1
8993 12627 1
8988 12627 1
12847 12627 1
13245 12627 1
12628 12627 27
9106 12627 1
7769 12627 1
14284 12627 2
9145 12627 1
7740 12627 1
13210 12627 1
9128 12627 1
12614 12627 1
8805 12627 1
14431 12627 1
7669 12627 1
14469 12627 1
8923 12627 1
12771 12627 1
8762 12627 1
6796 12627 1
14318 12627 1
12720 12627 1
8940 12627 1
9125 12627 1
14269 12627 1
12573 12628 8
12772 12628 1
12615 12628 7
13251 12628 1
12681 12628 5
14510 12628 3
14285 12628 2
12967 12628 3
12939 12628 16
13071 12628 1
12866 12628 1
12965 12628 2
12567 12628 11
13041 12628 1
12852 12628 26
13200 12628 2
12661 12628 3
12614 12629 1
8988 12629 1
7740 12629 1
13199 12629 2
13245 12629 1
12628 12629 30
14431 12629 1
14269 12629 1
12771 12629 1
9030 12629 1
14284 12629 2
6796 12629 1
12720 12629 1
8805 12629 1
7669 12629 1
9128 12629 1
8993 12629 1
9125 12629 1
9106 12629 1
9145 12629 1
12847 12629 1
13178 12629 1
8940 12629 1
13210 12629 1
8863 12629 1
14318 12629 1
8762 12629 1
7769 12629 1
14469 12629 1
8993 12630 1
12720 12630 1
9128 12630 1
13245 12630 1
12869 12630 1
7769 12630 1
9145 12630 1
12614 12630 1
12628 12630 12
9106 12630 1
7740 12630 1
12771 12630 1
8988 12630 1
7784 12631 1
12720 12631 1
8988 12631 1
7769 12631 1
9145 12631 1
12614 12631 1
9106 12631 1
13245 12631 1
12628 12631 8
12720 12632 1
9145 12632 1
9125 12632 1
13210 12632 1
13245 12632 1
8940 12632 1
8993 12632 1
7769 12632 1
12614 12632 1
6796 12632 1
14269 12632 1
8988 12632 1
8762 12632 1
14431 12632 1
9106 12632 1
9030 12632 1
12573 12632 19
9128 12632 1
8805 12632 1
12847 12632 1
9128 12633 1
8988 12633 1
12614 12633 1
12720 12633 1
13245 12633 1
12573 12633 6
12633 12634 6
8802 12634 1
8690 12634 1
12635 12634 8
12573 12635 8
12885 12635 1
12907 12635 7
12939 12635 3
12615 12635 3
12661 12635 3
8690 12636 1
12635 12636 8
12633 12636 6
6890 12636 1
8690 12637 1
13096 12637 1
12633 12637 6
12635 12637 8
8690 12638 1
12635 12638 8
8694 12638 1
12633 12638 6
8690 12639 1
12635 12639 8
6827 12639 1
12633 12639 6
12633 12640 6
8988 12640 1
12614 12640 1
12635 12640 10
12720 12640 1
14302 12640 2
12938 12640 1
8802 12640 1
12633 12641 6
12720 12641 1
6890 12641 1
8988 12641 1
12635 12641 9
12614 12641 1
14302 12641 1
12938 12641 1
13096 12642 1
12614 12642 1
12938 12642 1
14302 12642 1
12633 12642 6
12720 12642 1
12635 12642 9
8988 12642 1
13237 12643 1
9094 12643 1
9009 12643 1
6790 12643 1
8988 12643 1
8790 12643 1
14348 12643 1
8878 12643 3
9146 12643 1
7702 12643 1
6804 12643 1
9186 12643 1
7653 12643 1
7656 12643 1
8959 12643 1
14449 12643 1
6765 12643 1
9106 12643 1
13245 12643 1
9102 12643 1
12669 12643 1
8764 12643 1
12618 12643 74
14399 12643 2
8859 12643 1
9179 12643 1
14242 12643 1
14511 12643 5
9012 12643 1
13171 12643 5
9054 12643 1
12970 12643 1
8864 12643 1
8809 12643 1
13050 12643 1
12855 12643 1
12864 12643 1
12720 12643 1
14302 12643 19
13048 12643 1
9175 12643 1
6812 12643 1
8841 12643 1
7769 12643 1
9046 12643 1
8753 12643 1
6797 12643 1
6774 12643 1
7787 12643 1
12614 12643 1
13263 12644 1
8754 12644 1
12583 12644 37
8894 12644 1
6839 12644 1
8959 12644 1
8988 12644 1
14392 12644 1
12669 12644 1
12614 12644 1
9145 12644 1
9032 12644 1
6778 12644 1
8841 12644 1
13074 12644 1
14431 12644 1
7769 12644 1
8887 12644 1
9141 12644 1
8839 12644 1
8762 12644 1
8805 12644 1
8742 12644 1
7731 12644 1
9139 12644 1
7787 12644 1
9102 12644 1
14302 12644 2
13245 12644 1
12751 12644 5
13132 12644 1
12720 12644 1
9047 12644 1
7786 12644 1
14269 12644 1
12628 12645 23
9145 12645 1
8841 12645 1
8988 12645 1
14431 12645 1
14318 12645 1
13210 12645 1
6796 12645 1
12614 12645 1
8762 12645 1
13158 12645 1
7669 12645 1
9106 12645 1
13245 12645 1
14302 12645 2
12720 12645 1
9102 12645 1
9030 12645 1
9128 12645 1
14309 12645 1
14320 12645 5
12720 12646 1
14509 12646 3
8988 12646 1
12614 12646 1
12573 12646 6
12648 12647 1
12569 12648 4
12650 12649 1
12569 12650 4
14217 12651 2
12652 12651 4
12654 12651 3
12830 12652 6
12747 12652 3
13012 12652 7
12850 12652 3
14330 12652 3
12965 12652 3
12749 12652 6
12828 12652 11
12758 12652 6
12681 12652 6
13047 12652 3
12679 12652 1
12651 12652 3
12653 12652 15
12656 12655 1
12593 12656 4
12658 12657 1
12655 12657 1
6861 12658 1
12656 12658 1
14313 12658 2
12660 12659 1
12586 12660 3
12663 12662 1
13126 12663 4
12662 12664 1
14234 12664 1
14370 12664 1
12665 12664 3
12742 12665 4
12599 12665 1
6786 12665 3
12613 12665 1
12611 12665 1
12689 12665 3
12663 12665 1
13125 12665 2
12662 12666 1
12667 12666 2
14370 12666 1
12742 12667 4
12663 12667 1
12611 12667 1
14370 12668 1
12662 12668 1
12667 12668 2
12670 12669 1
12569 12670 4
12569 12671 4
12677 12676 1
12593 12677 4
14520 12678 1
9056 12678 1
7679 12678 1
8951 12678 1
12676 12678 1
12578 12678 7
14353 12678 1
8732 12678 1
12680 12679 15
12965 12681 5
12682 12681 3
14217 12681 2
12828 12681 2
12652 12681 4
12684 12683 1
12683 12685 1
12686 12685 1
14432 12686 1
12661 12686 3
12684 12686 20
12686 12687 1
12683 12687 1
7703 12688 1
8790 12688 1
12689 12688 4
13126 12689 4
7672 12689 1
7671 12689 1
12688 12690 4
12573 12690 4
8790 12691 1
13074 12691 1
12922 12691 1
9032 12691 1
12583 12691 7
14302 12691 1
12688 12691 1
13248 12691 1
8790 12692 1
9032 12692 1
14302 12692 1
13074 12692 1
13248 12692 1
12583 12692 17
9123 12692 1
6763 12692 5
12688 12692 1
12751 12692 5
12573 12693 1
12688 12693 1
14302 12694 1
13248 12694 1
7691 12694 1
9113 12694 1
12751 12694 5
12583 12694 13
8790 12694 1
9032 12694 1
13074 12694 1
12688 12694 1
13031 12695 1
13248 12695 1
12688 12695 1
14302 12695 1
12751 12695 5
12583 12695 13
9097 12695 1
8790 12695 1
13074 12695 1
9032 12695 1
8790 12696 1
9061 12696 1
13074 12696 1
12583 12696 12
12688 12696 1
14302 12696 1
9032 12696 1
12751 12696 5
13248 12696 1
12698 12697 1
14356 12698 1
14357 12698 1
9015 12699 1
6840 12699 1
12697 12699 1
14372 12699 2
12700 12699 5
12698 12700 2
12921 12700 2
12702 12701 4
6775 12701 1
6840 12701 1
12697 12701 1
12698 12702 4
14222 12702 1
12771 12703 1
9051 12703 1
14469 12703 1
9089 12703 1
9008 12703 1
14441 12703 2
12701 12703 4
13181 12703 4
13259 12703 2
13146 12703 3
13197 12703 1
13144 12703 3
12704 12703 36
13149 12703 7
13157 12703 2
13031 12703 1
14430 12703 2
14436 12703 1
13113 12703 2
12891 12704 2
12937 12704 2
13071 12704 1
12951 12704 7
12844 12704 2
13145 12704 5
14312 12704 1
12772 12704 1
12710 12704 1
12934 12704 2
12702 12704 7
14437 12704 2
12936 12704 2
12985 12704 1
12706 12705 10
13181 12705 4
6803 12705 1
12701 12705 4
9051 12705 1
14312 12706 1
14397 12706 3
12573 12706 3
12933 12706 3
12702 12706 7
12708 12706 8
14222 12706 1
14422 12706 1
12705 12707 10
6776 12707 3
9012 12707 1
8931 12707 1
12708 12707 13
13182 12708 1
8932 12708 1
12706 12708 11
12728 12710 1
12711 12710 5
12713 12710 3
12581 12711 1
12712 12711 16
12710 12711 4
13071 12711 4
12985 12711 2
12868 12714 7
14219 12714 1
12573 12714 1
12716 12715 1
12715 12717 1
12718 12717 1
13251 12718 2
12716 12718 5
12651 12718 2
12661 12718 3
13070 12718 1
14285 12718 2
12744 12718 4
14255 12719 2
12715 12719 1
12718 12719 3
12615 12720 1
12586 12721 3
12607 12722 1
12609 12723 1
12722 12723 1
12893 12724 1
12722 12724 1
12609 12724 2
13136 12725 1
12725 12726 1
14442 12726 2
13138 12726 3
13138 12727 1
12725 12727 1
12713 12728 3
12711 12728 5
12571 12729 1
12731 12730 3
13098 12730 1
12733 12732 1
12569 12733 4
12595 12734 1
14496 12735 1
12734 12735 1
12597 12735 3
9137 12735 1
12597 12736 2
14496 12736 1
12734 12736 1
12738 12737 1
12583 12739 2
8790 12739 1
12737 12739 1
8790 12740 1
9032 12740 1
12583 12740 3
12737 12740 1
12742 12741 4
14330 12743 2
12661 12743 3
12744 12743 4
14271 12743 6
14443 12743 2
12573 12743 1
14290 12744 8
12586 12745 3
12747 12746 1
12593 12747 4
12746 12748 1
14326 12748 2
6810 12748 1
7721 12748 1
14392 12748 1
12749 12748 9
12827 12748 2
8742 12748 1
12828 12749 2
14446 12749 3
14217 12749 2
12747 12749 5
12652 12749 4
12746 12750 1
12749 12750 2
14392 12751 1
12750 12751 2
12749 12751 5
8742 12751 1
12757 12752 5
12652 12752 24
14255 12752 2
14320 12752 5
7681 12752 2
12751 12752 5
13171 12752 5
12751 12753 5
9032 12753 1
13074 12753 1
8790 12753 1
13248 12753 1
14361 12753 1
12583 12753 10
6792 12754 2
13171 12754 5
14382 12754 1
14404 12754 2
14448 12754 1
14255 12754 2
12751 12754 5
7670 12754 2
12757 12754 5
14320 12754 5
12756 12754 19
12652 12754 32
7681 12754 2
14394 12754 2
12754 12755 32
12652 12755 32
13170 12756 2
8742 12756 1
7698 12756 1
13173 12756 2
8956 12756 1
12750 12756 2
14392 12756 1
7680 12756 1
14318 12756 1
8809 12756 1
12652 12756 19
13271 12756 2
7669 12756 1
14400 12756 1
6790 12756 1
14400 12757 1
13173 12757 2
8956 12757 1
12758 12757 5
12828 12758 2
13047 12758 5
14435 12758 3
14217 12758 2
12652 12758 4
12757 12759 5
9112 12759 1
8956 12759 1
14400 12759 1
12760 12759 6
13047 12760 2
12758 12760 5
13249 12760 1
12573 12760 5
12767 12760 12
12661 12760 3
12760 12761 12
9005 12761 1
13248 12761 1
7693 12761 5
12757 12761 5
12760 12762 11
13186 12762 1
12757 12762 5
7693 12762 5
12573 12764 1
12764 12765 1
7655 12765 1
14371 12765 1
9067 12765 1
12867 12765 1
12714 12765 9
12969 12765 1
9053 12765 1
6833 12765 1
9176 12765 1
12767 12766 1
12760 12768 6
7693 12768 5
12766 12768 1
12760 12769 6
12766 12769 1
7693 12769 5
12573 12770 5
12711 12770 7
12661 12770 3
12772 12771 1
12900 12772 3
12774 12773 2
12771 12773 1
12772 12774 1
14355 12774 4
12776 12775 2
12773 12775 2
12772 12776 1
12774 12776 2
12776 12777 2
12773 12777 2
12773 12778 2
12776 12778 2
12773 12779 2
12776 12779 2
12776 12780 1
12771 12780 1
12771 12781 1
12776 12781 1
12783 12782 1
12771 12782 1
14355 12783 1
12772 12783 1
12710 12783 1
8838 12784 1
7669 12784 1
12628 12784 9
14284 12784 2
9128 12784 1
12771 12784 1
14318 12784 1
14469 12784 1
7740 12784 1
12771 12785 1
12783 12785 1
7740 12786 1
12628 12786 4
12771 12786 1
8910 12786 1
14469 12786 1
12783 12787 1
12771 12787 1
7740 12788 1
12771 12788 1
12628 12788 3
8949 12788 1
12771 12789 1
12783 12789 3
14451 12789 1
13031 12789 1
12771 12790 1
12783 12790 1
12771 12791 1
6808 12791 1
7740 12791 1
12628 12791 3
14284 12792 2
7740 12792 1
12628 12792 5
12771 12792 1
14444 12792 1
12771 12793 1
12783 12793 1
14284 12794 2
12771 12794 1
12628 12794 5
7740 12794 1
8723 12794 1
14237 12795 1
7740 12795 1
12628 12795 3
12771 12795 1
12783 12796 1
12771 12796 1
7740 12797 1
8832 12797 1
12771 12797 1
12628 12797 3
12771 12798 1
12783 12798 1
12628 12799 6
14469 12799 1
7740 12799 1
6788 12799 1
14284 12799 2
12771 12799 1
12771 12800 1
12783 12800 1
12628 12801 3
9031 12801 1
12771 12801 1
7740 12801 1
12783 12802 1
12771 12802 1
9180 12803 1
12628 12803 3
7740 12803 1
12771 12803 1
12783 12804 1
12771 12804 1
12783 12805 1
12771 12805 1
7783 12806 1
8703 12806 1
12807 12806 7
7654 12806 1
6879 12806 1
12960 12806 1
12771 12806 1
12772 12807 1
12961 12807 5
6779 12808 1
14469 12808 1
13199 12808 2
12806 12808 7
12573 12808 11
14469 12809 1
14284 12809 2
12771 12809 1
12628 12809 6
8712 12809 1
7740 12809 1
12783 12810 1
12771 12810 1
12588 12811 1
12590 12812 2
12811 12812 1
8959 12812 1
8781 12813 2
12811 12813 1
12590 12813 3
13031 12815 1
12711 12815 4
14469 12815 1
13197 12815 1
12815 12816 4
12573 12816 5
12770 12817 5
12816 12817 5
12816 12818 5
12770 12818 5
12816 12819 5
12770 12819 5
12816 12820 5
12770 12820 5
12816 12821 5
12770 12821 5
12823 12822 1
12822 12824 1
12825 12824 4
12983 12824 3
12823 12825 4
12660 12825 1
12661 12825 3
12573 12825 3
12825 12826 1
12822 12826 1
12828 12827 2
8862 12827 1
12747 12828 2
12850 12828 2
12585 12828 1
12965 12828 2
13047 12828 2
8809 12829 1
12830 12829 9
12827 12829 2
6790 12829 1
12959 12829 1
14346 12829 1
14326 12829 2
8814 12829 1
12850 12830 5
12652 12830 4
14433 12830 3
12828 12830 2
14217 12830 2
12964 12831 1
9142 12831 1
12827 12831 2
14318 12831 1
14326 12831 2
12681 12831 9
13270 12831 1
7669 12831 1
8956 12832 1
13172 12832 1
12827 12832 2
14326 12832 2
12758 12832 9
14400 12832 1
8824 12832 1
13046 12832 1
7669 12833 1
6790 12833 1
12827 12833 2
8956 12833 1
12828 12833 11
8742 12833 1
14318 12833 1
8809 12833 1
14400 12833 1
14392 12833 1
12833 12834 11
12652 12834 12
12834 12835 12
12652 12835 12
12834 12836 12
12837 12836 12
12652 12837 12
12652 12838 12
9147 12838 1
12833 12838 11
12840 12839 11
12833 12839 11
12850 12840 2
13047 12840 2
12828 12840 11
12965 12840 2
12747 12840 2
7721 12841 1
12959 12841 1
12833 12841 11
13046 12841 1
12652 12841 15
9142 12841 1
12833 12842 11
12652 12842 11
14392 12843 1
8809 12843 1
8742 12843 1
12827 12843 2
12840 12843 10
8956 12843 1
7669 12843 1
14318 12843 1
14400 12843 1
6790 12843 1
6933 12844 1
12845 12844 5
12846 12845 16
12935 12845 2
12934 12845 2
12891 12845 2
12937 12845 2
12936 12845 2
12844 12845 2
6832 12846 1
12845 12846 14
12567 12847 1
12849 12848 4
14395 12848 2
12951 12849 7
12955 12849 2
12848 12849 3
7651 12849 1
12593 12850 4
12852 12851 2
14469 12853 1
14284 12853 2
12851 12853 2
14309 12853 1
7740 12853 1
12628 12853 8
12869 12853 1
12851 12854 2
7740 12854 1
12869 12854 1
12628 12854 4
12856 12855 1
12569 12856 4
12855 12857 1
8764 12857 1
8799 12857 1
12970 12857 1
12864 12857 1
12573 12857 5
12935 12858 2
12763 12859 1
7651 12859 1
12939 12859 1
12861 12860 1
14357 12861 1
12860 12862 1
14407 12862 3
12863 12862 4
14437 12863 1
12861 12863 3
13071 12863 1
12856 12864 1
8947 12865 1
14450 12865 1
6910 12865 1
8800 12865 1
9006 12865 1
8880 12865 1
7653 12865 1
8815 12865 1
9138 12865 1
8841 12865 1
8772 12865 1
14522 12865 1
13167 12865 1
6756 12865 1
12569 12865 38
14230 12865 1
7760 12865 1
13263 12865 1
8860 12865 1
9096 12865 1
13187 12865 1
9010 12865 1
9014 12865 1
6837 12865 1
12982 12865 1
14434 12865 1
6820 12865 1
7676 12865 1
13213 12865 1
9149 12865 1
12864 12865 1
6817 12865 1
8763 12865 1
8816 12865 1
9092 12865 1
9064 12865 1
13221 12865 1
13090 12865 1
8833 12865 1
12868 12867 1
12852 12869 1
14284 12870 2
14309 12870 1
12628 12870 8
14469 12870 1
7740 12870 1
12869 12870 1
13238 12870 2
12869 12871 1
14469 12871 1
7740 12871 1
14309 12871 1
12628 12871 8
14495 12871 2
14284 12871 2
12869 12872 1
7740 12872 1
14469 12872 1
14284 12872 2
14309 12872 1
13073 12872 2
12628 12872 8
14509 12873 3
7740 12873 1
14302 12873 1
12628 12873 7
12869 12873 1
12875 12874 11
12873 12874 7
9190 12874 1
12628 12875 7
14513 12875 1
12875 12876 11
12874 12876 11
13238 12877 2
14309 12877 1
12869 12877 1
12628 12877 5
7740 12877 1
14495 12878 2
14302 12878 1
7740 12878 1
12869 12878 1
12628 12878 5
12628 12879 4
7740 12879 1
12869 12879 1
13073 12879 2
12881 12880 1
12883 12882 2
12880 12882 1
8959 12882 1
12881 12883 16
12661 12883 3
14378 12883 3
14432 12883 1
6893 12884 3
12883 12884 4
12880 12884 1
12586 12885 3
12888 12887 4
12889 12888 7
12661 12890 3
13064 12890 7
13049 12890 3
6832 12890 1
12573 12890 2
12845 12891 5
14349 12891 1
12593 12892 4
8790 12893 1
7774 12893 1
12573 12893 5
12893 12894 1
12895 12894 2
13272 12894 1
12956 12895 1
14261 12895 7
12573 12895 4
12661 12895 3
12895 12896 2
12893 12896 1
7657 12896 1
6794 12897 1
12893 12897 1
12583 12897 2
12586 12898 3
12900 12899 3
12902 12901 1
12901 12903 1
13051 12903 13
6834 12903 1
13004 12903 1
12578 12903 16
12905 12904 1
12569 12905 4
12907 12906 1
12906 12908 1
12635 12908 1
12906 12909 1
12635 12909 1
12911 12910 2
12586 12911 4
12650 12912 1
8911 12913 1
13159 12913 1
12912 12913 1
12914 12913 5
8788 12913 1
7652 12913 1
12650 12914 5
12661 12914 3
12823 12915 1
12825 12916 1
12915 12916 1
12915 12917 1
12968 12917 1
12825 12917 2
12902 12918 1
12918 12919 1
12578 12919 3
6834 12919 1
13004 12919 1
12578 12920 1
12918 12920 1
12738 12922 1
13074 12923 1
13132 12923 1
7703 12923 1
12583 12923 10
9128 12923 1
13248 12923 1
8790 12923 1
7774 12923 1
7691 12923 1
9047 12923 1
12922 12923 1
12925 12924 1
14509 12926 3
12927 12926 7
8878 12926 3
12924 12926 1
14510 12927 3
12935 12927 2
13276 12927 4
6759 12927 3
12925 12927 4
12586 12928 3
8959 12929 1
12573 12929 2
8864 12930 1
7781 12930 1
8851 12930 1
12938 12930 1
6769 12930 1
14391 12930 1
12929 12930 2
13057 12930 1
14302 12930 1
8959 12930 1
12931 12930 10
12661 12931 3
7651 12931 1
12939 12931 2
13247 12931 1
12573 12931 19
14432 12931 1
13152 12931 6
9173 12932 1
7781 12932 1
8851 12932 1
8959 12932 1
14302 12932 1
12929 12932 2
12931 12932 11
6764 12932 1
13246 12932 1
12938 12932 1
13017 12932 1
13057 12932 1
12593 12933 4
13110 12934 1
12845 12934 5
14333 12935 1
12845 12935 5
12845 12936 5
13257 12936 1
12845 12937 5
14420 12937 1
12939 12938 15
14469 12938 1
14244 12938 9
9129 12938 1
13031 12938 1
13071 12939 1
12885 12939 1
12573 12939 9
12849 12939 13
12710 12939 1
8790 12940 1
12938 12940 1
8959 12940 1
12573 12940 4
7791 12941 1
14251 12941 1
12618 12941 11
12938 12941 1
8690 12941 1
14511 12941 5
8790 12941 1
8794 12941 2
9129 12942 1
6827 12942 1
12635 12942 4
12938 12942 1
14302 12942 1
9129 12943 1
14302 12943 1
12635 12943 5
12938 12943 1
14391 12943 1
8694 12943 1
12938 12944 1
12635 12944 3
9129 12944 1
7763 12944 1
12946 12945 4
12947 12946 11
12569 12948 4
12849 12951 10
12952 12951 2
12954 12951 2
12953 12951 2
12951 12952 5
12592 12952 1
12849 12952 4
12951 12953 5
14424 12953 1
12849 12953 4
14425 12954 1
12849 12954 4
12951 12954 5
14254 12955 1
12849 12955 4
12593 12956 4
12738 12957 1
12957 12958 1
13248 12958 1
9047 12958 1
13132 12958 1
12583 12958 5
13074 12958 1
12850 12959 1
12961 12960 1
12593 12961 4
12963 12962 3
12965 12964 1
12593 12965 4
12681 12966 1
12964 12966 1
12569 12967 4
12660 12968 1
12868 12969 1
12856 12970 1
12684 12971 1
8959 12972 1
12686 12972 2
12971 12972 1
12971 12973 1
8959 12973 1
12686 12973 2
13182 12974 1
12975 12974 7
13242 12974 1
8728 12975 2
12708 12975 12
13182 12975 1
12977 12976 1
12976 12978 1
12979 12978 1
12661 12979 3
12573 12979 2
12977 12979 5
12976 12980 1
12979 12980 1
12733 12982 1
12982 12983 1
12573 12983 3
8860 12983 1
12985 12984 1
12711 12985 5
12713 12985 3
12728 12985 1
14317 12986 1
7690 12986 1
12984 12986 1
9024 12986 1
12711 12986 5
12711 12987 7
12986 12987 5
13197 12987 1
14469 12987 1
12881 12988 1
12883 12989 2
12988 12989 1
8959 12989 1
12988 12990 1
12883 12990 1
8708 12992 2
12991 12992 1
13256 12993 1
12936 12993 2
13031 12994 1
14336 12994 2
8744 12994 2
9032 12994 1
8697 12994 1
12993 12994 2
13111 12994 2
14441 12994 2
13117 12994 13
14430 12994 2
13155 12994 2
13248 12994 1
13113 12994 2
12583 12994 29
8894 12994 1
14439 12994 2
8790 12994 1
14334 12994 2
13259 12994 2
13157 12994 2
14523 12994 1
13074 12994 1
8895 12994 2
14302 12994 1
12573 12996 1
12979 12997 3
12996 12997 1
8690 12997 1
14405 12997 1
12996 12998 1
8690 12998 1
12979 12998 3
14225 12998 1
9191 12999 1
12996 12999 1
8690 12999 1
12979 12999 3
12979 13000 3
8852 13000 1
12996 13000 1
8690 13000 1
12595 13001 1
12597 13002 3
9137 13002 1
14496 13002 1
13001 13002 1
13001 13003 1
14496 13003 1
12597 13003 2
13005 13004 1
12569 13005 4
13237 13006 1
13050 13006 1
13250 13006 1
9179 13006 1
12573 13006 15
9046 13006 1
8880 13006 1
14449 13006 1
9146 13006 1
9172 13006 1
6774 13006 1
9009 13006 1
9056 13006 1
13004 13006 1
8939 13006 1
8950 13006 1
7789 13007 1
12578 13007 18
9044 13007 1
13051 13007 13
8732 13007 1
13004 13007 1
6834 13007 1
9056 13007 1
13250 13007 1
13051 13008 13
13004 13008 1
6834 13008 1
8941 13008 1
12578 13008 16
9196 13009 1
12578 13009 4
13004 13009 1
8732 13009 1
6834 13009 1
9109 13010 1
13004 13010 1
8732 13010 1
6834 13010 1
12578 13010 17
13051 13010 13
8834 13011 1
13004 13011 1
13051 13011 13
12578 13011 16
6834 13011 1
12571 13012 1
14427 13012 1
13049 13012 1
13223 13012 1
13005 13012 1
12731 13012 3
13100 13012 1
12946 13013 4
12684 13014 1
13014 13015 1
12686 13015 2
8959 13015 1
13014 13016 1
12686 13016 1
8959 13017 1
12573 13017 2
13019 13018 1
12935 13019 2
12899 13019 1
13252 13019 1
6869 13020 1
9062 13020 1
14336 13020 2
13018 13020 1
13019 13020 5
13022 13021 1
12911 13022 2
13024 13023 2
13021 13023 1
13131 13023 1
13022 13024 2
14222 13024 4
12661 13024 3
6814 13024 3
14312 13024 2
12767 13025 1
12760 13026 6
13025 13026 1
7693 13026 5
12760 13027 6
7693 13027 5
13025 13027 1
12881 13028 1
8959 13029 1
13028 13029 1
12883 13029 2
13028 13030 1
12883 13030 1
12710 13031 1
13031 13032 1
7767 13032 1
12710 13032 3
14470 13033 3
13032 13033 3
13197 13033 1
12711 13033 7
12770 13034 7
13033 13034 7
13031 13035 1
13036 13035 1
14355 13036 4
12710 13036 1
7740 13037 1
9181 13037 1
12628 13037 19
8902 13037 1
14276 13037 5
12938 13037 13
9060 13037 1
9181 13038 1
14276 13038 5
12940 13038 1
7791 13038 1
12938 13038 13
9060 13038 1
7686 13038 1
12583 13038 23
8790 13038 1
8695 13038 1
8894 13038 1
8959 13038 1
13031 13039 1
12783 13039 1
13041 13040 2
12586 13041 3
9060 13042 1
13040 13042 2
12583 13042 3
12684 13043 1
12686 13044 2
8959 13044 1
13043 13044 1
12686 13045 2
13043 13045 1
8959 13045 1
13047 13046 1
12593 13047 4
12856 13048 1
12569 13049 4
13005 13050 1
9179 13051 1
13050 13051 1
9009 13051 1
14449 13051 1
9046 13051 1
9146 13051 1
13250 13051 1
12573 13051 13
8939 13051 1
8880 13051 1
9172 13051 1
9056 13051 1
8950 13051 1
9146 13052 1
8746 13052 1
9172 13052 1
9009 13052 1
13050 13052 1
14449 13052 1
7789 13052 1
9046 13052 1
8939 13052 1
8732 13052 1
7715 13052 1
9179 13052 1
12578 13052 12
13054 13053 2
13055 13053 2
13070 13053 1
8924 13053 1
8925 13053 1
12573 13056 2
12938 13056 1
8959 13057 1
12573 13057 3
12938 13057 1
13056 13058 1
12931 13058 4
12938 13058 1
8959 13058 1
8954 13058 1
13060 13059 1
13059 13061 1
13062 13061 1
13060 13062 2
14412 13062 2
8856 13062 1
13064 13063 1
6838 13065 1
8894 13065 1
8953 13065 1
13063 13065 1
14264 13065 1
8900 13065 2
12890 13065 6
8900 13066 2
13063 13066 1
12890 13066 3
12767 13067 1
7693 13068 5
13067 13068 1
12760 13068 6
12760 13069 6
13067 13069 1
7693 13069 5
12711 13070 7
12728 13071 1
12711 13071 5
12713 13071 3
12670 13072 1
12852 13073 2
12573 13074 1
8761 13075 1
9047 13075 1
14392 13075 1
7703 13075 1
8790 13075 1
9113 13075 1
13074 13075 1
13132 13075 1
7691 13075 1
13248 13075 1
8742 13075 1
12583 13075 11
7703 13076 1
12583 13076 8
9047 13076 1
8790 13076 1
13132 13076 1
6925 13076 1
13074 13076 1
7691 13076 1
7774 13076 1
12583 13077 5
13074 13077 1
6925 13077 1
9032 13077 1
7774 13077 1
8790 13077 1
7703 13078 1
9123 13078 1
13248 13078 1
7691 13078 1
9047 13078 1
6763 13078 5
13074 13078 1
8790 13078 1
13132 13078 1
7774 13078 1
12583 13078 15
9128 13078 1
8790 13079 1
12583 13079 10
9047 13079 1
7774 13079 1
13248 13079 1
7691 13079 1
13132 13079 1
13074 13079 1
9037 13079 1
7703 13079 1
14361 13079 1
7691 13080 1
13074 13080 1
9136 13080 1
13132 13080 1
12583 13080 6
13248 13080 1
9047 13080 1
13074 13081 1
9136 13081 1
12583 13081 4
9032 13081 1
13248 13081 1
13132 13082 1
8790 13082 1
12583 13082 7
7691 13082 1
8916 13082 1
13074 13082 1
13248 13082 1
9047 13082 1
8790 13083 1
13074 13083 1
13248 13083 1
9032 13083 1
12583 13083 5
8916 13083 1
6919 13084 1
13132 13084 1
8790 13084 1
7691 13084 1
13248 13084 1
9047 13084 1
7703 13084 1
13074 13084 1
12583 13084 8
8790 13085 1
12583 13085 5
13074 13085 1
6919 13085 1
9032 13085 1
13248 13085 1
9003 13086 1
12583 13086 3
13074 13086 1
9047 13086 1
13074 13087 1
12583 13087 4
9003 13087 1
9047 13087 1
9032 13087 1
13248 13088 1
13074 13088 1
12583 13088 14
13154 13088 1
7703 13088 1
8790 13088 1
8743 13088 1
14332 13088 1
14438 13088 1
9047 13088 1
14523 13088 1
13132 13088 1
13109 13088 1
13256 13088 1
8697 13088 1
12567 13090 1
12881 13091 1
12883 13092 2
13091 13092 1
8959 13092 1
13091 13093 1
12883 13093 1
12928 13094 1
9054 13095 1
7774 13095 1
12618 13095 33
9186 13095 1
8878 13095 3
14302 13095 18
8690 13095 1
13094 13095 1
13171 13095 5
14509 13095 3
12907 13096 1
13098 13097 1
12730 13099 1
13097 13099 1
12569 13100 4
13102 13101 1
13101 13103 1
8959 13103 1
13104 13103 2
12661 13104 3
13102 13104 15
14432 13104 1
13104 13105 2
8959 13105 1
13101 13105 1
12881 13106 1
12883 13107 2
8959 13107 1
13106 13107 1
12883 13108 1
13106 13108 1
13110 13109 1
13109 13111 1
12934 13111 2
12934 13112 1
13109 13112 1
12934 13113 2
13109 13113 1
13157 13114 2
13259 13114 2
14430 13114 2
14336 13114 2
14441 13114 2
13113 13114 2
13115 13114 12
12934 13115 2
12937 13115 2
13110 13115 1
6933 13115 1
6832 13115 1
14420 13115 1
12844 13115 2
12891 13115 2
13257 13115 1
14333 13115 1
12936 13115 2
12935 13115 2
14349 13115 1
14336 13116 2
13157 13116 2
13113 13116 2
13115 13116 8
14441 13116 2
13157 13117 2
13113 13117 2
12845 13117 13
14441 13117 2
14336 13117 2
13259 13117 2
14430 13117 2
12846 13118 16
13119 13118 13
8894 13118 1
13117 13118 13
8895 13118 2
13113 13119 2
14430 13119 2
12845 13119 13
13157 13119 2
14441 13119 2
14336 13119 2
13259 13119 2
8743 13120 1
14332 13120 1
8894 13120 1
13256 13120 1
13109 13120 1
13154 13120 1
14441 13120 2
13115 13120 8
14438 13120 1
14332 13121 1
13109 13121 1
13115 13121 5
13154 13121 1
8894 13121 1
14438 13121 1
13102 13122 1
13122 13123 1
8959 13123 1
13104 13123 2
13104 13124 2
13122 13124 1
8959 13124 1
7672 13125 1
13126 13125 4
13128 13127 1
12569 13128 4
12569 13129 6
7656 13129 1
8946 13129 1
8861 13129 1
8859 13129 1
13127 13129 1
6927 13129 1
12586 13130 3
13022 13131 1
13133 13132 1
12586 13133 3
12583 13134 5
13248 13134 1
8790 13134 1
9150 13134 1
13132 13134 1
9047 13134 1
13136 13135 1
13138 13137 3
14442 13137 2
13135 13137 1
14443 13138 2
13136 13138 4
12661 13138 3
13135 13139 1
13138 13139 1
13141 13140 3
13143 13142 3
13140 13142 3
13141 13143 4
13145 13144 3
14526 13144 2
14525 13145 2
14526 13146 2
13145 13146 3
12592 13147 1
12952 13148 2
13147 13148 1
6912 13149 2
7771 13149 2
13148 13149 2
12951 13149 7
13152 13151 1
12931 13153 1
13151 13153 1
14420 13154 1
13154 13155 1
12937 13155 2
13154 13156 1
12937 13156 1
12937 13157 2
13154 13157 1
12852 13158 1
12650 13159 1
12684 13160 1
13160 13161 1
8959 13161 1
12686 13161 2
13160 13162 1
12686 13162 2
8959 13162 1
12684 13163 1
13163 13164 1
12686 13164 2
8959 13164 1
12686 13165 2
8959 13165 1
13163 13165 1
12650 13167 1
12576 13168 1
13041 13169 2
8814 13170 1
12830 13170 2
8809 13171 1
6790 13171 1
13170 13171 2
12830 13171 5
13047 13172 1
12758 13173 2
13172 13173 1
13175 13174 1
8959 13176 1
14369 13176 2
13174 13176 1
13174 13177 1
8959 13177 1
14369 13177 2
12866 13178 1
13180 13179 1
12569 13180 4
6775 13181 1
8804 13181 1
8922 13181 1
12702 13181 4
12713 13182 7
13182 13183 4
13182 13184 4
12648 13185 1
12767 13186 1
12733 13187 1
13102 13188 1
13104 13189 2
13188 13189 1
8959 13189 1
8959 13190 1
13188 13190 1
13104 13190 2
14243 13191 1
13193 13192 1
14302 13194 1
13195 13194 3
13192 13194 1
8864 13194 1
12939 13195 1
7651 13195 1
13193 13195 1
13192 13196 1
14302 13196 1
13195 13196 2
12985 13197 1
13197 13198 1
12985 13198 2
7767 13198 1
13197 13199 1
13200 13199 2
12985 13200 1
12684 13201 1
12686 13202 2
8959 13202 1
13201 13202 1
13201 13203 1
12686 13203 2
8959 13203 1
13205 13204 3
7665 13204 2
12738 13206 1
12583 13207 1
13206 13207 1
9032 13208 1
12583 13208 3
13206 13208 1
9193 13208 1
12571 13209 1
12567 13210 1
12567 13211 1
12650 13212 1
12567 13213 1
12889 13214 3
12889 13215 3
12889 13216 3
12889 13217 3
12889 13218 3
12733 13221 1
12569 13222 4
12569 13223 4
12569 13224 4
13226 13225 1
14374 13226 1
13225 13227 1
13226 13227 1
13226 13228 1
13225 13228 1
13225 13229 1
13226 13229 1
13226 13230 1
13225 13230 1
14426 13232 2
7672 13232 1
12742 13232 4
13053 13233 1
13233 13234 1
13053 13234 2
12650 13235 1
12731 13236 3
13005 13237 1
12852 13238 2
13064 13239 1
8900 13240 2
12890 13240 3
13239 13240 1
13242 13241 1
9012 13243 1
13241 13243 1
12974 13243 2
9012 13244 1
13241 13244 1
12974 13244 2
12615 13245 1
13247 13246 1
12586 13247 3
7755 13248 1
6819 13248 1
13249 13248 7
9066 13248 1
8790 13248 1
13246 13248 1
13251 13249 1
7671 13249 1
13247 13249 3
13005 13250 1
12900 13251 3
12881 13253 1
8959 13254 1
12883 13254 2
13253 13254 1
6893 13255 3
13253 13255 1
12883 13255 4
13257 13256 1
13256 13258 1
12936 13258 1
12936 13259 2
13256 13259 1
13175 13260 1
13260 13261 1
14369 13261 2
8959 13261 1
8959 13262 1
14369 13262 2
13260 13262 1
12670 13263 1
14243 13264 1
12767 13267 1
7693 13268 5
13267 13268 1
12760 13268 6
13267 13269 1
7693 13269 5
12760 13269 6
12965 13270 1
13270 13271 1
12681 13271 2
14261 13272 1
12895 13273 1
13272 13273 1
12586 13274 3
12586 13275 3
12586 13276 3
12586 13277 3
12892 14215 2
8871 14215 1
14215 14216 2
12573 14216 2
6848 14217 1
12731 14218 3
12586 14219 3
12925 14220 1
14336 14221 2
14220 14221 1
12927 14221 3
12706 14222 5
14397 14222 4
14223 14222 6
13182 14223 1
8719 14223 1
12975 14223 7
12567 14224 3
13012 14224 7
12671 14224 1
14428 14224 1
12977 14225 1
14225 14226 1
12979 14226 1
13136 14227 1
13138 14228 1
14227 14228 1
14227 14229 1
13138 14229 1
12567 14230 1
9111 14231 1
9194 14231 1
9188 14231 1
8857 14231 1
13012 14231 7
8945 14231 1
8677 14231 1
12652 14232 7
14231 14232 7
6779 14233 1
8892 14233 1
9128 14233 1
14250 14233 1
14231 14233 7
14224 14233 12
9030 14233 1
12613 14234 1
12665 14235 1
14234 14235 1
14234 14236 1
12665 14236 1
12852 14237 1
12628 14238 2
14237 14238 1
7740 14238 1
13102 14239 1
14239 14240 1
8959 14240 1
13104 14240 2
13104 14241 1
14239 14241 1
14243 14242 1
12569 14243 4
7653 14244 1
7787 14244 1
13263 14244 1
9128 14244 1
8841 14244 1
8790 14244 1
9102 14244 1
12573 14244 9
14242 14244 1
8690 14245 1
6769 14245 1
14244 14245 9
12931 14245 11
6764 14246 1
8690 14246 1
12931 14246 11
14244 14246 9
8914 14247 1
8690 14247 1
12931 14247 11
14244 14247 9
6931 14248 1
8690 14248 1
14244 14248 9
12931 14248 11
13151 14249 1
14244 14249 9
12931 14249 11
8690 14249 1
12671 14250 1
12573 14251 1
14251 14252 1
12618 14252 1
14254 14253 1
12586 14254 3
7698 14255 1
12651 14255 2
12718 14256 4
14376 14256 2
14255 14256 2
9068 14257 1
12718 14257 3
14255 14257 2
9068 14258 1
12718 14258 3
14255 14258 2
14275 14259 1
12718 14259 4
9068 14259 1
14255 14259 2
14261 14260 1
14260 14262 1
12895 14262 4
6821 14262 3
9186 14263 1
12895 14263 2
14260 14263 1
13049 14264 1
8894 14265 1
14264 14265 1
12890 14265 6
8953 14265 1
8900 14265 2
8713 14265 1
6838 14265 1
8953 14266 1
8900 14266 2
6838 14266 1
8894 14266 1
14264 14266 1
9058 14266 1
12890 14266 6
8900 14267 2
8953 14267 1
8894 14267 1
12890 14267 6
6838 14267 1
6887 14267 1
14264 14267 1
13239 14268 1
8900 14268 2
6838 14268 1
8894 14268 1
8953 14268 1
12890 14268 6
14264 14268 1
12567 14269 1
14271 14270 2
14442 14272 2
14270 14272 2
12743 14272 4
14442 14273 2
14270 14273 2
14362 14273 1
7681 14273 2
12743 14273 7
13070 14275 1
14275 14276 1
12573 14276 5
9102 14276 1
8841 14276 1
9128 14276 1
12583 14277 7
14276 14277 5
13169 14277 2
9068 14278 1
12718 14278 2
14275 14278 1
12718 14279 2
14275 14279 1
9068 14279 1
12718 14280 2
14275 14280 1
9068 14280 1
14275 14281 1
9068 14281 1
12718 14281 2
9189 14282 1
14275 14282 1
13053 14282 3
14283 14282 2
14275 14283 1
13053 14283 2
6869 14284 1
14285 14284 2
12899 14285 1
14302 14286 2
9181 14286 1
7740 14286 1
12628 14286 16
14509 14286 3
14320 14286 5
14309 14286 1
8923 14286 1
14284 14286 2
7740 14287 1
14284 14287 2
12628 14287 4
7755 14287 1
14284 14288 2
12573 14288 4
7756 14288 2
14284 14289 2
7756 14289 2
14290 14289 5
14443 14290 2
13251 14290 2
14285 14290 2
14289 14291 5
9104 14291 1
14442 14291 2
14290 14291 8
14291 14292 8
12744 14292 8
7756 14293 2
14284 14293 2
9068 14293 1
12718 14293 5
12718 14294 4
7756 14294 2
14284 14294 2
12718 14295 5
9068 14295 1
7756 14295 2
14284 14295 2
9068 14296 1
7756 14296 2
12718 14296 5
14284 14296 2
7756 14297 2
12718 14297 5
14284 14297 2
9068 14297 1
7756 14298 2
9068 14298 1
12718 14298 5
14284 14298 2
14300 14299 3
7661 14301 3
13149 14301 7
7736 14301 2
12849 14301 13
12939 14302 21
14301 14302 13
14304 14303 21
14302 14303 21
12939 14304 21
14509 14305 3
13171 14305 5
12618 14305 30
14302 14305 18
9186 14305 1
9054 14305 1
8878 14305 3
8690 14306 1
9186 14306 1
8878 14306 3
9054 14306 1
14302 14306 18
13171 14306 5
12618 14306 28
8690 14307 1
12618 14307 22
14302 14307 18
8878 14307 3
14509 14308 3
8690 14308 1
12618 14308 22
14302 14308 18
13041 14309 1
7740 14310 1
12628 14310 13
9181 14310 1
14320 14310 5
14302 14310 1
14309 14310 1
8863 14310 1
14509 14310 3
13012 14311 1
12974 14312 6
12933 14312 4
12706 14312 5
14271 14314 1
14442 14315 2
14314 14315 1
12743 14315 3
14314 14316 1
12743 14316 1
12710 14317 1
12965 14318 1
14318 14319 1
12628 14319 3
13158 14319 1
7669 14319 1
7669 14320 1
14318 14320 1
13271 14320 2
12681 14320 5
12628 14321 12
7740 14321 1
14302 14321 2
8838 14321 1
14320 14321 5
14509 14321 3
12650 14322 1
13102 14323 1
13104 14324 2
8959 14324 1
14323 14324 1
14323 14325 1
8959 14325 1
13104 14325 2
7793 14326 1
14217 14326 2
14326 14327 2
14328 14327 2
14217 14328 2
12889 14328 3
14330 14329 2
14326 14329 2
12652 14330 4
14217 14330 2
13265 14330 3
14326 14331 2
12651 14331 2
14333 14332 1
14332 14334 1
12935 14334 2
14332 14335 1
12935 14335 1
14332 14336 1
12935 14336 2
14336 14337 2
12858 14337 2
14339 14338 1
14338 14340 1
9025 14340 1
14341 14340 2
12661 14341 3
12573 14341 1
14339 14341 6
14341 14342 1
14338 14342 1
12881 14343 1
12883 14344 2
8959 14344 1
14343 14344 1
14343 14345 1
12883 14345 1
12850 14346 1
12830 14347 1
14346 14347 1
12733 14348 1
14339 14350 1
14350 14351 1
14341 14351 2
9025 14351 1
14341 14352 1
14350 14352 1
12902 14353 1
14353 14354 1
12578 14354 2
8732 14354 1
12948 14358 1
14360 14359 1
12569 14360 4
12738 14361 1
12573 14362 1
12684 14363 1
8959 14364 1
12686 14364 2
14363 14364 1
12686 14365 1
14363 14365 1
12571 14366 1
12648 14367 1
12648 14368 1
12661 14369 3
13175 14369 16
14432 14369 1
12611 14370 1
12868 14371 1
12700 14372 2
9001 14372 1
12888 14373 4
12713 14374 3
12742 14375 4
14426 14375 1
12716 14376 2
14376 14377 2
12718 14377 2
14419 14378 2
12933 14379 1
14312 14380 1
14379 14380 1
14312 14381 1
14379 14381 1
14330 14382 1
12567 14387 1
14261 14388 1
14388 14389 1
6821 14389 3
12895 14389 4
12895 14390 1
14388 14390 1
12573 14391 1
12747 14392 1
8754 14393 1
12583 14393 3
14392 14393 1
8742 14393 1
12749 14394 2
14392 14394 1
12593 14395 4
14397 14396 1
12593 14397 4
6867 14398 1
7726 14398 1
8678 14398 1
8799 14398 1
6803 14398 1
14396 14398 1
9063 14398 1
12706 14398 7
14396 14399 1
14222 14399 2
13047 14400 1
14400 14401 1
12760 14401 3
8956 14401 1
9112 14401 1
8956 14402 1
13186 14402 1
14400 14402 1
7693 14402 5
12760 14402 8
7693 14403 5
12760 14403 8
14400 14403 1
9005 14403 1
8956 14403 1
14400 14404 1
12758 14404 2
12977 14405 1
12979 14406 1
14405 14406 1
12863 14407 3
14436 14407 1
7687 14407 1
12949 14408 1
14408 14409 1
14410 14409 1
12949 14410 1
6783 14410 3
12946 14411 4
12767 14413 1
14413 14414 1
7693 14414 5
12760 14414 6
12760 14415 6
7693 14415 5
14413 14415 1
12961 14416 1
14416 14417 1
12573 14417 2
12603 14418 3
8845 14418 1
14417 14418 2
12586 14419 3
12889 14421 3
12593 14422 4
12593 14423 4
12593 14424 4
12593 14425 4
12593 14426 4
12593 14427 4
12593 14428 4
12844 14430 2
8743 14430 1
12567 14431 1
12713 14432 3
12733 14434 1
14437 14436 1
14349 14438 1
14438 14439 1
12891 14439 2
12891 14440 1
14438 14440 1
14438 14441 1
12891 14441 2
14443 14442 2
6869 14442 1
12899 14443 1
12852 14444 1
14444 14445 1
12628 14445 2
7740 14445 1
12586 14447 3
12651 14448 1
13005 14449 1
12948 14450 1
14355 14451 1
14451 14452 1
12783 14452 1
12783 14453 1
14451 14453 1
12783 14454 1
14451 14454 1
14451 14455 1
12783 14455 1
14451 14456 1
12783 14456 1
12783 14457 1
14451 14457 1
12783 14458 1
14451 14458 1
14451 14459 1
12783 14459 1
14451 14460 1
12783 14460 1
14451 14461 1
12783 14461 1
12783 14462 1
14451 14462 1
14451 14463 1
12783 14463 1
12783 14464 1
14451 14464 1
14451 14465 1
12783 14465 1
14451 14466 1
12783 14466 1
12783 14467 1
14451 14467 1
14451 14468 1
12783 14468 1
13071 14469 1
13071 14470 3
7767 14470 1
14469 14470 1
7766 14471 1
12863 14471 2
14469 14471 1
14473 14472 2
14469 14472 1
13071 14473 1
14475 14474 2
14472 14474 2
14473 14475 2
14475 14476 2
14472 14476 2
14472 14477 2
14475 14477 2
14479 14478 2
14472 14478 2
13071 14479 1
14473 14479 2
14479 14480 2
14472 14480 2
14479 14481 2
14472 14481 2
14479 14482 2
14472 14482 2
14472 14483 2
14479 14483 2
14472 14484 2
14479 14484 2
14479 14485 2
14472 14485 2
14479 14486 2
14472 14486 2
14472 14487 2
14475 14487 2
14469 14488 1
14479 14488 1
14469 14489 1
14479 14489 1
14469 14490 1
14479 14490 1
14469 14491 1
14479 14491 1
14469 14492 1
14479 14492 1
14479 14493 1
14469 14493 1
14469 14494 1
14479 14494 1
12852 14495 2
12573 14496 1
14496 14497 1
12597 14497 3
9137 14497 1
6876 14497 1
9045 14498 1
14496 14498 1
12597 14498 3
9137 14498 1
12597 14499 3
9137 14499 1
8944 14499 1
14496 14499 1
9137 14500 1
12597 14500 3
9171 14500 1
14496 14500 1
14496 14501 1
12597 14501 2
9045 14501 1
6876 14502 1
14496 14502 1
12597 14502 2
12597 14503 2
8944 14503 1
14496 14503 1
9171 14504 1
12597 14504 2
14496 14504 1
9063 14505 1
14312 14505 2
12573 14506 3
8959 14506 1
14505 14506 2
12573 14507 6
14505 14507 2
7728 14507 3
6775 14507 1
7728 14508 3
13024 14508 6
6775 14508 1
14505 14508 2
14510 14509 3
14505 14509 2
14312 14510 2
14509 14511 3
9012 14511 1
12573 14511 5
14513 14512 6
14511 14512 5
6857 14512 1
12661 14513 3
12573 14513 5
6858 14513 4
14513 14514 6
14511 14514 5
8943 14514 1
12628 14515 6
7740 14515 1
14302 14515 1
8712 14515 1
14509 14515 3
12603 14516 4
6877 14516 1
14509 14516 3
12628 14517 7
7740 14517 1
14302 14517 2
14509 14517 3
8910 14517 1
14302 14518 1
8832 14518 1
12628 14518 6
7740 14518 1
14509 14518 3
14510 14519 2
14505 14519 2
12677 14520 1
9146 14521 1
14520 14521 1
8847 14521 1
8951 14521 1
9179 14521 1
12578 14521 5
12567 14522 1
12738 14523 1
14525 14524 1
14525 14526 2
14524 14526 1
