9573 9556 1
9557 9556 2
9908 9558 1
9558 9559 1
9923 9559 1
9558 9560 1
9923 9560 1
9943 9562 1
9943 9563 2
9562 9563 1
9943 9564 2
9563 9564 2
9733 9566 1
9734 9566 1
9902 9567 1
9572 9567 1
9732 9567 3
9733 9567 1
9869 9568 1
9570 9569 1
9568 9569 1
9869 9570 1
9570 9571 1
9568 9571 1
9909 9572 1
9944 9575 1
9897 9575 1
9902 9576 1
9865 9576 1
9722 9716 1
9717 9716 2
9719 9718 5
9720 9719 6
9719 9723 15
9902 9724 3
9725 9724 30
9723 9724 15
9733 9724 3
9944 9724 3
9937 9724 3
9719 9725 15
9734 9725 3
9865 9725 3
9897 9725 3
9895 9725 3
9727 9726 33
9725 9726 33
9724 9726 30
9726 9727 33
9725 9727 33
9729 9728 1
9866 9729 5
9729 9730 1
9728 9730 1
9732 9731 1
9728 9731 1
9734 9732 1
9729 9732 1
9865 9732 1
9909 9732 1
9734 9733 3
9885 9734 7
9736 9735 2
9565 9735 1
9915 9737 1
9738 9737 2
9865 9864 6
9866 9865 7
9867 9866 10
9869 9868 2
9568 9868 1
9886 9869 3
9868 9870 2
9927 9870 3
9871 9870 4
9886 9871 3
9869 9871 2
9869 9872 2
9868 9872 2
9893 9874 2
9873 9874 1
9876 9875 1
9561 9876 2
9942 9876 3
9875 9877 1
9878 9877 1
9876 9878 1
9880 9879 4
9881 9880 5
9732 9882 1
9884 9883 1
9882 9883 1
9732 9884 1
9867 9885 8
9888 9887 1
9729 9888 1
9888 9889 1
9887 9889 1
9891 9890 5
9733 9890 1
9723 9890 1
9944 9890 1
9937 9890 1
9902 9890 1
9734 9891 1
9719 9891 1
9897 9891 1
9895 9891 1
9865 9891 1
9733 9892 1
9723 9892 1
9891 9892 5
9944 9892 1
9937 9892 1
9902 9892 1
9894 9895 4
9867 9896 10
9896 9897 9
9897 9898 6
9897 9899 6
9881 9900 5
9900 9901 4
9865 9902 4
9904 9903 3
9911 9903 1
9562 9903 1
9943 9904 2
9886 9904 3
9903 9905 3
9904 9905 5
9563 9905 2
9905 9906 5
9904 9906 5
9888 9907 1
9886 9908 3
9886 9910 3
9904 9911 1
9913 9912 2
9911 9912 1
9562 9912 1
9943 9913 1
9904 9913 1
9911 9914 1
9913 9914 2
9562 9914 1
9915 9916 1
9938 9916 2
9734 9917 6
9908 9918 2
9558 9918 1
9908 9919 2
9918 9919 2
9921 9920 1
9920 9922 1
9923 9922 1
9921 9923 1
9908 9923 1
9871 9924 1
9926 9925 1
9924 9925 1
9871 9926 1
9568 9927 1
9871 9927 3
9924 9927 1
9926 9928 1
9924 9928 1
9910 9929 1
9929 9930 1
9931 9930 2
9910 9931 1
9931 9932 2
9930 9932 2
9929 9933 1
9910 9933 2
9910 9934 2
9933 9934 2
9931 9935 1
9929 9935 1
9895 9937 3
9729 9939 1
9939 9940 1
9888 9940 1
9939 9941 1
9888 9941 1
9886 9943 3
9897 9944 4
