7888 7887 1
9277 7889 1
9304 7890 1
9306 7891 1
7890 7891 1
9304 7892 1
9306 7893 1
7892 7893 1
9316 7894 1
9318 7895 1
7894 7895 1
9302 7896 1
9277 7897 1
9322 7900 1
9316 7902 1
7902 7903 1
9318 7903 1
9277 9276 1
9350 9278 1
9313 9278 1
9354 9278 1
9339 9278 1
7897 9278 1
9355 9278 1
9314 9278 1
9352 9278 1
9276 9278 1
9338 9278 2
9279 9278 12
7889 9278 1
9353 9278 1
9297 9279 3
9344 9279 3
9281 9279 2
9277 9279 10
9345 9279 3
9281 9280 1
9279 9281 4
9318 9281 4
9353 9282 1
9279 9282 2
9280 9282 1
9353 9283 1
9296 9283 1
9280 9283 1
9279 9283 5
9301 9283 1
9283 9284 5
9279 9284 7
9280 9284 1
9291 9284 1
9338 9284 2
9353 9284 1
9279 9285 3
9280 9285 1
9353 9285 1
9298 9286 3
9285 9286 3
9279 9286 6
9279 9287 1
9280 9287 1
9279 9288 1
9280 9288 1
9280 9289 1
9338 9289 2
9279 9289 3
9279 9290 3
9353 9290 1
9280 9290 1
9279 9291 5
9290 9291 3
9353 9291 1
9291 9292 4
9279 9292 4
9279 9293 2
9280 9293 1
9353 9293 1
9338 9294 2
9280 9294 1
9279 9294 3
7899 9295 1
9297 9295 2
9297 9296 1
9279 9297 4
9306 9297 4
9296 9298 1
9301 9298 1
9279 9298 3
9301 9299 1
9279 9299 3
9296 9299 1
9299 9300 3
9279 9300 3
9281 9301 1
9304 9303 1
9321 9304 4
9306 9305 1
9303 9305 1
9304 9306 4
9308 9307 1
9310 9309 5
9325 9309 4
9307 9309 1
9308 9310 1
9324 9310 4
9356 9311 1
9312 9311 2
9277 9313 1
9277 9314 1
9316 9315 1
9310 9316 4
9318 9317 1
9315 9317 1
9316 9318 4
9320 9319 3
7888 9321 1
9324 9321 4
9320 9322 3
7896 9323 1
9324 9323 3
9348 9323 1
9349 9324 1
9302 9324 1
9323 9325 3
9324 9325 4
9325 9326 4
9327 9326 4
9324 9327 4
9325 9328 4
9327 9328 4
9321 9329 5
9325 9329 4
7887 9329 1
9325 9330 4
9321 9330 4
9321 9331 4
9325 9331 4
9321 9332 4
9325 9332 4
9325 9333 4
9310 9333 4
9325 9334 4
9310 9334 4
9310 9335 4
9325 9335 4
9338 9336 2
9295 9336 3
9336 9337 3
9295 9337 3
9297 9338 2
9353 9338 1
9277 9339 1
9322 9340 1
7900 9341 1
9322 9341 2
9340 9341 1
9304 9342 1
9306 9343 1
9342 9343 1
9316 9346 1
9346 9347 1
9318 9347 1
9349 9348 1
9277 9350 1
9320 9351 3
9277 9352 1
9297 9353 1
9277 9354 1
9277 9355 1
