13373 13372 2
13548 13372 1
13544 13372 1
13374 13372 2
13472 13372 1
13375 13372 2
13378 13377 1
13406 13379 1
13381 13380 1
13380 13382 1
13383 13382 1
13381 13383 7
13612 13384 1
13380 13384 1
13383 13384 2
13383 13385 2
13597 13385 1
13380 13385 1
13547 13386 1
13388 13386 4
13387 13386 4
13368 13386 1
13588 13386 1
13389 13386 4
13452 13386 2
13544 13386 1
13390 13386 4
13548 13386 1
13395 13394 4
13398 13397 1
13400 13399 1
13397 13399 1
13398 13400 2
13401 13402 3
13386 13403 4
13538 13404 1
13406 13405 1
13405 13407 1
13379 13407 1
13408 13409 3
13398 13410 1
13410 13411 1
13400 13411 1
13413 13412 1
13571 13414 1
13437 13414 1
13415 13414 3
13412 13414 1
13505 13415 1
13413 13415 1
13438 13415 1
13544 13416 1
13417 13416 2
13419 13418 3
13422 13421 1
13401 13422 3
13422 13423 1
13421 13423 1
13381 13424 1
13426 13425 1
13425 13427 1
13428 13427 1
13426 13428 1
13430 13429 1
13432 13431 1
13429 13431 1
13430 13432 1
13511 13433 1
13395 13434 4
13395 13435 4
13438 13437 1
13495 13440 1
13440 13441 4
13440 13442 4
13444 13443 2
13611 13443 1
13445 13446 1
13502 13446 2
13447 13448 3
13368 13449 1
13451 13450 2
13386 13450 4
13449 13450 1
13602 13450 1
13452 13451 3
13521 13453 1
13454 13453 4
13451 13453 3
13548 13454 1
13522 13454 1
13417 13454 6
13461 13454 6
13439 13454 1
13452 13454 3
13459 13454 1
13544 13454 1
13368 13454 1
13472 13454 1
13458 13457 1
13454 13460 4
13542 13464 1
13466 13465 1
13468 13467 1
13465 13467 1
13466 13468 2
13472 13471 2
13471 13473 2
13474 13473 2
13586 13474 3
13472 13474 2
13439 13475 1
13475 13476 1
13572 13476 1
13454 13476 2
13381 13478 1
13478 13479 1
13383 13479 1
13466 13481 1
13468 13482 1
13481 13482 1
13389 13483 2
13547 13483 1
13486 13485 3
13491 13488 4
13490 13488 4
13544 13488 1
13489 13488 4
13548 13488 1
13538 13493 1
13495 13494 1
13494 13496 1
13440 13496 1
13499 13498 3
13556 13504 2
13503 13504 1
13508 13509 3
13511 13510 1
13510 13512 1
13433 13512 1
13448 13513 1
13544 13513 1
13514 13513 2
13472 13513 1
13516 13513 2
13548 13513 1
13515 13513 2
13368 13513 1
13518 13519 3
13499 13520 3
13459 13521 1
13534 13522 1
13523 13522 2
13492 13525 1
13525 13526 1
13527 13526 1
13492 13527 2
13536 13535 2
13568 13535 1
13542 13541 1
13603 13542 2
13589 13542 1
13541 13543 1
13464 13543 1
13454 13545 4
13488 13546 4
13551 13552 1
13554 13552 3
13566 13552 2
13551 13553 1
13566 13553 2
13559 13558 3
13381 13562 1
13612 13563 1
13562 13563 1
13597 13563 1
13383 13563 3
13383 13564 1
13562 13564 1
13419 13565 3
13381 13569 1
13383 13570 1
13569 13570 1
13505 13571 1
13368 13572 1
13513 13573 2
13619 13573 1
13572 13573 1
13492 13579 1
13579 13580 1
13527 13580 1
13513 13581 1
13471 13581 1
13471 13582 1
13372 13582 1
13471 13583 1
13454 13583 2
13596 13583 1
13381 13584 1
13584 13585 1
13383 13585 1
13592 13593 3
13522 13596 1
13381 13597 1
13588 13602 1
13591 13604 1
13591 13605 1
13604 13605 1
13381 13612 1
13448 13619 1
