1887 1158 1
1888 1158 1
1890 1159 3
1891 1159 3
1161 1160 3
1161 1162 3
1163 1164 1
1163 1165 1
1169 1166 1
1887 1166 1
1163 1166 1
1873 1167 1
1873 1168 1
1167 1168 1
1892 1169 1
1892 1170 1
1169 1171 1
1887 1171 1
1895 1172 3
1169 1173 1
1170 1173 1
1170 1174 1
1170 1175 1
1169 1176 1
1877 1177 1
1765 1766 2
1768 1767 4
1769 1768 5
1866 1768 5
1877 1867 2
1158 1869 2
1892 1869 1
1173 1869 2
1888 1869 1
1868 1869 1
1163 1869 1
1871 1870 3
1872 1870 3
1875 1873 3
1874 1873 3
1177 1876 1
1877 1876 2
1874 1877 3
1867 1878 3
1876 1878 2
1867 1879 3
1878 1879 3
1867 1880 3
1878 1880 3
1878 1881 3
1883 1881 4
1867 1881 4
1867 1882 3
1878 1882 3
1878 1883 3
1867 1883 4
1867 1884 4
1883 1884 4
1883 1885 4
1867 1885 4
1883 1886 4
1867 1886 4
1868 1887 1
1868 1888 1
1890 1889 3
1891 1889 3
1173 1893 2
1892 1893 1
1895 1894 3
