11688 9861 1
11145 9862 1
10981 9863 1
11412 9864 1
10888 9866 1
11307 9867 1
11307 9868 1
9867 9868 1
11307 9869 1
9867 9869 1
9867 9870 1
11307 9870 1
9872 9871 3
11040 9873 1
10270 9874 1
9873 9874 1
11040 9874 2
11040 9875 1
9873 9875 1
11040 9876 1
9873 9876 1
9873 9877 1
11040 9877 1
11040 9878 1
9873 9878 1
11040 9879 1
9873 9879 1
11040 9880 1
9873 9880 1
9873 9881 1
11040 9881 1
11040 9882 1
9873 9882 1
11040 9883 1
9873 9883 1
9873 9884 1
11040 9884 1
9873 9885 1
11040 9885 1
11040 9886 1
9873 9886 1
11040 9887 1
9873 9887 1
11040 9888 1
9873 9888 1
11040 9889 1
9873 9889 1
9873 9890 1
11040 9890 1
9873 9891 1
11040 9891 1
9873 9892 1
11040 9892 1
11040 9893 1
9873 9893 1
11040 9894 1
9873 9894 1
11359 9895 3
9897 9896 6
10307 9896 3
9895 9896 3
11358 9897 3
11359 9897 3
11393 9898 1
10888 9899 1
11302 9900 1
11015 9902 1
9902 9903 1
10914 9903 1
11214 9904 1
9902 9904 1
11302 9905 1
11589 9906 1
11589 9907 1
9906 9907 1
9909 9908 3
11257 9910 1
10191 9911 1
11615 9911 2
10891 9912 1
11813 9913 1
11524 9914 1
10891 9915 1
11648 9917 1
11277 9918 1
11076 9919 1
10255 9920 1
10214 9920 1
11076 9920 5
10377 9920 1
9919 9920 1
10270 9920 1
11076 9921 1
9919 9921 1
9919 9922 1
11076 9922 1
9919 9923 1
11076 9923 1
9919 9924 1
11076 9924 1
11076 9925 1
9919 9925 1
9919 9926 1
11076 9926 1
9919 9927 1
11076 9927 1
11076 9928 1
9919 9928 1
9919 9929 1
11076 9929 1
11076 9930 1
9919 9930 1
9919 9931 1
11076 9931 1
9919 9932 1
11076 9932 1
9919 9933 1
11076 9933 1
11076 9934 1
9919 9934 1
9919 9935 1
11076 9935 1
11707 9936 1
11302 9937 1
11410 9938 1
11163 9939 3
11524 9940 1
11746 9941 1
11277 9943 2
10342 9943 1
11410 9944 1
11145 9945 1
11799 9946 1
9948 9947 1
10994 9948 4
10918 9949 9
10356 9949 1
10102 9949 1
10379 9949 1
10364 9949 1
10240 9949 1
9947 9949 1
10242 9949 1
10352 9949 1
10110 9949 1
11414 9950 1
9950 9951 1
10316 9951 1
10393 9951 1
11414 9951 5
10358 9951 1
10128 9951 1
11145 9953 1
9956 9955 1
11675 9957 1
11410 9958 1
11107 9959 1
9959 9960 1
11107 9960 1
9959 9961 1
11107 9961 1
11107 9962 1
9959 9962 1
11107 9963 1
9959 9963 1
9959 9964 1
11107 9964 1
9959 9965 1
11107 9965 1
11107 9966 1
9959 9966 1
9959 9967 1
11107 9967 1
11107 9968 1
9959 9968 1
9959 9969 1
11107 9969 1
9959 9970 1
11107 9970 1
9959 9971 1
11107 9971 1
11107 9972 1
9959 9972 1
11107 9973 1
9959 9973 1
9959 9974 1
11107 9974 1
11107 9975 1
9959 9975 1
9959 9976 1
11107 9976 1
11107 9977 1
9959 9977 1
11107 9978 1
9959 9978 1
11194 9979 3
11625 9981 1
9981 9982 1
11625 9982 1
11511 9983 1
10323 9984 1
9983 9984 1
11190 9984 2
9983 9985 1
11190 9985 1
10901 9986 1
11701 9987 1
10233 9988 1
9989 9988 2
10943 9989 3
11313 9989 1
11255 9990 2
9988 9990 1
10080 9990 1
10361 9991 1
9988 9991 1
10255 9991 1
11112 9991 3
9988 9992 1
10961 9992 2
10361 9992 1
11675 9995 1
11706 9997 4
11274 9998 1
10981 10000 1
9948 10001 1
11813 10002 1
10004 10005 3
11467 10006 1
11243 10007 1
10901 10008 1
11405 10009 1
11190 10010 1
11190 10011 1
10010 10011 1
11145 10012 1
10956 10013 1
11362 10014 1
11414 10015 1
10943 10016 3
11707 10016 3
11237 10017 1
11290 10018 1
10017 10018 1
11302 10019 1
11844 10020 1
11190 10021 1
10020 10021 1
11145 10022 1
10024 10023 3
11329 10025 2
10025 10026 1
11160 10026 2
10947 10027 2
10920 10027 1
10029 10028 1
10936 10030 1
11302 10031 1
11701 10032 1
9987 10033 1
10032 10033 1
9987 10034 1
10032 10034 1
11366 10035 1
10032 10035 1
10032 10036 1
10994 10036 1
10032 10037 1
10994 10037 1
10032 10038 1
10994 10038 1
10920 10039 1
10905 10040 1
10907 10041 2
10040 10041 1
11648 10043 1
10286 10044 1
11135 10044 2
10044 10045 2
11137 10045 2
11707 10046 1
10016 10047 1
10046 10047 1
10112 10048 1
10016 10048 3
10046 10048 1
10339 10048 1
10046 10049 1
10112 10049 1
10016 10049 3
10339 10049 1
10016 10050 3
10046 10050 1
10112 10050 1
10339 10050 1
10046 10051 1
10339 10051 1
10016 10051 3
10112 10051 1
10052 10053 1
10126 10053 2
10052 10054 1
10332 10054 2
10161 10055 2
10052 10055 1
10025 10056 1
11160 10056 2
11398 10057 1
11701 10058 1
10152 10059 1
11366 10059 2
11366 10060 2
10059 10060 2
10981 10061 1
10340 10063 1
10922 10063 2
10922 10064 4
10299 10064 1
10063 10064 2
10947 10065 1
11279 10066 1
10065 10066 1
10065 10067 1
11279 10067 1
10027 10068 3
10078 10068 1
10323 10068 1
10065 10068 1
10065 10069 1
11279 10069 1
11279 10070 1
10065 10070 1
11008 10071 1
10375 10072 1
10157 10072 1
10889 10072 4
11255 10073 1
10981 10074 1
10981 10075 1
11701 10076 2
10076 10077 2
11005 10077 2
10920 10078 1
10078 10079 1
10929 10079 1
11617 10080 1
10080 10081 1
11617 10081 1
11711 10082 1
10080 10082 1
11029 10083 3
10169 10083 1
10291 10083 1
10080 10083 1
10080 10084 1
10169 10084 1
10291 10084 1
10219 10084 1
11312 10084 4
11312 10085 2
10219 10085 1
10080 10085 1
11145 10087 1
11274 10088 1
11544 10089 1
10894 10090 1
10092 10091 1
10090 10091 1
10894 10092 1
11829 10093 1
11829 10094 1
10093 10094 1
11313 10095 1
11313 10096 2
10095 10096 1
11302 10097 1
11163 10098 3
11022 10099 2
11222 10100 1
11412 10101 1
11691 10102 1
10922 10103 1
10103 10104 1
10914 10104 1
11257 10106 1
10106 10107 1
11259 10107 1
9993 10108 1
10108 10109 1
9993 10109 1
11396 10110 1
11410 10111 1
11707 10112 1
10112 10113 1
10016 10113 1
11190 10114 1
10112 10114 1
10016 10115 2
10112 10115 1
10339 10115 1
10016 10116 2
10112 10116 1
10339 10116 1
10016 10117 2
10112 10117 1
10339 10117 1
11687 10118 1
10118 10119 1
10922 10119 2
10119 10120 2
11703 10120 2
11703 10121 2
10119 10121 2
11691 10122 1
11135 10123 2
10123 10124 2
11137 10124 2
11261 10125 1
11769 10127 1
11414 10128 1
11393 10129 1
10918 10130 1
10129 10130 1
10129 10131 1
10918 10131 1
11019 10132 3
11292 10133 1
10135 10134 2
10133 10134 1
11541 10134 2
11277 10135 2
10133 10135 1
10135 10136 2
11541 10136 2
10894 10137 1
10192 10138 1
11798 10138 2
10137 10138 1
11216 10139 2
10137 10139 1
10192 10139 1
10922 10140 2
10415 10140 1
11349 10141 1
10143 10142 1
10981 10144 1
10345 10145 1
10206 10145 1
10144 10145 1
10889 10145 4
11587 10146 1
10146 10147 1
11587 10147 1
10255 10149 1
11135 10149 2
11137 10150 2
10149 10150 2
11691 10151 1
11648 10152 1
10154 10153 3
11302 10155 1
11302 10156 1
10981 10157 1
11170 10158 1
10894 10159 1
10163 10162 3
11253 10164 1
10167 10166 1
10993 10168 1
11398 10169 1
10169 10170 1
11398 10170 2
10315 10170 1
11525 10171 1
10169 10171 1
11525 10172 1
10169 10172 1
10169 10173 1
11525 10173 2
10219 10173 1
10169 10174 1
10219 10174 1
11312 10174 2
11837 10175 1
10169 10175 1
10169 10176 1
11837 10176 1
11837 10177 1
10169 10177 1
11837 10178 1
10169 10178 1
11837 10179 1
10169 10179 1
10888 10180 1
11163 10182 3
11414 10183 1
10901 10184 1
11145 10185 1
11211 10186 1
11676 10187 1
10187 10188 1
11279 10188 1
10981 10190 1
11688 10191 1
11361 10192 1
10974 10193 1
11617 10194 1
11620 10195 1
10194 10195 1
11617 10196 1
11617 10197 1
10196 10197 1
11150 10198 1
10196 10198 1
10196 10199 1
11150 10199 1
10936 10200 1
10196 10200 1
10993 10201 1
10888 10202 1
11361 10203 1
10901 10204 1
11799 10205 1
10981 10206 1
11887 10207 1
11373 10208 1
10208 10209 1
11112 10209 2
10286 10209 1
10286 10210 1
11720 10210 2
10208 10210 1
11456 10211 2
10208 10211 1
10219 10211 1
11456 10212 1
10208 10212 1
11243 10213 1
11524 10214 1
10964 10215 3
10905 10216 2
10216 10217 1
10907 10217 2
11393 10218 1
11030 10219 1
11150 10220 1
10219 10220 1
10222 10221 2
11585 10221 2
10219 10221 1
10219 10222 1
11030 10222 2
11697 10223 1
10219 10223 1
11483 10224 1
10224 10225 1
11888 10225 1
10224 10226 1
11888 10226 1
11888 10227 1
10224 10227 1
11888 10228 1
10224 10228 1
11888 10229 1
10224 10229 1
11511 10230 1
11190 10231 2
10230 10231 1
10276 10231 1
10981 10232 1
11313 10233 1
11313 10234 1
10233 10234 1
11170 10235 1
11174 10236 2
10235 10236 1
10238 10237 1
11813 10239 1
10993 10240 1
10916 10241 1
10916 10242 1
10907 10243 2
10216 10243 1
11349 10245 1
10029 10246 1
11257 10249 1
10249 10250 1
11259 10250 1
11380 10253 1
11380 10254 1
10253 10254 1
11793 10255 1
10255 10256 1
11135 10256 2
11229 10257 2
10256 10257 2
11229 10258 2
10256 10258 2
10256 10259 2
11137 10259 2
10255 10260 1
11229 10260 1
10255 10261 1
11229 10261 1
10255 10262 1
11229 10262 1
10286 10263 1
11112 10263 2
10255 10263 1
10255 10264 1
10961 10264 1
11414 10267 1
9948 10268 1
10363 10269 1
10903 10269 2
11017 10270 1
11261 10271 1
10271 10272 1
11451 10272 1
10271 10273 1
10929 10273 1
10271 10274 1
10929 10274 1
10922 10275 1
10971 10276 1
10276 10277 1
11190 10277 1
11145 10278 1
10901 10279 1
11547 10280 1
11723 10281 1
10922 10283 2
10454 10283 1
10914 10284 2
10283 10284 2
11713 10285 1
11036 10286 1
11376 10287 1
11410 10288 1
11881 10289 1
10289 10290 1
11255 10290 1
11617 10291 2
11398 10292 1
11398 10293 1
10292 10293 1
10295 10294 3
10891 10296 1
10905 10297 1
10891 10298 1
10920 10299 1
11833 10300 1
10300 10301 1
11541 10301 1
10300 10302 1
11541 10302 1
11541 10303 1
10300 10303 1
11617 10304 1
10304 10305 1
11620 10305 1
11398 10306 1
11358 10307 3
11158 10308 1
11402 10309 1
10308 10309 1
11617 10310 1
10310 10311 1
11620 10311 1
11313 10312 1
10891 10313 1
10143 10314 1
11398 10315 1
11414 10316 1
11793 10317 1
11414 10318 1
11617 10319 1
11312 10320 1
10319 10320 1
10319 10321 1
11773 10321 1
11312 10322 1
10319 10322 1
10947 10323 1
10323 10324 1
11190 10324 1
10323 10325 1
11190 10325 1
11617 10326 1
11312 10327 1
10326 10327 1
11001 10328 1
11261 10329 1
10920 10330 1
11881 10331 1
10920 10333 1
11688 10335 1
11615 10336 1
10335 10336 1
10888 10337 1
11170 10338 1
11707 10339 1
10920 10340 1
10945 10341 1
11452 10342 1
11605 10344 1
10981 10345 1
11350 10347 1
11029 10349 1
10291 10349 1
10920 10350 1
11170 10351 1
11211 10352 1
11170 10353 1
10920 10354 1
10922 10355 2
10354 10355 1
11370 10356 1
10891 10357 5
11414 10358 1
11001 10359 1
11421 10360 1
11036 10361 1
10947 10362 1
10901 10363 1
11412 10364 1
10252 10365 1
10365 10366 1
11830 10366 1
11396 10367 1
11349 10368 1
10245 10369 1
10368 10369 1
11329 10370 1
10370 10371 1
11160 10371 2
11313 10372 1
11036 10373 1
10981 10374 1
10981 10375 1
10981 10376 1
11036 10377 1
11160 10378 1
11157 10378 1
11887 10379 1
11688 10380 1
11483 10381 1
11345 10382 1
10914 10383 1
10382 10383 1
11313 10384 1
11516 10385 1
11516 10386 1
10385 10386 1
10385 10387 1
11516 10387 1
10385 10388 1
11516 10388 1
11516 10389 1
10385 10389 1
10385 10390 1
11516 10390 1
11516 10391 1
10385 10391 1
10907 10392 1
11414 10393 1
10888 10394 1
11410 10396 1
10282 10398 1
10282 10399 1
10398 10399 1
10282 10400 1
10398 10400 1
10282 10401 1
10398 10401 1
10282 10402 1
10398 10402 1
10398 10403 1
10282 10403 1
10398 10404 1
10282 10404 1
11313 10407 1
11145 10408 1
11261 10409 1
10409 10410 1
10929 10410 1
10891 10411 1
11572 10412 1
11170 10413 1
11820 10414 1
10920 10415 1
11153 10416 1
11887 10417 1
11145 10418 1
10974 10419 1
11170 10420 1
11215 10421 1
11875 10422 1
10421 10422 1
11329 10423 1
11160 10424 1
10423 10424 1
11170 10425 1
11349 10426 1
11890 10427 1
10426 10427 1
10282 10428 1
11680 10429 1
10428 10429 1
11680 10430 1
10428 10430 1
10428 10431 1
11680 10431 1
11680 10432 1
10428 10432 1
10428 10433 1
11680 10433 1
11707 10434 1
11319 10435 1
11277 10436 1
11483 10437 1
11257 10438 1
11257 10439 1
10438 10439 1
11267 10440 1
11267 10441 1
10440 10441 1
11267 10442 1
10440 10442 1
10440 10443 1
11267 10443 1
11267 10444 1
10440 10444 1
11267 10445 1
10440 10445 1
11267 10446 1
10440 10446 1
11267 10447 1
10440 10447 1
11237 10448 1
11610 10449 1
11610 10450 1
10449 10450 1
10449 10451 1
11832 10451 1
10449 10452 1
11832 10452 1
10449 10453 1
11832 10453 1
11687 10454 1
10981 10456 1
11491 10457 1
11024 10458 1
10457 10458 1
11442 10459 1
11648 10460 1
10886 10885 12
10888 10887 5
10889 10888 12
11442 10889 2
11302 10889 9
11675 10889 3
11008 10889 4
11410 10889 11
10981 10889 30
10888 10889 7
10891 10889 11
11145 10889 16
11153 10889 2
10891 10890 1
10889 10891 12
10313 10892 1
11444 10892 5
11662 10892 4
11264 10892 3
11368 10892 1
10296 10892 1
11034 10892 5
9912 10892 1
11540 10892 1
10889 10892 98
10202 10892 1
9945 10892 1
10982 10892 57
11504 10892 1
11266 10892 2
11803 10892 2
9915 10892 1
11902 10892 1
11843 10892 1
11861 10892 6
11020 10892 2
10459 10892 1
11679 10892 4
11674 10892 1
10411 10892 1
10145 10892 4
11880 10892 1
10072 10892 4
10984 10892 2
10985 10892 48
10983 10892 1
10298 10892 1
10890 10892 1
11184 10892 1
9905 10892 1
11664 10892 1
11557 10892 1
10894 10893 20
10896 10894 55
10895 10894 111
10899 10894 55
10898 10894 55
10897 10894 55
10901 10900 1
11527 10901 1
10943 10901 3
11883 10902 1
10903 10902 16
11406 10902 1
10204 10902 1
11522 10902 1
10008 10902 1
10363 10902 1
11717 10902 1
11873 10902 1
9986 10902 1
11286 10902 1
10381 10902 1
10437 10902 1
10184 10902 1
10900 10902 1
10279 10902 1
11482 10902 1
11483 10903 6
10901 10903 10
11319 10903 1
11648 10903 1
10905 10904 1
11167 10905 3
10904 10906 1
10907 10906 2
10995 10907 3
10905 10907 7
10243 10908 2
11862 10908 2
10041 10908 2
10906 10908 2
11251 10908 2
10907 10908 14
10217 10908 2
10392 10908 1
10907 10909 15
10908 10909 14
10930 10910 21
10216 10910 1
9911 10910 2
10285 10910 1
10921 10910 2
11462 10910 4
10924 10910 26
11607 10910 2
10911 10910 51
11460 10910 3
11894 10910 2
10909 10910 15
11250 10910 1
11615 10911 2
10905 10911 2
10907 10911 19
11713 10911 1
10995 10911 5
10922 10911 27
10909 10912 15
11462 10912 4
10907 10912 19
10217 10913 2
11251 10913 2
10906 10913 2
10914 10913 6
10995 10914 1
11015 10914 1
10922 10914 37
11713 10914 2
11402 10914 2
10907 10914 6
11345 10914 1
10916 10915 1
10994 10916 4
10240 10917 1
10352 10917 1
10102 10917 1
9864 10917 1
10268 10917 1
10001 10917 1
11210 10917 1
10364 10917 1
10168 10917 1
10241 10917 1
10110 10917 1
11891 10917 1
10242 10917 1
10122 10917 1
10207 10917 1
10186 10917 1
11395 10917 1
10356 10917 1
10201 10917 1
10379 10917 1
10367 10917 1
9947 10917 1
10151 10917 1
10101 10917 1
10915 10917 1
11369 10917 1
10918 10917 27
10417 10917 1
10907 10918 2
10993 10918 3
11396 10918 3
11211 10918 3
10916 10918 3
11412 10918 3
9948 10918 3
11906 10918 2
11691 10918 3
11393 10918 1
11887 10918 3
11370 10918 3
10920 10919 1
11167 10920 3
10922 10921 2
10919 10921 1
10995 10922 3
11687 10922 2
10920 10922 12
10140 10923 2
10919 10923 1
10952 10923 2
10103 10923 1
11205 10923 2
10921 10923 2
11542 10923 1
10350 10923 1
11523 10923 2
10355 10923 2
10275 10923 1
11681 10923 2
10922 10923 18
10923 10924 18
11708 10924 2
11608 10924 5
10922 10924 26
10924 10925 26
10922 10925 26
11708 10926 2
10924 10926 26
10922 10926 31
10923 10926 18
10064 10926 4
10926 10927 31
10914 10927 31
10283 10928 2
11821 10928 1
9913 10928 1
11276 10928 2
10315 10928 1
10056 10928 2
10340 10928 1
10119 10928 2
10924 10928 26
10371 10928 2
10291 10928 1
10078 10928 1
10952 10928 2
10224 10928 1
11606 10928 1
11681 10928 2
10946 10928 1
11854 10928 2
10929 10928 58
10103 10928 1
11159 10928 2
11523 10928 2
11205 10928 2
11864 10928 1
10355 10928 2
11484 10928 1
10275 10928 1
10030 10928 1
10135 10928 2
9918 10928 1
11542 10928 1
11185 10928 1
10299 10928 1
10350 10928 1
11708 10928 2
10026 10928 2
10921 10928 2
11297 10928 2
10919 10928 1
11607 10928 2
11599 10929 1
11319 10929 2
11030 10929 1
11398 10929 2
11253 10929 1
11483 10929 1
11426 10929 1
11648 10929 4
11277 10929 9
11393 10929 2
11452 10929 2
11292 10929 1
10936 10929 1
11160 10929 8
11376 10929 1
11274 10929 2
11373 10929 1
11577 10929 1
10947 10929 2
11617 10929 1
10907 10929 2
10943 10929 3
10922 10929 28
11665 10929 1
11261 10929 6
10920 10929 6
11813 10929 4
10922 10930 21
11708 10930 2
10923 10930 18
10922 10931 22
10930 10931 21
11708 10931 2
10330 10932 1
10922 10932 24
10931 10932 22
10914 10933 24
10932 10933 24
10271 10934 1
11484 10934 1
10140 10934 2
11425 10934 1
10291 10934 1
11681 10934 2
10929 10934 31
10078 10934 1
11205 10934 2
11497 10934 2
11886 10934 1
10283 10934 2
11523 10934 2
11159 10934 2
10208 10934 1
10371 10934 2
10043 10934 1
10921 10934 2
11318 10934 1
11841 10934 1
10119 10934 2
10435 10934 1
10119 10935 2
9911 10935 2
11899 10935 2
10140 10935 2
11375 10935 1
11276 10935 2
10208 10935 1
10287 10935 1
10217 10935 2
11159 10935 2
11854 10935 2
11205 10935 2
11523 10935 2
10342 10935 1
10080 10935 1
11886 10935 1
10921 10935 2
11497 10935 2
10289 10935 1
10936 10935 41
10169 10935 1
11260 10935 1
11681 10935 2
10283 10935 2
10291 10935 1
10315 10935 1
10219 10935 1
10331 10935 1
11160 10936 2
11261 10936 3
10922 10936 14
11615 10936 7
11376 10936 2
11881 10936 2
11030 10936 1
10943 10936 14
10907 10936 4
11617 10936 4
11028 10936 10
11332 10936 1
11447 10936 2
11025 10936 10
11398 10936 2
10977 10936 10
11027 10936 10
11319 10936 1
10920 10936 1
11277 10936 4
11022 10936 2
11026 10936 10
11452 10936 2
11669 10936 1
11605 10936 1
11648 10936 2
11373 10936 1
11681 10937 2
10921 10937 2
10914 10937 4
10919 10938 1
11427 10938 1
10191 10938 1
10118 10938 1
11549 10938 1
10299 10938 1
10939 10938 21
10040 10938 1
10216 10938 2
11157 10938 2
10951 10938 1
10297 10938 1
11898 10938 1
11457 10938 1
10350 10938 1
10039 10938 1
11496 10938 1
10340 10938 1
10354 10938 1
11606 10938 1
11458 10939 1
11158 10939 4
11688 10939 2
11687 10939 1
10905 10939 5
10920 10939 8
10052 10940 1
10941 10940 2
10943 10942 3
10945 10944 1
10947 10946 1
10140 10948 2
10946 10948 1
11260 10948 1
11886 10948 1
10929 10948 8
10208 10948 1
11497 10948 2
10946 10949 1
10950 10949 6
10323 10949 1
10362 10949 1
11692 10949 1
11185 10949 1
10065 10949 1
10947 10950 6
10920 10951 1
10951 10952 1
10922 10952 2
10894 10953 8
11799 10954 2
11648 10954 1
10956 10955 1
10955 10957 1
10958 10957 1
10943 10958 3
10956 10958 3
10959 10960 4
10943 10961 3
11793 10961 1
11036 10961 1
9989 10961 1
10052 10962 1
10963 10962 2
10894 10964 8
10966 10965 3
10894 10966 8
10965 10967 3
11326 10967 3
10968 10967 12
11506 10967 3
11143 10967 3
11016 10968 3
11356 10968 3
10966 10968 3
10953 10968 3
10969 10970 4
10972 10971 3
10193 10973 1
10974 10973 2
11760 10974 4
10419 10975 1
10973 10975 2
10974 10975 3
10973 10976 2
10977 10976 4
10419 10976 1
11452 10977 1
11447 10977 2
11669 10977 1
11030 10977 1
11022 10977 2
11398 10977 1
11332 10977 1
11617 10977 3
11255 10977 1
11024 10977 1
10920 10977 1
11605 10977 1
10936 10977 1
10943 10977 14
10974 10977 3
11589 10977 1
10976 10978 4
11627 10978 1
10977 10978 5
10419 10979 1
10974 10979 3
10973 10979 2
10981 10980 1
10889 10981 16
10889 10982 57
10111 10982 1
9995 10982 1
10375 10982 1
10061 10982 1
10075 10982 1
10202 10982 1
11368 10982 1
10980 10982 1
11443 10982 1
11728 10982 1
9944 10982 1
10074 10982 1
9863 10982 1
11504 10982 1
11684 10982 1
11409 10982 1
11441 10982 1
10337 10982 1
11859 10982 1
10097 10982 1
9862 10982 1
10031 10982 1
10180 10982 1
9938 10982 1
11818 10982 1
10374 10982 1
11265 10982 1
10376 10982 1
10156 10982 1
11325 10982 1
11678 10982 1
10206 10982 1
9958 10982 1
11892 10982 1
11860 10982 1
10190 10982 1
10288 10982 1
10155 10982 1
11033 10982 1
11755 10982 1
11540 10982 1
11156 10982 1
10456 10982 1
10396 10982 1
9900 10982 1
9899 10982 1
10416 10982 1
10157 10982 1
9937 10982 1
11327 10982 1
10144 10982 1
10232 10982 1
10071 10982 1
11889 10982 1
11644 10982 1
10019 10982 1
10889 10983 55
11033 10983 1
9953 10983 1
9995 10983 1
10374 10983 1
10376 10983 1
11860 10983 1
11892 10983 1
10087 10983 1
11626 10983 1
10155 10983 1
11644 10983 1
11643 10983 1
11663 10983 1
11859 10983 1
10232 10983 1
11368 10983 1
9900 10983 1
9958 10983 1
9944 10983 1
11726 10983 1
10375 10983 1
10202 10983 1
10418 10983 1
9945 10983 1
10156 10983 1
9938 10983 1
9937 10983 1
10278 10983 1
11443 10983 1
10185 10983 1
11684 10983 1
10071 10983 1
11409 10983 1
10396 10983 1
11144 10983 1
9899 10983 1
10980 10983 1
11889 10983 1
10022 10983 1
11265 10983 1
10456 10983 1
11472 10983 1
10190 10983 1
10074 10983 1
11540 10983 1
10012 10983 1
9863 10983 1
10019 10983 1
11683 10983 1
10061 10983 1
10144 10983 1
10111 10983 1
10288 10983 1
10889 10984 54
10376 10984 1
10418 10984 1
10456 10984 1
10980 10984 1
9899 10984 1
10074 10984 1
9900 10984 1
11859 10984 1
9863 10984 1
10012 10984 1
11683 10984 1
10022 10984 1
9945 10984 1
10019 10984 1
11443 10984 1
11368 10984 1
10144 10984 1
10288 10984 1
11684 10984 1
9957 10984 1
9937 10984 1
9953 10984 1
10075 10984 1
10185 10984 1
10202 10984 1
9958 10984 1
10087 10984 1
11156 10984 1
11663 10984 1
10232 10984 1
11409 10984 1
10155 10984 1
10071 10984 1
11860 10984 1
11892 10984 1
11726 10984 1
11540 10984 1
10156 10984 1
10278 10984 1
9938 10984 1
10111 10984 1
11472 10984 1
9944 10984 1
11643 10984 1
11265 10984 1
10374 10984 1
11144 10984 1
11889 10984 1
10375 10984 1
11644 10984 1
10396 10984 1
10232 10985 1
10155 10985 1
10374 10985 1
10376 10985 1
10075 10985 1
9863 10985 1
10144 10985 1
11728 10985 1
11409 10985 1
10074 10985 1
10190 10985 1
9899 10985 1
9900 10985 1
11859 10985 1
11443 10985 1
10097 10985 1
9957 10985 1
10456 10985 1
10408 10985 1
11755 10985 1
10889 10985 48
10980 10985 1
11265 10985 1
11327 10985 1
9958 10985 1
10019 10985 1
9938 10985 1
10031 10985 1
10156 10985 1
10157 10985 1
11892 10985 1
10180 10985 1
11684 10985 1
9944 10985 1
10071 10985 1
10061 10985 1
11504 10985 1
10337 10985 1
11156 10985 1
10375 10985 1
11368 10985 1
11644 10985 1
11678 10985 1
10206 10985 1
10111 10985 1
9937 10985 1
11033 10985 1
11325 10985 1
10981 10986 9
10981 10987 9
10894 10988 20
10977 10989 2
11670 10989 1
10991 10990 4
10992 10991 7
10994 10993 4
11701 10994 1
11458 10995 1
11014 10996 1
10997 10996 2
10999 10998 4
11001 11000 1
10328 11002 1
10164 11002 1
11611 11002 3
11903 11002 1
11756 11002 1
10359 11002 1
10159 11002 1
10196 11002 1
10090 11002 1
11003 11002 16
10137 11002 1
11835 11002 1
11000 11002 1
11666 11002 1
10929 11003 3
11617 11003 1
10346 11003 1
11170 11003 19
10894 11003 5
11253 11003 1
11261 11003 1
11398 11003 2
11001 11003 4
11313 11003 1
11005 11004 16
11002 11004 16
11701 11005 2
11003 11005 16
10888 11006 9
11008 11007 9
10889 11008 12
11009 11010 4
10988 11011 9
11408 11012 9
11011 11012 9
11154 11012 3
11013 11012 24
11724 11012 3
10893 11013 9
10988 11013 9
11155 11013 3
11360 11013 3
10997 11015 2
11014 11015 1
10894 11016 8
11019 11018 3
10889 11020 2
10202 11020 1
10891 11021 9
11023 11022 6
11024 11023 6
10943 11023 13
11398 11024 3
11261 11024 1
11665 11024 1
11319 11024 1
11669 11024 1
11491 11024 1
10907 11024 2
11376 11024 1
10943 11024 9
11160 11024 2
11605 11024 1
11022 11024 2
11332 11024 1
11030 11024 1
11277 11024 2
11373 11024 1
11274 11024 2
10936 11024 10
11398 11029 1
11617 11029 2
11029 11030 4
10052 11031 1
11032 11031 2
10981 11033 1
10190 11034 1
11033 11034 1
10889 11034 5
11728 11034 1
11394 11034 1
11036 11035 1
10372 11037 1
10286 11037 1
11035 11037 1
10384 11037 1
10407 11037 1
10233 11037 1
11870 11037 1
10361 11037 1
10208 11037 1
11038 11037 10
11313 11038 7
11036 11038 3
11373 11038 1
11730 11039 3
9873 11039 1
10255 11039 1
11037 11039 10
10377 11039 1
10214 11039 1
11040 11039 18
10270 11039 1
11036 11040 1
11524 11040 1
11017 11040 1
11793 11040 1
11038 11040 13
11730 11041 3
11040 11041 17
10255 11041 1
10377 11041 1
10270 11041 1
11037 11041 10
9873 11041 1
10270 11042 1
9873 11042 1
11037 11042 10
11040 11042 12
11730 11043 3
11040 11043 15
11037 11043 10
10270 11043 1
9873 11043 1
10214 11044 1
10270 11044 1
11040 11044 16
9873 11044 1
11037 11044 10
11730 11044 3
11040 11045 16
10270 11045 1
11037 11045 10
10214 11045 1
11730 11045 3
11047 11046 16
11045 11046 16
10943 11047 3
11040 11047 16
11047 11048 16
11045 11048 16
11045 11049 16
11047 11049 16
11047 11050 16
11045 11050 16
11047 11051 16
11045 11051 16
11047 11052 16
11045 11052 16
11047 11053 16
11045 11053 16
11045 11054 16
11047 11054 16
11047 11055 16
11045 11055 16
11047 11056 16
11045 11056 16
11047 11057 16
11045 11057 16
11047 11058 16
11045 11058 16
11047 11059 16
11045 11059 16
11047 11060 16
11045 11060 16
11047 11061 16
11045 11061 16
11045 11062 16
11047 11062 16
11045 11063 16
11047 11063 16
11045 11064 16
11047 11064 16
11045 11065 16
11047 11065 16
11047 11066 16
11045 11066 16
11047 11067 16
11045 11067 16
11045 11068 16
11047 11068 16
11047 11069 16
11045 11069 16
11047 11070 16
11045 11070 16
11047 11071 16
11045 11071 16
11045 11072 16
11047 11072 16
11045 11073 16
11047 11073 16
11047 11074 16
11045 11074 16
10255 11075 1
9919 11075 1
10270 11075 1
11037 11075 10
10214 11075 1
11730 11075 3
10377 11075 1
11076 11075 18
11793 11076 1
11524 11076 1
11038 11076 13
11036 11076 1
11017 11076 1
11076 11077 18
10377 11077 1
10214 11077 1
9919 11077 1
10255 11077 1
11037 11077 10
11730 11077 3
10270 11077 1
11730 11078 3
11076 11078 18
10270 11078 1
10214 11078 1
10377 11078 1
11037 11078 10
10255 11078 1
11080 11079 18
11078 11079 18
11038 11080 3
11076 11080 18
11524 11080 1
10943 11080 3
11078 11081 18
11080 11081 18
11078 11082 18
11080 11082 18
11080 11083 18
11078 11083 18
11080 11084 18
11078 11084 18
11080 11085 18
11078 11085 18
11078 11086 18
11080 11086 18
11078 11087 18
11080 11087 18
11080 11088 18
11078 11088 18
11078 11089 18
11080 11089 18
11078 11090 18
11080 11090 18
11078 11091 18
11080 11091 18
11078 11092 18
11080 11092 18
11080 11093 18
11078 11093 18
11080 11094 18
11078 11094 18
11730 11095 3
11080 11095 18
11078 11095 18
11078 11096 18
11080 11096 18
11078 11097 18
11080 11097 18
11080 11098 18
11078 11098 18
11078 11099 18
11080 11099 18
11080 11100 18
11078 11100 18
11080 11101 18
11078 11101 18
11080 11102 18
11078 11102 18
11078 11103 18
11080 11103 18
11078 11104 18
11080 11104 18
11078 11105 18
11080 11105 18
9940 11106 1
11037 11106 10
10377 11106 1
10255 11106 1
11777 11106 1
10373 11106 1
9959 11106 1
10214 11106 1
11600 11106 1
11730 11106 3
10270 11106 1
11107 11106 22
11793 11107 1
11524 11107 3
11036 11107 2
11017 11107 2
11038 11107 13
11107 11108 22
10214 11108 1
10373 11108 1
10377 11108 1
11037 11108 10
11600 11108 1
10255 11108 1
11730 11108 3
9940 11108 1
9959 11108 1
10270 11108 1
11777 11108 1
10255 11109 1
11037 11109 10
9959 11109 1
10270 11109 1
10377 11109 1
10214 11109 1
11730 11109 3
11107 11109 18
10270 11110 1
11600 11110 1
9940 11110 1
11730 11110 3
10255 11110 1
11037 11110 10
11777 11110 1
10214 11110 1
10377 11110 1
10373 11110 1
11107 11110 22
11110 11111 22
11112 11111 22
9989 11112 1
11793 11112 1
10943 11112 3
11524 11112 1
11107 11112 22
11313 11112 1
11036 11112 3
11373 11112 1
11110 11113 22
11112 11113 22
11110 11114 22
11112 11114 22
11112 11115 22
11110 11115 22
11112 11116 22
11110 11116 22
11110 11117 22
11112 11117 22
11110 11118 22
11112 11118 22
11110 11119 22
11112 11119 22
11110 11120 22
11112 11120 22
11110 11121 22
11112 11121 22
11110 11122 22
11112 11122 22
11112 11123 22
11110 11123 22
11110 11124 22
11112 11124 22
11112 11125 22
11110 11125 22
11110 11126 22
11112 11126 22
11112 11127 22
11110 11127 22
11110 11128 22
11112 11128 22
11110 11129 22
11112 11129 22
11112 11130 22
11110 11130 22
11112 11131 22
11110 11131 22
11110 11132 22
11112 11132 22
11035 11133 1
10286 11133 1
11112 11133 4
10361 11133 1
10233 11133 1
10286 11134 1
10270 11134 1
10361 11134 1
11035 11134 1
11135 11134 6
10233 11134 1
11222 11135 1
11036 11135 6
11373 11135 1
11524 11135 5
11313 11135 2
11017 11135 2
11793 11135 2
11134 11136 6
11137 11136 6
11135 11137 37
10208 11138 1
10255 11138 1
10361 11138 1
10233 11138 1
11135 11138 9
11777 11138 1
11035 11138 1
10286 11138 1
11138 11139 9
11137 11139 9
11513 11140 1
11138 11140 9
11536 11140 5
11816 11140 1
11227 11140 3
11141 11140 20
10149 11140 2
10123 11140 2
11135 11141 18
11170 11141 2
10943 11141 3
11112 11142 1
11035 11142 1
10953 11143 3
11145 11144 1
10889 11145 12
11147 11146 7
11601 11146 3
11165 11146 3
11166 11147 3
11357 11147 3
11149 11148 7
11146 11148 7
11147 11149 7
10943 11150 3
10922 11150 4
11030 11150 1
11617 11150 1
11151 11152 3
10889 11153 4
11155 11154 3
10894 11155 8
10981 11156 1
11158 11157 2
11167 11158 3
11160 11159 2
11157 11159 1
11329 11160 5
11158 11160 2
10894 11161 8
11163 11162 3
11166 11165 3
10894 11166 8
11170 11169 1
11137 11170 4
11827 11171 1
10413 11171 1
10338 11171 1
11548 11171 1
10158 11171 1
11169 11171 1
11513 11171 1
11324 11171 1
10420 11171 1
11003 11171 19
11879 11171 1
11816 11171 1
11828 11171 1
10351 11171 1
10353 11171 1
10235 11171 1
11519 11171 2
11514 11171 2
11817 11171 2
10425 11171 1
11519 11172 2
10425 11172 1
11170 11172 19
11548 11172 1
10413 11172 1
11513 11172 1
11828 11172 1
10235 11172 1
10338 11172 1
10420 11172 1
11514 11172 2
10351 11172 1
10353 11172 1
11816 11172 1
10158 11172 1
11827 11172 1
11879 11172 1
11324 11172 1
11817 11172 2
11169 11172 1
11169 11173 1
10420 11173 1
10351 11173 1
11817 11173 2
10353 11173 1
11514 11173 2
11174 11173 9
11170 11174 19
11173 11175 9
11520 11175 6
10236 11175 2
11174 11175 24
11272 11175 10
11177 11176 25
11175 11176 24
11174 11177 24
11177 11178 25
11176 11178 25
10943 11179 3
11307 11180 1
10943 11180 3
11182 11181 3
10981 11183 1
11183 11184 1
11644 11184 1
10889 11184 4
11327 11184 1
10947 11185 1
11185 11186 1
11187 11186 1
10947 11187 1
10169 11188 1
11375 11188 1
10219 11188 1
10315 11188 1
10929 11188 11
10030 11188 1
10078 11188 1
11185 11188 1
11853 11188 1
10133 11188 1
11273 11188 1
10271 11188 1
10339 11189 1
9943 11189 2
10078 11189 1
10323 11189 1
11530 11189 2
10135 11189 2
11297 11189 2
11190 11189 22
9918 11189 1
11854 11189 2
11383 11189 1
9936 11189 1
11185 11189 1
10046 11189 1
10065 11189 1
11276 11189 2
10112 11189 1
11362 11190 1
11844 11190 1
10956 11190 1
10943 11190 3
10238 11190 1
9956 11190 1
11707 11190 5
10029 11190 2
11277 11190 14
11559 11190 1
10947 11190 3
11361 11190 1
10886 11190 1
11723 11190 1
10936 11190 1
11676 11190 1
11648 11190 1
10971 11190 1
11263 11190 1
11769 11190 1
10167 11190 1
10999 11190 1
11261 11190 1
11267 11190 1
11376 11190 1
11243 11190 3
11253 11190 1
11511 11190 2
10920 11190 1
10323 11191 1
9918 11191 1
11276 11191 2
9943 11191 2
10078 11191 1
10046 11191 1
10339 11191 1
11383 11191 1
10112 11191 1
10065 11191 1
11190 11191 22
10135 11191 2
9936 11191 1
11530 11191 2
11185 11191 1
11854 11191 2
11297 11191 2
11187 11192 1
11185 11192 1
11194 11193 7
11196 11195 1
11167 11196 3
11195 11197 1
11198 11197 1
11196 11198 1
11198 11199 1
11195 11199 1
11407 11200 1
11201 11200 2
11203 11202 3
10920 11204 1
11204 11205 1
10922 11205 2
11523 11206 2
11205 11206 2
11150 11206 4
10086 11208 1
11209 11208 2
11211 11210 1
10994 11211 4
10168 11212 1
10241 11212 1
10101 11212 1
10217 11212 2
11210 11212 1
10918 11212 11
11395 11212 1
10268 11212 1
10151 11212 1
11369 11212 1
10417 11212 1
11214 11213 4
11015 11214 1
10943 11214 7
10894 11216 1
11361 11216 1
11218 11217 2
10052 11217 1
11220 11219 3
10143 11221 2
11867 11221 1
11223 11222 3
11224 11225 4
11575 11226 1
10255 11227 1
11135 11227 3
11371 11227 2
11227 11228 3
11229 11228 4
10149 11228 2
11793 11229 1
11135 11229 5
11137 11230 3
11227 11230 3
11729 11231 1
11135 11231 2
11231 11232 2
11453 11232 1
11532 11232 1
11233 11232 4
11135 11233 4
11231 11234 2
11233 11234 2
11137 11235 2
11231 11235 2
11237 11236 4
11238 11237 5
11161 11239 3
11241 11240 6
10215 11240 3
11239 11240 3
10964 11241 3
11161 11241 3
11243 11242 1
10943 11243 3
11190 11244 1
11242 11244 1
11190 11245 2
11242 11245 1
10213 11245 1
11190 11246 2
11242 11246 1
10213 11246 1
10213 11247 1
11242 11247 1
11190 11247 2
11242 11248 1
11190 11248 2
10007 11248 1
11242 11249 1
11190 11249 2
10213 11249 1
10905 11250 1
11250 11251 1
10907 11251 2
11253 11252 1
11477 11253 1
10943 11253 3
11854 11254 2
10219 11254 1
11252 11254 1
11255 11254 4
11853 11254 1
10943 11255 4
11277 11255 2
11452 11255 1
9989 11255 1
11881 11255 1
10929 11255 2
11617 11255 2
10936 11255 5
11570 11255 1
11447 11255 3
11030 11255 1
11253 11255 1
11257 11256 1
11525 11257 4
11256 11258 1
11259 11258 1
11411 11259 2
11257 11259 3
10052 11259 1
11261 11260 1
11477 11261 1
11582 11261 4
11263 11262 4
10889 11264 3
11450 11264 1
10074 11264 1
10981 11265 1
11265 11266 1
10889 11266 2
10899 11267 9
10898 11267 9
10897 11267 9
11267 11268 10
11268 11269 9
11267 11270 10
11270 11271 9
11513 11272 1
10338 11272 1
11174 11272 10
10235 11272 1
11827 11272 1
11879 11272 1
10158 11272 1
11324 11272 1
11816 11272 1
11828 11272 1
11274 11273 1
10943 11274 3
11294 11274 4
10088 11275 1
11273 11275 1
11276 11275 2
10169 11275 1
11024 11275 8
11375 11275 1
10315 11275 1
11821 11275 1
10219 11275 1
11273 11276 1
11277 11276 2
11452 11277 3
11292 11277 2
11274 11277 3
11530 11278 2
10135 11278 2
11727 11278 1
11297 11278 2
11279 11278 20
10187 11278 1
11383 11278 1
10436 11278 1
9943 11278 2
9918 11278 1
11276 11278 2
11854 11278 2
11752 11278 3
11676 11279 1
10943 11279 3
11292 11279 2
11452 11279 2
11277 11279 19
10947 11279 1
11274 11279 2
10135 11280 2
10436 11280 1
11752 11280 3
11854 11280 2
11279 11280 20
11727 11280 1
11530 11280 2
9943 11280 2
9918 11280 1
10187 11280 1
11297 11280 2
11276 11280 2
11383 11280 1
11297 11281 2
11854 11281 2
11279 11281 15
11530 11281 2
11383 11281 1
10187 11281 1
9918 11281 1
10135 11281 2
11276 11281 2
9943 11281 2
10187 11282 1
11279 11282 20
11727 11282 1
11752 11282 3
11297 11282 2
11383 11282 1
11854 11282 2
11530 11282 2
9918 11282 1
11276 11282 2
10135 11282 2
9943 11282 2
10436 11282 1
11853 11283 1
11273 11283 1
10088 11283 1
10342 11283 1
10133 11283 1
11291 11283 1
11279 11283 6
11273 11284 1
10133 11284 1
9998 11284 1
11853 11284 1
11751 11284 1
11285 11284 5
11292 11285 1
11274 11285 2
11452 11285 2
10901 11286 1
11163 11287 3
11237 11288 1
11288 11289 1
11503 11289 1
11290 11289 3
10448 11289 1
9980 11290 1
11237 11290 6
11292 11291 1
11294 11292 4
10943 11292 3
11294 11293 7
10187 11293 1
10088 11293 1
9998 11293 1
11291 11293 1
10342 11293 1
11751 11293 1
11274 11294 2
11676 11294 1
11292 11294 1
11477 11294 5
11452 11294 2
11296 11294 5
11293 11295 7
11296 11295 7
11294 11296 7
11277 11297 2
11291 11297 1
10342 11298 1
11297 11298 2
10929 11298 8
11598 11298 1
10088 11298 1
10135 11298 2
9918 11298 1
11300 11299 3
9941 11299 1
11805 11299 1
11746 11300 2
11299 11301 3
11300 11301 3
10889 11302 12
11302 11303 9
11302 11304 5
11665 11305 1
10943 11305 3
10958 11305 1
11257 11305 3
11398 11305 1
11307 11306 1
11180 11308 1
11306 11308 1
11306 11309 1
11180 11309 1
11255 11310 3
11569 11310 1
10073 11310 1
11310 11311 1
10977 11311 1
11617 11312 5
11030 11312 1
11398 11312 1
11312 11313 4
11257 11314 1
11819 11315 1
11305 11315 3
11314 11315 1
11341 11315 1
11341 11316 1
9910 11316 1
11257 11316 3
11314 11316 1
11819 11317 1
11821 11317 1
11314 11317 1
11305 11317 3
11319 11318 1
10943 11319 3
11318 11320 1
10903 11320 1
11331 11321 1
11668 11321 1
10344 11321 1
11318 11321 1
11024 11321 9
10371 11321 2
10099 11321 2
11397 11321 1
10289 11322 1
10936 11322 5
10331 11322 1
10287 11322 1
11375 11322 1
11318 11322 1
11170 11324 1
11302 11325 1
11016 11326 3
10981 11327 1
11329 11328 1
11167 11329 3
11160 11330 1
11328 11330 1
11332 11331 1
11023 11332 4
10099 11333 2
10344 11333 1
11668 11333 1
11334 11333 5
11331 11333 1
11605 11334 1
11332 11334 1
11669 11334 1
11277 11334 1
10943 11334 3
11022 11334 2
10099 11335 2
10169 11335 1
11668 11335 1
10936 11335 12
11446 11335 2
10078 11335 1
10080 11335 1
11853 11335 1
11331 11335 1
10344 11335 1
10219 11335 1
11446 11336 2
10196 11336 1
10193 11336 1
10099 11336 2
10344 11336 1
11588 11336 1
10977 11336 11
11668 11336 1
10078 11336 1
11331 11336 1
10099 11337 2
11331 11337 1
11668 11337 1
11334 11337 5
10344 11337 1
11024 11338 7
11668 11338 1
10099 11338 2
10371 11338 2
11331 11338 1
10344 11338 1
10344 11339 1
11334 11339 5
11331 11339 1
11668 11339 1
10099 11339 2
10886 11340 8
11257 11341 1
11305 11342 3
11341 11342 1
9910 11342 1
10057 11342 1
11677 11343 1
11344 11343 2
11600 11346 1
9940 11346 1
11135 11346 5
10255 11346 1
10373 11346 1
11137 11347 5
11346 11347 5
11424 11348 4
11568 11348 4
11872 11348 1
11547 11348 1
11348 11349 4
11214 11351 4
11354 11352 1
11354 11353 1
11353 11355 1
11352 11355 1
10894 11356 8
10894 11357 8
10894 11358 8
10894 11359 8
10894 11360 8
10897 11361 1
10898 11361 1
10899 11361 1
10896 11361 1
10895 11361 3
10895 11362 3
11163 11363 3
11313 11364 1
11364 11365 1
11366 11365 1
11648 11366 1
11701 11366 1
11313 11366 1
10943 11367 3
10981 11368 1
11370 11369 1
10994 11370 4
10255 11371 1
11135 11371 2
11137 11372 2
11371 11372 2
11374 11373 4
11421 11374 2
11376 11375 1
11312 11376 1
11456 11376 1
10271 11377 1
10246 11377 1
11747 11377 1
10434 11377 1
11694 11377 1
10014 11377 1
11512 11377 1
11742 11377 1
10323 11377 1
11375 11377 1
10007 11377 1
10030 11377 1
10028 11377 1
10187 11377 1
10166 11377 1
11476 11377 1
10013 11377 1
9955 11377 1
10164 11377 1
10281 11377 1
11190 11377 24
10127 11377 1
10203 11377 1
10237 11377 1
11502 11377 1
11375 11378 1
11502 11378 1
11476 11378 1
10203 11378 1
11747 11378 1
10271 11378 1
10007 11378 1
10013 11378 1
10246 11378 1
11190 11378 19
10166 11378 1
10014 11378 1
11694 11378 1
10028 11378 1
10281 11378 1
10237 11378 1
10434 11378 1
11512 11378 1
9955 11378 1
11380 11379 19
11378 11379 19
11190 11380 19
11667 11380 3
11375 11381 1
10331 11381 1
10287 11381 1
10289 11381 1
10936 11381 4
11375 11382 1
10217 11382 2
11024 11382 3
11277 11383 1
11334 11384 1
11383 11384 1
11334 11385 1
11383 11385 1
11383 11386 1
11334 11386 1
11388 11387 1
10943 11388 3
10947 11388 1
11511 11388 2
11388 11389 1
11387 11389 1
11391 11390 3
11392 11390 3
10981 11394 1
11396 11395 1
10994 11396 4
11398 11397 5
11399 11397 4
11835 11397 1
11456 11398 4
11398 11399 4
10292 11399 1
10169 11399 1
11397 11399 1
11397 11400 1
11398 11400 1
11427 11401 1
11402 11401 2
11158 11402 3
10914 11403 2
11401 11403 2
11163 11404 3
11285 11405 4
10901 11406 1
10893 11408 9
11410 11409 1
10889 11410 12
10994 11412 4
11414 11413 1
11413 11415 1
10318 11415 1
10015 11415 1
11414 11415 5
10267 11415 1
10183 11415 1
11024 11416 1
10169 11417 1
10219 11417 1
10977 11417 4
10196 11417 1
11416 11417 1
10052 11418 1
11419 11418 2
11421 11420 2
10360 11420 1
11420 11422 2
11374 11422 2
11423 11424 4
11565 11424 1
11350 11424 1
11820 11424 1
11426 11425 1
10943 11426 3
11158 11427 1
11348 11428 1
11428 11429 1
11348 11429 1
11428 11430 1
11566 11430 4
11348 11430 5
11348 11431 5
11428 11431 1
11567 11431 4
11567 11432 4
10280 11432 1
11428 11432 1
11348 11432 6
11348 11433 6
11567 11433 4
11428 11433 1
10280 11433 1
11871 11434 1
10280 11434 1
11348 11434 7
11428 11434 1
11567 11434 4
11871 11435 1
11348 11435 7
10280 11435 1
11428 11435 1
11566 11435 4
11008 11436 5
11438 11437 3
11439 11440 3
11442 11441 1
10889 11442 4
10981 11443 1
11443 11444 1
10456 11444 1
10232 11444 1
10889 11444 5
10144 11444 1
11255 11445 1
11445 11446 1
11447 11446 2
11255 11447 1
11446 11448 2
11255 11448 3
11842 11448 1
11410 11449 9
10981 11450 1
11261 11451 1
11294 11452 4
10943 11452 3
11135 11453 1
11137 11454 1
11453 11454 1
10943 11455 3
11030 11456 3
11373 11456 1
11458 11457 1
11167 11458 3
10995 11459 2
11457 11459 1
11459 11460 2
10995 11460 3
11894 11461 2
10995 11461 5
11460 11461 3
11459 11462 2
11893 11462 1
10907 11462 4
11893 11463 1
11464 11463 3
11459 11463 2
9980 11464 1
10995 11464 3
11893 11465 1
10922 11465 3
11459 11465 2
11145 11466 5
11468 11467 4
10995 11468 1
10922 11468 2
11193 11469 4
11193 11470 4
10943 11471 3
11145 11472 1
10052 11473 1
11474 11473 2
11163 11475 3
11263 11476 1
10956 11478 1
11602 11479 1
10958 11479 2
11478 11479 1
11478 11480 1
10958 11480 2
11602 11480 1
11261 11481 1
11483 11482 1
10943 11483 3
11261 11484 1
10929 11485 1
11484 11485 1
11484 11486 1
11481 11486 1
11484 11487 1
11481 11487 1
11484 11488 1
11481 11488 1
11481 11489 1
11484 11489 1
11024 11490 2
11484 11490 1
10208 11490 1
11492 11491 3
11494 11493 1
10943 11494 3
11494 11495 1
11493 11495 1
10905 11496 1
10907 11497 2
11496 11497 1
10319 11498 1
11841 11498 1
11497 11498 2
11886 11498 1
10936 11498 7
10271 11498 1
10043 11498 1
10052 11499 1
11500 11499 2
10972 11501 3
10999 11502 1
11237 11503 1
10981 11504 1
11356 11506 3
11237 11507 1
11509 11508 1
11507 11508 1
11237 11509 1
11290 11510 1
11507 11510 1
11296 11511 4
10886 11512 1
11170 11513 1
11513 11514 1
11170 11514 2
10385 11515 1
9914 11515 1
11513 11515 1
9940 11515 1
11777 11515 1
11840 11515 1
11516 11515 6
11170 11516 1
11524 11516 4
11516 11517 6
10385 11517 1
11777 11517 1
11840 11517 1
9940 11517 1
11513 11517 1
9914 11517 1
11513 11518 1
11141 11518 3
10149 11518 2
11513 11519 1
11170 11519 2
11548 11520 1
10413 11520 1
10425 11520 1
11519 11520 2
11174 11520 6
11438 11521 3
11483 11522 1
10922 11523 2
10350 11523 1
11398 11525 1
11030 11525 1
11527 11526 1
10901 11528 1
11526 11528 1
11410 11529 5
10088 11530 1
11277 11530 2
11135 11532 1
11137 11533 1
11532 11533 1
11167 11534 3
11535 11534 3
11135 11536 5
9940 11536 1
11840 11536 1
11777 11536 1
9914 11536 1
11137 11537 5
11536 11537 5
10895 11538 1
11539 11538 2
11410 11540 1
11833 11541 1
11277 11541 2
10943 11541 3
11292 11541 1
10922 11542 1
11544 11543 1
10089 11545 1
11546 11545 3
11543 11545 1
11795 11545 1
11544 11546 3
11170 11548 1
11158 11549 1
11402 11550 1
11549 11550 1
11135 11551 2
10286 11551 1
11137 11552 2
11551 11552 2
11554 11553 2
10052 11553 1
11885 11555 1
11467 11555 2
11555 11556 2
11467 11556 3
10006 11556 1
10891 11557 1
11559 11558 1
11561 11560 1
11558 11560 1
11559 11561 1
11558 11562 1
11561 11562 1
11558 11563 1
11561 11563 1
11565 11564 1
10347 11566 1
11564 11566 1
10414 11566 1
11424 11566 4
11564 11567 1
10414 11567 1
11568 11567 4
10347 11567 1
11820 11568 1
11350 11568 1
11660 11568 4
11565 11568 1
11570 11569 1
11631 11570 3
11572 11571 2
10412 11571 1
11571 11573 2
11572 11573 2
11572 11574 2
11571 11574 2
11577 11576 1
10239 11578 1
10329 11578 1
9898 11578 1
11864 11578 1
10929 11578 8
9913 11578 1
10218 11578 1
11576 11578 1
10002 11578 1
11030 11579 2
11579 11580 2
11456 11580 3
10219 11580 1
11579 11581 2
10219 11581 1
11582 11581 4
11801 11581 1
11030 11582 4
11579 11583 1
10219 11583 1
11030 11583 3
11585 11584 3
11583 11584 3
10052 11585 1
11030 11585 4
11863 11585 2
10943 11586 3
11524 11586 3
11516 11586 5
11471 11587 1
11589 11588 1
10943 11589 3
10977 11590 1
11588 11590 1
11588 11591 1
10977 11591 1
11588 11592 1
10977 11592 2
11853 11592 1
10977 11593 1
11588 11593 1
11588 11594 1
10219 11594 1
10080 11594 1
10977 11594 5
10193 11594 1
10169 11594 1
11588 11595 1
10977 11595 1
11588 11596 1
10196 11596 1
10977 11596 3
10030 11596 1
11599 11598 1
11017 11600 1
11357 11601 3
10956 11602 1
11145 11603 9
11438 11604 3
11023 11605 4
10920 11606 1
10922 11607 2
11606 11607 1
11607 11608 2
10119 11608 2
10922 11608 5
11607 11609 2
11610 11609 2
10922 11610 2
10929 11611 3
11606 11611 1
11607 11611 2
10306 11612 1
10125 11612 1
10312 11612 1
11611 11612 3
11003 11612 6
10119 11613 2
11606 11613 1
10922 11613 3
11688 11615 5
11617 11616 1
11697 11617 4
11617 11618 5
10319 11618 1
10291 11618 1
11616 11618 1
10326 11618 1
11620 11619 5
11618 11619 5
10052 11620 1
11617 11620 8
9916 11620 2
11312 11621 2
11616 11621 1
10080 11621 1
11616 11622 1
11255 11622 1
11616 11623 1
11255 11623 1
11624 11625 4
10981 11626 1
10977 11627 1
11135 11628 7
10255 11628 1
10377 11628 1
10214 11628 1
10270 11628 1
11729 11628 1
11137 11629 7
11628 11629 7
10943 11630 3
11023 11633 1
11633 11634 1
11023 11634 1
11633 11635 1
11023 11635 1
11023 11636 1
11633 11636 1
11023 11637 1
11633 11637 1
11633 11638 1
11023 11638 1
11633 11639 1
11023 11639 1
11023 11640 1
11633 11640 1
11633 11641 1
11023 11641 1
11023 11642 1
11633 11642 1
11145 11643 1
10981 11644 1
11349 11645 1
11349 11646 4
11645 11646 1
10141 11646 1
10426 11646 1
10368 11646 1
11648 11647 1
10943 11648 3
10903 11649 4
10204 11649 1
10008 11649 1
11647 11649 1
10269 11650 2
11649 11650 4
10903 11650 6
11652 11651 1
10943 11652 3
11255 11652 1
11652 11653 1
11651 11653 1
11651 11654 1
11652 11654 1
11652 11655 1
11651 11655 1
11651 11656 1
11652 11656 1
11651 11657 1
11652 11657 1
11652 11658 1
11651 11658 1
11651 11659 1
11652 11659 1
10943 11661 3
9899 11662 1
10889 11662 4
10394 11662 1
10337 11662 1
11145 11663 1
10891 11664 1
10943 11665 3
10894 11666 1
11669 11668 1
11023 11669 4
10977 11670 1
11511 11671 1
11671 11672 1
11388 11672 2
9983 11672 1
11388 11673 3
9983 11673 1
10323 11673 1
11671 11673 1
11675 11674 1
10889 11675 4
10943 11676 3
11294 11676 4
10981 11678 1
10374 11679 1
10000 11679 1
10889 11679 4
11678 11679 1
10282 11680 1
10943 11680 3
10333 11681 1
10922 11681 2
11438 11682 3
11145 11683 1
11008 11684 1
11167 11686 3
11685 11686 3
11167 11687 3
11167 11688 3
11690 11689 3
11167 11689 3
10994 11691 4
10947 11692 1
11194 11693 3
11559 11694 1
9861 11695 1
11615 11695 3
10380 11695 1
11695 11696 3
10936 11696 3
11030 11697 1
11438 11699 3
11701 11700 1
11773 11701 4
11701 11702 2
10058 11702 1
11700 11702 1
10922 11703 2
11163 11704 3
11706 11705 4
11867 11706 1
10943 11707 3
10922 11708 2
10039 11708 1
11708 11709 2
11468 11709 2
11708 11710 2
10929 11710 2
11617 11711 1
10943 11711 3
10285 11712 1
11713 11712 2
10914 11714 2
11712 11714 2
10052 11715 1
11716 11715 2
11483 11717 1
11036 11718 1
10100 11719 1
10317 11719 1
10270 11719 1
10214 11719 1
11718 11719 1
11135 11719 5
10943 11720 3
11373 11720 1
11036 11720 1
11722 11721 2
10052 11721 1
11360 11724 3
10943 11725 3
11145 11726 1
11277 11727 1
10981 11728 1
11313 11729 1
11729 11730 1
11038 11730 3
11884 11730 1
10270 11731 1
11730 11731 3
11040 11731 5
9873 11731 1
9873 11732 1
11040 11732 4
11730 11732 3
9919 11733 1
11730 11733 3
11076 11733 8
10377 11733 1
10270 11733 1
10255 11733 1
10214 11733 1
10214 11734 1
10270 11734 1
10377 11734 1
9919 11734 1
11076 11734 8
11730 11734 3
10255 11734 1
11730 11735 3
9919 11735 1
11076 11735 4
11730 11736 3
11076 11736 8
10270 11736 1
10255 11736 1
10377 11736 1
10214 11736 1
9919 11736 1
10377 11737 1
10255 11737 1
10270 11737 1
10214 11737 1
9919 11737 1
11730 11737 3
11076 11737 8
11076 11738 4
11730 11738 3
9919 11738 1
10214 11739 1
10255 11739 1
9919 11739 1
11076 11739 8
11730 11739 3
10270 11739 1
10377 11739 1
9919 11740 1
10377 11740 1
10255 11740 1
11730 11740 3
10214 11740 1
11076 11740 8
10270 11740 1
11730 11741 3
9919 11741 1
11076 11741 4
11648 11742 1
11742 11743 1
10205 11743 1
10954 11743 4
9946 11743 1
10954 11744 4
11743 11744 4
11267 11747 1
10960 11748 1
11748 11749 1
11750 11749 1
10960 11750 1
11452 11751 1
11277 11752 3
9998 11752 1
11751 11752 1
11313 11753 1
11313 11754 1
11753 11754 1
11008 11755 1
11001 11756 1
11163 11757 3
10196 11758 1
11617 11758 2
11758 11759 2
11760 11759 2
11617 11760 2
11471 11761 1
11587 11762 1
11761 11762 1
11761 11763 1
11587 11763 1
11761 11764 1
11587 11764 1
11587 11765 1
11761 11765 1
11587 11766 1
11761 11766 1
11438 11767 3
11438 11768 3
10943 11769 3
10977 11770 1
10052 11771 1
11772 11771 2
11617 11773 1
11405 11774 1
10009 11775 1
11774 11775 1
11776 11775 2
11405 11776 3
10052 11776 1
11800 11776 2
11524 11777 1
11777 11778 1
11135 11778 2
11778 11779 2
11137 11779 2
11112 11780 1
11777 11780 1
11777 11781 1
11080 11781 1
11516 11782 5
9914 11782 1
11777 11782 1
9940 11782 1
11840 11782 1
11586 11783 5
11782 11783 5
11782 11784 5
11586 11784 5
11586 11785 5
11782 11785 5
11782 11786 5
11586 11786 5
11782 11787 5
11586 11787 5
11782 11788 5
11586 11788 5
11782 11789 5
11586 11789 5
11777 11790 1
9914 11790 1
11840 11790 1
11586 11790 3
9940 11791 1
11777 11791 1
11840 11791 1
11135 11791 4
11137 11792 4
11791 11792 4
11194 11794 3
11544 11795 1
10192 11796 1
10137 11796 1
11216 11796 3
11798 11797 3
11796 11797 3
10894 11798 1
11216 11798 3
11361 11798 1
11030 11801 1
11801 11802 1
11030 11802 1
10232 11803 1
10889 11803 2
11746 11805 1
11163 11806 3
10052 11807 1
11808 11807 2
10291 11809 1
10929 11809 2
11255 11810 2
11809 11810 2
11405 11811 1
11776 11812 1
11811 11812 1
10214 11814 1
9914 11814 1
11840 11814 1
11135 11814 4
11814 11815 4
11137 11815 4
11170 11816 1
11170 11817 2
11816 11817 1
11153 11818 1
10958 11819 1
11665 11821 1
11821 11822 1
11823 11822 1
10943 11823 3
11665 11823 1
11823 11824 1
11821 11824 1
11821 11825 1
11823 11825 1
11821 11826 1
11823 11826 1
11170 11827 1
11170 11828 1
10252 11830 1
11830 11831 4
11610 11832 1
11834 11833 4
11398 11835 1
10943 11836 3
10943 11837 3
11398 11837 1
11524 11840 1
11648 11841 1
11447 11842 1
11008 11843 1
10343 11844 1
11845 11844 2
11617 11848 2
10196 11848 1
11848 11849 2
10977 11849 2
11848 11850 2
11851 11850 2
11617 11851 2
11848 11852 2
11851 11852 2
11452 11853 1
11277 11854 2
11853 11854 1
11237 11855 1
11290 11856 1
11855 11856 1
11858 11857 4
11410 11859 1
10888 11860 1
9866 11861 1
11860 11861 1
10180 11861 1
10202 11861 1
9899 11861 1
10889 11861 6
10907 11862 2
10297 11862 1
11813 11864 1
10078 11865 1
10460 11865 1
11864 11865 1
9917 11865 1
10929 11865 6
9913 11865 1
10164 11865 1
11867 11866 1
10003 11867 1
11866 11868 1
11706 11868 1
10314 11869 1
10142 11869 1
11866 11869 1
11221 11869 3
11313 11870 1
11872 11871 1
11483 11873 1
10991 11874 4
11215 11875 1
11878 11877 3
11170 11879 1
10891 11880 1
11312 11881 1
11697 11881 1
10901 11883 1
11313 11884 1
11467 11885 1
11261 11886 1
10994 11887 4
11483 11888 1
10943 11888 3
11410 11889 1
11349 11890 1
11370 11891 1
11410 11892 1
10995 11893 1
10995 11894 2
11893 11894 1
11468 11895 1
11893 11895 1
11464 11896 1
11893 11896 1
10914 11897 1
11893 11897 1
11688 11898 1
11615 11899 2
11898 11899 1
11901 11900 1
10891 11902 1
10894 11903 1
11878 11904 3
11906 11905 1
9994 11906 4
11906 11907 2
11905 11907 1
10918 11908 2
11907 11908 2
