1229 1228 2
1252 1228 1
1898 1228 1
1245 1229 1
1692 1229 2
1248 1229 1
1700 1230 2
1235 1230 1
1237 1230 1
1249 1231 1
1700 1231 2
1230 1232 2
1231 1232 2
1231 1233 2
1236 1233 1
1230 1233 3
1235 1234 4
1693 1235 5
1237 1236 1
1236 1238 1
1700 1238 2
1250 1238 1
1237 1239 1
1236 1239 1
1236 1240 1
1700 1240 1
1250 1241 1
1230 1241 2
1236 1241 1
1236 1242 1
1243 1242 1
1237 1243 1
1251 1245 1
1246 1245 2
1693 1245 3
1247 1248 3
1230 1248 1
1690 1249 1
1235 1250 1
1248 1252 1
1252 1253 1
1690 1253 1
1252 1254 1
1229 1254 1
1245 1255 1
1257 1256 1
1229 1256 2
1255 1256 1
1692 1257 1
1248 1690 1
1693 1692 3
1693 1694 3
1696 1695 3
1696 1697 3
1690 1698 2
1252 1698 1
1249 1699 1
1250 1699 1
1236 1699 1
1698 1699 2
1700 1699 5
1237 1700 1
1690 1700 3
1235 1700 1
1698 1701 2
1700 1701 2
1698 1896 2
1700 1896 2
1693 1897 3
1692 1898 1
