14861 12727 1
14861 12728 1
14861 12729 1
12731 12730 1
14861 12732 1
14792 14791 1
14867 14792 14
14791 14793 1
14792 14793 1
14795 14794 1
14861 14796 1
15184 14797 1
15186 14797 4
15273 14797 1
14841 14797 2
14861 14799 1
14861 14800 1
14861 14801 1
14803 14802 1
14861 14804 1
14861 14805 1
14861 14807 1
14861 14808 1
14792 14809 1
14809 14810 1
14792 14810 1
14792 14811 5
14813 14812 1
14815 14814 1
14817 14816 1
14861 14818 1
14798 14820 1
14861 14821 1
14861 14822 1
14861 14823 1
14823 14824 1
14852 14824 1
14823 14825 1
14852 14825 1
14827 14826 1
14830 14829 1
15428 14831 1
14832 14831 2
14829 14831 1
14830 14832 1
15273 14832 1
14861 14833 1
14835 14834 1
14792 14836 1
14861 14837 3
15485 14837 1
15220 14837 1
14852 14838 4
15251 14838 1
14837 14838 3
14861 14839 1
15428 14840 1
14841 14840 2
15157 14841 1
15278 14841 1
15280 14841 1
15279 14841 1
15273 14841 3
15284 14841 1
15283 14841 1
15162 14841 1
15281 14841 1
15282 14841 1
14797 14842 6
15185 14842 4
14840 14842 2
15428 14842 1
14797 14843 3
15206 14843 1
14840 14843 2
15428 14844 1
14797 14844 6
14840 14844 2
15185 14844 4
15206 14845 1
14840 14845 2
14797 14845 3
14840 14846 2
15428 14846 1
14797 14846 6
15185 14846 4
15206 14847 1
14797 14847 3
14840 14847 2
14840 14848 2
15185 14848 4
14797 14848 6
15428 14848 1
14840 14849 2
14797 14849 3
15206 14849 1
15428 14850 1
14840 14850 2
15185 14850 4
14797 14850 6
15586 14851 1
14852 14851 3
15343 14851 1
12731 14852 1
14835 14852 1
14815 14852 1
15336 14852 1
15349 14852 1
15246 14852 1
15264 14852 1
15237 14852 1
14859 14852 1
15259 14852 1
14828 14852 1
15397 14852 1
15321 14852 1
15366 14852 1
14798 14852 1
15344 14852 1
15416 14852 1
15500 14852 1
15504 14852 1
15541 14852 1
15229 14852 1
15244 14852 1
15290 14852 1
15327 14852 1
14792 14852 5
15269 14852 1
14817 14852 1
14819 14852 1
15188 14852 1
14861 14852 245
15296 14852 1
15410 14852 1
15187 14852 1
15190 14852 1
15317 14852 1
15212 14852 1
14795 14852 1
15150 14852 1
15223 14852 1
15371 14852 1
15351 14852 1
15401 14852 1
15155 14852 1
15302 14852 1
15373 14852 1
15288 14852 1
15534 14852 1
15267 14852 1
15171 14852 1
15367 14852 1
14806 14852 1
14803 14852 1
14827 14852 1
15338 14852 1
15314 14852 1
15234 14852 1
14813 14852 1
15219 14852 1
15180 14852 1
15536 14852 1
15258 14852 1
15167 14852 1
15265 14852 1
15514 14852 1
14868 14852 13
14852 14853 300
15152 14853 1
15545 14853 1
15396 14853 1
15341 14853 1
15572 14853 1
15421 14853 1
15406 14853 1
15292 14853 1
15588 14853 1
14826 14853 1
15400 14853 1
15222 14853 1
15380 14853 1
15525 14853 1
15579 14853 1
15215 14853 1
15481 14853 1
15558 14853 1
15368 14853 1
15386 14853 1
15181 14853 1
15382 14853 1
15257 14853 1
15554 14853 1
15174 14853 1
15582 14853 1
15524 14853 1
15374 14853 1
15360 14853 1
15236 14853 1
15285 14853 1
15487 14853 1
15375 14853 1
15482 14853 1
15548 14853 1
15496 14853 1
15571 14853 1
15198 14853 1
15596 14853 1
15560 14853 1
15204 14853 1
15305 14853 1
15418 14853 1
15201 14853 1
15248 14853 1
15553 14853 1
15354 14853 1
15423 14853 1
15562 14853 1
15289 14853 1
15372 14853 1
15546 14853 1
15521 14853 1
15346 14853 1
15505 14853 1
12727 14853 1
15526 14853 1
15552 14853 1
15587 14853 1
15239 14853 1
15232 14853 1
15601 14853 1
15594 14853 1
15533 14853 1
15300 14853 1
15227 14853 1
15334 14853 1
15399 14853 1
15507 14853 1
15370 14853 1
15202 14853 1
12730 14853 1
15364 14853 1
15425 14853 1
15170 14853 1
15298 14853 1
15542 14853 1
15332 14853 1
15591 14853 1
15538 14853 1
15293 14853 1
14860 14853 1
15316 14853 1
15570 14853 1
15323 14853 1
15379 14853 1
15176 14853 1
15271 14853 1
15362 14853 1
15191 14853 1
14791 14853 1
15403 14853 1
15340 14853 1
15415 14853 1
12732 14853 1
14822 14853 1
15256 14853 1
15266 14853 1
15387 14853 1
15228 14853 1
15599 14853 1
15345 14853 1
15493 14853 1
15549 14853 1
15262 14853 1
15352 14853 1
15530 14853 1
15199 14853 1
15230 14853 1
15419 14853 1
15422 14853 1
15294 14853 1
15424 14853 1
15515 14853 1
15224 14853 1
15519 14853 1
15494 14853 1
15287 14853 1
15408 14853 1
15527 14853 1
15369 14853 1
15238 14853 1
14836 14853 1
15337 14853 1
15486 14853 1
15178 14853 1
15268 14853 1
15578 14853 1
15197 14853 1
15520 14853 1
15575 14853 1
15529 14853 1
15513 14853 1
15182 14853 1
15556 14853 1
15512 14853 1
15528 14853 1
15394 14853 1
15270 14853 1
15225 14853 1
15404 14853 1
15501 14853 1
15381 14853 1
14805 14853 1
14812 14853 1
15324 14853 1
15322 14853 1
15295 14853 1
14808 14853 1
15537 14853 1
15395 14853 1
14802 14853 1
15568 14853 1
15179 14853 1
15589 14853 1
15409 14853 1
15247 14853 1
15385 14853 1
15576 14853 1
15189 14853 1
15213 14853 1
15173 14853 1
14809 14853 1
15260 14853 1
15325 14853 1
15231 14853 1
15328 14853 1
15584 14853 1
15263 14853 1
15555 14853 1
15593 14853 1
15326 14853 1
15196 14853 1
15226 14853 1
15417 14853 1
15217 14853 1
15250 14853 1
15547 14853 1
15315 14853 1
15376 14853 1
15535 14853 1
15365 14853 1
15390 14853 1
15235 14853 1
15508 14853 1
14821 14853 1
14851 14853 1
14816 14853 1
15598 14853 1
15540 14853 1
14796 14853 1
15577 14853 1
15539 14853 1
15297 14853 1
15407 14853 1
15200 14853 1
15550 14853 1
15426 14853 1
15149 14853 1
15561 14853 1
15398 14853 1
15358 14853 1
15569 14853 1
15592 14853 1
15585 14853 1
15391 14853 1
15581 14853 1
14800 14853 1
15490 14853 1
15567 14853 1
15384 14853 1
15153 14853 1
15522 14853 1
15544 14853 1
15151 14853 1
15216 14853 1
15277 14853 1
15304 14853 1
12729 14853 1
15166 14853 1
15311 14853 1
15595 14853 1
15563 14853 1
15353 14853 1
15306 14853 1
15492 14853 1
15350 14853 1
14858 14853 1
15158 14853 1
15580 14853 1
15214 14853 1
15509 14853 1
15427 14853 1
14820 14853 1
14807 14853 1
15543 14853 1
15491 14853 1
15218 14853 1
15347 14853 1
15551 14853 1
15510 14853 1
15392 14853 1
15393 14853 1
15557 14853 1
15233 14853 1
15383 14853 1
15307 14853 1
15320 14853 1
15597 14853 1
15168 14853 1
15405 14853 1
15359 14853 1
15261 14853 1
15342 14853 1
15583 14853 1
15363 14853 1
15506 14853 1
15388 14853 1
14794 14853 1
15573 14853 1
15203 14853 1
15516 14853 1
15574 14853 1
15169 14853 1
15276 14853 1
15499 14853 1
15245 14853 1
15299 14853 1
15154 14853 1
14804 14853 1
15303 14853 1
15600 14853 1
15498 14853 1
15195 14853 1
15156 14853 1
15348 14853 1
15523 14853 1
14833 14853 1
15484 14853 1
15489 14853 1
14839 14853 1
15497 14853 1
15313 14853 1
14834 14853 1
14799 14853 1
12728 14853 1
15389 14853 1
15339 14853 1
15335 14853 1
15175 14853 1
14818 14853 1
15177 14853 1
15532 14853 1
15310 14853 1
14801 14853 1
15511 14853 1
14814 14853 1
15483 14853 1
15531 14853 1
15249 14854 1
14853 14854 300
14852 14854 301
14851 14855 1
14856 14855 1
14852 14856 1
14851 14857 1
14856 14857 1
14859 14858 1
14861 14860 1
14852 14862 234
15539 14862 1
15238 14862 1
15358 14862 1
15316 14862 1
15516 14862 1
15227 14862 1
15353 14862 1
15570 14862 1
15594 14862 1
15597 14862 1
15293 14862 1
15390 14862 1
15572 14862 1
15354 14862 1
15599 14862 1
15202 14862 1
14800 14862 1
15419 14862 1
15342 14862 1
15323 14862 1
15266 14862 1
15403 14862 1
15364 14862 1
12727 14862 1
15520 14862 1
15528 14862 1
15395 14862 1
15549 14862 1
15177 14862 1
15537 14862 1
15245 14862 1
15578 14862 1
15201 14862 1
15507 14862 1
15545 14862 1
15379 14862 1
15375 14862 1
15573 14862 1
15182 14862 1
15577 14862 1
15423 14862 1
15156 14862 1
15153 14862 1
15360 14862 1
15173 14862 1
15543 14862 1
15325 14862 1
15569 14862 1
15524 14862 1
15510 14862 1
15581 14862 1
15174 14862 1
15392 14862 1
15533 14862 1
15215 14862 1
12732 14862 1
15567 14862 1
15248 14862 1
15226 14862 1
15587 14862 1
15225 14862 1
15494 14862 1
15487 14862 1
15334 14862 1
15562 14862 1
15299 14862 1
15260 14862 1
15526 14862 1
15498 14862 1
15359 14862 1
14807 14862 1
15324 14862 1
15217 14862 1
15387 14862 1
15292 14862 1
15492 14862 1
15535 14862 1
15369 14862 1
12728 14862 1
15489 14862 1
15418 14862 1
15501 14862 1
15189 14862 1
15178 14862 1
15406 14862 1
15580 14862 1
15294 14862 1
15276 14862 1
15200 14862 1
15247 14862 1
15593 14862 1
15345 14862 1
15388 14862 1
15313 14862 1
15203 14862 1
15409 14862 1
15509 14862 1
15343 14862 1
15563 14862 1
15491 14862 1
15422 14862 1
15231 14862 1
15591 14862 1
15554 14862 1
15407 14862 1
15394 14862 1
15306 14862 1
15555 14862 1
15340 14862 1
15427 14862 1
14796 14862 1
15339 14862 1
15262 14862 1
15250 14862 1
15588 14862 1
15574 14862 1
15232 14862 1
15515 14862 1
15568 14862 1
14805 14862 1
15493 14862 1
15197 14862 1
15277 14862 1
15561 14862 1
14804 14862 1
15481 14862 1
15523 14862 1
15484 14862 1
15213 14862 1
15426 14862 1
15380 14862 1
15218 14862 1
15547 14862 1
15486 14862 1
15214 14862 1
15303 14862 1
15195 14862 1
15332 14862 1
15176 14862 1
15579 14862 1
15370 14862 1
14822 14862 1
15374 14862 1
15191 14862 1
15550 14862 1
15424 14862 1
15386 14862 1
15527 14862 1
15363 14862 1
15222 14862 1
15196 14862 1
15405 14862 1
15297 14862 1
15393 14862 1
15381 14862 1
15553 14862 1
15382 14862 1
15530 14862 1
15584 14862 1
15224 14862 1
15198 14862 1
15548 14862 1
15216 14862 1
15328 14862 1
14839 14862 1
15552 14862 1
15376 14862 1
15583 14862 1
15497 14862 1
15592 14862 1
14821 14862 1
15400 14862 1
15304 14862 1
15235 14862 1
15499 14862 1
15347 14862 1
15298 14862 1
15310 14862 1
15576 14862 1
15529 14862 1
15425 14862 1
15511 14862 1
15166 14862 1
15199 14862 1
15558 14862 1
14860 14862 1
15270 14862 1
15362 14862 1
15542 14862 1
15532 14862 1
15598 14862 1
15305 14862 1
14801 14862 1
15544 14862 1
15307 14862 1
15521 14862 1
15384 14862 1
15417 14862 1
14833 14862 1
15346 14862 1
15322 14862 1
15151 14862 1
15525 14862 1
15560 14862 1
15311 14862 1
15585 14862 1
15385 14862 1
15483 14862 1
15154 14862 1
15285 14862 1
12729 14862 1
15295 14862 1
15158 14862 1
15271 14862 1
14808 14862 1
15596 14862 1
15152 14862 1
15168 14862 1
14818 14862 1
15181 14862 1
15519 14862 1
15256 14862 1
15383 14862 1
15586 14862 1
15175 14862 1
15508 14862 1
15261 14862 1
15315 14862 1
15368 14862 1
14799 14862 1
15350 14862 1
15404 14862 1
15210 14862 1
15522 14862 1
14852 14863 242
15494 14863 1
15484 14863 1
15347 14863 1
15425 14863 1
15547 14863 1
15358 14863 1
15524 14863 1
15381 14863 1
15380 14863 1
15178 14863 1
14791 14863 1
15176 14863 1
15501 14863 1
15426 14863 1
15585 14863 1
15417 14863 1
15189 14863 1
15486 14863 1
15508 14863 1
15525 14863 1
15539 14863 1
15550 14863 1
15342 14863 1
15549 14863 1
15271 14863 1
14796 14863 1
15331 14863 4
15270 14863 1
15569 14863 1
15292 14863 1
15382 14863 1
15256 14863 1
14839 14863 1
15323 14863 1
15519 14863 1
14804 14863 1
15168 14863 1
15306 14863 1
15304 14863 1
15354 14863 1
15497 14863 1
15592 14863 1
15532 14863 1
15191 14863 1
14799 14863 1
15214 14863 1
15151 14863 1
15562 14863 1
15158 14863 1
15215 14863 1
15570 14863 1
15198 14863 1
15299 14863 1
15577 14863 1
15523 14863 1
14801 14863 1
15325 14863 1
15195 14863 1
15533 14863 1
15285 14863 1
15375 14863 1
15153 14863 1
15353 14863 1
15489 14863 1
15588 14863 1
15511 14863 1
15247 14863 1
15521 14863 1
15394 14863 1
15343 14863 1
15587 14863 1
15181 14863 1
15558 14863 1
15196 14863 1
15175 14863 1
15529 14863 1
15379 14863 1
15328 14863 1
15360 14863 1
15422 14863 1
15307 14863 1
15406 14863 1
15427 14863 1
14860 14863 1
15526 14863 1
15197 14863 1
15499 14863 1
15572 14863 1
15156 14863 1
15522 14863 1
15262 14863 1
15226 14863 1
15507 14863 1
15573 14863 1
15530 14863 1
15201 14863 1
15277 14863 1
15568 14863 1
15245 14863 1
15261 14863 1
15583 14863 1
15305 14863 1
15574 14863 1
15250 14863 1
15294 14863 1
15310 14863 1
14822 14863 1
15235 14863 1
14808 14863 1
15266 14863 1
15576 14863 1
15224 14863 1
15581 14863 1
15578 14863 1
15315 14863 1
15154 14863 1
15298 14863 1
15491 14863 1
15295 14863 1
15345 14863 1
15492 14863 1
15537 14863 1
15177 14863 1
14833 14863 1
15276 14863 1
14807 14863 1
15225 14863 1
15260 14863 1
14800 14863 1
15498 14863 1
15199 14863 1
15311 14863 1
15182 14863 1
15599 14863 1
12732 14863 1
15374 14863 1
15248 14863 1
15332 14863 1
15386 14863 1
15322 14863 1
15407 14863 1
15384 14863 1
15516 14863 1
15173 14863 1
15509 14863 1
15493 14863 1
14805 14863 1
15222 14863 1
15561 14863 1
15548 14863 1
15527 14863 1
15392 14863 1
15560 14863 1
15166 14863 1
15303 14863 1
12727 14863 1
15363 14863 1
15580 14863 1
15232 14863 1
15543 14863 1
15376 14863 1
15359 14863 1
15313 14863 1
15481 14863 1
15218 14863 1
15598 14863 1
15227 14863 1
15403 14863 1
15385 14863 1
15388 14863 1
15390 14863 1
15418 14863 1
15346 14863 1
15515 14863 1
14818 14863 1
15368 14863 1
15535 14863 1
15220 14863 1
15339 14863 1
15544 14863 1
15369 14863 1
15404 14863 1
15393 14863 1
15174 14863 1
15567 14863 1
15424 14863 1
15400 14863 1
14809 14863 1
15563 14863 1
15423 14863 1
15324 14863 1
15596 14863 1
15362 14863 1
15204 14863 1
15552 14863 1
15419 14863 1
12729 14863 1
14821 14863 1
15554 14863 1
15387 14863 1
15483 14863 1
15340 14863 1
15202 14863 1
15405 14863 1
15409 14863 1
15238 14863 1
15395 14863 1
15350 14863 1
12728 14863 1
15213 14863 1
15487 14863 1
15584 14863 1
15593 14863 1
15370 14863 1
15597 14863 1
15553 14863 1
15152 14863 1
15203 14863 1
15297 14863 1
15231 14863 1
15520 14863 1
15594 14863 1
15334 14863 1
15200 14863 1
15383 14863 1
15542 14863 1
15510 14863 1
15591 14863 1
15293 14863 1
15555 14863 1
15579 14863 1
15586 14863 1
15364 14863 1
15217 14863 1
15216 14863 1
15528 14863 1
15316 14863 1
15545 14863 1
15330 14864 1
15485 14864 1
14852 14864 245
15221 14864 5
15220 14864 1
14863 14864 242
15420 14864 1
14866 14865 3
12726 14867 7
14852 14867 7
14797 15148 3
14840 15148 2
15206 15148 1
15150 15149 1
14861 15151 1
14861 15152 1
14861 15153 1
14861 15154 1
14861 15156 1
15273 15157 1
14861 15158 1
15428 15159 1
15160 15159 3
15414 15159 1
14841 15160 1
15273 15160 1
15159 15161 3
15428 15161 1
15319 15161 2
15333 15161 2
15162 15161 5
15273 15162 1
15160 15162 5
15162 15163 5
15333 15163 2
15159 15163 3
15319 15163 2
15159 15164 3
15333 15164 2
15428 15164 1
15319 15164 2
15162 15164 5
15162 15165 5
15333 15165 2
15159 15165 3
15319 15165 2
14861 15166 1
14861 15168 1
14806 15169 1
15171 15170 1
14852 15172 5
12726 15172 1
14861 15173 1
14861 15174 1
14861 15175 1
14861 15176 1
14861 15177 1
14861 15178 1
15180 15179 1
14861 15181 1
14861 15182 1
15184 15183 1
15329 15185 1
15206 15185 1
15183 15185 1
15186 15185 4
15184 15186 3
14861 15189 1
14861 15191 1
14830 15192 1
15192 15193 1
15428 15193 1
15194 15193 2
14830 15194 1
15273 15194 1
14861 15195 1
14861 15196 1
14861 15197 1
14861 15198 1
14861 15199 1
14861 15200 1
14861 15201 1
14861 15202 1
14861 15203 1
14792 15204 1
15204 15205 1
14792 15205 1
15184 15206 1
15186 15207 1
15206 15207 1
15206 15208 1
15186 15208 1
15186 15209 1
15206 15209 1
14861 15210 1
15485 15211 1
15210 15211 1
14852 15211 2
14861 15213 1
14861 15214 1
14861 15215 1
14861 15216 1
14861 15217 1
14861 15218 1
14861 15220 1
15402 15221 3
15220 15221 1
14852 15221 5
14861 15222 1
14861 15224 1
14861 15225 1
14861 15226 1
14861 15227 1
15229 15228 1
15188 15230 1
14861 15231 1
14861 15232 1
15234 15233 1
14861 15235 1
15237 15236 1
14861 15238 1
15155 15239 1
15241 15240 1
15438 15242 2
15240 15242 1
15488 15242 1
15428 15242 1
15243 15242 4
15241 15243 2
14841 15243 2
15273 15243 1
14861 15245 1
14861 15247 1
14861 15248 1
14861 15249 1
14861 15250 1
14861 15251 1
14830 15252 1
15428 15253 1
15252 15253 1
15254 15253 2
14830 15254 1
15273 15254 1
14792 15255 5
14861 15256 1
15258 15257 1
14861 15260 1
14861 15261 1
14861 15262 1
15264 15263 1
14861 15266 1
15265 15268 1
14861 15270 1
14861 15271 1
15273 15272 1
15272 15274 1
15428 15274 1
14841 15274 2
14841 15275 1
15272 15275 1
14861 15276 1
14861 15277 1
15273 15281 1
14861 15285 1
15288 15287 1
15290 15289 1
15273 15291 1
14830 15291 1
14861 15292 1
14861 15293 1
14861 15294 1
14861 15295 1
14861 15297 1
14861 15298 1
14861 15299 1
15167 15300 1
14861 15303 1
14861 15304 1
14861 15305 1
14861 15306 1
14861 15307 1
15273 15308 1
14841 15309 2
15428 15309 1
15308 15309 1
14861 15310 1
14861 15311 1
14792 15312 5
14861 15313 1
14861 15315 1
14861 15316 1
14792 15318 5
15428 15319 1
15160 15319 2
15321 15320 1
14861 15322 1
14861 15323 1
14861 15324 1
14861 15325 1
15327 15326 1
14861 15328 1
15184 15329 1
14861 15330 1
15420 15331 1
14852 15331 4
15517 15331 1
15330 15331 1
14861 15332 1
15160 15333 2
15428 15333 1
14861 15334 1
15336 15335 1
15338 15337 1
14861 15339 1
14861 15340 1
15269 15341 1
14861 15342 1
14861 15343 1
14861 15345 1
14861 15346 1
14861 15347 1
15349 15348 1
14861 15350 1
15296 15352 1
14861 15353 1
14861 15354 1
14830 15355 1
15355 15356 1
15428 15356 1
15357 15356 2
15273 15357 1
14830 15357 1
14861 15358 1
14861 15359 1
14861 15360 1
15273 15361 1
14830 15361 1
14861 15362 1
14861 15363 1
14861 15364 1
15344 15365 1
14861 15368 1
14861 15369 1
14861 15370 1
15373 15372 1
14861 15374 1
14861 15375 1
14861 15376 1
14830 15377 1
15428 15378 1
15291 15378 2
15377 15378 1
14861 15379 1
14861 15380 1
14861 15381 1
14861 15382 1
14861 15383 1
14861 15384 1
14861 15385 1
14861 15386 1
14861 15387 1
14861 15388 1
15244 15389 1
14861 15390 1
15259 15391 1
14861 15392 1
14861 15393 1
14861 15394 1
14861 15395 1
15397 15396 1
15267 15398 1
15190 15399 1
14861 15400 1
15420 15402 1
14852 15402 3
15517 15402 1
14861 15403 1
14861 15404 1
14861 15405 1
14861 15406 1
14861 15407 1
15219 15408 1
14861 15409 1
14861 15411 1
15411 15412 1
14852 15412 1
14852 15413 2
15411 15413 1
15485 15413 1
14841 15414 1
15416 15415 1
14861 15417 1
14861 15418 1
14861 15419 1
14861 15420 1
15410 15421 1
14861 15422 1
14861 15423 1
14861 15424 1
14861 15425 1
14861 15426 1
14861 15427 1
15273 15428 1
14841 15429 1
15428 15429 1
15160 15430 1
15428 15430 1
15160 15431 1
15428 15431 1
15428 15432 1
15160 15432 1
15428 15433 1
15160 15433 1
15160 15434 1
15428 15434 1
14841 15435 1
15428 15435 1
15428 15436 1
15160 15436 1
15243 15437 2
15428 15437 1
15438 15437 2
14841 15438 2
15428 15438 1
15438 15439 2
15243 15439 2
15438 15440 2
15488 15440 1
15243 15440 3
15428 15441 1
14841 15441 1
14841 15442 1
15428 15442 1
14841 15443 1
15428 15443 1
14841 15444 1
15428 15444 1
14841 15445 1
15428 15445 1
14841 15446 1
15428 15446 1
15428 15447 1
14841 15447 1
14841 15448 1
15428 15448 1
15428 15449 1
15559 15449 1
15450 15449 2
15273 15450 1
14830 15450 1
15450 15451 1
15428 15451 1
15428 15452 1
15281 15452 1
15428 15453 1
15454 15453 1
15273 15454 1
15281 15455 1
15428 15455 1
15428 15456 1
15281 15456 1
15428 15457 1
15357 15457 1
15428 15458 1
15357 15458 1
15428 15459 1
15281 15459 1
15361 15460 2
15428 15460 1
15590 15460 1
15428 15461 1
15361 15461 1
15361 15462 1
15428 15462 1
15428 15463 1
15281 15463 1
14841 15464 1
15428 15464 1
15254 15465 1
15428 15465 1
15157 15466 1
15428 15466 1
15194 15467 1
15428 15467 1
15157 15468 1
15428 15468 1
15428 15469 1
15291 15469 1
15291 15470 1
15428 15470 1
15428 15471 1
15291 15471 1
15428 15472 1
15157 15472 1
14832 15473 1
15428 15473 1
15428 15474 1
14832 15474 1
14832 15475 1
15428 15475 1
14832 15476 1
15428 15476 1
14832 15477 1
15428 15477 1
15157 15478 1
15428 15478 1
15428 15479 1
14841 15479 1
14841 15480 1
15428 15480 1
14861 15481 1
15246 15482 1
14861 15483 1
14861 15484 1
14861 15485 1
14861 15486 1
14861 15487 1
15241 15488 1
14861 15489 1
15223 15490 1
14861 15491 1
14861 15492 1
14861 15493 1
14861 15494 1
14792 15495 5
15187 15496 1
14861 15497 1
14861 15498 1
14861 15499 1
14861 15501 1
14852 15502 3
14852 15503 3
15502 15503 3
14828 15505 1
15366 15506 1
14861 15507 1
14861 15508 1
14861 15509 1
14861 15510 1
14861 15511 1
15351 15512 1
15317 15513 1
14861 15515 1
14861 15516 1
14861 15517 1
15517 15518 1
14852 15518 1
14861 15519 1
14861 15520 1
14861 15521 1
14861 15522 1
14861 15523 1
14861 15524 1
14861 15525 1
14861 15526 1
14861 15527 1
14861 15528 1
14861 15529 1
14861 15530 1
14819 15531 1
14861 15532 1
14861 15533 1
14861 15535 1
14861 15537 1
15314 15538 1
14861 15539 1
15541 15540 1
14861 15542 1
14861 15543 1
14861 15544 1
14861 15545 1
15212 15546 1
14861 15547 1
14861 15548 1
14861 15549 1
14861 15550 1
14792 15551 1
14861 15552 1
14861 15553 1
14861 15554 1
14861 15555 1
15371 15556 1
15504 15557 1
14861 15558 1
14830 15559 1
14861 15560 1
14861 15561 1
14861 15562 1
14861 15563 1
14861 15564 1
14852 15565 1
15564 15565 1
14852 15566 1
15564 15566 1
14861 15567 1
14861 15568 1
14861 15569 1
14861 15570 1
15534 15571 1
14861 15572 1
14861 15573 1
14861 15574 1
15514 15575 1
14861 15576 1
14861 15577 1
14861 15578 1
14861 15579 1
14861 15580 1
14861 15581 1
15302 15582 1
14861 15583 1
14861 15584 1
14861 15585 1
14861 15586 1
14861 15587 1
14861 15588 1
15367 15589 1
14830 15590 1
14861 15591 1
14861 15592 1
14861 15593 1
14861 15594 1
15401 15595 1
14861 15596 1
14861 15597 1
14861 15598 1
14861 15599 1
15500 15600 1
15536 15601 1
