112 111 3
117 111 1
115 114 7
136 115 3
117 116 5
114 116 5
123 117 4
115 117 5
114 118 5
117 118 5
114 119 4
117 119 4
121 120 3
148 120 1
114 120 2
127 121 1
115 121 2
123 121 1
123 122 1
114 122 1
126 123 7
115 123 7
114 124 7
123 124 7
115 127 2
123 127 4
123 128 1
128 129 1
130 129 1
123 130 1
130 131 1
128 131 1
123 132 3
114 132 3
123 133 1
114 133 1
127 134 2
114 134 2
114 135 2
123 135 2
117 139 1
139 140 1
111 140 1
123 141 1
141 142 1
123 142 1
123 143 1
123 144 1
143 144 1
123 145 1
143 145 1
143 146 1
121 146 1
123 147 2
114 147 2
127 148 1
121 149 1
148 149 1
114 150 1
117 150 1
114 151 1
123 151 1
123 152 1
114 152 1
