10483 10482 1
10482 10484 1
10483 10484 2
10487 10486 2
10485 10486 5
10486 10487 4
10509 10488 1
10484 10488 1
10483 10488 2
10486 10489 1
10486 10490 1
10489 10490 1
10489 10491 1
10486 10491 1
10493 10492 1
10489 10492 1
10486 10493 1
10501 10493 3
10489 10494 1
10486 10494 1
10489 10495 1
10496 10495 1
10486 10496 1
10493 10497 1
10487 10498 1
10498 10499 1
10486 10499 1
10498 10500 1
10486 10500 1
10503 10502 3
10493 10505 1
10505 10506 1
10497 10506 1
10487 10507 1
10507 10508 1
10486 10508 1
10483 10509 1
