4419 3072 2
4372 3072 2
4395 3072 2
4302 3072 2
3355 3072 14
5322 3072 2
5521 3072 2
3359 3072 2
3074 3073 1
3357 3073 1
4034 3074 1
3358 3074 1
4047 3074 1
3346 3074 1
4037 3074 1
4087 3074 1
3076 3074 1
4046 3074 1
5595 3075 1
3076 3075 2
3346 3076 1
3169 3076 3
3167 3076 3
3438 3076 2
4405 3077 2
4508 3077 1
3355 3077 12
3075 3077 2
4797 3077 2
5501 3077 1
5673 3077 1
5647 3077 1
4328 3077 2
3079 3078 1
3167 3079 3
4057 3079 4
3281 3079 1
3407 3079 3
4310 3080 2
4670 3080 1
4277 3080 2
5314 3080 2
5817 3080 2
3081 3080 30
4085 3080 1
5822 3080 1
3745 3080 2
5357 3080 2
4758 3080 2
4973 3080 2
4486 3080 2
4149 3080 2
3538 3080 2
3078 3080 1
4439 3080 2
3993 3080 2
3079 3081 9
3534 3081 9
3314 3081 8
3971 3081 7
3744 3081 7
3376 3081 4
3161 3081 11
3336 3081 9
3142 3081 8
4050 3081 6
3638 3081 8
3324 3081 8
3720 3081 2
3690 3081 9
3232 3081 9
3573 3081 5
4049 3081 2
3682 3081 7
3166 3081 7
3203 3081 5
3611 3081 7
3196 3081 9
3428 3081 6
3083 3082 3
3085 3084 1
4081 3085 3
3087 3086 1
3084 3086 1
3085 3087 1
3089 3088 1
4702 3089 1
3169 3089 3
3081 3089 4
3400 3089 3
4054 3089 4
4703 3089 1
3479 3089 4
3290 3089 3
3480 3089 1
3401 3089 4
4064 3089 4
5666 3090 2
3088 3090 1
3091 3090 6
4568 3090 1
4009 3090 1
4885 3090 1
4037 3091 1
4042 3091 1
4045 3091 3
3327 3091 1
4460 3091 1
3089 3091 1
3100 3091 3
3780 3091 1
3487 3091 1
3435 3091 1
3091 3092 4
3088 3092 1
5666 3092 2
4568 3092 1
3088 3093 1
4568 3093 1
4025 3093 3
4863 3093 1
3094 3093 7
4023 3093 3
4108 3094 2
3207 3094 3
3091 3094 8
3780 3094 1
3206 3094 3
3089 3094 1
4019 3094 1
3462 3094 4
5086 3094 1
4045 3094 3
4013 3094 4
3435 3094 1
4100 3094 4
3088 3095 1
4568 3095 1
5171 3095 2
3091 3095 5
5345 3096 3
4578 3096 2
3326 3096 4
4576 3096 2
4570 3096 1
5304 3096 3
4851 3096 1
3097 3096 20
3095 3096 5
5791 3096 1
4455 3096 2
5666 3096 2
3189 3097 3
4045 3097 1
3100 3097 3
3327 3097 4
3091 3097 12
3099 3098 23
4863 3098 1
4585 3098 2
4342 3098 4
4570 3098 1
4851 3098 1
5479 3098 2
4568 3098 1
5478 3098 1
5171 3098 2
3088 3098 1
3446 3098 1
3816 3098 4
4099 3098 4
5154 3098 1
4545 3098 1
5682 3098 1
4100 3099 9
3163 3099 3
4567 3099 1
4807 3099 1
3089 3099 3
4565 3099 1
3462 3099 2
4108 3099 2
3327 3099 5
3100 3099 3
3780 3099 3
4045 3099 13
3094 3099 7
3091 3099 3
3422 3099 2
4454 3099 2
3435 3099 2
3101 3100 3
3103 3102 1
4457 3103 1
4298 3103 1
5262 3103 2
3744 3103 1
3102 3104 1
3105 3104 1
3744 3105 1
3206 3105 3
3103 3105 1
3105 3106 1
3102 3106 1
5434 3107 1
3108 3107 2
3780 3108 2
3289 3108 5
4081 3108 3
4034 3108 1
4037 3108 1
3107 3109 2
3110 3109 2
3108 3110 2
3112 3111 3
4711 3111 2
3376 3112 2
3223 3112 3
3114 3113 86
5845 3113 1
5281 3113 1
4133 3113 3
4164 3113 2
4927 3113 2
4956 3113 1
4651 3113 1
5861 3113 1
4126 3113 5
4683 3113 1
5870 3113 2
4370 3113 1
3191 3113 5
3499 3113 8
4426 3113 3
5107 3113 1
3111 3113 3
5880 3113 1
3726 3113 2
5746 3113 1
5191 3113 1
3146 3113 3
5136 3113 1
3787 3113 2
3143 3113 2
5472 3113 1
3496 3113 5
5760 3113 1
3748 3113 2
3494 3113 2
5724 3113 1
5560 3113 2
5901 3113 1
3615 3113 1
3962 3113 1
3475 3113 1
3820 3113 2
5073 3113 2
4145 3113 1
3567 3113 2
4901 3113 2
5556 3113 1
5738 3113 2
3155 3113 2
5217 3113 1
3415 3113 3
5818 3113 1
4859 3113 2
3543 3113 3
4425 3113 1
5457 3113 1
4128 3113 1
5171 3113 2
3944 3113 2
5140 3113 3
4363 3113 3
4610 3113 2
5078 3113 1
3611 3114 1
3201 3114 5
3525 3114 1
3416 3114 7
3142 3114 1
3643 3114 1
3203 3114 1
3992 3114 2
3089 3114 8
4042 3114 1
4148 3114 2
3336 3114 2
3747 3114 2
3161 3114 1
3176 3114 2
3266 3114 5
3428 3114 1
3117 3114 9
3727 3114 4
4325 3114 4
3945 3114 2
3406 3114 1
3682 3114 2
3112 3114 3
4045 3114 3
4039 3114 1
3534 3114 1
3270 3114 3
3314 3114 2
3495 3114 2
3788 3114 2
3196 3114 1
4132 3114 3
4841 3114 2
3324 3114 1
3407 3114 1
3144 3114 8
5556 3115 1
4426 3115 3
5880 3115 1
3543 3115 3
3494 3115 2
5457 3115 1
4133 3115 3
5472 3115 1
3748 3115 2
3944 3115 2
3155 3115 2
3787 3115 2
4363 3115 3
4370 3115 1
4164 3115 2
5073 3115 2
4859 3115 2
5136 3115 1
3615 3115 1
4901 3115 2
5217 3115 1
4683 3115 1
4126 3115 5
3726 3115 2
3114 3115 60
3499 3115 8
4145 3115 1
3111 3115 3
3415 3115 3
5738 3115 2
3143 3115 2
5560 3115 2
4610 3115 2
5861 3115 1
3111 3116 3
3117 3116 4
4045 3117 2
3495 3117 3
3112 3117 3
3963 3117 2
3992 3117 2
3416 3117 11
3245 3117 18
3553 3117 2
3938 3117 2
3116 3118 4
3496 3118 5
3526 3118 4
4155 3118 7
3419 3118 4
4131 3118 2
3837 3118 3
4093 3118 4
3944 3118 2
5140 3118 3
3155 3118 2
3119 3118 99
4126 3118 5
4427 3118 4
3726 3118 2
3793 3118 6
3568 3118 3
4161 3118 6
4860 3118 6
3515 3118 6
4753 3118 3
3543 3118 3
4164 3118 2
3132 3118 4
3254 3118 21
5164 3118 3
3143 3118 2
3971 3119 1
3416 3119 3
3270 3119 13
3275 3119 3
4132 3119 2
3263 3119 5
4148 3119 2
3117 3119 39
3144 3119 3
3314 3119 1
3260 3119 4
3196 3119 1
3945 3119 2
3788 3119 2
3794 3119 15
3727 3119 2
3133 3119 8
3266 3119 5
3155 3120 2
4161 3120 6
3132 3120 4
3726 3120 2
3116 3120 4
3419 3120 4
3496 3120 5
4164 3120 2
3121 3120 61
3543 3120 3
4155 3120 7
4753 3120 3
4427 3120 4
4126 3120 5
3515 3120 6
4860 3120 6
3143 3120 2
3568 3120 3
3837 3120 3
3794 3121 9
3117 3121 23
3133 3121 4
3263 3121 5
3416 3121 3
3266 3121 5
3727 3121 2
3945 3121 2
4148 3121 2
3270 3121 13
3275 3121 3
3144 3121 3
4132 3121 2
3116 3122 4
3123 3122 4
3117 3123 39
3133 3123 4
3260 3123 4
3266 3123 5
3263 3123 5
3568 3124 3
3929 3124 2
3116 3124 4
3496 3124 5
5171 3124 2
3132 3124 4
3526 3124 4
5140 3124 3
4126 3124 5
4781 3124 2
4161 3124 6
5509 3124 1
4207 3124 13
4753 3124 3
4762 3124 4
4331 3124 4
4427 3124 4
3419 3124 4
3125 3124 98
5164 3124 3
4284 3124 1
3254 3124 21
4155 3124 7
3515 3124 6
3133 3125 4
3117 3125 39
3260 3125 4
4045 3125 2
3350 3125 16
3270 3125 13
3152 3125 4
4285 3125 5
3275 3125 3
3266 3125 5
3263 3125 5
4772 3125 1
4971 3126 2
5867 3126 1
5310 3126 2
5464 3126 1
5679 3126 1
4874 3126 1
4972 3126 3
4970 3126 2
3804 3126 4
3124 3126 98
3127 3126 115
4687 3126 2
3802 3126 4
3803 3127 17
3125 3127 98
5164 3128 3
4155 3128 7
3132 3128 4
3726 3128 2
3496 3128 5
3419 3128 4
4164 3128 2
4427 3128 4
3944 3128 2
4126 3128 5
3116 3128 4
5140 3128 3
3543 3128 3
4161 3128 6
4860 3128 6
3121 3128 70
4131 3128 2
3515 3128 6
3837 3128 3
3143 3128 2
3155 3128 2
4753 3128 3
3568 3128 3
3155 3129 2
3726 3129 2
3543 3129 3
3132 3129 4
3121 3129 61
3116 3129 4
3143 3129 2
3944 3129 2
5164 3129 3
3419 3129 4
3496 3129 5
4427 3129 4
4131 3129 2
5140 3129 3
4155 3129 7
4161 3129 6
4753 3129 3
4164 3129 2
3515 3129 6
4126 3129 5
3568 3129 3
3131 3130 3
3133 3132 4
5135 3132 3
3649 3133 2
3945 3133 3
3123 3134 4
3132 3134 4
4155 3135 7
4161 3135 6
3132 3135 4
3136 3135 19
5164 3135 3
5140 3135 3
3275 3136 3
3133 3136 4
3270 3136 13
3135 3137 19
3138 3137 19
3245 3138 18
3136 3138 20
4440 3138 1
5140 3139 3
3132 3139 4
4161 3139 6
4155 3139 7
5164 3139 3
3140 3139 18
3133 3140 4
3270 3140 13
3275 3140 3
3142 3141 1
3280 3142 1
3187 3142 2
3404 3142 2
3167 3142 3
3168 3142 3
3169 3142 3
3281 3142 1
4061 3142 1
3144 3143 2
3141 3143 1
3223 3144 3
3142 3144 2
5724 3145 1
4651 3145 1
4425 3145 1
5746 3145 1
3615 3145 1
5472 3145 1
4927 3145 2
3146 3145 3
4901 3145 2
3155 3145 2
4128 3145 1
3567 3145 2
5818 3145 1
3748 3145 2
3114 3145 20
5078 3145 1
3143 3145 2
4956 3145 1
5901 3145 1
3144 3146 3
3143 3146 2
3148 3147 4
3143 3147 2
3155 3147 2
3643 3148 1
3503 3148 1
3336 3148 1
3428 3148 1
3534 3148 1
3144 3148 3
3525 3148 2
3143 3149 2
4901 3149 2
5560 3149 2
3494 3149 2
3150 3149 8
3534 3150 1
3283 3150 1
3495 3150 2
3266 3150 5
3428 3150 1
3503 3150 1
3336 3150 2
3992 3150 2
3079 3150 1
3690 3150 2
3232 3150 1
3643 3150 1
3144 3150 4
3143 3151 2
3152 3151 4
3144 3152 2
4135 3152 3
4136 3152 1
3151 3153 4
3152 3153 4
3143 3154 2
3152 3154 2
3144 3155 2
3141 3155 1
3157 3156 1
3572 3157 1
3382 3157 2
3159 3158 1
3156 3158 1
3550 3159 6
3316 3159 48
3388 3159 10
4822 3159 6
3723 3159 10
3278 3159 65
4387 3159 2
3908 3159 12
3382 3159 55
4068 3159 11
3469 3159 10
4434 3159 12
3594 3159 7
3477 3159 7
3651 3159 12
3703 3159 10
3171 3159 33
3712 3159 7
3917 3159 14
4378 3159 6
3234 3159 26
3210 3159 11
3157 3159 15
3161 3160 2
4509 3160 1
4868 3161 2
3408 3161 1
3167 3161 3
3922 3161 4
5085 3162 2
4867 3162 1
3160 3162 2
4153 3162 2
5870 3162 2
3335 3162 2
4953 3162 2
4180 3162 2
3694 3162 2
4905 3162 2
3953 3162 1
4137 3162 2
3081 3162 22
3165 3163 3
3164 3163 2
3168 3166 3
3169 3166 3
3281 3166 1
3167 3166 3
3972 3166 1
4041 3166 1
3171 3170 1
3572 3171 1
3159 3172 1
3170 3172 1
3174 3173 1
3176 3174 6
5916 3175 1
3176 3175 8
3173 3175 1
5891 3175 1
5366 3175 1
5431 3175 1
3701 3175 1
5351 3175 1
3174 3176 5
3281 3176 9
3402 3176 2
3403 3176 5
3407 3176 5
3400 3176 19
3401 3176 20
3408 3176 8
3081 3176 20
3404 3176 7
3405 3176 5
3290 3176 19
3406 3176 5
3178 3177 15
5637 3177 4
3340 3177 3
3175 3177 8
3176 3178 9
3696 3178 5
3089 3178 3
4081 3178 3
3178 3179 16
3340 3179 3
5637 3179 4
3175 3179 8
3180 3179 16
3175 3180 8
3340 3180 3
5637 3180 4
3178 3180 16
3131 3181 3
3157 3182 1
3182 3183 1
3159 3183 1
3186 3184 5
3185 3184 5
3131 3188 3
4671 3189 1
3089 3190 1
3190 3191 1
3089 3191 5
3340 3191 3
4660 3192 3
3191 3192 5
3193 3192 12
3471 3192 2
5472 3192 1
3176 3193 2
3696 3193 3
4081 3193 3
4042 3193 1
3089 3193 5
3193 3194 12
3192 3194 12
5861 3195 1
4177 3195 1
4903 3195 1
3191 3195 5
3196 3195 9
4049 3196 1
3336 3196 1
3089 3196 5
3232 3196 1
3167 3196 3
3195 3197 9
3196 3197 9
3191 3198 5
3199 3198 6
3089 3199 6
3270 3199 3
4179 3199 5
3682 3199 1
3138 3199 19
3144 3199 2
3198 3200 6
3201 3200 41
3896 3200 2
4158 3200 12
3899 3200 1
3273 3200 21
3744 3201 2
4039 3201 1
3336 3201 1
3814 3201 1
3199 3201 41
5484 3201 1
5134 3201 3
4179 3201 5
3203 3202 6
3191 3202 5
3169 3203 3
3281 3203 1
3167 3203 3
3089 3203 5
3203 3204 6
3202 3204 6
5191 3205 1
3191 3205 5
5281 3205 1
4683 3205 1
3962 3205 1
3496 3205 5
3114 3205 16
3475 3205 1
5880 3205 1
3167 3208 3
4868 3208 2
3210 3209 1
3209 3211 1
3159 3211 1
3213 3212 1
4047 3213 1
4298 3213 1
3485 3213 2
3215 3214 2
4794 3214 1
3212 3214 1
3657 3215 1
4047 3215 1
4046 3215 2
3076 3215 1
3213 3215 1
3212 3216 1
4668 3216 1
3215 3216 2
3212 3217 1
3215 3217 1
3076 3218 1
3218 3219 1
5595 3219 1
3076 3219 3
4408 3220 3
3219 3220 3
4798 3220 3
4185 3220 2
3355 3220 19
4559 3220 2
3276 3220 2
4186 3220 2
4423 3220 2
4087 3222 2
3223 3222 3
3225 3224 1
5134 3225 3
4589 3225 1
3558 3225 2
4465 3225 12
4462 3225 4
4037 3225 1
5484 3225 1
3227 3226 2
3224 3226 1
5367 3226 1
3225 3227 1
3201 3227 1
5367 3228 1
3229 3228 2
3224 3228 1
3201 3229 1
3225 3229 1
3176 3230 3
4089 3230 1
4297 3230 1
3176 3231 3
3230 3231 3
4232 3232 1
3281 3232 1
3196 3232 1
3167 3232 3
3169 3232 3
3234 3233 2
3159 3235 2
3233 3235 2
3237 3236 1
3936 3237 1
4031 3237 3
4519 3238 2
3236 3238 1
3346 3238 4
3346 3239 4
3238 3239 4
3236 3240 1
3241 3240 2
3167 3241 3
3237 3241 1
3241 3242 2
3240 3242 2
3245 3244 2
3989 3244 1
3079 3245 1
3142 3245 1
4045 3245 2
4042 3245 1
3324 3245 1
3196 3245 1
3203 3245 1
3534 3245 1
3682 3245 1
3336 3245 1
3161 3245 1
3573 3245 1
3314 3245 1
3690 3245 1
3166 3245 1
3611 3245 1
3788 3245 2
3638 3245 1
3232 3245 1
3971 3245 1
3376 3245 1
5171 3246 2
4906 3246 2
3244 3246 2
3245 3246 18
3528 3246 3
5902 3246 2
5054 3246 2
5491 3246 2
5016 3246 2
3246 3247 18
3248 3247 18
3245 3248 18
3465 3248 3
3246 3249 18
3138 3249 18
3246 3250 18
3138 3250 18
3946 3251 2
3252 3251 28
5037 3251 2
3246 3251 18
3528 3251 3
3474 3251 2
4645 3251 2
4980 3251 2
3245 3252 28
3117 3253 19
3246 3253 18
3117 3254 21
3253 3254 19
3725 3254 2
3254 3255 21
3123 3255 21
3246 3256 18
3248 3256 18
3246 3257 18
3248 3257 18
3246 3258 18
3248 3258 18
3260 3259 18
3246 3259 18
3245 3260 18
3525 3260 3
3248 3261 18
3246 3261 18
3246 3262 18
3263 3262 18
3245 3263 18
3144 3263 3
3246 3264 18
3248 3264 18
3266 3265 18
3246 3265 18
3307 3266 3
3245 3266 18
3246 3267 18
3138 3267 18
3246 3268 18
3138 3268 18
3270 3269 18
3246 3269 18
3649 3270 4
4148 3270 5
3245 3270 18
3945 3270 4
4841 3270 4
3246 3271 18
3248 3271 18
3246 3272 18
3138 3272 19
5457 3273 1
3199 3273 21
3272 3273 19
3275 3274 18
3246 3274 18
3649 3275 2
3245 3275 18
4538 3276 1
3358 3276 2
3278 3277 1
3572 3278 1
3382 3278 3
3159 3279 1
3277 3279 1
3283 3282 1
4176 3283 2
3079 3283 1
4298 3283 1
3282 3284 1
3150 3284 4
5015 3284 1
4903 3284 1
3989 3284 1
3989 3285 1
5845 3285 1
3150 3285 3
3282 3285 1
3282 3286 1
4903 3286 1
3150 3286 5
5652 3286 1
3427 3286 1
3989 3286 1
5559 3287 1
3427 3287 1
5015 3287 1
3989 3287 1
4903 3287 1
3282 3287 1
5652 3287 1
3150 3287 7
3289 3288 7
3291 3289 12
3698 3289 4
3355 3289 12
3290 3289 11
3410 3289 7
3438 3289 7
3110 3289 12
3288 3289 4
3783 3291 2
3131 3292 3
3294 3293 1
3729 3294 2
3131 3294 3
3739 3295 3
3293 3295 1
3294 3295 4
3739 3296 3
3294 3296 4
3293 3296 1
4099 3297 3
3094 3297 4
3297 3298 4
3299 3298 5
3094 3299 5
3298 3300 5
5461 3300 1
3710 3300 5
3299 3300 8
3232 3301 2
4903 3301 1
4151 3302 2
3301 3302 2
4857 3302 2
3540 3302 3
5285 3302 2
3081 3302 36
4563 3302 3
4029 3302 2
4711 3302 2
5084 3302 2
5074 3302 2
4490 3302 2
3689 3302 2
5352 3302 3
3621 3302 2
4276 3302 3
4134 3302 2
3131 3303 3
3131 3304 3
3131 3305 3
3638 3307 2
3223 3307 3
3223 3308 3
3788 3308 2
3310 3309 5
3472 3309 2
3473 3310 2
3450 3310 2
3309 3311 5
3312 3311 5
3310 3312 10
4047 3313 1
3223 3313 3
3280 3314 1
3167 3314 3
3168 3314 3
3169 3314 3
3747 3314 2
3316 3315 2
4714 3315 1
3159 3316 23
3315 3317 2
3159 3317 2
3131 3318 3
3320 3319 3
3313 3321 2
4794 3321 1
3321 3322 2
3350 3322 14
4207 3322 13
3324 3323 2
5737 3323 1
3959 3324 1
3405 3324 1
3169 3324 1
3631 3324 2
3632 3324 2
3167 3324 3
4995 3325 2
5218 3325 2
5583 3325 2
3081 3325 10
3323 3325 2
5083 3325 2
3327 3326 4
5791 3326 1
5171 3326 2
4043 3327 3
4063 3327 4
4054 3327 4
5928 3327 1
4045 3327 4
3327 3328 4
3326 3328 4
3326 3329 4
5154 3329 1
4570 3329 1
5917 3329 1
3099 3329 16
4099 3329 4
5479 3329 2
4346 3329 4
5478 3329 1
4532 3329 3
3099 3330 13
4376 3330 1
5154 3330 1
3688 3330 1
3326 3330 4
4346 3330 4
3628 3330 1
4779 3330 1
3332 3331 3
3131 3333 3
3131 3334 3
5861 3335 1
3336 3335 2
3167 3336 3
3169 3336 3
3196 3336 1
4232 3336 1
3089 3336 2
3281 3336 1
5558 3337 1
3316 3337 2
3337 3338 2
3159 3338 2
3089 3339 1
3089 3340 3
5724 3340 1
3339 3340 1
5191 3341 1
3089 3341 6
4717 3341 1
3340 3341 3
3341 3342 6
3674 3342 11
3787 3342 2
4549 3342 4
3343 3342 24
3788 3343 2
4081 3343 3
3089 3343 6
3696 3343 4
3176 3343 11
3343 3344 24
3342 3344 24
3346 3345 1
3237 3346 1
3663 3346 4
3167 3346 3
3438 3346 2
3345 3347 1
5936 3347 1
3348 3347 3
3223 3348 3
3346 3348 4
3076 3348 2
4207 3349 13
3347 3349 3
3350 3349 16
4324 3350 2
3313 3350 2
3348 3350 11
3074 3350 10
3222 3350 3
3345 3351 1
3352 3351 1
3346 3352 1
4046 3352 1
3780 3352 1
3346 3353 3
3345 3353 1
4394 3353 1
5336 3354 2
3355 3354 12
4329 3354 2
4962 3354 3
3353 3354 3
4799 3354 2
3426 3355 2
4046 3355 9
3558 3355 7
3936 3355 9
3076 3355 8
4047 3355 6
3346 3355 10
3358 3355 8
4087 3355 4
4962 3356 3
3353 3356 3
3355 3356 6
3358 3357 1
3169 3358 3
3959 3358 3
3410 3358 1
3167 3358 3
3358 3359 2
3357 3359 1
3340 3375 3
3376 3375 4
3089 3376 3
4081 3376 3
3375 3377 4
3376 3377 4
5233 3378 1
3278 3378 2
3159 3379 2
3378 3379 2
3159 3380 1
3380 3381 1
3382 3381 2
3828 3382 1
3572 3382 4
3159 3382 9
3316 3382 6
3159 3383 2
3381 3383 2
3131 3384 3
3171 3385 1
3385 3386 1
3159 3386 1
3388 3387 1
3382 3388 2
3159 3389 1
3387 3389 1
5277 3390 1
3105 3391 1
4812 3392 1
3391 3392 1
5686 3392 1
3105 3392 3
3394 3393 1
3131 3394 3
3394 3395 2
3393 3395 1
3394 3396 2
3393 3396 1
3161 3397 1
3161 3398 3
4249 3398 1
3397 3398 1
4782 3399 2
4637 3399 3
3823 3399 3
4837 3399 3
4894 3399 2
3994 3399 3
4489 3399 2
4921 3399 3
4616 3399 2
3081 3399 47
3834 3399 3
3398 3399 3
4477 3399 3
3589 3399 2
3995 3399 3
4918 3399 2
4383 3399 3
4091 3399 2
3539 3399 3
3193 3401 2
3176 3402 6
3176 3403 6
3176 3404 6
3176 3405 6
3176 3406 6
3176 3407 6
3169 3408 3
3480 3408 1
3176 3408 6
3479 3408 4
3410 3409 1
3289 3410 7
4438 3411 1
5723 3411 1
5691 3411 1
3409 3411 1
3289 3411 5
3411 3412 5
4960 3412 1
5740 3412 1
3108 3412 10
4120 3412 2
3412 3413 10
3108 3413 10
3533 3415 1
3416 3415 3
4249 3415 1
3223 3416 3
3161 3416 4
3534 3416 2
5760 3417 1
3415 3417 3
4145 3417 1
5140 3417 3
4683 3417 1
3820 3417 2
5171 3417 2
3114 3417 16
5870 3417 2
4164 3417 2
5880 3417 1
3415 3418 3
5171 3418 2
3114 3418 6
5746 3418 1
3117 3419 4
3415 3419 3
3123 3420 4
3419 3420 4
4567 3421 1
4052 3422 3
5714 3422 1
5713 3422 1
4054 3422 4
3421 3422 4
4064 3422 4
3729 3423 1
3131 3423 3
3346 3424 1
3657 3424 4
3076 3424 2
3206 3424 3
4046 3424 1
3828 3425 11
3167 3426 3
3428 3427 1
3169 3428 3
3281 3428 1
3167 3428 3
3638 3428 1
3575 3428 1
3427 3429 1
3428 3429 2
4833 3430 2
3429 3430 2
4083 3430 2
4441 3430 2
4447 3430 2
5013 3430 2
3990 3430 2
4678 3430 2
4130 3430 2
5300 3430 2
3081 3430 40
5674 3430 2
3531 3430 2
4146 3430 2
3743 3430 2
4729 3430 2
4250 3430 2
4422 3430 2
4904 3430 2
3535 3430 2
4479 3430 2
3427 3431 1
3622 3431 2
3148 3431 5
5652 3431 1
4126 3432 5
3150 3432 7
5652 3432 1
3427 3432 1
3427 3433 1
5652 3433 1
3150 3433 2
3435 3434 1
4064 3435 4
4052 3435 3
5043 3435 1
3099 3436 7
5171 3436 2
5390 3436 1
4933 3436 1
4736 3436 1
5523 3436 1
3434 3436 1
3438 3437 1
4062 3438 4
4702 3438 1
3289 3438 7
3169 3438 3
3480 3438 1
4704 3439 1
3437 3439 1
3438 3439 2
3131 3440 3
3442 3441 1
3131 3442 3
3799 3443 3
3441 3443 1
3797 3443 2
3444 3443 8
5195 3443 2
4969 3444 1
3800 3444 3
3442 3444 1
3798 3444 2
3443 3445 8
3444 3445 8
3094 3446 1
3094 3447 6
4577 3447 2
3446 3447 1
4583 3447 3
3446 3448 1
3099 3448 1
3446 3449 1
3450 3449 2
3094 3450 1
5387 3450 3
3452 3451 2
3449 3451 2
4700 3452 4
3450 3452 3
3452 3453 3
5209 3453 1
3449 3453 2
3452 3454 3
5209 3454 1
3449 3454 2
5209 3455 1
3449 3455 2
3456 3455 3
3450 3456 3
3449 3457 2
5209 3457 1
3456 3457 3
3449 3458 2
3452 3458 3
5209 3458 1
3449 3459 2
3310 3459 5
3312 3460 5
3459 3460 5
3462 3461 3
4545 3461 1
3446 3461 1
3094 3462 1
4721 3463 1
4322 3463 2
3461 3463 3
3094 3463 13
4020 3463 7
5479 3464 2
3446 3464 1
4341 3464 1
4851 3464 1
3099 3464 17
4099 3464 4
5791 3464 1
4346 3464 4
4602 3464 1
5666 3464 2
4545 3464 1
5478 3464 1
4613 3464 2
5890 3464 1
3074 3466 10
3465 3466 3
3729 3467 1
3423 3467 1
3131 3467 3
3469 3468 1
3382 3469 1
3468 3470 1
3159 3470 1
3176 3471 2
3752 3471 1
3473 3472 2
4721 3472 1
3832 3473 3
3462 3473 1
4129 3474 1
3245 3474 2
3176 3475 1
3477 3476 1
3382 3477 2
3651 3477 4
3159 3478 1
3476 3478 1
3161 3479 2
3336 3479 2
3148 3481 2
3483 3482 3
3484 3482 3
3487 3486 1
5288 3487 1
4832 3487 2
3489 3488 1
3486 3488 1
3487 3489 3
3486 3490 1
3489 3490 3
5466 3490 1
4009 3490 1
3131 3491 3
3171 3492 1
3159 3493 1
3492 3493 1
3495 3494 2
5334 3494 1
3232 3495 2
3223 3495 3
3494 3496 2
3117 3496 5
5560 3496 2
3496 3497 5
3123 3497 5
3496 3498 5
3123 3498 5
3496 3499 5
5171 3499 2
3117 3499 8
3114 3500 8
3499 3500 8
3123 3501 5
3496 3501 5
3503 3502 1
4298 3503 1
4028 3503 2
3161 3503 2
3502 3504 1
3533 3504 1
3505 3504 3
5861 3504 1
3161 3505 1
3336 3505 1
3503 3505 4
3534 3505 2
3206 3505 3
5861 3506 1
3502 3506 1
3533 3506 1
3150 3506 3
3502 3507 1
5861 3507 1
3148 3507 4
3533 3507 1
4268 3508 3
3505 3508 6
3502 3508 1
5861 3508 1
3533 3508 1
3502 3509 1
3533 3509 1
3505 3509 6
4268 3509 3
5861 3509 1
3505 3510 6
3533 3510 1
3502 3510 1
5861 3510 1
4268 3510 3
3533 3511 1
3502 3511 1
3505 3511 2
3502 3512 1
3513 3512 1
3503 3513 1
3533 3514 1
3502 3514 1
3505 3514 2
5661 3515 1
5763 3515 2
3117 3515 6
3552 3515 2
3515 3516 6
3123 3516 6
3518 3517 1
3131 3518 3
3517 3519 1
3518 3519 1
3278 3520 1
3159 3521 1
3520 3521 1
3407 3522 1
3996 3523 1
4780 3523 1
5774 3523 1
3590 3523 1
5363 3523 1
5312 3523 1
3522 3523 1
3176 3523 7
3615 3524 1
3525 3524 3
3927 3524 1
3203 3525 3
3223 3525 3
3260 3526 4
3524 3526 3
3123 3527 4
3526 3527 4
3245 3528 3
3533 3528 1
4249 3528 1
4652 3529 1
3316 3529 2
3529 3530 2
3159 3530 2
3079 3531 2
5015 3531 1
3534 3533 1
3408 3534 1
3169 3534 3
3161 3534 1
3167 3534 3
3533 3535 1
3534 3535 2
5861 3536 1
3505 3536 2
3533 3536 1
4249 3537 1
3533 3537 1
3416 3537 2
3534 3538 2
3533 3538 1
3533 3539 1
3534 3539 3
5930 3539 1
3534 3540 3
3533 3540 1
4425 3540 1
3081 3541 11
4151 3541 2
4276 3541 3
5352 3541 3
3540 3541 3
4249 3542 1
3416 3542 2
3533 3542 1
3533 3543 1
3416 3543 3
4249 3543 1
3533 3544 1
4249 3544 1
3416 3544 2
5664 3545 1
3533 3545 1
3534 3545 3
3545 3546 3
3596 3546 2
4910 3546 2
5875 3546 1
4657 3546 2
4732 3546 2
5809 3546 1
5284 3546 2
5339 3546 2
4237 3546 2
5317 3546 2
3950 3546 3
5173 3546 1
4296 3546 2
4380 3546 2
3081 3546 29
3548 3547 3
3550 3549 1
4068 3550 2
3159 3551 1
3549 3551 1
3553 3552 2
5015 3552 1
3079 3553 1
3223 3553 3
3928 3554 1
3967 3555 1
3554 3555 1
3928 3555 1
3556 3555 4
3902 3555 1
5222 3555 1
3904 3555 1
3903 3556 1
4611 3556 1
3904 3556 1
3554 3556 1
3558 3557 1
4058 3558 4
3167 3558 3
3698 3558 2
5344 3559 1
3225 3559 3
3557 3559 1
3841 3560 2
4668 3560 1
4785 3560 1
4410 3560 3
5475 3560 1
3561 3560 35
4762 3560 4
5344 3560 1
4224 3560 14
4406 3560 3
5440 3560 1
4330 3560 3
4940 3560 1
5740 3560 1
3559 3560 3
5106 3560 3
5263 3560 1
4046 3561 2
4285 3561 4
3225 3561 5
4034 3561 1
3350 3561 14
3222 3561 3
3780 3561 2
3842 3561 2
3410 3561 1
3348 3561 4
4037 3561 2
3559 3562 3
5344 3562 1
4410 3562 3
4762 3562 4
4406 3562 3
3561 3562 12
5263 3562 1
3557 3563 1
3564 3563 3
4307 3563 1
5844 3563 1
3558 3564 1
4299 3564 1
3206 3564 3
4038 3565 1
3566 3565 3
5746 3567 1
3144 3567 2
3263 3568 3
3567 3568 2
3123 3569 3
3568 3569 3
3828 3571 8
3571 3572 4
5251 3572 1
3575 3573 1
3174 3573 1
3281 3573 1
3574 3573 1
3167 3573 3
3169 3573 3
3206 3576 6
3578 3577 1
3131 3578 3
5934 3579 1
3348 3579 2
3350 3580 5
4786 3580 2
3579 3580 2
3580 3581 5
3350 3581 6
3581 3582 6
3583 3582 6
3350 3583 6
3583 3584 5
3580 3584 5
3586 3585 5
3580 3585 5
3350 3586 10
3583 3587 5
3580 3587 5
3079 3588 1
3079 3589 2
3588 3589 1
3174 3590 1
3591 3592 3
3594 3593 2
3382 3594 2
3651 3594 4
3593 3595 1
3159 3595 1
5737 3596 1
3324 3596 2
3171 3597 1
3159 3598 1
3597 3598 1
3405 3599 1
5374 3600 1
5702 3600 1
3176 3600 7
3599 3600 1
4965 3600 1
4919 3600 1
4229 3600 1
4976 3600 1
3234 3601 1
3159 3602 1
3601 3602 1
3410 3603 1
3289 3604 2
3603 3604 1
5397 3604 1
3624 3605 1
3083 3606 3
3608 3607 3
4704 3607 1
5069 3607 1
3780 3608 1
4458 3608 3
3438 3608 1
3607 3609 3
3608 3609 3
3748 3610 2
4153 3610 2
3611 3610 7
5085 3610 2
3747 3611 2
3167 3611 3
3972 3611 1
4050 3611 2
3169 3611 3
3682 3611 2
3281 3611 1
3168 3611 3
3610 3612 7
3611 3612 7
4298 3613 1
3614 3613 2
3203 3615 1
3615 3616 1
3245 3616 1
3615 3617 1
3525 3617 1
3525 3618 1
3615 3618 1
3620 3619 3
4394 3619 1
3615 3619 1
4249 3619 1
3350 3620 16
4772 3620 1
3203 3620 1
4285 3620 5
3161 3620 1
3346 3620 1
3348 3620 3
3615 3621 1
3203 3621 2
3525 3622 2
3615 3622 1
3615 3623 1
3624 3623 1
3203 3624 1
3624 3625 2
3615 3625 1
5489 3626 1
3625 3626 2
4072 3626 1
3525 3627 1
3615 3627 1
3163 3628 1
3382 3629 1
3629 3630 1
3159 3630 1
3634 3633 3
3406 3635 1
5399 3636 1
3635 3636 1
4651 3636 1
3406 3636 3
4651 3637 1
3635 3637 1
3638 3637 3
3406 3638 2
3167 3638 3
3168 3638 3
3821 3638 4
3637 3639 3
3638 3639 3
3159 3640 1
3640 3641 1
3316 3641 2
3159 3642 2
3641 3642 2
3638 3643 1
3644 3643 2
4298 3643 1
3646 3645 1
3131 3646 3
3336 3647 2
5337 3647 1
3479 3648 2
3647 3648 2
3223 3649 3
4042 3649 2
3651 3650 1
3572 3651 2
3650 3652 1
3159 3652 1
3382 3653 1
3159 3654 1
3653 3654 1
3131 3655 3
3657 3656 3
4401 3656 2
4298 3657 1
4028 3657 2
3346 3657 2
4785 3658 1
5934 3658 1
3424 3658 6
3656 3658 3
5936 3658 1
3424 3659 6
3656 3659 3
5595 3659 1
4785 3659 1
3998 3659 1
3424 3660 3
3656 3660 3
5595 3661 1
3656 3661 3
3424 3661 6
3998 3661 1
4785 3661 1
3663 3662 3
3656 3662 3
3657 3663 3
3656 3664 3
3663 3664 3
3656 3665 3
3663 3665 3
3656 3666 3
3424 3666 3
3131 3667 3
3278 3668 1
3668 3669 1
3159 3669 1
3671 3670 3
3925 3670 1
3281 3671 1
3926 3671 1
3167 3671 3
3671 3672 3
3670 3672 3
3404 3673 1
3673 3674 1
3966 3674 1
5557 3674 1
4811 3674 1
3176 3674 11
5369 3674 1
4647 3674 1
4902 3674 1
5687 3674 1
5849 3674 1
5712 3674 1
3131 3675 3
3083 3677 3
3679 3678 1
3401 3679 4
3696 3679 5
5014 3680 1
3679 3680 2
3678 3680 1
3678 3681 1
3682 3681 2
3401 3682 4
3168 3682 3
3574 3682 1
3679 3682 1
3167 3682 3
3169 3682 3
3682 3683 2
3681 3683 2
3278 3684 1
3684 3685 1
3159 3685 1
3684 3686 1
5921 3686 1
3687 3686 2
3278 3687 2
3163 3688 1
3690 3689 2
3989 3689 1
3169 3690 3
3281 3690 1
3079 3690 1
4232 3690 1
3167 3690 3
3131 3692 3
3083 3693 3
5732 3694 1
3079 3694 2
3696 3695 4
4964 3695 1
5299 3695 1
3805 3695 1
4041 3696 5
3290 3696 9
3679 3696 6
3081 3696 10
3747 3696 6
3696 3697 4
3695 3697 4
3289 3698 7
5450 3699 1
3700 3699 2
3404 3701 1
3703 3702 1
3382 3703 2
3702 3704 1
3159 3704 1
3278 3705 1
3705 3706 1
3159 3706 1
3131 3707 3
3131 3708 3
3910 3710 4
3299 3710 5
3117 3711 1
3157 3713 1
3159 3714 1
3713 3714 1
3716 3715 3
4046 3715 1
5076 3717 1
3407 3717 2
3717 3718 2
3808 3718 1
4311 3718 1
3407 3718 5
4956 3718 1
5399 3719 1
3717 3719 2
5901 3719 1
3720 3719 7
4651 3719 1
4956 3719 1
3167 3720 3
3196 3720 1
3407 3720 3
3406 3720 2
3720 3721 7
3719 3721 7
3723 3722 2
5550 3722 1
3828 3723 1
3572 3723 1
3722 3724 2
3159 3724 2
4249 3725 1
3416 3725 2
5035 3726 1
3727 3726 2
3166 3727 2
3223 3727 3
3729 3728 1
3131 3729 3
3731 3730 4
4086 3730 1
3728 3730 1
5378 3730 1
5915 3730 1
3423 3731 1
3729 3731 1
3467 3731 1
3131 3731 3
3728 3732 1
3467 3732 3
5378 3732 1
4086 3732 1
5378 3733 1
3728 3733 1
3423 3733 2
3729 3734 2
3728 3734 1
3734 3735 2
3736 3735 2
3729 3736 2
3738 3737 2
3734 3737 2
3131 3738 3
3729 3738 2
3734 3739 2
3294 3739 3
3729 3740 3
3734 3740 2
3734 3741 2
3740 3741 3
3729 3741 3
3206 3742 7
4947 3743 1
3744 3743 2
4056 3744 4
3402 3744 2
3167 3744 3
3611 3745 2
5281 3745 1
3747 3746 1
3696 3747 5
3401 3747 4
3746 3748 1
3747 3748 2
5193 3749 1
3747 3749 3
3748 3749 2
3748 3750 2
3314 3750 3
3314 3751 3
3750 3751 3
3408 3752 1
3174 3753 1
3174 3754 2
3923 3754 1
3753 3754 1
3753 3755 1
3573 3755 2
3573 3756 2
3755 3756 2
3083 3757 3
3083 3758 3
3083 3759 3
3083 3760 3
3083 3761 3
3083 3762 3
3083 3763 3
3083 3764 1
4961 3764 2
3083 3765 3
3083 3766 3
3083 3767 3
3083 3768 3
3083 3769 3
3083 3770 3
3083 3771 3
3083 3772 3
3083 3773 3
3083 3774 3
3083 3775 3
3083 3776 3
3083 3777 3
3083 3778 3
3780 3779 1
3169 3780 3
4702 3780 1
3480 3780 1
4054 3780 4
3355 3780 4
4703 3780 1
4062 3780 4
4064 3780 4
3291 3780 4
3290 3780 3
3779 3781 1
3780 3781 2
5051 3782 5
5344 3782 1
3783 3782 11
3781 3782 2
4603 3782 2
4037 3783 1
4034 3783 2
3780 3783 2
4081 3783 3
3289 3783 5
3783 3784 11
3782 3784 11
3786 3785 1
3131 3786 3
4984 3787 1
3788 3787 2
4060 3788 1
3168 3788 3
3169 3788 3
3634 3788 1
3290 3788 3
5000 3788 2
5001 3788 2
3787 3789 2
3245 3789 2
3308 3790 2
3787 3790 2
3787 3791 2
4854 3791 1
5901 3791 1
5880 3791 1
3119 3791 5
3308 3792 3
3787 3792 2
3792 3793 3
4610 3793 2
3794 3793 6
3727 3794 2
3308 3794 3
3836 3794 2
4325 3794 4
3796 3795 6
3793 3795 6
3794 3796 15
3798 3797 2
3131 3798 3
3800 3799 3
5613 3799 1
3797 3799 1
3798 3800 1
3885 3800 1
3799 3801 3
3800 3801 3
3803 3802 4
3799 3802 3
4969 3803 3
3800 3803 3
3803 3804 4
3799 3804 3
3747 3805 1
4314 3806 2
3558 3806 3
3558 3807 3
3806 3807 3
3407 3808 1
4311 3809 1
3808 3809 1
3079 3809 4
4956 3809 1
3809 3810 4
3079 3810 4
3703 3811 1
3811 3812 1
3159 3812 1
3814 3813 1
4607 3814 3
3813 3815 1
5845 3815 1
3201 3815 7
4178 3815 5
3094 3816 4
4583 3816 3
3410 3817 1
3410 3818 2
5718 3818 1
3817 3818 1
3201 3820 2
5686 3820 1
3643 3821 2
3408 3822 1
3089 3822 1
4142 3823 1
5071 3823 1
3166 3823 3
3715 3824 1
4785 3825 1
3715 3825 4
3826 3825 2
3824 3825 1
3824 3826 1
3715 3826 2
3828 3827 1
3382 3828 5
4697 3828 3
3572 3828 2
3827 3829 1
3571 3829 1
3550 3830 1
3830 3831 1
3159 3831 1
3682 3833 1
4145 3834 1
3833 3834 1
3682 3834 3
3836 3835 2
5298 3835 1
3611 3836 2
3223 3836 3
3835 3837 2
3794 3837 3
3796 3838 3
3837 3838 3
5508 3839 2
3142 3839 3
3839 3840 3
3142 3840 3
3842 3841 2
4471 3841 1
3358 3842 2
3223 3842 3
4224 3843 14
4940 3843 1
5263 3843 1
4330 3843 3
3841 3843 2
3561 3843 25
5475 3843 1
4785 3843 1
5106 3843 3
4410 3843 3
3131 3844 3
3131 3845 3
3131 3846 3
3131 3847 3
3131 3848 3
3131 3849 3
3131 3850 3
3131 3851 3
3131 3852 3
3131 3853 3
3131 3854 3
3131 3855 3
3131 3856 3
3131 3857 3
3131 3858 3
3294 3859 3
3131 3859 3
3131 3860 3
3131 3861 3
3131 3862 3
3131 3863 3
3131 3864 3
3131 3865 3
3131 3866 3
3131 3867 3
3131 3868 3
3131 3869 3
3131 3870 3
3131 3871 3
3131 3872 3
3131 3873 3
3131 3874 3
3131 3875 3
3131 3876 3
3131 3877 3
3131 3878 3
3131 3879 3
3131 3880 3
3131 3881 3
3131 3882 3
3131 3883 3
3131 3884 3
3131 3885 3
3131 3886 3
3131 3887 3
3131 3888 3
3131 3889 3
3131 3890 3
3131 3891 3
3131 3892 3
3131 3893 3
3131 3894 3
3131 3895 3
3199 3896 2
3614 3897 2
4298 3897 1
3199 3899 1
3651 3900 1
3159 3901 1
3900 3901 1
3902 3903 1
3902 3904 1
3234 3905 1
3905 3906 1
3159 3906 1
3908 3907 1
3159 3909 1
3907 3909 1
3094 3910 4
4099 3910 3
3703 3911 1
3159 3912 1
3911 3912 1
3159 3913 1
3382 3914 2
3913 3914 1
3159 3915 2
3914 3915 2
3917 3916 1
3916 3918 1
3159 3918 1
3403 3919 1
4879 3920 1
3176 3920 8
5181 3920 1
4288 3920 1
5926 3920 1
3919 3920 1
4599 3920 1
5315 3920 1
5249 3920 1
3933 3921 2
3503 3922 3
3174 3923 1
4475 3924 2
3926 3925 1
4031 3926 3
3203 3927 1
3152 3929 2
3550 3930 1
3159 3931 1
3930 3931 1
3933 3932 1
3657 3933 1
3076 3933 1
4046 3933 1
3921 3934 2
3932 3934 1
5566 3934 1
3936 3935 2
4371 3935 1
3426 3936 1
3167 3936 3
3780 3936 2
4046 3936 1
5259 3937 1
5606 3937 2
3935 3937 2
5529 3937 2
3355 3937 9
3940 3937 2
3223 3938 3
3336 3938 1
4820 3940 1
3426 3940 2
3679 3941 1
3696 3942 2
5405 3942 1
3941 3942 1
5534 3943 1
5405 3943 1
3696 3943 3
3941 3943 1
3945 3944 2
5880 3944 1
3314 3945 2
3223 3945 3
4145 3946 1
3245 3946 2
3388 3947 1
3947 3948 1
3159 3948 1
3161 3949 1
4509 3950 1
3161 3950 3
3949 3950 1
3651 3951 1
3951 3952 1
3159 3952 1
3690 3953 1
3651 3954 1
3159 3955 1
3954 3955 1
3206 3956 3
3958 3957 3
5325 3960 1
3316 3960 2
3960 3961 2
3159 3961 2
3089 3962 1
3196 3963 1
3223 3963 3
3234 3964 1
3964 3965 1
3159 3965 1
3405 3966 1
3967 3968 1
5222 3968 1
5222 3969 1
3967 3969 1
3903 3970 1
3967 3970 1
5222 3970 1
4611 3970 1
3972 3971 1
3281 3971 1
3167 3971 3
3169 3971 3
3403 3971 1
3168 3971 3
3348 3973 3
4401 3973 2
3973 3974 3
3350 3974 4
3586 3975 4
3974 3975 4
3586 3976 4
3974 3976 4
3586 3977 4
3974 3977 4
3974 3978 4
3586 3978 4
3974 3979 4
3586 3979 4
3974 3980 4
3586 3980 4
3586 3981 4
3974 3981 4
3586 3982 4
3974 3982 4
3974 3983 4
3586 3983 4
3586 3984 4
3974 3984 4
3586 3985 4
3974 3985 4
3382 3986 2
4550 3986 1
3986 3987 2
3159 3987 2
3159 3988 2
3986 3988 2
3690 3989 1
3690 3990 2
3989 3990 1
3989 3991 1
3992 3991 1
3690 3992 2
3223 3992 3
3989 3993 1
3690 3993 2
4333 3994 1
3989 3994 1
3690 3994 3
3232 3995 3
4903 3995 1
4646 3995 1
3405 3996 1
3657 3998 1
3998 3999 1
5595 3999 1
3424 3999 3
4785 3999 1
5595 4000 1
3215 4000 3
3998 4000 1
4785 4000 1
3933 4001 4
5595 4001 1
4785 4001 1
3998 4001 1
3424 4002 3
5595 4002 1
4785 4002 1
3998 4002 1
3424 4003 2
3998 4003 1
5595 4003 1
4005 4004 1
3998 4004 1
3657 4005 1
3424 4006 2
5595 4006 1
3998 4006 1
4693 4007 2
3094 4007 3
4007 4008 3
3094 4008 3
3487 4009 1
4009 4010 1
4011 4010 1
3487 4011 1
4885 4012 1
4014 4012 2
4009 4012 1
4013 4012 2
4460 4013 1
3487 4013 1
4009 4014 1
4885 4014 1
4013 4014 3
4014 4015 3
3094 4015 3
4014 4016 3
4013 4016 4
4721 4017 1
3094 4017 9
4020 4017 7
4016 4017 4
4014 4018 3
4019 4018 5
5446 4018 1
3206 4019 4
4013 4019 3
3207 4019 4
3094 4019 3
4014 4020 3
4583 4020 3
3094 4020 7
3094 4021 11
4583 4021 3
4099 4021 4
4014 4021 3
4020 4021 7
4009 4022 1
3091 4022 2
4885 4022 1
3091 4023 3
4885 4023 1
4009 4023 1
4885 4024 1
4023 4024 3
4009 4024 1
3091 4024 3
4885 4025 1
4009 4025 1
3091 4025 3
3278 4026 1
3159 4027 1
4026 4027 1
5746 4029 1
3142 4029 2
4031 4030 3
3400 4032 3
4355 4032 2
3101 4032 3
3169 4032 3
4354 4032 2
3101 4033 3
3290 4034 3
3291 4034 4
3169 4035 3
5638 4035 2
4059 4035 1
3290 4035 3
3290 4036 3
3290 4037 3
3291 4037 4
4059 4038 3
3290 4038 3
3169 4038 3
3290 4039 3
3169 4039 3
3290 4040 3
3696 4041 5
3401 4042 4
3290 4042 3
4044 4045 3
4054 4045 4
4053 4045 3
4051 4045 3
4064 4045 4
4100 4045 3
4807 4045 1
3936 4046 1
3169 4046 3
3281 4046 1
4232 4046 1
5280 4046 1
3167 4046 3
3780 4046 2
3281 4047 1
3288 4047 1
3167 4047 3
3281 4048 1
3574 4048 1
4030 4048 1
3167 4048 3
3167 4049 3
3196 4049 1
3314 4050 2
3167 4050 3
3169 4050 3
3099 4054 7
3634 4055 3
3103 4056 3
3283 4057 2
4299 4058 3
3346 4062 2
4046 4062 2
3099 4064 6
4066 4065 2
4068 4067 1
3171 4068 1
3159 4069 1
4067 4069 1
3550 4070 2
5888 4070 1
4067 4070 1
3624 4072 1
3278 4073 1
3159 4074 1
4073 4074 1
3410 4075 1
3289 4076 5
4075 4076 1
4924 4076 1
5258 4076 1
4853 4076 1
4076 4077 5
4078 4077 12
4603 4077 2
4495 4077 4
4034 4078 2
4081 4078 3
3289 4078 5
3780 4078 4
4077 4079 12
4078 4079 12
3786 4080 1
3336 4082 1
4082 4083 1
3336 4083 2
4066 4084 2
4065 4084 1
3336 4085 1
3467 4086 1
4081 4087 3
3780 4087 2
3133 4088 4
3408 4089 1
3336 4090 1
3336 4091 2
4090 4091 1
3133 4092 1
4092 4093 1
3133 4093 4
5219 4093 2
4088 4094 4
4093 4094 4
4088 4095 4
4093 4095 4
4093 4096 4
4088 4096 4
4093 4097 4
4088 4097 4
4088 4098 4
4093 4098 4
4100 4099 4
4793 4099 1
5541 4099 1
4338 4099 1
4045 4100 1
4697 4100 3
4574 4100 4
5154 4101 1
4100 4101 7
4317 4101 3
4099 4101 4
5541 4101 1
4793 4101 1
4899 4102 1
4099 4102 4
3099 4102 5
5311 4103 1
3316 4103 2
3159 4104 2
4103 4104 2
3117 4105 1
4107 4106 1
4105 4106 1
3117 4107 10
4807 4108 1
3094 4108 2
3100 4108 1
3649 4109 2
5472 4109 1
4109 4110 2
3649 4110 4
5788 4110 1
5739 4111 2
4110 4111 4
3270 4111 9
4150 4111 3
3382 4112 1
4112 4113 1
3159 4113 1
3136 4114 1
3138 4115 1
4114 4115 1
3278 4116 1
4116 4117 1
3159 4117 1
3206 4118 6
4119 4118 4
3206 4119 7
5533 4120 1
3780 4120 2
4820 4121 1
5605 4121 1
4120 4121 2
3936 4121 5
3936 4122 5
4121 4122 5
3382 4123 2
4653 4123 1
3159 4124 2
4123 4124 2
4123 4125 2
3703 4125 2
4480 4126 3
3266 4126 5
5138 4126 1
4126 4127 5
3123 4127 5
3117 4128 1
3573 4129 1
4129 4130 1
3573 4130 2
4132 4131 2
4129 4131 1
3223 4132 3
3573 4132 1
4131 4133 2
4132 4133 3
4129 4133 1
4129 4134 1
3573 4134 2
3638 4137 2
4619 4137 1
4139 4138 3
3723 4140 2
4915 4140 1
3159 4141 2
4140 4141 2
3166 4142 1
4068 4143 2
3159 4144 2
4143 4144 2
3682 4145 1
3682 4146 2
4145 4146 1
4145 4147 1
4148 4147 1
3223 4148 3
3682 4148 2
3682 4149 2
4145 4149 1
4148 4150 3
5217 4150 1
4145 4150 1
4145 4151 1
3682 4151 2
4145 4152 1
4148 4152 1
3682 4153 2
4145 4153 1
5217 4154 1
4148 4154 3
4145 4154 1
3270 4155 7
4154 4155 3
4895 4155 3
4157 4156 7
4155 4156 7
3270 4157 13
3199 4158 12
5140 4158 3
4901 4158 2
4178 4158 5
4145 4158 1
4148 4159 1
4145 4159 1
4145 4160 1
5217 4160 1
4148 4160 3
4160 4161 3
5821 4161 2
3270 4161 6
4161 4162 6
4157 4162 6
4145 4163 1
4148 4163 1
4145 4164 1
4148 4164 2
3408 4165 1
5515 4166 1
4165 4166 1
3408 4166 2
3408 4167 1
4165 4167 1
4509 4168 1
3534 4168 3
4165 4168 1
4168 4169 3
3534 4169 3
3161 4170 4
5022 4170 2
4165 4170 1
4170 4171 4
3161 4171 4
3210 4172 1
4172 4173 1
3159 4173 1
3358 4174 2
5718 4174 1
3358 4175 2
4174 4175 2
4049 4177 1
4177 4178 1
4179 4178 5
5466 4178 1
5901 4178 1
4452 4178 1
3487 4179 1
4453 4179 1
4049 4179 1
3196 4179 1
4177 4180 1
4049 4180 2
3703 4181 1
4181 4182 1
3159 4182 1
5318 4183 1
3193 4183 2
4183 4184 2
3401 4184 2
4046 4185 2
5059 4185 1
4087 4186 2
4326 4186 1
3294 4187 1
4189 4188 1
4187 4188 1
3294 4189 3
4187 4190 1
3859 4190 3
5694 4190 1
5648 4190 1
5694 4191 1
4187 4191 1
5648 4191 1
3294 4191 3
4187 4192 1
5648 4192 1
4193 4192 3
5694 4192 1
3294 4193 3
3723 4194 1
3159 4195 1
4194 4195 1
3908 4196 1
3159 4197 1
4196 4197 1
4326 4198 1
3074 4198 2
4400 4199 3
3074 4199 10
4788 4199 2
4795 4199 2
4198 4199 2
4199 4200 10
3466 4200 10
4199 4201 10
4202 4201 10
4216 4202 20
3074 4202 10
4440 4202 1
4202 4203 10
4199 4203 10
4205 4204 10
4400 4204 3
4199 4204 10
3074 4205 10
4199 4206 10
3350 4206 11
4206 4207 11
4399 4207 2
3350 4207 13
4209 4208 13
4207 4208 13
3350 4209 16
4284 4210 1
3620 4210 23
4207 4210 13
4762 4210 4
4410 4210 3
4331 4210 4
5509 4210 1
4762 4211 4
4410 4211 3
4212 4211 22
4207 4211 13
4331 4211 4
4284 4211 1
3350 4212 16
4772 4212 1
4285 4212 5
3348 4212 3
4207 4213 13
4209 4213 13
4331 4214 4
4284 4214 1
4410 4214 3
4762 4214 4
4207 4214 13
5509 4214 1
4212 4214 23
5509 4215 1
4207 4215 13
4216 4215 20
4762 4215 4
4284 4215 1
3350 4216 13
4772 4216 1
4285 4216 5
4202 4217 20
4215 4217 20
4410 4218 3
4331 4218 4
5509 4218 1
4284 4218 1
4212 4218 23
4207 4218 13
4762 4218 4
5509 4219 1
4762 4219 4
4284 4219 1
4220 4219 19
4207 4219 13
3350 4220 13
4285 4220 5
4772 4220 1
4209 4221 13
4207 4221 13
3350 4222 14
4406 4222 3
4207 4222 13
4209 4223 13
4207 4223 13
4207 4224 13
3350 4224 14
4224 4225 14
3561 4225 14
4207 4226 13
4209 4226 13
3466 4227 10
4199 4227 10
4199 4228 10
3466 4228 10
3407 4229 1
3157 4230 1
4230 4231 1
3159 4231 1
3278 4234 1
3159 4235 1
4234 4235 1
3894 4236 2
3232 4237 2
5334 4237 1
3548 4238 3
4240 4239 3
4242 4241 1
3312 4242 4
4242 4243 1
4241 4243 1
3857 4244 1
4246 4245 1
4244 4245 1
3857 4246 1
4246 4247 1
4244 4247 1
3161 4249 1
3161 4250 2
4249 4250 1
4478 4251 1
4252 4251 4
4249 4251 1
5015 4251 1
4947 4251 1
3638 4252 1
3161 4252 1
3744 4252 1
4511 4252 3
3079 4252 1
4947 4253 1
4478 4253 1
4252 4253 4
4249 4253 1
5015 4253 1
3161 4254 2
4249 4254 1
4254 4255 2
3416 4255 3
3117 4256 4
4255 4256 3
4107 4257 4
4256 4257 4
4107 4258 4
4256 4258 4
4107 4259 4
4256 4259 4
4256 4260 4
4107 4260 4
4256 4261 4
4107 4261 4
4256 4262 4
4107 4262 4
4256 4263 4
4107 4263 4
4256 4264 4
4107 4264 4
4256 4265 4
4107 4265 4
4256 4266 4
4107 4266 4
4256 4267 4
4107 4267 4
4254 4268 2
3503 4268 3
3505 4269 6
4425 4269 1
5495 4269 1
4268 4269 3
5861 4269 1
4268 4270 3
3922 4270 3
3922 4271 3
4268 4271 3
3922 4272 3
4268 4272 3
3505 4273 3
4268 4273 3
3416 4274 1
4249 4274 1
4249 4275 1
3503 4275 1
4249 4276 1
3161 4276 3
5818 4276 1
3161 4277 2
4249 4277 1
4249 4278 1
3161 4278 2
4278 4279 2
3479 4279 2
3917 4280 1
4280 4281 1
3159 4281 1
3477 4282 1
4282 4283 1
3159 4283 1
4285 4284 1
4552 4285 4
4360 4285 4
3842 4285 2
4284 4286 1
4287 4286 1
4285 4287 5
3404 4288 1
3572 4289 1
3651 4290 3
5785 4290 1
4289 4290 1
4290 4291 3
3159 4291 3
4289 4292 1
3651 4292 3
5785 4292 1
3159 4293 3
4292 4293 3
5223 4294 1
4046 4294 2
4983 4295 2
3355 4295 10
4294 4295 2
4720 4295 1
5081 4295 1
4474 4295 2
5753 4295 2
4854 4296 1
3971 4296 2
3404 4297 1
3608 4299 1
3558 4299 1
4298 4299 1
5262 4299 2
3278 4300 1
4300 4301 1
3159 4301 1
4047 4302 2
4794 4302 1
3278 4303 1
3159 4304 1
4303 4304 1
3456 4305 1
4305 4306 1
3456 4306 1
3564 4307 1
3157 4308 1
3159 4309 1
4308 4309 1
5071 4310 1
3166 4310 2
3407 4311 1
3332 4312 3
3698 4313 1
3698 4314 2
4313 4314 1
4314 4315 2
3698 4315 2
4100 4316 1
4100 4317 3
4316 4317 1
4793 4317 1
5154 4318 1
3099 4318 4
4317 4318 3
3382 4319 1
3159 4320 1
4319 4320 1
3094 4321 1
3094 4322 2
4321 4322 1
3094 4323 4
4321 4323 1
4583 4323 3
4046 4324 1
3223 4324 3
3971 4325 2
3223 4325 3
4087 4326 1
3222 4327 1
4326 4327 1
4087 4328 2
4326 4328 1
4326 4329 1
4087 4329 2
4329 4330 2
3222 4330 3
4330 4331 3
3350 4331 4
4331 4332 4
4209 4332 4
3690 4333 1
3278 4334 1
4334 4335 1
3159 4335 1
5220 4336 1
4337 4336 2
4100 4338 1
4045 4339 3
4099 4339 3
4099 4340 3
4045 4340 3
4343 4341 1
4045 4341 5
4099 4341 3
4099 4342 3
4045 4342 4
4099 4343 3
4045 4343 4
4099 4344 3
4045 4344 3
4099 4345 3
4045 4345 3
4045 4346 4
4099 4346 3
4341 4347 1
4343 4347 1
4346 4347 4
3099 4347 7
5154 4347 1
4346 4348 4
5523 4348 1
4349 4348 5
5060 4349 1
4045 4349 5
4346 4350 4
4349 4350 4
4346 4351 4
4352 4351 4
3094 4352 5
4045 4352 4
3099 4352 3
4099 4353 3
4045 4353 3
4041 4356 1
4041 4357 2
4356 4357 1
5697 4357 1
5009 4358 1
3316 4358 2
3159 4359 2
4358 4359 2
4034 4360 2
3223 4360 3
3703 4361 1
4361 4362 1
3159 4362 1
4683 4363 1
4947 4363 1
3201 4363 3
3382 4364 2
4826 4364 1
4364 4365 2
3159 4365 2
4364 4366 2
3388 4366 2
3159 4367 2
4364 4367 2
3316 4368 1
4368 4369 1
3159 4369 1
3428 4370 1
3936 4371 1
3936 4372 2
4371 4372 1
4371 4373 1
4046 4373 4
4632 4373 2
4046 4374 4
4373 4374 4
4371 4375 1
3237 4375 1
3163 4376 1
4378 4377 2
3572 4378 1
3382 4378 2
3159 4379 2
4377 4379 2
5071 4380 1
3166 4380 2
3278 4381 1
3159 4382 1
4381 4382 1
5281 4383 1
3611 4383 3
5522 4383 1
3382 4384 4
5400 4384 1
5253 4384 2
3159 4385 4
4384 4385 4
4387 4386 1
4386 4388 1
3159 4388 1
4390 4389 1
4386 4389 1
4387 4390 1
3346 4394 1
3346 4395 2
4394 4395 1
4397 4396 3
4794 4396 1
5927 4396 1
4394 4396 1
4511 4397 3
3558 4397 1
3346 4397 1
4047 4397 1
5927 4398 1
4794 4398 1
4397 4398 3
4394 4398 1
4394 4399 1
3348 4399 2
4394 4400 1
3074 4400 3
5595 4400 1
4394 4401 1
3346 4401 2
3348 4402 1
4394 4402 1
3657 4403 1
4394 4403 1
4394 4404 1
5595 4404 1
3348 4404 2
3346 4405 2
4394 4405 1
3348 4406 3
4394 4406 1
5595 4406 1
3561 4407 3
4406 4407 3
3346 4408 3
5190 4408 1
4394 4408 1
4394 4409 1
5595 4409 1
3348 4409 2
3348 4410 3
5595 4410 1
4394 4410 1
4394 4411 1
3348 4411 2
5595 4411 1
4394 4412 1
3346 4412 2
4062 4413 2
4412 4413 2
3438 4414 1
4414 4415 1
3289 4415 3
5380 4415 1
3289 4416 3
4415 4416 3
3703 4417 1
3159 4418 1
4417 4418 1
5147 4419 1
4046 4419 2
3278 4420 1
4420 4421 1
3159 4421 1
3720 4422 2
4810 4422 1
3558 4423 2
5802 4423 1
3089 4424 1
3161 4424 1
3336 4424 1
3534 4425 1
4425 4426 1
3416 4426 3
5818 4426 1
4426 4427 3
3117 4427 4
3123 4428 4
4427 4428 4
3679 4429 1
4429 4430 1
3679 4430 1
4431 4432 3
4434 4433 1
4433 4435 1
3159 4435 1
3210 4436 1
3159 4437 1
4436 4437 1
3698 4438 1
3232 4439 2
4903 4439 1
5071 4441 1
3166 4441 2
3438 4442 1
5720 4443 1
4442 4443 1
3289 4443 5
5769 4443 1
5627 4443 1
4950 4443 1
3690 4445 2
5732 4445 1
3690 4446 2
4445 4446 2
5281 4447 1
3611 4447 2
4680 4448 1
5294 4448 1
5171 4448 2
3099 4448 7
4570 4448 1
4993 4448 1
4448 4449 7
4054 4449 7
4434 4450 1
4450 4451 1
3159 4451 1
4453 4452 1
4605 4453 3
3320 4454 5
3099 4454 6
4570 4455 1
3091 4455 2
3206 4456 3
3089 4457 1
4458 4457 3
3408 4457 1
4460 4459 1
5288 4460 1
4832 4460 2
4459 4461 1
5851 4461 1
4820 4461 1
4462 4461 4
4460 4462 1
3426 4462 1
4604 4462 1
4588 4463 1
4461 4463 4
3225 4463 5
4465 4464 5
4461 4464 4
3780 4465 1
4202 4465 1
4462 4465 4
4464 4466 5
4923 4466 3
5833 4466 1
4502 4466 1
3225 4466 12
5068 4466 2
4966 4467 1
4468 4467 3
4885 4467 1
4459 4467 1
4460 4468 3
3679 4469 1
4469 4470 1
3696 4470 3
5416 4470 1
5911 4470 1
3358 4471 1
3358 4472 2
4471 4472 1
3355 4473 2
4472 4473 2
4471 4474 1
3358 4474 2
4979 4475 3
4880 4475 3
4674 4475 3
3971 4476 1
4476 4477 1
4854 4477 1
3971 4477 3
3638 4478 1
4478 4479 1
3638 4479 2
5194 4480 1
3307 4480 3
4478 4480 1
5746 4481 1
4478 4481 1
4482 4481 2
3638 4482 1
3142 4482 1
4656 4482 3
4482 4483 2
5746 4483 1
4478 4483 1
3245 4484 1
4478 4484 1
4478 4485 1
3307 4485 1
4478 4486 1
3638 4486 2
4478 4487 1
3643 4487 2
4487 4488 2
3821 4488 2
4478 4489 1
3638 4489 2
4478 4490 1
3638 4490 2
3435 4491 1
4993 4492 1
4680 4492 1
3099 4492 6
4491 4492 1
5294 4492 1
4570 4492 1
4492 4493 6
4064 4493 6
3780 4494 2
5440 4494 1
3780 4495 4
4503 4495 1
4494 4495 2
4494 4496 2
4087 4496 3
4087 4497 3
4496 4497 3
4494 4498 2
4643 4498 3
4499 4498 6
4960 4498 1
4081 4499 3
3289 4499 4
4034 4499 2
3780 4499 2
4499 4500 7
4501 4500 7
4643 4500 3
4494 4500 2
4960 4500 1
4643 4501 3
4960 4501 1
4494 4501 2
4499 4501 7
4465 4502 1
3780 4503 1
3723 4504 1
4504 4505 1
3159 4505 1
3278 4506 1
4506 4507 1
3159 4507 1
3936 4508 1
3161 4509 1
5795 4512 1
3481 4512 2
3507 4512 1
3206 4513 3
4979 4513 1
3159 4514 1
3382 4515 2
4514 4515 1
3159 4516 2
4515 4516 2
3477 4517 2
4515 4517 2
3438 4518 1
3438 4519 2
4518 4519 1
4519 4520 2
3438 4520 2
4519 4521 2
3076 4521 4
5752 4521 1
4521 4522 4
3076 4522 4
3860 4523 1
4523 4524 1
3860 4524 1
3700 4525 2
5450 4525 1
3171 4526 1
4526 4527 1
3159 4527 1
5253 4528 2
5400 4528 1
3382 4528 4
4528 4529 4
3159 4529 4
3278 4530 1
3159 4531 1
4530 4531 1
3099 4532 3
5666 4532 2
4532 4533 3
4352 4533 7
4583 4533 3
4352 4534 7
4533 4534 7
3382 4536 1
3159 4537 1
4536 4537 1
3358 4538 1
3234 4539 2
4539 4540 2
3159 4540 2
3278 4541 1
4541 4542 1
3159 4542 1
4434 4543 1
3159 4544 1
4543 4544 1
3462 4545 2
4545 4546 1
3462 4546 2
3462 4547 2
4546 4547 2
3679 4548 1
4548 4549 1
5709 4549 1
3696 4549 4
5658 4549 1
3159 4550 1
5768 4551 1
4552 4551 4
5349 4551 2
3223 4552 3
4037 4552 2
4551 4553 4
4285 4553 6
5270 4553 2
3917 4554 1
3159 4555 1
4554 4555 1
4434 4556 1
3159 4557 1
4556 4557 1
4955 4559 1
3936 4559 2
4068 4560 1
4560 4561 1
3159 4561 1
3196 4562 1
4562 4563 1
5901 4563 1
3196 4563 3
4565 4564 2
3099 4565 1
3320 4565 3
4564 4566 2
4567 4566 2
4565 4567 2
3780 4568 1
4568 4569 1
3780 4569 2
5069 4569 1
4045 4570 1
4454 4571 7
4448 4571 6
4838 4571 1
3327 4572 3
4570 4572 1
5935 4572 1
4574 4573 4
4572 4573 3
5917 4573 1
4045 4574 4
3327 4574 8
4572 4575 3
3326 4575 3
4574 4575 6
3091 4576 2
4570 4576 1
3094 4577 2
4570 4577 1
4570 4578 1
3091 4578 2
4578 4579 2
4570 4579 1
5615 4579 1
3094 4579 5
5171 4579 2
3099 4580 1
4570 4580 1
4570 4581 1
3094 4581 2
5479 4582 2
4108 4582 4
4581 4582 2
3094 4583 3
4581 4583 2
4583 4584 2
4019 4584 2
4570 4585 1
4100 4585 2
4602 4586 1
4574 4586 4
5895 4586 1
4570 4586 1
5523 4586 1
4570 4587 1
4045 4587 1
4589 4588 1
4607 4589 3
3908 4590 1
4590 4591 1
3159 4591 1
3234 4592 1
4592 4593 1
3159 4593 1
3303 4595 1
4597 4596 1
4595 4596 1
3675 4597 1
3303 4597 1
4595 4598 1
4597 4598 1
3402 4599 1
3828 4600 1
4600 4601 1
3425 4601 1
4045 4602 1
4034 4603 2
5263 4603 1
4605 4604 3
4607 4606 3
3469 4608 1
3159 4609 1
4608 4609 1
5698 4610 1
4325 4610 2
3928 4611 1
4611 4612 1
3903 4612 1
3094 4613 2
4793 4613 1
3094 4614 2
4613 4614 2
4613 4615 2
4352 4615 2
3324 4616 2
4631 4616 1
3651 4617 1
3159 4618 1
4617 4618 1
3638 4619 1
4619 4620 1
3428 4620 2
4620 4621 2
3428 4621 2
3171 4623 1
3159 4624 1
4623 4624 1
3402 4625 1
3402 4626 2
4625 4626 1
4626 4627 2
3402 4627 2
4626 4628 2
3744 4628 3
3744 4629 3
4628 4629 3
5756 4630 1
3324 4631 1
4940 4632 1
3780 4632 2
4035 4633 1
3566 4633 3
4892 4634 1
5724 4634 1
3178 4634 4
5078 4634 1
3178 4635 4
4634 4635 4
3196 4636 1
3196 4637 3
4636 4637 1
5901 4637 1
3382 4638 1
3159 4639 1
4638 4639 1
3388 4640 1
3159 4641 1
4640 4641 1
3410 4642 1
3289 4643 3
5248 4643 1
4642 4643 1
3245 4645 2
5746 4645 1
3232 4646 1
3403 4647 1
3159 4648 1
4648 4649 1
3316 4649 2
3159 4650 2
4649 4650 2
3406 4651 1
3159 4652 1
3159 4653 1
3210 4654 1
3159 4655 1
4654 4655 1
5559 4657 1
3690 4657 2
4659 4658 5
4911 4660 1
5126 4660 1
3696 4660 3
3159 4661 1
3382 4662 2
4661 4662 1
4662 4663 2
3159 4663 2
4662 4664 2
3159 4664 2
3210 4665 2
4665 4666 2
3159 4666 2
3548 4667 3
4046 4668 1
3561 4669 1
4668 4669 1
3744 4670 1
3828 4672 1
4672 4673 1
3571 4673 1
3206 4674 6
3742 4674 4
3382 4675 1
3159 4676 1
4675 4676 1
4723 4677 2
3278 4677 3
4675 4677 1
3324 4678 2
5760 4678 1
3089 4680 1
3157 4681 1
3159 4682 1
4681 4682 1
4039 4683 1
3469 4685 1
3159 4686 1
4685 4686 1
3803 4687 2
4968 4687 1
3712 4689 1
3159 4690 1
4689 4690 1
3382 4691 1
4691 4692 1
3159 4692 1
4108 4693 2
4851 4693 1
3210 4694 1
3159 4695 1
4694 4695 1
5420 4696 1
3210 4698 1
3159 4699 1
4698 4699 1
3438 4704 1
5440 4705 1
4704 4705 1
4706 4705 2
3780 4706 1
3438 4706 1
4704 4707 1
3438 4707 1
5781 4708 1
3438 4708 2
4704 4708 1
3917 4709 1
4709 4710 1
3159 4710 1
3376 4711 2
5490 4711 1
3316 4712 2
5672 4712 1
4712 4713 2
3159 4713 2
3159 4714 1
3394 4715 2
4715 4716 2
3394 4716 3
3089 4717 1
3431 4718 1
4719 4718 2
3147 4718 1
3148 4719 2
3558 4720 1
3462 4721 1
3382 4723 2
5233 4723 1
3159 4724 2
4723 4724 2
4434 4725 1
3159 4726 1
4725 4726 1
3594 4727 1
3159 4728 1
4727 4728 1
3971 4729 2
4854 4729 1
5518 4730 1
3783 4730 2
3291 4731 2
4730 4731 2
3079 4732 2
5532 4732 1
3159 4733 1
3316 4734 2
4733 4734 1
3159 4735 2
4734 4735 2
3089 4736 1
5390 4737 1
4933 4737 1
3099 4737 5
5171 4737 2
4736 4737 1
3166 4738 2
5697 4738 1
3166 4739 2
4738 4739 2
3382 4740 1
4740 4741 1
5794 4741 1
3159 4741 2
3382 4742 2
4742 4743 1
3159 4743 1
3159 4744 1
4742 4744 1
3866 4745 1
4747 4746 1
4745 4746 1
3866 4747 1
3171 4748 1
3159 4749 1
4748 4749 1
3852 4750 1
4846 4751 1
4750 4751 1
4752 4751 2
3188 4752 1
3854 4752 1
3852 4752 1
3263 4753 3
4901 4753 2
4753 4754 3
3123 4754 3
3123 4755 3
4753 4755 3
3234 4756 2
3159 4757 2
4756 4757 2
4854 4758 1
3971 4758 2
3358 4760 1
4760 4761 1
3842 4761 2
5040 4762 1
4761 4762 2
4285 4762 4
4762 4763 4
4287 4763 4
4287 4764 4
4762 4764 4
4287 4765 4
4762 4765 4
3171 4766 1
3159 4767 1
4766 4767 1
4434 4768 1
4768 4769 1
3159 4769 1
3828 4770 1
3425 4771 1
4770 4771 1
4552 4772 2
4773 4774 3
4773 4775 3
4773 4776 1
5639 4776 2
4773 4777 3
4979 4778 1
5103 4778 1
5102 4778 1
4565 4779 1
3403 4780 1
3152 4781 2
3744 4782 2
5010 4782 1
4387 4783 1
4783 4784 1
3159 4784 1
4046 4785 1
4785 4786 1
4324 4786 2
5934 4787 1
3424 4787 2
4785 4787 1
4785 4788 1
3074 4788 2
4324 4789 1
4785 4789 1
5445 4790 1
3316 4790 2
3159 4791 2
4790 4791 2
4100 4793 1
4047 4794 1
3074 4795 2
4794 4795 1
4794 4796 1
3313 4796 1
4047 4797 2
4794 4797 1
4829 4798 1
4794 4798 1
4047 4798 3
4047 4799 2
4794 4799 1
3213 4800 1
4794 4800 1
4794 4801 1
4802 4801 1
4047 4802 1
4794 4803 1
3215 4803 1
4802 4804 1
4794 4804 1
3477 4805 1
4805 4806 1
3159 4806 1
4697 4807 3
3720 4810 1
3408 4811 1
3105 4812 1
3382 4813 2
5233 4813 1
4813 4814 2
3159 4814 2
4813 4815 2
3157 4815 2
3278 4816 1
4816 4817 1
3159 4817 1
4594 4819 1
3426 4820 1
4822 4821 1
3382 4822 1
4821 4823 1
3159 4823 1
4825 4824 1
3206 4825 3
3159 4826 1
3278 4827 1
4827 4828 1
3159 4828 1
4047 4829 1
4830 4831 3
3314 4833 2
5880 4833 1
3260 4834 1
3278 4835 1
4835 4836 1
3159 4836 1
3314 4837 3
5880 4837 1
5688 4837 1
4454 4838 1
3469 4839 1
3159 4840 1
4839 4840 1
3324 4841 3
3223 4841 3
3278 4842 1
4842 4843 1
3159 4843 1
5877 4844 1
3316 4844 2
3159 4845 2
4844 4845 2
3188 4846 1
3171 4847 1
3159 4848 1
4847 4848 1
3320 4849 3
3320 4850 4
3100 4851 1
3091 4852 1
4851 4852 1
3698 4853 1
3971 4854 1
4854 4855 1
3245 4855 1
4854 4856 1
4325 4856 1
4854 4857 1
3971 4857 2
4854 4858 1
4325 4858 1
4854 4859 1
4325 4859 2
3794 4860 6
5073 4860 2
4859 4860 2
3796 4861 6
4860 4861 6
3091 4863 1
3924 4864 1
3651 4865 1
4865 4866 1
3159 4866 1
3744 4867 1
3196 4868 2
4031 4868 3
3171 4869 1
3159 4870 1
4869 4870 1
3159 4871 1
4871 4872 1
3316 4872 2
3159 4873 2
4872 4873 2
3803 4874 1
3171 4876 1
4876 4877 1
3159 4877 1
4876 4878 1
4068 4878 1
3174 4879 1
3206 4880 6
3171 4881 1
3159 4882 1
4881 4882 1
3234 4883 1
4883 4884 1
3159 4884 1
4460 4885 1
4887 4886 1
4885 4886 1
4460 4887 1
3278 4888 1
3159 4889 1
4888 4889 1
3828 4890 1
4890 4891 1
3425 4891 1
3696 4892 1
3428 4893 1
3428 4894 2
4893 4894 1
5535 4895 2
3945 4895 3
3382 4896 1
3159 4897 1
4896 4897 1
4896 4898 1
4822 4898 1
4567 4899 2
4564 4899 1
4899 4900 1
3421 4900 1
5746 4901 1
3144 4901 2
3408 4902 1
3232 4903 1
3232 4904 2
4903 4904 1
4903 4905 1
3232 4905 2
3245 4906 2
4903 4906 1
3495 4907 1
4903 4907 1
3495 4908 1
4903 4908 1
5015 4909 1
3150 4909 2
4903 4909 1
3203 4910 2
4994 4910 1
3679 4911 1
3234 4912 1
4912 4913 1
3159 4913 1
5077 4914 1
3828 4915 1
4915 4916 1
3723 4916 2
4916 4917 2
3159 4917 2
3376 4918 2
5490 4918 1
3174 4919 1
3142 4920 1
5746 4921 1
3142 4921 3
4920 4921 1
4202 4922 1
4922 4923 1
4465 4923 3
4940 4923 1
3288 4924 1
3712 4925 1
4925 4926 1
3159 4926 1
3144 4927 2
5746 4927 1
3278 4928 1
4928 4929 1
3159 4929 1
3294 4930 1
3294 4931 1
4930 4931 1
4930 4932 1
4189 4932 2
5648 4932 1
3780 4933 1
5290 4935 2
4934 4935 1
3651 4936 1
4936 4937 1
3159 4937 1
5626 4938 1
3316 4938 2
4938 4939 2
3159 4939 2
3780 4940 1
3561 4941 1
4940 4941 1
4940 4942 1
3780 4942 1
3352 4943 1
4940 4943 1
4940 4944 1
3352 4944 1
3388 4945 1
3159 4946 1
4945 4946 1
3744 4947 1
3103 4948 3
4947 4948 1
5428 4948 1
4948 4949 3
4056 4949 3
3698 4950 1
3278 4951 1
3159 4952 1
4951 4952 1
3196 4953 2
5901 4953 1
4802 4954 1
3936 4955 1
3407 4956 1
5250 4957 1
3572 4957 2
4957 4958 2
3382 4958 3
4958 4959 3
3159 4959 3
4034 4960 1
5595 4962 1
5936 4962 1
3076 4962 3
4434 4963 1
3679 4964 1
3404 4965 1
4460 4966 1
4966 4967 1
4468 4967 1
4969 4968 1
3803 4970 2
4968 4970 1
4968 4971 1
3803 4971 2
5368 4972 1
4968 4972 1
3803 4972 3
5901 4973 1
3196 4973 2
3171 4974 1
4974 4975 1
3159 4975 1
3403 4976 1
4434 4977 1
4977 4978 1
3159 4978 1
5071 4980 1
3245 4980 2
3210 4981 1
4981 4982 1
3159 4982 1
5595 4983 1
3076 4983 2
3788 4984 1
3723 4985 1
3159 4986 1
4985 4986 1
5460 4987 2
5901 4987 1
3336 4987 4
4987 4988 4
3336 4988 4
3382 4989 1
4989 4990 1
3159 4990 1
3278 4991 1
4991 4992 1
3159 4992 1
3780 4993 1
3203 4994 1
3203 4995 2
4994 4995 1
3278 4996 1
4996 4997 1
3159 4997 1
4434 4998 1
3159 4999 1
4998 4999 1
5855 5002 1
3324 5002 2
3324 5003 2
5002 5003 2
3206 5004 3
3786 5005 1
3275 5006 3
3157 5007 2
5233 5007 1
5007 5008 2
3159 5008 2
3159 5009 1
3744 5010 1
3917 5011 1
5011 5012 1
3159 5012 1
3142 5013 2
5746 5013 1
3679 5014 1
3079 5015 1
3245 5016 2
5015 5016 1
5015 5017 1
3553 5017 1
3283 5018 2
5015 5018 1
5018 5019 2
4057 5019 2
4057 5020 2
5018 5020 2
5359 5022 1
4868 5022 2
3208 5023 3
5022 5023 2
3208 5024 3
5023 5024 3
3828 5027 1
3571 5028 1
5027 5028 1
3908 5029 1
5029 5030 1
3159 5030 1
3278 5031 1
3159 5032 1
5031 5032 1
3350 5033 1
5033 5034 1
3586 5034 1
3166 5035 1
3306 5036 1
3245 5037 2
5880 5037 1
3278 5038 1
5038 5039 1
3159 5039 1
4285 5040 1
3405 5041 1
3405 5042 2
5855 5042 1
5041 5042 1
3234 5044 1
5044 5045 1
3159 5045 1
3703 5046 1
5046 5047 1
3159 5047 1
4285 5048 1
3933 5049 2
3698 5050 1
3289 5051 5
5667 5051 1
5803 5051 1
5733 5051 1
5050 5051 1
5870 5052 2
4050 5052 3
4050 5053 3
5052 5053 3
3245 5054 2
5861 5054 1
3828 5055 1
5055 5056 1
3571 5056 1
3234 5057 1
3159 5058 1
5057 5058 1
4046 5059 1
3825 5061 1
3715 5061 1
3382 5062 1
3159 5063 1
5062 5063 1
3278 5064 1
3159 5065 1
5064 5065 1
3117 5066 1
3711 5067 1
5066 5067 1
4465 5068 2
3780 5069 1
5326 5070 1
3780 5070 2
5069 5070 1
3166 5071 1
3727 5072 1
5071 5072 1
3727 5073 2
5071 5073 1
5071 5074 1
3166 5074 2
5071 5075 1
3727 5075 1
3407 5076 1
3176 5078 1
3408 5079 1
5515 5080 1
3408 5080 2
5079 5080 1
3936 5081 1
4050 5082 1
4050 5083 2
5082 5083 1
4050 5084 2
5082 5084 1
4050 5085 2
5082 5085 1
3159 5087 1
5087 5088 1
3382 5088 2
5088 5089 2
3159 5089 2
4378 5090 2
5088 5090 2
4434 5091 1
3159 5092 1
5091 5092 1
5233 5093 1
3171 5093 2
3159 5094 2
5093 5094 2
3278 5095 1
5095 5096 1
3159 5096 1
4041 5098 1
5098 5099 1
4041 5099 1
3278 5100 1
5100 5101 1
3159 5101 1
5104 5105 3
3225 5106 3
5344 5106 1
5927 5106 1
4045 5107 1
5107 5108 1
3114 5108 2
5457 5108 1
3099 5109 1
5107 5109 1
5362 5110 1
4378 5110 2
3159 5111 2
5110 5111 2
4434 5112 1
5112 5113 1
3159 5113 1
5112 5114 1
4963 5114 1
3278 5115 1
3159 5116 1
5115 5116 1
5440 5117 1
4499 5117 4
5263 5117 1
5627 5117 1
5117 5118 4
4499 5118 4
5250 5119 1
3572 5119 2
3828 5120 2
5119 5120 2
3828 5121 2
5119 5121 2
3426 5122 1
3426 5123 1
5122 5123 1
3594 5124 1
5124 5125 1
3159 5125 1
3747 5126 1
3159 5127 1
5127 5128 1
3316 5128 2
5128 5129 2
3159 5129 2
3469 5130 1
3159 5131 1
5130 5131 1
3278 5132 1
5132 5133 1
3159 5133 1
3945 5135 3
5535 5135 2
3525 5136 1
3266 5138 1
5273 5139 1
5274 5139 1
3270 5140 3
5514 5140 2
4157 5141 3
5140 5141 3
5140 5142 3
4157 5142 3
3828 5143 1
3571 5144 1
5143 5144 1
3278 5145 1
5145 5146 1
3159 5146 1
4046 5147 1
3171 5149 1
3159 5150 1
5149 5150 1
3828 5151 1
5151 5152 1
3571 5152 1
4100 5154 1
3099 5155 2
5154 5155 1
5478 5155 1
3316 5156 2
5329 5156 1
5156 5157 2
3159 5157 2
3469 5158 1
5158 5159 1
3159 5159 1
3895 5160 1
4038 5161 1
3565 5162 1
5161 5162 1
5472 5163 1
3649 5163 2
5163 5164 2
3275 5164 3
5006 5165 3
5164 5165 3
5167 5166 1
5649 5168 1
3278 5169 2
5233 5169 1
5169 5170 2
3159 5170 2
4045 5171 2
5478 5171 1
4574 5172 3
3326 5172 3
3744 5173 1
3206 5174 3
5764 5175 1
4048 5175 3
4048 5176 3
5175 5176 3
3388 5177 1
3159 5178 1
5177 5178 1
3382 5179 1
3159 5180 1
5179 5180 1
3405 5181 1
3159 5182 1
3316 5183 2
5182 5183 1
5183 5184 2
3159 5184 2
3089 5185 1
5185 5186 1
4457 5186 3
5515 5186 1
4457 5187 3
5186 5187 3
5185 5188 1
3089 5188 2
5724 5188 1
5690 5189 1
3089 5189 2
5185 5189 1
3346 5190 1
3089 5191 1
5472 5192 1
3114 5192 2
5191 5192 1
3747 5193 1
3638 5194 1
5309 5195 1
3444 5195 2
5203 5196 5
3117 5196 6
5198 5197 6
5196 5197 6
3117 5198 6
3908 5200 1
3159 5201 1
5200 5201 1
5495 5202 1
3416 5202 2
3117 5203 5
5862 5203 2
5202 5203 2
5203 5204 5
5198 5204 5
5203 5205 5
4107 5205 5
5203 5206 5
5198 5206 5
3388 5207 1
5207 5208 1
3159 5208 1
3450 5209 1
5782 5210 1
5211 5210 2
3716 5211 3
3336 5211 1
5782 5212 1
5211 5212 4
5861 5212 1
5210 5212 2
3206 5213 3
3206 5214 3
4822 5215 1
5215 5216 1
3159 5216 1
3682 5217 1
5841 5218 1
3428 5218 2
5472 5219 1
3649 5219 2
4046 5223 1
5223 5224 1
4046 5224 2
5224 5225 2
4062 5225 2
5223 5226 1
3352 5226 1
4822 5227 1
3159 5228 1
5227 5228 1
3917 5229 1
3159 5230 1
5229 5230 1
3854 5231 1
5231 5232 1
4752 5232 1
3572 5233 1
5233 5234 1
3171 5234 2
5234 5235 2
3159 5235 2
3171 5236 2
5233 5236 1
3159 5237 2
5236 5237 2
3157 5238 2
5233 5238 1
5238 5239 2
3159 5239 2
3157 5240 2
5233 5240 1
3159 5241 2
5240 5241 2
3908 5242 1
3159 5243 1
5242 5243 1
3712 5244 2
3159 5245 2
5244 5245 2
3382 5246 1
5246 5247 1
3159 5247 1
3438 5248 1
3406 5249 1
5251 5250 1
5250 5252 1
5251 5252 1
3572 5253 2
5250 5253 1
5253 5254 2
3382 5254 3
5254 5255 3
3159 5255 3
3971 5256 2
5913 5256 1
3971 5257 2
5256 5257 2
3438 5258 1
3558 5259 1
3382 5260 1
5260 5261 1
3159 5261 1
4034 5263 1
4360 5264 3
5263 5264 1
5584 5264 1
4285 5265 3
5264 5265 3
5263 5266 1
5344 5266 1
3561 5266 2
5740 5267 1
5263 5267 1
5440 5267 1
3561 5267 3
5263 5268 1
3074 5268 1
4360 5269 1
5263 5269 1
5263 5270 1
4360 5270 2
5263 5271 1
4360 5271 1
3594 5275 1
5275 5276 1
3159 5276 1
3171 5278 1
5278 5279 1
3159 5279 1
3611 5281 1
5281 5282 1
3245 5282 1
5281 5283 1
3836 5283 1
5281 5284 1
3611 5284 2
3611 5285 2
5281 5285 1
3651 5286 1
5286 5287 1
3159 5287 1
5049 5289 2
4001 5289 1
5920 5289 1
3278 5292 1
5292 5293 1
3159 5293 1
3422 5294 1
3099 5295 1
5294 5295 1
3388 5296 1
5296 5297 1
3159 5297 1
3611 5298 1
4041 5299 1
5901 5300 1
3196 5300 2
3828 5301 1
5301 5302 1
3571 5302 1
3189 5303 1
5303 5304 1
5398 5304 1
3189 5304 3
3917 5305 1
3159 5306 1
5305 5306 1
4035 5307 1
4633 5308 1
5307 5308 1
4969 5309 1
3803 5310 2
5309 5310 1
3159 5311 1
3408 5312 1
5273 5313 1
5274 5313 1
3142 5314 2
5746 5314 1
3408 5315 1
3142 5316 1
5316 5317 1
3142 5317 2
3193 5318 1
3576 5319 3
4979 5319 3
4118 5319 3
3382 5320 1
5320 5321 1
3159 5321 1
3076 5322 2
5595 5322 1
3404 5323 1
5508 5324 2
3404 5324 3
5323 5324 1
3159 5325 1
3780 5326 1
3382 5327 1
3159 5328 1
5327 5328 1
3159 5329 1
5344 5330 1
4552 5330 2
5330 5331 2
4772 5331 2
3278 5332 1
5332 5333 1
3159 5333 1
3232 5334 1
3936 5335 1
3936 5336 2
5335 5336 1
3336 5337 1
4424 5338 1
5337 5338 1
3336 5339 2
5337 5339 1
3278 5340 1
3159 5341 1
5340 5341 1
3917 5342 1
3159 5343 1
5342 5343 1
4037 5344 1
5344 5345 1
5472 5345 1
3091 5345 3
5344 5346 1
5347 5346 1
4037 5347 1
3074 5348 1
5344 5348 1
4552 5349 2
5344 5349 1
5344 5350 1
4552 5350 1
3407 5351 1
3314 5352 3
5535 5352 2
5880 5352 1
5927 5353 1
5408 5353 1
4299 5353 3
4058 5354 3
5353 5354 3
3157 5355 1
3159 5356 1
5355 5356 1
5490 5357 1
3376 5357 2
3196 5359 1
4378 5360 1
5360 5361 1
3159 5361 1
3572 5362 1
3406 5363 1
3171 5364 1
3159 5365 1
5364 5365 1
3403 5366 1
3201 5367 1
4969 5368 1
3407 5369 1
3477 5370 1
3159 5371 1
5370 5371 1
3403 5372 1
5372 5373 1
3403 5373 1
3408 5374 1
3159 5375 1
5375 5376 1
3316 5376 2
5376 5377 2
3159 5377 2
3423 5378 1
3394 5379 2
3410 5380 1
3278 5381 1
3159 5382 1
5381 5382 1
3828 5383 1
5383 5384 1
3425 5384 1
3388 5385 1
3159 5386 1
5385 5386 1
3234 5388 1
3159 5389 1
5388 5389 1
3422 5390 1
5390 5391 1
3099 5391 1
3234 5393 1
5393 5394 1
3159 5394 1
4068 5395 1
5395 5396 1
3159 5396 1
3438 5397 1
3189 5398 1
3406 5399 1
3828 5400 1
5623 5401 1
3316 5401 2
5401 5402 2
3159 5402 2
3278 5403 1
3159 5404 1
5403 5404 1
3747 5405 1
3908 5406 1
5406 5407 1
3159 5407 1
3608 5408 1
5408 5409 1
5410 5409 1
3608 5410 1
4033 5411 1
4033 5412 1
5411 5412 1
3518 5413 1
3157 5414 1
3159 5415 1
5414 5415 1
3747 5416 1
3278 5418 1
3159 5419 1
5418 5419 1
3864 5422 1
5422 5423 1
5424 5423 1
3864 5424 1
3382 5425 1
3159 5426 1
5425 5426 1
3518 5427 1
4457 5428 1
5428 5429 1
5430 5429 1
4457 5430 1
3408 5431 1
3157 5432 1
5432 5433 1
3159 5433 1
3108 5434 1
3263 5435 1
3278 5436 1
5436 5437 1
3159 5437 1
3917 5438 1
3159 5439 1
5438 5439 1
3780 5440 1
5440 5441 1
3780 5441 1
5440 5442 1
3780 5442 1
4822 5443 1
5443 5444 1
3159 5444 1
3159 5445 1
5447 5446 2
3094 5446 2
3094 5447 2
5446 5447 2
5446 5448 2
5813 5448 1
3094 5448 3
5211 5449 1
5212 5449 1
3477 5451 2
5451 5452 1
3159 5452 1
3382 5453 1
5453 5454 1
3159 5454 1
3234 5455 1
3159 5456 1
5455 5456 1
3089 5457 1
5457 5458 1
4424 5458 1
4424 5459 1
5457 5459 1
3089 5460 2
5457 5460 1
3299 5461 1
3210 5462 1
5462 5463 1
3159 5463 1
3803 5464 1
3646 5465 1
3487 5466 1
3917 5467 1
5467 5468 1
3159 5468 1
3828 5469 1
5469 5470 1
3571 5470 1
4042 5472 1
3245 5473 1
5472 5473 1
5472 5474 1
3649 5474 1
3410 5475 1
3382 5476 1
3159 5477 1
5476 5477 1
4807 5478 1
5478 5479 1
4108 5479 2
5478 5480 1
3099 5480 1
5478 5481 1
4807 5481 1
4285 5482 1
5048 5483 1
5482 5483 1
3388 5485 1
3159 5486 1
5485 5486 1
3171 5487 1
3159 5488 1
5487 5488 1
3624 5489 1
3376 5490 1
3245 5491 2
5490 5491 1
5490 5492 1
3112 5492 1
3278 5493 1
3159 5494 1
5493 5494 1
3161 5495 1
5495 5496 1
3505 5496 2
5861 5496 1
3234 5497 1
3159 5498 1
5497 5498 1
3278 5499 1
3159 5500 1
5499 5500 1
3358 5501 1
3477 5502 1
3159 5503 1
5502 5503 1
3675 5504 1
4597 5505 1
5504 5505 1
4597 5506 1
5504 5506 1
3404 5507 1
5507 5508 1
3404 5508 2
4772 5509 1
5509 5510 1
5511 5510 1
4772 5511 1
5511 5512 1
5509 5512 1
3324 5513 1
5513 5514 1
4841 5514 2
3408 5515 1
4068 5516 1
5516 5517 1
3159 5517 1
3783 5518 1
3382 5519 1
5519 5520 1
3159 5520 1
5927 5521 1
3558 5521 2
3611 5522 1
4045 5523 1
5523 5524 1
3099 5524 1
3171 5525 1
3159 5526 1
5525 5526 1
3908 5527 1
5527 5528 1
3159 5528 1
3346 5529 2
5752 5529 1
3278 5530 1
3159 5531 1
5530 5531 1
3079 5532 1
3780 5533 1
4041 5534 1
5880 5535 1
3314 5535 2
3171 5536 1
3159 5537 1
5536 5537 1
3828 5538 1
3425 5539 1
5538 5539 1
4100 5541 1
3723 5542 1
5542 5543 1
3159 5543 1
3278 5544 1
5544 5545 1
3159 5545 1
3703 5546 1
5546 5547 1
3159 5547 1
3518 5548 1
3159 5549 1
3593 5549 1
3572 5550 1
5550 5551 1
3723 5551 2
5551 5552 2
3159 5552 2
3171 5553 1
3159 5554 1
5553 5554 1
3643 5556 1
3402 5557 1
3159 5558 1
3690 5559 1
5559 5560 1
3992 5560 2
4049 5561 2
5901 5561 1
5561 5562 2
4049 5562 2
3278 5564 1
5564 5565 1
3159 5565 1
3933 5566 1
3703 5567 1
3159 5568 1
5567 5568 1
3849 5569 1
5569 5570 1
5571 5570 1
3849 5571 1
3848 5571 1
3850 5571 1
3278 5572 1
5572 5573 1
3159 5573 1
3278 5574 1
3159 5575 1
5574 5575 1
3159 5576 1
5576 5577 1
3316 5577 2
5577 5578 2
3159 5578 2
3288 5579 1
5579 5580 1
3288 5580 1
4047 5581 2
5579 5581 1
5581 5582 2
4047 5582 2
3573 5583 2
5876 5583 1
4034 5584 1
3210 5585 1
3159 5586 1
5585 5586 1
3908 5587 1
5587 5588 1
3159 5588 1
3316 5589 1
5589 5590 1
3159 5590 1
3171 5591 1
3159 5592 1
5591 5592 1
3594 5593 1
3159 5594 1
5593 5594 1
3076 5595 1
3908 5596 1
3159 5597 1
5596 5597 1
3159 5598 1
3316 5599 2
5598 5599 1
3159 5600 2
5599 5600 2
3908 5601 1
5601 5602 1
3159 5602 1
3828 5603 1
3425 5604 1
5603 5604 1
4046 5605 1
4046 5606 2
5605 5606 1
3917 5607 1
5607 5608 1
3159 5608 1
3278 5609 1
5609 5610 1
3159 5610 1
3278 5611 1
5611 5612 1
3159 5612 1
3885 5613 1
3435 5615 1
5615 5616 1
5791 5616 1
3091 5616 2
3278 5617 1
5617 5618 1
3159 5618 1
3278 5619 1
3159 5620 1
5619 5620 1
4434 5621 1
3159 5622 1
5621 5622 1
3159 5623 1
4434 5624 1
3159 5625 1
5624 5625 1
3159 5626 1
3289 5627 1
3382 5629 2
5840 5629 1
5629 5630 2
3159 5630 2
3594 5631 2
5629 5631 2
4068 5632 1
5632 5633 1
3159 5633 1
4822 5634 1
5634 5635 1
3159 5635 1
3679 5636 1
5923 5637 1
5636 5637 1
3696 5637 4
5808 5637 1
3388 5641 1
3159 5642 1
5641 5642 1
3234 5643 1
3159 5644 1
5643 5644 1
3171 5645 1
3159 5646 1
5645 5646 1
4046 5647 1
3294 5648 1
3908 5650 1
5650 5651 1
3159 5651 1
3643 5652 1
3594 5655 1
3159 5656 1
5655 5656 1
5701 5657 1
4041 5658 1
3234 5659 1
5659 5660 1
3159 5660 1
3495 5661 1
3171 5662 1
3159 5663 1
5662 5663 1
3534 5664 1
3100 5665 1
3100 5666 2
5665 5666 1
3288 5667 1
3850 5668 1
5668 5669 1
5571 5669 1
3469 5670 1
5670 5671 1
3159 5671 1
3159 5672 1
3558 5673 1
4050 5674 2
5734 5674 1
3917 5675 1
3159 5676 1
5675 5676 1
3278 5677 1
3159 5678 1
5677 5678 1
3803 5679 1
3469 5680 1
3159 5681 1
5680 5681 1
3091 5682 1
3094 5683 1
5682 5683 1
3234 5684 1
5684 5685 1
3159 5685 1
3744 5686 1
3406 5687 1
3314 5688 1
3292 5689 1
3089 5690 1
3288 5691 1
3171 5692 1
3159 5693 1
5692 5693 1
3294 5694 1
3550 5695 1
5695 5696 1
3159 5696 1
4041 5697 1
3971 5698 1
3703 5699 1
3159 5700 1
5699 5700 1
3406 5702 1
3234 5703 1
3159 5704 1
5703 5704 1
5852 5705 1
3316 5705 2
3159 5706 2
5705 5706 2
3234 5707 2
3159 5708 2
5707 5708 2
3747 5709 1
3171 5710 1
3159 5711 1
5710 5711 1
3174 5712 1
4850 5713 1
3712 5716 1
5716 5717 1
3159 5717 1
3410 5718 1
3895 5719 1
3288 5720 1
3316 5721 2
5910 5721 1
5721 5722 2
3159 5722 2
3438 5723 1
3089 5724 1
3089 5725 1
5724 5725 1
3263 5726 1
5435 5727 1
5726 5727 1
4068 5728 1
5728 5729 1
3159 5729 1
4378 5730 1
5730 5731 1
3159 5731 1
3079 5732 1
3438 5733 1
4050 5734 1
3278 5735 1
3159 5736 1
5735 5736 1
3324 5737 1
4841 5738 2
5737 5738 1
4841 5739 2
5737 5739 1
4037 5740 1
3234 5741 1
5741 5742 1
3159 5742 1
3895 5743 1
3469 5744 1
5744 5745 1
3159 5745 1
3142 5746 1
5746 5747 1
3144 5747 1
5746 5748 1
3144 5748 1
3144 5749 1
5746 5749 1
3828 5750 1
5750 5751 1
3425 5751 1
3346 5752 1
3346 5753 2
5752 5753 1
3828 5754 1
5754 5755 1
3425 5755 1
5319 5756 2
3171 5758 1
5758 5759 1
3159 5759 1
3324 5760 1
3245 5761 1
5760 5761 1
5760 5762 1
4841 5762 1
5901 5763 1
3963 5763 2
4030 5764 1
3550 5766 1
5766 5767 1
3159 5767 1
4037 5768 1
3410 5769 1
3171 5770 1
5770 5771 1
3159 5771 1
3171 5772 1
3159 5773 1
5772 5773 1
3404 5774 1
4565 5775 1
4565 5776 2
5775 5776 1
4565 5777 2
5776 5777 2
3550 5778 1
3159 5779 1
5778 5779 1
3438 5781 1
5211 5782 1
3828 5783 1
3425 5784 1
5783 5784 1
3572 5785 1
4042 5788 1
3278 5789 1
3159 5790 1
5789 5790 1
3327 5791 1
3278 5792 1
5792 5793 1
3159 5793 1
3382 5794 1
3148 5795 1
3828 5796 1
5796 5797 1
3425 5797 1
3917 5798 1
5798 5799 1
3159 5799 1
3848 5800 1
5800 5801 1
5571 5801 1
3558 5802 1
3410 5803 1
3260 5804 1
4834 5805 1
5804 5805 1
3157 5806 1
3159 5807 1
5806 5807 1
4041 5808 1
3638 5809 1
3408 5810 1
5865 5811 1
3822 5811 2
5810 5811 1
3408 5812 1
5810 5812 1
3094 5813 1
3278 5814 1
5814 5815 1
3159 5815 1
5880 5817 1
3314 5817 2
3161 5818 1
5818 5819 1
4424 5819 1
3159 5820 1
5451 5820 1
3945 5821 2
5880 5821 1
3324 5822 1
3203 5823 1
5823 5824 1
3525 5824 1
4068 5825 1
3159 5826 1
5825 5826 1
4045 5827 1
5827 5828 1
4045 5828 1
3917 5829 1
5829 5830 1
3159 5830 1
3712 5831 1
5831 5832 1
3159 5832 1
4465 5833 1
4822 5835 1
3159 5836 1
5835 5836 1
3278 5838 1
3159 5839 1
5838 5839 1
3159 5840 1
3428 5841 1
3712 5842 1
3159 5843 1
5842 5843 1
3564 5844 1
3336 5845 1
3114 5846 1
5845 5846 1
3408 5847 1
5847 5848 1
3408 5848 1
3404 5849 1
3956 5850 1
4604 5851 1
3159 5852 1
3157 5853 1
5853 5854 1
3159 5854 1
3405 5855 1
3278 5856 1
3159 5857 1
5856 5857 1
3382 5858 1
3159 5859 1
5858 5859 1
3469 5860 1
5858 5860 1
3336 5861 1
5861 5862 1
3938 5862 2
3938 5863 1
5861 5863 1
3089 5865 1
5865 5866 1
3089 5866 1
3803 5867 1
3171 5868 1
3159 5869 1
5868 5869 1
3314 5870 2
5880 5870 1
4742 5871 1
3159 5871 1
3278 5872 1
3159 5873 1
5872 5873 1
3196 5875 1
3573 5876 1
3159 5877 1
3327 5878 1
5878 5879 1
4574 5879 1
3314 5880 1
3945 5881 1
5880 5881 1
3945 5882 1
5880 5882 1
3945 5883 1
5880 5883 1
3945 5884 1
5880 5884 1
3945 5885 1
5880 5885 1
3469 5886 1
3159 5887 1
5886 5887 1
4068 5888 1
3159 5889 1
5888 5889 1
3091 5890 1
3406 5891 1
3278 5893 1
5893 5894 1
3159 5894 1
4045 5895 1
4045 5896 1
5895 5896 1
3234 5897 1
5897 5898 1
3159 5898 1
3828 5899 1
5899 5900 1
3425 5900 1
3196 5901 1
3245 5902 2
5901 5902 1
5901 5903 1
3963 5903 1
5901 5904 1
3232 5904 2
3232 5905 2
5904 5905 2
4868 5906 1
5901 5906 1
4299 5907 1
5907 5908 1
3564 5908 1
3564 5909 1
5907 5909 1
3159 5910 1
4041 5911 1
3518 5912 1
3403 5913 1
3403 5914 1
5913 5914 1
3731 5915 1
3405 5916 1
3327 5917 1
4068 5918 1
5918 5919 1
3159 5919 1
3933 5920 1
3278 5921 1
3159 5922 1
5921 5922 1
3747 5923 1
3382 5924 1
3159 5925 1
5924 5925 1
3407 5926 1
3558 5927 1
3534 5930 1
3847 5931 1
5931 5932 1
5933 5932 1
3847 5933 1
3346 5934 1
4045 5935 1
3076 5936 1
