1196 1057 2
1210 1059 2
1215 1059 1
1060 1059 4
1196 1060 8
1062 1061 6
1066 1061 2
1210 1061 2
1059 1061 4
1060 1062 8
1064 1063 3
1226 1063 1
1065 1063 2
1060 1066 2
1227 1066 1
1210 1102 2
1062 1102 4
1066 1102 2
1066 1103 2
1062 1103 2
1066 1193 2
1062 1193 2
1063 1194 1
1194 1195 1
1196 1195 2
1062 1196 4
1206 1196 3
1063 1196 1
1060 1197 2
1195 1197 2
1194 1198 1
1196 1198 2
1060 1199 2
1198 1199 2
1224 1200 1
1060 1200 2
1200 1201 2
1202 1201 2
1060 1202 2
1062 1203 2
1200 1203 2
1200 1204 2
1062 1204 2
1202 1205 2
1200 1205 2
1196 1207 1
1207 1208 1
1209 1208 1
1196 1209 2
1060 1210 2
1229 1210 1
1060 1211 1
1213 1212 1
1211 1212 1
1060 1213 1
1202 1214 4
1196 1215 1
1196 1217 1
1217 1218 1
1220 1218 1
1057 1218 2
1213 1219 4
1196 1220 1
1196 1221 1
1221 1222 1
1060 1222 1
1196 1224 1
1196 1227 1
1227 1228 1
1209 1228 1
1196 1229 1
