776 35 4
670 36 1
773 37 1
776 38 2
53 38 1
37 38 1
762 39 1
37 39 1
752 40 1
34 41 1
41 42 1
662 42 1
662 43 1
41 43 1
776 44 1
776 45 1
45 46 1
46 47 1
752 48 1
660 49 1
48 49 1
752 50 1
51 52 1
758 53 1
761 54 1
54 55 1
670 55 1
40 659 1
680 659 1
660 659 6
774 659 1
50 659 1
764 659 1
752 660 6
763 660 3
41 661 1
659 661 6
662 661 7
660 662 6
34 662 1
659 663 6
662 663 7
41 663 1
41 664 1
662 664 7
659 664 6
662 665 7
41 665 1
659 665 6
662 666 6
659 666 6
668 667 1
667 669 1
670 669 1
763 670 3
761 670 1
776 670 1
668 670 1
670 671 1
667 671 1
667 672 1
670 672 1
667 673 1
670 673 1
670 674 1
667 674 1
670 675 1
667 675 1
667 676 1
775 676 1
670 676 2
667 677 1
670 677 1
660 679 1
752 680 1
754 753 1
753 755 1
756 755 1
754 756 1
776 756 4
758 756 1
758 757 1
760 758 3
756 759 5
35 759 4
757 759 1
773 762 1
763 762 3
752 764 1
765 773 3
752 774 1
776 775 2
53 775 1
758 776 1
773 776 1
