8020 8019 1
8056 8021 1
9404 8021 1
9407 8021 1
9400 8021 1
9393 8021 1
8019 8021 1
8022 8021 7
9423 8021 1
9419 8022 1
8020 8022 5
9380 8022 1
8058 8022 3
9358 8022 1
8056 8023 1
8019 8023 1
8024 8023 2
9380 8024 1
9396 8024 1
8020 8024 5
8056 8025 1
8019 8025 1
8024 8025 2
8027 8026 3
8030 8028 5
8030 8029 1
8032 8031 1
8029 8031 1
8030 8032 1
8028 8033 1
8029 8033 1
8029 8034 1
8032 8034 1
8029 8035 1
8028 8035 1
8029 8036 1
8032 8036 1
8032 8037 1
8029 8037 1
9420 8038 1
8029 8038 1
9411 8038 1
9373 8038 1
8092 8038 1
8028 8038 5
9396 8039 1
8041 8040 1
8040 8042 1
8043 8042 1
8041 8043 2
8040 8044 1
8043 8044 1
8040 8045 1
8043 8045 2
8061 8045 1
9419 8046 1
8047 8046 2
8049 8048 4
8050 8048 4
8027 8049 9
8026 8051 1
8051 8052 1
8053 8052 1
8026 8053 2
8055 8054 1
8051 8054 1
8026 8055 1
8020 8056 1
8060 8059 3
8041 8061 1
8063 8062 1
8061 8062 1
8041 8063 1
8061 8064 1
8063 8064 1
8061 8065 1
8043 8065 1
8063 8066 1
8061 8066 1
8043 8067 1
8061 8067 1
8061 8068 1
8043 8068 1
8043 8069 1
8061 8069 1
8061 8070 1
8071 8070 1
8041 8071 1
8071 8072 1
8061 8072 1
8061 8073 1
8074 8073 1
8086 8074 2
9419 8074 1
8041 8074 1
8043 8075 1
8061 8075 1
8027 8076 3
8027 8077 3
8049 8078 4
8057 8078 2
8083 8078 4
8057 8079 1
8049 8079 4
8027 8080 3
8027 8081 3
8027 8082 3
8085 8084 2
9419 8084 1
9419 8088 1
8089 8088 2
8030 8092 1
8092 8093 1
8028 8093 1
8092 8094 1
8028 8094 1
8092 8095 1
8028 8095 1
8092 8096 1
8028 8096 1
8092 8097 1
8028 8097 1
8100 8099 2
8059 8099 1
9419 8099 1
9364 8105 1
8026 8107 1
8026 8109 3
8060 8110 3
8113 8112 2
9419 8112 1
8057 8114 1
8078 8170 2
9392 8170 1
8114 8170 1
8079 8171 1
8114 8171 1
8020 8174 1
9360 9359 1
9362 9361 1
9359 9361 1
9360 9362 2
9364 9363 1
9363 9365 1
9366 9365 1
9364 9366 2
8105 9367 2
9363 9367 1
9367 9368 2
9369 9368 2
8105 9369 2
9367 9370 2
9371 9370 2
8105 9371 2
8030 9373 1
9420 9374 1
9373 9374 1
8028 9374 2
9373 9375 1
9420 9375 1
8028 9375 2
9364 9378 1
9378 9379 1
9366 9379 1
9381 9380 1
8022 9380 1
8026 9382 1
8109 9383 1
9382 9383 1
8026 9384 1
8109 9385 1
9384 9385 1
9387 9386 2
9419 9386 1
8110 9386 1
8030 9386 1
9360 9388 1
9388 9389 1
9362 9389 1
8057 9392 1
8020 9393 1
9393 9394 1
8024 9394 1
9396 9395 1
9395 9397 1
8024 9397 1
8039 9398 1
9395 9398 1
8020 9400 1
9400 9401 1
8174 9401 1
8024 9402 1
9400 9402 1
9400 9403 1
8174 9403 1
9380 9404 1
9407 9405 1
8024 9405 2
9404 9405 1
8020 9407 1
8026 9409 1
8109 9410 1
9409 9410 1
8030 9411 1
9411 9412 1
8028 9412 1
8110 9413 1
9413 9414 1
9386 9414 1
8059 9415 1
8099 9416 1
9415 9416 1
8030 9420 1
9386 9421 1
9420 9421 1
8028 9422 1
9420 9422 1
9358 9423 1
8026 9426 1
8053 9427 1
9426 9427 1
9426 9428 1
8107 9428 1
