9947 9946 1
9946 9948 1
9949 9948 2
9947 9949 1
9953 9949 3
9951 9950 2
9948 9950 2
9953 9951 3
9949 9951 2
9953 9952 1
9949 9953 1
9965 9953 1
9957 9953 1
9952 9954 1
9987 9954 1
9970 9954 1
9949 9954 3
9952 9955 1
9951 9955 1
9952 9956 1
9957 9956 1
9953 9957 1
9970 9958 1
9987 9958 1
9952 9958 1
9951 9958 3
9960 9959 1
9973 9960 1
9962 9960 1
9962 9961 1
9959 9961 1
9994 9962 1
9960 9962 4
9964 9963 1
9963 9964 4
9983 9964 1
9953 9965 2
9960 9966 1
9978 9967 1
9962 9967 2
9966 9967 1
9963 9968 1
9964 9969 1
9968 9969 1
9953 9970 1
9970 9971 1
9951 9971 2
9987 9971 1
9970 9972 1
9965 9972 1
9960 9973 1
9960 9974 1
9962 9975 1
9974 9975 1
9977 9976 1
9960 9978 1
9973 9979 1
9978 9979 1
9963 9980 1
9964 9981 1
9980 9981 1
9983 9982 1
9982 9984 1
9964 9984 2
9984 9985 2
9986 9985 2
9964 9986 2
9953 9987 1
9965 9988 1
9987 9988 1
9994 9989 1
9989 9995 1
9962 9995 2
9997 9996 2
9995 9996 2
9962 9997 2
9963 9998 1
9998 9999 1
9964 9999 1
9963 10000 1
9964 10001 1
10000 10001 1
