7816 7815 3
12840 7815 1
7818 7817 5
7819 7818 20
7820 7818 9
7822 7821 3
7821 7823 1
7824 7825 4
7824 7826 4
7831 7829 3
7830 7829 3
12812 7833 1
12833 7834 1
7835 7836 3
7838 7837 4
7818 7841 5
7847 7846 3
7848 7849 3
12869 7850 1
7850 7851 1
7925 7851 1
12878 7851 2
7857 7856 3
12852 7858 4
12599 7860 3
12815 7860 4
7822 7861 3
7864 7863 3
7867 7866 3
7838 7868 4
7822 7869 3
12598 7870 4
12608 7871 2
7902 7871 1
7855 7872 1
7872 7873 1
12878 7873 1
7875 7874 3
7930 7876 1
12816 7876 2
12837 7877 3
7876 7877 2
7952 7877 1
7818 7879 5
7818 7880 5
7818 7881 5
7818 7882 5
7884 7885 3
12598 7893 4
12859 7897 1
12599 7899 3
12859 7900 1
7912 7901 1
12864 7901 2
7900 7901 1
12598 7903 4
12887 7904 1
12849 7907 1
7907 7908 1
12871 7908 1
7821 7910 1
7895 7912 1
12859 7913 1
7913 7914 1
12864 7914 1
12853 7916 1
12833 7917 1
7917 7918 1
7834 7918 1
7821 7921 1
7886 7924 1
7915 7925 1
12816 7926 1
12837 7927 2
7926 7927 1
7953 7927 1
7924 7928 1
7928 7929 1
7924 7929 1
7842 7930 1
7821 7936 1
7821 7937 1
7937 7938 1
12864 7938 1
7943 7942 3
12816 7945 1
12816 7946 1
7945 7946 1
12816 7952 1
12816 7953 1
12598 12597 4
12599 12598 17
12601 12600 3
12603 12602 1
12602 12604 1
12605 12604 1
12603 12605 1
12607 12606 4
7902 12607 1
12608 12607 4
7822 12610 3
12599 12612 3
12605 12612 4
12614 12613 3
12812 12615 1
12808 12616 3
12810 12809 3
12812 12811 1
7822 12813 3
12599 12814 3
12815 12814 4
12837 12815 2
7842 12816 1
12815 12818 4
12599 12818 3
12821 12820 1
12834 12821 1
12823 12822 1
12820 12822 1
12821 12823 1
12812 12823 1
12820 12824 1
12823 12824 2
12823 12825 3
12824 12825 2
12823 12826 4
12825 12826 3
12826 12827 4
12823 12827 4
12828 12829 4
12599 12830 3
12605 12830 4
12599 12831 3
12605 12831 4
12598 12832 4
12834 12833 1
12816 12835 1
12835 12836 1
12837 12836 2
12816 12837 6
12815 12838 2
12836 12838 2
7818 12841 5
12599 12842 3
12844 12843 3
12599 12846 3
12815 12846 4
12599 12847 3
12834 12849 1
7818 12850 5
12852 12851 4
7822 12853 3
12599 12854 3
12812 12855 1
12857 12856 4
12599 12857 7
7822 12859 3
12840 12860 1
7815 12861 1
12860 12861 1
12859 12862 1
7913 12863 1
12864 12863 3
7897 12863 1
12862 12863 1
7895 12864 1
12859 12864 4
7821 12864 1
12605 12865 4
12599 12865 3
12867 12866 1
7886 12867 1
12867 12868 1
12866 12868 1
12815 12869 4
12599 12869 3
12849 12871 1
12873 12872 3
12875 12874 3
12853 12876 1
7910 12877 1
7823 12877 1
12876 12877 1
7937 12877 1
7916 12877 1
7904 12877 1
12878 12877 8
7921 12877 1
7936 12877 1
7821 12878 5
7915 12878 1
12887 12878 1
7855 12878 1
12869 12878 1
12853 12878 2
12880 12879 3
12599 12881 3
12598 12882 4
7822 12884 3
12598 12885 4
12857 12888 4
12608 12889 2
7902 12889 1
