9566 9291 1
9524 9292 1
9508 9293 1
9784 9294 1
9501 9295 1
9495 9494 1
9611 9495 6
9497 9496 57
9780 9496 1
10008 9496 1
9839 9496 1
9494 9496 1
9823 9496 2
9945 9496 1
9967 9496 1
9700 9496 1
9899 9496 1
10005 9496 1
9618 9496 1
9791 9496 1
9997 9496 1
9767 9496 1
9948 9496 1
9564 9496 1
10011 9496 1
9612 9496 6
9797 9496 1
9696 9496 2
9915 9496 1
9571 9496 1
9697 9496 1
9610 9496 1
9892 9496 1
9975 9496 1
9768 9496 1
9506 9496 1
9983 9496 1
9850 9496 2
9849 9496 1
9890 9496 1
9776 9496 1
10001 9496 1
9840 9496 1
10006 9496 1
9659 9496 2
9651 9496 1
9961 9496 1
9851 9496 2
9727 9496 1
9758 9496 1
10012 9496 1
9523 9496 1
9627 9496 1
9292 9496 1
9732 9496 2
9820 9496 1
9913 9496 1
9848 9496 1
9626 9496 1
9770 9496 1
9957 9496 1
9819 9496 1
9988 9496 1
9495 9497 23
9514 9497 1
9566 9497 2
9508 9497 4
9637 9497 11
9757 9497 1
9603 9497 3
9870 9497 3
9611 9497 8
9507 9497 7
9882 9497 1
9657 9497 2
9608 9497 1
9574 9497 2
9821 9497 1
9524 9497 24
9696 9498 2
9653 9498 3
9499 9498 1
9755 9498 1
9513 9498 1
9983 9498 1
9800 9498 1
9967 9498 1
9650 9498 1
9964 9498 1
9961 9498 1
9752 9498 2
9943 9498 1
9767 9498 1
9973 9498 1
9626 9498 1
9924 9498 1
9770 9498 1
9768 9498 1
9494 9498 1
9604 9498 1
9636 9498 1
9573 9498 1
9805 9498 1
9780 9498 1
9997 9498 1
9801 9498 3
9912 9498 1
9785 9498 1
9807 9498 1
9497 9498 34
9861 9498 1
9495 9499 1
9501 9500 14
9501 9502 23
9500 9502 14
9606 9502 4
9854 9502 3
9866 9502 2
9504 9503 1
9638 9504 1
9504 9505 1
9503 9505 1
9507 9506 1
9821 9507 1
9510 9509 1
9646 9510 1
9821 9510 1
9879 9511 1
9852 9511 1
9563 9511 1
10004 9511 1
9753 9511 1
9595 9511 1
9970 9511 1
9877 9511 1
9751 9511 1
9509 9511 1
9952 9511 1
9878 9511 1
9820 9511 1
9864 9511 1
9551 9511 1
9855 9511 1
9867 9511 2
10003 9511 1
9510 9511 23
9874 9511 1
9649 9511 2
9790 9511 1
9514 9513 1
9513 9515 1
9802 9515 2
9514 9515 3
9513 9516 1
9514 9516 1
9609 9517 1
9725 9517 1
9802 9517 2
9990 9517 1
9514 9517 10
9893 9517 1
9858 9517 1
9786 9517 1
9513 9517 1
9875 9517 1
9514 9518 1
9513 9518 1
9521 9520 1
9782 9522 2
9635 9522 1
10000 9522 1
9521 9522 7
9621 9522 1
9520 9522 1
9919 9522 1
9524 9523 1
9526 9525 2
9658 9525 1
10009 9526 1
10010 9526 1
9803 9527 1
9525 9527 2
9537 9527 1
9956 9527 1
9747 9527 1
9526 9527 8
9916 9527 1
9527 9528 8
9526 9528 10
9641 9528 2
9527 9529 8
9526 9529 10
9641 9529 2
9526 9530 10
9527 9530 8
9641 9530 2
9532 9531 1
9646 9532 1
9531 9533 1
9645 9533 1
9532 9533 2
9535 9534 1
9902 9536 1
9535 9536 2
9534 9536 1
9526 9537 1
9539 9538 2
9508 9539 1
9548 9539 1
9539 9540 3
9538 9540 2
9623 9541 2
10024 9541 2
9539 9541 8
9540 9541 3
10023 9542 1
9543 9542 8
9541 9542 8
9539 9542 10
9540 9543 3
9623 9543 2
10024 9543 2
9539 9543 8
9543 9544 8
9539 9544 9
9977 9544 1
9623 9545 2
9539 9545 6
9538 9545 2
10024 9545 2
9871 9546 1
9514 9546 2
9548 9547 1
9939 9549 1
9550 9549 5
9294 9549 1
9793 9549 1
9896 9549 1
9547 9549 1
9548 9550 7
9794 9550 1
9784 9550 1
9504 9550 2
9510 9551 1
9553 9552 1
9552 9554 1
9553 9554 1
9521 9555 5
9556 9555 3
9558 9557 1
9558 9559 1
9557 9559 1
9561 9560 1
9923 9562 1
9644 9562 1
9560 9562 1
9561 9562 3
9510 9563 1
9524 9564 1
9566 9565 2
9565 9567 1
9566 9567 2
9663 9568 1
9804 9568 2
9730 9568 2
9865 9568 1
9847 9568 1
9572 9568 1
9569 9568 2
9664 9568 1
9941 9568 1
9578 9568 2
9660 9568 1
9566 9568 21
9576 9568 2
9701 9568 2
9577 9568 2
9792 9568 1
9567 9568 2
9566 9569 2
9565 9569 1
9599 9570 1
9524 9571 1
9566 9572 1
9574 9573 1
9882 9574 1
9566 9575 2
9575 9576 1
9566 9576 2
9575 9577 1
9566 9577 2
9566 9578 2
9575 9578 1
9579 9580 3
9579 9581 3
9583 9582 1
9704 9583 1
9582 9584 1
9987 9584 1
9583 9584 2
9586 9585 1
9607 9587 2
9585 9587 1
9942 9587 1
9586 9587 4
9589 9588 3
9689 9588 2
9657 9589 1
9589 9590 4
9588 9590 3
9592 9591 1
9779 9593 1
9591 9593 1
9592 9593 2
9591 9594 1
9779 9594 1
9592 9594 3
10018 9594 1
9510 9595 1
9548 9596 1
9548 9597 5
9842 9597 1
9891 9597 1
9596 9597 1
9889 9597 1
9596 9598 1
9597 9598 5
9550 9598 5
9566 9601 1
9817 9602 1
10017 9602 1
9566 9602 6
9969 9602 1
9766 9602 1
9777 9602 1
9601 9602 1
9495 9604 1
9501 9605 1
9787 9606 1
9295 9606 1
9501 9606 4
9605 9606 1
9586 9607 2
9514 9609 1
9611 9610 1
9495 9612 6
10012 9612 1
9610 9612 1
9839 9612 1
10011 9612 1
9948 9612 1
9600 9613 2
9954 9613 1
9613 9614 2
9615 9614 2
9600 9615 2
9566 9616 1
9938 9617 1
9781 9617 1
9628 9617 1
9616 9617 1
9856 9617 1
9808 9617 1
9911 9617 1
9895 9617 1
9726 9617 1
9566 9617 10
9862 9617 1
9524 9618 1
9620 9619 3
9811 9621 1
9521 9621 3
9919 9621 1
9539 9623 2
9504 9624 1
9624 9625 1
9550 9625 1
9524 9626 1
9524 9627 1
9566 9628 1
9630 9629 2
9884 9629 1
9764 9631 2
9629 9631 2
9630 9631 4
9630 9632 4
9629 9632 2
9764 9632 2
9629 9633 2
9764 9633 2
9630 9633 4
9521 9634 1
9634 9635 1
9521 9635 2
9637 9636 1
9757 9637 1
9592 9639 1
9592 9640 1
9639 9640 1
9526 9641 3
9914 9641 1
9526 9642 2
9641 9642 2
9526 9643 2
9641 9643 2
9561 9644 1
9646 9645 1
9888 9646 3
10020 9647 1
9532 9647 2
9645 9647 1
9532 9648 1
9645 9648 1
9645 9649 1
9510 9649 2
9495 9650 1
9524 9651 1
9688 9652 1
9637 9653 3
9504 9654 1
9504 9655 1
9654 9655 1
9917 9657 2
9656 9657 1
9526 9658 1
9697 9659 1
9495 9659 2
9566 9660 1
9980 9661 1
9657 9661 2
9661 9662 2
9869 9662 3
9796 9662 1
9497 9662 6
9566 9663 1
9566 9664 1
9504 9665 2
9665 9666 2
9504 9666 6
9728 9666 2
9729 9666 2
9669 9668 2
9669 9670 4
9668 9670 2
9670 9671 4
9672 9671 7
10021 9671 1
9900 9671 1
9669 9672 10
9561 9672 3
9671 9673 7
9672 9673 7
9669 9687 4
9670 9687 4
9980 9689 1
9589 9689 2
9691 9690 5
9608 9690 5
9693 9691 5
9690 9691 5
9695 9691 5
9694 9691 5
9608 9691 6
9608 9692 5
9691 9692 5
9691 9693 5
9608 9693 5
9691 9694 5
9608 9694 5
9608 9695 6
9691 9695 6
9637 9696 2
9611 9697 1
9669 9698 1
9670 9699 1
9978 9699 1
9669 9699 4
9698 9699 1
9760 9699 1
9507 9700 1
9566 9701 2
9575 9701 1
9539 9702 1
9960 9703 1
9702 9703 1
9539 9703 2
9706 9705 1
9708 9707 1
9705 9707 1
9706 9708 1
9550 9709 1
9709 9710 1
9711 9710 1
9550 9711 1
9713 9712 2
9709 9712 1
9550 9713 1
9712 9714 2
9715 9714 3
9716 9714 2
9713 9715 2
9717 9715 2
9717 9716 2
9709 9716 1
9550 9717 1
9715 9718 2
9716 9718 2
9720 9719 1
9709 9719 1
9550 9720 1
9709 9721 1
9550 9721 1
9561 9722 1
9722 9723 1
9561 9723 3
9984 9723 1
9672 9724 7
9723 9724 3
9760 9724 4
9514 9725 1
9566 9726 1
9524 9727 1
9504 9728 2
9504 9729 2
9565 9730 1
9566 9730 2
9524 9732 2
9570 9733 1
9733 9734 1
9570 9734 1
9736 9735 1
9736 9737 1
9735 9737 1
9739 9738 1
9739 9740 1
9738 9740 1
9738 9741 1
9742 9741 1
9739 9742 1
9504 9743 3
9743 9744 3
9504 9744 3
9951 9745 1
9743 9745 3
9748 9745 2
9504 9745 6
9504 9746 3
9743 9746 3
9526 9747 1
9754 9748 1
9504 9748 2
9951 9749 1
9504 9749 4
9748 9749 2
9504 9750 4
9749 9750 4
9510 9751 1
9637 9752 2
9964 9752 1
9510 9753 1
9504 9754 1
9508 9755 1
9805 9756 1
9755 9756 1
9757 9756 2
9508 9757 2
9524 9758 1
9669 9759 2
9669 9760 4
9759 9760 2
9760 9761 4
9669 9761 4
9630 9762 1
9762 9763 1
9630 9763 1
9630 9764 2
9762 9764 1
9566 9766 1
9495 9767 1
9495 9768 1
9495 9770 1
9773 9772 1
9772 9774 1
9773 9774 1
9773 9775 1
9772 9775 1
9495 9776 1
9566 9777 1
9514 9778 1
9592 9779 1
9524 9780 1
9566 9781 1
9837 9782 1
9521 9782 2
9508 9785 1
9514 9786 1
9501 9787 1
9510 9790 1
9524 9791 1
9566 9792 1
9794 9793 1
9794 9795 1
9793 9795 1
9608 9796 1
9524 9797 1
9603 9800 1
9807 9801 1
9800 9801 1
9603 9801 3
9903 9802 1
9514 9802 2
9526 9803 1
9566 9804 2
9944 9804 1
9508 9805 1
9556 9806 1
9603 9807 1
9566 9808 1
9521 9809 1
9809 9810 1
9521 9810 2
9521 9811 1
9813 9812 1
9812 9814 1
9813 9814 5
9548 9815 1
9293 9816 1
9539 9816 2
9815 9816 1
9566 9817 1
9556 9818 3
9495 9819 1
9821 9820 1
9820 9822 1
9507 9822 1
9507 9823 2
9820 9823 1
9991 9824 1
9635 9824 1
9919 9824 1
9555 9824 5
10000 9824 1
9810 9824 1
9508 9825 1
9825 9826 1
9508 9826 1
9691 9827 1
9608 9827 1
9829 9828 1
9828 9830 1
9829 9830 1
9539 9831 1
9831 9832 1
9539 9832 1
9512 9834 2
10015 9834 1
9834 9835 2
9512 9835 2
9521 9837 1
9898 9838 1
9611 9839 1
9495 9840 1
9548 9842 1
9558 9843 1
9843 9844 1
9845 9844 1
9558 9845 1
9566 9847 1
9611 9848 1
9507 9849 1
9849 9850 1
9507 9850 2
9507 9851 2
9849 9851 1
9510 9852 1
9501 9853 1
9853 9854 1
9501 9854 3
9928 9854 1
9510 9855 1
9566 9856 1
9620 9857 3
9514 9858 1
9504 9859 3
9859 9860 3
9504 9860 3
9508 9861 1
9566 9862 1
9510 9864 1
9566 9865 1
9501 9866 2
9510 9867 2
9868 9867 1
9510 9868 1
9870 9869 3
9514 9871 1
9622 9872 2
9873 9872 2
9622 9873 2
9872 9873 1
9510 9874 1
9514 9875 1
9990 9876 1
9875 9876 1
9514 9876 2
9510 9877 1
9510 9878 1
9510 9879 1
9881 9882 3
9630 9884 1
9630 9885 1
9884 9885 1
9504 9886 1
9504 9887 1
9886 9887 1
9548 9889 1
9524 9890 1
9548 9891 1
9495 9892 1
9514 9893 1
9566 9895 1
9504 9896 1
9504 9897 1
9896 9897 1
9524 9899 1
9669 9900 1
9900 9901 1
9669 9901 1
9535 9902 1
9514 9903 1
9504 9905 1
9940 9906 1
9504 9906 2
9905 9906 1
9905 9907 1
9504 9907 2
9940 9907 1
9905 9908 1
9504 9908 2
9940 9908 1
9940 9909 1
9504 9909 2
9905 9909 1
9504 9910 2
9940 9910 1
9905 9910 1
9566 9911 1
9574 9912 1
9524 9913 1
9526 9914 1
9611 9915 1
9526 9916 1
9521 9918 1
9918 9919 1
9521 9919 2
9921 9920 1
9757 9921 1
9964 9922 1
9920 9922 1
9921 9922 2
9561 9923 1
9637 9924 1
9882 9926 1
9926 9927 1
9497 9927 1
9501 9928 1
9773 9929 2
9773 9930 2
9929 9930 2
9929 9931 2
9773 9931 2
9773 9932 2
9929 9932 2
9929 9933 2
9773 9933 2
9929 9934 2
9773 9934 2
9936 9935 1
9936 9937 1
9935 9937 1
9566 9938 1
9548 9939 1
9504 9940 1
9566 9941 1
9586 9942 1
9495 9943 1
9566 9944 1
9524 9945 1
9566 9946 2
9291 9946 1
9566 9947 2
9946 9947 2
9611 9948 1
9508 9949 1
9508 9950 1
9949 9950 1
9504 9951 1
9510 9952 1
9600 9954 1
9954 9955 1
9600 9955 1
9526 9956 1
9566 9957 1
9829 9958 1
9829 9959 1
9958 9959 1
9539 9960 1
9495 9961 1
9620 9962 3
9620 9963 3
9757 9964 1
9521 9965 1
9965 9966 1
9521 9966 1
9637 9967 1
9566 9969 1
9510 9970 1
9570 9971 1
9570 9972 1
9971 9972 1
9637 9973 1
9524 9975 1
9539 9977 1
9669 9978 1
9929 9979 1
9773 9979 1
9657 9980 1
9589 9981 1
9980 9981 1
9657 9982 1
9980 9982 1
9495 9983 1
9561 9984 1
9784 9985 1
9784 9986 1
9985 9986 1
9583 9987 1
9566 9988 1
9514 9990 1
9521 9991 1
9882 9992 1
9992 9993 1
9574 9993 1
9548 9994 1
9548 9995 1
9994 9995 1
9548 9996 1
9994 9996 1
9524 9997 1
9514 9998 1
9778 9999 1
9998 9999 1
9521 10000 1
9524 10001 1
9514 10002 1
9510 10003 1
9510 10004 1
9524 10005 1
9524 10006 1
9495 10008 1
9611 10011 1
9611 10012 1
9739 10013 1
9739 10014 1
10013 10014 1
9512 10015 1
10015 10016 1
9512 10016 1
9566 10017 1
9592 10018 1
9592 10019 1
10018 10019 1
9532 10020 1
9669 10021 1
9669 10022 1
10021 10022 1
9539 10023 1
9539 10024 2
