7408 7198 5
7374 7198 4
7293 7198 5
7445 7198 1
7573 7198 2
7619 7198 3
7340 7198 1
7569 7198 5
7381 7198 5
7771 7198 1
7216 7198 5
7538 7198 5
7350 7198 5
7757 7198 5
7236 7198 1
7394 7198 2
7258 7198 5
7342 7198 9
7299 7198 5
7303 7198 5
7409 7198 1
7541 7198 5
7768 7198 5
7209 7198 1
7585 7198 3
7686 7198 1
7812 7198 1
7627 7198 5
7286 7198 5
7814 7198 4
7744 7198 1
7603 7198 1
7296 7198 3
7412 7198 5
7641 7198 1
7871 7198 2
7311 7198 5
7721 7198 5
7724 7198 3
7939 7199 1
7795 7199 1
7200 7199 22
8121 7199 1
8026 7199 1
7988 7199 1
7349 7199 1
8116 7199 1
7955 7199 1
8087 7199 1
7718 7199 1
7751 7199 1
7902 7199 1
7793 7199 1
7302 7199 1
7952 7199 1
8107 7199 1
7672 7199 1
8060 7199 1
7443 7199 1
7685 7199 1
8111 7199 1
7310 7199 1
7686 7200 1
7412 7200 5
7585 7200 3
7209 7200 1
7340 7200 1
7236 7200 1
7814 7200 4
7724 7200 3
7374 7200 4
7541 7200 5
7216 7200 5
7350 7200 5
7293 7200 5
7408 7200 5
7573 7200 2
7757 7200 5
7303 7200 5
7381 7200 5
7771 7200 1
7394 7200 2
7296 7200 3
7619 7200 3
7627 7200 5
7286 7200 5
7538 7200 5
7768 7200 5
7311 7200 5
7744 7200 1
7721 7200 5
7812 7200 1
7409 7200 1
7871 7200 2
7569 7200 5
7299 7200 5
7641 7200 1
7603 7200 1
7445 7200 1
7258 7200 5
7202 7201 117
8113 7201 1
7860 7201 1
7502 7201 1
8066 7201 1
7959 7201 1
8134 7201 1
7957 7201 1
8109 7201 1
7393 7201 1
8060 7201 1
8093 7201 1
8076 7201 1
7939 7201 1
8014 7201 1
8140 7201 1
7807 7201 1
7902 7201 1
8087 7201 1
7548 7201 1
7310 7201 1
7762 7201 1
7936 7201 1
7781 7201 1
7954 7201 1
7861 7201 1
8138 7201 1
7950 7201 1
7895 7201 1
8132 7201 1
7407 7201 1
7852 7201 1
7751 7201 1
7873 7201 1
8103 7201 1
7494 7201 1
7586 7201 1
7390 7201 1
7870 7201 1
7783 7201 1
7924 7201 1
7587 7201 1
7798 7201 1
7863 7201 1
7704 7201 1
7642 7201 1
8019 7201 1
7565 7201 1
8100 7201 1
7626 7201 1
7349 7201 1
7898 7201 1
8044 7201 1
7723 7201 1
8029 7201 1
8009 7201 1
7988 7201 1
8041 7201 1
7908 7201 1
7285 7201 1
7540 7201 1
7672 7201 1
7938 7201 1
7918 7201 1
7676 7201 1
7818 7201 1
7989 7201 1
8137 7201 1
8111 7201 1
7791 7201 1
7825 7201 1
8121 7201 1
8101 7201 1
7215 7201 1
7854 7201 1
8105 7201 1
7867 7201 1
7994 7201 1
7973 7201 1
7945 7201 1
7604 7201 1
7927 7201 1
7443 7201 1
8096 7201 1
8116 7201 1
7718 7201 1
7732 7201 1
7991 7201 1
8107 7201 1
7795 7201 1
7717 7201 1
8118 7201 1
8133 7201 1
7962 7201 1
7952 7201 1
8119 7201 1
7774 7201 1
7503 7201 1
7380 7201 1
8141 7201 1
7793 7201 1
7664 7201 1
8026 7201 1
7984 7201 1
7987 7201 1
7996 7201 1
7879 7201 1
7775 7201 1
7730 7201 1
7731 7201 1
7302 7201 1
7685 7201 1
8064 7201 1
7955 7201 1
7904 7201 1
7949 7201 1
7298 7201 1
7813 7201 1
7538 7202 5
7216 7202 5
7340 7202 1
7569 7202 5
7374 7202 4
7757 7202 5
7871 7202 2
7258 7202 5
7350 7202 5
7585 7202 3
7431 7202 3
7303 7202 5
7814 7202 4
7311 7202 5
7686 7202 1
7627 7202 5
7744 7202 1
7299 7202 5
7619 7202 3
7394 7202 2
7293 7202 5
7408 7202 5
7296 7202 3
7724 7202 3
7541 7202 5
7412 7202 5
7286 7202 5
7381 7202 5
7768 7202 5
7721 7202 5
7988 7203 1
8087 7203 1
7349 7203 1
7751 7203 1
7443 7203 1
7718 7203 1
7902 7203 1
8121 7203 1
7685 7203 1
7204 7203 22
8026 7203 1
7302 7203 1
7955 7203 1
7939 7203 1
8060 7203 1
7952 7203 1
7793 7203 1
8116 7203 1
7310 7203 1
7672 7203 1
8107 7203 1
8111 7203 1
7795 7203 1
7408 7204 5
7412 7204 5
7216 7204 5
7871 7204 2
7757 7204 5
7768 7204 5
7744 7204 1
7394 7204 2
7686 7204 1
7303 7204 5
7381 7204 5
7541 7204 5
7538 7204 5
7350 7204 5
7721 7204 5
7311 7204 5
7340 7204 1
7569 7204 5
7293 7204 5
7814 7204 4
7374 7204 4
7286 7204 5
7627 7204 5
7296 7204 3
7258 7204 5
7619 7204 3
7299 7204 5
7724 7204 3
7585 7204 3
7204 7205 117
7991 7205 1
7807 7205 1
7938 7205 1
7988 7205 1
7393 7205 1
7723 7205 1
7989 7205 1
8116 7205 1
7215 7205 1
7994 7205 1
8041 7205 1
8140 7205 1
8101 7205 1
8109 7205 1
7731 7205 1
8133 7205 1
7936 7205 1
7854 7205 1
7825 7205 1
7867 7205 1
8132 7205 1
7927 7205 1
7762 7205 1
7774 7205 1
7672 7205 1
7798 7205 1
7952 7205 1
7298 7205 1
8103 7205 1
8066 7205 1
7957 7205 1
7962 7205 1
8107 7205 1
7587 7205 1
7987 7205 1
7873 7205 1
7973 7205 1
8096 7205 1
8014 7205 1
7503 7205 1
8044 7205 1
8137 7205 1
8138 7205 1
7860 7205 1
7642 7205 1
7898 7205 1
8119 7205 1
7818 7205 1
7945 7205 1
8093 7205 1
7791 7205 1
7626 7205 1
8064 7205 1
7548 7205 1
8087 7205 1
7704 7205 1
7676 7205 1
7984 7205 1
7380 7205 1
7586 7205 1
7285 7205 1
7310 7205 1
7730 7205 1
8105 7205 1
7959 7205 1
8019 7205 1
7664 7205 1
7908 7205 1
8026 7205 1
7502 7205 1
7793 7205 1
8111 7205 1
8009 7205 1
7861 7205 1
7918 7205 1
8076 7205 1
7390 7205 1
7879 7205 1
7732 7205 1
7939 7205 1
7407 7205 1
8134 7205 1
7443 7205 1
7895 7205 1
7949 7205 1
8118 7205 1
7870 7205 1
8113 7205 1
7904 7205 1
7718 7205 1
7950 7205 1
8121 7205 1
7902 7205 1
8141 7205 1
7604 7205 1
7494 7205 1
7349 7205 1
7565 7205 1
7795 7205 1
7955 7205 1
7813 7205 1
8100 7205 1
7775 7205 1
7863 7205 1
7540 7205 1
7852 7205 1
7924 7205 1
7954 7205 1
7996 7205 1
7781 7205 1
7783 7205 1
7751 7205 1
8060 7205 1
7717 7205 1
7302 7205 1
7685 7205 1
8029 7205 1
7207 7206 2
7826 7206 1
7209 7208 1
7559 7209 3
7877 7210 1
7654 7210 1
7915 7210 1
7993 7210 1
7704 7210 1
8059 7210 1
7927 7210 1
7208 7210 1
7393 7210 1
7200 7210 14
7962 7210 1
7854 7210 1
7848 7210 1
7990 7210 1
7998 7210 1
7212 7211 1
7248 7212 3
7658 7213 2
8054 7213 1
7966 7213 1
8008 7213 1
7448 7213 2
7881 7213 1
8058 7213 1
7841 7213 2
7666 7213 1
7528 7213 2
7560 7213 1
7960 7213 1
7616 7213 1
7919 7213 1
7800 7213 1
8114 7213 1
7566 7213 1
7900 7213 1
8106 7213 1
7211 7213 1
7580 7213 1
7912 7213 1
7257 7213 1
7214 7213 52
7894 7213 1
7906 7213 1
7702 7213 1
7738 7213 2
7997 7213 1
7388 7213 1
7926 7213 1
7965 7213 1
8136 7213 1
8046 7213 1
7493 7213 1
7547 7213 1
8086 7213 1
7851 7213 1
7980 7213 1
8083 7213 1
7498 7213 1
8036 7213 1
7707 7213 2
7882 7213 2
7239 7213 1
7941 7213 1
7529 7214 4
7429 7214 4
7667 7214 2
7212 7214 37
7889 7214 1
7449 7214 4
7216 7215 1
7583 7216 3
7215 7217 1
7626 7217 1
8134 7217 1
7604 7217 1
7586 7217 1
7936 7217 1
7732 7217 1
7704 7217 1
8041 7217 1
7502 7217 1
7200 7217 27
7950 7217 1
7904 7217 1
7664 7217 1
7973 7217 1
7895 7217 1
7938 7217 1
7945 7217 1
7798 7217 1
7565 7217 1
7927 7217 1
8103 7217 1
8064 7217 1
7962 7217 1
7791 7217 1
8105 7217 1
7285 7217 1
7762 7217 1
7204 7218 67
7502 7218 1
7949 7218 1
8029 7218 1
7861 7218 1
8064 7218 1
7863 7218 1
7762 7218 1
8140 7218 1
7895 7218 1
7954 7218 1
7565 7218 1
7730 7218 1
7945 7218 1
8019 7218 1
7642 7218 1
7215 7218 1
7604 7218 1
8093 7218 1
8101 7218 1
8041 7218 1
7924 7218 1
7664 7218 1
7774 7218 1
7908 7218 1
7586 7218 1
7380 7218 1
8009 7218 1
8044 7218 1
7957 7218 1
7991 7218 1
7938 7218 1
8109 7218 1
7393 7218 1
8137 7218 1
8014 7218 1
8141 7218 1
7798 7218 1
7813 7218 1
8103 7218 1
7860 7218 1
7732 7218 1
7503 7218 1
7936 7218 1
7852 7218 1
7775 7218 1
7987 7218 1
7904 7218 1
7704 7218 1
8133 7218 1
8105 7218 1
7626 7218 1
7676 7218 1
7973 7218 1
7540 7218 1
7285 7218 1
7959 7218 1
8119 7218 1
7791 7218 1
7898 7218 1
7879 7218 1
8118 7218 1
8096 7218 1
7950 7218 1
8134 7218 1
7994 7218 1
7984 7218 1
8138 7218 1
7220 7219 3
7785 7219 1
7222 7221 1
7355 7222 1
7553 7222 3
7221 7223 1
7224 7223 1
7434 7224 1
7889 7224 3
7473 7224 1
7326 7224 2
7490 7224 1
7711 7224 1
7759 7224 2
7552 7224 1
7222 7224 1
7294 7224 2
7740 7224 2
7606 7224 1
7420 7224 1
7221 7225 1
7224 7225 1
7840 7226 1
7224 7226 2
7221 7226 1
7228 7227 4
7230 7228 38
7229 7228 76
7232 7231 3
7234 7233 1
7278 7234 2
7234 7235 2
7911 7235 1
7233 7235 1
7237 7236 3
7212 7239 1
7228 7240 4
7242 7241 3
7328 7241 1
7243 7244 3
7782 7244 1
7246 7245 4
7247 7246 33
7250 7249 3
7252 7251 17
7826 7253 1
7254 7253 2
7255 7256 3
7212 7257 1
7259 7258 3
7278 7260 1
7262 7260 1
7261 7260 3
7271 7262 2
7263 7262 4
7268 7262 2
7264 7262 2
7273 7262 2
7267 7262 2
7269 7262 2
7275 7262 2
7266 7264 8
7265 7264 8
7270 7269 16
7272 7271 19
7889 7273 1
7274 7273 22
7277 7275 8
7276 7275 8
7280 7278 30
7281 7278 30
7279 7278 32
7278 7282 13
7283 7282 13
7251 7282 13
7284 7283 19
7286 7285 1
7290 7286 3
7289 7288 4
7631 7289 1
7891 7289 1
7289 7291 4
7292 7293 3
7436 7294 1
7929 7294 1
7355 7294 1
7361 7294 1
7295 7294 3
7611 7294 1
7267 7294 1
7297 7296 3
7299 7298 1
7570 7299 3
7867 7300 1
7548 7300 1
7731 7300 1
7717 7300 1
7996 7300 1
7918 7300 1
7494 7300 1
8076 7300 1
7825 7300 1
7781 7300 1
7818 7300 1
7200 7300 25
8113 7300 1
7989 7300 1
7723 7300 1
7390 7300 1
7873 7300 1
7807 7300 1
7298 7300 1
8132 7300 1
8011 7300 1
7783 7300 1
8066 7300 1
8100 7300 1
7587 7300 1
7407 7300 1
7298 7301 1
7204 7301 24
8076 7301 1
8132 7301 1
7494 7301 1
7407 7301 1
7548 7301 1
7783 7301 1
7918 7301 1
8066 7301 1
7996 7301 1
7825 7301 1
7717 7301 1
7723 7301 1
7989 7301 1
7781 7301 1
8100 7301 1
7867 7301 1
7873 7301 1
7390 7301 1
8113 7301 1
7818 7301 1
7807 7301 1
7587 7301 1
7731 7301 1
7303 7302 1
7341 7303 3
7704 7304 1
7302 7304 1
7688 7304 3
7927 7304 1
7306 7305 4
7315 7307 4
7355 7307 4
7278 7307 4
7357 7307 4
7359 7307 4
7361 7307 4
7319 7307 4
7273 7307 4
7309 7308 3
7311 7310 1
7438 7311 3
7310 7312 1
7879 7312 1
7688 7312 2
7314 7313 1
7261 7313 3
7278 7313 1
7315 7314 2
7263 7314 4
7273 7314 2
7317 7314 2
7316 7315 21
7321 7317 7
7267 7317 7
7269 7317 7
7278 7317 7
7273 7317 7
7318 7317 7
7315 7317 7
7319 7317 7
7320 7319 14
7271 7321 8
7324 7321 8
7323 7321 8
7322 7321 8
7325 7321 8
7269 7322 10
7271 7322 10
7273 7323 9
7278 7325 9
7315 7325 9
7269 7325 9
7273 7325 9
7322 7325 9
7282 7325 9
7283 7325 9
7327 7326 3
7328 7326 1
7329 7328 5
7261 7330 3
7332 7331 3
7334 7333 2
7826 7333 1
7306 7335 4
7306 7337 4
7339 7338 2
7826 7338 1
7341 7340 3
7238 7342 10
7343 7342 10
7345 7342 10
7219 7343 1
7326 7343 5
7344 7343 17
7780 7343 1
7546 7343 1
7449 7343 2
7308 7343 1
7346 7345 15
7529 7345 4
7326 7345 1
7228 7347 4
7348 7347 1
7350 7349 1
7653 7350 3
7349 7351 1
7688 7351 1
7327 7352 3
7343 7352 1
7319 7353 1
7278 7353 1
7307 7353 1
7354 7353 3
7449 7355 2
7356 7355 16
7429 7355 4
7358 7357 10
7360 7359 9
7362 7361 14
7364 7363 2
7826 7363 1
7366 7365 2
7826 7365 1
7228 7367 4
7353 7368 1
8033 7369 1
7550 7369 2
7368 7369 1
7978 7369 2
8067 7369 1
7370 7369 11
8092 7369 1
7931 7369 1
7425 7369 1
7282 7370 2
7426 7370 3
7317 7370 2
7353 7370 3
7761 7370 1
7670 7370 3
7307 7370 2
7588 7371 7
7369 7371 11
7370 7371 18
7373 7372 3
7375 7374 3
7857 7376 1
7228 7376 4
7392 7378 1
7377 7378 3
7436 7378 1
7454 7378 1
7476 7378 1
7315 7378 1
7381 7380 1
7430 7381 3
8109 7382 1
7626 7382 1
8119 7382 1
8019 7382 1
7393 7382 1
7762 7382 1
7927 7382 1
7870 7382 1
8105 7382 1
8009 7382 1
8044 7382 1
7676 7382 1
7704 7382 1
7936 7382 1
7642 7382 1
7879 7382 1
8103 7382 1
7973 7382 1
8141 7382 1
7924 7382 1
7854 7382 1
7860 7382 1
7380 7382 1
7898 7382 1
7604 7382 1
7957 7382 1
8118 7382 1
8096 7382 1
7908 7382 1
7984 7382 1
7383 7382 30
7394 7383 2
7258 7383 1
7381 7383 2
7350 7383 1
7412 7383 1
7216 7383 1
7374 7383 2
7569 7383 1
7299 7383 1
7340 7383 1
7303 7383 1
7625 7383 3
7627 7383 2
7871 7383 1
7538 7383 1
7311 7383 1
7286 7383 1
7296 7383 2
7619 7383 2
7293 7383 1
7724 7383 2
7757 7383 2
7768 7383 1
8009 7384 1
7393 7384 1
8141 7384 1
7385 7384 29
8019 7384 1
8105 7384 1
7898 7384 1
8044 7384 1
7879 7384 1
7762 7384 1
7380 7384 1
7704 7384 1
7936 7384 1
7860 7384 1
8119 7384 1
7676 7384 1
7984 7384 1
7957 7384 1
7908 7384 1
8109 7384 1
7973 7384 1
7626 7384 1
7924 7384 1
8118 7384 1
7642 7384 1
8103 7384 1
7604 7384 1
7870 7384 1
7927 7384 1
8096 7384 1
7412 7385 1
7724 7385 2
7216 7385 1
7381 7385 2
7299 7385 1
7538 7385 1
7311 7385 1
7569 7385 1
7871 7385 1
7350 7385 1
7303 7385 1
7394 7385 2
7296 7385 2
7374 7385 2
7768 7385 1
7757 7385 2
7619 7385 2
7340 7385 1
7627 7385 2
7286 7385 1
7293 7385 1
7258 7385 1
7380 7386 1
8141 7386 1
8118 7386 1
8103 7386 1
8109 7386 1
8019 7386 1
7860 7386 1
7642 7386 1
8119 7386 1
7984 7386 1
7385 7386 15
8009 7386 1
7676 7386 1
7898 7386 1
8096 7386 1
7870 7386 1
7676 7387 1
7908 7387 1
8044 7387 1
7957 7387 1
8118 7387 1
8019 7387 1
8009 7387 1
7863 7387 1
8141 7387 1
7813 7387 1
7879 7387 1
7200 7387 25
7870 7387 1
7642 7387 1
8109 7387 1
7393 7387 1
7861 7387 1
8119 7387 1
7380 7387 1
8096 7387 1
7774 7387 1
7924 7387 1
7898 7387 1
7984 7387 1
7852 7387 1
7860 7387 1
7212 7388 1
7311 7390 1
7306 7391 4
7529 7392 4
7394 7393 1
7447 7394 1
7341 7394 3
7282 7394 1
7326 7395 1
7940 7396 1
7343 7396 4
7899 7396 1
8135 7396 1
7395 7396 1
7398 7397 5
7400 7399 3
7402 7401 2
7826 7401 1
7326 7403 1
7403 7404 1
7345 7404 1
7403 7405 1
7406 7405 1
7326 7406 1
7408 7407 1
7858 7408 3
7410 7409 3
7411 7412 3
7414 7413 3
7872 7415 1
7416 7415 2
7826 7417 1
7418 7417 2
7419 7420 3
7427 7420 1
7422 7421 2
7826 7421 1
7424 7423 2
7907 7423 1
7426 7425 1
7804 7426 3
7278 7426 1
7251 7426 1
7428 7427 4
7355 7429 4
7433 7432 3
7435 7434 3
7436 7434 1
7437 7436 9
7326 7439 1
7343 7440 1
7439 7440 1
7224 7441 1
7439 7441 1
7439 7442 1
7224 7442 1
7299 7443 1
7688 7444 1
7443 7444 1
7282 7445 1
7447 7445 1
7446 7445 3
7449 7448 2
7983 7448 1
7343 7449 4
7343 7450 2
7448 7450 2
7452 7451 4
7448 7451 2
7882 7451 2
7449 7452 4
7882 7453 2
7454 7453 4
7448 7453 2
7449 7454 4
7457 7456 3
7458 7459 3
7460 7461 3
7462 7463 3
7465 7464 6
7466 7467 3
7271 7468 2
7317 7468 2
7273 7468 2
7269 7468 2
7357 7468 2
7263 7468 4
7434 7469 1
7469 7470 1
7224 7470 1
7469 7471 1
7224 7471 1
7306 7472 4
7361 7473 1
7787 7473 1
7474 7473 3
7246 7475 4
7477 7476 5
7479 7478 3
7624 7478 1
7480 7481 3
7263 7482 4
7267 7482 2
7275 7482 2
7278 7482 2
7271 7482 2
7483 7482 2
7264 7482 2
7268 7482 2
7485 7484 3
7306 7486 4
7306 7487 4
7228 7488 4
7490 7489 1
7269 7490 1
7656 7490 3
7268 7490 1
7264 7490 1
7271 7490 1
7275 7490 1
7267 7490 1
7224 7491 1
7489 7491 1
7224 7492 1
7489 7492 1
7212 7493 1
7286 7494 1
7228 7495 4
7826 7496 1
7497 7496 2
7212 7498 1
7246 7499 4
7501 7500 2
7826 7500 1
7293 7502 1
7350 7503 1
8093 7504 1
7994 7504 1
7991 7504 1
8029 7504 1
8101 7504 1
8133 7504 1
7959 7504 1
7730 7504 1
7949 7504 1
7200 7504 18
7540 7504 1
8140 7504 1
7775 7504 1
7503 7504 1
8138 7504 1
8014 7504 1
7987 7504 1
8137 7504 1
7954 7504 1
7907 7505 1
7506 7505 2
7306 7507 4
7306 7508 4
7306 7509 4
7306 7510 4
7306 7511 4
7306 7512 4
7306 7513 4
7306 7514 4
7306 7515 4
7306 7516 4
7306 7517 4
7306 7518 4
7306 7519 4
7306 7520 4
7306 7521 4
7306 7522 4
7306 7523 4
7306 7524 4
7306 7525 4
7447 7526 1
7306 7526 4
7306 7527 4
7447 7527 1
8120 7528 1
7529 7528 2
7345 7529 4
7528 7530 2
7345 7530 2
7841 7531 2
7392 7531 4
7528 7531 2
7228 7532 4
7534 7533 3
7536 7535 2
7826 7535 1
7246 7537 4
7539 7538 3
7541 7540 1
7234 7541 1
7758 7541 3
7542 7543 3
7826 7544 1
7545 7544 2
7327 7546 3
7343 7546 1
7212 7547 1
7293 7548 1
7307 7549 1
7549 7550 1
7307 7550 2
7307 7551 1
7549 7551 1
7355 7552 1
7455 7552 1
7553 7552 3
7555 7554 3
7228 7556 4
7429 7556 2
7558 7557 3
7212 7560 1
7415 7561 1
7415 7562 1
7561 7562 1
7564 7563 2
7826 7563 1
7311 7565 1
7212 7566 1
7826 7567 1
7568 7567 2
7570 7569 3
7572 7571 2
7826 7571 1
7574 7573 3
7576 7575 4
7246 7577 4
7579 7578 2
7826 7578 1
7212 7580 1
7582 7581 3
7584 7585 3
7303 7586 1
7569 7587 1
7655 7588 1
7370 7588 7
8123 7588 1
7951 7588 1
8013 7588 1
7880 7588 1
8139 7588 1
7590 7589 3
7246 7591 4
7594 7593 4
7261 7595 3
7596 7595 1
7278 7595 1
7263 7596 4
7307 7596 2
7826 7597 1
7598 7597 2
7600 7599 3
7355 7599 1
7361 7599 1
7228 7601 4
7602 7603 3
7374 7604 1
7228 7605 4
7315 7606 1
7607 7606 3
7359 7606 1
7246 7608 4
7609 7610 3
7612 7611 5
7228 7613 4
7449 7613 2
7615 7614 2
7826 7614 1
7212 7616 1
7618 7619 3
7826 7620 1
7621 7620 2
7623 7622 1
7383 7623 2
7624 7623 2
7238 7623 2
7202 7623 2
7198 7623 2
7871 7624 1
7198 7624 6
7198 7625 4
7627 7626 1
7948 7627 3
7629 7628 3
7631 7630 1
7289 7632 3
7890 7632 1
7630 7632 1
7634 7633 3
7632 7633 3
7289 7634 3
7890 7635 1
7630 7635 1
7289 7635 2
7246 7636 4
7228 7637 4
7826 7638 1
7639 7638 2
7640 7641 3
7627 7642 1
7644 7643 3
7645 7646 3
7826 7647 1
7648 7647 2
7826 7649 1
7650 7649 2
7651 7652 3
7641 7654 1
7426 7655 1
7271 7657 1
7264 7657 1
7273 7657 1
7267 7657 1
7268 7657 1
7275 7657 1
7263 7657 3
7429 7658 2
8007 7658 1
7658 7659 2
7355 7659 2
7661 7660 4
7738 7660 2
7658 7660 2
7429 7661 4
7556 7662 2
7658 7662 2
7246 7663 4
7408 7664 1
7228 7665 4
7212 7666 1
7611 7667 1
7669 7667 1
7283 7667 1
7668 7667 3
7667 7669 2
7671 7670 3
7278 7670 1
7464 7670 1
7293 7672 1
7826 7673 1
7674 7673 2
7228 7675 4
7216 7676 1
7624 7677 1
7677 7678 1
7624 7678 2
7962 7678 1
7261 7679 3
7278 7679 1
7482 7679 1
7246 7680 4
7681 7682 4
7681 7683 4
7681 7684 4
7686 7685 1
8071 7686 3
7685 7687 1
7688 7687 1
7340 7688 1
7408 7688 1
7311 7688 2
7412 7688 1
7871 7688 1
7686 7688 1
7350 7688 1
7541 7688 1
7299 7688 1
7721 7688 1
7374 7688 1
7394 7688 1
7744 7688 1
7757 7688 1
7286 7688 1
7303 7688 2
7768 7688 2
7814 7688 1
7627 7688 1
7538 7688 1
7381 7688 1
7216 7688 1
7198 7689 127
7898 7689 1
7949 7689 1
7987 7689 1
8059 7689 1
7988 7689 1
7984 7689 1
7798 7689 1
7685 7689 1
8064 7689 1
7732 7689 1
8133 7689 1
7870 7689 1
8103 7689 1
7924 7689 1
7895 7689 1
7587 7689 1
7854 7689 1
8121 7689 1
7664 7689 1
8066 7689 1
7915 7689 1
7783 7689 1
7349 7689 1
7540 7689 1
8138 7689 1
7774 7689 1
7676 7689 1
7904 7689 1
7879 7689 1
7952 7689 1
7825 7689 1
7795 7689 1
7807 7689 1
8044 7689 1
8011 7689 1
7731 7689 1
8014 7689 1
8105 7689 1
7962 7689 1
7998 7689 1
7996 7689 1
7791 7689 1
8107 7689 1
7503 7689 1
7861 7689 1
7918 7689 1
7604 7689 1
7955 7689 1
8009 7689 1
7950 7689 1
7852 7689 1
8026 7689 1
7393 7689 1
7586 7689 1
7380 7689 1
8113 7689 1
7208 7689 1
8137 7689 1
7945 7689 1
7957 7689 1
7877 7689 1
8111 7689 1
8109 7689 1
7860 7689 1
7626 7689 1
8029 7689 1
8019 7689 1
7298 7689 1
7704 7689 1
8116 7689 1
7642 7689 1
8141 7689 1
7989 7689 1
7994 7689 1
8060 7689 1
7672 7689 1
8101 7689 1
7723 7689 1
7310 7689 1
7390 7689 1
7990 7689 1
7813 7689 1
7873 7689 1
7781 7689 1
7718 7689 1
7959 7689 1
8041 7689 1
8087 7689 1
7902 7689 1
7302 7689 1
7908 7689 1
8140 7689 1
7443 7689 1
7793 7689 1
7927 7689 1
7751 7689 1
7565 7689 1
8100 7689 1
7991 7689 1
7502 7689 1
7548 7689 1
7775 7689 1
7818 7689 1
7936 7689 1
8134 7689 1
7494 7689 1
7973 7689 1
7215 7689 1
7848 7689 1
7939 7689 1
8132 7689 1
7407 7689 1
7285 7689 1
8118 7689 1
7762 7689 1
7938 7689 1
7867 7689 1
7730 7689 1
8119 7689 1
7654 7689 1
7993 7689 1
7717 7689 1
7954 7689 1
8096 7689 1
7863 7689 1
8093 7689 1
8076 7689 1
7278 7699 1
7468 7699 1
7261 7699 3
7228 7700 4
7228 7701 4
7317 7701 2
7212 7702 1
7436 7703 2
7228 7703 5
7661 7703 2
7452 7703 2
7392 7703 2
7454 7703 2
7340 7704 1
7385 7705 2
7854 7705 1
7704 7705 1
7667 7706 1
7667 7707 2
7706 7707 1
7669 7708 2
7707 7708 2
7710 7709 2
7707 7709 2
7228 7710 4
7667 7710 2
7712 7711 3
7357 7711 1
7713 7714 4
7711 7715 1
7715 7716 1
7224 7716 1
7258 7717 1
7286 7718 1
7718 7719 1
7688 7719 1
7720 7721 3
7485 7722 3
7724 7723 1
8032 7724 3
7726 7725 3
7228 7727 4
7826 7728 1
7729 7728 2
7412 7730 1
7412 7731 1
7585 7732 1
7246 7733 4
7429 7737 1
7429 7738 2
7737 7738 1
7355 7739 2
7738 7739 2
7741 7740 3
7359 7740 1
7778 7740 1
7361 7740 1
7315 7740 1
7355 7740 1
7743 7742 3
7745 7744 3
7747 7746 3
7318 7746 1
7246 7748 4
7228 7750 4
7569 7751 1
7752 7753 3
7228 7754 4
7624 7755 1
7703 7755 1
7479 7755 3
7756 7757 3
7624 7759 1
7273 7759 1
7361 7759 1
7355 7759 1
7761 7759 1
7760 7759 3
7283 7759 1
7278 7761 2
7361 7761 2
7464 7761 2
7724 7762 1
7582 7763 3
7228 7764 4
7765 7766 3
7767 7768 3
7315 7769 1
7770 7769 3
7446 7771 3
7282 7771 1
7826 7772 1
7773 7772 2
7585 7774 1
7299 7775 1
7826 7776 1
7777 7776 2
7779 7780 3
7397 7780 1
7757 7781 1
7619 7783 1
7786 7785 5
7790 7789 2
7826 7789 1
7538 7791 1
7757 7793 1
7793 7794 1
7688 7794 1
7627 7795 1
7688 7796 1
7795 7796 1
7273 7797 2
7317 7797 2
7263 7797 4
7541 7798 1
7479 7799 3
7212 7800 1
7826 7801 1
7802 7801 2
7826 7805 1
7806 7805 2
7585 7807 1
7264 7808 1
7264 7809 2
7810 7809 2
7808 7809 1
7264 7810 2
7808 7810 1
7811 7812 3
7814 7813 1
8095 7814 3
7759 7815 1
7224 7816 1
7815 7816 1
7224 7817 1
7815 7817 1
7374 7818 1
7326 7819 1
7343 7820 1
7819 7820 1
7228 7821 4
7294 7822 1
7822 7823 1
7224 7823 1
7822 7824 1
7224 7824 1
7721 7825 1
7928 7827 2
7826 7827 1
7916 7828 2
7826 7828 1
7826 7829 1
7909 7829 2
7826 7830 1
8028 7830 2
7826 7831 1
8098 7831 2
7826 7832 1
8097 7832 2
7826 7833 1
7896 7833 2
7826 7834 1
8068 7834 2
8010 7835 2
7826 7835 1
7901 7836 2
7826 7836 1
7876 7837 2
7826 7837 1
7769 7838 1
7838 7839 1
7769 7839 1
7552 7840 1
7921 7841 1
7529 7841 2
7345 7842 2
7841 7842 2
7841 7843 2
7844 7843 2
7529 7844 2
7228 7844 4
7289 7845 4
7846 7847 3
7236 7848 1
7849 7850 3
7212 7851 1
7721 7852 1
7852 7853 1
7688 7853 1
7303 7854 1
7854 7855 1
7870 7855 1
7688 7855 3
7927 7855 1
7204 7856 3
7927 7856 1
7854 7856 1
7870 7856 1
7447 7859 1
7446 7859 3
7569 7860 1
7541 7861 1
7688 7862 1
7861 7862 1
7408 7863 1
7863 7864 1
7688 7864 1
7228 7865 4
7246 7866 4
7627 7867 1
7228 7868 4
7871 7870 1
7341 7871 3
7296 7873 1
7246 7874 4
7246 7875 4
7603 7877 1
7311 7879 1
7426 7880 1
7212 7881 1
7958 7882 1
7449 7882 2
7355 7883 2
7882 7883 2
7882 7884 2
7613 7884 2
7613 7885 2
7882 7885 2
7714 7887 1
7278 7887 1
7886 7887 3
7278 7889 1
7273 7889 1
7888 7889 3
7397 7889 1
7283 7889 1
7785 7889 1
7361 7889 1
7669 7889 1
7315 7889 1
7355 7889 1
7891 7890 1
7212 7894 1
7412 7895 1
7350 7898 1
7780 7899 1
7212 7900 1
7381 7902 1
7902 7903 1
7688 7903 1
7768 7904 1
7688 7905 2
8111 7905 1
7904 7905 1
7212 7906 1
7619 7908 1
7228 7910 4
7234 7911 1
7212 7912 1
7914 7913 3
7445 7915 1
7278 7917 1
7216 7918 1
7212 7919 1
7529 7921 1
7943 7922 1
7228 7922 4
7228 7923 4
7576 7923 1
7374 7924 1
7212 7926 1
7394 7927 1
7485 7930 3
7282 7931 1
7436 7932 1
7454 7932 1
7392 7932 1
7476 7932 1
7933 7932 3
7935 7934 3
7296 7936 1
7350 7938 1
7541 7939 1
7219 7940 1
7212 7941 1
7935 7942 3
7228 7944 4
7721 7945 1
7946 7947 3
7627 7949 1
7814 7950 1
7353 7951 1
7216 7952 1
7952 7953 1
7688 7953 1
7293 7954 1
7538 7955 1
7955 7956 1
7688 7956 1
7296 7957 1
7449 7958 1
7408 7959 1
7212 7960 1
7228 7961 4
7871 7962 1
7962 7963 1
7204 7963 1
7212 7965 1
7212 7966 1
7228 7967 4
7449 7968 1
7968 7969 1
7449 7969 2
8131 7969 1
7322 7970 1
7322 7971 1
7970 7971 1
7267 7972 1
7268 7972 1
7797 7972 1
7271 7972 1
7269 7972 1
7264 7972 1
7275 7972 1
7273 7972 1
7261 7972 3
7278 7972 1
7619 7973 1
7317 7974 1
7317 7975 2
7974 7975 1
7978 7975 2
7978 7976 2
7974 7976 1
7317 7976 2
7974 7977 1
7978 7977 2
7317 7977 2
7974 7978 1
7317 7978 2
7978 7979 2
7701 7979 2
7212 7980 1
7667 7981 1
7981 7982 1
7667 7982 1
7449 7983 1
7286 7984 1
7546 7985 1
7985 7986 1
7343 7986 1
7721 7987 1
7258 7988 1
7541 7989 1
7812 7990 1
7757 7991 1
7228 7992 4
7409 7993 1
7303 7994 1
7768 7996 1
7212 7997 1
7573 7998 1
7326 7999 1
7343 8000 1
7999 8000 1
7343 8001 1
7999 8001 1
7343 8002 1
7999 8002 1
7999 8003 1
7343 8003 1
7999 8004 1
7224 8004 1
7999 8005 1
7224 8005 1
7429 8007 1
7212 8008 1
7538 8009 1
7573 8011 1
7353 8013 1
7768 8014 1
7606 8015 1
7224 8016 1
8015 8016 1
8015 8017 1
7224 8017 1
8015 8018 1
7224 8018 1
7258 8019 1
7740 8020 1
8020 8021 1
7224 8021 1
8020 8022 1
7224 8022 2
8110 8022 1
7224 8023 2
8110 8023 1
8020 8023 1
7224 8024 2
8110 8024 1
8020 8024 1
8020 8025 1
7224 8025 2
8110 8025 1
7721 8026 1
7228 8027 4
7258 8029 1
8102 8030 1
7282 8033 1
7326 8034 1
7343 8035 1
8034 8035 1
7212 8036 1
7420 8038 1
7224 8039 1
8038 8039 1
8038 8040 1
7224 8040 1
7569 8041 1
7490 8042 1
8042 8043 1
7490 8043 1
7724 8044 1
7212 8046 1
7889 8047 1
7224 8048 1
8047 8048 1
8047 8049 1
7224 8049 1
7224 8050 1
8047 8050 1
8047 8051 1
7224 8051 1
7224 8052 1
8047 8052 1
8047 8053 1
7224 8053 1
7212 8054 1
7228 8055 4
8126 8055 1
7212 8058 1
7771 8059 1
7744 8060 1
8060 8061 1
7688 8061 1
7264 8062 1
8062 8063 1
7264 8063 1
7258 8064 1
7538 8066 1
7670 8067 1
7889 8073 2
8083 8073 1
8073 8074 2
7224 8074 2
8073 8075 2
7224 8075 2
7381 8076 1
7473 8077 1
7224 8078 1
8077 8078 1
7224 8079 1
8077 8079 1
8077 8080 1
7224 8080 1
8077 8081 1
7224 8081 1
8077 8082 1
7224 8082 1
7889 8083 1
7273 8084 1
8083 8084 1
7212 8086 1
7408 8087 1
7294 8088 1
7224 8089 1
8088 8089 1
7224 8090 1
8088 8090 1
7761 8092 1
7538 8093 1
7299 8096 1
7350 8100 1
7311 8101 1
7757 8103 1
7381 8105 1
7212 8106 1
7374 8107 1
8107 8108 1
7688 8108 1
7757 8109 1
7740 8110 1
7768 8111 1
7204 8112 1
8111 8112 1
7814 8113 1
7212 8114 1
7412 8116 1
7688 8117 1
8116 8117 1
7412 8118 1
7768 8119 1
7529 8120 1
7814 8121 1
8121 8122 1
7688 8122 1
7670 8123 1
7759 8127 1
7224 8128 1
8127 8128 1
8127 8129 1
7224 8129 1
7224 8130 1
8127 8130 1
7449 8131 1
7303 8132 1
7381 8133 1
7299 8134 1
7308 8135 1
7212 8136 1
7286 8137 1
7569 8138 1
7670 8139 1
7216 8140 1
7293 8141 1
