18217 17895 51
17897 17896 1
18217 17897 1
18241 17898 1
17986 17898 1
18204 17898 1
18202 17898 1
18036 17898 1
18129 17898 1
17896 17898 1
18191 17898 1
18140 17898 1
18265 17898 1
18088 17898 1
18217 17898 17
17970 17898 1
18269 17898 1
17949 17898 1
18206 17898 1
18245 17898 1
17936 17898 1
17900 17899 9
18212 17899 1
18262 17899 1
18057 17899 4
18088 17899 1
18258 17899 1
17896 17899 1
17961 17900 1
18080 17900 2
18165 17900 1
18103 17900 1
18238 17900 1
18137 17900 1
17937 17900 1
18240 17900 1
18049 17900 4
17967 17900 1
17897 17900 1
17896 17901 1
17902 17901 3
18036 17901 1
17950 17902 1
18093 17902 1
17897 17902 1
17997 17902 1
18050 17902 1
18163 17902 1
18083 17902 1
18082 17902 1
18032 17902 1
17992 17902 1
17931 17902 1
17991 17902 1
18123 17902 1
18037 17902 1
18072 17902 1
17933 17902 1
17964 17902 1
18149 17902 1
17966 17902 1
18092 17902 1
17930 17902 1
18016 17902 1
18084 17902 1
17923 17902 2
17904 17903 4
17971 17904 1
18217 17904 8
17908 17904 5
18014 17904 1
18005 17904 1
18047 17904 2
17950 17904 1
18106 17904 4
17903 17904 1
17908 17907 1
17904 17908 4
18248 17909 1
17978 17909 1
18109 17909 1
17904 17909 5
17907 17909 1
17909 17910 5
18024 17910 1
17904 17910 7
17904 17911 6
18109 17911 1
18254 17911 1
18203 17911 1
18156 17911 1
17978 17911 1
17907 17911 1
18109 17912 1
18254 17912 1
18203 17912 1
18156 17912 1
17978 17912 1
18098 17912 1
17907 17912 1
17913 17912 7
18099 17913 1
18106 17913 4
17908 17913 3
17978 17914 1
17913 17914 4
17907 17914 1
18109 17914 1
18254 17914 1
17904 17915 8
18126 17915 1
17907 17915 1
18203 17915 1
18109 17915 1
18254 17915 1
17978 17915 1
18156 17915 1
18182 17915 1
18109 17916 1
17917 17916 5
18156 17916 1
18254 17916 1
17907 17916 1
18246 17916 1
18106 17917 2
17908 17917 2
18099 17917 1
17907 17918 1
17917 17918 3
18109 17918 1
18246 17918 1
17917 17919 3
18246 17919 1
18109 17919 1
17907 17919 1
18246 17920 1
18109 17920 1
17907 17920 1
17917 17920 3
18109 17921 1
18246 17921 1
17917 17921 3
17907 17921 1
17923 17922 1
18176 17923 1
18175 17923 1
18217 17923 1
17922 17924 1
18013 17924 1
17925 17924 4
18198 17924 1
18264 17924 1
18014 17925 1
17923 17925 3
17902 17926 5
18180 17926 1
17922 17926 1
18250 17926 1
18248 17926 1
18027 17927 1
17922 17927 1
18094 17927 1
18038 17927 1
17954 17927 1
17928 17927 6
18102 17927 1
17955 17928 1
18028 17928 2
17998 17928 2
17923 17928 1
18094 17929 1
17954 17929 1
18038 17929 1
18027 17929 1
17922 17929 1
17928 17929 6
18102 17929 1
17933 17932 1
18237 17934 1
18263 17934 1
17963 17934 1
18071 17934 1
18135 17934 1
17932 17934 1
18173 17934 1
17996 17934 1
18031 17934 1
18186 17934 1
17902 17934 24
18150 17934 1
18081 17934 1
18172 17934 1
17965 17934 1
17982 17934 2
18201 17934 1
18253 17934 1
18015 17934 1
18033 17934 5
17934 17935 24
17902 17935 25
18250 17935 1
17937 17936 1
18217 17937 1
17939 17938 1
17979 17940 1
17941 17940 5
18001 17940 1
17938 17940 1
18070 17940 1
18085 17940 1
17939 17941 5
18070 17942 1
17938 17942 1
17941 17942 5
18085 17942 1
18001 17942 1
17979 17942 1
17944 17943 1
17943 17945 1
17946 17945 1
17944 17946 1
17946 17947 1
17943 17947 1
17950 17949 1
17904 17950 4
18267 17951 1
18069 17951 1
17949 17951 1
18161 17951 1
18259 17951 1
17970 17951 1
18241 17951 1
18206 17951 1
18134 17951 1
18204 17951 1
18265 17951 1
18272 17951 1
18162 17951 1
18217 17951 19
18269 17951 1
18116 17951 1
18200 17951 1
17953 17952 11
18269 17952 1
18241 17952 1
17949 17952 1
17970 17952 1
18091 17952 2
18204 17952 1
18191 17952 1
18265 17952 1
18174 17952 1
18206 17952 1
17998 17953 1
18047 17953 1
17971 17953 1
17950 17953 1
18106 17953 2
18005 17953 1
17903 17953 1
18080 17953 2
17908 17953 1
18236 17953 1
17955 17954 1
17954 17956 1
17957 17956 1
17955 17957 1
17954 17958 1
17957 17958 1
17957 17959 1
17954 17959 1
17961 17960 1
17960 17962 1
18079 17962 1
17900 17962 2
17964 17963 1
17966 17965 1
18104 17968 1
17969 17968 2
17971 17970 1
17904 17971 4
18241 17972 1
18204 17972 1
18117 17972 1
18217 17972 5
17970 17972 1
18206 17972 1
18204 17973 1
17970 17973 1
18115 17973 1
18217 17973 6
18241 17973 1
18206 17973 1
17977 17974 8
18179 17974 1
17975 17974 9
17973 17974 6
18217 17975 15
18183 17976 1
17973 17976 6
17895 17976 15
18000 17976 8
17973 17977 6
18217 17977 8
18180 17977 1
17908 17978 1
17939 17979 1
17981 17980 2
18104 17980 1
17902 17982 2
18071 17982 1
17984 17983 3
17987 17986 1
18217 17987 1
17990 17989 2
18095 17989 1
18217 17991 1
17951 17993 1
17895 17993 3
18098 17994 1
17917 17994 2
18207 17995 2
17917 17995 4
17994 17995 2
17997 17996 1
17908 17998 1
18106 17998 5
17999 17998 4
17908 17999 1
17895 18000 8
18044 18000 7
17939 18001 1
18003 18002 1
18002 18004 1
18003 18004 1
17904 18005 4
18007 18006 3
17999 18008 4
17971 18008 2
18010 18009 1
17903 18010 2
17999 18010 4
18010 18011 1
18009 18011 1
18010 18012 2
18243 18012 1
18009 18012 1
18014 18013 1
18217 18014 1
18016 18015 1
18136 18018 2
18017 18018 1
18193 18019 2
18017 18019 1
18017 18020 1
18146 18020 2
18112 18023 1
17904 18023 2
18056 18024 7
17904 18024 10
18023 18024 2
18243 18024 1
18064 18025 2
18104 18025 1
18026 18025 2
18028 18027 1
18006 18029 2
18007 18029 1
18030 18029 2
18032 18031 1
18180 18033 1
18187 18033 1
17902 18033 5
18036 18033 1
18200 18033 1
17901 18034 1
17902 18034 2
17926 18035 1
17902 18035 3
18034 18035 2
18037 18036 1
18217 18037 1
17998 18038 1
18041 18040 2
18118 18040 1
17971 18042 1
18042 18043 1
18008 18043 1
18166 18044 1
18217 18044 7
18210 18044 1
18042 18044 1
18215 18044 1
18046 18044 1
18117 18044 1
17975 18045 7
18044 18045 7
18047 18046 1
17904 18047 4
18049 18048 2
18046 18048 1
18177 18048 1
18047 18049 3
17999 18049 4
18118 18051 1
18052 18051 2
17967 18053 1
18057 18054 4
18088 18054 1
17900 18054 9
18053 18054 1
18275 18054 1
18261 18054 1
18268 18054 1
18047 18055 1
18192 18056 1
18112 18056 1
18177 18056 1
18055 18056 1
18254 18056 1
18248 18056 1
17904 18056 7
18055 18057 1
18090 18057 1
18177 18057 1
18049 18057 4
18177 18058 1
18055 18058 1
18248 18058 1
18192 18058 1
17904 18058 5
18058 18059 5
17904 18059 7
18122 18059 1
18112 18059 1
18061 18060 1
17897 18061 1
18061 18062 2
18202 18062 1
18060 18062 1
18064 18063 1
18063 18065 1
18025 18065 2
18157 18065 1
18063 18066 1
18157 18066 1
18025 18066 2
18104 18067 1
18068 18067 2
18037 18069 1
17939 18070 1
18072 18071 1
17902 18073 1
18071 18073 1
18075 18074 3
17950 18076 1
18078 18077 2
18076 18077 1
17950 18078 2
17999 18078 4
18111 18079 1
18077 18079 2
18080 18079 4
18078 18080 2
18049 18080 1
18082 18081 1
17939 18085 1
18078 18086 1
18078 18087 2
18248 18087 1
18086 18087 1
17937 18088 1
18049 18090 1
18090 18091 1
18080 18091 2
18217 18093 1
17998 18094 1
18099 18098 1
17913 18100 4
18203 18100 1
18126 18100 1
18098 18100 1
18156 18100 1
17917 18101 1
18098 18101 1
18028 18102 1
18106 18105 1
17904 18106 4
17998 18107 1
18105 18107 1
17908 18109 1
18080 18111 1
18005 18112 1
18112 18113 1
18255 18113 1
18114 18113 2
17999 18114 4
18005 18114 2
18217 18115 1
18093 18116 1
17904 18117 1
18118 18119 1
18178 18119 2
18144 18120 2
18118 18120 1
17904 18122 1
18239 18124 1
18106 18126 1
18174 18127 1
18254 18127 1
18126 18127 1
18203 18127 1
18241 18127 1
17998 18127 6
18156 18127 1
18130 18129 1
18217 18130 1
17937 18134 1
18083 18135 1
17928 18138 1
18138 18139 1
17928 18139 1
18130 18140 1
18006 18141 1
18181 18142 1
18188 18142 1
18029 18142 3
18141 18142 1
18006 18143 2
18181 18143 1
18141 18143 1
18269 18147 1
18217 18147 2
17895 18148 3
18147 18148 2
18084 18150 1
18154 18152 1
18155 18152 1
18153 18152 1
18106 18156 1
18064 18157 1
18008 18158 1
18192 18159 1
18158 18159 1
18008 18159 2
17897 18161 1
18014 18162 1
18235 18164 1
18022 18164 1
18185 18164 1
18197 18164 1
18234 18164 1
18121 18164 1
18151 18164 1
17908 18166 1
18166 18167 1
17999 18167 1
17904 18168 1
18166 18168 1
18171 18170 2
18199 18170 1
18092 18172 1
18123 18173 1
17998 18174 1
18047 18177 1
17975 18179 1
17991 18180 1
18006 18181 1
18014 18182 1
17895 18183 1
18149 18186 1
18163 18187 1
18029 18188 1
18190 18189 2
18249 18189 1
18188 18189 1
18029 18190 2
18106 18191 1
17971 18192 1
18005 18195 1
18195 18196 1
18114 18196 1
17923 18198 1
17923 18200 1
17930 18201 1
17897 18202 1
18106 18203 1
18047 18204 1
17903 18206 1
18254 18207 1
17917 18207 2
18110 18208 1
18110 18209 1
18208 18209 1
17903 18210 1
18010 18211 1
18210 18211 1
18103 18212 1
18217 18215 1
18036 18216 1
18112 18216 1
18203 18216 1
18243 18216 1
17936 18216 1
18254 18216 1
18180 18216 1
18088 18216 1
17986 18216 1
17896 18216 1
18177 18216 1
18248 18216 1
18265 18216 1
18156 18216 1
18241 18216 1
18126 18216 1
18217 18216 36
17910 18216 7
18192 18216 1
18202 18216 1
18013 18216 1
18264 18216 1
17922 18216 1
18250 18216 1
18245 18216 1
18200 18216 1
18140 18216 1
18198 18216 1
18055 18216 1
18162 18216 1
18129 18216 1
17971 18217 3
18005 18217 2
17923 18217 4
17937 18217 3
17897 18217 3
18130 18217 3
18037 18217 2
18047 18217 4
17950 18217 2
18106 18217 6
18014 18217 2
17905 18217 20
18093 18217 2
17904 18217 8
17908 18217 2
17991 18217 2
17903 18217 3
17987 18217 3
17993 18218 1
17973 18218 6
18216 18218 36
18148 18218 3
18000 18218 8
17895 18218 54
18183 18218 1
18050 18237 1
17908 18241 1
18241 18242 1
17904 18242 1
17903 18243 1
17987 18245 1
17917 18246 1
17917 18247 2
18254 18247 1
18246 18247 1
17950 18248 1
18029 18249 1
18093 18250 1
17931 18253 1
18106 18254 1
18114 18255 1
18240 18258 1
18130 18259 1
18238 18261 1
18165 18262 1
17992 18263 1
17923 18264 1
18005 18265 1
17987 18267 1
18080 18268 1
18106 18269 1
17957 18270 1
18270 18271 1
17957 18271 1
17991 18272 1
18274 18273 1
18137 18275 1
