317 100 1
338 100 1
317 101 1
338 101 1
317 102 1
338 102 1
338 103 1
317 103 1
312 104 2
315 106 1
315 108 1
317 109 1
108 109 1
324 110 1
304 111 1
110 111 1
319 112 1
110 112 1
315 113 1
113 114 1
317 114 1
122 115 1
312 115 2
115 116 2
104 116 2
115 117 2
118 117 2
312 118 2
315 119 1
319 122 1
332 123 1
122 123 1
122 124 1
304 124 1
122 125 1
312 125 1
324 304 1
305 304 2
319 304 1
120 304 1
307 306 3
107 310 1
311 310 2
313 312 1
319 312 1
315 314 1
318 315 3
314 316 1
317 316 1
315 317 7
321 319 1
324 319 1
320 319 1
306 322 1
324 323 1
322 323 1
306 324 1
105 324 1
331 324 3
332 324 4
333 324 2
326 325 2
315 327 1
317 328 2
327 328 1
119 328 1
119 329 1
330 329 2
327 329 1
315 330 2
319 332 1
315 334 1
106 335 1
334 335 1
317 335 2
106 336 1
334 336 1
337 336 2
315 337 2
317 338 1
