6338 6337 3
10766 6339 1
6340 6339 6
9267 6341 2
9366 6341 8
9361 6341 1
9410 6341 2
10765 6341 1
9343 6341 2
9357 6341 2
9333 6341 4
10775 6341 1
9296 6341 3
6339 6341 4
6342 6341 2
10764 6342 1
6341 6342 1
9333 6342 4
9366 6342 8
9296 6342 3
6339 6342 4
10400 6342 2
10847 6343 3
10775 6343 3
6344 6343 1
6346 6345 1
9253 6346 3
6345 6347 1
9328 6347 1
6348 6347 3
6346 6348 1
9263 6348 1
6348 6349 3
6347 6349 3
10434 6350 6
6351 6350 1
6352 6351 4
9241 6352 2
6350 6352 2
6354 6353 1
9283 6354 1
9380 6354 2
9355 6354 1
10847 6354 1
8397 6354 4
10765 6354 1
9410 6354 5
9347 6354 2
9268 6354 1
10845 6354 1
10991 6355 1
10822 6355 1
8397 6355 6
9289 6355 1
10399 6355 1
10786 6355 1
6353 6355 1
10766 8397 1
9308 8397 1
9381 8397 6
9347 8397 1
9256 8397 1
9290 8397 1
9257 8397 1
6354 8397 1
9241 9240 4
6350 9242 1
9243 9242 4
6351 9243 1
9245 9244 3
9247 9246 1
9336 9247 3
9249 9248 1
9246 9248 1
9247 9249 2
9251 9250 1
9410 9251 5
10455 9251 1
9251 9252 1
9250 9252 1
9275 9254 1
9255 9254 6
9410 9256 2
9366 9256 6
9345 9256 3
9257 9256 2
9254 9256 4
9256 9257 1
9366 9257 6
10780 9257 1
10778 9257 2
9254 9257 4
9259 9258 3
9244 9258 1
9261 9260 3
10884 9262 1
9264 9263 3
9265 9266 3
10794 9268 1
9269 9268 2
6341 9270 2
6354 9271 2
9295 9272 3
9371 9272 8
10859 9272 4
6341 9272 15
6342 9273 3
9272 9273 1
10935 9273 1
9275 9274 7
11016 9277 3
9276 9277 1
10769 9278 1
10770 9278 1
9281 9279 1
9280 9279 3
9282 9279 1
6354 9283 1
9284 9283 3
9251 9285 1
11024 9286 1
9251 9286 4
9285 9286 1
9388 9286 2
9288 9287 3
9290 9289 1
9308 9290 2
10439 9290 4
10878 9290 2
9345 9290 3
9410 9290 2
9241 9291 1
9292 9291 3
9387 9293 1
10433 9293 2
9242 9293 1
6352 9293 2
6351 9293 2
6338 9294 3
10883 9295 1
9296 9295 3
10416 9295 1
10884 9296 1
10417 9296 1
9295 9297 3
9298 9297 3
9296 9298 3
10845 9298 3
9295 9299 3
10859 9299 4
9371 9299 8
6342 9299 14
9295 9300 3
6342 9300 7
10859 9300 4
9298 9301 3
9295 9301 3
9356 9302 2
9303 9302 12
10894 9302 2
9357 9303 2
9330 9303 2
9343 9303 2
9410 9303 5
9274 9303 4
9345 9303 3
11056 9305 1
10892 9305 1
9354 9305 1
6354 9305 11
9308 9307 3
10772 9307 1
11023 9307 1
10780 9308 1
10778 9308 2
9290 9308 1
10439 9308 4
9290 9309 4
10952 9309 1
10976 9309 2
9307 9309 1
10794 9310 1
9269 9310 2
10405 9312 1
9311 9312 3
10758 9312 1
10850 9313 2
9256 9313 10
9275 9314 7
9314 9315 4
9410 9315 5
9357 9315 2
9343 9315 2
9345 9315 1
10881 9315 2
9316 9315 2
9315 9316 1
9314 9316 4
10780 9316 1
10778 9316 2
9410 9316 5
9318 9317 1
10992 9318 1
10956 9318 1
10816 9318 1
10873 9318 1
10978 9318 1
6350 9318 1
10861 9318 4
10779 9318 1
9320 9319 1
9317 9319 1
9318 9320 1
9320 9321 1
9317 9321 1
9323 9322 1
11061 9324 1
10401 9324 2
10416 9324 1
10966 9324 1
10883 9324 1
10910 9324 1
10791 9324 2
9351 9324 3
10823 9324 2
11028 9324 1
10897 9324 1
9325 9324 16
9322 9324 1
11060 9324 1
10417 9325 1
10788 9325 3
9382 9325 1
9344 9325 1
9278 9325 2
10878 9325 1
9268 9325 1
9350 9325 3
10884 9325 1
10866 9325 1
9400 9325 2
9323 9325 1
9429 9325 3
9423 9325 1
6342 9326 1
6351 9327 1
9263 9328 1
9330 9329 1
9303 9330 1
10778 9330 2
10780 9330 1
9274 9330 4
9410 9330 5
9330 9331 1
9329 9331 1
9333 9332 9
9335 9332 9
9340 9332 3
10859 9332 4
9343 9333 2
10775 9333 1
10847 9333 2
9333 9334 9
9332 9334 9
9332 9335 9
9334 9335 9
10894 9335 2
9333 9335 9
9340 9335 3
10859 9335 4
9338 9337 2
10931 9337 1
9333 9340 3
10894 9340 2
9342 9341 3
10847 9343 1
9347 9346 1
10764 9347 1
9410 9347 5
8397 9347 4
6354 9347 1
10851 9347 2
11028 9348 1
9346 9348 1
10421 9348 1
6354 9348 3
9350 9349 2
10416 9349 1
10417 9350 1
9349 9351 2
9350 9351 3
10401 9352 2
10897 9352 1
10910 9352 1
10865 9352 1
9325 9352 9
11061 9352 1
9351 9352 3
10434 9353 1
9355 9354 1
9288 9355 3
9357 9356 2
9354 9356 1
9355 9357 1
10894 9358 2
10838 9358 1
9356 9358 2
6341 9358 6
9273 9358 1
10894 9359 2
6341 9359 5
9356 9359 2
10773 9360 1
9361 9360 7
9359 9360 5
11005 9361 2
6341 9361 5
9284 9361 1
10894 9362 2
9356 9362 2
9315 9362 12
9364 9363 4
10894 9363 2
9356 9363 2
9343 9364 2
9357 9364 2
10817 9364 1
9366 9365 5
9356 9365 2
10894 9365 2
9357 9366 2
9343 9366 2
9375 9367 5
9365 9367 5
9256 9367 7
9257 9368 6
9365 9368 5
9375 9368 5
9257 9369 6
9365 9369 5
9375 9369 5
9375 9370 5
9257 9370 6
9365 9370 5
9376 9371 5
9375 9371 5
9366 9371 8
9365 9371 5
10859 9372 4
9371 9372 8
6342 9372 11
10859 9373 4
9371 9373 8
6342 9373 11
9364 9374 5
9356 9374 2
10894 9374 2
11058 9374 1
9366 9375 5
10894 9375 2
9356 9375 2
10894 9376 2
9366 9376 5
9356 9376 2
9330 9377 1
9330 9378 3
9417 9378 1
9377 9378 1
10794 9379 1
9269 9379 2
9383 9382 3
10980 9384 1
10953 9384 1
9385 9384 3
9266 9385 1
9294 9385 1
6338 9386 3
6338 9387 3
9251 9388 2
10438 9388 1
9390 9389 1
10466 9390 1
9390 9391 2
9389 9391 1
9391 9392 2
9390 9392 2
9390 9393 3
9389 9393 1
10465 9393 1
9390 9394 3
9393 9394 3
9383 9395 3
10847 9396 1
9278 9396 2
10775 9396 1
9400 9396 2
10790 9396 2
10456 9396 1
9344 9396 1
10973 9397 1
6343 9397 3
11015 9397 1
9397 9398 3
6343 9398 3
9397 9399 3
9400 9399 3
10775 9400 1
10847 9400 1
6343 9400 3
9344 9400 1
9402 9401 3
9404 9403 3
9406 9405 1
9387 9406 1
9406 9407 4
9405 9407 1
10833 9407 2
10932 9407 1
9404 9408 3
10848 9409 1
9410 9409 2
10878 9410 2
10849 9410 1
9409 9411 2
9410 9411 5
10976 9411 2
9409 9412 2
9411 9412 5
9315 9412 6
9409 9413 2
9316 9413 5
9411 9413 5
9409 9414 2
9251 9414 5
9411 9414 5
9411 9415 5
9409 9415 2
6354 9415 6
9411 9416 5
9409 9416 2
9347 9416 5
9411 9417 5
9303 9417 6
9409 9417 2
9330 9418 5
9409 9418 2
9411 9418 5
9330 9419 5
9409 9419 2
9411 9419 5
9409 9420 2
9411 9420 5
9330 9420 5
9409 9421 2
9411 9421 5
9330 9421 5
9423 9422 1
9427 9423 3
10959 9424 1
9325 9424 3
9428 9424 1
9422 9424 1
9426 9425 1
9429 9428 1
10771 9429 3
10395 10394 6
10966 10394 1
9428 10394 1
11067 10394 1
10984 10394 1
10465 10394 1
10466 10395 1
10433 10395 1
9429 10395 2
9242 10395 1
10395 10396 6
10394 10396 6
10394 10397 6
10395 10397 6
10395 10398 6
10394 10398 6
9257 10399 1
10972 10401 1
9278 10401 2
10852 10402 1
10789 10402 2
10910 10402 1
10401 10402 2
10892 10402 1
9396 10402 8
10823 10402 2
10852 10403 1
6341 10403 11
10850 10403 2
10405 10404 2
10937 10404 1
10944 10405 1
10937 10406 1
10405 10406 3
10404 10406 2
10408 10407 3
10406 10407 3
10405 10408 3
10408 10409 3
10406 10409 3
10406 10410 3
10408 10410 3
10408 10411 3
10406 10411 3
10408 10412 3
10406 10412 3
10408 10413 3
10406 10413 3
10406 10414 3
10408 10414 3
9303 10415 2
10417 10416 1
10432 10417 3
9306 10418 1
10422 10419 1
9347 10420 1
10420 10421 1
9347 10421 3
9415 10421 1
9245 10422 3
6351 10423 1
10423 10424 1
11062 10424 1
10839 10424 1
11043 10424 1
10763 10424 1
10984 10424 1
9293 10424 10
11067 10424 1
10936 10424 1
10426 10425 3
9316 10428 1
10428 10429 1
9316 10429 1
9290 10430 2
9240 10431 4
9364 10433 4
6350 10433 1
10435 10433 1
9290 10436 10
10850 10436 2
9261 10437 3
9251 10438 1
9275 10439 7
10443 10442 3
9281 10442 1
10444 10442 1
9402 10445 3
10447 10446 3
9251 10448 1
9361 10449 1
10943 10450 1
9360 10450 1
10802 10450 1
10449 10450 1
10768 10450 1
10451 10450 6
10923 10450 1
10795 10451 1
9268 10451 1
9379 10451 1
9361 10451 3
9283 10451 3
10453 10452 1
10452 10454 1
10455 10454 3
11013 10454 1
11042 10454 1
10453 10455 1
10979 10455 1
9318 10455 1
10422 10458 1
10460 10459 1
10458 10459 1
10422 10460 1
9259 10460 3
10458 10461 1
10419 10461 1
10463 10462 1
9429 10463 1
10463 10464 1
10462 10464 1
10466 10465 1
9308 10467 1
10469 10468 4
10806 10468 3
10813 10469 3
10469 10470 4
10468 10470 4
9337 10471 3
10909 10471 3
10753 10752 3
10755 10754 1
10755 10756 1
10754 10756 1
10758 10757 1
9312 10759 1
10757 10759 1
10757 10760 1
9312 10760 1
9312 10761 1
10757 10761 1
9312 10762 1
10757 10762 1
10433 10763 1
10842 10767 1
9316 10767 3
9412 10767 1
9361 10768 1
9290 10772 1
9361 10773 1
10775 10774 1
10818 10775 2
10844 10775 1
10774 10776 1
10971 10776 1
6343 10776 2
10426 10777 3
9303 10781 2
11066 10781 1
9378 10781 1
10783 10782 3
9292 10784 3
9241 10784 1
9383 10785 3
9256 10786 1
10788 10787 1
10790 10789 2
10787 10789 1
10788 10790 1
10787 10791 1
10788 10791 2
10793 10792 2
10791 10792 2
10788 10793 2
9269 10795 2
10987 10795 1
10794 10795 1
10797 10796 1
10796 10798 1
10797 10798 1
9361 10799 1
10799 10800 1
6341 10800 1
6354 10801 1
10801 10802 1
9283 10802 3
11018 10802 1
10896 10804 1
10928 10806 1
11039 10806 1
10469 10806 3
10806 10807 3
10469 10807 4
10807 10808 4
10469 10808 4
10806 10809 3
10469 10809 4
10807 10809 4
9298 10810 4
10443 10811 1
9339 10811 1
9280 10811 1
10797 10814 1
10879 10815 1
10826 10815 2
10814 10815 1
10797 10815 4
10861 10817 1
10949 10817 1
9364 10817 1
9268 10819 1
10819 10820 1
10451 10820 3
10840 10820 1
10832 10820 1
9261 10821 3
9347 10822 1
9400 10823 2
10910 10823 1
10797 10825 1
10825 10826 1
10797 10826 2
9257 10827 1
9337 10828 3
10908 10829 3
10471 10829 6
10828 10829 3
10783 10830 3
9344 10831 1
10946 10831 1
9379 10832 1
9406 10833 2
10839 10833 1
9385 10834 1
10834 10835 1
9385 10835 1
9298 10836 1
10810 10837 5
10836 10837 1
11037 10837 1
11032 10837 3
6342 10838 1
9387 10839 1
10795 10840 1
10758 10841 1
9316 10842 1
9383 10843 3
10844 10845 1
10818 10845 2
10844 10846 1
10818 10846 2
10844 10847 1
10818 10847 2
10849 10848 1
10848 10850 1
9410 10850 2
10775 10852 1
10852 10853 1
6343 10853 1
10852 10854 1
6343 10854 1
6343 10855 1
10852 10855 1
10892 10856 1
10852 10856 1
9400 10856 2
10892 10857 1
6343 10857 2
10852 10857 1
6343 10858 4
10892 10858 1
11015 10858 1
10973 10858 1
10852 10858 1
10852 10859 1
11015 10859 1
10892 10859 1
9333 10859 4
10817 10861 1
6351 10861 1
9240 10862 4
9277 10864 1
9243 10864 1
10866 10865 1
10865 10867 1
10866 10867 1
10755 10868 1
10868 10869 1
10755 10869 1
10868 10870 1
10755 10870 1
10845 10871 1
9298 10872 1
10871 10872 1
10805 10874 1
10805 10875 2
10874 10875 1
10805 10876 2
10875 10876 2
9383 10877 3
10797 10879 1
9330 10880 1
10884 10883 1
10432 10884 3
10883 10885 1
9262 10885 1
10887 10886 2
11009 10886 1
10887 10888 2
10886 10888 2
10890 10891 3
10847 10892 1
10892 10893 1
6343 10893 1
9343 10894 2
10892 10894 1
10993 10896 2
10895 10896 1
10788 10897 1
10797 10898 1
9383 10899 3
9257 10900 1
10900 10901 1
9257 10901 1
9244 10903 1
9327 10904 1
9327 10905 2
11043 10905 1
10904 10905 1
10896 10906 1
10906 10907 1
10804 10907 1
10909 10908 3
10931 10909 1
9338 10909 2
9344 10910 1
9344 10911 1
10910 10911 1
10831 10912 2
10910 10912 1
10831 10913 2
10912 10913 2
10831 10914 2
10912 10914 2
10912 10915 2
10831 10915 2
10831 10916 2
10912 10916 2
10912 10917 2
10831 10917 2
9304 10920 1
9304 10921 1
10920 10921 1
9283 10923 1
10919 10924 1
11035 10925 1
10926 10925 3
10924 10925 1
10919 10926 2
10926 10927 3
10925 10927 3
10469 10928 1
10797 10929 1
10929 10930 1
10797 10930 1
9406 10932 1
9315 10933 2
6342 10935 1
6352 10936 1
10405 10937 1
9312 10938 1
10937 10938 1
10405 10939 1
10937 10939 1
9312 10940 1
10937 10940 1
10937 10941 1
9312 10941 1
9256 10942 2
9283 10943 1
10945 10946 4
10949 10948 1
10948 10950 1
10817 10950 1
9308 10952 1
9266 10953 1
9330 10954 1
9330 10955 1
10954 10955 1
9283 10957 1
6354 10958 1
10957 10958 1
9429 10959 1
11022 10960 1
9257 10960 3
9367 10960 1
10466 10961 1
9330 10962 1
9330 10963 1
10962 10963 1
9316 10964 1
10767 10965 1
10964 10965 1
9315 10965 2
9429 10966 1
10463 10967 1
10966 10967 1
10966 10968 1
10395 10968 2
11067 10968 1
10966 10969 1
11067 10969 1
10395 10969 2
11067 10970 1
10966 10970 1
10984 10970 1
10395 10970 3
10775 10971 1
9278 10972 1
10847 10973 1
9308 10974 1
10974 10975 1
9308 10975 1
11061 10976 1
10878 10976 2
9240 10977 4
9294 10980 1
10982 10981 3
10433 10984 1
11067 10985 1
10984 10985 1
10395 10985 2
10783 10986 3
6342 10988 1
6342 10989 1
10988 10989 1
9308 10991 1
10456 10995 1
10995 10996 1
9396 10996 1
9339 10997 1
10811 10998 1
10997 10998 1
9316 10999 1
10887 11000 1
10887 11001 1
11000 11001 1
11003 11002 3
9244 11006 1
11006 11007 1
9258 11007 1
10903 11008 1
11006 11008 1
10887 11009 1
10887 11010 2
11009 11010 1
10887 11011 2
11010 11011 2
9318 11013 1
10455 11014 1
11013 11014 1
10847 11015 1
9283 11018 1
9251 11020 1
11020 11021 1
9251 11021 1
9257 11022 1
9308 11023 1
9251 11024 1
9347 11025 1
11036 11026 1
9256 11026 2
10960 11026 1
9268 11028 1
11004 11029 1
11029 11030 1
11004 11030 1
10845 11031 1
11057 11032 1
11031 11032 1
9298 11032 3
10466 11033 1
11033 11034 1
10961 11034 1
10919 11035 1
9257 11036 1
10810 11037 1
10469 11039 1
9247 11040 1
9249 11041 1
11040 11041 1
10979 11042 1
6351 11043 1
11043 11044 1
6350 11044 1
11043 11045 1
9243 11045 1
10861 11046 1
11043 11046 1
10861 11047 1
11043 11047 1
11058 11048 1
11043 11048 1
10861 11048 2
11043 11049 1
10861 11049 1
10946 11051 1
11051 11052 1
10831 11052 1
10831 11053 1
11051 11053 1
11051 11054 1
10831 11054 1
10831 11055 1
11051 11055 1
10845 11056 1
10845 11057 1
10817 11058 1
11058 11059 1
10861 11059 1
9382 11060 1
10878 11061 1
6352 11062 1
10455 11063 1
11063 11064 1
9251 11064 1
9330 11066 1
9242 11067 1
