4619 4616 1
4623 4616 1
4617 4616 3
4622 4616 1
4620 4616 1
4621 4616 1
4628 4618 1
4637 4622 6
4616 4622 1
4628 4624 1
4652 4624 1
4626 4625 3
4639 4626 5
4638 4626 2
4617 4626 3
4628 4626 3
4619 4626 1
4646 4626 2
4628 4627 3
4625 4627 3
4626 4628 3
4628 4629 3
4625 4629 3
4616 4630 1
4622 4631 4
4661 4631 3
4630 4631 1
4622 4632 3
4630 4632 1
4661 4632 2
4630 4633 1
4622 4633 3
4661 4633 2
4622 4634 5
4661 4634 3
4630 4634 1
4636 4635 5
4634 4635 5
4622 4636 5
4617 4637 7
4621 4637 3
4638 4637 3
4619 4637 3
4623 4637 2
4620 4637 3
4622 4637 3
4617 4640 3
4637 4642 3
4622 4643 3
4642 4643 3
4645 4644 2
4650 4644 1
4622 4647 5
4628 4648 1
4648 4649 1
4618 4649 1
4650 4651 1
4645 4651 2
4628 4652 1
4622 4653 1
4653 4654 1
4647 4654 1
4653 4655 1
4663 4655 4
4647 4655 5
4628 4656 1
4625 4656 1
4628 4657 1
4624 4658 1
4657 4658 1
4652 4659 1
4657 4659 1
4624 4660 1
4657 4660 1
4637 4661 3
4661 4662 2
4622 4662 2
4622 4663 4
4661 4663 3
4647 4664 4
4663 4664 4
4661 4665 3
4622 4665 3
