1543 1542 3
1544 1545 3
1570 1547 2
1552 1547 1
1546 1547 1
1608 1547 1
1550 1548 3
1549 1548 3
1546 1551 1
1546 1552 1
1587 1553 1
1554 1553 2
1601 1555 1
1555 1556 1
1556 1557 1
1601 1557 1
1601 1558 1
1556 1558 1
1555 1559 1
1551 1560 1
1555 1560 1
1608 1560 1
1562 1561 2
1587 1561 1
1587 1563 1
1564 1563 2
1579 1565 1
1566 1565 3
1565 1567 1
1567 1568 1
1569 1568 1
1565 1569 2
1551 1570 1
1552 1570 1
1573 1571 3
1572 1571 3
1574 1575 2
1577 1576 3
1578 1576 3
1580 1579 2
1593 1579 1
1582 1581 1
1594 1582 2
1587 1582 1
1582 1583 1
1581 1583 1
1551 1584 1
1586 1585 3
1587 1588 1
1595 1588 2
1588 1589 1
1588 1590 1
1589 1590 1
1563 1591 1
1563 1592 1
1591 1592 1
1565 1596 1
1569 1597 1
1596 1597 1
1569 1598 1
1596 1598 1
1569 1599 1
1596 1599 1
1569 1600 1
1596 1600 1
1579 1602 1
1565 1603 1
1602 1603 1
1553 1604 1
1553 1605 1
1604 1605 1
1561 1606 1
1606 1607 1
1561 1607 1
1608 1609 1
1608 1610 1
