9872 9871 1
9923 9872 1
9983 9873 1
9941 9873 1
9978 9873 1
9929 9873 1
9903 9873 1
9962 9873 1
9949 9873 1
9914 9873 1
9874 9873 13
9871 9873 1
9908 9873 1
9989 9873 1
9872 9874 4
9901 9874 2
9961 9874 1
9915 9874 1
9946 9874 2
9943 9874 1
9874 9875 5
9908 9875 1
9871 9875 1
9903 9875 1
9983 9875 1
9941 9875 1
9903 9876 1
9983 9876 1
9941 9876 1
9908 9876 1
9871 9876 1
9874 9876 5
9903 9877 1
9871 9877 1
9908 9877 1
9878 9877 4
9983 9877 1
9872 9878 4
9871 9879 1
9941 9879 1
9880 9879 3
9901 9880 1
9872 9880 4
9908 9881 1
9975 9881 2
9879 9881 3
9880 9881 6
9880 9882 5
9908 9882 1
9941 9882 1
9871 9882 1
9903 9882 1
9983 9882 1
9884 9883 4
9917 9883 1
9885 9884 9
9887 9886 1
9958 9887 3
9923 9887 5
9941 9888 1
9886 9888 1
9889 9888 2
9887 9889 1
9901 9889 1
9886 9890 1
9891 9890 1
9887 9891 1
9886 9892 1
9891 9892 1
9894 9893 1
9886 9893 1
9887 9894 8
9906 9895 1
9901 9896 2
9872 9896 2
9915 9896 1
9887 9896 4
9961 9897 1
9884 9898 4
9884 9899 4
9917 9899 2
9901 9900 4
9902 9901 3
9872 9903 1
9880 9904 1
9903 9904 1
9906 9905 1
9905 9907 1
9895 9907 1
9872 9908 1
9966 9909 4
9896 9909 5
9908 9909 1
9911 9910 2
9985 9910 1
9901 9912 4
9902 9912 1
9956 9913 5
9915 9914 1
9917 9916 3
9914 9916 1
9944 9917 1
9950 9917 2
9915 9917 1
9916 9918 2
9899 9918 2
9917 9919 1
9914 9919 1
9914 9920 1
9896 9920 1
9921 9922 4
9925 9924 9
9924 9926 4
9901 9929 1
9929 9930 1
9896 9930 1
9929 9931 1
9901 9931 2
9901 9932 2
9931 9932 2
9931 9933 2
9896 9933 2
9931 9934 2
9901 9934 2
9931 9935 2
9901 9935 2
9931 9936 2
9901 9936 2
9887 9937 4
9924 9938 4
9924 9939 4
9916 9940 1
9883 9940 1
9901 9941 1
9902 9943 1
9887 9946 1
9948 9947 3
9946 9949 1
9952 9953 3
9957 9954 1
9887 9954 3
9964 9954 1
9954 9955 3
9959 9955 3
9894 9955 7
9966 9955 4
9887 9956 4
9958 9957 1
9964 9959 1
9887 9959 3
9957 9959 1
9874 9960 2
9873 9960 1
9983 9960 1
9943 9962 1
9958 9964 1
9887 9965 3
9964 9965 1
9974 9965 1
9887 9966 4
9965 9966 3
9896 9967 4
9966 9967 4
9956 9968 5
9966 9968 4
9968 9969 5
9913 9969 5
9937 9970 4
9966 9970 4
9958 9974 1
9880 9975 2
9983 9975 1
9921 9976 1
9976 9977 1
9921 9977 1
9961 9978 1
9897 9979 1
9978 9979 1
9872 9983 1
9896 9984 1
9983 9984 1
9946 9989 1
