1419 1128 1
1131 1130 3
1308 1132 1
1133 1132 3
1145 1132 1
1132 1134 3
1869 1134 1
1134 1135 2
1136 1135 2
1132 1136 2
1138 1137 2
1134 1137 2
1132 1138 2
1134 1139 3
1140 1139 3
1132 1140 3
1140 1141 3
1134 1141 3
1378 1142 1
1856 1143 1
1144 1143 2
1142 1143 1
1378 1144 1
1359 1144 1
1146 1145 3
1417 1147 4
1409 1149 1
1149 1150 1
1882 1150 1
1168 1150 1
1417 1150 3
1409 1151 1
1151 1152 1
1409 1152 3
1871 1152 2
1331 1155 1
1878 1158 2
1159 1158 1
1132 1159 1
1132 1160 1
1159 1160 1
1878 1161 1
1159 1161 1
1378 1162 1
1162 1163 1
1409 1163 1
1378 1164 1
1164 1165 1
1409 1165 1
1378 1167 1
1409 1168 1
1905 1169 1
1341 1170 1
1339 1171 1
1170 1171 1
1378 1172 1
1181 1173 1
1378 1173 2
1378 1174 1
1409 1175 1
1174 1175 1
1378 1176 1
1176 1177 1
1409 1177 1
1409 1178 1
1378 1180 1
1378 1181 1
1409 1302 1
1409 1303 5
1437 1303 1
1438 1303 1
1302 1303 1
1355 1303 1
1882 1303 1
1305 1304 4
1378 1306 1
1881 1309 2
1310 1309 3
1130 1310 1
1309 1311 3
1310 1311 3
1310 1312 3
1309 1312 3
1328 1313 1
1336 1313 1
1314 1313 2
1133 1313 1
1349 1315 3
1344 1315 7
1322 1315 1
1409 1315 14
1369 1315 1
1888 1315 1
1316 1317 4
1319 1318 4
1132 1319 2
1378 1320 1
1320 1321 1
1409 1321 1
1169 1322 1
1378 1322 2
1378 1323 1
1325 1324 1
1444 1325 3
1325 1326 2
1324 1326 1
1902 1326 1
1328 1327 1
1364 1328 2
1129 1328 1
1313 1329 1
1327 1329 1
1331 1330 7
1155 1331 3
1332 1331 8
1376 1332 2
1330 1333 6
1166 1333 1
1378 1334 1
1409 1335 2
1334 1335 1
1338 1337 3
1340 1339 3
1308 1339 1
1144 1339 4
1341 1339 1
1146 1341 3
1378 1342 1
1342 1343 1
1409 1343 1
1347 1344 6
1409 1344 7
1378 1345 3
1345 1346 3
1378 1346 5
1180 1346 1
1378 1347 6
1346 1347 5
1419 1348 1
1172 1349 1
1880 1349 1
1409 1349 3
1378 1350 1
1409 1351 1
1350 1351 1
1353 1352 4
1378 1354 3
1438 1355 1
1354 1355 3
1409 1355 6
1853 1356 2
1353 1356 6
1356 1357 5
1358 1359 3
1378 1360 1
1360 1361 1
1409 1361 1
1378 1365 1
1146 1366 3
1146 1367 3
1409 1368 1
1378 1369 1
1409 1370 1
1838 1371 2
1409 1371 3
1370 1371 1
1132 1372 2
1378 1373 2
1436 1373 1
1373 1374 2
1438 1374 1
1897 1374 1
1409 1374 4
1880 1375 1
1376 1375 2
1409 1376 1
1323 1377 1
1378 1377 2
1905 1378 1
1308 1378 1
1307 1378 3
1153 1378 4
1144 1378 4
1377 1408 2
1409 1408 4
1438 1408 1
1865 1408 1
1419 1409 2
1378 1409 47
1153 1409 4
1157 1409 1
1155 1409 4
1156 1409 2
1154 1409 2
1363 1409 1
1362 1409 1
1365 1410 1
1409 1410 2
1442 1411 1
1418 1411 10
1410 1411 2
1868 1411 2
1409 1411 10
1411 1412 10
1442 1412 1
1906 1412 1
1315 1412 14
1355 1412 2
1168 1412 1
1868 1412 2
1346 1412 5
1149 1412 1
1409 1412 32
1335 1412 2
1880 1412 1
1425 1412 1
1412 1413 32
1409 1413 33
1874 1413 1
1415 1414 34
1412 1414 32
1355 1414 1
1149 1414 1
1882 1414 1
1765 1414 1
1302 1414 1
1168 1414 1
1331 1415 1
1409 1415 33
1302 1416 1
1765 1416 1
1417 1416 33
1412 1416 32
1355 1416 1
1409 1417 33
1331 1417 1
1442 1418 1
1906 1418 1
1302 1418 1
1409 1418 10
1306 1418 1
1411 1418 10
1420 1419 2
1839 1419 1
1330 1421 1
1889 1422 1
1409 1422 1
1330 1423 1
1423 1424 1
1421 1424 1
1409 1425 1
1132 1426 1
1878 1427 1
1426 1427 1
1426 1428 1
1878 1428 1
1878 1429 1
1426 1429 1
1426 1430 1
1878 1430 1
1426 1431 1
1878 1431 1
1878 1432 1
1426 1432 1
1878 1433 1
1426 1433 1
1426 1434 1
1319 1434 1
1372 1435 1
1426 1435 1
1378 1436 1
1378 1437 1
1419 1438 1
1409 1439 4
1438 1439 1
1445 1439 2
1178 1439 1
1845 1440 4
1378 1441 1
1409 1442 1
1368 1443 1
1442 1443 1
1378 1445 2
1896 1445 1
1353 1446 1
1375 1764 2
1332 1764 2
1331 1765 1
1155 1766 1
1765 1766 1
1765 1767 1
1155 1767 1
1132 1768 1
1769 1768 3
1378 1770 1
1770 1836 1
1409 1836 2
1906 1836 1
1378 1837 1
1837 1838 1
1378 1838 2
1132 1840 1
1842 1841 1
1840 1841 1
1132 1842 1
1319 1843 1
1840 1843 1
1840 1844 1
1845 1844 1
1132 1845 1
1319 1846 1
1840 1846 1
1840 1847 1
1319 1847 1
1840 1848 1
1845 1848 1
1840 1849 1
1845 1849 1
1768 1850 1
1840 1850 1
1768 1851 1
1840 1851 1
1768 1852 1
1840 1852 1
1378 1854 1
1854 1855 1
1441 1855 1
1409 1855 2
1359 1856 1
1378 1857 1
1409 1858 1
1857 1858 1
1132 1859 1
1372 1860 1
1859 1860 1
1859 1861 1
1372 1861 2
1426 1861 1
1179 1863 1
1864 1863 2
1409 1865 1
1378 1867 1
1409 1868 2
1867 1868 1
1145 1869 1
1378 1870 1
1870 1871 1
1378 1871 2
1419 1872 1
1419 1873 1
1872 1873 1
1378 1874 1
1409 1875 1
1409 1876 3
1173 1876 2
1875 1876 1
1878 1877 1
1132 1878 2
1878 1879 3
1877 1879 1
1158 1879 2
1409 1880 1
1903 1881 1
1310 1881 2
1409 1882 1
1884 1883 1
1882 1883 1
1409 1884 1
1337 1885 1
1169 1886 1
1885 1886 1
1887 1886 2
1337 1887 1
1905 1887 1
1378 1888 1
1378 1889 1
1353 1890 1
1446 1890 1
1353 1891 1
1446 1891 1
1446 1892 1
1353 1892 1
1446 1893 1
1353 1893 1
1446 1894 1
1353 1894 1
1446 1895 1
1353 1895 1
1378 1896 1
1409 1897 1
1378 1898 1
1898 1899 1
1409 1899 1
1378 1900 1
1409 1901 1
1900 1901 1
1325 1902 1
1130 1903 1
1904 1905 3
1419 1906 1
1906 1907 1
1348 1907 1
1167 1908 1
1906 1908 1
1409 1908 2
1906 1909 1
1128 1909 1
