14470 13629 17
13631 13630 3
14469 13633 1
13758 13633 1
13634 13633 5
13810 13633 1
14470 13634 9
13991 13634 1
13629 13634 1
14469 13634 1
13810 13634 1
13636 13635 1
14470 13636 3
13635 13637 1
13636 13637 1
13684 13638 1
13684 13685 1
13638 13685 1
13709 13686 2
13688 13687 1
14042 13689 1
13690 13689 5
14018 13689 1
14262 13689 1
13964 13689 1
13687 13689 1
14079 13690 1
13849 13690 3
13738 13690 8
13838 13690 3
13950 13690 1
13983 13690 5
13715 13690 3
13703 13690 2
13724 13690 7
14083 13690 1
14099 13690 2
13717 13690 4
14043 13690 1
13969 13690 6
13688 13690 2
13952 13690 1
13828 13690 2
13826 13690 8
13726 13691 7
13739 13691 8
14348 13691 2
14346 13691 1
14286 13691 1
14262 13691 1
14436 13691 1
14357 13691 1
13964 13691 1
13687 13691 1
13690 13691 26
14370 13691 2
14253 13691 2
14018 13691 1
14042 13691 1
14262 13692 1
14144 13692 1
13690 13692 5
14148 13692 3
14286 13692 1
13687 13692 1
13808 13693 1
13694 13693 4
13808 13694 1
13838 13694 1
13812 13694 8
13696 13695 4
13697 13696 9
13867 13698 4
13700 13699 4
14460 13700 2
13701 13700 3
14460 13701 2
13703 13702 1
14418 13703 1
14420 13703 1
14419 13703 1
13705 13704 1
13702 13704 1
13703 13705 1
13702 13706 1
13707 13706 1
13950 13707 1
13703 13707 1
13702 13708 1
13709 13708 1
13703 13709 1
13950 13709 1
13702 13710 1
13709 13710 1
13702 13711 1
13712 13711 1
13703 13712 1
13702 13713 1
13712 13713 1
13702 13714 1
14144 13714 1
13715 13714 3
13952 13715 1
13703 13715 1
13969 13715 1
14267 13716 1
14082 13716 1
13717 13716 12
14286 13716 1
14371 13716 1
14258 13716 3
14271 13716 1
14391 13716 1
13714 13716 3
13908 13716 1
14197 13716 2
14144 13716 1
13969 13717 1
13826 13717 1
13950 13717 1
13952 13717 1
13801 13717 3
13838 13717 1
13931 13717 1
14083 13717 1
14373 13717 1
13715 13717 3
13714 13718 3
14371 13718 1
13717 13718 4
13714 13719 3
13690 13719 3
13715 13720 2
13702 13720 1
14271 13720 1
13715 13721 1
13702 13721 1
13968 13722 4
13690 13722 7
13971 13722 5
13702 13722 1
13724 13723 8
13722 13723 7
13969 13724 4
13703 13724 1
13849 13724 3
13690 13724 7
13983 13724 5
13838 13724 2
13724 13725 9
13723 13725 8
13985 13725 5
13724 13726 7
13702 13726 1
14046 13726 5
13690 13727 7
13726 13727 7
13702 13728 1
13724 13728 3
14253 13728 2
13702 13729 1
13724 13729 1
14253 13730 2
13724 13730 3
13702 13730 1
14144 13731 1
13690 13731 3
14286 13731 1
14356 13732 1
13690 13732 17
14248 13732 2
13972 13732 9
13731 13732 3
13987 13732 7
13838 13733 1
13735 13734 6
13736 13735 9
13629 13736 16
14011 13737 1
14391 13737 1
14001 13737 2
13738 13737 23
14286 13737 1
13819 13737 18
14123 13738 2
13817 13738 12
14373 13738 1
13950 13738 1
13717 13738 2
13801 13738 3
14012 13738 1
13838 13738 1
14099 13738 1
13737 13739 1
13738 13739 8
13816 13739 3
14258 13739 3
13741 13740 8
13739 13740 8
13738 13741 11
13803 13742 2
13741 13742 9
13739 13742 8
14159 13743 2
13739 13743 8
13741 13743 10
13739 13744 8
13690 13744 8
13690 13745 8
13739 13745 8
13690 13746 8
13739 13746 8
14264 13747 1
13748 13747 2
13907 13748 3
13750 13749 4
14131 13749 2
13747 13749 2
13748 13750 3
13749 13751 4
13750 13751 4
13750 13752 2
13747 13752 2
13754 13753 1
14470 13754 3
14113 13755 1
14381 13755 1
14157 13755 1
14329 13755 1
13754 13755 6
13753 13755 1
13886 13755 1
13697 13756 3
13758 13757 1
14470 13758 3
13634 13758 1
13629 13758 1
13991 13758 1
13810 13758 1
14469 13758 1
14232 13759 1
13757 13759 1
14323 13759 1
13760 13759 4
14219 13759 1
13634 13760 1
13991 13760 1
13810 13760 1
13629 13760 1
14469 13760 1
13758 13760 1
13757 13761 1
14232 13761 1
13758 13761 4
14323 13761 1
14219 13761 1
14323 13762 1
14219 13762 1
13757 13762 1
14423 13762 1
14232 13762 1
13760 13762 6
13990 13762 1
14423 13763 1
14323 13763 1
13990 13763 1
14219 13763 1
14232 13763 1
13758 13763 6
13757 13763 1
14323 13764 1
13757 13764 1
14219 13764 1
13760 13764 4
14232 13764 1
14232 13765 1
14219 13765 1
13633 13765 4
13757 13765 1
14323 13765 1
13767 13766 4
14232 13766 1
14219 13766 1
13757 13766 1
14323 13766 1
13810 13767 1
13634 13767 5
14469 13767 1
13758 13767 1
14323 13768 1
14232 13768 1
13769 13768 4
14219 13768 1
13757 13768 1
13634 13769 5
13758 13769 1
13810 13769 1
14469 13769 1
14232 13770 1
14219 13770 1
14323 13770 1
13757 13770 1
13758 13770 4
13773 13772 3
13636 13774 1
14470 13775 3
13777 13776 1
14089 13777 1
13791 13777 1
14090 13777 1
13784 13777 1
13898 13777 1
13779 13777 1
13788 13777 1
13796 13777 1
13776 13778 1
13779 13778 3
13913 13778 2
13777 13779 1
13801 13779 2
13776 13780 1
13913 13780 2
13779 13780 3
13913 13781 2
13779 13781 3
13776 13781 1
13779 13782 3
13913 13782 2
13776 13782 1
14181 13783 1
13967 13783 3
13968 13783 4
13784 13783 8
13776 13783 1
13777 13784 2
13966 13784 3
13969 13784 4
13776 13785 1
14181 13785 1
13784 13785 2
13784 13786 2
13776 13786 1
14181 13786 1
13776 13787 1
14181 13787 1
13788 13787 2
13777 13788 2
13776 13789 1
14181 13789 1
13788 13789 2
14425 13790 1
13791 13790 4
14181 13790 1
14267 13790 1
13776 13790 1
13931 13791 3
13777 13791 2
14390 13792 1
13776 13792 1
14181 13792 1
13791 13792 3
13776 13793 1
14181 13793 1
13791 13793 2
14181 13794 1
13776 13794 1
13791 13794 2
13796 13795 2
13776 13795 1
14181 13795 1
13777 13796 2
13951 13796 1
13796 13797 3
14181 13797 1
13776 13797 1
14341 13797 1
13800 13799 3
14012 13801 1
14079 13801 1
13802 13801 6
14123 13801 1
13950 13801 1
14373 13801 1
14391 13803 1
13738 13803 2
13696 13805 4
14470 13806 3
13807 13808 1
14273 13808 3
14232 13809 1
13810 13809 2
14470 13810 3
13629 13810 1
13812 13811 2
14346 13811 1
13838 13812 8
14346 13813 1
13811 13813 2
13814 13813 2
13812 13814 2
13799 13814 1
13838 13814 1
13811 13815 2
13814 13815 2
13817 13816 3
13811 13816 2
13828 13817 3
13812 13817 10
13817 13818 11
13840 13818 8
13811 13818 2
14371 13819 1
13818 13819 11
14258 13819 3
14286 13819 1
13738 13819 18
14218 13819 1
14161 13819 1
14346 13820 1
13814 13820 2
13811 13820 2
13822 13821 1
13736 13823 7
13823 13824 6
13736 13824 1
14149 13825 3
14013 13825 3
13826 13825 5
13717 13826 17
14350 13827 2
14253 13827 2
13828 13827 17
14346 13827 1
14148 13827 1
14392 13827 2
14102 13827 2
14371 13827 1
14385 13827 1
13825 13827 5
13693 13828 1
13950 13828 1
13838 13828 11
14460 13828 2
13849 13828 2
13812 13828 10
13717 13828 8
13826 13828 8
14144 13829 1
13830 13829 19
13827 13829 17
14133 13829 1
14148 13829 1
14286 13829 1
13969 13830 1
13828 13830 19
13717 13830 4
14141 13830 1
13950 13830 1
13693 13830 1
13849 13830 2
14134 13830 1
14137 13830 2
13829 13831 19
14286 13831 1
14385 13831 1
13943 13831 2
14148 13831 1
13832 13831 21
14102 13831 2
14120 13831 2
13693 13832 1
13950 13832 1
13867 13832 4
13717 13832 1
13849 13832 2
13830 13832 21
13829 13833 19
13834 13833 19
13830 13834 20
13693 13834 1
13849 13834 2
13950 13834 1
13717 13834 1
14197 13835 2
13828 13835 6
14286 13835 1
13825 13835 5
13825 13836 5
13828 13836 5
14286 13836 1
13838 13837 6
13825 13837 5
13935 13838 1
13921 13838 1
13826 13838 6
13808 13838 1
14274 13838 1
13953 13838 3
13952 13838 1
13837 13839 6
13828 13839 6
13837 13840 6
13812 13840 8
14100 13840 1
14275 13841 1
13694 13841 9
13840 13841 8
13840 13842 8
14275 13842 1
13843 13842 9
13812 13843 10
13694 13843 4
13808 13843 1
13817 13844 8
13840 13844 8
13840 13845 8
13828 13845 8
13828 13846 5
13825 13846 5
13838 13847 5
13825 13847 5
13849 13848 7
13825 13848 5
14100 13848 1
13921 13849 1
13826 13849 5
13838 13849 4
13848 13850 7
14271 13850 1
13851 13850 9
13923 13851 1
13849 13851 7
13952 13851 1
13838 13851 1
13850 13852 9
13851 13852 9
13850 13853 9
13851 13853 9
13850 13854 9
13851 13854 9
14371 13855 1
13851 13855 10
13850 13855 9
13850 13856 9
13851 13856 9
14371 13857 1
13850 13857 9
13851 13857 10
13851 13858 9
13850 13858 9
13850 13859 9
13851 13859 9
13848 13860 7
14346 13860 1
13849 13860 8
13825 13861 5
13690 13861 5
13690 13862 7
13908 13863 1
13838 13863 2
13863 13864 2
13849 13864 2
13631 13865 3
13867 13866 4
14138 13866 3
13830 13867 3
13866 13868 4
13832 13868 4
13866 13869 4
13832 13869 4
13866 13870 4
13832 13870 4
13866 13871 4
13872 13871 4
13867 13872 4
13866 13873 4
13874 13873 4
13867 13874 4
13874 13875 4
13866 13875 4
13866 13876 4
13832 13876 4
13878 13877 4
13866 13877 4
13867 13878 4
13830 13878 2
13866 13879 4
13832 13879 4
13866 13880 4
13698 13880 4
13698 13881 4
13866 13881 4
13698 13882 4
13866 13882 4
13698 13883 4
13866 13883 4
13698 13884 4
13866 13884 4
13832 13885 4
13866 13885 4
13754 13886 1
14113 13887 1
14381 13887 1
13886 13887 1
14157 13887 1
14329 13887 1
13754 13887 5
13798 13888 1
14388 13889 1
13888 13889 1
14024 13889 2
13890 13889 5
14088 13889 1
13798 13890 4
14041 13891 1
13892 13891 2
13893 13894 3
13735 13895 6
13631 13896 3
13898 13897 4
13777 13898 1
14470 13899 3
14470 13900 3
13631 13901 3
14100 13902 1
14102 13902 2
13849 13902 3
13724 13903 7
13968 13903 4
13902 13903 3
13905 13904 4
14470 13905 7
13907 13906 3
13826 13908 6
14268 13908 5
14197 13909 2
13908 13909 1
14144 13909 1
14286 13909 1
13717 13909 6
14391 13909 1
14082 13909 1
14141 13910 1
13912 13911 3
14436 13913 1
13801 13913 2
14391 13914 1
14286 13914 1
14218 13914 1
13913 13914 2
14011 13914 1
13801 13914 6
14470 13915 3
13917 13916 3
14392 13916 2
14460 13917 2
13919 13918 3
13916 13918 3
13917 13919 3
14043 13920 1
13921 13920 1
13923 13922 1
14033 13923 3
13922 13924 1
13851 13924 1
13851 13925 1
13922 13925 1
13851 13926 1
13922 13926 1
13851 13927 1
13922 13927 1
14185 13928 1
13922 13928 1
13851 13928 2
13851 13929 1
13922 13929 1
14185 13930 1
13851 13930 2
13922 13930 1
13791 13931 4
13696 13932 4
13907 13933 3
13935 13934 1
13788 13935 4
13934 13936 1
13838 13936 1
13838 13937 1
13934 13937 1
13828 13938 3
14350 13938 2
13817 13939 4
13938 13939 3
13941 13940 5
14275 13940 1
13939 13940 4
13808 13941 1
14373 13941 1
13838 13941 2
13817 13941 4
13812 13941 2
14043 13942 1
14148 13943 1
13830 13943 2
14385 13944 1
13834 13944 5
14102 13944 2
13943 13944 2
13946 13945 1
13801 13946 3
13952 13946 1
13948 13947 7
13945 13947 1
14258 13947 3
13946 13947 7
14271 13947 1
13946 13948 7
13947 13948 7
13810 13949 1
13991 13949 1
13629 13949 1
14469 13949 5
13634 13949 1
13801 13950 4
13779 13951 4
13953 13952 3
13921 13952 1
13955 13954 6
13956 13955 1
13954 13955 1
14470 13955 7
13954 13956 5
13905 13957 4
14232 13958 1
13959 13958 2
13810 13959 1
13629 13959 1
14470 13959 3
13991 13959 1
13958 13960 2
13959 13960 2
13773 13961 3
13697 13963 3
13703 13964 1
14436 13965 1
13964 13965 1
13966 13965 3
14018 13965 1
14079 13966 1
13969 13966 1
13703 13966 1
13966 13967 3
13964 13967 1
14018 13967 1
13969 13968 4
13964 13968 1
14144 13968 1
14042 13968 1
13703 13969 2
14043 13969 1
13690 13970 4
13968 13970 4
13690 13971 5
13968 13971 4
13690 13972 9
13971 13972 5
14102 13972 2
14271 13972 1
14085 13973 3
13979 13973 6
13971 13973 5
13690 13973 9
14271 13974 1
13690 13974 8
13971 13974 5
14102 13974 2
13971 13975 5
14144 13975 1
13690 13975 6
14148 13975 1
13971 13976 5
13690 13976 5
14144 13976 1
14046 13977 5
13971 13977 5
13690 13977 9
13690 13978 9
14046 13978 5
13971 13978 5
13971 13979 5
13690 13979 6
14144 13979 1
14148 13980 1
13979 13980 6
13690 13980 9
14348 13980 2
13979 13981 6
14370 13981 2
13690 13981 8
13983 13982 4
13968 13982 4
13921 13983 1
13969 13983 7
13968 13984 4
13983 13984 4
13968 13985 4
13724 13985 5
13968 13986 4
13969 13986 5
13690 13987 7
13986 13987 5
14262 13987 1
13987 13988 7
13862 13988 7
13983 13989 5
13986 13989 5
13991 13990 1
13629 13991 1
13810 13991 1
14470 13991 3
14423 13992 1
14323 13992 1
14232 13992 1
13990 13992 1
13949 13992 5
14219 13992 1
14323 13993 1
13634 13993 5
14232 13993 1
14219 13993 1
13990 13993 1
14423 13993 1
14469 13994 5
14232 13994 1
14423 13994 1
14323 13994 1
13990 13994 1
14423 13995 1
14468 13995 4
14232 13995 1
13990 13995 1
13997 13996 4
13995 13996 4
14468 13997 4
13990 13998 1
13959 13998 3
14423 13998 1
14232 13998 1
13990 13999 1
14423 13999 1
14232 13999 1
14473 13999 3
13991 14000 3
13990 14000 1
14423 14000 1
14232 14000 1
14391 14001 1
13717 14001 2
14197 14002 2
13826 14002 4
14001 14002 2
14259 14003 5
13826 14003 6
14001 14003 2
13907 14004 1
14005 14004 2
14007 14006 1
14006 14008 1
14172 14008 1
14009 14008 2
14007 14009 1
14070 14009 1
14470 14010 3
14012 14011 1
13801 14012 4
14286 14013 1
13717 14013 3
14144 14013 1
14013 14014 3
14149 14014 3
13828 14014 4
14149 14015 3
13828 14015 4
14013 14015 3
14286 14016 1
14102 14016 2
14013 14016 3
14385 14016 1
13828 14016 6
14120 14017 2
14013 14017 3
13830 14017 5
13969 14018 1
14018 14019 1
14020 14019 1
13969 14020 1
13969 14021 1
14018 14021 1
13798 14023 1
13890 14024 2
14023 14024 1
14133 14025 1
14026 14025 2
14137 14026 2
13830 14026 6
14134 14026 1
14136 14027 2
14025 14027 2
14026 14027 3
14473 14028 2
14232 14028 1
14028 14029 2
14030 14029 2
14473 14030 3
14030 14031 2
14028 14031 2
14028 14032 2
14030 14032 2
14035 14034 1
14188 14036 1
14037 14036 9
14410 14036 1
14169 14036 1
14251 14036 2
14034 14036 1
14409 14036 1
14440 14036 1
14035 14037 7
14037 14038 10
14170 14038 6
14251 14038 2
14036 14038 9
14036 14039 9
14037 14039 9
14251 14039 2
14037 14040 9
14036 14040 9
14043 14042 1
14042 14044 1
14327 14044 1
13969 14044 3
13983 14045 4
14044 14045 3
14144 14045 1
14044 14046 3
13983 14046 5
14375 14046 1
13942 14047 1
14042 14047 1
13942 14048 1
14042 14048 1
14042 14049 1
13942 14049 1
14042 14050 1
13920 14050 1
14042 14051 1
13920 14051 1
13920 14052 1
14042 14052 1
13828 14053 1
14053 14054 1
13828 14054 1
13736 14055 5
14057 14056 2
14364 14056 1
14057 14058 2
14056 14058 2
14056 14059 2
14057 14059 3
14059 14060 3
14057 14060 4
14066 14061 4
14065 14061 4
14060 14061 4
14062 14061 6
14057 14062 6
14065 14063 4
14057 14063 6
14060 14063 4
14066 14063 4
14057 14064 4
14060 14064 4
14057 14065 4
14059 14065 3
14059 14066 3
14057 14066 4
14469 14067 3
14323 14067 1
14232 14067 1
14470 14068 3
13631 14069 3
13806 14071 1
13806 14072 1
14071 14072 1
14071 14073 1
14074 14073 2
13806 14074 1
14010 14074 3
14073 14075 2
14074 14075 2
13849 14076 1
13690 14077 1
14076 14077 1
14076 14078 1
13690 14078 1
14177 14079 1
14080 14079 2
14083 14082 1
13796 14083 4
14148 14084 1
13717 14084 2
13826 14085 3
14084 14085 2
14085 14086 3
13828 14086 5
14253 14086 2
13798 14088 1
14470 14091 3
14138 14092 3
13830 14092 6
14135 14092 3
14026 14093 6
14092 14093 6
14095 14094 6
14092 14094 6
13830 14095 6
14137 14096 2
13950 14096 1
13636 14097 1
14097 14098 1
13636 14098 1
13950 14099 1
13838 14100 1
14100 14101 1
13828 14101 2
14148 14101 1
14100 14102 1
13849 14102 2
14385 14103 1
14102 14103 2
13828 14103 4
14133 14104 1
13830 14104 5
14103 14104 4
14148 14105 1
14102 14105 2
13830 14105 5
14286 14105 1
14385 14105 1
14286 14106 1
13832 14106 5
14102 14106 2
14120 14106 2
14102 14107 2
13724 14107 2
13724 14108 2
14102 14108 2
13724 14109 2
14102 14109 2
13849 14110 3
14346 14110 1
14102 14110 2
13849 14111 1
14100 14111 1
13779 14112 4
13754 14113 1
14115 14114 1
14115 14116 1
14114 14116 1
14249 14117 1
14192 14117 3
14118 14117 5
14114 14117 1
14229 14118 1
14010 14118 3
14115 14118 1
14115 14119 1
14114 14119 1
13830 14120 2
14148 14120 1
13832 14121 3
14120 14121 2
14286 14121 1
14120 14122 2
13878 14122 2
14124 14123 2
14246 14123 1
13801 14123 1
13773 14125 3
13773 14126 3
13631 14127 3
14112 14128 1
13738 14129 2
14391 14129 1
14391 14130 1
14129 14130 2
13738 14130 2
14264 14131 1
13748 14131 2
14131 14132 2
13750 14132 2
14134 14133 1
13830 14135 3
14148 14135 1
14133 14135 1
14133 14136 1
14137 14136 2
14134 14137 1
14136 14138 2
13830 14138 3
14133 14138 1
13830 14139 3
14138 14139 3
14136 14140 2
14286 14140 1
14096 14140 3
14460 14142 2
13969 14144 1
14144 14145 1
13983 14145 1
13717 14146 1
14144 14146 1
13717 14147 3
14391 14147 1
14144 14147 1
14286 14147 1
13717 14148 4
14286 14148 1
14144 14148 1
14286 14149 1
13717 14149 3
14144 14149 1
14470 14151 3
13631 14152 3
14153 14154 3
14153 14155 3
13912 14156 3
13754 14157 1
14218 14159 1
13738 14159 2
14470 14160 3
14123 14161 1
13894 14162 1
14162 14163 1
14164 14163 1
13894 14164 1
14162 14165 1
14164 14165 1
14167 14166 1
14166 14168 1
14167 14168 1
14035 14169 1
14037 14170 6
14188 14170 1
14250 14170 1
14410 14170 1
14409 14170 1
14169 14170 1
14440 14171 1
14170 14171 6
14037 14171 7
14070 14172 1
14010 14173 4
14342 14173 1
14192 14173 3
14010 14174 4
14173 14174 4
13799 14176 1
13808 14178 1
14179 14180 3
13736 14180 1
13777 14181 1
13898 14182 1
14181 14182 1
14470 14183 3
13851 14185 1
14470 14186 3
14469 14187 1
14035 14188 1
13700 14189 4
14342 14190 1
14010 14190 2
14190 14191 2
14010 14191 2
14190 14192 2
14010 14192 3
14074 14193 3
14192 14193 3
14192 14194 3
14074 14194 3
14192 14195 3
14010 14195 3
14470 14196 3
13717 14197 2
14286 14197 1
14112 14199 1
14199 14200 1
14128 14200 1
14128 14201 1
14199 14201 1
14199 14202 1
14128 14202 1
14473 14203 1
14203 14204 1
14030 14204 1
13801 14205 4
13919 14206 1
14326 14207 3
14224 14207 1
14206 14207 1
14208 14207 5
14142 14208 3
13919 14208 2
14209 14209 1
13736 14209 1
13824 14210 1
14209 14210 1
14209 14211 1
13736 14211 1
14180 14212 1
14209 14212 1
13824 14213 1
14209 14213 1
13824 14214 1
14209 14214 1
13736 14215 1
14209 14215 1
14123 14218 1
13634 14219 1
14219 14220 1
14323 14220 1
14232 14220 1
13949 14220 3
14232 14221 1
13634 14221 3
14323 14221 1
14219 14221 1
14219 14222 1
14232 14222 1
14323 14222 1
13949 14222 3
14323 14223 1
14232 14223 1
14219 14223 1
13634 14223 3
13919 14224 1
14264 14227 1
13748 14227 2
14261 14228 2
13748 14228 3
14227 14228 2
14363 14230 1
14231 14230 2
13810 14232 1
14323 14233 1
14469 14233 3
14232 14233 1
14232 14234 1
14468 14234 1
14232 14235 1
13959 14235 1
14232 14236 1
14471 14236 1
14232 14237 1
14472 14237 1
14232 14238 1
14423 14238 1
13810 14238 3
14468 14239 1
14232 14239 1
14471 14240 1
14232 14240 1
14473 14241 1
14232 14241 1
14232 14242 1
14472 14242 1
13810 14243 2
14232 14243 1
14033 14244 3
14148 14248 1
13690 14248 2
14229 14249 1
14035 14250 1
14037 14251 2
14250 14251 1
14271 14253 1
13838 14253 2
13690 14254 2
14253 14254 2
13838 14255 2
14253 14255 2
14391 14256 1
13941 14256 3
14253 14256 2
14386 14257 2
14253 14257 2
13828 14257 4
14286 14258 1
13801 14258 3
14391 14258 1
14371 14259 1
14258 14259 3
13717 14259 5
14089 14260 4
13748 14261 2
14264 14261 1
13688 14262 1
14460 14263 2
13748 14264 1
13748 14265 1
14264 14265 1
13931 14267 1
13717 14268 5
14267 14268 1
14286 14268 1
14271 14268 1
14470 14269 3
14470 14270 3
13952 14271 1
13715 14272 1
14271 14272 1
13808 14275 1
14275 14276 1
13693 14276 1
14275 14277 1
13693 14277 1
13693 14278 1
14275 14278 1
13693 14279 1
14275 14279 1
13693 14280 1
14275 14280 1
13941 14281 1
14275 14281 1
14275 14282 1
13941 14282 1
14178 14283 1
14275 14283 1
14275 14284 1
14178 14284 1
14178 14285 1
14275 14285 1
13950 14286 1
14286 14287 1
14370 14287 1
13738 14287 3
14287 14288 3
13738 14288 4
14391 14288 1
14286 14288 1
14370 14288 1
14286 14289 1
13707 14289 1
14286 14290 1
13707 14290 1
13828 14291 2
14286 14291 1
13830 14292 2
14291 14292 2
13709 14293 1
14286 14293 1
14286 14294 1
13709 14294 1
13709 14295 1
14286 14295 1
14385 14296 1
13828 14296 2
14286 14296 1
13709 14297 1
14286 14297 1
14286 14298 1
13828 14298 1
14286 14299 1
13709 14299 1
14286 14300 1
13709 14300 1
14286 14301 1
13709 14301 1
13709 14302 1
14286 14302 1
14286 14303 1
13709 14303 1
13834 14304 1
14286 14304 1
13709 14305 1
14286 14305 1
14286 14306 1
14096 14306 1
14286 14307 1
13709 14307 2
13686 14308 2
14307 14308 2
14307 14309 2
13686 14309 2
13686 14310 2
14307 14310 2
13686 14311 2
14307 14311 2
14307 14312 2
13686 14312 2
14286 14313 1
14099 14313 1
14099 14314 1
14286 14314 1
14099 14315 1
14286 14315 1
14099 14316 1
14286 14316 1
14286 14317 1
14099 14317 1
14099 14318 1
14286 14318 1
14286 14319 1
14099 14319 1
14286 14320 1
14099 14320 1
14099 14321 1
14286 14321 1
14286 14322 1
14099 14322 1
14469 14323 1
14468 14324 1
14324 14325 1
14468 14325 1
14142 14326 3
14392 14326 2
13703 14327 1
13754 14329 1
13799 14331 1
14331 14332 1
13814 14332 1
14331 14333 1
13814 14333 1
14176 14334 1
14331 14334 1
14331 14335 1
14176 14335 1
14176 14336 1
14331 14336 1
14176 14337 1
14331 14337 1
14176 14338 1
14331 14338 1
14331 14339 1
14176 14339 1
14331 14340 1
13814 14340 1
13951 14341 1
14010 14342 1
13956 14343 1
14343 14344 1
13955 14344 2
14426 14344 1
13955 14345 2
14343 14345 1
14426 14345 1
13838 14346 1
14346 14347 1
13690 14347 1
13828 14348 2
14346 14348 1
14346 14349 1
13838 14349 1
13812 14350 2
14346 14350 1
14350 14351 2
13941 14351 2
13843 14352 2
14350 14352 2
14346 14353 1
13828 14353 1
13694 14354 1
14346 14354 1
14346 14355 1
13828 14355 1
13690 14356 1
14083 14357 1
13690 14358 1
14357 14358 1
14363 14362 3
14057 14364 1
14364 14365 1
14057 14365 1
14057 14366 1
14364 14366 1
14057 14367 1
14364 14367 1
14364 14368 1
14057 14368 1
14099 14370 2
13838 14371 1
13733 14372 1
14371 14372 1
13801 14373 4
13983 14375 1
14004 14376 1
14376 14377 1
14004 14377 1
14379 14378 3
13810 14380 1
13754 14381 1
14175 14382 1
13693 14385 1
13717 14386 2
14391 14386 1
14386 14387 2
13826 14387 2
13798 14388 1
13931 14390 1
14373 14391 1
14391 14392 1
14460 14392 2
14392 14393 2
13701 14393 2
14392 14394 2
14263 14394 2
14263 14395 2
14392 14395 2
13701 14396 2
14392 14396 2
14392 14397 2
13917 14397 2
13917 14398 2
14392 14398 2
14263 14399 2
14392 14399 2
14392 14400 2
14142 14400 2
14392 14401 2
14142 14401 2
14392 14402 2
13917 14402 2
14392 14403 2
14263 14403 2
14392 14404 2
14263 14404 2
13701 14405 2
14392 14405 2
13700 14406 2
14392 14406 2
13701 14407 2
14392 14407 2
14391 14408 1
13941 14408 1
14035 14409 1
14035 14410 1
13834 14411 1
14148 14411 1
13832 14412 1
14148 14412 1
14148 14413 1
13834 14413 1
13690 14414 1
14148 14414 1
13828 14415 1
14148 14415 1
14148 14416 1
13828 14416 1
14148 14417 1
13828 14417 1
14469 14421 1
13629 14423 1
14423 14424 1
13629 14424 1
13931 14425 1
13954 14426 1
13906 14428 1
13906 14429 1
14428 14429 1
14428 14430 1
13906 14430 2
14430 14431 2
13906 14431 2
14428 14432 1
13906 14432 1
13906 14433 1
14428 14433 1
14428 14434 1
13906 14434 1
14428 14435 1
13906 14435 1
14079 14436 1
13690 14437 1
14436 14437 1
14436 14438 1
13966 14438 1
13966 14439 1
14436 14439 1
14035 14440 1
13810 14441 1
14460 14459 2
14011 14459 1
14012 14460 1
14373 14460 1
14459 14461 2
14462 14461 4
14392 14461 2
14460 14462 4
14462 14463 2
14459 14463 2
14392 14464 2
14462 14464 4
14459 14464 2
14459 14465 2
14466 14465 4
14392 14465 2
14460 14466 4
14466 14467 4
14459 14467 2
14392 14467 2
14469 14468 8
13810 14468 1
13629 14468 1
13991 14468 1
13629 14469 1
14470 14469 13
13991 14469 1
13810 14469 1
13810 14471 1
14468 14471 7
13810 14472 1
14471 14472 6
13629 14473 1
14469 14473 4
13991 14473 1
13810 14473 1
