979 0 2
976 0 1
214 0 1
3 2 3
113 4 1
5 4 2
7 6 1
9 8 1
6 8 1
7 9 1
79 9 3
6 10 1
9 10 1
177 11 1
16 15 3
16 17 1
15 17 1
15 18 3
16 18 3
136 19 1
20 19 2
76 20 1
40 20 3
86 20 1
19 21 2
136 21 1
22 21 2
20 22 3
19 23 2
22 23 3
205 23 1
975 24 2
210 24 1
111 26 3
26 27 4
26 28 4
30 29 3
113 29 1
33 32 1
113 33 1
30 33 5
35 34 3
38 37 3
39 37 1
40 39 7
42 41 4
90 42 4
91 42 4
105 42 4
69 45 2
44 45 1
44 46 1
116 46 2
69 47 2
44 47 1
116 48 2
44 48 1
75 49 1
72 49 1
74 49 1
50 49 3
76 49 1
73 49 1
139 51 3
75 52 1
73 52 1
42 52 4
29 52 1
77 52 1
55 54 2
155 54 1
155 56 1
156 56 2
138 56 1
54 56 1
55 56 4
35 57 3
59 58 2
113 58 1
50 60 3
62 61 1
61 63 1
64 63 1
62 64 1
110 64 2
61 65 1
66 65 1
110 66 2
62 66 1
66 67 1
61 67 1
75 68 1
76 68 1
38 68 3
52 75 1
76 75 6
40 75 8
77 75 6
113 77 1
59 77 8
3 81 3
3 82 3
83 84 3
83 85 3
113 86 1
87 86 3
38 88 3
90 89 3
91 89 3
94 93 3
97 96 1
99 98 1
96 98 1
97 99 1
101 100 1
96 100 1
97 101 1
115 102 1
170 102 1
104 103 1
105 103 1
33 103 1
55 106 4
125 109 1
50 109 3
76 109 1
74 109 1
72 109 1
39 109 1
111 110 2
113 114 1
128 114 3
168 115 3
113 115 1
42 120 4
75 120 1
73 120 1
89 124 4
125 124 1
39 124 1
977 129 1
38 132 3
20 136 1
136 137 1
22 137 1
55 138 1
38 140 3
143 142 2
210 142 1
189 146 1
139 146 3
103 150 1
52 151 1
151 152 1
75 152 1
162 153 2
153 154 4
55 155 1
155 156 1
55 156 2
79 160 3
31 162 1
107 164 1
164 165 1
979 165 1
33 167 1
39 167 1
89 167 4
125 167 1
112 171 1
103 175 1
175 176 1
150 176 1
162 179 2
191 179 1
153 180 2
179 180 2
129 184 1
184 185 1
979 185 1
979 186 2
214 186 1
184 186 1
210 187 1
143 187 2
114 190 1
31 191 1
88 195 1
88 196 1
195 196 1
213 199 1
76 199 1
75 199 1
11 200 1
200 201 1
11 201 1
20 205 1
205 206 1
22 206 1
112 207 1
207 208 1
171 208 1
207 209 1
171 209 1
977 214 1
975 974 2
210 974 1
977 976 1
40 977 4
976 978 1
979 978 2
164 978 1
129 979 1
107 979 1
977 979 2
