11098 10028 1
10028 10029 1
11099 10029 1
11608 10031 1
10031 10032 1
11608 10032 1
10031 10033 1
11608 10033 1
11073 10034 1
11309 10035 1
11073 10036 1
11133 10037 1
11442 10038 1
10037 10038 1
11101 10039 1
11285 10040 1
11055 10041 1
11608 10042 2
11220 10043 1
11251 10045 1
11243 10046 1
11175 10047 1
10049 10048 1
10049 10050 1
10048 10050 1
11259 10052 1
10052 10053 1
11259 10053 1
11483 10054 1
11220 10055 1
11220 10056 1
11055 10057 1
11634 10058 1
10058 10059 1
11803 10059 1
10069 10060 1
11129 10060 2
11285 10061 1
11101 10062 1
10062 10063 1
11101 10063 1
11424 10064 1
11068 10065 1
10064 10065 1
11070 10066 1
10064 10066 1
11251 10067 1
11073 10068 1
11069 10069 1
10069 10070 1
11124 10070 1
10069 10071 1
11251 10071 2
11283 10073 1
11525 10074 1
11330 10075 1
11243 10076 1
11243 10077 1
11175 10079 1
11101 10080 1
11724 10081 1
10081 10082 1
11724 10082 1
11073 10083 1
11053 11052 5
11592 11052 1
11638 11052 1
11859 11052 1
11569 11052 1
11064 11053 2
11055 11053 2
11736 11053 1
12011 11054 1
11856 11054 1
11729 11054 1
11199 11054 12
11935 11054 1
11956 11054 1
11328 11054 1
11244 11054 1
11942 11054 1
10069 11054 1
11829 11054 1
11690 11054 1
11257 11054 1
11422 11054 2
11774 11054 1
11052 11054 5
11250 11054 1
11055 11054 58
11720 11054 1
11649 11054 1
11218 11054 1
11364 11054 2
11057 11054 19
11366 11054 1
11464 11054 1
11272 11054 1
11500 11054 2
11537 11054 1
11064 11055 1
11131 11055 2
11209 11055 3
11069 11055 1
11278 11055 1
11352 11055 1
11251 11055 10
11157 11055 1
11526 11055 1
11245 11055 9
11217 11055 20
11200 11055 12
11053 11055 5
11339 11055 2
11710 11055 1
11052 11056 5
11055 11056 6
12060 11057 1
12024 11057 1
11470 11057 1
11990 11057 1
11841 11057 1
11338 11057 1
10041 11057 1
11256 11057 1
10057 11057 1
11851 11057 1
11642 11057 1
11055 11057 19
11861 11057 1
11056 11057 6
11704 11058 1
11710 11058 1
11059 11058 2
11061 11058 2
11060 11058 2
11062 11058 4
11709 11058 1
11061 11062 8
11710 11062 1
11064 11063 2
11724 11064 9
11259 11064 2
11157 11064 3
11360 11064 1
11346 11064 1
11348 11064 1
11351 11064 1
11334 11064 1
11153 11064 1
11515 11064 6
11209 11064 3
11361 11064 1
11463 11064 1
11349 11064 1
11278 11064 1
11356 11064 1
11392 11064 10
11255 11064 1
11280 11064 5
11352 11064 1
11344 11064 1
11354 11064 1
11350 11064 1
11163 11064 5
11362 11064 1
11069 11064 1
11358 11064 1
11309 11064 4
11245 11064 20
11357 11064 1
11073 11064 18
11243 11064 23
11303 11064 1
11224 11064 9
11285 11064 2
11251 11064 25
11320 11064 1
11359 11064 1
11526 11064 4
11525 11064 1
11233 11064 1
11144 11064 1
11340 11064 1
11179 11064 3
11055 11064 9
11347 11064 1
11200 11064 12
11068 11064 1
11175 11064 59
11096 11064 1
11092 11065 1
11063 11065 1
11064 11065 2
11063 11066 1
11956 11066 1
10035 11066 1
11794 11066 6
11819 11066 1
11364 11066 2
11959 11066 2
11703 11066 2
11720 11066 1
11064 11066 29
11318 11066 4
11652 11066 1
11413 11066 4
11741 11066 1
11244 11066 1
11443 11066 1
11363 11067 1
11545 11067 1
11063 11067 2
11505 11067 1
12014 11067 1
11343 11067 7
11288 11067 5
11248 11067 5
11064 11067 24
11784 11067 1
11069 11068 5
11424 11068 1
11070 11068 4
11070 11069 6
11071 11070 7
11424 11070 1
11073 11072 1
11069 11073 1
11068 11073 1
11251 11073 1
11252 11074 16
11432 11074 1
11363 11074 1
10036 11074 1
11286 11074 1
11366 11074 1
11328 11074 1
10045 11074 1
11697 11074 2
11808 11074 2
11272 11074 1
11244 11074 1
11318 11074 4
11771 11074 1
11832 11074 1
11258 11074 2
11072 11074 1
11415 11074 1
11897 11074 1
10034 11074 1
11840 11074 2
11500 11074 2
11064 11074 86
11391 11074 2
11806 11074 1
11375 11074 3
11905 11074 1
11998 11074 8
11505 11074 1
11279 11074 1
11698 11074 1
12012 11074 1
11199 11074 12
11720 11074 1
11246 11074 13
10067 11074 1
10071 11074 2
11807 11074 2
11969 11074 1
10068 11074 1
11498 11074 1
11887 11074 1
11462 11074 2
10069 11074 1
11853 11074 4
11969 11075 1
11471 11075 1
10077 11075 1
11728 11075 1
11734 11075 2
11242 11075 1
11258 11075 2
10068 11075 1
11072 11075 1
11064 11075 46
12084 11075 1
11517 11075 1
11375 11075 3
11806 11075 1
11793 11075 3
11856 11075 1
11675 11075 1
11741 11075 1
11415 11075 1
11594 11075 1
11559 11075 1
11462 11075 2
11697 11075 2
11308 11075 1
11199 11075 12
11505 11075 1
12048 11075 1
11825 11075 1
11249 11075 1
11214 11092 49
11539 11092 4
11211 11092 20
11786 11092 1
11064 11092 124
11365 11092 12
11287 11092 28
11921 11092 1
11273 11092 1
11075 11092 46
11213 11092 16
12025 11092 1
11421 11092 9
12085 11092 1
11279 11092 1
11545 11092 3
11929 11092 1
11433 11092 2
11095 11093 1
11979 11093 2
11064 11093 4
12015 11094 2
11365 11094 12
11688 11094 2
12085 11094 1
11239 11094 1
11886 11094 1
11690 11094 1
11868 11094 1
11182 11094 6
12007 11094 1
11095 11094 2
11623 11094 1
11420 11094 1
11093 11094 4
12065 11094 1
11903 11094 1
12013 11094 1
11186 11094 6
11113 11094 1
11064 11094 45
12014 11094 1
11184 11094 1
11423 11094 1
11855 11094 1
11652 11095 1
11500 11095 2
11328 11095 1
11254 11095 4
11497 11095 1
11505 11095 1
11093 11095 4
11363 11095 1
11545 11095 2
11188 11095 1
11064 11095 26
11670 11095 5
11286 11095 1
11097 11096 8
11157 11096 2
11096 11097 4
11157 11097 2
10072 11097 1
11347 11098 1
11350 11098 1
11351 11098 1
11349 11098 1
11352 11098 1
11068 11098 1
11348 11098 1
11151 11098 1
11200 11098 12
11303 11098 1
11129 11098 8
11099 11098 5
11303 11099 1
11347 11099 1
11349 11099 1
11098 11099 11
11348 11099 1
11350 11099 1
11351 11099 1
11101 11100 1
11749 11101 2
11163 11101 2
11455 11101 2
11724 11101 2
11139 11101 1
11068 11101 1
11342 11101 2
11155 11101 2
11930 11101 2
10078 11101 1
11616 11101 5
11617 11101 4
11864 11102 1
11100 11102 1
11454 11102 1
11570 11102 1
11103 11102 13
11676 11102 2
10080 11102 1
11712 11102 1
12091 11102 1
11874 11102 1
11898 11102 1
11101 11102 21
11759 11102 1
11104 11102 1
11549 11102 2
11865 11102 2
11936 11102 1
11114 11102 2
11118 11102 1
11101 11103 13
11865 11103 2
11100 11103 1
11874 11103 1
11549 11103 2
11898 11103 1
11759 11103 1
11936 11103 1
12091 11103 1
10080 11103 1
11864 11103 1
11570 11103 1
11936 11104 1
11100 11104 1
11984 11104 1
11865 11104 2
11900 11104 3
11101 11104 21
10062 11104 1
11864 11104 1
11108 11104 13
11570 11104 1
11627 11104 1
11727 11104 1
11103 11104 13
10080 11104 1
11759 11104 1
12091 11104 1
11589 11104 1
11759 11105 1
11864 11105 1
11114 11105 2
11898 11105 1
11108 11105 13
11118 11105 2
11570 11105 1
11454 11105 1
11100 11105 1
11865 11105 2
10080 11105 1
11936 11105 1
12091 11105 1
11712 11105 1
11104 11105 1
11549 11105 2
11101 11105 22
11676 11105 2
11874 11105 1
11107 11106 1
11100 11106 1
11101 11107 6
11865 11108 2
11898 11108 1
11874 11108 1
11549 11108 2
11101 11108 13
11759 11108 1
11936 11108 1
11100 11108 1
10080 11108 1
11570 11108 1
12091 11108 1
11864 11108 1
10039 11109 1
11507 11109 2
11101 11109 17
11568 11109 1
11108 11109 13
11111 11110 5
11110 11112 4
11064 11113 1
11101 11114 2
10062 11114 1
11454 11115 1
11101 11115 11
11114 11115 2
11874 11115 1
11118 11115 2
11898 11115 1
11727 11115 1
11676 11115 2
11104 11115 1
11104 11116 1
11114 11116 2
11676 11116 2
11101 11116 11
11727 11116 1
11118 11116 2
11898 11116 1
11874 11116 1
11454 11116 1
11898 11117 1
11727 11117 1
11676 11117 2
11104 11117 1
11118 11117 2
11874 11117 1
11101 11117 12
11454 11117 1
12091 11117 1
11114 11117 2
11591 11118 2
11114 11118 2
11101 11118 7
10062 11118 1
11120 11119 2
10064 11119 1
11724 11120 1
11259 11120 1
11425 11120 1
12042 11120 1
11129 11120 6
11474 11120 1
11424 11120 1
11119 11121 2
11122 11121 2
11120 11122 6
11354 11122 1
11724 11122 9
11392 11122 2
11200 11122 12
11320 11122 1
11259 11122 2
11817 11122 1
10076 11123 1
11403 11123 19
12077 11123 1
11119 11123 2
11124 11123 30
12052 11123 2
11630 11123 7
11719 11123 1
11069 11124 3
11243 11124 1
11220 11124 1
11135 11124 19
11354 11124 1
11120 11124 8
11122 11125 2
11119 11125 2
11119 11126 2
11122 11126 2
11122 11127 2
11119 11127 2
11994 11128 1
11119 11128 2
11129 11128 4
11144 11129 2
11647 11129 1
11135 11129 27
11133 11129 1
11474 11129 1
11120 11129 6
11564 11129 1
11131 11129 1
11069 11129 1
11724 11129 1
11139 11129 1
11098 11129 1
12042 11129 1
12041 11129 1
11862 11129 1
11131 11130 4
11128 11130 4
11353 11131 1
11129 11131 4
11133 11132 4
11128 11132 4
11380 11133 5
11129 11133 4
11128 11134 4
11135 11134 5
11358 11135 1
11222 11135 4
11320 11135 1
11362 11135 1
11360 11135 1
11361 11135 1
11356 11135 1
11220 11135 5
11340 11135 1
11344 11135 1
11359 11135 1
11129 11135 8
11357 11135 1
11069 11135 2
11137 11136 5
11134 11136 5
11357 11137 1
11135 11137 28
11358 11137 1
11340 11137 1
11362 11137 1
11220 11137 6
11128 11138 4
11139 11138 5
11334 11139 1
11259 11139 2
11581 11139 4
11345 11139 1
11068 11139 1
11580 11139 5
11129 11139 8
11138 11140 5
11141 11140 6
11717 11140 1
11139 11141 16
11580 11141 3
11334 11141 1
11098 11142 5
11128 11142 4
11142 11143 5
11144 11143 7
11443 11143 1
11430 11144 4
11098 11144 27
11146 11145 9
11906 11145 1
11961 11145 1
11143 11145 7
11068 11146 1
11705 11146 1
11151 11146 1
11352 11146 1
11144 11146 7
11148 11147 1
11148 11149 2
11577 11149 1
11147 11149 1
11151 11150 1
11275 11151 6
11207 11151 4
11150 11152 1
11774 11152 1
11737 11152 1
12028 11152 1
11582 11152 1
11153 11152 22
11604 11152 1
11333 11152 1
12047 11152 1
11584 11152 1
11932 11152 1
11595 11152 1
11883 11152 1
12030 11152 1
11468 11152 1
11797 11152 1
11940 11152 1
11945 11152 1
11869 11152 1
11426 11152 1
11488 11152 1
12083 11152 1
11350 11153 1
11358 11153 1
11274 11153 1
11359 11153 1
11356 11153 1
11352 11153 1
11355 11153 1
11357 11153 1
11340 11153 1
11361 11153 1
11360 11153 1
11348 11153 1
11346 11153 1
11345 11153 1
11276 11153 4
11334 11153 1
11349 11153 1
11151 11153 1
11362 11153 1
11303 11153 1
11351 11153 1
11774 11154 1
11155 11154 2
11150 11154 1
11352 11155 1
11151 11155 1
11150 11156 1
11157 11156 1
11151 11157 1
11774 11158 1
11806 11158 1
11098 11158 4
11150 11158 1
12064 11159 1
12005 11159 1
11194 11159 1
11306 11159 5
11158 11159 4
11857 11159 2
11304 11159 2
10028 11159 1
11996 11159 6
11199 11159 12
11927 11159 1
11098 11159 30
11508 11159 2
11427 11159 7
11144 11160 4
11158 11160 4
11443 11161 1
11843 11161 1
11146 11161 4
11842 11161 1
11774 11161 1
11150 11161 1
12049 11161 1
11845 11161 1
11844 11161 1
11774 11162 1
11163 11162 2
11150 11162 1
11151 11163 1
11175 11163 5
11352 11163 1
11774 11164 1
11163 11164 4
11805 11164 2
11150 11164 1
11774 11165 1
11163 11165 2
11150 11165 1
12037 11166 1
11589 11166 4
11476 11166 2
11871 11166 1
11150 11166 1
11167 11166 11
11101 11167 4
11151 11167 1
11285 11167 3
12009 11167 1
11167 11168 11
11166 11168 11
11167 11169 13
11166 11169 11
11482 11170 1
11972 11170 1
11607 11170 10
11171 11170 26
11169 11170 13
11917 11170 1
11790 11171 2
12082 11171 1
11608 11171 15
11167 11171 14
11483 11171 1
11171 11172 27
11169 11172 13
11761 11172 1
11917 11172 1
11689 11172 1
11607 11172 10
11482 11172 1
11163 11173 3
11774 11173 1
11150 11173 1
11979 11174 2
11173 11174 3
11175 11174 41
11183 11174 23
11411 11174 2
11435 11174 14
11163 11175 5
11285 11175 22
11064 11175 12
11525 11175 15
11255 11175 1
11783 11176 1
11435 11176 14
10047 11176 1
11979 11176 2
10079 11176 1
11411 11176 2
11770 11176 5
11182 11176 6
11183 11176 23
11177 11176 62
11902 11176 1
11181 11176 10
11475 11176 1
11174 11176 41
11618 11176 2
11868 11176 1
11853 11176 4
11681 11176 1
11623 11176 1
11619 11177 2
11175 11177 60
11179 11178 53
11902 11178 1
11174 11178 41
11853 11178 4
11868 11178 1
11964 11178 1
11623 11178 1
11181 11178 10
11783 11178 1
11352 11179 1
11619 11179 3
11463 11179 1
11175 11179 52
11623 11180 1
11902 11180 1
11868 11180 1
11853 11180 4
11783 11180 1
11174 11180 41
11181 11180 10
11618 11180 3
11179 11180 55
11743 11181 3
11182 11181 6
11175 11181 10
11173 11181 3
12043 11182 1
11173 11182 3
11175 11182 6
11565 11182 1
11175 11183 23
11477 11183 3
12036 11183 1
11716 11183 1
11980 11183 1
12063 11183 1
11173 11183 3
11960 11183 1
12008 11183 1
10061 11183 1
11878 11183 1
11284 11183 1
11799 11183 1
11953 11183 2
11853 11183 4
11064 11184 24
11183 11184 23
11539 11185 4
11621 11185 1
11223 11185 2
12088 11185 1
11929 11185 1
11064 11185 27
11317 11185 1
11786 11185 1
11433 11185 2
11173 11185 3
11497 11185 1
11774 11185 1
11443 11185 1
11273 11185 1
11566 11185 1
11795 11185 1
11628 11185 1
11921 11185 1
10069 11185 1
11289 11185 2
11173 11186 3
12046 11186 1
11279 11186 1
11064 11186 6
12015 11187 2
11218 11187 2
11186 11187 6
11064 11187 18
11188 11187 1
11343 11187 7
11064 11188 154
11498 11188 1
11621 11188 1
11582 11188 1
11363 11188 1
11426 11188 1
11949 11188 1
11914 11188 1
11722 11188 2
11945 11188 1
11737 11188 1
10079 11188 1
11186 11188 6
11797 11188 1
10034 11188 1
11940 11188 1
12015 11188 2
11333 11188 1
11826 11188 1
11272 11188 1
11928 11188 1
11415 11188 1
11574 11188 1
11770 11188 5
11739 11188 2
11950 11188 1
11500 11188 2
11502 11188 2
11595 11188 1
12060 11188 1
11932 11188 1
11901 11188 1
11681 11188 1
11923 11188 1
11931 11188 1
11625 11188 1
11443 11188 1
11199 11188 12
11869 11188 1
11604 11188 1
11774 11188 1
11536 11188 5
11435 11188 14
11413 11188 4
11856 11188 1
11501 11188 2
10046 11188 1
10071 11188 2
11964 11188 1
11246 11188 13
11584 11188 1
11475 11188 1
11328 11188 1
11095 11188 2
11411 11188 2
10036 11188 1
11497 11188 1
11787 11188 1
11318 11188 4
11391 11188 2
11248 11188 5
11288 11188 5
11468 11188 1
10076 11188 1
11286 11188 2
12085 11188 1
11743 11188 3
12087 11188 1
11252 11188 16
11406 11188 2
10069 11188 1
11505 11188 1
11268 11188 2
11688 11188 2
11883 11188 1
11588 11188 2
10047 11188 1
11279 11188 1
12077 11188 1
12083 11188 1
11593 11188 1
11850 11188 1
11459 11188 2
11774 11189 1
11150 11189 1
11163 11189 2
11150 11190 1
11774 11190 1
11163 11190 2
11192 11191 2
11846 11191 1
11150 11191 1
12068 11192 1
12071 11192 1
11175 11192 4
11153 11192 1
11352 11192 1
12069 11192 1
12072 11192 1
11645 11192 1
11344 11192 1
11151 11192 1
12070 11192 1
11192 11193 3
11621 11193 1
11150 11193 1
11774 11193 1
11098 11194 1
12005 11195 1
11304 11195 2
12064 11195 1
11857 11195 2
11306 11195 5
11427 11195 7
11194 11195 1
11144 11195 18
11508 11195 2
10028 11195 1
11194 11196 1
11099 11196 1
12064 11197 1
11194 11197 1
10028 11197 1
11857 11197 2
11304 11197 2
11508 11197 2
11306 11197 5
11144 11197 11
12005 11197 1
11306 11198 5
12064 11198 1
11996 11198 6
11194 11198 1
11927 11198 1
11304 11198 2
12005 11198 1
10028 11198 1
11857 11198 2
11508 11198 2
11098 11198 18
10028 11199 1
11306 11199 5
12005 11199 1
12064 11199 1
11508 11199 2
11304 11199 2
11200 11199 12
11194 11199 1
11857 11199 2
11430 11200 4
11098 11200 11
11200 11201 13
11199 11201 12
11201 11202 13
11200 11202 13
11201 11203 13
11204 11203 14
11200 11203 14
11201 11204 13
11200 11204 14
11122 11205 26
11840 11205 2
11697 11205 2
11948 11205 1
11415 11205 1
11199 11205 12
11998 11205 8
11258 11205 2
11948 11206 1
11199 11206 12
11207 11206 25
11840 11206 2
11415 11206 1
11998 11206 8
11988 11206 1
11258 11206 2
11392 11207 1
11724 11207 9
11200 11207 12
11122 11207 6
11817 11207 1
11320 11207 1
11275 11207 2
11259 11207 2
11209 11208 27
11258 11208 2
11840 11208 2
11998 11208 8
11199 11208 12
11289 11208 2
12088 11208 1
11415 11208 1
11320 11209 1
11200 11209 12
11276 11209 1
11724 11209 9
11259 11209 2
11817 11209 1
11208 11210 27
12088 11210 1
12030 11210 1
11289 11210 2
11796 11210 2
11209 11210 28
11886 11211 1
11840 11211 2
11064 11211 20
11415 11211 1
11897 11211 1
11258 11211 2
11199 11211 12
11254 11212 4
11199 11212 12
12046 11212 1
11652 11212 1
11545 11212 1
11064 11212 19
11064 11213 16
11840 11213 2
11887 11213 1
11199 11213 12
11286 11214 1
11199 11214 12
11246 11214 13
11064 11214 49
10069 11214 1
11252 11214 16
11498 11214 1
10071 11214 2
11272 11214 1
10083 11214 1
11856 11214 1
11771 11214 1
11808 11214 2
11366 11215 1
11055 11215 25
11364 11215 2
11856 11215 1
11720 11215 1
10069 11215 1
11199 11215 12
11643 11215 1
11328 11215 1
11500 11215 2
11244 11215 1
11935 11215 1
11956 11215 1
11443 11216 1
11199 11216 12
11217 11216 16
11958 11216 1
11582 11216 1
11073 11217 1
11144 11217 1
11339 11217 2
11351 11217 1
11710 11217 1
11200 11217 12
11412 11218 2
11720 11218 1
11316 11218 1
11271 11218 1
11216 11218 16
11500 11218 2
11244 11218 1
11690 11218 1
11328 11218 1
11832 11218 1
11055 11218 46
11774 11218 1
11378 11218 2
11377 11218 1
11257 11218 1
11200 11219 12
11199 11219 12
11221 11220 6
11222 11220 6
11224 11223 2
11836 11223 1
11278 11224 7
11223 11225 2
11224 11225 2
11177 11226 4
11229 11227 3
11228 11227 3
11443 11231 1
11146 11231 2
11146 11232 3
11231 11232 2
11451 11232 2
11234 11233 1
11101 11233 2
11275 11233 1
11235 11233 1
11709 11236 1
11062 11236 4
11710 11236 1
11060 11236 2
11237 11236 3
11061 11236 2
11238 11237 2
11059 11237 4
11062 11237 5
11061 11237 4
11060 11237 4
11064 11239 1
10062 11240 1
11676 11240 2
11101 11240 4
11104 11240 1
11676 11241 2
11101 11241 7
11267 11241 1
11933 11241 2
11104 11241 1
10062 11241 1
11243 11242 1
11064 11243 4
11245 11244 1
11064 11245 4
11248 11246 5
11505 11246 1
11464 11246 1
11738 11246 1
11829 11246 1
11500 11246 2
11245 11246 13
11703 11246 2
11498 11246 3
11244 11246 1
11064 11247 5
11437 11247 1
11244 11247 1
11406 11247 1
11720 11247 1
11856 11247 1
11245 11248 5
11244 11248 1
11500 11248 2
11498 11248 1
11243 11249 1
11251 11250 1
11069 11251 1
11342 11251 1
11064 11251 4
11364 11252 2
11947 11252 1
10069 11252 1
11328 11252 1
11288 11252 5
11251 11252 16
11956 11252 1
11959 11252 2
11363 11252 1
11250 11252 1
11729 11252 1
11720 11252 1
11576 11254 1
11806 11254 1
11064 11254 4
11639 11254 1
11175 11255 5
11055 11256 1
11256 11257 1
11649 11257 1
11055 11257 6
11218 11257 2
10052 11258 1
11259 11258 2
11472 11259 3
11259 11260 3
11258 11260 2
11260 11261 3
11259 11261 3
11263 11262 4
11259 11262 4
11260 11262 3
11259 11263 4
11260 11263 3
12030 11264 1
11209 11264 4
11258 11264 2
11264 11265 4
11209 11265 6
12030 11265 1
12088 11265 1
11289 11265 2
11259 11266 2
11258 11266 2
11996 11267 6
11139 11267 8
11258 11267 2
11497 11268 1
11245 11268 2
12065 11269 1
11338 11269 1
11929 11269 1
12025 11269 1
11064 11269 5
11423 11270 1
11663 11270 3
11064 11270 10
11269 11270 5
11841 11270 1
11245 11271 1
11245 11272 1
11064 11273 1
11275 11274 6
11207 11274 4
11276 11275 53
11207 11275 52
11207 11276 54
11277 11276 53
11224 11278 6
11280 11279 1
11064 11280 2
11694 11281 2
11773 11281 7
11233 11281 9
11281 11282 9
11510 11282 1
11283 11282 10
11233 11283 10
12021 11283 1
11285 11284 1
11175 11285 5
11068 11285 1
11947 11286 1
11251 11286 4
11414 11286 1
11594 11287 1
11808 11287 2
11856 11287 1
11443 11287 1
10035 11287 1
11505 11287 1
12084 11287 1
10036 11287 1
11286 11287 1
11825 11287 1
11959 11287 2
11703 11287 2
11391 11287 2
11064 11287 28
11807 11287 2
11514 11287 3
11498 11287 1
11363 11287 1
10034 11287 1
11993 11287 1
11819 11287 1
11734 11287 2
10068 11287 1
11328 11288 1
11251 11288 5
11720 11288 1
11286 11288 2
12030 11289 1
11209 11289 2
11209 11290 6
11796 11290 2
12030 11290 1
11291 11290 5
12088 11290 1
11289 11290 2
11948 11291 1
11209 11291 5
12088 11291 1
11289 11291 2
12088 11292 1
11925 11292 1
12025 11292 1
11885 11292 1
11055 11292 10
11289 11292 2
11560 11292 1
12046 11292 1
11952 11292 1
11294 11293 5
11289 11293 2
11209 11293 5
12030 11293 1
11796 11293 2
12088 11293 1
12088 11294 1
11209 11294 5
11796 11294 2
11289 11294 2
11220 11295 1
11622 11296 5
10056 11296 1
11578 11296 4
11870 11296 3
11943 11296 1
11469 11296 4
11404 11296 25
11436 11296 1
10055 11296 1
11295 11296 1
11137 11296 31
11585 11296 3
11792 11296 2
10043 11296 1
10043 11297 1
11298 11297 7
11374 11297 1
11436 11297 1
10055 11297 1
10056 11297 1
11295 11297 1
11943 11297 1
11135 11298 25
11220 11298 7
11310 11299 1
11300 11299 2
11321 11300 3
10069 11301 1
11604 11301 1
11299 11301 2
11302 11301 4
11300 11302 2
11359 11302 1
11358 11302 1
11069 11302 1
11135 11302 4
11275 11303 6
11207 11303 4
11098 11304 2
11306 11304 1
12083 11305 1
11099 11305 3
11304 11305 2
11508 11306 1
11304 11306 2
11098 11306 5
11582 11307 1
11306 11307 5
11099 11307 6
11309 11308 1
11526 11309 1
11064 11309 4
11300 11310 1
11300 11311 1
11310 11311 1
11310 11312 1
11313 11312 1
11135 11313 4
11220 11313 1
11300 11313 1
11436 11314 1
11310 11314 1
11313 11314 6
11578 11314 4
11310 11315 1
11300 11315 1
11251 11316 1
11073 11317 1
11377 11318 1
11073 11318 4
11317 11318 1
10069 11318 1
11318 11319 4
11064 11319 4
11321 11320 3
12014 11322 1
11097 11322 2
11662 11323 2
11551 11323 2
11602 11323 2
11096 11323 16
12014 11323 1
11660 11323 1
11326 11323 4
11322 11323 2
11561 11323 1
11661 11323 2
11467 11323 3
11547 11323 2
11926 11323 2
11926 11324 2
11096 11324 12
11326 11324 4
11660 11324 1
12014 11324 1
11662 11324 2
11323 11324 2
11322 11324 2
11551 11324 2
11324 11325 12
11096 11325 12
11097 11326 4
11322 11326 2
11602 11326 2
11547 11327 2
12014 11327 1
11660 11327 1
11561 11327 1
11322 11327 2
11096 11327 8
11602 11327 2
11551 11327 2
11251 11328 1
11330 11329 6
11527 11330 3
11821 11330 1
11329 11331 6
11330 11331 8
11071 11332 3
11334 11333 1
11275 11334 6
11207 11334 4
11139 11335 2
11333 11335 1
11893 11336 1
11141 11336 15
12010 11336 1
11335 11336 2
11267 11336 1
11509 11336 7
11648 11336 3
11141 11337 1
11333 11337 1
11055 11338 1
11207 11340 4
11275 11340 6
11342 11341 1
11064 11343 7
11539 11343 4
11545 11343 2
11207 11344 4
11275 11344 6
11207 11345 4
11275 11345 6
11275 11346 6
11207 11346 4
11207 11347 4
11275 11347 6
11275 11348 6
11207 11348 4
11275 11349 6
11207 11349 4
11207 11350 4
11275 11350 6
11275 11351 6
11207 11351 4
11207 11352 4
11275 11352 6
11275 11353 6
11207 11353 4
11207 11354 4
11275 11354 6
11275 11355 6
11207 11355 4
11207 11356 4
11275 11356 6
11207 11357 4
11275 11357 6
11275 11358 6
11207 11358 4
11207 11359 4
11275 11359 6
11275 11360 6
11207 11360 4
11207 11361 4
11275 11361 6
11275 11362 6
11207 11362 4
11251 11363 1
11414 11364 1
11251 11364 2
11703 11365 2
11364 11365 2
11366 11365 1
11064 11365 12
11959 11365 2
11956 11365 1
11806 11365 1
11832 11365 1
11443 11365 1
11251 11366 1
11368 11367 1
11069 11367 1
11721 11367 2
11369 11367 1
11355 11367 1
11371 11370 1
11370 11372 1
11371 11372 1
11370 11373 1
11371 11373 1
11220 11374 1
10069 11375 1
11806 11375 1
11073 11375 3
11251 11377 1
11653 11378 1
11131 11378 2
11378 11379 2
11380 11379 2
11131 11380 7
11111 11380 6
11378 11381 2
11131 11381 3
11381 11382 3
11380 11382 3
11061 11383 2
11237 11383 3
11710 11383 1
11709 11383 1
11062 11383 4
11060 11383 2
11227 11384 1
11227 11385 1
11384 11385 1
11384 11386 1
11227 11386 1
11227 11387 1
11384 11387 1
11384 11388 1
11227 11388 1
11384 11389 1
11227 11389 1
11129 11390 6
11564 11390 1
11354 11390 1
11563 11390 1
11392 11391 2
11988 11391 1
11245 11392 2
11275 11393 2
11393 11394 2
11207 11394 2
11275 11395 1
11393 11395 1
11595 11396 1
10069 11396 1
11135 11396 6
11621 11396 1
11737 11396 1
12052 11396 2
11870 11397 3
11585 11397 3
11135 11397 26
11578 11397 4
11996 11397 6
11396 11397 6
11469 11397 4
11792 11397 2
11622 11397 5
11415 11397 1
11129 11398 28
11996 11398 6
11397 11398 26
11443 11398 1
11562 11398 1
11397 11399 26
11996 11399 6
11129 11399 26
11996 11400 6
11129 11400 26
11397 11400 26
11129 11401 26
11996 11401 6
11397 11401 26
11792 11402 2
11298 11402 25
11396 11402 6
11578 11402 4
11404 11402 25
11469 11402 4
11585 11402 3
11622 11402 5
11870 11402 3
11622 11403 5
11870 11403 3
11585 11403 3
11578 11403 4
11792 11403 2
11469 11403 4
11396 11403 6
11135 11403 19
11396 11404 6
11870 11404 3
11469 11404 4
11792 11404 2
11578 11404 4
11996 11404 6
11622 11404 5
11585 11404 3
11135 11404 25
11243 11405 1
11243 11406 3
11405 11406 1
11267 11408 1
11101 11408 1
11101 11409 1
11267 11409 1
11101 11410 1
11267 11410 1
11744 11411 1
11175 11411 2
11497 11412 1
11245 11412 2
11628 11413 1
11392 11413 4
11412 11413 2
11251 11414 1
11320 11415 1
11320 11416 2
11415 11416 1
11416 11417 2
11320 11417 2
11416 11418 2
11419 11418 3
11320 11418 3
11320 11419 3
11416 11419 2
11064 11420 3
11415 11420 1
11783 11420 1
10045 11421 1
11415 11421 1
11624 11421 1
12012 11421 1
11946 11421 1
11064 11421 9
11698 11421 1
11905 11421 1
10067 11421 1
11582 11422 1
11217 11422 2
11064 11423 1
11425 11424 1
11124 11425 6
11120 11425 7
11349 11426 1
11625 11427 1
11098 11427 7
11582 11427 1
11945 11427 1
11426 11427 1
12083 11427 1
11940 11427 1
11945 11428 1
11426 11428 1
11099 11428 5
11625 11428 1
12083 11428 1
11582 11428 1
11582 11429 1
11940 11429 1
11945 11429 1
11426 11429 1
11625 11429 1
11430 11429 6
12083 11429 1
11303 11430 1
11347 11430 1
11349 11430 1
11351 11430 1
11350 11430 1
11348 11430 1
11508 11431 2
11099 11431 3
11426 11431 1
11073 11432 1
11432 11433 1
11064 11433 2
11285 11434 2
11806 11434 1
11434 11435 2
11788 11435 1
11992 11435 1
11989 11435 1
11894 11435 1
11684 11435 1
11567 11435 1
12004 11435 1
11175 11435 14
10040 11435 1
11516 11435 1
11967 11435 1
12018 11435 1
11220 11436 1
11309 11437 1
11133 11438 1
11915 11439 1
11438 11439 1
11440 11439 6
11879 11439 1
10037 11439 1
11506 11439 1
11745 11439 1
11133 11440 6
11438 11441 1
11442 11441 1
11710 11442 1
11678 11442 4
11111 11442 5
11133 11442 5
11144 11443 1
11146 11444 2
11443 11444 1
11906 11444 1
11443 11445 1
11906 11445 1
11146 11445 2
11146 11446 1
11443 11446 1
11443 11447 1
11146 11447 2
11806 11447 1
11443 11448 1
11146 11448 2
11448 11449 2
11146 11449 2
11146 11450 1
11443 11450 1
11146 11451 2
11443 11451 1
11146 11452 1
11443 11452 1
11443 11453 1
11146 11453 1
11455 11454 1
11101 11455 4
11101 11456 1
11454 11456 1
11454 11457 1
11455 11457 1
11709 11458 1
11111 11458 5
11060 11458 4
11095 11459 1
11064 11459 2
11461 11460 3
11276 11460 1
11392 11462 2
11988 11462 1
11342 11463 1
11352 11463 1
11177 11463 4
11245 11464 1
11157 11465 1
11096 11466 3
11465 11466 1
11926 11466 2
11465 11467 1
12014 11467 1
11097 11467 3
11360 11468 1
11135 11469 4
11468 11469 1
12052 11469 2
11055 11470 1
11243 11471 1
11472 11473 3
11101 11474 2
11472 11474 3
11175 11475 1
11806 11476 1
11285 11476 2
11476 11477 2
11285 11477 3
11152 11478 1
11918 11478 1
11192 11478 4
11846 11478 1
11192 11479 4
11478 11479 4
11478 11480 4
11192 11480 4
11192 11481 4
11478 11481 4
11483 11482 1
11608 11483 13
11483 11484 1
11482 11484 1
10054 11485 1
11482 11485 1
11483 11485 2
11171 11486 3
11917 11486 1
11482 11486 1
12081 11486 1
11171 11487 2
11482 11487 1
11917 11487 1
11355 11488 1
11493 11489 4
11488 11489 1
11494 11489 3
11367 11489 6
10069 11489 1
11494 11490 3
11367 11490 4
11488 11490 1
10069 11490 1
11367 11491 7
11490 11491 4
11493 11491 4
11367 11492 7
11490 11492 4
11493 11492 4
11488 11493 1
12027 11493 2
11367 11493 4
11367 11494 3
10069 11494 1
11488 11494 1
11494 11495 3
11367 11495 3
11488 11496 1
11367 11496 1
11245 11497 1
11738 11498 1
11245 11498 4
11497 11498 1
11245 11499 3
11498 11499 3
11497 11500 1
11245 11500 2
11497 11501 1
11392 11501 2
11392 11502 2
11497 11502 1
11504 11503 5
11245 11505 1
11133 11506 1
11101 11507 2
11118 11507 1
11098 11508 2
11996 11509 6
11139 11509 7
11233 11510 1
11233 11511 2
11510 11511 1
11511 11512 2
11233 11512 2
11440 11513 4
11515 11514 3
11734 11514 2
11526 11515 2
11064 11515 4
11285 11516 1
11515 11517 1
11131 11518 1
11518 11519 1
11380 11519 1
11224 11520 2
11836 11520 1
11224 11521 6
11520 11521 2
11536 11521 5
11520 11522 2
11278 11522 2
11520 11523 2
11278 11523 3
11823 11523 1
11278 11524 2
11520 11524 2
11836 11524 1
11175 11525 5
11064 11526 4
11177 11528 4
11278 11529 5
11536 11529 5
11278 11530 5
11529 11530 5
11529 11531 5
11278 11531 5
11278 11532 5
11529 11532 5
11832 11532 1
11836 11532 1
11532 11533 5
11278 11533 5
11278 11534 5
11532 11534 5
11532 11535 5
11224 11535 5
11224 11536 5
11532 11536 5
11055 11537 2
11292 11537 1
11280 11538 5
11539 11538 4
11538 11539 1
11785 11539 2
11280 11539 4
11280 11540 4
11539 11540 4
11543 11542 1
11544 11542 1
11064 11545 3
11185 11545 1
11063 11546 1
11690 11546 1
11064 11546 2
11096 11547 2
11101 11548 1
11548 11549 1
11101 11549 2
11177 11550 4
11097 11551 2
12014 11551 1
11153 11552 1
11554 11553 1
11552 11553 1
11818 11554 1
11276 11554 2
11153 11554 1
11153 11555 2
11614 11555 1
11552 11555 1
11069 11556 1
11124 11557 1
11556 11557 1
11069 11558 2
11556 11558 1
10069 11558 1
11243 11559 1
11055 11560 1
11096 11561 1
11144 11562 1
11285 11565 1
11255 11566 1
11285 11567 1
11101 11568 1
11055 11569 1
11101 11570 1
11107 11571 1
11570 11571 1
11131 11572 1
11380 11573 1
11572 11573 1
11243 11574 1
11255 11575 1
11575 11576 1
11175 11576 2
11148 11577 1
11604 11578 1
11135 11578 4
11737 11578 1
10069 11578 1
10069 11579 1
11604 11579 1
11302 11579 4
11578 11579 4
11737 11579 1
11581 11580 6
11351 11582 1
10036 11583 1
11582 11583 1
11217 11583 2
11361 11584 1
10069 11585 1
11584 11585 1
11135 11585 3
11503 11587 4
11179 11588 2
11795 11588 1
11805 11589 2
11101 11589 5
11806 11589 1
11101 11590 1
11590 11591 1
11101 11591 2
11064 11592 1
11243 11593 1
11309 11594 1
11357 11595 1
11737 11596 1
11595 11596 1
11597 11596 2
11069 11597 2
11358 11597 1
11344 11597 1
11357 11597 1
11595 11598 1
11883 11598 1
11797 11598 1
11137 11598 4
11737 11598 1
11597 11599 5
10069 11599 1
11595 11599 1
11737 11599 1
11621 11599 1
12052 11599 2
11118 11600 1
12038 11600 3
12045 11600 2
11601 11600 5
12066 11600 1
11101 11601 2
11097 11602 2
12014 11602 1
11996 11603 6
11390 11603 7
11359 11604 1
11302 11605 1
11604 11605 1
11101 11606 1
11828 11607 2
10031 11607 1
11650 11607 3
10042 11607 2
11606 11607 1
11608 11607 10
11101 11608 4
11607 11609 10
11483 11609 11
11972 11609 1
11483 11610 10
11607 11610 10
11483 11611 10
11607 11611 10
11607 11612 10
11483 11612 10
11608 11613 10
11607 11613 10
11276 11614 1
11153 11615 1
11614 11615 1
11619 11618 3
11872 11618 1
11179 11619 1
11618 11620 2
11177 11620 2
11344 11621 1
11135 11622 5
11621 11622 1
11883 11622 1
10069 11622 1
11737 11622 1
11175 11623 1
11243 11624 1
11347 11625 1
11458 11626 4
11101 11627 1
11392 11628 1
11120 11630 7
11996 11630 6
11630 11631 7
11425 11631 7
11633 11632 7
11630 11632 7
11120 11633 7
11636 11634 3
11635 11634 3
11163 11637 1
11686 11638 2
11912 11638 1
11064 11638 5
11637 11638 1
11637 11639 1
11163 11639 2
11641 11640 4
11055 11642 1
11217 11643 1
11645 11644 1
11664 11645 1
11666 11645 1
11665 11645 1
11668 11645 1
11647 11646 1
11644 11646 1
11645 11647 1
12047 11648 1
11806 11648 1
11139 11648 3
11055 11649 1
11608 11650 3
11712 11650 1
11828 11650 1
11608 11651 3
11650 11651 3
11064 11652 1
11353 11653 1
11655 11654 1
11655 11656 1
11654 11656 1
11655 11657 1
11654 11657 1
11654 11658 1
11655 11658 1
11655 11659 1
11654 11659 1
11096 11660 1
11096 11661 2
11660 11661 1
11660 11662 1
11096 11662 2
11904 11663 1
11064 11663 3
11660 11663 1
11645 11666 1
11699 11666 1
11667 11666 3
11257 11670 2
11064 11670 5
11184 11670 1
11095 11670 1
11184 11671 1
11672 11671 1
11064 11672 1
11674 11673 3
11243 11675 1
11101 11676 2
10039 11676 1
11442 11677 4
12030 11679 1
11957 11679 1
11554 11679 3
11554 11680 3
11679 11680 3
11175 11681 1
11330 11682 1
11330 11683 2
11812 11683 1
11682 11683 1
11525 11684 1
11806 11686 1
11285 11686 2
11686 11687 2
11285 11687 2
11064 11688 2
11095 11688 1
11608 11689 1
11064 11690 1
12060 11691 1
11690 11691 1
11055 11691 2
11690 11692 1
11055 11692 1
11233 11693 2
11393 11694 1
11898 11694 1
11874 11694 1
11693 11694 2
11715 11694 2
11233 11694 11
11233 11695 12
11773 11695 7
11694 11695 5
11988 11697 1
11392 11697 2
11245 11698 1
11146 11700 1
11700 11701 1
11146 11701 1
11245 11702 1
11245 11703 2
11702 11703 1
11798 11705 2
11674 11705 3
11704 11705 1
11111 11706 5
11706 11707 4
11111 11708 3
11710 11711 1
11678 11711 2
11101 11712 1
11101 11713 1
11608 11714 1
11713 11714 1
11233 11715 2
11525 11716 1
11580 11717 1
11461 11718 3
11220 11719 1
11251 11720 1
11461 11721 3
11286 11722 1
11251 11722 2
11998 11723 8
11840 11723 2
11724 11723 10
11129 11724 6
11346 11724 1
11724 11725 10
11723 11725 10
11723 11726 10
11724 11726 10
11101 11727 1
11243 11728 1
11251 11729 1
11526 11731 1
11731 11732 1
11526 11732 1
11526 11733 1
11731 11733 1
11731 11734 1
11526 11734 2
11731 11735 1
11309 11735 1
11358 11737 1
11245 11738 1
11251 11739 2
11286 11739 1
11276 11740 2
11153 11741 2
11740 11741 1
11285 11742 1
11175 11743 3
10074 11743 1
11742 11743 1
11525 11744 1
11133 11745 1
11442 11746 1
11745 11746 1
11101 11747 1
11747 11748 1
11749 11748 2
11101 11749 1
11749 11750 2
11748 11750 2
11748 11751 2
11749 11751 2
11749 11752 2
11748 11752 2
11749 11753 2
11748 11753 2
11749 11754 2
11748 11754 2
11749 11755 2
11748 11755 2
11101 11756 3
11981 11756 2
11747 11756 1
11747 11757 1
11101 11757 4
11981 11757 2
12091 11757 1
11323 11758 1
11096 11758 1
11101 11759 1
11759 11760 1
11107 11760 1
11608 11761 1
11171 11762 1
11761 11762 1
11938 11763 1
11300 11763 2
11300 11764 2
11763 11764 2
11938 11764 1
11736 11766 1
11053 11767 1
11766 11767 1
11285 11769 1
11924 11770 1
11769 11770 1
11811 11770 2
11175 11770 5
11073 11771 1
11233 11772 1
11393 11772 1
11694 11773 6
11233 11773 7
11352 11774 1
11163 11775 1
11774 11775 1
11463 11776 1
11774 11776 1
11179 11777 1
11774 11777 1
11774 11778 1
11179 11778 1
11179 11779 1
11774 11779 1
11179 11780 1
11774 11780 1
11608 11781 1
11781 11782 1
11608 11782 1
11175 11783 1
11064 11784 1
11064 11785 2
12011 11785 1
11064 11786 1
11245 11787 1
11285 11788 1
11790 11789 1
11789 11791 1
11171 11791 2
12061 11791 1
11797 11792 1
11135 11792 2
11823 11793 1
11224 11793 3
11895 11793 1
11095 11794 1
11793 11794 3
11856 11794 1
11064 11794 6
11463 11795 1
11209 11796 2
12030 11796 1
11340 11797 1
11163 11799 1
11634 11801 1
11801 11802 1
11803 11802 1
11634 11803 3
11163 11804 1
11804 11805 1
11163 11805 2
11068 11806 1
11806 11807 1
11073 11807 2
11806 11808 1
11073 11808 2
11810 11809 5
11874 11809 1
11806 11809 1
12047 11809 1
11994 11809 1
11898 11809 1
11068 11810 1
11345 11810 1
11474 11810 1
11101 11810 2
11806 11811 1
11285 11811 2
11934 11812 1
11330 11812 3
10075 11812 1
11321 11814 3
11055 11815 1
11815 11816 1
11055 11816 1
11515 11819 1
11822 11821 3
11820 11821 3
11278 11823 1
11233 11825 1
11245 11826 1
11101 11827 1
11827 11828 1
11608 11828 3
11245 11829 1
11217 11830 1
11830 11831 1
11055 11831 1
11278 11832 1
11832 11833 1
11278 11833 1
11278 11834 1
11832 11834 1
11224 11836 1
11224 11837 1
11836 11837 1
11224 11838 1
11836 11838 1
11836 11839 1
11278 11839 1
10081 11840 1
11724 11840 2
11055 11841 1
11645 11846 1
11666 11847 1
11846 11847 1
11645 11848 1
11846 11848 1
11645 11849 1
11846 11849 1
11243 11850 1
11055 11851 1
11285 11852 1
11175 11853 4
11884 11853 1
11852 11853 1
11991 11853 1
11853 11854 4
11192 11854 4
11064 11855 1
11526 11856 1
11098 11857 2
10028 11857 1
11945 11858 1
11099 11858 3
11857 11858 2
11055 11859 1
11440 11860 4
11055 11861 1
11863 11862 4
11274 11862 1
11129 11862 2
11101 11864 1
11101 11865 2
11864 11865 1
11107 11866 2
11865 11866 2
11864 11867 1
11107 11867 1
11175 11868 1
11356 11869 1
10069 11870 1
11869 11870 1
11135 11870 3
11285 11871 1
11179 11872 3
11872 11873 3
11179 11873 3
11101 11874 1
11994 11875 1
11898 11875 1
11474 11875 3
11874 11875 1
11877 11876 3
11874 11876 1
11898 11876 1
11994 11876 1
11473 11877 1
11101 11877 2
11259 11877 1
11474 11877 3
11285 11878 1
11133 11879 1
11442 11880 1
11879 11880 1
11473 11881 1
11951 11882 3
11881 11882 1
11877 11882 4
11362 11883 1
11525 11884 1
11055 11885 1
11064 11886 1
11073 11887 1
11995 11888 5
11122 11888 6
11207 11889 6
11888 11889 6
11634 11891 1
11803 11892 1
11891 11892 1
11580 11893 1
11285 11894 1
11278 11895 1
11073 11897 1
11101 11898 1
11898 11899 1
11101 11899 1
10062 11900 1
11101 11900 3
11898 11900 1
11251 11901 1
11175 11902 1
11902 11903 1
11064 11903 2
11157 11904 1
11073 11905 1
11146 11906 1
11906 11907 1
11146 11907 1
11909 11908 1
11908 11910 1
11909 11910 1
11909 11911 1
11908 11911 1
11525 11912 1
11912 11913 1
11525 11913 1
11243 11914 1
11133 11915 1
11442 11916 1
11915 11916 1
11790 11917 1
11192 11918 1
11192 11919 1
11918 11919 1
11192 11920 1
11918 11920 1
11064 11921 1
11817 11922 2
11948 11922 1
11245 11923 1
11525 11924 1
11217 11925 1
11097 11926 2
12014 11926 1
11098 11927 1
11243 11928 1
11064 11929 1
11243 11931 1
11346 11932 1
11724 11933 2
11932 11933 1
11330 11934 1
11245 11935 1
11101 11936 1
11936 11937 1
11107 11937 1
11300 11938 1
11938 11939 1
11300 11939 1
11303 11940 1
11099 11941 2
12064 11941 1
11940 11941 1
11055 11942 1
11220 11943 1
12030 11944 1
11740 11944 1
11153 11944 2
11350 11945 1
11243 11946 1
11251 11947 1
11817 11948 1
11251 11949 1
11243 11950 1
11474 11951 3
12001 11951 2
11055 11952 1
11968 11953 1
11525 11953 2
11131 11954 1
11954 11955 1
11380 11955 1
11251 11956 1
11276 11957 1
11217 11958 1
11251 11959 2
12086 11959 1
11285 11960 1
11146 11961 1
11608 11962 1
11962 11963 1
11483 11963 1
11179 11964 1
11964 11965 1
11179 11965 1
11179 11966 1
11964 11966 1
11285 11967 1
11525 11968 1
11251 11969 1
11634 11970 1
11970 11971 1
11634 11971 1
11608 11972 1
11974 11973 1
11973 11975 1
11974 11975 1
11821 11976 1
11976 11977 1
11330 11977 1
11525 11978 1
11978 11979 1
11175 11979 2
11525 11980 1
11749 11981 2
11981 11982 2
11749 11982 2
11455 11984 1
11862 11985 1
11985 11986 1
11862 11986 3
10060 11986 2
11392 11988 1
11525 11989 1
11055 11990 1
11285 11991 1
11163 11992 1
11515 11993 1
11474 11994 1
10081 11995 1
10052 11995 1
11120 11995 5
10064 11995 1
11994 11995 1
11995 11996 5
11129 11996 6
11724 11997 7
11996 11997 6
11997 11998 7
11724 11998 8
11996 11999 6
11135 11999 6
11996 12000 6
11139 12000 6
11994 12001 1
11474 12001 2
11994 12002 1
10052 12002 1
11877 12002 2
11525 12004 1
11098 12005 1
12005 12006 1
11099 12006 1
11064 12007 1
11285 12008 1
11580 12010 1
11055 12011 1
11245 12012 1
11064 12013 1
11157 12014 1
11064 12015 2
12014 12015 1
11131 12016 1
12016 12017 1
11380 12017 1
11525 12018 1
11283 12019 1
12021 12020 2
12019 12020 1
10073 12020 1
11283 12021 2
11167 12022 1
12081 12023 1
11171 12023 3
12022 12023 1
12050 12023 1
11055 12024 1
11055 12025 1
11721 12027 2
11274 12028 1
12028 12029 1
11862 12029 1
11276 12030 1
11554 12031 1
12030 12031 1
12030 12032 1
11209 12032 2
11209 12033 2
12032 12033 2
12030 12034 1
11153 12034 1
12030 12035 1
11460 12035 1
11525 12036 1
11167 12037 1
12045 12038 2
11601 12038 3
11601 12039 3
12038 12039 3
12066 12040 1
11601 12040 4
12038 12040 3
11525 12043 1
11118 12044 1
11101 12044 1
11101 12045 2
11118 12045 1
11157 12046 1
11345 12047 1
11243 12048 1
11705 12049 1
11608 12050 1
12050 12051 1
11483 12051 1
11069 12052 2
10069 12052 1
10069 12053 1
12052 12053 2
11597 12053 2
12052 12054 2
11135 12054 2
11135 12055 2
12052 12055 2
11711 12056 1
11711 12057 1
12056 12057 1
12056 12058 1
11711 12058 1
11711 12059 1
12056 12059 1
11055 12060 1
11608 12061 1
11285 12063 1
11098 12064 1
11064 12065 1
11601 12066 1
11601 12067 1
12066 12067 1
11474 12073 1
11474 12074 1
12073 12074 1
12073 12075 1
12076 12075 2
11474 12075 2
11474 12076 2
12073 12076 1
11354 12077 1
12077 12078 1
11390 12078 1
12077 12079 1
11390 12079 1
12077 12080 1
11122 12080 1
12082 12081 1
11348 12083 1
11526 12084 1
11064 12085 1
11251 12086 1
11243 12087 1
11209 12088 1
11608 12089 1
12089 12090 1
11608 12090 1
11101 12091 1
