6772 6160 1
6329 6160 1
6297 6160 1
6216 6160 6
6214 6160 3
6898 6160 3
6473 6160 1
6472 6160 1
6505 6160 3
6474 6160 1
6799 6160 1
6247 6160 3
6186 6160 4
6493 6161 5
6507 6161 1
6379 6161 1
6347 6161 6
6335 6161 1
6772 6161 1
6312 6161 7
6290 6161 1
6160 6161 6
6336 6161 2
6512 6161 1
6247 6161 3
6186 6161 4
6499 6161 1
6487 6161 1
6500 6161 1
6498 6161 1
6495 6161 2
6304 6161 2
6471 6161 1
6677 6161 3
6504 6161 2
6298 6161 2
6514 6161 1
6176 6161 5
6511 6161 1
6306 6161 3
6388 6161 5
6510 6161 1
6286 6161 2
6174 6161 1
6513 6161 1
6516 6161 1
6216 6161 13
6509 6161 3
6518 6161 1
6898 6161 3
6474 6161 1
6214 6161 1
6230 6161 6
6200 6161 1
6506 6161 1
6497 6161 1
6478 6161 1
6441 6161 3
6517 6161 1
6445 6161 1
6798 6161 2
6163 6162 1
6977 6163 1
6805 6164 1
6162 6164 1
6165 6164 2
6163 6165 1
6833 6165 3
6832 6165 3
6163 6166 2
7152 6166 1
6162 6166 1
6162 6167 1
6163 6167 2
7152 6167 1
6749 6168 1
6169 6168 3
6834 6168 1
6494 6169 1
6264 6169 1
6506 6169 1
6481 6169 1
6479 6169 1
6482 6169 1
6477 6169 1
6508 6169 1
6342 6169 1
6422 6169 1
6493 6169 1
6275 6169 1
6741 6170 2
7152 6170 1
6171 6170 11
6427 6170 3
6168 6170 3
6684 6170 2
6977 6171 2
6169 6171 15
6546 6171 4
6467 6171 6
7152 6172 1
6168 6172 3
6173 6172 7
6427 6172 3
6169 6173 6
6977 6173 1
6175 6174 6
6178 6175 10
6179 6175 4
6176 6175 10
6484 6176 1
6390 6176 1
6499 6176 1
6490 6176 1
6472 6176 1
6298 6176 1
6494 6176 1
6289 6176 1
6474 6176 1
6471 6176 1
6279 6176 1
6477 6176 1
6478 6176 1
6388 6176 1
6306 6176 1
6507 6176 1
6488 6176 1
6500 6176 2
6181 6176 1
6506 6176 1
6479 6176 1
6501 6176 1
6470 6176 1
6475 6176 1
6489 6176 1
6333 6176 1
6486 6176 1
6493 6176 2
6264 6176 1
6304 6176 1
6341 6176 1
6482 6176 1
6495 6176 2
6491 6176 1
6473 6176 1
6487 6176 1
6485 6176 1
6343 6176 1
6504 6176 1
6505 6176 3
6342 6176 1
6502 6176 1
6286 6176 1
6481 6176 1
6386 6176 1
6461 6176 1
6503 6176 2
6335 6176 1
6496 6176 1
6483 6176 1
6177 6176 125
6181 6180 1
6176 6181 4
7096 6182 1
7071 6182 1
7095 6182 1
7118 6182 1
6899 6182 1
6938 6182 1
6887 6182 1
7169 6182 1
7009 6182 1
6731 6182 1
7085 6182 3
7011 6182 1
6910 6182 1
6180 6182 1
6747 6182 1
6775 6182 1
6821 6182 1
6452 6182 1
7045 6182 1
7028 6182 1
6176 6182 51
7106 6182 1
6909 6182 1
6933 6182 1
6906 6182 1
7181 6182 1
7017 6182 1
6968 6182 1
7180 6182 1
7093 6182 1
7171 6182 1
7002 6182 1
6749 6182 1
6548 6182 1
6303 6182 1
7052 6182 1
6774 6182 1
7149 6182 1
6834 6182 1
7162 6182 2
7127 6182 1
7121 6182 1
6870 6182 1
6847 6182 1
7055 6182 1
6697 6182 2
7197 6182 1
6824 6182 1
6176 6183 54
6182 6183 51
7161 6183 1
6865 6183 1
6868 6183 1
7197 6183 1
6906 6183 1
7180 6183 1
7018 6184 1
7197 6184 1
7116 6184 1
6332 6184 1
6865 6184 1
6182 6184 51
6176 6184 56
6459 6184 1
7091 6185 1
7106 6185 1
6775 6185 1
7055 6185 1
7009 6185 1
7093 6185 1
6824 6185 1
7011 6185 1
6303 6185 1
7121 6185 1
7181 6185 1
7018 6185 1
6968 6185 1
6186 6185 44
7043 6185 1
7192 6185 1
6870 6185 1
7017 6185 1
7118 6185 1
6834 6185 1
6548 6185 1
6933 6185 1
6697 6185 2
7130 6185 1
6681 6185 1
6180 6185 1
6669 6185 3
7096 6185 1
7048 6185 5
7127 6185 1
7028 6185 1
7045 6185 1
6910 6185 1
7171 6185 1
6909 6185 1
6899 6185 1
7162 6185 2
7116 6185 1
7052 6185 1
7046 6185 3
6306 6186 1
6488 6186 1
6494 6186 1
6477 6186 1
6495 6186 2
6286 6186 1
6475 6186 1
6297 6186 1
6474 6186 1
6479 6186 1
6484 6186 1
6298 6186 1
6386 6186 1
6503 6186 1
7005 6186 1
6490 6186 1
6176 6186 8
6481 6186 1
6264 6186 1
6486 6186 1
6478 6186 1
6507 6186 1
6335 6186 1
6174 6186 1
6336 6186 1
6487 6186 1
6471 6186 1
6341 6186 1
6482 6186 1
6181 6186 1
6508 6186 1
6483 6186 1
6485 6186 1
6470 6186 1
6304 6186 1
6493 6186 2
6492 6186 1
6461 6186 1
6289 6186 1
6180 6187 1
7106 6187 1
7073 6187 1
6267 6187 42
6188 6187 46
6263 6188 4
6484 6188 1
6478 6188 1
6473 6188 1
6293 6188 1
6181 6188 1
6472 6188 1
6268 6188 42
6474 6188 1
6483 6188 1
6187 6189 46
6903 6189 2
6190 6189 53
7033 6189 1
6748 6189 2
7122 6189 2
6422 6190 1
6945 6190 1
6942 6190 1
6345 6190 1
6304 6190 1
6944 6190 1
6587 6190 1
6941 6190 1
6943 6190 1
6188 6190 52
7122 6191 2
6187 6191 46
6902 6191 1
6192 6191 52
6663 6191 1
7079 6191 1
6948 6191 1
6510 6192 1
6181 6192 1
6484 6192 1
6482 6192 1
6473 6192 1
6304 6192 1
6481 6192 1
6478 6192 1
6472 6192 1
6483 6192 1
6479 6192 1
6518 6192 1
6188 6192 48
6264 6192 1
6664 6192 1
6341 6192 1
6485 6192 1
6342 6192 1
6474 6192 1
6486 6192 1
6477 6192 1
6587 6192 1
6386 6192 1
6422 6192 1
6306 6192 3
7121 6193 1
7149 6193 1
7122 6193 2
7181 6193 1
6192 6193 66
7055 6193 1
6180 6193 1
7071 6193 1
6187 6193 46
6747 6193 1
7052 6193 1
7106 6193 1
7118 6193 1
7028 6193 1
6899 6193 1
6902 6193 1
7127 6193 1
6824 6193 1
6303 6193 1
7045 6193 1
6663 6193 1
6548 6193 1
6775 6193 1
7033 6193 1
7079 6194 1
6948 6194 1
6663 6194 1
6192 6194 55
7121 6194 1
6902 6194 1
6187 6194 46
6305 6194 3
7122 6194 2
6180 6195 1
7181 6195 1
6775 6195 1
6899 6195 1
6663 6195 1
7052 6195 1
6192 6195 10
7121 6195 1
7055 6195 1
6548 6195 1
6824 6195 1
7181 6196 1
7121 6196 1
7048 6196 5
7171 6196 1
6775 6196 1
6887 6196 1
6824 6196 1
7055 6196 1
6548 6196 1
7052 6196 1
6180 6196 1
6899 6196 1
7096 6196 1
7093 6196 1
6186 6196 21
6196 6197 21
6186 6197 21
7048 6198 5
7018 6198 1
6180 6198 1
6296 6198 1
6186 6198 9
7121 6198 1
6200 6199 1
6291 6200 5
6697 6201 2
6161 6201 3
6199 6201 1
6161 6202 6
6387 6202 2
7079 6202 1
6519 6202 1
6199 6202 1
6960 6202 1
6774 6202 1
6199 6203 1
7132 6203 1
6161 6203 6
6948 6203 1
6836 6203 2
6185 6203 1
6205 6204 1
6204 6206 1
6207 6206 1
6174 6207 1
6546 6207 2
6286 6207 1
6461 6207 1
6218 6207 23
6205 6207 1
6671 6207 1
6345 6207 1
6571 6207 2
6463 6207 17
6516 6207 1
6512 6207 1
6347 6207 4
6886 6207 2
6686 6207 12
6190 6207 3
6505 6207 3
6510 6207 1
6312 6207 6
6495 6207 2
6659 6207 2
6513 6207 5
6209 6208 2
6211 6210 4
6968 6210 1
6208 6210 2
6559 6211 1
6507 6211 1
6209 6211 2
6208 6212 2
6990 6212 1
6211 6212 3
6214 6213 1
6216 6214 4
6772 6214 1
6216 6215 11
6213 6215 1
6296 6215 6
7119 6215 1
6973 6215 1
6864 6215 1
6772 6216 1
6799 6216 1
6214 6216 1
6247 6216 1
6297 6216 6
6213 6217 1
6688 6217 1
6451 6217 1
7093 6217 1
6975 6217 2
6328 6217 1
6829 6217 1
6218 6217 27
6215 6217 11
6273 6217 4
6809 6217 1
6650 6217 7
6229 6217 6
7061 6217 1
6495 6218 3
6230 6218 12
6799 6218 1
6507 6218 1
6341 6218 1
6478 6218 1
6329 6218 1
6216 6218 12
6383 6218 16
6336 6218 1
6461 6218 1
6898 6218 2
6214 6218 1
6247 6218 1
6161 6218 2
6277 6218 1
6671 6218 1
6986 6219 1
6215 6219 11
6220 6219 17
7064 6219 2
6440 6219 1
6688 6219 1
6185 6219 1
6738 6220 3
6504 6220 2
6186 6220 2
6798 6220 2
6441 6220 1
6218 6220 12
6340 6220 4
6516 6220 1
6383 6220 1
6856 6220 1
6216 6220 12
6677 6220 1
6174 6220 1
6161 6220 1
6454 6220 3
6487 6220 1
6510 6220 1
6500 6220 1
6296 6221 6
6213 6221 1
7119 6221 1
6973 6221 1
6216 6221 11
6864 6221 1
6231 6222 8
6760 6222 2
6221 6222 11
6220 6222 17
6218 6223 15
6229 6223 6
6328 6223 1
6885 6223 1
6221 6223 11
6221 6224 11
6973 6224 1
7119 6224 1
6213 6224 1
6161 6224 12
6975 6224 2
6216 6225 5
6864 6225 1
6973 6225 1
6213 6225 1
7119 6225 1
6975 6226 2
6468 6226 2
6897 6226 3
7085 6226 3
6213 6226 1
6225 6226 5
6160 6226 18
6864 6226 1
6242 6226 5
7119 6226 1
6238 6226 3
6330 6226 7
6328 6226 1
6246 6226 3
6296 6226 1
6973 6226 1
6910 6227 1
6161 6227 7
6225 6227 5
6228 6227 5
6864 6228 1
6213 6228 1
6973 6228 1
6216 6228 5
7119 6228 1
6230 6229 6
6228 6229 5
6216 6230 5
6341 6230 1
6247 6230 1
6898 6230 2
6507 6230 1
6478 6230 1
6218 6231 8
6229 6231 6
6428 6231 1
6220 6232 12
7192 6232 1
6760 6232 2
6688 6232 1
6231 6232 8
6766 6233 1
6810 6233 1
7019 6233 1
7115 6233 1
6987 6233 1
6725 6233 1
6860 6233 1
7024 6233 1
7030 6233 1
7192 6233 1
7129 6233 1
6802 6233 1
7011 6233 1
6462 6233 1
7193 6233 1
6984 6233 2
6697 6233 2
7137 6233 1
6861 6233 1
6231 6233 8
6817 6233 1
7146 6233 1
6854 6233 1
7078 6233 1
7147 6233 1
6694 6233 1
7195 6233 1
7081 6233 1
6985 6233 1
6207 6233 38
7195 6234 1
7081 6234 1
6207 6234 35
6237 6234 1
6231 6234 8
6653 6234 5
6743 6234 6
7115 6234 1
6726 6234 1
6564 6234 16
6236 6235 35
6234 6235 35
6207 6236 35
7079 6237 1
7191 6237 1
7195 6237 1
6817 6237 1
6207 6237 43
7085 6237 3
7081 6237 1
6231 6237 8
6564 6237 16
6743 6237 6
6984 6237 2
7146 6237 1
7115 6237 1
6346 6237 1
6213 6238 1
7119 6238 1
6214 6238 3
6213 6239 1
6160 6239 1
6161 6240 5
6519 6240 1
6777 6240 1
6536 6240 4
6213 6240 1
6973 6241 1
6328 6241 1
7119 6241 1
6864 6241 1
6160 6241 5
6213 6241 1
7119 6242 1
6864 6242 1
6973 6242 1
6216 6242 5
6213 6242 1
6904 6243 1
6218 6243 6
6973 6243 1
6864 6243 1
6328 6243 1
6975 6243 2
6213 6243 1
6973 6244 1
6161 6244 3
6975 6244 2
6213 6244 1
6975 6245 2
6246 6245 3
6973 6245 1
6864 6245 1
6160 6245 10
7119 6245 1
6328 6245 1
6296 6245 1
6213 6245 1
6897 6245 3
6973 6246 1
6213 6246 1
6247 6246 3
6214 6247 1
6216 6247 4
6246 6248 3
6305 6248 3
6249 6248 10
6669 6248 3
6176 6249 3
6247 6249 3
6306 6249 3
6248 6250 10
6249 6250 10
6248 6251 10
6249 6251 11
6252 6251 1
6249 6252 11
6248 6252 10
6777 6253 1
6303 6253 1
6246 6253 3
6973 6253 1
6897 6253 3
6161 6253 12
6536 6253 4
6519 6253 1
6305 6253 3
6246 6254 3
6249 6254 3
6246 6255 3
6249 6255 3
6961 6256 1
6680 6256 4
6679 6256 1
6703 6256 3
6161 6256 18
6440 6256 1
6897 6256 3
6697 6256 2
6724 6256 1
7090 6256 1
6973 6256 1
6681 6256 1
6246 6256 3
7114 6256 1
6868 6256 1
6160 6257 12
6296 6257 1
6328 6257 1
6973 6257 1
6468 6257 2
6330 6257 7
6213 6257 1
7119 6257 1
6864 6257 1
7085 6258 3
6257 6258 12
6836 6258 2
7031 6258 1
6160 6258 21
6548 6258 1
6747 6258 1
7071 6258 1
6260 6259 1
6262 6260 4
6435 6260 1
6262 6261 60
6859 6261 1
7077 6261 1
7145 6261 1
6568 6261 1
6854 6261 1
6754 6261 1
6860 6261 1
6766 6261 1
6763 6261 1
6725 6261 1
6399 6261 1
6905 6261 1
7139 6261 1
7004 6261 1
6853 6261 1
7198 6261 1
7030 6261 1
6987 6261 1
6438 6261 1
6787 6261 1
6818 6261 1
6985 6261 1
6932 6261 1
7147 6261 1
7083 6261 1
7078 6261 1
6845 6261 1
6949 6261 1
6462 6261 1
6447 6261 1
7166 6261 1
7185 6261 1
6969 6261 1
6259 6261 1
6655 6261 1
6694 6261 1
7182 6261 1
7174 6261 1
6739 6261 1
7112 6261 1
6835 6261 1
7193 6261 1
6827 6261 1
7050 6261 1
6983 6261 1
6376 6261 1
6908 6261 1
6861 6261 1
6786 6261 1
7129 6261 1
6574 6261 1
7202 6261 1
7109 6261 1
7151 6261 1
6923 6261 1
7137 6261 1
6573 6261 1
6823 6261 1
6359 6261 1
7027 6261 1
6439 6262 3
6260 6262 12
6377 6262 2
6401 6262 3
6364 6262 35
6363 6262 35
6740 6262 1
6448 6262 2
6345 6262 35
6365 6262 35
6434 6262 7
6585 6262 4
6843 6262 7
6381 6262 2
6656 6262 4
6360 6262 4
6463 6262 16
6176 6264 4
6266 6265 1
6268 6266 5
7168 6267 1
6998 6267 1
6862 6267 1
6696 6267 1
6971 6267 1
6866 6267 1
6561 6267 1
7098 6267 1
7087 6267 1
7051 6267 1
7138 6267 1
6794 6267 1
7140 6267 1
7175 6267 1
6673 6267 1
7025 6267 1
7070 6267 1
6842 6267 1
6569 6267 1
7126 6267 1
6892 6267 1
6819 6267 1
6815 6267 1
6268 6267 42
6855 6267 1
6952 6267 1
6265 6267 1
7021 6267 1
7027 6267 1
7107 6267 1
7143 6267 1
6376 6267 1
6937 6267 1
6857 6267 1
6947 6267 1
6419 6267 1
6955 6267 1
6547 6267 1
6391 6267 1
6801 6267 1
6281 6267 1
6972 6267 1
6334 6268 1
6448 6268 2
6740 6268 1
6879 6268 1
6439 6268 1
6875 6268 2
6361 6268 2
6585 6268 1
6292 6268 1
6266 6268 11
6360 6268 1
6675 6268 1
6816 6268 1
6377 6268 5
6858 6268 2
6562 6268 1
6843 6268 8
6863 6268 1
6874 6268 1
6366 6268 28
6295 6268 28
6368 6268 28
6367 6268 28
6262 6268 58
7055 6269 1
6267 6269 42
6270 6269 44
6824 6269 1
6471 6270 1
6264 6270 1
6490 6270 1
6488 6270 1
6477 6270 1
6268 6270 42
6446 6270 2
6481 6270 1
6482 6270 1
6475 6270 1
6494 6270 1
6479 6270 1
6342 6270 1
6506 6270 1
6289 6270 1
6489 6270 1
6846 6270 2
6461 6270 1
6664 6270 2
7181 6271 1
6270 6271 44
6267 6271 42
7118 6271 1
6270 6272 43
7017 6272 1
6267 6272 42
7121 6273 1
7028 6273 1
6968 6273 1
6218 6273 4
6697 6274 2
6275 6274 20
6906 6274 1
6741 6274 2
7132 6274 1
6736 6274 2
7035 6274 1
7091 6274 1
6910 6274 1
6682 6274 3
6976 6274 1
6273 6274 4
6590 6274 1
6684 6274 2
6977 6275 1
6546 6275 5
6161 6275 1
6508 6275 1
6471 6275 1
6501 6275 1
6308 6275 2
6290 6275 1
6218 6275 4
6495 6275 2
6277 6276 4
6273 6276 4
6501 6277 1
6161 6277 1
6290 6277 1
6308 6277 2
6977 6277 1
6275 6277 2
6546 6277 5
6218 6277 4
6495 6277 2
6169 6277 2
6508 6277 1
6471 6277 1
6300 6277 1
6856 6277 1
6822 6277 2
6345 6277 5
6220 6278 4
6273 6278 4
6176 6279 4
6266 6281 1
6498 6282 1
6497 6282 1
6284 6283 4
6286 6285 1
6345 6286 1
6338 6286 1
6176 6286 4
6519 6287 1
6650 6287 6
6346 6287 1
6161 6287 25
6697 6287 2
6378 6287 1
7183 6287 1
6285 6287 1
7113 6287 1
6796 6287 1
6927 6287 1
7144 6287 1
7191 6287 1
7099 6287 1
6305 6287 3
6681 6287 1
6777 6287 1
6374 6287 1
6285 6288 1
6286 6288 1
6176 6289 4
6291 6290 5
6388 6291 2
6178 6291 24
6268 6292 5
6294 6293 4
6295 6294 3
6297 6296 6
7018 6296 1
7071 6296 1
6747 6296 1
6548 6296 1
6216 6297 4
6474 6297 1
6472 6297 1
6473 6297 1
6470 6297 1
6344 6298 3
6176 6298 6
6277 6298 3
6300 6299 1
6970 6300 1
6299 6301 1
6277 6301 2
6590 6301 1
6299 6302 1
6277 6302 2
6590 6302 1
6304 6303 1
6306 6304 6
6306 6305 3
7009 6305 1
6303 6305 1
6322 6306 7
6345 6306 2
6304 6306 1
7192 6307 1
6308 6307 8
6777 6307 1
6305 6307 3
6731 6307 1
6590 6307 1
6519 6307 1
6306 6308 3
6496 6308 1
6498 6308 1
6275 6308 1
6174 6308 1
6497 6308 1
6305 6309 3
7082 6309 1
6320 6309 1
6310 6309 5
6306 6310 4
6789 6310 5
6304 6310 1
6178 6310 12
6770 6311 1
6305 6311 3
6820 6311 1
6312 6311 7
6723 6311 2
6336 6312 2
6509 6312 2
6347 6312 2
6306 6312 3
6968 6313 1
6723 6313 2
6909 6313 1
6770 6313 1
6774 6313 1
6316 6313 7
6870 6313 1
6777 6313 1
6305 6313 3
6161 6313 16
6961 6313 1
6820 6313 1
6305 6314 3
6312 6314 6
6723 6314 2
6550 6315 3
6207 6315 11
7011 6315 1
6314 6315 6
6305 6316 3
7189 6316 1
7063 6316 1
6785 6316 1
6312 6316 7
6895 6317 5
6868 6317 1
6316 6317 7
6548 6317 1
6961 6317 1
7042 6317 1
6975 6317 2
6161 6317 20
7119 6317 1
6303 6317 1
7167 6317 1
6697 6317 2
6894 6317 1
6973 6317 1
7199 6318 1
7032 6318 1
6305 6318 3
6310 6318 7
6871 6318 3
6320 6318 1
6948 6319 1
6305 6319 3
6161 6319 5
6303 6319 1
7079 6319 1
6788 6320 1
6310 6320 5
6305 6320 3
6322 6321 3
6305 6321 3
6176 6322 8
6306 6322 3
6759 6323 1
6967 6323 1
7192 6323 1
6739 6323 1
6303 6323 1
6324 6323 10
6808 6323 1
7096 6323 1
6590 6323 1
6800 6323 1
7084 6323 1
6304 6324 1
6587 6324 1
6422 6324 1
6262 6324 1
6188 6324 1
6740 6324 1
6294 6324 1
6507 6324 1
6487 6324 1
6846 6324 1
6275 6324 1
6664 6324 1
6174 6324 1
7096 6325 1
7192 6325 1
6759 6325 1
7084 6325 1
6808 6325 1
6303 6325 1
6800 6325 1
6739 6325 1
6324 6325 10
6590 6325 1
6967 6325 1
6190 6326 4
6303 6326 1
6902 6326 1
6748 6326 2
6820 6327 1
6961 6327 1
6161 6327 18
6868 6327 1
7079 6327 1
7040 6327 1
6697 6327 2
7167 6327 1
6909 6327 1
6303 6327 1
6894 6327 1
6895 6327 5
6770 6327 1
7011 6327 1
7042 6327 1
6723 6327 2
6329 6328 1
6897 6330 3
6328 6330 1
6160 6330 7
6973 6330 1
6468 6330 2
6330 6331 7
6901 6331 1
6160 6331 8
6333 6332 1
6176 6333 4
6268 6334 5
6345 6335 1
6176 6335 4
6345 6336 1
6310 6336 5
6338 6337 1
6337 6339 1
7011 6339 1
6286 6339 2
6487 6340 1
6461 6340 1
6176 6341 4
6176 6342 6
6342 6343 5
6648 6344 1
6347 6346 1
6310 6347 5
6345 6347 1
7195 6348 1
7040 6348 1
6207 6348 9
7088 6348 1
7101 6348 1
6346 6348 1
6796 6348 1
6695 6348 1
6358 6348 3
6350 6349 3
6352 6351 1
6351 6353 1
6354 6353 2
6657 6353 1
6352 6354 1
6658 6354 1
6356 6355 1
6178 6356 6
6355 6357 1
6356 6357 1
6207 6358 3
6695 6358 1
7099 6358 1
6360 6359 1
6268 6360 5
6362 6361 6
6369 6361 1
6858 6362 2
6361 6362 3
6268 6362 11
6377 6362 5
6371 6370 5
6178 6371 8
6373 6372 5
6284 6373 6
6347 6374 1
6262 6375 4
6377 6376 1
6369 6377 1
6362 6377 6
6379 6378 1
6291 6379 5
6822 6380 1
6404 6380 6
6275 6380 2
6654 6381 1
6262 6381 4
6383 6382 1
6365 6383 1
6458 6384 1
6382 6384 1
7101 6384 1
6218 6384 5
7094 6384 1
6384 6385 5
6218 6385 6
6681 6385 1
6176 6386 4
6519 6387 1
6388 6387 2
6176 6388 8
6511 6388 1
6497 6388 1
6498 6388 1
6387 6389 2
6291 6389 3
6176 6390 4
6361 6391 1
6801 6392 1
6391 6392 1
6362 6392 6
6569 6392 1
7027 6392 1
7021 6392 1
6794 6392 1
6391 6393 1
6569 6393 1
6362 6393 2
6395 6394 1
6370 6395 1
7124 6396 1
6395 6396 4
6394 6396 1
6922 6396 1
6396 6397 4
6814 6397 1
6395 6397 5
6360 6399 1
6175 6400 6
6268 6401 5
6590 6402 1
6275 6402 2
6812 6403 5
6813 6403 5
6404 6403 8
6402 6403 2
6413 6404 3
6275 6404 2
6822 6404 2
6402 6405 2
6277 6405 2
6402 6406 2
6277 6406 3
6277 6407 3
6406 6407 3
7056 6408 1
6590 6408 1
6402 6408 2
6603 6408 2
6380 6408 6
6417 6408 5
6402 6409 2
6410 6409 3
6411 6409 3
6590 6409 1
6755 6410 3
6275 6410 2
6402 6411 2
6410 6411 3
6402 6412 2
6413 6412 3
7119 6412 1
6275 6413 2
6772 6413 1
6413 6414 3
6402 6414 2
7119 6414 1
6413 6415 3
6402 6415 2
6404 6416 3
6402 6416 2
6415 6416 3
6590 6417 1
7057 6417 2
6404 6417 5
6402 6417 2
6402 6418 2
6590 6418 1
7057 6418 2
6404 6418 4
6292 6419 1
7140 6420 1
6815 6420 1
6268 6420 8
7087 6420 1
6855 6420 1
6419 6420 1
7051 6420 1
6955 6420 1
7138 6420 1
6422 6421 1
7054 6422 1
6977 6422 1
6270 6422 4
6546 6422 2
6446 6422 1
6421 6423 1
6169 6423 5
6834 6423 1
7197 6423 1
6749 6423 1
6425 6424 6
6423 6424 5
6976 6424 1
6169 6425 5
6546 6425 3
6977 6425 1
7149 6426 1
6824 6426 1
7052 6426 1
6169 6426 11
7181 6426 1
7055 6426 1
6834 6426 1
7118 6426 1
7197 6426 1
6749 6426 1
7091 6426 1
6421 6426 1
6169 6427 3
7197 6427 1
6421 6427 1
6383 6428 1
6428 6429 1
6220 6429 1
6428 6430 1
6220 6430 1
6428 6431 1
6220 6431 2
7167 6431 1
7167 6432 1
6428 6432 1
6220 6432 2
7096 6433 1
6220 6433 2
6185 6433 1
6262 6434 4
6435 6434 1
6207 6436 5
6550 6436 3
6753 6436 1
6315 6437 1
6436 6437 5
6207 6437 6
6550 6437 3
6439 6438 1
6268 6439 5
6441 6440 1
6298 6441 1
6868 6442 1
6161 6442 11
6973 6442 1
6697 6442 2
7090 6442 1
6700 6442 3
6440 6442 1
6703 6442 3
7114 6442 1
6897 6442 3
6760 6443 2
6868 6443 1
6440 6443 1
6220 6443 6
6986 6443 1
7079 6443 1
6986 6444 1
6440 6444 1
7064 6444 2
6220 6444 7
6688 6444 1
6760 6444 2
6310 6445 5
6345 6445 1
6294 6446 4
6448 6447 1
6654 6448 1
6268 6448 5
6986 6449 1
6277 6449 2
6449 6450 2
6277 6450 2
6161 6451 1
6279 6452 1
6452 6453 1
6454 6453 1
6279 6454 1
6454 6455 2
6452 6455 1
6455 6456 2
6452 6456 1
6454 6456 3
6760 6457 2
6456 6457 3
6688 6457 1
6220 6457 11
7192 6457 1
6930 6457 1
6767 6457 3
6383 6458 1
6176 6459 1
6461 6460 5
6176 6461 6
6463 6462 1
6262 6463 4
6654 6463 1
6465 6464 1
6464 6466 1
6467 6466 3
7007 6466 1
7148 6466 1
6465 6467 3
6185 6468 1
6186 6468 2
6161 6469 2
6468 6469 2
6177 6470 3
6176 6471 4
6176 6472 4
6176 6473 4
6176 6474 4
6176 6475 6
6475 6476 5
6176 6477 4
6176 6478 4
6176 6479 6
6479 6480 5
6176 6481 4
6176 6482 4
6176 6483 4
6176 6484 4
6176 6485 4
6176 6486 4
6176 6487 4
6176 6488 4
6176 6489 4
6176 6490 4
6176 6491 4
6275 6492 1
6176 6492 4
6176 6493 4
6677 6493 3
6176 6494 4
6176 6495 4
6345 6496 1
6176 6496 4
6388 6497 5
6345 6497 1
6388 6498 5
6345 6498 1
6345 6499 1
6176 6499 4
6344 6500 1
6277 6500 1
6176 6500 4
6176 6501 4
6176 6502 4
6275 6503 1
6176 6503 4
6176 6504 4
7005 6505 1
6176 6505 4
6503 6505 1
6176 6506 4
6176 6507 4
6175 6508 6
6310 6509 5
6345 6509 1
6356 6510 5
6371 6511 5
6345 6512 1
6291 6512 5
6546 6513 2
6345 6513 1
6291 6513 5
6291 6514 5
6291 6515 5
6345 6516 1
6291 6516 5
6291 6517 5
6291 6518 5
6498 6519 1
6519 6520 1
6282 6520 2
6777 6520 1
6541 6521 3
6777 6521 1
6519 6521 1
6282 6521 4
6790 6522 4
6523 6522 8
6521 6522 4
6789 6523 4
6282 6523 4
7132 6524 1
6161 6524 5
7199 6524 1
7011 6524 1
6777 6524 1
6519 6524 1
6777 6525 1
6161 6525 4
7184 6525 1
7132 6525 1
6519 6525 1
6161 6526 2
6777 6526 1
6519 6526 1
7040 6527 1
6777 6527 1
6948 6527 1
6161 6527 6
7184 6527 1
7011 6527 1
6519 6527 1
6777 6528 1
6519 6528 1
6161 6528 2
7011 6529 1
6777 6529 1
6161 6529 4
7132 6529 1
6519 6529 1
6519 6530 1
6161 6530 3
7011 6530 1
6777 6530 1
6161 6531 3
6777 6531 1
7132 6531 1
6519 6531 1
6519 6532 1
6777 6532 1
6161 6532 2
6161 6533 2
6777 6533 1
6519 6533 1
6519 6534 1
6161 6534 3
6961 6534 1
6777 6534 1
6519 6535 1
7132 6535 1
6777 6535 1
7040 6535 1
6161 6535 4
6388 6536 4
6519 6536 1
6777 6536 1
7184 6536 1
6538 6537 10
7055 6537 1
6669 6537 3
6824 6537 1
6536 6537 4
6388 6538 4
6176 6538 3
6497 6538 1
6264 6538 1
6482 6538 1
6537 6539 10
6538 6539 10
6519 6540 1
6282 6540 1
6519 6541 1
6777 6541 1
6282 6541 3
6282 6542 3
6519 6542 1
6541 6542 3
6519 6543 1
6541 6543 3
6282 6543 3
6541 6544 3
6519 6544 1
6282 6544 3
7192 6545 1
6308 6545 3
6519 6545 1
6777 6545 1
6345 6546 1
6646 6546 1
6336 6546 1
6266 6547 1
6474 6548 1
6188 6549 2
6548 6549 1
6190 6550 3
6549 6550 2
6207 6551 6
6550 6551 3
6753 6551 1
7011 6551 1
6551 6552 6
6553 6552 8
6207 6553 6
6552 6554 8
6553 6554 8
6703 6555 3
7121 6555 1
6548 6555 1
6161 6555 5
6161 6556 1
6548 6556 1
6492 6557 2
6590 6557 1
6950 6558 1
6559 6558 4
6557 6558 2
6492 6559 2
6946 6559 1
6661 6559 1
6559 6560 4
6558 6560 4
6562 6561 1
6268 6562 5
6365 6563 1
6660 6564 5
6653 6564 5
6650 6564 6
6218 6564 16
6350 6565 3
6377 6566 1
6362 6567 3
7111 6567 1
7066 6567 1
6566 6567 1
6434 6568 1
6361 6569 1
6572 6571 4
6471 6571 1
6495 6572 2
6571 6572 3
6471 6572 1
6659 6572 3
6463 6573 1
6585 6574 1
6161 6575 1
6160 6575 1
6268 6585 5
6268 6586 5
6588 6587 4
6486 6588 1
6350 6589 3
6275 6590 1
6592 6591 1
6590 6591 1
6275 6592 1
6277 6593 1
6590 6593 1
6590 6594 1
6592 6594 1
6590 6595 1
6592 6595 1
6277 6596 3
6590 6596 1
7057 6596 2
6590 6597 1
6277 6597 1
6590 6598 1
6277 6598 1
6881 6599 1
6324 6599 3
6590 6599 1
6872 6599 1
6324 6600 2
6590 6600 1
6590 6601 1
6600 6601 2
6324 6601 2
6324 6602 2
6590 6602 1
6968 6602 1
6590 6603 1
6404 6603 2
6590 6604 1
6308 6604 1
6590 6605 1
6277 6605 1
6607 6606 2
6590 6606 1
6275 6607 1
6642 6608 2
6606 6608 2
6590 6608 1
6607 6608 3
6590 6609 1
6592 6609 1
6277 6610 1
6590 6610 1
6277 6611 1
6590 6611 1
6590 6612 1
6277 6612 1
6590 6613 1
6277 6613 1
6277 6614 1
6590 6614 1
6277 6615 1
6590 6615 1
6590 6616 1
6277 6616 1
6590 6617 1
6277 6617 1
6277 6618 1
6590 6618 1
6277 6619 1
6590 6619 1
6590 6620 1
6277 6620 1
6590 6621 1
6277 6621 1
6277 6622 1
6590 6622 1
6169 6623 2
6590 6623 1
6590 6624 1
6623 6624 2
6277 6624 2
7091 6625 1
6590 6625 1
6623 6625 2
6277 6625 3
6741 6626 2
6682 6626 3
6590 6626 1
6277 6626 6
6684 6626 2
6682 6627 3
6590 6627 1
6277 6627 4
6277 6628 1
6590 6628 1
6590 6629 1
6277 6629 1
6590 6630 1
6277 6630 1
6590 6631 1
6277 6631 1
6277 6632 1
6590 6632 1
6634 6633 1
6590 6633 1
6275 6634 1
6590 6635 1
6503 6635 1
6590 6636 1
6492 6636 1
6590 6637 1
6277 6637 1
6590 6638 1
6277 6638 2
6277 6639 2
6638 6639 2
6277 6640 1
6590 6640 1
6277 6641 1
6590 6641 1
6590 6642 1
6607 6642 2
6590 6643 1
6308 6643 1
6169 6644 5
7118 6644 1
7091 6644 1
7149 6644 1
7181 6644 1
6825 6645 5
7152 6645 1
6644 6645 5
6171 6645 11
7103 6645 1
6345 6646 1
6647 6646 3
6298 6648 1
6649 6648 1
6973 6650 1
6230 6650 7
7028 6650 1
6968 6650 1
7121 6650 1
6975 6650 2
6383 6652 1
6218 6653 5
6882 6653 1
7101 6653 1
6652 6653 1
7001 6653 1
6656 6655 1
6435 6656 1
6262 6656 4
6658 6657 1
6891 6658 3
6890 6658 1
6996 6658 2
6572 6659 4
6471 6659 1
7125 6660 1
6218 6660 5
6873 6660 1
7101 6660 1
7020 6660 1
6662 6661 3
6664 6663 1
6746 6664 4
6663 6665 1
6664 6665 2
6270 6666 2
6665 6666 2
6664 6667 1
6663 6667 1
6663 6668 1
6192 6668 3
7079 6668 1
7028 6668 1
6176 6669 3
7181 6669 1
7118 6669 1
6897 6670 3
6669 6670 3
6671 6670 7
6898 6671 3
6176 6671 3
6670 6672 7
6671 6672 7
6448 6673 1
7168 6674 1
7105 6674 1
6678 6674 1
7076 6674 1
6673 6674 1
6268 6674 7
6739 6674 1
6947 6674 1
6268 6675 5
6268 6676 5
6295 6676 1
6365 6677 1
6268 6678 1
6161 6679 2
6161 6680 4
6679 6680 1
6697 6680 2
6336 6681 1
6546 6682 3
6681 6682 1
7176 6682 1
6976 6683 1
6425 6683 4
6682 6683 3
6681 6684 1
6546 6684 2
7152 6685 1
6684 6685 2
6741 6685 2
7008 6685 3
6171 6685 8
6365 6686 1
6161 6688 1
6350 6689 3
6350 6690 3
6350 6691 3
6350 6692 3
6350 6693 3
6463 6694 1
6686 6695 1
6266 6696 1
6495 6697 2
6697 6698 2
7132 6698 1
6277 6698 3
6697 6699 2
6161 6699 2
6161 6700 3
6697 6700 2
7164 6701 1
6161 6701 4
6697 6701 2
6702 6701 3
6161 6702 3
6697 6702 2
6697 6703 2
6161 6703 3
6749 6704 1
6161 6704 4
6703 6704 3
6973 6705 1
6703 6705 3
6161 6705 4
6703 6706 3
6161 6706 3
6697 6706 2
6697 6707 2
6161 6707 2
6697 6708 2
6161 6708 2
6697 6709 2
6161 6709 2
6697 6710 2
6161 6710 2
6161 6711 2
6697 6711 2
6161 6712 2
6697 6712 2
6572 6713 2
6697 6713 2
6697 6714 2
6161 6714 2
6697 6715 2
6161 6715 2
6161 6716 2
6697 6716 2
6161 6717 2
6697 6717 2
6218 6718 2
6697 6718 2
6161 6719 2
6697 6719 2
6697 6720 2
6161 6720 2
6722 6721 1
6210 6721 1
6211 6722 1
6509 6723 2
7063 6723 1
6441 6724 1
6463 6725 1
6686 6726 1
6728 6727 1
7110 6728 1
6852 6729 1
7034 6729 1
6771 6729 1
6730 6729 7
6727 6729 1
7163 6729 1
6909 6729 1
7196 6729 1
6298 6730 1
6728 6730 6
6496 6731 1
6733 6732 2
6731 6732 1
6496 6733 1
6732 6734 2
6733 6734 2
6732 6735 2
6733 6735 2
6308 6736 2
6731 6736 1
6277 6737 2
6736 6737 2
6740 6739 1
6268 6740 5
6546 6741 2
7176 6741 1
6422 6742 2
6741 6742 2
6207 6743 6
6931 6743 2
7093 6743 1
6741 6743 2
6513 6744 4
6961 6744 1
6741 6744 2
6918 6745 2
7040 6745 1
6744 6745 4
6207 6745 8
6915 6745 2
6341 6746 1
6485 6746 1
6343 6746 1
6386 6746 1
6473 6747 1
6188 6748 2
6747 6748 1
6506 6749 1
7017 6750 1
6824 6750 1
6933 6750 1
6847 6750 1
7093 6750 1
7118 6750 1
7052 6750 1
7127 6750 1
7197 6750 1
6749 6750 1
7002 6750 1
6910 6750 1
6176 6750 20
6899 6750 1
7055 6750 1
7171 6750 1
6834 6750 1
6887 6750 1
7149 6750 1
7181 6750 1
7028 6750 1
6270 6751 1
6749 6751 1
6270 6752 2
6834 6752 1
6749 6752 1
6686 6753 1
6260 6754 1
6571 6757 1
6572 6758 2
6757 6758 1
7080 6758 1
6664 6759 1
6865 6760 1
6504 6760 2
6760 6761 2
6161 6761 2
6760 6762 2
6220 6762 3
7191 6762 1
6585 6763 1
6764 6765 3
6463 6766 1
7096 6767 1
6340 6767 3
7093 6767 1
6740 6768 1
7059 6769 1
6740 6769 4
7194 6769 1
7108 6769 1
6768 6769 1
6336 6770 1
6728 6771 1
6216 6772 4
6160 6773 1
6499 6774 1
6483 6775 1
6188 6776 1
6775 6776 1
6497 6777 1
6777 6778 1
6161 6778 1
6161 6779 1
6777 6779 1
6161 6780 1
6777 6780 1
6777 6781 1
6161 6781 1
6777 6782 1
6538 6782 1
6777 6783 1
6538 6783 1
7192 6784 1
7184 6784 1
6777 6784 1
6948 6784 1
6161 6784 5
7011 6784 1
6336 6785 1
6360 6786 1
6260 6787 1
6789 6788 1
6306 6789 1
6304 6789 1
7199 6790 1
6788 6790 1
6789 6790 4
7032 6790 1
7082 6791 1
6871 6791 3
7032 6791 1
6788 6791 1
6789 6791 5
6789 6792 1
6788 6792 1
6788 6793 1
6789 6793 1
6377 6794 1
6971 6795 1
7066 6795 1
6794 6795 1
6362 6795 3
6347 6796 1
6207 6797 2
6796 6797 1
7195 6797 1
6365 6798 1
6216 6799 4
6188 6800 1
6377 6801 1
6463 6802 1
6383 6803 1
6218 6804 4
7186 6804 1
7101 6804 1
6803 6804 1
7075 6804 1
6165 6805 1
6773 6806 1
6245 6807 1
6806 6807 1
6773 6807 2
6587 6808 1
6495 6809 1
6686 6810 1
7057 6811 2
6404 6811 4
6404 6812 5
7057 6812 2
6811 6812 4
6404 6813 5
6811 6813 4
7057 6813 2
6370 6814 1
6816 6815 1
6268 6816 5
6686 6817 1
6656 6818 1
6266 6819 1
6347 6820 1
6388 6821 1
6260 6823 1
6482 6824 1
7091 6825 1
6824 6825 1
6169 6825 5
7052 6825 1
7055 6825 1
7190 6826 1
7152 6826 1
6976 6826 1
6825 6826 5
6171 6826 8
6260 6827 1
7107 6828 1
6983 6828 1
7182 6828 1
6827 6828 1
6998 6828 1
6842 6828 1
6937 6828 1
7070 6828 1
6262 6828 10
7098 6828 1
7025 6828 1
6277 6829 1
6422 6830 1
6422 6831 1
6830 6831 1
6494 6834 1
6401 6835 1
7018 6836 1
6186 6836 2
6836 6837 2
7096 6837 1
6161 6837 4
6185 6837 1
6185 6838 1
6161 6838 3
6836 6838 2
7096 6839 1
6161 6839 3
6961 6839 1
6839 6840 3
6161 6840 3
6161 6841 4
7040 6841 1
6839 6841 3
6843 6842 1
6268 6843 5
6434 6845 1
6489 6847 1
6270 6848 1
6847 6848 1
6422 6849 1
6849 6850 1
6422 6850 1
6728 6852 1
6448 6853 1
6463 6854 1
6585 6855 1
6858 6857 1
6362 6858 6
6439 6859 1
6463 6860 1
6463 6861 1
6863 6862 1
6268 6863 5
6799 6864 1
6504 6865 1
6266 6866 1
6500 6868 1
6365 6869 1
6335 6870 1
7032 6871 1
6789 6871 3
7199 6871 1
6846 6872 1
6383 6873 1
6268 6874 5
6268 6875 5
6268 6876 5
6268 6877 5
6268 6878 5
6268 6879 5
6997 6880 1
6268 6880 5
6294 6881 1
6383 6882 1
6846 6883 1
6270 6884 7
6883 6884 1
7093 6884 1
7171 6884 1
7204 6884 1
7187 6884 1
6988 6884 1
6910 6884 1
6383 6885 1
6513 6886 1
6646 6886 2
6289 6887 1
6887 6888 1
6270 6888 1
6270 6889 1
6887 6889 1
6874 6892 1
6677 6894 1
6493 6895 5
6894 6895 1
7042 6895 1
7167 6895 1
7197 6895 1
6898 6897 3
6975 6897 2
6973 6897 1
6247 6898 1
6485 6899 1
6899 6900 1
6746 6900 1
6160 6901 1
6587 6902 1
6190 6903 2
6902 6903 1
6383 6904 1
6434 6905 1
6501 6906 1
6277 6907 1
6906 6907 1
6439 6908 1
6298 6909 1
6471 6910 1
6910 6911 1
6572 6911 1
6910 6912 1
6572 6912 1
6910 6913 1
6571 6913 1
6571 6914 1
6910 6914 1
6910 6915 1
6571 6915 2
6915 6916 2
6572 6916 3
6918 6916 2
6910 6917 1
6277 6917 1
6659 6918 2
6910 6918 1
6161 6919 1
6910 6919 1
6722 6920 1
6722 6921 1
6920 6921 1
6395 6922 1
6381 6923 1
6185 6924 1
6925 6924 1
6186 6925 1
6297 6926 1
6192 6926 4
6445 6927 1
6401 6928 1
6401 6929 2
7123 6929 1
6928 6929 1
6340 6930 1
6961 6931 1
6886 6931 2
6434 6932 1
6488 6933 1
6933 6934 1
6270 6934 1
6205 6935 1
6935 6936 1
6205 6936 1
6843 6937 1
6500 6938 1
6646 6939 1
6939 6940 1
6886 6940 2
7205 6940 1
6448 6947 1
6518 6948 1
6434 6949 1
6661 6950 1
6559 6951 1
6950 6951 1
6266 6952 1
6334 6955 1
6296 6957 1
6926 6957 1
7018 6958 1
6296 6958 1
6186 6958 2
6514 6960 1
6513 6961 1
7191 6962 1
7132 6962 1
6161 6962 3
6961 6962 1
7011 6963 1
6161 6963 3
7184 6963 1
6961 6963 1
6161 6964 2
6961 6964 1
7184 6964 1
6513 6965 2
6961 6965 1
6965 6966 2
7040 6966 1
6207 6966 3
6262 6967 1
6507 6968 1
6656 6969 1
6858 6971 1
6266 6972 1
6247 6973 1
6161 6974 2
7132 6974 1
6973 6974 1
6898 6975 2
6973 6975 1
6977 6976 1
6976 6978 1
6277 6978 1
6277 6979 1
6976 6979 1
6277 6980 1
6976 6980 1
6277 6981 1
6976 6981 1
6277 6982 1
6976 6982 1
6260 6983 1
6686 6984 2
6463 6985 1
6856 6986 1
6463 6987 1
6846 6988 1
6365 6989 1
6559 6990 1
6990 6991 1
6992 6991 1
6559 6992 1
6992 6993 1
6990 6993 1
6995 6994 3
6843 6998 1
6163 6999 1
6999 7000 1
6163 7000 1
6383 7001 1
6343 7002 1
6746 7003 1
7002 7003 1
6260 7004 1
7006 7005 3
6465 7007 1
7007 7008 1
6467 7008 3
7148 7008 1
6306 7009 1
6487 7010 1
6286 7011 1
7011 7012 1
6161 7012 1
7011 7013 1
7014 7013 1
6286 7014 1
7026 7014 1
6161 7015 1
7011 7015 1
7011 7016 1
6161 7016 1
6490 7017 1
6470 7018 1
6686 7019 1
6383 7020 1
6377 7021 1
7085 7022 3
6160 7022 4
6161 7023 7
7062 7023 1
7086 7023 4
7022 7023 4
7132 7023 1
6463 7024 1
6843 7025 1
6377 7027 1
6341 7028 1
6746 7029 1
7028 7029 1
6463 7030 1
6160 7031 1
6306 7032 1
6422 7033 1
6728 7034 1
6161 7035 1
7035 7036 1
6161 7036 1
6277 7037 1
7035 7037 1
6277 7038 1
7035 7038 1
7035 7039 1
6277 7039 1
6512 7040 1
6677 7042 1
6492 7043 1
7043 7044 1
6492 7044 1
6486 7045 1
7045 7046 1
6176 7046 3
7106 7046 1
7045 7047 1
6588 7047 1
7106 7048 1
7118 7048 1
6176 7048 5
7149 7048 1
7045 7048 1
7048 7049 5
6161 7049 5
6401 7050 1
6675 7051 1
6481 7052 1
6270 7053 1
7052 7053 1
6264 7055 1
6822 7056 1
6822 7057 2
7056 7057 1
6404 7058 2
7057 7058 2
6740 7059 1
6383 7061 1
6160 7062 1
6509 7063 1
6798 7064 2
6161 7065 2
7064 7065 2
6361 7066 1
6467 7068 1
6171 7069 1
7068 7069 1
6843 7070 1
6472 7071 1
7071 7072 1
6188 7072 1
6293 7073 1
6383 7075 1
6843 7076 1
6656 7077 1
6463 7078 1
6510 7079 1
6659 7080 1
6686 7081 1
6789 7082 1
6434 7083 1
6422 7084 1
7130 7085 1
6505 7085 3
7116 7085 1
7085 7086 3
6160 7086 4
6879 7087 1
6347 7088 1
7088 7089 1
6207 7089 1
6441 7090 1
6508 7091 1
6461 7093 1
6383 7094 1
6491 7095 1
6487 7096 1
6220 7097 1
7096 7097 1
6843 7098 1
6347 7099 1
6671 7101 1
6467 7103 1
6875 7105 1
6484 7106 1
6843 7107 1
6740 7108 1
6260 7109 1
6858 7111 1
6260 7112 1
6509 7113 1
6298 7114 1
6686 7115 1
6503 7116 1
6503 7117 1
7116 7117 1
6477 7118 1
6772 7119 1
7119 7120 1
6216 7120 1
6478 7121 1
7121 7122 1
6188 7122 2
6401 7123 1
6395 7124 1
6383 7125 1
6266 7126 1
6386 7127 1
6746 7128 1
7127 7128 1
6463 7129 1
7005 7130 1
6290 7132 1
7164 7133 1
7132 7133 1
6161 7133 2
6161 7134 1
7132 7134 1
6161 7135 1
7132 7135 1
6161 7136 1
7132 7136 1
6463 7137 1
6439 7138 1
6360 7139 1
6360 7140 1
6553 7141 1
6552 7141 1
6552 7142 1
6553 7142 1
6266 7143 1
6517 7144 1
6585 7145 1
6686 7146 1
6463 7147 1
6465 7148 1
6342 7149 1
6270 7150 1
7149 7150 1
6381 7151 1
6977 7152 1
6163 7153 1
7152 7153 1
6163 7154 1
7152 7154 1
7152 7155 1
6163 7155 1
6163 7156 1
7152 7156 1
6163 7157 1
7152 7157 1
6422 7158 1
7152 7158 1
6878 7159 1
6878 7160 1
7159 7160 1
6503 7161 1
7197 7162 1
6493 7162 2
6728 7163 1
6161 7164 1
7164 7165 1
6161 7165 1
6260 7166 1
6677 7167 1
6875 7168 1
6390 7169 1
6475 7171 1
7171 7172 1
6270 7172 1
6270 7173 1
7171 7173 1
6434 7174 1
6266 7175 1
6646 7176 1
7176 7177 1
6886 7177 1
7176 7178 1
6886 7178 1
6502 7180 1
6479 7181 1
6260 7182 1
6347 7183 1
6511 7184 1
6401 7185 1
6383 7186 1
6446 7187 1
6422 7188 1
7187 7188 1
6347 7189 1
6467 7190 1
6516 7191 1
6174 7192 1
6463 7193 1
6740 7194 1
6686 7195 1
6728 7196 1
6493 7197 1
6260 7198 1
6304 7199 1
6648 7200 1
6344 7201 1
7200 7201 1
6585 7202 1
6245 7203 1
6160 7203 1
6446 7204 1
6886 7205 1
