7960 7959 1
8231 7960 1
8234 7960 1
8228 7960 1
8171 7960 1
8229 7960 1
8233 7960 1
8232 7960 1
7959 7961 1
7960 7961 2
8185 7962 10
8184 7962 9
8186 7962 9
8263 7962 1
8199 7962 9
7976 7962 9
8206 7962 9
8239 7962 1
8202 7962 9
8207 7962 10
8266 7962 1
7961 7962 2
8181 7962 9
8208 7962 9
8196 7962 10
8223 7962 2
8183 7962 10
8265 7962 1
8267 7962 2
8198 7962 10
8182 7962 9
8201 7962 9
8187 7962 10
8264 7962 1
8200 7962 9
8164 7962 9
7963 7962 43
8203 7962 9
8247 7962 1
8205 7962 9
8204 7962 9
8195 7962 9
7960 7963 40
8232 7963 1
8187 7964 10
8204 7964 9
8263 7964 1
8199 7964 9
8201 7964 9
8185 7964 10
8207 7964 10
8186 7964 9
8182 7964 9
8184 7964 9
8247 7964 1
8195 7964 9
8267 7964 2
7976 7964 9
8200 7964 9
8183 7964 10
7960 7964 40
8206 7964 9
8164 7964 9
8181 7964 9
8198 7964 10
8203 7964 9
8205 7964 9
7961 7964 2
8202 7964 9
8223 7964 2
8239 7964 1
8208 7964 9
8205 7965 9
8239 7965 1
8204 7965 9
8182 7965 9
8206 7965 9
8201 7965 9
8247 7965 1
8198 7965 10
8185 7965 10
7960 7965 40
8187 7965 10
8203 7965 9
8208 7965 9
8207 7965 10
8186 7965 9
8195 7965 9
8181 7965 9
8164 7965 9
8267 7965 2
8202 7965 9
8183 7965 10
8200 7965 9
8263 7965 1
7961 7965 2
8199 7965 9
8184 7965 9
7976 7965 9
8223 7965 2
8199 7966 9
8164 7966 9
8184 7966 9
8202 7966 9
8206 7966 9
8267 7966 2
7960 7966 40
8263 7966 1
8239 7966 1
8208 7966 9
8201 7966 9
8204 7966 9
8207 7966 10
8198 7966 10
8200 7966 9
8183 7966 10
8185 7966 10
7976 7966 9
8186 7966 9
8182 7966 9
8247 7966 1
8195 7966 9
8181 7966 9
8205 7966 9
7961 7966 2
8187 7966 10
8203 7966 9
8223 7966 2
8207 7967 10
8208 7967 9
8182 7967 9
8206 7967 9
7960 7967 45
8198 7967 10
8183 7967 10
8176 7967 9
8267 7967 2
8199 7967 9
8164 7967 9
8187 7967 10
8186 7967 9
8195 7967 9
8223 7967 2
7961 7967 2
8181 7967 9
8202 7967 9
8247 7967 1
8200 7967 9
8263 7967 1
8185 7967 10
8173 7967 9
8205 7967 9
8203 7967 9
8209 7967 9
8180 7967 9
8239 7967 1
8178 7967 9
7976 7967 9
8201 7967 9
8184 7967 9
8204 7967 9
8250 7968 2
8191 7968 11
8251 7968 2
7971 7970 1
7973 7971 10
8248 7971 3
7975 7971 1
8249 7971 1
7970 7972 1
7973 7972 2
7971 7973 1
8175 7973 9
7975 7974 2
7972 7974 2
7973 7975 2
7960 7976 9
8172 7976 8
8173 7977 9
8195 7977 9
8164 7977 9
8199 7977 9
8209 7977 9
7960 7977 26
8186 7977 9
8178 7977 9
8184 7977 9
8207 7977 10
8201 7977 9
8176 7977 9
8180 7977 9
8208 7977 9
8205 7977 9
7976 7977 9
8247 7977 1
8200 7977 9
7960 8164 9
8172 8164 8
7963 8165 12
8207 8165 10
8164 8165 9
8184 8165 9
8167 8166 3
8168 8166 1
8234 8166 1
8229 8166 1
8171 8166 1
8233 8166 1
8228 8166 1
8169 8168 4
8171 8170 1
8225 8171 4
8224 8171 3
8244 8171 1
8246 8172 1
8252 8172 1
8241 8172 1
8269 8172 1
8265 8172 1
7960 8172 8
8170 8172 1
8227 8172 1
8172 8173 8
7960 8173 9
8175 8174 10
8172 8174 8
8238 8174 2
8171 8175 1
8232 8175 1
8234 8175 1
8231 8175 1
8228 8175 1
7960 8175 8
8233 8175 1
8229 8175 1
8236 8175 2
8172 8176 8
7960 8176 9
8175 8177 8
8172 8177 8
7960 8178 9
8172 8178 8
8172 8179 8
8175 8179 8
8172 8180 8
7960 8180 9
7960 8181 9
8172 8181 8
8172 8182 8
7960 8182 9
7960 8183 10
8182 8183 9
8172 8184 8
7960 8184 9
8184 8185 9
7960 8185 10
8172 8186 8
7960 8186 9
8186 8187 9
7960 8187 10
8186 8188 9
8189 8188 10
7960 8189 9
8188 8190 10
8191 8190 11
8189 8191 10
7968 8191 1
7968 8192 11
8190 8192 11
7968 8193 11
8190 8193 11
8172 8194 8
8238 8194 2
8175 8194 10
7960 8195 9
8172 8195 8
8195 8196 9
7963 8196 10
8172 8197 8
8238 8197 2
8210 8197 9
8175 8197 11
8172 8198 8
8222 8198 8
7960 8198 10
7960 8199 9
8172 8199 8
7960 8200 9
8172 8200 8
8172 8201 8
7960 8201 9
7960 8202 9
8172 8202 8
8172 8203 8
7960 8203 9
8172 8204 8
7960 8204 9
7960 8205 9
8172 8205 8
7960 8206 9
8172 8206 8
8172 8207 8
7960 8207 10
7960 8208 9
8172 8208 8
7960 8209 9
8172 8209 8
8256 8210 1
8252 8210 1
8246 8210 1
8269 8210 1
8241 8210 1
8227 8210 1
8170 8210 1
8265 8210 1
8175 8210 9
8175 8211 9
8210 8211 9
8210 8212 9
8213 8212 9
8175 8213 9
8175 8214 10
8210 8214 9
8216 8215 11
8214 8215 10
8175 8216 10
7973 8217 10
8210 8217 9
7971 8218 10
8217 8218 10
8210 8219 9
8175 8219 10
8175 8220 10
8256 8220 1
8219 8220 10
8166 8221 5
8227 8221 1
8241 8221 1
8170 8221 1
8252 8221 1
8269 8221 1
8265 8222 1
8252 8222 1
7960 8222 8
8241 8222 1
8170 8222 1
8227 8222 1
8269 8222 1
8246 8222 1
7960 8223 2
8262 8223 1
8243 8225 9
8226 8225 19
8228 8227 1
8225 8228 4
8224 8228 3
8244 8228 1
8244 8229 1
8230 8229 3
8225 8229 4
8244 8231 1
8225 8231 4
8240 8231 3
8225 8232 4
8245 8232 3
8244 8232 1
8244 8233 1
8230 8233 3
8225 8233 4
8224 8234 3
8225 8234 4
8244 8234 1
8244 8235 1
8225 8235 4
8242 8235 3
8235 8236 1
8237 8236 3
8256 8238 1
8236 8238 2
7960 8239 1
8229 8241 1
8231 8246 1
7960 8247 1
8233 8252 1
8175 8254 1
8236 8256 1
8235 8258 1
8258 8259 1
8236 8259 1
8216 8260 1
8215 8260 1
8175 8261 1
7960 8262 1
7960 8263 1
7963 8264 1
8232 8265 1
7963 8266 1
7960 8267 2
8268 8267 1
7960 8268 1
8234 8269 1
