13006 13005 1
13142 13006 4
13006 13007 1
13006 13007 1
13005 13007 1
13005 13008 1
13007 13008 2
13010 13009 194
13197 13009 1
13394 13009 1
13070 13009 1
13419 13009 1
13317 13009 1
13380 13009 1
13303 13009 2
13114 13009 1
13275 13009 2
13261 13009 1
13278 13009 1
19126 13009 16
13462 13009 1
13431 13009 1
13057 13009 1
13379 13009 1
13277 13009 3
13116 13009 1
13005 13009 1
13318 13009 1
13378 13009 1
19120 13009 1
13066 13009 3
13383 13009 1
13028 13009 1
13181 13009 1
13287 13009 1
13176 13009 1
13228 13009 1
13451 13009 1
13384 13009 1
13063 13009 1
19103 13009 1
13367 13009 1
13316 13009 3
13408 13009 1
13397 13009 1
13479 13009 1
13265 13009 3
13119 13009 1
13216 13009 1
13369 13009 2
13260 13009 2
13364 13009 2
13421 13009 3
13246 13009 1
13145 13009 1
13296 13009 1
13102 13009 1
19081 13009 5
13046 13009 1
13052 13009 1
13470 13009 1
13401 13009 1
13199 13009 1
13083 13009 2
13433 13009 1
13302 13009 2
13460 13009 1
13382 13009 1
13250 13009 2
13312 13009 3
13377 13009 3
13183 13009 2
13468 13009 1
13391 13009 1
13400 13009 1
13404 13009 1
13363 13009 1
13396 13009 1
13240 13009 2
13093 13009 2
13065 13009 3
13242 13009 3
13205 13009 1
13304 13009 2
13385 13009 1
13472 13009 1
13284 13009 1
13148 13009 3
13121 13009 2
13389 13009 3
13051 13009 2
13139 13009 1
13282 13009 1
13464 13009 1
13429 13009 1
13236 13009 1
13162 13009 2
13393 13009 1
19128 13009 1
13106 13009 1
13283 13009 1
19134 13009 3
13370 13009 1
13395 13009 2
13466 13009 1
13248 13009 1
13443 13009 1
13221 13009 1
13274 13009 1
13172 13009 1
13402 13009 1
13403 13009 1
13154 13009 4
13415 13009 1
13398 13009 1
13453 13009 1
19096 13009 3
13170 13009 1
13392 13009 2
13386 13009 1
13454 13009 1
13313 13009 1
13194 13009 1
13220 13009 3
13234 13009 1
13018 13009 1
13082 13009 2
13299 13009 1
13285 13009 3
13111 13009 3
13251 13009 1
13027 13009 3
13272 13009 5
13410 13009 1
13008 13009 2
13112 13009 2
13203 13009 1
13263 13009 2
13132 13009 1
13309 13009 1
13110 13009 1
13366 13009 1
13442 13009 1
13080 13009 1
13476 13009 1
19119 13009 1
13308 13009 1
13427 13009 1
13218 13009 1
13368 13009 1
13371 13009 1
13320 13009 1
19094 13009 1
13109 13009 1
13178 13009 3
13375 13009 2
13084 13010 3
13192 13010 1
13076 13010 3
13187 13010 3
13189 13010 3
19104 13010 1
13166 13010 3
13092 13010 3
13206 13010 1
13054 13010 2
13200 13010 1
19133 13010 3
13191 13010 3
13081 13010 2
19117 13010 1
13198 13010 3
13186 13010 1
13177 13010 3
19127 13010 19
13026 13010 3
13127 13010 1
13155 13010 1
13256 13010 3
13137 13010 3
13007 13010 5
13021 13010 5
13173 13010 3
13071 13010 1
13434 13010 1
13131 13010 1
13235 13010 4
13266 13010 3
19121 13010 2
13108 13010 2
13264 13010 3
13193 13010 1
13188 13010 3
19111 13010 3
13237 13010 1
13208 13010 2
13140 13010 3
13185 13010 1
19092 13010 3
13047 13010 5
13123 13010 1
13103 13010 1
13022 13010 1
13190 13010 1
13130 13010 3
13273 13010 5
13276 13010 3
13029 13010 2
13388 13010 3
13050 13010 3
13249 13010 3
13067 13010 3
13149 13010 3
19095 13010 3
13182 13010 1
13122 13010 3
13053 13010 6
13107 13010 3
13217 13010 2
13019 13010 13
13006 13010 4
13094 13010 1
13196 13010 3
13146 13010 5
13165 13010 3
13104 13010 3
19129 13010 4
13064 13010 3
13024 13010 3
13075 13010 1
13058 13010 1
13061 13012 4
13011 13012 4
13062 13012 4
13014 13012 7
13207 13012 4
13012 13013 7
13029 13014 1
13014 13014 7
13011 13014 8
13061 13014 6
13017 13015 7
13062 13015 4
13061 13015 4
13011 13015 4
13015 13016 6
13061 13017 6
13011 13017 8
13017 13017 7
13019 13018 1
13101 13019 6
13100 13019 4
13427 13019 1
13222 13019 1
13021 13020 2
13018 13020 1
13081 13021 1
13047 13021 1
13019 13021 1
19093 13022 4
19131 13023 5
19093 13024 4
13026 13025 1
13479 13027 1
13026 13027 3
13025 13027 1
13029 13028 1
13158 13029 1
19109 13029 1
13156 13029 1
13028 13030 1
13014 13030 1
13028 13031 1
13032 13031 1
13029 13032 1
13028 13033 1
13032 13033 1
13379 13034 1
13029 13034 2
13028 13034 1
13037 13036 5
13038 13037 6
13150 13039 1
13300 13039 1
13040 13039 4
13374 13039 1
13117 13040 4
13088 13040 1
13151 13040 1
13118 13040 4
13100 13041 4
13040 13041 7
13039 13041 4
13042 13041 7
13039 13042 4
13100 13042 4
13040 13042 7
13042 13043 7
13100 13043 4
13039 13043 4
13040 13043 7
13039 13044 4
13040 13044 7
13100 13044 4
13042 13044 7
13039 13045 4
13042 13045 7
13100 13045 4
13040 13045 7
13047 13046 1
13081 13047 1
13060 13047 4
13046 13048 1
13204 13048 1
13047 13048 2
13050 13049 1
13077 13050 4
13465 13050 1
13049 13051 1
13050 13051 2
13053 13052 1
13142 13053 4
13143 13053 4
13056 13055 3
13058 13057 1
13060 13059 5
13216 13059 1
13313 13059 1
13228 13059 1
13057 13059 1
13070 13059 1
13075 13060 1
13217 13060 2
13058 13060 1
13071 13060 1
13081 13060 1
13064 13063 1
19093 13064 4
14382 13065 1
13064 13065 3
13063 13065 1
13067 13066 3
13414 13066 1
13472 13066 1
19093 13067 4
13069 13068 3
13071 13070 1
13070 13072 1
13060 13072 1
13070 13073 1
13060 13073 1
19131 13074 5
13077 13076 4
13022 13078 1
13454 13079 1
13022 13079 2
13078 13079 1
13081 13080 1
13113 13081 4
13180 13081 1
19129 13082 2
13080 13082 1
13080 13083 1
13084 13083 2
13105 13084 4
13081 13084 1
13080 13085 1
19123 13085 1
13087 13086 1
13080 13086 1
13081 13087 1
13243 13087 3
19124 13088 1
13314 13089 1
13090 13089 2
13092 13091 1
13077 13092 4
13092 13093 2
13091 13093 1
13095 13094 3
19093 13095 7
13097 13096 3
13096 13098 1
13150 13099 1
13300 13099 1
13040 13099 3
13099 13100 3
13040 13100 4
13040 13101 4
13180 13101 1
13208 13101 1
19117 13102 1
19093 13103 4
13146 13104 1
13060 13104 4
13237 13104 1
13107 13106 1
13077 13107 4
19112 13107 3
13319 13108 1
13053 13109 1
13024 13110 1
13110 13111 1
13024 13111 3
13141 13111 1
19127 13112 2
13160 13112 1
13103 13114 1
13103 13115 3
13114 13115 1
13310 13115 1
13019 13116 1
19133 13119 1
19131 13120 5
13448 13121 1
13122 13121 2
13077 13122 4
13123 13124 1
13123 13125 1
13127 13126 1
13217 13127 1
13126 13128 1
13127 13128 1
19093 13129 4
13077 13130 4
13007 13132 1
19093 13133 4
13123 13134 1
13171 13135 1
13123 13135 2
13134 13135 1
13379 13136 1
13134 13136 1
13010 13136 2
13077 13137 4
19093 13138 4
13140 13139 1
13077 13140 4
13024 13141 1
13450 13143 1
13144 13143 4
13146 13145 1
13434 13146 1
13237 13146 1
13068 13147 1
13149 13148 3
13197 13148 1
13179 13148 1
19093 13149 4
13151 13150 1
19124 13151 1
13040 13152 2
13150 13152 1
13300 13152 1
13290 13153 1
13261 13154 1
13047 13154 4
13077 13155 4
13084 13160 1
13160 13161 1
19095 13161 1
13160 13162 1
19127 13162 2
19133 13163 1
13160 13163 1
13165 13164 1
13160 13164 1
19131 13165 5
13084 13165 1
13077 13166 4
19087 13167 6
19089 13168 4
13167 13168 5
13168 13169 4
13010 13170 1
13123 13171 1
13173 13172 1
13077 13173 4
13172 13174 1
13175 13174 2
13384 13174 1
13166 13175 1
13173 13175 1
13177 13176 1
19093 13177 4
13176 13178 1
13447 13178 1
13177 13178 3
13149 13179 1
13056 13180 3
13182 13181 1
13105 13182 4
13478 13183 1
13108 13183 2
13376 13184 1
13056 13184 3
13077 13185 4
13077 13186 4
13077 13187 4
13077 13188 4
13077 13189 4
13077 13190 4
13077 13191 4
13077 13192 4
13077 13193 4
19129 13194 1
13196 13195 1
13194 13195 1
19129 13196 1
19131 13196 5
13149 13197 1
19093 13198 4
13200 13199 1
13095 13200 3
13200 13201 1
13199 13201 1
13146 13203 1
13047 13204 1
13206 13205 1
13211 13208 1
13209 13208 3
13214 13208 1
13215 13208 1
13212 13208 1
13213 13208 1
13210 13208 1
13217 13216 1
13406 13217 1
13146 13218 1
13218 13219 1
13146 13219 1
13104 13220 3
13236 13220 1
13218 13220 1
13130 13221 1
13180 13222 1
19123 13223 1
13222 13223 1
13222 13224 1
13081 13224 1
13226 13227 3
13217 13228 1
13228 13229 1
19106 13229 1
13228 13230 1
13231 13230 1
13217 13231 1
13293 13231 2
13257 13231 1
13127 13232 1
13228 13232 1
13127 13233 1
13228 13233 1
13235 13234 1
13407 13235 1
13206 13235 2
13237 13236 1
13236 13238 1
13146 13238 2
13433 13238 1
13187 13239 1
13239 13240 1
13187 13240 2
19092 13241 1
13410 13242 1
19092 13242 3
13241 13242 1
13087 13244 1
13087 13245 1
13127 13246 1
13249 13248 1
13076 13250 2
13432 13250 1
13235 13251 1
19093 13252 4
13235 13253 2
13254 13253 2
13206 13254 2
19131 13256 5
13259 13258 2
19123 13259 1
13081 13259 1
13040 13259 1
13166 13260 2
13469 13260 1
13081 13261 1
13130 13262 1
13262 13263 1
13130 13263 2
19093 13264 4
19111 13265 3
13365 13265 1
13363 13265 1
19112 13266 3
19093 13266 4
19131 13267 5
19131 13268 5
19131 13269 5
19093 13270 4
13273 13272 5
13019 13274 1
13475 13275 1
13276 13275 2
13036 13276 1
13419 13277 1
14380 13277 1
13165 13277 3
13185 13278 1
13280 13279 3
13279 13281 1
13189 13282 1
13007 13283 1
13266 13284 1
13266 13285 3
13461 13285 1
13284 13285 1
19099 13286 1
13193 13287 1
13019 13288 1
13010 13289 3
13390 13289 1
13416 13289 1
13288 13289 1
13029 13291 1
13029 13292 1
13231 13294 1
13227 13295 1
13249 13296 1
13297 13298 3
13188 13299 1
13088 13300 1
13191 13301 1
13301 13302 1
13191 13302 2
13480 13303 1
13189 13303 2
13405 13304 1
13019 13304 2
13306 13305 3
13305 13307 1
13006 13308 1
13019 13309 1
13103 13310 1
13256 13311 1
13415 13312 1
13311 13312 1
13256 13312 3
13075 13313 1
13264 13315 1
13264 13316 3
13315 13316 1
13476 13316 1
13186 13317 1
13235 13318 1
13076 13320 1
19114 13321 1
13321 13322 1
13321 13323 1
13321 13324 1
13321 13325 1
19114 13326 1
13326 13327 1
13326 13328 1
19114 13329 1
13329 13330 1
13329 13331 1
13329 13332 1
13329 13333 1
13329 13334 1
13329 13335 1
19114 13336 1
13336 13337 1
13336 13338 1
13336 13339 1
13336 13340 1
13336 13341 1
13336 13342 1
19114 13343 1
13343 13344 1
13343 13345 1
13343 13346 1
13343 13347 1
13343 13348 1
13343 13349 1
19114 13350 1
19114 13351 1
19114 13352 1
19114 13353 1
19114 13354 1
19114 13355 1
19114 13356 1
19114 13357 1
19114 13358 1
19114 13359 1
19114 13360 1
19114 13361 1
19115 13362 1
19111 13363 1
13471 13364 1
13140 13364 2
19111 13365 1
13053 13366 1
19121 13367 1
13235 13368 1
13173 13369 2
13426 13369 1
13092 13370 1
13131 13371 1
13298 13372 1
13264 13373 1
13040 13374 1
13446 13375 1
13107 13375 2
13394 13377 1
13409 13377 1
13198 13377 3
13122 13378 1
13029 13379 1
13190 13380 1
13010 13382 1
13006 13383 1
13166 13384 1
13007 13385 1
13019 13386 1
13388 13387 1
13387 13389 1
13443 13389 1
13388 13389 3
13019 13390 1
13249 13391 1
13137 13392 2
13399 13392 1
13191 13393 1
13198 13394 1
13188 13395 2
13467 13395 1
13276 13396 1
13146 13397 1
13019 13398 1
13137 13399 1
13192 13400 1
13146 13401 1
13006 13402 1
13053 13403 1
13137 13404 1
13019 13405 1
13206 13407 1
13053 13408 1
13198 13409 1
19092 13410 1
13087 13411 1
13411 13412 1
13087 13412 1
19109 13413 1
13067 13414 1
13256 13415 1
13019 13416 1
13154 13417 1
13422 13417 1
13021 13417 2
13154 13418 1
19083 13418 1
13165 13419 1
13196 13420 1
13196 13421 3
13420 13421 1
13431 13421 1
13081 13422 1
13021 13423 2
13422 13423 1
13422 13424 1
13060 13424 1
19095 13425 1
13173 13426 1
13208 13427 1
19083 13428 1
13427 13428 1
13094 13429 1
13429 13430 1
13094 13430 1
13196 13431 1
13076 13432 1
13434 13433 1
13381 13435 1
13381 13436 1
13381 13437 1
13381 13438 1
13381 13439 1
13381 13440 1
13381 13441 1
13084 13442 1
13388 13443 1
13443 13444 1
13445 13444 1
13388 13445 1
13107 13446 1
13177 13447 1
13122 13448 1
19122 13449 1
13187 13451 1
19106 13452 1
13451 13452 1
13054 13453 1
13022 13454 1
13273 13455 1
13272 13455 1
13272 13456 1
13273 13456 1
13273 13457 1
13272 13457 1
13273 13458 1
13272 13458 1
13272 13459 1
13273 13459 1
13208 13460 1
13266 13461 1
13019 13462 1
13050 13464 1
13053 13466 1
13188 13467 1
13155 13468 1
13166 13469 1
13054 13470 1
13140 13471 1
13067 13472 1
13185 13473 1
13185 13474 1
13473 13474 1
13036 13475 1
13264 13476 1
13476 13477 1
13373 13477 1
13108 13478 1
13026 13479 1
13189 13480 1
13273 13481 1
13481 13482 1
13481 13483 1
13481 14378 1
13273 14379 1
13165 14380 1
13064 14382 1
13021 19081 5
13020 19081 2
13423 19081 2
19081 19082 5
19083 19082 5
13208 19083 1
13021 19083 5
13019 19083 1
13047 19083 1
13018 19084 1
19083 19084 1
19089 19085 4
19086 19085 7
19088 19086 6
19087 19086 8
19091 19090 4
19093 19092 4
19095 19094 1
19131 19095 5
13084 19095 1
13425 19096 1
19095 19096 3
19094 19096 1
19097 19098 3
19097 19099 3
19093 19100 4
19085 19101 6
19093 19102 4
19104 19103 1
13095 19104 3
19103 19105 1
13479 19105 1
13429 19105 1
19106 19105 4
13199 19105 1
13026 19106 1
13187 19106 1
13200 19106 1
19104 19106 1
13217 19106 1
13094 19106 1
19103 19107 1
19104 19107 1
19109 19108 1
13035 19109 1
13157 19109 3
13029 19109 1
19109 19110 2
19108 19110 1
13379 19110 1
19093 19111 4
19112 19111 3
19114 19113 3
19115 19114 3
19117 19116 1
19116 19118 1
19117 19118 1
13019 19119 1
19121 19120 1
19124 19123 4
13081 19123 1
13180 19123 1
19123 19125 1
19127 19126 16
13115 19126 3
19134 19126 3
13421 19126 3
13277 19126 3
13312 19126 3
13196 19127 3
13084 19127 1
13165 19127 3
19133 19127 3
13256 19127 3
13103 19127 3
19129 19128 1
13081 19129 1
13105 19129 4
19098 19130 1
19093 19131 26
19133 19132 1
13084 19133 1
19131 19133 5
19132 19134 1
13119 19134 1
19133 19134 3
