459 458 1
898 460 1
895 460 1
942 460 1
459 460 7
884 460 1
1010 460 1
458 460 1
698 460 1
462 461 1
461 463 1
464 463 10
3935 463 3
737 463 4
933 463 2
3807 464 2
4087 464 6
3936 464 3
462 464 1
3935 465 3
769 465 1
461 465 1
933 465 1
464 465 11
737 465 4
4125 465 1
3999 466 2
467 466 8
470 466 7
4096 466 3
468 467 18
3998 467 1
469 468 18
466 471 9
4139 472 2
4138 472 1
472 473 2
4139 473 5
685 473 3
4138 474 1
4139 474 2
4139 475 5
772 475 3
474 475 2
3727 476 1
478 477 2
3727 477 6
3912 477 1
3742 478 2
480 479 1
3772 480 4
479 481 1
935 481 1
815 481 1
980 481 1
991 481 1
3733 481 21
981 481 1
757 481 2
513 481 12
483 482 2
494 482 1
3746 483 2
3874 483 2
485 484 3
3727 486 6
4022 486 2
4048 486 1
3727 487 6
3874 487 2
888 487 1
487 488 4
997 488 1
997 489 1
487 489 4
487 490 4
997 490 1
3912 491 1
3727 491 6
3953 491 2
3727 492 6
3912 492 1
711 492 2
4048 493 1
4022 493 2
3746 493 6
3746 494 6
3874 494 2
888 494 1
494 495 4
998 495 1
494 496 4
998 496 1
494 497 4
998 497 1
3912 498 1
850 498 2
3746 498 6
3905 499 2
487 499 1
503 500 1
501 500 5
543 501 4
502 501 8
543 502 4
505 504 3
936 504 1
910 504 1
504 506 3
3805 506 5
724 506 1
508 507 1
983 509 1
507 509 1
911 509 1
508 509 6
971 509 1
923 509 1
509 510 6
620 510 2
3772 510 9
510 511 9
512 511 10
3772 512 10
717 512 2
712 512 1
1034 513 1
511 513 10
512 513 12
1012 514 1
3733 514 14
513 514 12
511 515 10
514 515 14
3733 515 15
508 516 6
509 516 6
518 517 1
517 519 1
904 519 1
882 519 1
518 519 4
518 520 4
519 520 4
518 521 5
519 521 4
519 522 4
518 522 5
525 524 7
3774 526 1
3936 527 2
4036 528 2
818 528 1
3968 529 5
531 530 2
930 530 1
931 531 1
531 532 2
530 532 2
3784 534 1
3772 535 4
4024 536 2
739 537 4
538 537 1
537 538 4
4085 539 5
541 540 1
664 542 1
540 542 1
952 542 1
543 542 4
541 543 2
4126 543 1
4089 543 1
542 544 4
502 544 4
501 545 5
542 545 4
3827 547 4
470 547 3
650 547 1
502 548 6
551 550 5
831 551 3
552 551 8
832 551 3
833 551 3
4130 552 4
3951 553 3
3951 554 9
986 554 1
553 554 2
3989 554 1
554 555 1
3951 555 2
553 555 1
553 556 2
986 556 1
3951 556 3
558 557 8
835 557 1
557 559 4
559 560 2
559 561 2
564 562 4
4103 562 4
563 562 4
4103 563 4
614 563 1
562 563 4
563 564 4
4103 564 4
4103 565 4
564 565 4
719 567 4
566 567 4
3753 568 1
954 573 2
574 573 3
761 574 1
573 575 3
574 575 3
577 576 2
559 576 1
557 577 2
580 581 3
4024 582 4
1041 583 1
817 583 2
3966 583 8
582 583 4
462 584 1
3829 586 1
3751 586 2
586 587 2
3751 587 3
3729 588 4
3941 588 3
589 590 3
1004 591 1
592 591 2
4029 593 1
822 594 1
595 594 2
597 594 2
825 594 1
4130 595 4
596 595 8
594 598 1
958 598 1
1001 598 1
958 599 1
1001 599 1
594 599 1
1001 600 1
594 600 1
958 600 1
601 602 1
811 602 2
680 603 1
604 603 2
3772 605 4
734 606 1
4132 606 2
608 609 3
500 611 1
611 612 1
500 612 2
3772 613 4
4103 614 1
616 615 1
3941 616 3
4034 617 4
617 618 2
617 619 2
947 620 1
3772 620 2
3772 621 4
622 623 3
4085 624 5
4085 625 5
4085 626 5
628 627 2
680 627 1
4021 629 2
493 629 1
470 630 3
470 631 3
541 631 1
3936 631 4
3827 633 4
650 633 1
4024 634 2
3943 635 4
3789 636 1
636 637 1
638 637 2
3789 638 1
4094 639 4
3784 640 1
643 642 1
837 643 3
736 645 1
4087 645 4
666 645 1
1021 645 1
4088 645 1
647 646 3
4089 648 3
690 648 1
992 648 1
543 649 2
648 649 1
632 650 1
652 651 2
493 651 1
4022 652 2
3746 652 2
3803 653 1
825 654 1
641 654 4
654 655 4
729 655 2
1003 655 1
594 655 1
623 658 1
660 659 1
658 659 1
623 660 1
3743 661 4
4060 663 1
663 664 1
4126 664 4
4073 665 2
486 665 1
3807 666 1
4087 667 5
737 667 4
666 667 1
3978 669 1
825 677 1
597 677 2
3991 678 1
680 681 1
680 682 1
684 683 3
4139 685 3
756 685 2
3784 688 1
3807 689 1
691 690 1
3991 693 1
3772 694 4
541 696 1
459 698 1
731 701 2
700 701 1
583 703 1
3781 703 1
548 705 5
3772 705 4
3803 706 1
3803 707 2
706 707 1
4129 708 4
3820 709 3
1000 709 1
743 709 1
3742 711 2
551 715 5
543 718 1
4129 720 1
720 721 1
4129 721 1
944 722 1
3880 722 2
722 723 2
3880 723 2
3943 724 1
590 725 1
3727 726 1
4110 727 5
595 729 2
597 729 2
4097 732 2
3784 733 3
921 733 1
732 733 2
4132 734 1
4110 735 5
4087 736 1
4087 737 4
4088 737 1
1022 737 2
739 738 4
863 738 1
791 738 2
537 739 3
738 740 4
537 740 5
738 741 4
3778 741 4
4041 743 1
4029 744 4
799 744 3
795 745 4
801 745 4
3939 745 6
744 745 4
795 746 4
801 746 4
4029 746 6
744 746 4
744 747 4
3939 747 6
801 747 4
795 747 4
3939 748 6
795 748 4
801 748 4
744 748 4
795 749 4
801 749 4
3939 749 6
744 749 4
744 750 4
3952 750 5
795 750 4
3939 751 6
795 751 4
744 751 4
801 751 4
795 752 4
744 752 4
3952 752 5
557 753 2
4139 754 1
4139 755 1
754 755 1
4139 756 2
754 756 1
754 757 1
758 757 2
3772 758 4
4139 758 1
4139 759 2
754 759 1
761 760 2
759 760 2
4139 761 2
828 761 3
759 762 2
763 762 2
4139 763 2
763 764 2
759 764 2
3929 765 1
501 766 5
768 767 1
3941 768 3
4087 769 1
4087 770 1
769 770 1
4029 771 4
796 771 3
4139 772 3
909 772 2
4026 773 1
505 774 1
776 775 3
774 775 1
936 775 1
910 775 1
505 776 3
776 777 3
910 777 1
774 777 1
936 777 1
3940 778 1
778 779 1
4116 779 1
4116 780 2
778 780 1
3989 781 1
554 781 2
3951 781 3
3811 782 2
892 782 1
753 786 2
559 786 1
683 787 1
787 788 1
683 788 1
643 789 1
538 790 1
790 791 1
537 791 2
4015 792 3
863 792 1
791 792 2
4029 793 1
4029 794 2
793 794 1
799 795 3
794 795 2
4029 795 4
4029 796 3
794 796 2
3939 797 3
796 797 3
796 798 3
3939 798 3
794 799 2
4029 799 3
799 800 3
3939 800 3
4029 801 4
799 801 3
3952 802 4
801 802 4
801 803 4
3952 803 4
3952 804 2
794 804 2
3772 805 1
805 806 1
3772 806 1
3912 810 3
812 813 3
605 815 1
3733 816 1
4024 817 2
4036 818 1
819 820 1
920 820 2
596 822 2
821 822 1
4130 822 1
826 823 4
594 823 1
1002 823 1
858 823 2
677 824 1
3779 824 2
594 824 1
3997 824 2
3765 826 4
825 826 1
686 827 1
3746 834 1
4022 836 2
3727 836 2
3895 838 1
3895 839 2
838 839 1
3895 840 1
838 840 1
3731 841 1
643 842 1
4119 843 5
3799 847 1
4019 848 1
4019 849 1
848 849 1
3742 850 2
4087 851 1
4087 852 1
851 852 1
3749 853 1
979 854 1
3811 854 2
856 855 2
854 855 2
3811 856 2
3991 857 1
597 858 2
595 858 2
925 862 2
861 862 1
537 863 1
863 864 1
537 864 2
686 869 1
869 870 1
827 870 1
813 872 1
4105 873 1
4018 874 1
4019 874 2
3728 875 1
523 876 1
541 877 1
3807 878 1
877 878 1
880 879 3
486 881 1
836 881 2
518 882 1
485 883 3
459 884 1
3749 885 1
487 886 1
916 886 2
3875 887 3
3875 888 3
3736 889 1
3736 890 1
889 890 1
3811 892 1
3814 893 1
892 893 1
459 895 1
4132 896 1
459 898 1
4019 899 1
1040 900 1
899 900 1
4019 900 2
3784 901 2
921 901 1
518 904 1
3811 905 1
3978 907 1
4139 908 1
908 909 1
4139 909 2
505 910 1
508 911 1
4024 912 1
3805 913 1
3727 916 2
3874 916 2
4127 917 3
664 917 3
677 918 1
3779 918 1
588 921 1
3784 922 2
921 922 1
508 923 1
4093 924 1
3803 926 2
3891 927 1
963 929 1
3877 929 2
931 930 1
3807 933 2
758 935 1
505 936 1
643 940 1
643 941 1
940 941 1
459 942 1
3880 944 1
505 947 1
569 949 1
949 950 1
569 950 1
541 952 1
631 953 1
952 953 1
574 954 2
982 954 1
523 955 1
955 956 1
876 956 1
876 957 1
955 957 1
822 958 1
3805 959 1
3805 960 2
959 960 1
4036 961 1
676 965 1
967 966 1
965 966 1
676 967 1
676 968 1
965 968 1
3772 969 4
508 971 1
4019 974 1
4019 975 1
974 975 1
3820 976 1
643 977 1
4015 978 1
3811 979 1
3733 980 1
3733 981 1
761 982 1
508 983 1
3772 984 4
926 985 1
3803 985 2
3951 986 1
541 987 1
696 988 1
987 988 1
696 989 2
987 989 1
696 990 2
989 990 2
758 991 1
928 992 1
646 993 1
993 994 1
4077 994 1
4077 995 1
993 995 1
993 996 1
4077 996 1
888 997 1
888 998 1
3887 1000 1
825 1001 1
825 1002 1
825 1003 1
3985 1005 1
3985 1006 1
1005 1006 1
574 1007 1
1007 1008 1
574 1008 1
3899 1009 1
459 1010 1
4060 1012 1
3774 1013 1
701 1015 1
591 1017 1
4007 1018 1
4087 1021 1
4087 1022 2
1021 1022 1
4087 1023 2
1022 1023 2
3991 1027 1
4036 1028 1
813 1030 1
3943 1031 1
3943 1032 1
1031 1032 1
3746 1033 1
3772 1034 1
3753 1035 1
590 1036 1
590 1037 1
1036 1037 1
1036 1038 1
725 1038 1
897 1039 1
4019 1040 1
4024 1041 1
3899 1042 1
766 1044 1
1044 1045 1
766 1045 1
471 3726 8
3728 3727 33
3729 3728 64
3746 3729 2
3727 3729 2
3728 3729 1
3731 3730 1
546 3731 4
540 3732 1
3818 3732 1
3733 3732 21
816 3732 1
3730 3732 1
4104 3732 1
521 3732 5
664 3732 1
666 3732 1
796 3732 3
4125 3732 1
818 3732 1
952 3732 1
4043 3732 2
794 3732 2
518 3733 5
3772 3733 1
3895 3733 2
3736 3733 3
480 3733 1
4029 3733 4
4087 3733 1
3807 3733 3
3805 3733 38
3784 3733 4
541 3733 2
537 3733 2
4047 3733 2
3731 3733 1
3978 3733 2
646 3733 1
4126 3733 1
512 3733 12
543 3733 3
3747 3733 1
4139 3733 6
4015 3733 1
3929 3733 30
3749 3733 2
605 3733 1
3751 3733 1
3830 3733 1
4060 3733 1
4105 3733 2
758 3733 4
3811 3733 1
4036 3733 1
701 3733 1
892 3734 1
3829 3734 1
993 3734 1
1012 3734 1
3804 3734 34
772 3734 3
873 3734 1
689 3734 1
515 3734 15
4008 3734 2
718 3734 1
907 3734 1
4014 3734 1
796 3734 3
3735 3734 3
685 3734 3
3911 3734 4
1015 3734 1
960 3734 2
506 3734 5
799 3734 3
3732 3734 21
864 3734 2
805 3734 1
913 3734 1
669 3734 1
4046 3734 2
4039 3734 1
815 3734 1
3733 3734 137
3818 3734 1
481 3734 21
3750 3734 1
649 3734 2
3928 3734 30
981 3734 1
3736 3735 3
3730 3735 1
3731 3736 1
3738 3737 4
3882 3738 2
3914 3739 3
3740 3739 7
3912 3740 1
3727 3740 10
3741 3740 6
3742 3741 12
3743 3742 32
3746 3744 6
3745 3744 2
3912 3744 1
3742 3745 2
3728 3746 33
518 3747 5
3749 3748 1
1017 3750 1
542 3750 4
853 3750 1
587 3750 3
3748 3750 1
3751 3750 16
612 3750 2
545 3750 1
977 3750 1
593 3750 1
784 3751 3
643 3751 1
500 3751 2
501 3751 1
4029 3751 1
591 3751 1
3830 3751 1
543 3751 4
3749 3751 2
3839 3752 4
3753 3752 5
931 3753 1
4078 3753 1
4080 3753 1
4079 3753 1
3753 3754 36
3848 3754 5
3842 3754 5
3860 3754 5
568 3754 1
3861 3754 5
3752 3754 5
3868 3754 5
3866 3754 5
3844 3754 5
3847 3754 5
3862 3754 5
3858 3754 5
3865 3754 5
3854 3754 5
3859 3754 5
3850 3754 5
3853 3754 5
3841 3754 5
3864 3754 5
3852 3754 5
3857 3754 5
3851 3754 5
3863 3754 5
3849 3754 5
3856 3754 5
3845 3754 5
3855 3754 5
3840 3754 5
3753 3755 39
3870 3755 4
1035 3755 1
3754 3755 36
3754 3756 36
3753 3756 37
3753 3757 40
3870 3757 4
3756 3757 37
1035 3757 1
3756 3758 37
3753 3758 37
3754 3759 36
3753 3759 37
3753 3760 42
3871 3760 6
3759 3760 37
3760 3761 42
3753 3761 42
3760 3762 42
3753 3762 42
3753 3763 42
3760 3763 42
3753 3764 42
3760 3764 42
834 3766 1
875 3766 1
1033 3766 1
3729 3766 8
726 3766 1
476 3766 1
3766 3767 8
3729 3767 11
3767 3768 11
3769 3768 14
945 3769 3
3729 3769 11
3769 3770 14
3768 3770 14
3772 3771 4
505 3772 1
508 3772 6
3776 3775 3
3778 3777 4
739 3778 4
825 3779 1
597 3779 2
3781 3780 5
3772 3781 6
3966 3781 1
4035 3783 1
615 3783 1
3784 3783 5
961 3783 1
768 3784 1
4007 3784 1
4116 3784 4
4093 3784 1
4036 3784 5
616 3784 1
4097 3784 2
588 3784 1
3787 3785 5
3784 3785 11
688 3785 1
640 3785 1
3783 3785 5
3787 3786 5
3783 3786 1
3784 3786 5
534 3787 1
3783 3787 1
3784 3787 5
780 3787 2
3789 3788 1
3788 3790 1
3791 3790 2
3789 3791 1
3790 3792 2
637 3792 2
3793 3792 5
3791 3793 2
897 3793 1
638 3793 2
3793 3794 6
3792 3794 5
1039 3794 1
3797 3796 1
4012 3797 6
3799 3798 3
3800 3798 2
3796 3798 1
847 3798 1
3797 3799 1
3799 3800 2
3796 3800 1
3800 3801 2
3799 3801 3
707 3802 2
985 3802 2
3809 3802 5
926 3802 1
3803 3802 11
3801 3802 3
3799 3803 5
791 3804 2
796 3804 3
947 3804 1
3802 3804 11
724 3804 1
4035 3804 1
4092 3804 3
3805 3804 34
3808 3804 12
857 3804 1
526 3804 1
978 3804 1
653 3804 1
965 3804 1
504 3804 3
863 3804 1
4100 3804 1
3774 3805 1
4029 3805 3
3784 3805 3
537 3805 5
4036 3805 2
676 3805 1
3803 3805 13
3991 3805 1
4015 3805 1
3985 3805 1
3943 3805 1
505 3805 4
643 3805 1
506 3806 5
3807 3806 44
913 3806 1
3804 3806 34
3946 3806 10
771 3806 4
960 3806 2
959 3806 1
541 3807 1
4029 3807 4
3932 3807 3
3805 3807 43
3803 3808 12
3802 3808 11
3799 3809 5
3801 3809 3
847 3809 1
3811 3810 2
3810 3812 2
3811 3812 3
3814 3813 3
3812 3813 3
3811 3814 4
905 3815 1
3811 3815 5
3812 3815 3
3811 3816 7
3815 3816 5
782 3816 2
3815 3817 5
3811 3817 5
522 3818 5
3747 3818 6
3818 3819 1
3820 3819 2
813 3820 2
4041 3820 1
3895 3820 4
4060 3820 1
3747 3820 1
3889 3820 2
537 3820 3
3887 3820 1
3822 3821 4
3824 3823 10
3955 3823 1
470 3823 9
3825 3824 22
3954 3824 1
470 3825 22
3828 3827 8
632 3827 1
3830 3829 3
927 3829 1
3891 3830 1
3832 3831 2
3829 3831 2
3830 3832 2
661 3833 1
3834 3833 2
3743 3834 2
930 3835 1
3753 3835 2
3835 3836 2
3753 3836 3
3836 3837 3
3753 3837 3
3835 3838 2
3753 3838 3
3838 3839 3
3753 3839 4
3753 3840 5
3839 3840 4
3753 3841 5
3839 3841 4
3839 3842 4
3753 3842 5
3838 3843 3
3753 3843 4
3753 3844 5
3843 3844 4
3753 3845 5
3843 3845 4
3753 3846 4
3838 3846 3
3846 3847 4
3753 3847 5
3753 3848 5
3846 3848 4
3753 3849 5
3846 3849 4
3846 3850 4
3753 3850 5
3846 3851 4
3753 3851 5
3846 3852 4
3753 3852 5
3753 3853 5
3846 3853 4
3753 3854 5
3846 3854 4
3753 3855 5
3846 3855 4
3846 3856 4
3753 3856 5
3846 3857 4
3753 3857 5
3753 3858 5
3846 3858 4
3753 3859 5
3846 3859 4
3846 3860 4
3753 3860 5
3753 3861 5
3846 3861 4
3753 3862 5
3846 3862 4
3846 3863 4
3753 3863 5
3753 3864 5
3846 3864 4
3753 3865 5
3846 3865 4
3753 3866 5
3846 3866 4
3838 3867 3
3753 3867 4
3753 3868 5
3867 3868 4
3753 3869 3
3835 3869 2
3869 3870 3
3753 3870 4
3870 3871 4
3753 3871 6
1035 3871 1
494 3872 1
3873 3872 2
3874 3873 2
3746 3873 2
3875 3874 16
661 3875 2
3877 3876 2
963 3876 1
3881 3880 3
3784 3884 1
921 3885 1
3784 3885 2
3884 3885 1
3887 3886 4
814 3887 1
785 3887 2
4040 3888 4
3886 3888 4
3889 3888 8
3887 3889 4
4041 3889 4
813 3889 1
3892 3891 5
3894 3891 4
3893 3892 8
4130 3893 4
673 3895 1
674 3895 1
3896 3895 2
3897 3895 2
3899 3898 1
3898 3900 1
1009 3900 1
3899 3900 3
4068 3901 2
3899 3901 8
1042 3901 1
4069 3901 2
3900 3901 3
3901 3902 8
3899 3902 8
3899 3903 8
3901 3903 8
3901 3904 8
3899 3904 8
3874 3905 2
3727 3905 2
487 3906 1
3907 3906 2
3874 3907 2
3727 3907 2
1018 3908 1
767 3908 1
732 3908 2
924 3908 1
3784 3908 11
1028 3908 1
615 3908 1
528 3908 2
3908 3909 11
922 3909 2
3911 3909 4
3784 3909 16
3908 3910 1
3784 3910 6
3911 3910 4
901 3910 2
3908 3911 1
3784 3911 4
4115 3911 2
3742 3912 7
3912 3913 3
3912 3914 3
3740 3915 7
3914 3915 3
3912 3916 3
3912 3917 3
3912 3918 3
3912 3919 3
3919 3920 3
3973 3920 7
3919 3921 3
3973 3921 7
3912 3922 3
3912 3923 3
3912 3924 3
4043 3925 2
4134 3925 1
3819 3925 1
976 3925 1
839 3925 2
709 3925 1
3950 3925 1
3820 3925 9
4043 3926 2
839 3926 2
976 3926 1
3819 3926 1
3950 3926 1
4134 3926 1
3820 3926 9
709 3926 1
709 3927 1
3950 3927 1
4134 3927 1
839 3927 2
976 3927 1
3819 3927 1
3820 3927 8
666 3928 1
3937 3928 10
3929 3928 30
524 3928 7
789 3928 1
791 3928 2
863 3928 1
3927 3928 8
537 3929 3
3820 3929 8
462 3929 1
525 3929 7
4087 3929 1
3807 3929 1
643 3929 3
3936 3929 3
3819 3930 1
3950 3930 1
3820 3930 9
976 3930 1
709 3930 1
4043 3930 2
4134 3930 1
839 3930 2
3892 3933 5
3934 3933 4
3936 3935 3
527 3935 2
940 3937 1
765 3937 1
3929 3937 10
863 3937 1
3935 3937 3
842 3937 1
584 3937 1
4088 3937 1
3929 3938 5
4088 3938 1
3935 3938 3
584 3938 1
4029 3939 7
3941 3940 3
3729 3940 4
724 3942 1
3943 3942 2
3942 3944 2
724 3944 1
3945 3944 2
3943 3945 2
3805 3946 10
642 3946 1
740 3946 5
961 3946 1
653 3946 1
978 3946 1
809 3947 1
3948 3947 2
872 3949 1
3889 3949 2
863 3950 1
791 3950 2
3820 3950 7
872 3950 1
3949 3950 2
1030 3950 1
3952 3951 4
4029 3952 6
3742 3953 2
470 3954 3
3954 3955 1
3955 3956 1
470 3956 9
3824 3956 10
3956 3957 6
3956 3958 6
3956 3959 6
3823 3960 6
3823 3961 6
3823 3962 6
3824 3963 4
3955 3963 1
470 3963 3
3824 3964 4
3955 3964 1
4023 3965 5
3966 3965 6
4024 3966 17
3965 3967 1
1012 3967 1
3968 3967 2
3772 3968 6
4060 3968 1
3966 3968 1
3968 3969 1
3965 3969 1
3965 3970 1
3968 3970 1
3965 3971 1
3968 3971 1
3772 3972 4
3746 3973 10
3912 3973 1
3741 3973 6
1013 3974 1
3774 3974 2
3974 3975 2
3976 3975 3
3991 3976 2
3774 3976 2
3978 3976 4
3978 3977 4
3975 3977 3
3976 3978 3
571 3978 2
3991 3978 5
572 3978 2
570 3978 2
3978 3979 4
3977 3979 4
3976 3980 2
3974 3980 2
3974 3981 2
3976 3981 3
3983 3982 3
3981 3982 3
3976 3983 3
3981 3984 3
3985 3984 3
3976 3985 3
3981 3986 3
3987 3986 3
3976 3987 3
3951 3989 2
3991 3990 2
693 3990 1
3987 3991 4
932 3991 1
3976 3992 2
3990 3992 2
907 3993 1
4136 3993 1
1027 3993 1
3978 3993 6
678 3993 1
3990 3993 2
601 3994 1
3996 3994 1
3995 3994 2
595 3997 2
597 3997 2
469 3998 4
3998 3999 2
467 4000 10
3999 4000 2
470 4000 9
4000 4001 11
4001 4002 8
4001 4003 8
467 4004 4
3999 4004 2
4006 4005 3
3941 4007 3
3749 4008 3
885 4008 1
4011 4012 7
3797 4013 5
4015 4014 1
537 4015 3
978 4016 1
4017 4016 2
4014 4016 1
4015 4017 2
4019 4018 2
4021 4020 2
493 4020 1
4022 4021 4
3746 4021 4
3875 4022 16
4024 4023 5
4026 4025 2
773 4025 1
4129 4026 4
4028 4027 2
4025 4027 2
4026 4028 2
3952 4029 1
4030 4029 1
617 4032 1
4033 4032 4
4034 4033 4
4036 4035 1
713 4037 1
4038 4037 2
3807 4039 1
4041 4040 4
962 4041 1
742 4041 2
3895 4042 1
4042 4043 1
3895 4043 2
3895 4044 1
4042 4044 1
3776 4045 3
841 4046 1
4047 4046 2
3731 4047 1
3875 4048 3
4048 4049 1
486 4050 4
4049 4050 1
4049 4051 1
486 4051 4
486 4052 4
4049 4052 1
4048 4053 1
4053 4054 1
493 4054 4
493 4055 4
4053 4055 1
4053 4056 1
493 4056 4
4057 4058 3
4059 4060 4
3899 4063 1
3899 4064 1
4063 4064 1
4063 4065 1
3899 4065 1
3899 4066 1
4063 4066 1
3899 4067 1
4067 4068 1
3899 4068 2
3899 4069 2
4067 4069 1
494 4070 1
4071 4070 2
3874 4071 2
3746 4071 2
4073 4072 2
486 4072 1
3727 4073 4
4022 4073 4
4075 4074 1
4077 4076 1
4074 4076 1
4075 4077 1
646 4077 1
578 4082 2
4081 4082 1
3827 4083 4
470 4083 3
650 4083 1
4085 4084 5
464 4085 16
4087 4086 1
3807 4087 1
851 4088 1
769 4088 1
1022 4088 2
736 4088 1
666 4088 1
4087 4088 9
4086 4088 1
691 4089 1
928 4089 1
3729 4089 4
4090 4091 3
3784 4092 3
901 4092 2
3941 4093 3
4096 4094 2
4095 4094 5
4098 4097 5
3749 4099 1
4008 4099 1
3985 4100 1
4102 4101 3
4105 4104 1
675 4105 3
3746 4106 6
4107 4106 2
3912 4106 1
3742 4107 2
4019 4108 1
4108 4109 1
4019 4109 1
4111 4110 8
4036 4112 1
4036 4113 1
4112 4113 1
4101 4114 1
4116 4115 2
4114 4115 1
4101 4116 1
3940 4116 1
536 4117 2
3966 4117 6
634 4117 2
912 4117 1
4119 4118 1
4117 4118 1
4060 4119 1
3966 4119 1
3772 4119 6
4119 4120 2
4117 4120 1
1012 4120 1
4117 4121 1
4119 4121 1
4117 4122 1
4119 4122 1
3772 4123 4
4087 4125 1
4060 4126 1
4126 4127 3
3936 4127 4
4130 4129 3
4132 4131 1
4132 4133 4
896 4133 1
4131 4133 1
606 4133 2
4060 4134 1
3991 4136 1
4085 4137 5
4139 4138 1
