4356 4355 3
4408 4355 1
4358 4357 1
4356 4357 3
4356 4358 3
4372 4358 1
4356 4359 3
4385 4359 1
4408 4360 1
4356 4360 3
4356 4361 3
4408 4361 1
4356 4362 3
4408 4362 1
4364 4363 7
4372 4364 1
4363 4364 1
4400 4364 1
4366 4364 18
4373 4364 1
4399 4364 1
4365 4364 17
4385 4364 1
4390 4367 10
4368 4367 11
4394 4367 11
4398 4368 11
4364 4368 16
4368 4369 4
4371 4370 3
4406 4370 1
4364 4372 5
4364 4373 5
4373 4374 1
4374 4375 1
4364 4375 3
4375 4376 3
4368 4376 7
4464 4376 2
4374 4377 1
4373 4377 2
4381 4378 2
4373 4378 6
4377 4378 2
4380 4378 2
4379 4378 2
4382 4378 2
4373 4379 2
4374 4379 1
4374 4380 1
4373 4380 2
4373 4381 2
4374 4381 1
4374 4382 1
4373 4382 2
4384 4383 3
4364 4385 5
4439 4386 1
4387 4386 2
4368 4388 3
4420 4388 1
4402 4388 1
4426 4389 2
4405 4389 2
4390 4389 10
4469 4389 2
4388 4389 3
4368 4390 3
4406 4390 6
4389 4391 10
4390 4391 10
4404 4392 3
4393 4392 11
4367 4392 20
4423 4392 3
4422 4392 3
4389 4392 10
4389 4393 10
4394 4393 11
4390 4394 10
4414 4394 3
4385 4395 1
4359 4396 1
4395 4396 1
4398 4397 5
4384 4398 5
4366 4398 6
4397 4398 1
4364 4399 5
4401 4400 2
4364 4400 4
4398 4402 1
4439 4403 1
4387 4403 2
4368 4404 3
4474 4404 1
4440 4404 1
4430 4405 1
4406 4405 2
4370 4406 3
4408 4407 1
4467 4408 3
4400 4408 1
4407 4409 1
4361 4409 1
4355 4410 1
4407 4410 1
4407 4411 1
4362 4411 1
4407 4412 1
4360 4412 1
4364 4413 1
4372 4415 1
4358 4416 1
4415 4416 1
4363 4417 1
4364 4418 7
4417 4418 1
4473 4418 1
4472 4418 1
4435 4418 1
4433 4418 1
4442 4419 3
4368 4419 12
4418 4419 7
4364 4420 1
4398 4421 1
4463 4422 1
4421 4422 1
4368 4422 3
4368 4423 3
4431 4423 1
4470 4423 1
4419 4424 1
4423 4424 3
4367 4424 4
4370 4425 1
4406 4426 2
4425 4426 1
4398 4427 1
4438 4428 1
4368 4428 2
4427 4428 1
4368 4429 2
4438 4429 1
4427 4429 1
4370 4430 1
4398 4431 1
4376 4432 1
4367 4432 1
4400 4433 1
4433 4434 1
4408 4434 1
4399 4435 1
4364 4436 1
4368 4437 2
4471 4437 1
4436 4437 1
4364 4438 1
4364 4440 1
4397 4441 1
4398 4442 3
4441 4442 1
4364 4463 1
4398 4464 2
4358 4465 1
4357 4466 1
4465 4466 1
4370 4468 1
4406 4469 2
4468 4469 1
4364 4470 1
4398 4471 1
4372 4472 1
4385 4473 1
4398 4474 1
