142 141 1
155 142 2
154 142 2
149 142 1
157 142 1
141 143 1
142 143 1
141 144 1
142 144 1
158 146 2
168 146 1
145 146 1
147 148 1
151 149 1
142 149 1
169 150 1
180 150 1
187 150 1
164 150 2
149 150 4
185 150 1
172 151 3
149 151 4
174 152 1
153 152 2
142 156 1
186 159 1
146 159 2
159 160 2
161 160 2
146 161 4
163 162 3
146 165 2
186 165 1
161 166 2
165 166 2
167 168 3
151 169 1
151 170 1
149 171 1
170 171 1
142 173 1
146 173 1
151 175 1
177 176 1
175 176 1
151 177 1
175 178 1
169 178 1
175 179 1
180 179 1
151 180 1
180 181 1
175 181 1
175 182 1
180 182 1
142 183 1
183 184 1
173 184 1
168 186 1
142 188 1
188 189 1
149 189 1
146 190 1
173 191 1
190 191 1
161 192 1
190 192 1
