46 0 4
103 0 1
5 0 1
66 0 1
33 0 1
4 0 6
3 0 6
2 0 6
1 0 6
0 3 10
0 4 10
109 5 1
0 5 1
39 5 1
37 5 1
40 5 1
38 5 1
6 5 2
8 7 3
68 9 1
134 9 1
50 9 4
115 9 1
112 9 1
0 9 9
9 10 9
3 10 9
9 11 9
4 11 9
9 12 9
0 12 9
136 13 1
9 13 9
3 13 10
9 14 9
3 14 9
17 15 12
61 15 1
17 16 1
53 17 3
24 17 1
20 17 2
41 17 1
51 17 1
16 18 1
19 18 1
24 19 1
61 19 1
17 19 30
23 20 1
17 20 1
22 20 1
21 20 3
17 24 1
8 24 3
8 25 3
96 26 1
8 26 3
52 27 2
17 27 3
100 28 2
95 28 1
60 28 3
27 28 3
64 28 1
57 28 3
55 28 6
54 28 3
69 28 1
128 28 1
98 28 2
106 28 1
118 28 1
58 28 3
44 28 3
17 28 22
138 29 1
71 29 6
100 29 2
129 29 1
19 29 28
76 29 8
28 29 22
58 30 3
31 30 9
54 30 3
60 30 3
98 30 2
27 30 3
57 30 3
17 31 14
58 32 3
55 32 6
57 32 3
54 32 3
44 32 3
98 32 2
31 32 14
60 32 3
27 32 3
0 33 1
36 33 1
35 33 1
17 33 1
21 33 3
34 33 1
34 39 1
21 41 3
17 41 1
23 41 1
22 41 1
43 42 3
17 44 3
52 44 2
46 45 1
36 46 1
114 46 1
113 46 1
21 46 3
46 47 1
45 47 1
46 48 3
45 48 1
120 48 1
46 49 3
48 49 3
46 50 4
48 50 3
21 51 3
35 51 1
40 51 1
17 51 1
22 51 1
23 51 1
123 52 1
53 52 2
21 53 3
17 54 3
52 54 2
111 55 1
97 55 1
88 55 1
52 55 2
17 55 6
15 56 13
100 56 2
55 56 6
129 56 1
71 56 6
76 56 8
17 57 3
52 57 2
52 58 2
17 58 3
52 59 2
53 59 2
52 60 2
17 60 3
62 61 3
63 61 1
17 64 1
109 66 1
67 66 2
119 66 1
114 66 1
37 66 1
0 66 1
38 66 1
40 66 1
66 68 1
17 69 1
105 70 1
21 70 3
97 71 1
88 71 1
111 71 1
17 71 6
73 72 2
71 72 1
17 73 8
61 73 1
73 74 2
72 74 2
73 75 2
72 75 2
138 76 1
17 76 8
71 76 6
129 77 1
71 77 5
76 77 8
15 77 10
100 77 2
71 78 6
76 78 8
73 78 8
82 79 1
21 79 3
81 79 1
17 79 1
34 79 1
35 79 1
36 79 1
80 79 1
84 83 3
129 85 1
73 85 2
85 86 2
73 86 2
51 88 1
111 89 1
88 89 1
99 89 1
17 89 3
17 90 5
88 90 1
138 90 1
111 90 1
99 90 1
90 91 5
19 91 5
94 92 1
93 92 1
17 95 1
20 97 1
110 98 1
17 98 2
20 99 1
17 100 2
111 100 1
129 101 1
100 101 2
19 101 3
104 103 2
0 103 1
105 103 1
109 103 1
17 106 1
108 107 2
109 107 1
82 107 1
53 110 1
41 111 1
5 112 1
33 115 1
0 116 1
125 116 1
17 116 1
36 116 1
81 116 1
21 116 3
117 116 3
113 116 1
17 118 1
34 119 1
36 119 1
46 120 1
3 121 1
3 122 1
121 122 1
53 123 1
17 128 1
61 129 1
73 130 1
129 130 1
15 131 1
129 131 1
129 132 1
19 132 1
129 133 1
15 133 1
103 134 1
0 136 1
136 137 1
4 137 1
24 138 1
17 139 1
138 139 1
