3139 3138 1
3169 3139 4
3190 3140 1
3158 3140 1
3847 3140 1
3185 3140 1
3913 3140 1
3892 3140 1
3828 3140 1
3871 3140 1
3803 3140 1
3910 3140 1
3879 3140 1
3857 3140 1
3779 3140 1
3219 3140 1
3207 3140 1
3860 3140 1
3912 3140 1
3144 3140 1
3907 3140 1
3836 3140 1
3222 3140 1
3885 3140 1
3798 3140 1
3866 3140 1
3911 3140 1
3785 3140 1
3141 3140 35
3891 3140 1
3909 3140 1
3138 3140 1
3818 3140 1
3880 3140 1
3859 3140 1
3206 3140 1
3797 3140 1
3221 3141 1
3806 3141 1
3151 3141 1
3145 3141 7
3858 3141 1
3220 3141 7
3159 3141 3
3155 3141 7
3139 3141 7
3191 3141 7
3819 3141 7
3140 3142 35
3845 3142 1
3143 3142 48
3141 3142 52
3785 3143 1
3887 3143 1
3802 3143 1
3798 3143 1
3914 3143 1
3888 3143 1
3894 3143 1
3222 3143 1
3866 3143 1
3883 3143 1
3910 3143 1
3881 3143 1
3912 3143 1
3206 3143 1
3899 3143 1
3871 3143 1
3138 3143 1
3184 3143 1
3909 3143 1
3803 3143 1
3797 3143 1
3846 3143 1
3892 3143 1
3154 3143 1
3144 3143 1
3207 3143 1
3190 3143 1
3885 3143 1
3880 3143 1
3913 3143 1
3859 3143 1
3219 3143 1
3805 3143 1
3158 3143 1
3141 3143 48
3836 3143 1
3779 3143 1
3860 3143 1
3907 3143 1
3911 3143 1
3847 3143 1
3869 3143 1
3825 3143 1
3889 3143 1
3828 3143 1
3818 3143 1
3879 3143 1
3185 3143 1
3145 3144 1
3169 3145 4
3147 3146 3
3891 3146 1
3798 3146 1
3169 3147 1
3858 3147 1
3159 3147 2
3151 3147 1
3146 3148 3
3147 3148 4
3148 3149 4
3778 3149 3
3147 3149 7
3147 3150 3
3146 3150 3
3210 3151 1
3152 3151 2
3153 3152 2
3155 3154 1
3169 3155 4
3154 3156 1
3157 3156 1
3155 3157 2
3167 3157 4
3177 3157 1
3159 3158 1
3169 3159 4
3147 3160 4
3158 3160 1
3816 3160 1
3857 3160 1
3147 3161 4
3160 3161 4
3147 3162 5
3160 3162 4
3162 3163 5
3147 3163 5
3165 3164 3
3857 3164 1
3816 3164 1
3158 3164 1
3169 3165 1
3191 3165 1
3858 3165 1
3151 3165 1
3159 3165 2
3167 3165 4
3167 3166 4
3819 3167 1
3159 3167 1
3151 3167 2
3155 3167 1
3177 3167 1
3191 3167 1
3168 3167 19
3145 3167 1
3793 3167 1
3220 3167 1
3139 3167 1
3210 3170 1
3171 3170 2
3153 3171 2
3153 3172 2
3872 3173 1
3174 3173 2
3173 3175 1
3175 3176 1
3173 3176 1
3210 3177 1
3172 3177 2
3167 3179 4
3819 3179 2
3194 3180 1
3181 3180 2
3182 3181 2
3183 3181 2
3139 3184 1
3155 3185 1
3187 3186 2
3194 3186 1
3183 3187 2
3182 3187 2
3167 3188 4
3145 3188 1
3167 3189 4
3191 3190 1
3169 3191 4
3866 3192 1
3847 3192 1
3190 3192 1
3167 3192 7
3803 3192 1
3222 3192 1
3779 3192 1
3891 3192 1
3165 3193 1
3190 3193 1
3183 3194 2
3855 3194 1
3849 3194 1
3182 3194 2
3194 3195 1
3194 3196 1
3194 3197 1
3194 3198 1
3194 3199 1
3194 3200 1
3194 3201 1
3194 3202 1
3147 3203 1
3147 3204 1
3203 3204 1
3790 3205 1
3177 3205 1
3793 3205 1
3826 3205 1
3155 3206 1
3191 3207 1
3830 3209 4
3208 3209 1
3843 3209 2
3153 3210 3
3210 3211 1
3210 3212 1
3210 3213 1
3210 3214 1
3210 3215 1
3210 3216 1
3210 3217 1
3210 3218 1
3220 3219 1
3169 3220 4
3169 3221 4
3139 3222 1
3222 3223 1
3224 3223 1
3167 3224 4
3139 3224 1
3793 3224 2
3147 3777 2
3147 3778 3
3777 3778 2
3220 3779 1
3781 3780 1
3779 3780 1
3167 3781 4
3220 3781 1
3783 3782 1
3822 3783 3
3895 3784 1
3782 3784 1
3868 3784 2
3783 3784 4
3139 3785 1
3783 3786 3
3868 3786 2
3783 3787 3
3786 3787 3
3789 3788 2
3194 3788 1
3182 3789 2
3183 3789 2
3210 3790 1
3791 3790 2
3153 3791 2
3793 3792 1
3210 3793 1
3865 3793 2
3891 3794 1
3900 3794 1
3792 3794 1
3798 3794 1
3167 3794 4
3224 3795 2
3814 3795 1
3792 3795 1
3792 3796 1
3224 3796 1
3220 3797 1
3159 3798 1
3165 3799 2
3798 3799 1
3857 3799 1
3165 3800 2
3891 3800 1
3798 3800 1
3891 3801 1
3798 3801 1
3165 3801 2
3191 3802 1
3145 3803 1
3188 3804 1
3803 3804 1
3806 3805 1
3169 3806 4
3808 3807 2
3194 3807 1
3182 3808 2
3183 3808 2
3151 3809 1
3167 3810 1
3809 3810 1
3167 3811 1
3809 3811 1
3813 3812 2
3210 3812 1
3153 3813 2
3793 3814 1
3182 3815 2
3183 3815 2
3169 3816 1
3857 3817 1
3165 3817 3
3816 3817 1
3891 3817 1
3819 3818 1
3169 3819 4
3179 3820 1
3818 3820 1
3179 3821 1
3818 3821 1
3182 3824 2
3183 3824 2
3819 3825 1
3210 3826 1
3827 3826 2
3153 3827 2
3145 3828 1
3873 3829 1
3839 3829 1
3830 3829 3
3840 3830 2
3830 3831 4
3829 3831 3
3898 3832 1
3831 3832 4
3209 3832 5
3831 3833 4
3209 3833 4
3831 3834 4
3209 3834 4
3220 3836 1
3838 3837 2
3173 3837 2
3173 3838 2
3837 3838 2
3840 3839 1
3842 3841 3
3177 3844 1
3826 3844 1
3793 3844 1
3790 3844 1
3141 3845 1
3191 3846 1
3819 3847 1
3179 3848 1
3847 3848 1
3849 3850 3
3194 3851 1
3890 3851 2
3824 3852 2
3194 3852 1
3815 3853 2
3194 3853 1
3886 3854 2
3194 3854 1
3842 3856 3
3858 3857 1
3870 3858 3
3139 3859 1
3191 3860 1
3882 3862 2
3210 3862 1
3864 3863 2
3914 3863 1
3221 3864 1
3153 3865 2
3155 3866 1
3866 3867 1
3157 3867 2
3900 3867 1
3783 3868 2
3915 3868 1
3139 3869 1
3191 3871 1
3840 3873 1
3790 3874 1
3878 3875 1
3916 3875 1
3874 3875 1
3893 3875 1
3844 3875 4
3874 3876 1
3893 3876 1
3916 3876 1
3878 3876 1
3205 3876 4
3826 3878 1
3220 3879 1
3145 3880 1
3819 3881 1
3153 3882 2
3159 3883 1
3145 3885 1
3183 3886 2
3182 3886 2
3145 3887 1
3220 3888 1
3155 3889 1
3182 3890 2
3183 3890 2
3151 3891 1
3155 3892 1
3177 3893 1
3220 3894 1
3783 3895 1
3209 3898 1
3145 3899 1
3177 3900 1
3900 3901 1
3902 3901 1
3177 3902 1
3157 3903 1
3900 3903 1
3157 3904 1
3900 3904 1
3157 3905 1
3900 3905 1
3157 3906 1
3900 3906 1
3819 3907 1
3819 3909 1
3155 3910 1
3139 3911 1
3819 3912 1
3191 3913 1
3221 3914 1
3783 3915 1
3793 3916 1
