4581 4574 1
4592 4574 1
4579 4576 4
4580 4576 1
4583 4576 1
4598 4576 2
4575 4576 3
4601 4576 1
4600 4576 1
4599 4576 2
4575 4577 3
4580 4578 3
4575 4578 3
4583 4578 3
4581 4579 1
4618 4581 2
4580 4581 2
4592 4581 1
4600 4581 1
4633 4581 1
4632 4581 1
4580 4582 1
4578 4584 1
4619 4585 1
4584 4585 1
4586 4585 2
4576 4586 2
4592 4586 1
4578 4586 2
4619 4587 1
4637 4587 1
4584 4587 1
4630 4587 1
4586 4587 4
4589 4588 7
4590 4588 3
4621 4588 1
4636 4588 1
4620 4589 1
4600 4589 3
4577 4589 1
4627 4590 1
4589 4590 3
4588 4590 1
4588 4591 1
4589 4591 1
4593 4592 2
4631 4592 1
4589 4594 1
4594 4595 1
4589 4595 1
4589 4596 1
4596 4597 1
4589 4597 1
4581 4602 1
4625 4603 1
4604 4603 3
4602 4603 1
4645 4603 1
4592 4604 2
4581 4604 1
4579 4605 1
4602 4605 1
4574 4606 2
4645 4606 1
4602 4606 1
4602 4607 1
4645 4607 1
4574 4607 2
4602 4608 1
4579 4608 1
4604 4609 3
4602 4609 1
4645 4609 1
4625 4609 1
4625 4610 1
4611 4610 3
4638 4610 1
4602 4610 1
4576 4611 1
4581 4611 1
4592 4611 2
4611 4612 2
4645 4612 1
4602 4612 1
4645 4613 1
4604 4613 3
4625 4613 1
4602 4613 1
4602 4614 1
4645 4614 1
4615 4614 2
4592 4615 2
4581 4615 1
4617 4616 3
4576 4619 1
4589 4621 1
4628 4623 1
4624 4623 2
4592 4625 1
4625 4626 1
4615 4626 1
4589 4627 1
4578 4630 1
4576 4634 1
4634 4635 1
4576 4635 1
4589 4636 1
4576 4637 1
4576 4638 1
4589 4639 1
4588 4639 1
4589 4640 1
4588 4640 1
4589 4641 1
4588 4641 1
4577 4642 1
4642 4643 1
4577 4643 1
4642 4644 1
4589 4644 1
4592 4645 1
4645 4646 1
4581 4646 1
4581 4647 1
4645 4647 1
4645 4648 1
4604 4648 1
4645 4649 1
4581 4649 1
4645 4650 1
4604 4650 1
4645 4651 1
4581 4651 1
4645 4652 1
4581 4652 1
4645 4653 1
4586 4653 1
