629 33 2
629 34 4
33 34 2
33 35 2
629 35 2
624 36 3
624 37 3
39 38 3
43 40 1
280 40 1
89 41 1
43 41 4
88 41 1
65 41 1
66 41 1
86 41 1
85 41 1
40 41 4
90 41 1
43 42 1
105 43 1
86 43 1
303 43 1
100 43 2
106 43 1
623 43 3
103 43 1
68 43 4
42 44 1
45 44 1
43 45 3
623 45 1
54 45 3
42 46 1
43 46 1
38 47 1
47 48 1
38 48 1
73 49 3
50 49 4
66 50 1
67 50 1
63 50 1
43 50 5
64 50 1
629 50 4
65 50 1
50 51 5
80 51 1
49 51 4
282 52 1
80 52 1
49 52 4
73 52 3
50 52 7
73 53 3
110 53 3
317 53 1
49 53 4
50 53 7
50 55 2
50 56 2
55 56 2
58 57 2
293 57 1
43 58 1
57 59 2
58 59 2
58 60 2
57 60 2
41 69 2
72 69 1
69 70 2
71 70 2
41 71 2
43 72 1
72 73 1
112 73 1
43 73 3
73 74 3
72 74 1
50 74 4
74 75 4
50 75 4
629 76 5
74 76 4
77 76 4
72 77 1
73 77 3
50 77 4
77 78 4
50 78 4
72 79 1
41 79 2
50 80 3
72 80 1
52 80 1
82 81 1
271 83 1
278 83 1
81 83 1
84 83 3
105 84 1
106 84 1
82 84 1
36 84 1
43 84 1
623 84 1
88 86 3
87 86 5
45 91 1
91 92 1
45 92 1
94 93 1
91 93 1
36 94 1
623 94 1
45 94 3
91 95 1
94 95 1
97 96 3
99 98 3
41 101 1
301 102 1
41 102 3
101 102 1
299 102 1
104 105 3
104 106 3
107 108 1
292 108 2
43 109 2
112 109 1
50 110 3
109 110 2
41 111 2
109 111 2
623 112 1
112 113 1
43 113 2
319 113 1
305 114 1
84 114 3
112 114 1
320 114 1
305 115 1
43 115 3
320 115 1
112 115 1
112 268 1
278 268 1
84 268 2
94 269 1
281 270 3
94 270 4
269 270 1
84 271 1
323 272 1
274 272 2
273 272 3
272 276 1
276 277 1
272 277 1
36 278 1
279 280 1
311 280 2
286 281 1
312 281 1
94 281 3
43 282 1
40 283 1
307 284 1
40 284 2
283 284 1
307 285 1
283 285 1
40 285 2
36 286 1
286 287 1
94 287 1
286 288 1
94 288 1
286 289 1
312 289 1
94 289 2
304 290 2
286 290 1
94 290 3
286 291 1
94 291 1
43 293 1
84 294 1
293 294 1
629 295 1
293 295 1
293 296 1
58 296 1
293 297 1
629 297 1
293 298 1
629 298 1
41 299 1
79 300 1
41 300 1
43 301 1
301 302 1
40 302 1
45 304 2
312 304 1
105 305 1
280 307 1
40 308 1
307 308 1
307 309 1
40 309 2
318 309 1
40 310 1
307 310 1
623 312 1
312 313 1
43 313 1
312 314 1
43 314 2
314 315 2
45 315 2
314 316 2
45 316 2
50 317 1
40 318 1
623 319 1
106 320 1
37 321 1
37 322 1
321 322 1
624 623 3
625 623 3
627 626 1
279 627 3
626 628 1
629 628 1
627 629 1
62 629 2
61 629 2
50 629 5
43 629 1
626 630 1
629 630 1
629 631 1
626 631 1
629 632 1
626 632 1
