7237 7230 1
7238 7230 1
7234 7230 1
7236 7230 1
7240 7230 1
7231 7230 4
7235 7230 1
7233 7230 4
7239 7230 1
7232 7231 33
7355 7233 3
7454 7233 2
7242 7241 1
7770 7242 2
7409 7242 1
8038 7242 2
7423 7242 1
7474 7242 1
7421 7242 1
7397 7242 1
7241 7243 1
7650 7243 1
7509 7243 2
7244 7243 4
7242 7244 2
7651 7245 2
7781 7245 1
7243 7245 4
7405 7245 1
7246 7245 7
7406 7246 1
7244 7246 5
7242 7246 1
7770 7246 1
7650 7247 1
7243 7247 4
7246 7247 4
7249 7248 3
7650 7248 1
7241 7248 1
7509 7248 2
7244 7249 2
7561 7249 2
7242 7249 2
7781 7250 1
7242 7250 2
7241 7250 1
7509 7251 2
7652 7251 2
7241 7251 1
7650 7251 1
7249 7251 4
7253 7252 5
7509 7252 2
7652 7252 2
7651 7252 2
7241 7252 1
7561 7253 2
7244 7253 3
7242 7253 1
7255 7254 15
7440 7256 1
7240 7256 1
7601 7256 1
7254 7256 4
7428 7256 4
7233 7256 4
7410 7256 3
7429 7257 4
7794 7257 1
7601 7257 1
7254 7257 4
7793 7257 1
7362 7257 8
7235 7257 1
7792 7257 1
7235 7258 1
7254 7258 4
7233 7258 4
7240 7258 1
7410 7258 3
7440 7258 1
7793 7259 1
7233 7259 4
7254 7259 4
7234 7259 1
7430 7259 1
7789 7259 2
7339 7259 1
7440 7259 1
7428 7259 4
7238 7259 1
7601 7259 1
7820 7259 1
7240 7259 1
7254 7260 4
7440 7260 1
7239 7260 1
7821 7260 1
7495 7260 1
7601 7260 1
7820 7260 1
7793 7260 1
7240 7260 1
7430 7260 3
7234 7260 1
7233 7260 4
7238 7260 1
7819 7260 1
7440 7261 1
7233 7261 4
7410 7261 3
7240 7261 1
7601 7261 1
7254 7261 4
7428 7261 4
7230 7262 1
7456 7263 15
7262 7263 1
7912 7263 1
7575 7263 2
7264 7263 19
7260 7264 2
7403 7264 10
7355 7264 3
7230 7264 1
7631 7264 1
7530 7264 2
7257 7264 1
7454 7264 2
7630 7264 1
7321 7264 1
7261 7264 2
7266 7264 2
7565 7264 3
7283 7264 1
7322 7264 1
7285 7264 2
7327 7264 2
7256 7264 2
7323 7264 1
7262 7265 1
7266 7265 2
7230 7266 1
7517 7266 3
7265 7267 2
7284 7267 2
7264 7267 4
7262 7268 1
7269 7268 1
7230 7269 2
7573 7269 3
7269 7270 2
7262 7270 1
7270 7271 2
8005 7271 1
7269 7271 3
7262 7272 1
7266 7272 1
7262 7273 1
7269 7273 2
8005 7273 1
7275 7274 2
7229 7275 2
7278 7277 2
7907 7277 1
7517 7278 3
7409 7278 2
8066 7279 1
7278 7279 3
7277 7279 2
7725 7280 2
7832 7280 2
7746 7280 2
7766 7280 2
7284 7280 2
7277 7280 2
7281 7280 12
7285 7281 2
7833 7281 2
7278 7281 2
7516 7281 2
7399 7281 2
7530 7281 2
7283 7282 1
7440 7283 1
7233 7283 4
7257 7283 3
7235 7283 1
7238 7283 1
7231 7283 4
7240 7283 1
7562 7283 1
7282 7284 1
7285 7284 2
7517 7285 3
7283 7285 3
7284 7286 2
7285 7286 2
7282 7287 1
7966 7287 1
7288 7287 3
7812 7287 1
7283 7288 3
7633 7288 2
7258 7288 2
7317 7288 1
7282 7289 1
7285 7289 1
7258 7290 1
7292 7291 8
7460 7291 1
7872 7291 1
7996 7291 1
7290 7291 1
7550 7291 1
7544 7291 2
8049 7291 1
7260 7292 2
7283 7292 1
7258 7292 1
7230 7292 1
7259 7292 1
7261 7292 1
7256 7292 1
7460 7293 1
7290 7293 1
7544 7293 2
7872 7293 1
7292 7293 9
8049 7293 1
7550 7293 1
7996 7293 1
7293 7294 9
7295 7294 9
7397 7295 1
7423 7295 1
7421 7295 1
7260 7295 3
7292 7295 9
7261 7295 3
7259 7295 2
7489 7295 3
7412 7295 2
7336 7295 1
7283 7295 1
7256 7295 2
7454 7295 2
7411 7295 1
7413 7295 1
7326 7295 1
7414 7295 2
7422 7295 1
7302 7295 4
7409 7295 1
7297 7296 3
7517 7298 3
7404 7298 2
7300 7299 1
7317 7300 1
7438 7300 2
7931 7301 1
7299 7301 1
7302 7301 4
8069 7301 1
7234 7302 1
7238 7302 1
7300 7302 1
7345 7302 3
7315 7302 2
7288 7302 1
7240 7302 1
7301 7303 4
7488 7303 3
7295 7303 8
7455 7303 2
7931 7304 1
7937 7304 1
7885 7304 1
7909 7304 1
7305 7304 21
8039 7304 1
7804 7304 1
8055 7304 1
7353 7304 1
7707 7304 1
7974 7304 1
7299 7304 1
7970 7304 1
7731 7304 1
8057 7304 1
7487 7304 1
7732 7304 1
7462 7304 1
7773 7304 1
7671 7304 1
7451 7304 1
7466 7304 1
7397 7305 2
7330 7305 3
7318 7305 1
7421 7305 1
7300 7305 1
7256 7305 1
7315 7305 4
7320 7305 1
7261 7305 1
7325 7305 3
7328 7305 3
7327 7305 3
7329 7305 1
7324 7305 1
7422 7305 1
7319 7305 1
7308 7307 4
7409 7308 1
7421 7308 1
7422 7308 1
7397 7308 1
7423 7308 1
7698 7308 1
7309 7310 4
7309 7311 4
7309 7312 4
7517 7313 3
7336 7313 1
7386 7315 2
7317 7315 1
7422 7315 1
7331 7315 1
7438 7315 2
7314 7315 3
7385 7317 2
7316 7317 1
7494 7318 2
7317 7318 1
7626 7319 2
7317 7319 1
7317 7320 1
7493 7320 2
7317 7321 1
7791 7321 2
7418 7322 2
7317 7322 1
7401 7322 2
7317 7323 1
7349 7323 2
7648 7323 2
7317 7324 1
7439 7324 2
7331 7325 1
7594 7325 2
7386 7325 2
7317 7325 1
7483 7326 2
7317 7326 1
7737 7327 2
7317 7327 1
7421 7327 1
7386 7327 2
7331 7327 1
7331 7328 1
7317 7328 1
7386 7328 2
7384 7328 2
7256 7329 2
7261 7329 3
7317 7329 1
7259 7329 3
7740 7329 2
7386 7330 2
7331 7330 1
7464 7330 2
7317 7330 1
7345 7332 1
7240 7332 1
7288 7332 1
7333 7332 2
7335 7334 3
7338 7336 1
7255 7336 3
7337 7336 1
7339 7336 1
7238 7336 1
7341 7340 1
7425 7341 3
7426 7341 3
7232 7341 3
7340 7342 1
7343 7342 5
7928 7342 1
7807 7342 1
7930 7342 1
7758 7342 1
7341 7343 1
7759 7343 4
7346 7344 1
7324 7344 1
7238 7344 1
7240 7344 1
7345 7344 3
7845 7347 2
7349 7348 1
7234 7349 1
7419 7349 1
7469 7349 1
7440 7349 1
7417 7349 5
7352 7349 4
7348 7350 1
7323 7350 2
7352 7351 4
7350 7351 2
7972 7351 2
7322 7352 2
7323 7352 2
7327 7353 1
7355 7354 2
8069 7354 1
7353 7354 1
7327 7355 1
7345 7355 3
7338 7355 1
7240 7355 1
7495 7355 1
7234 7355 1
7288 7355 1
7355 7356 3
7353 7356 1
8069 7356 1
7543 7357 1
8055 7357 1
7264 7357 15
7455 7357 2
7538 7357 1
7402 7357 1
7629 7357 1
7900 7357 1
7966 7357 1
7356 7357 3
7466 7357 1
7923 7357 1
7455 7358 2
7356 7358 3
7233 7358 5
7455 7359 2
7543 7359 1
7360 7359 7
7356 7359 3
7355 7360 3
7260 7360 1
7454 7360 2
7362 7361 8
7359 7361 7
7709 7362 3
7360 7362 7
7257 7363 8
7361 7363 8
7364 7365 3
7898 7366 1
7641 7366 1
7367 7366 3
7422 7367 1
7421 7367 1
7409 7367 1
7397 7367 1
7423 7367 1
7274 7367 1
7257 7367 4
7447 7368 2
7369 7368 48
7689 7368 2
7449 7368 2
7563 7368 3
7476 7368 2
7715 7368 2
7366 7368 3
7881 7368 1
7445 7368 2
7851 7368 1
7599 7368 5
7855 7368 2
7743 7368 2
7513 7368 1
7896 7368 2
7744 7368 2
7646 7368 2
7711 7368 3
7895 7368 1
7979 7368 1
7877 7368 2
7498 7368 2
7911 7368 1
7642 7368 3
7622 7368 3
7644 7368 3
7716 7369 3
7313 7369 3
7656 7369 5
7514 7369 6
7499 7369 2
7367 7369 17
7437 7369 3
7894 7369 1
7571 7369 2
7298 7369 4
7712 7369 3
7701 7369 2
7477 7369 2
7617 7369 3
7893 7370 1
7369 7370 49
7368 7370 48
7488 7371 3
7368 7371 48
7867 7371 1
7778 7371 1
7372 7371 53
7369 7372 48
7436 7372 3
7412 7372 1
7414 7372 1
7489 7372 3
8052 7373 1
7981 7373 1
7475 7373 1
7374 7373 58
7994 7373 1
7687 7373 1
7902 7373 1
7666 7373 1
7774 7373 1
8033 7373 1
7858 7373 1
7898 7373 1
7368 7373 48
7825 7373 1
7692 7373 7
7983 7373 1
7621 7373 1
7257 7374 3
7404 7374 2
7409 7374 1
7420 7374 2
7413 7374 1
7418 7374 1
7416 7374 1
7423 7374 1
7369 7374 48
7422 7374 1
7349 7374 1
7421 7374 1
7415 7374 2
7397 7374 1
7374 7375 59
7373 7375 58
7375 7376 59
7374 7376 60
7377 7376 59
7873 7377 1
7374 7377 59
7373 7377 58
7379 7378 4
7366 7378 3
7513 7378 1
7477 7379 2
7716 7379 3
7571 7379 2
7313 7379 3
7712 7379 3
7437 7379 3
7367 7379 17
7514 7379 6
7499 7379 2
7701 7379 2
7298 7379 4
7257 7380 2
8035 7380 1
8059 7381 1
8031 7381 1
7584 7381 6
7380 7381 2
7583 7381 3
7382 7381 10
7257 7382 13
7698 7382 1
7595 7383 4
7380 7383 2
8074 7383 1
7382 7383 10
7583 7383 3
7385 7384 2
7308 7387 4
7259 7388 1
7329 7389 3
7388 7389 1
7718 7389 2
7388 7390 1
7966 7390 1
7295 7390 4
7543 7390 1
7295 7391 7
7390 7391 4
7587 7391 1
7538 7391 1
7939 7392 1
7295 7392 12
7667 7392 1
7543 7392 1
8054 7392 1
7391 7392 7
7718 7392 2
7394 7393 1
7388 7393 1
7259 7394 1
7517 7394 3
7308 7395 4
7397 7396 1
7240 7397 1
7469 7397 1
7231 7397 4
7410 7397 1
7665 7397 2
7440 7397 1
7396 7398 1
7399 7398 3
7766 7398 2
7397 7399 2
7517 7399 3
7421 7400 5
7517 7400 3
7385 7401 2
7403 7402 1
7440 7404 1
7469 7404 1
7240 7404 1
7239 7404 1
7231 7404 4
7406 7405 1
7511 7406 4
7246 7407 1
7405 7407 1
7246 7408 1
7405 7408 1
7410 7409 3
7231 7409 4
7440 7409 1
7240 7409 1
7995 7409 1
7469 7409 1
7337 7411 1
7255 7411 3
7339 7411 1
7338 7411 1
7634 7412 2
7338 7412 1
7234 7412 1
7427 7412 1
7255 7412 3
7601 7412 1
7339 7412 1
7337 7412 1
7238 7413 1
7234 7413 1
7235 7413 1
7469 7413 1
7240 7413 1
7255 7413 3
7601 7414 1
7339 7414 1
7337 7414 1
7255 7414 3
7234 7414 1
7427 7414 3
7338 7414 1
7231 7415 4
7469 7415 1
7440 7415 1
7240 7415 1
7440 7416 1
7240 7416 1
7231 7416 4
7469 7416 1
7349 7417 1
7231 7417 8
7485 7417 3
7418 7417 1
7417 7418 5
7469 7418 1
7431 7418 4
7352 7418 4
7419 7418 1
7234 7418 1
7440 7418 1
7257 7419 2
7231 7419 4
7236 7419 1
7237 7419 1
7469 7420 1
7240 7420 1
7440 7420 1
7257 7420 2
7231 7420 4
7469 7421 1
7440 7421 1
7240 7421 1
7231 7421 4
7410 7421 3
7440 7422 1
7231 7422 4
7469 7422 1
7410 7422 3
7700 7422 1
7240 7422 1
7440 7423 1
7469 7423 1
7231 7423 4
7240 7423 1
7232 7424 3
7283 7429 1
8037 7432 1
7433 7432 2
7435 7434 3
7759 7434 3
7517 7437 3
7411 7437 1
7385 7438 4
7385 7439 2
7440 7441 3
7336 7442 1
7313 7443 1
7442 7443 1
7295 7444 6
7771 7444 1
7741 7444 1
7920 7444 1
7854 7444 1
8064 7444 1
7442 7444 1
7313 7445 2
7442 7445 1
7379 7446 2
7445 7446 2
7313 7447 2
7442 7447 1
7379 7448 4
7447 7448 2
7744 7448 2
7774 7449 1
7298 7449 2
7449 7450 2
7379 7450 2
7329 7451 1
7451 7452 1
7305 7452 2
7496 7452 1
7451 7453 1
7454 7453 1
7329 7454 1
7238 7454 1
7345 7454 3
7234 7454 1
7240 7454 1
7562 7454 1
7454 7455 2
7451 7455 1
7515 7456 2
8072 7456 1
7264 7456 15
7803 7456 5
7964 7456 2
7718 7456 2
8065 7456 1
7455 7456 2
7455 7457 2
7515 7457 2
7458 7457 4
7530 7458 2
7454 7458 2
7458 7459 4
7515 7459 2
7455 7459 2
7283 7460 1
7320 7461 1
7345 7461 3
7562 7461 1
7240 7461 1
7325 7462 1
7532 7463 1
7385 7464 2
7335 7465 3
7327 7466 1
7468 7467 2
7229 7468 2
7557 7470 2
7471 7470 3
7473 7472 5
7470 7472 3
7684 7472 2
7557 7472 2
7604 7473 3
8016 7473 1
7754 7473 5
7471 7473 3
7415 7475 1
7475 7476 1
7477 7476 2
7415 7477 1
7517 7477 3
7476 7478 2
7379 7478 2
7477 7479 1
7475 7479 1
7481 7480 1
7335 7480 3
7482 7480 1
7335 7481 4
7335 7482 4
7385 7483 2
7319 7484 1
7240 7484 1
7345 7484 3
7330 7487 1
8069 7488 1
7487 7488 1
7489 7488 3
7345 7489 3
7330 7489 1
7238 7489 1
7288 7489 1
7240 7489 1
7256 7490 1
7746 7491 2
7516 7491 3
7490 7491 1
7335 7492 3
7385 7493 2
7385 7494 2
7320 7496 1
7461 7497 1
7496 7497 1
8064 7498 1
7499 7498 2
7517 7499 3
7412 7499 1
7743 7500 2
7379 7500 6
7855 7500 2
7498 7500 2
7258 7501 3
7809 7501 1
7806 7501 1
7501 7502 3
7503 7502 4
7517 7503 3
7258 7503 3
7503 7504 4
7502 7504 4
7503 7505 4
7502 7505 4
7502 7506 4
7503 7506 4
7503 7507 4
7502 7507 4
7335 7508 3
7244 7509 2
7650 7509 1
7511 7510 2
7509 7510 2
7244 7511 2
7517 7512 3
7420 7512 2
7514 7513 1
7714 7514 3
7530 7515 2
7720 7515 1
7517 7516 3
7256 7516 2
7517 7518 3
7423 7518 1
7520 7519 2
7229 7520 2
7517 7530 3
7261 7530 1
7932 7531 2
7308 7533 4
7308 7534 4
7308 7535 4
7308 7536 4
7308 7537 4
7260 7538 1
7540 7539 3
7257 7539 1
7542 7541 2
7229 7542 2
7260 7543 1
7543 7544 1
7260 7544 2
7543 7545 1
7295 7545 2
7295 7546 2
7545 7546 2
7718 7547 2
7295 7547 3
7543 7547 1
8053 7548 1
7549 7548 2
7259 7550 1
7463 7551 1
7553 7552 2
7551 7552 1
8068 7552 1
7463 7553 2
7555 7554 2
7551 7554 1
8068 7554 1
7463 7555 2
7471 7556 1
7471 7557 2
7556 7557 1
7557 7558 2
7471 7558 2
7471 7559 2
7557 7559 2
7249 7560 4
7242 7561 1
7641 7563 1
7858 7563 1
7367 7563 3
7563 7564 3
7979 7564 1
7379 7564 4
7566 7565 3
8046 7565 1
7567 7565 2
7256 7568 1
7568 7569 1
7256 7569 1
7413 7571 2
7517 7571 3
7573 7572 3
7419 7572 1
7323 7574 1
7574 7575 1
7264 7575 2
8053 7576 1
7577 7576 2
7254 7578 1
7578 7579 1
7254 7579 1
7257 7580 1
7582 7581 1
7580 7581 1
7257 7582 1
7580 7583 1
7813 7583 1
7257 7583 3
7873 7584 1
7257 7584 6
7580 7584 1
7813 7584 3
8059 7584 1
7257 7585 6
7584 7585 6
7335 7586 3
7326 7587 1
7589 7588 1
7587 7588 1
7326 7589 1
7419 7590 1
7590 7591 1
7572 7591 1
7418 7592 1
7590 7592 1
7349 7593 1
7590 7593 1
7385 7594 2
7977 7595 1
7257 7595 4
7813 7595 2
7382 7596 4
7595 7596 4
7382 7597 4
7595 7597 4
7621 7598 1
7595 7598 4
7902 7598 1
7898 7598 1
7858 7598 1
7981 7598 1
7367 7598 10
7641 7598 1
7367 7599 5
7595 7599 4
7599 7600 5
7379 7600 6
7895 7600 1
7260 7602 1
7517 7602 3
7604 7603 2
7672 7603 1
7603 7605 2
7604 7605 3
7914 7606 1
7605 7606 3
7672 7606 1
7604 7606 4
7421 7607 3
8019 7607 1
7958 7607 1
7607 7608 3
7400 7608 3
7240 7609 1
7345 7609 3
7345 7610 3
7238 7610 1
7819 7610 1
7318 7610 1
7321 7611 1
7345 7611 3
7240 7611 1
7345 7612 3
7240 7612 1
7325 7612 1
7288 7612 1
7238 7613 1
7328 7613 1
7345 7613 3
7240 7613 1
7615 7614 3
7844 7616 2
7617 7616 3
7845 7617 2
7655 7618 5
7616 7618 3
7369 7618 8
7616 7619 3
7369 7619 8
7655 7619 5
7421 7621 1
7621 7622 1
7641 7622 1
7367 7622 3
7379 7623 4
7851 7623 1
7622 7623 3
7257 7624 1
7624 7625 1
7382 7625 1
7385 7626 2
7628 7627 3
7630 7629 1
7849 7630 3
7632 7631 3
7385 7633 2
7636 7635 4
7256 7637 1
7256 7638 1
7637 7638 1
7640 7639 3
7274 7641 1
7641 7642 1
7367 7642 3
7981 7642 1
7379 7643 4
7881 7643 1
7642 7643 3
7367 7644 3
7641 7644 1
7902 7644 1
7379 7645 4
7911 7645 1
7644 7645 3
7367 7646 2
7641 7646 1
7379 7647 2
7646 7647 2
7385 7648 2
7335 7649 3
7242 7650 1
7650 7651 1
7244 7651 2
7650 7652 1
7561 7652 2
7983 7653 1
7654 7653 2
7517 7654 3
7418 7654 1
7873 7655 1
7656 7655 5
7653 7655 2
7986 7655 2
7257 7656 1
7654 7656 3
7653 7657 2
7658 7657 2
7654 7658 3
7257 7658 1
7261 7659 1
7659 7660 1
7890 7660 1
7880 7660 1
7329 7660 3
7659 7661 1
7329 7661 3
7890 7661 1
7880 7661 1
7335 7662 3
7420 7666 1
7295 7667 1
7403 7668 2
7264 7669 5
7884 7669 1
7876 7669 1
7668 7669 1
7745 7669 1
8065 7669 1
7929 7670 1
8018 7670 1
7884 7670 1
7668 7670 2
7264 7670 9
8065 7670 1
7745 7670 1
7876 7670 1
8067 7670 1
7325 7671 1
7604 7672 1
7672 7673 1
7604 7673 2
7672 7674 1
7604 7674 2
7673 7674 2
7673 7675 2
7473 7675 2
7677 7676 1
7672 7676 1
7604 7677 1
7677 7678 2
7672 7678 1
7677 7679 2
7678 7679 2
7672 7680 1
7677 7680 1
7682 7681 2
7873 7681 1
7672 7681 1
7257 7682 1
7604 7682 1
7473 7683 1
7672 7683 1
7473 7684 2
7672 7684 1
7672 7685 1
7604 7685 1
7672 7686 1
7604 7686 1
7413 7687 1
7571 7688 1
7687 7688 1
7571 7689 2
7687 7689 1
7379 7690 2
7689 7690 2
7687 7691 1
7813 7691 2
7374 7691 5
8022 7691 1
7873 7692 1
7691 7692 5
7374 7692 7
7694 7693 5
7691 7693 5
7374 7694 5
7691 7695 5
7694 7695 5
7858 7696 1
8019 7696 1
7295 7696 6
7898 7696 1
7981 7696 1
7902 7696 1
7687 7696 1
7335 7697 3
7699 7698 3
7517 7701 3
7416 7701 1
7703 7702 1
7257 7703 3
7422 7704 1
7315 7705 1
7704 7705 1
7704 7706 1
7315 7706 1
7328 7707 1
7707 7708 1
7613 7708 1
7838 7711 2
7712 7711 3
7512 7712 2
7711 7713 3
7379 7713 3
7854 7715 1
7716 7715 2
7414 7716 1
7517 7716 3
7379 7717 2
7715 7717 2
7261 7718 2
7720 7718 1
8054 7719 1
7798 7719 1
7295 7719 4
7718 7719 2
7261 7720 1
7261 7721 1
7720 7721 1
7530 7722 1
7720 7722 1
7720 7723 1
8073 7723 1
7329 7723 3
8054 7723 1
7329 7724 3
8073 7724 1
7720 7724 1
8054 7724 1
7530 7725 2
7720 7725 1
7530 7726 2
7725 7726 2
7720 7727 1
7530 7727 1
7530 7728 1
7720 7728 1
7720 7729 1
7530 7729 1
7315 7731 1
7324 7732 1
7344 7733 1
7732 7733 1
7400 7734 2
7827 7734 1
7400 7735 3
7866 7735 1
7734 7735 2
7335 7736 3
7385 7737 2
7739 7738 3
7385 7740 2
7411 7741 1
7741 7742 1
7437 7742 1
7437 7743 2
7741 7743 1
7741 7744 1
7437 7744 2
7403 7745 1
8054 7746 1
7516 7746 2
7335 7747 3
7749 7748 1
7748 7750 1
7751 7750 1
7749 7751 1
7852 7753 1
7754 7753 2
7424 7754 1
7853 7754 1
7283 7754 1
7473 7755 2
7753 7755 2
7765 7756 2
7759 7758 1
7839 7759 1
7823 7759 2
7824 7759 2
7841 7759 1
7840 7759 1
7822 7759 2
7434 7760 1
7758 7760 1
7758 7761 1
7434 7761 1
7418 7762 1
7818 7763 1
7762 7763 1
7925 7763 1
7965 7763 1
7764 7763 4
7349 7764 1
7257 7764 1
7259 7764 1
7418 7764 1
7229 7765 2
7869 7766 1
7399 7766 2
7768 7767 3
7788 7770 2
7769 7770 1
7412 7771 1
7283 7772 1
7330 7773 1
7404 7774 1
7298 7775 1
7774 7775 1
7519 7776 1
7519 7777 1
7776 7777 1
7414 7778 1
7565 7779 1
7779 7780 1
7565 7780 3
7802 7780 2
7770 7781 1
7781 7782 1
7242 7782 3
8048 7782 1
7784 7783 3
7782 7783 3
7242 7784 3
7781 7785 1
7770 7785 1
7787 7786 1
7781 7786 1
7770 7787 1
7628 7790 3
7385 7791 2
7335 7795 3
7315 7796 1
7302 7797 1
7796 7797 1
7260 7798 1
7798 7799 1
7602 7799 1
7602 7800 1
7798 7800 1
7565 7801 1
7565 7802 2
7801 7802 1
7873 7803 1
7884 7803 1
7264 7803 5
7802 7803 2
7328 7804 1
7703 7805 1
7258 7806 1
7759 7807 1
7434 7808 1
7807 7808 1
7258 7809 1
7809 7810 1
7258 7810 1
7809 7811 1
7503 7811 1
7258 7812 1
8059 7813 1
7257 7813 3
7703 7814 2
7813 7814 2
7977 7815 1
7283 7815 3
7813 7815 2
7420 7816 2
7813 7816 2
7813 7817 2
7419 7817 2
7349 7818 1
7420 7825 1
7512 7826 1
7825 7826 1
7421 7827 1
7827 7828 1
7400 7828 1
7827 7829 1
7327 7829 1
7827 7830 1
8001 7830 1
7907 7830 1
7869 7830 1
7242 7830 4
7422 7831 1
7833 7832 2
7831 7832 1
7422 7833 1
7517 7833 3
7832 7834 2
7833 7834 2
7467 7835 1
7835 7836 1
7467 7836 1
7926 7838 1
7512 7838 2
7258 7842 1
7842 7843 1
7910 7843 1
7288 7843 2
8022 7844 1
7845 7844 2
7349 7845 1
7517 7845 3
7844 7846 2
7347 7846 2
7321 7847 1
8047 7848 1
7847 7848 1
7264 7848 2
7864 7850 1
7640 7850 3
7514 7851 1
7853 7852 1
7414 7854 1
7854 7855 1
7716 7855 2
7716 7856 1
7854 7856 1
7422 7858 1
7902 7859 1
8074 7859 1
7308 7859 6
7858 7859 1
7981 7859 1
7898 7859 1
8019 7859 1
7861 7860 4
7636 7862 4
7933 7863 2
7421 7866 1
7412 7867 1
7412 7868 1
7867 7868 1
7397 7869 1
7958 7870 1
7869 7870 1
8050 7870 1
7305 7870 6
8075 7870 1
7963 7870 1
8063 7870 1
7257 7871 1
7261 7872 1
7257 7873 1
7873 7874 1
7539 7874 1
7986 7875 2
7658 7875 3
7873 7875 1
7403 7876 1
8062 7877 1
7298 7877 2
7877 7878 2
7379 7878 2
7256 7880 1
7514 7881 1
7756 7882 1
7756 7883 1
7882 7883 1
7403 7884 1
7315 7885 1
8022 7886 1
7983 7886 1
7417 7886 3
7417 7887 3
7886 7887 3
7417 7888 3
7886 7888 3
7417 7889 3
7886 7889 3
7259 7890 1
7257 7891 1
7703 7892 1
7894 7893 1
7514 7895 1
8033 7896 1
7701 7896 2
7896 7897 2
7379 7897 2
7397 7898 1
7631 7900 1
7335 7901 3
7423 7902 1
7257 7904 1
7871 7905 1
7904 7905 1
7904 7906 1
7871 7906 1
7409 7907 1
7907 7908 1
7409 7908 2
8051 7908 1
7328 7909 1
7283 7910 1
7514 7911 1
7264 7912 1
7604 7914 1
7604 7915 2
7914 7915 1
7915 7916 2
7604 7916 3
7916 7917 3
7914 7917 1
7604 7917 3
7473 7918 1
7914 7918 1
7414 7920 1
7256 7921 1
7938 7922 1
8045 7922 1
7921 7922 1
7295 7922 3
7403 7923 1
7335 7924 3
7257 7925 1
7420 7926 1
7759 7928 1
7403 7929 1
7759 7930 1
7315 7931 1
7229 7932 2
7229 7933 2
7296 7934 1
8061 7935 1
7934 7935 1
8024 7935 1
7296 7935 3
7934 7936 1
8061 7936 1
8024 7936 1
7296 7936 3
7330 7937 1
7261 7938 1
7295 7939 1
7317 7940 1
7317 7941 1
7317 7942 1
7317 7943 1
7317 7944 1
7317 7945 1
7317 7946 1
7317 7947 1
7317 7948 1
7317 7949 1
7317 7950 1
7317 7951 1
7317 7952 1
7317 7953 1
7317 7954 1
7317 7955 1
7759 7956 1
7956 7957 1
7434 7957 1
7421 7958 1
8063 7959 1
7305 7959 4
7958 7959 1
8075 7959 1
7963 7959 1
7754 7960 3
7987 7960 1
7980 7960 1
7473 7961 3
7960 7961 3
7960 7962 3
7473 7962 3
7397 7963 1
7256 7964 2
8054 7964 1
7259 7965 1
7283 7966 1
7966 7967 1
7772 7967 1
7966 7968 1
7285 7968 1
7315 7970 1
7418 7971 1
7971 7972 1
7322 7972 2
7322 7973 1
7971 7973 1
7318 7974 1
7974 7975 1
7610 7975 1
7257 7977 1
7514 7979 1
7283 7980 1
7409 7981 1
7242 7982 1
7418 7983 1
7983 7984 1
7322 7984 1
7983 7985 1
7322 7985 1
7983 7986 1
7654 7986 2
7424 7987 1
7424 7988 1
7987 7988 1
7987 7989 1
7424 7989 1
7424 7990 1
7987 7990 1
7424 7991 1
7987 7991 1
7987 7992 1
7424 7992 1
7987 7993 1
7424 7993 1
7404 7994 1
7230 7996 1
7998 7997 1
7998 7999 1
7997 7999 1
7423 8001 1
7518 8002 1
8001 8002 1
7283 8003 1
7285 8004 1
8003 8004 1
7230 8005 1
7283 8006 1
8006 8007 1
7429 8007 1
7541 8008 1
7541 8009 1
8008 8009 1
7331 8010 1
7331 8011 1
7331 8012 1
7331 8013 1
7331 8014 1
8016 8015 1
7473 8017 1
8015 8017 1
7565 8018 1
7421 8019 1
7413 8020 1
7571 8021 1
8020 8021 1
7349 8022 1
7323 8023 1
8022 8023 1
7296 8024 1
7321 8025 1
8025 8026 1
7611 8026 1
7231 8027 1
8027 8028 1
7231 8028 1
7257 8031 1
8031 8032 1
7703 8032 1
7416 8033 1
8033 8034 1
7701 8034 1
7257 8035 1
8035 8036 1
7891 8036 1
7325 8039 1
8039 8040 1
7612 8040 2
8069 8040 1
8053 8041 1
8042 8041 2
7531 8043 1
7531 8044 1
8043 8044 1
7259 8045 1
7322 8047 1
7770 8048 1
7256 8049 1
7261 8050 1
7409 8051 1
7415 8052 1
7256 8054 1
7327 8055 1
7319 8057 1
8057 8058 1
7484 8058 1
7257 8059 1
7382 8060 1
8059 8060 1
7296 8061 1
7404 8062 1
7256 8063 1
7412 8064 1
7403 8065 1
7409 8066 1
7403 8067 1
7463 8068 1
7288 8069 1
7288 8070 1
8069 8070 1
7332 8071 1
8069 8071 1
7264 8072 1
7259 8073 1
7698 8074 1
7422 8075 1
7863 8076 1
8076 8077 1
7863 8077 1
