9659 9634 1
9637 9636 3
9637 9638 3
9641 9640 3
9632 9642 1
9644 9643 2
9642 9643 1
9632 9644 1
9646 9645 1
9683 9647 1
9656 9647 1
9690 9647 1
9645 9647 1
9689 9647 1
9653 9647 1
9671 9647 1
9685 9647 1
9648 9647 8
9657 9648 3
9669 9648 1
9684 9648 1
9646 9648 3
9685 9649 1
9656 9649 1
9658 9649 1
9690 9649 1
9650 9649 6
9679 9649 1
9645 9649 1
9657 9650 3
9646 9650 3
9659 9650 2
9687 9650 1
9646 9653 1
9679 9654 1
9650 9654 6
9690 9654 1
9689 9654 1
9653 9654 1
9685 9654 1
9686 9654 1
9657 9656 1
9659 9658 1
9658 9660 1
9650 9660 1
9662 9661 1
9658 9661 1
9659 9662 1
9658 9663 1
9650 9663 1
9662 9664 1
9658 9664 1
9658 9665 1
9650 9665 1
9658 9666 1
9662 9666 1
9658 9667 1
9650 9667 2
9679 9667 1
9650 9668 2
9658 9668 1
9679 9668 1
9669 9671 1
9673 9672 2
9693 9672 1
9644 9677 1
9637 9678 3
9659 9679 1
9679 9680 1
9634 9680 1
9634 9681 1
9679 9681 1
9679 9682 1
9634 9682 1
9684 9683 1
9646 9685 1
9687 9686 1
9677 9688 1
9643 9688 1
9657 9689 1
9657 9690 1
9677 9692 1
9677 9695 1
9695 9696 1
9692 9696 1
