2718 2048 1
2209 2048 3
2050 2049 4
2052 2051 2
2060 2052 7
3194 2053 1
3145 2053 1
2891 2053 1
2278 2053 1
2054 2053 17
2051 2053 2
2648 2053 2
3350 2053 1
2949 2053 1
3226 2053 1
3198 2053 1
3012 2053 1
2979 2053 1
2827 2053 1
2877 2053 1
2741 2053 1
2854 2054 1
2405 2054 1
2526 2054 1
2248 2054 5
2162 2054 1
2067 2054 15
2190 2054 1
2609 2054 8
2570 2054 4
2328 2054 16
2198 2054 2
2199 2054 1
2655 2054 1
2918 2054 1
2387 2054 5
2200 2054 1
2157 2054 1
2074 2054 17
2185 2054 4
2062 2054 13
2565 2054 2
2281 2054 10
2145 2054 1
2647 2054 3
2060 2054 3
2892 2054 1
2052 2054 4
2286 2054 1
2175 2054 2
2685 2054 6
2156 2054 5
2322 2054 5
2878 2054 7
2297 2054 23
2361 2054 1
2532 2054 4
2081 2054 3
2082 2054 1
2197 2054 1
2310 2054 1
2114 2054 10
2051 2055 2
3350 2055 1
3012 2055 1
3145 2055 1
2877 2055 1
2741 2055 1
2054 2055 16
2278 2055 1
2648 2055 2
3194 2055 1
2891 2055 1
3226 2055 1
3198 2055 1
2949 2055 1
2827 2055 1
2827 2056 1
2051 2056 2
3145 2056 1
2891 2056 1
2054 2056 7
2979 2056 1
2949 2056 1
2877 2057 1
2058 2057 5
2278 2057 1
2051 2057 2
3226 2057 1
2060 2058 1
2281 2058 3
2052 2058 4
2878 2058 2
2199 2058 1
2067 2058 15
2062 2058 13
2082 2058 1
3314 2059 2
2060 2059 3
3313 2059 1
2281 2060 8
2059 2061 3
2284 2061 7
2580 2061 3
2984 2061 5
2062 2061 16
2060 2062 4
2281 2062 7
2878 2062 5
2984 2063 5
2580 2063 3
2059 2063 3
2062 2063 16
2284 2063 7
2580 2064 3
2284 2064 7
2062 2064 16
2059 2064 3
2984 2064 5
2284 2065 7
2062 2065 16
2984 2065 5
2059 2065 3
2580 2065 3
2580 2066 3
3058 2066 3
2984 2066 5
2059 2066 3
2284 2066 7
2067 2066 19
2052 2067 3
2878 2067 6
2281 2067 10
2060 2067 4
2580 2068 3
2984 2068 5
2284 2068 7
2067 2068 16
2059 2068 3
2984 2069 5
2284 2069 7
2059 2069 3
2070 2069 19
2580 2069 3
3058 2069 3
2052 2070 3
2362 2070 2
2685 2070 2
2060 2070 4
2363 2070 1
2205 2070 1
2281 2070 10
2878 2070 6
2284 2071 7
2984 2071 5
2684 2071 2
2070 2071 21
2580 2071 3
3058 2071 3
2059 2071 3
2580 2072 3
2984 2072 5
2284 2072 7
2070 2072 19
2059 2072 3
3058 2072 3
2984 2073 5
2580 2073 3
2059 2073 3
2284 2073 7
3058 2073 3
2074 2073 19
2281 2074 10
2060 2074 4
2878 2074 6
2052 2074 3
2074 2075 19
2580 2075 3
2984 2075 5
3058 2075 3
2284 2075 7
2059 2075 3
2076 2077 1
2078 2077 2
2076 2078 1
2078 2079 2
2078 2080 2
2390 2080 1
2082 2081 5
2198 2081 1
2198 2082 2
2081 2082 1
2199 2082 1
2050 2082 12
2288 2083 13
2084 2083 14
2199 2084 1
2052 2084 2
2878 2084 2
2060 2084 1
2082 2084 1
2486 2084 1
2062 2084 13
2281 2084 4
2570 2084 1
2083 2085 14
2086 2085 15
2082 2086 6
2081 2086 1
2084 2086 18
2685 2086 2
2199 2086 1
2195 2086 1
3216 2086 1
2138 2086 1
2878 2086 1
2198 2086 1
2157 2086 1
2486 2086 1
2570 2086 3
2281 2086 1
3298 2086 1
2172 2086 1
2294 2086 19
2753 2087 3
3112 2087 1
3215 2087 1
2290 2087 15
3119 2087 1
2312 2087 1
3049 2087 1
3132 2087 1
2085 2087 15
2485 2087 1
2086 2087 32
2754 2087 6
2612 2087 2
2089 2088 60
2085 2088 15
2295 2088 21
3297 2088 1
2112 2088 38
2305 2088 34
2861 2088 2
2633 2088 1
2634 2089 1
2157 2089 1
2138 2089 1
2175 2089 1
2156 2089 1
2105 2089 19
2086 2089 15
2114 2089 34
2166 2089 1
3298 2089 1
2258 2089 2
2775 2089 1
2196 2089 1
2194 2089 1
2167 2089 1
2193 2089 1
2107 2089 18
2195 2089 1
2172 2089 1
2176 2089 1
2185 2089 2
2164 2089 1
2294 2089 3
2184 2089 1
3132 2090 1
2290 2090 15
2312 2090 1
3112 2090 1
3119 2090 1
2612 2090 2
2086 2090 31
2083 2090 14
3215 2090 1
2754 2090 6
3049 2090 1
2485 2090 1
2092 2091 1
2099 2092 2
2098 2092 3
2969 2092 1
2096 2092 2
2423 2092 11
2472 2092 7
2970 2092 1
2932 2092 1
2933 2092 1
2097 2092 3
2091 2093 1
2396 2093 1
2092 2093 3
3210 2093 1
2091 2094 1
2092 2094 3
2396 2094 1
3210 2094 1
2091 2095 1
3210 2095 1
2396 2095 1
2092 2095 3
2101 2100 1
2103 2100 1
2143 2100 4
2102 2100 1
2537 2100 2
2141 2100 4
2144 2101 1
2100 2101 4
2100 2102 4
2100 2103 4
2336 2104 14
2105 2104 15
2062 2105 13
2107 2106 15
2104 2106 15
2062 2107 13
2097 2107 3
2105 2107 15
2405 2107 1
2107 2108 15
2104 2108 15
3328 2109 1
2131 2109 17
2493 2109 1
2104 2109 15
2110 2109 20
2290 2109 15
2105 2110 15
2123 2110 17
2322 2110 1
2375 2110 5
2825 2110 1
2878 2110 1
2084 2110 15
2281 2110 1
2685 2110 2
2107 2110 1
2107 2111 17
2104 2111 15
2493 2111 1
3354 2112 1
2861 2112 2
2117 2112 19
3132 2112 1
3196 2112 1
3304 2112 1
3326 2112 1
2111 2112 17
3264 2112 1
2312 2112 2
3066 2112 1
2089 2112 38
3200 2112 1
2573 2112 1
2139 2112 1
2407 2112 1
2132 2112 16
3292 2113 1
2754 2113 6
2112 2113 38
3297 2113 1
2114 2113 87
2758 2113 1
2530 2113 1
3089 2113 1
3326 2113 1
3034 2113 2
2305 2113 34
2790 2113 3
3231 2113 2
2961 2113 1
3246 2113 1
3066 2113 1
2293 2113 17
2664 2113 1
2270 2113 5
2832 2113 1
2624 2113 1
2753 2113 3
3057 2113 1
2826 2113 1
2376 2113 1
2848 2113 5
2405 2114 1
2089 2114 42
2302 2114 32
2198 2114 1
2248 2114 5
2157 2114 1
2168 2114 1
2294 2114 17
2685 2114 2
2878 2114 1
2191 2114 1
3298 2114 1
2081 2114 3
2199 2114 1
2155 2114 1
2194 2114 1
2167 2114 1
2281 2114 1
2165 2114 1
2052 2114 1
2201 2114 2
2196 2114 2
2138 2114 1
2200 2114 1
2082 2114 6
2178 2114 1
2084 2114 2
2193 2114 1
2173 2114 1
2584 2115 3
2270 2115 5
2994 2115 1
2624 2115 1
3089 2115 1
3185 2115 1
2664 2115 1
2530 2115 1
3231 2115 2
2753 2115 3
3246 2115 1
2116 2115 81
2112 2115 38
2758 2115 1
2790 2115 3
2826 2115 1
2301 2115 27
2306 2115 36
2089 2116 42
2570 2116 1
2198 2116 2
2201 2116 2
2155 2116 1
2193 2116 1
2199 2116 2
2194 2116 1
2302 2116 34
2200 2116 1
2878 2116 1
2281 2116 1
2195 2116 1
2082 2116 3
2172 2116 1
2081 2116 3
2165 2116 1
2685 2116 2
2173 2116 1
2105 2117 19
3344 2117 1
2836 2117 1
2104 2117 15
2312 2118 1
3057 2118 2
3319 2118 1
3198 2118 1
2117 2118 19
2741 2118 1
3132 2118 1
2119 2118 28
2288 2118 13
2294 2119 2
2052 2119 2
2199 2119 1
2180 2119 1
2105 2119 19
2062 2119 13
2082 2119 1
2174 2119 1
2806 2120 1
2118 2120 28
2119 2120 32
2923 2120 1
2533 2120 1
2119 2121 32
2120 2121 32
2123 2122 16
3338 2122 1
2104 2122 15
2105 2123 15
2123 2124 17
3338 2124 1
2104 2124 15
2124 2125 17
2110 2125 18
3159 2125 1
2104 2126 15
3338 2126 1
2123 2126 17
2128 2127 18
2954 2127 1
2126 2127 17
2281 2128 1
2123 2128 19
2878 2128 1
2685 2128 2
3338 2129 1
2104 2129 15
2123 2129 17
2129 2130 17
2128 2130 17
2493 2131 1
2104 2131 15
2110 2131 17
2107 2132 16
2104 2132 15
2104 2133 15
2107 2133 15
2136 2134 4
2849 2134 1
2135 2134 2
2716 2137 3
2050 2138 4
2089 2139 1
2089 2140 1
2139 2140 1
2395 2141 1
2100 2141 6
2502 2141 9
2142 2141 6
2499 2141 3
2147 2146 4
2149 2148 3
3095 2150 1
2150 2151 2
2644 2151 1
3095 2151 1
3286 2151 1
2216 2151 2
2492 2151 1
2215 2151 1
2154 2153 4
2716 2154 21
2050 2155 4
2050 2156 4
2281 2156 1
2878 2156 1
3298 2156 1
2050 2157 4
2050 2158 4
2050 2159 4
2050 2160 4
2050 2161 4
2050 2162 4
2050 2163 4
2050 2164 4
2050 2165 4
2050 2166 4
2050 2167 4
2050 2168 4
2050 2169 4
2050 2170 4
2050 2171 4
2050 2172 4
2052 2173 1
2050 2173 4
2050 2174 4
2050 2175 4
2050 2176 4
2050 2177 4
2050 2178 4
2050 2179 4
2050 2180 4
2050 2181 4
2050 2182 4
2050 2183 4
2050 2184 4
2050 2185 4
2050 2186 4
2050 2187 4
2050 2188 4
2050 2189 4
2050 2190 4
2050 2191 4
2050 2192 4
2052 2193 1
2050 2193 4
2050 2194 4
2050 2195 4
2050 2196 4
2294 2196 1
2050 2197 4
2082 2198 5
2082 2199 5
2082 2200 5
2203 2202 3
2205 2204 3
3053 2204 1
3332 2204 1
2567 2205 3
2363 2205 8
2568 2205 3
2854 2205 1
2569 2205 3
2565 2205 1
2622 2206 2
2924 2206 1
3289 2206 1
3219 2206 1
2204 2206 3
3123 2206 1
2855 2206 2
2207 2206 13
2559 2206 1
2529 2206 1
2878 2207 2
2178 2207 1
2168 2207 1
3298 2207 1
2193 2207 1
2174 2207 1
2191 2207 1
2194 2207 1
2060 2207 1
2157 2207 2
2049 2207 1
2184 2207 1
2158 2207 1
2165 2207 1
2173 2207 1
2362 2207 1
2387 2207 1
2180 2207 1
2609 2207 1
2196 2207 2
2179 2207 1
2169 2207 1
2161 2207 2
2182 2207 1
2164 2207 1
2138 2207 1
2167 2207 1
2186 2207 2
2170 2207 1
2205 2207 3
2166 2207 1
2159 2207 2
2197 2207 2
2281 2207 4
2156 2207 2
2181 2207 1
2185 2207 4
2160 2207 2
2082 2207 3
2163 2207 1
2192 2207 1
2176 2207 1
2189 2207 1
2097 2207 13
2566 2207 12
2932 2207 1
2434 2208 1
2209 2208 3
3243 2210 1
2211 2210 2
2212 2213 1
2819 2213 2
2078 2213 1
2241 2213 3
2078 2214 1
2968 2214 1
2819 2214 2
3276 2214 1
2212 2214 1
3094 2214 2
2241 2214 3
3008 2214 1
3206 2214 2
2948 2214 2
2830 2214 1
2777 2214 1
3061 2214 1
2598 2214 1
2833 2214 1
2215 2216 1
2785 2217 8
3115 2217 1
2989 2217 1
2986 2217 1
2597 2217 1
2390 2217 1
2077 2217 1
2241 2218 3
2078 2218 1
2077 2218 1
2076 2219 1
2218 2219 4
3061 2220 1
2079 2220 1
3043 2220 1
2817 2220 1
3291 2220 1
3306 2220 1
3276 2220 1
2777 2220 1
2076 2220 1
2598 2220 1
3008 2220 1
3001 2220 1
2080 2220 1
2218 2220 4
3114 2220 1
2946 2220 1
2598 2221 1
3061 2221 1
3043 2221 1
3115 2221 1
3000 2221 1
2785 2221 8
2218 2221 4
2989 2221 1
3205 2221 1
2080 2221 1
2390 2221 1
3276 2221 1
2777 2221 1
2076 2221 1
2986 2221 1
2597 2221 1
3122 2221 1
2598 2222 1
3000 2222 1
2076 2222 1
3061 2222 1
3122 2222 1
2218 2222 4
3043 2222 1
3291 2222 1
2079 2222 1
3205 2222 1
3276 2222 1
2777 2222 1
3276 2223 1
2785 2223 8
3061 2223 1
2390 2223 1
2598 2223 1
2597 2223 1
2986 2223 1
2080 2223 1
2218 2223 4
3115 2223 1
3043 2223 1
2076 2223 1
3122 2223 1
2989 2223 1
2777 2223 1
2986 2224 1
2597 2224 1
2218 2224 4
2785 2224 8
2989 2224 1
3115 2224 1
2390 2224 1
3043 2224 1
2076 2224 1
2076 2225 1
2218 2225 4
2218 2226 4
2076 2226 1
2076 2227 1
2218 2227 4
2218 2228 4
2076 2228 1
2218 2229 4
2076 2229 1
3149 2230 1
2076 2230 1
2218 2230 4
2076 2231 1
3149 2231 1
2218 2231 4
2218 2232 4
2076 2232 1
3149 2232 1
2218 2233 4
2076 2233 1
3149 2233 1
2218 2234 4
3149 2234 1
2076 2234 1
3149 2235 1
2076 2235 1
2218 2235 4
2218 2236 4
2076 2236 1
3149 2236 1
2218 2237 4
2076 2237 1
3149 2237 1
2076 2238 1
2218 2238 4
2598 2239 1
2777 2239 1
3061 2239 1
3276 2239 1
2218 2239 4
2076 2239 1
2076 2240 1
3276 2240 1
2218 2240 4
2777 2240 1
3061 2240 1
2598 2240 1
2080 2241 1
2077 2241 1
2079 2241 1
2598 2242 1
2241 2242 3
3122 2242 1
3061 2242 1
3000 2242 1
2078 2242 1
3205 2242 1
2777 2242 1
3043 2242 1
3276 2242 1
3008 2242 1
3114 2243 1
2241 2243 3
2598 2243 1
2078 2243 1
2163 2244 1
2579 2245 2
3337 2245 1
2838 2245 2
2826 2245 1
3133 2245 1
2806 2245 1
2244 2245 1
2624 2245 1
2489 2245 1
3297 2245 1
2207 2245 31
2753 2245 3
3289 2245 1
2758 2245 1
2711 2245 1
2832 2245 1
3066 2245 1
2657 2245 2
2407 2245 2
2923 2245 1
3144 2245 1
3292 2245 1
2376 2245 1
2529 2245 1
2573 2245 1
3339 2245 1
2716 2246 3
2248 2247 2
2979 2247 1
2062 2248 13
2878 2248 1
2082 2248 3
2281 2248 1
2247 2249 2
2248 2249 3
2249 2250 3
2248 2250 20
2753 2250 3
2247 2250 2
2314 2250 14
3288 2251 1
2252 2251 4
3213 2251 1
2975 2251 1
2472 2252 7
2718 2252 2
2538 2252 5
2097 2252 6
2098 2252 6
2539 2252 5
2932 2252 1
2423 2252 11
2440 2252 2
2941 2252 4
2942 2252 4
2428 2252 2
2933 2252 1
3041 2253 1
2251 2253 1
2275 2253 1
2252 2253 3
2252 2254 3
3041 2254 1
2251 2254 1
2275 2254 1
2256 2255 1
2257 2255 1
2259 2258 4
2054 2260 2
3233 2260 1
3016 2261 3
2770 2261 1
2527 2261 4
2347 2261 18
2882 2261 5
2686 2261 5
2881 2261 3
3269 2261 1
2342 2261 17
3145 2261 1
2344 2261 17
2054 2261 52
3014 2261 3
3263 2261 1
2260 2261 2
2590 2261 4
2331 2261 17
2829 2261 4
2338 2261 19
2287 2261 13
2346 2261 18
3050 2261 2
2103 2262 1
2380 2263 1
2269 2263 4
2660 2263 5
2100 2263 9
3193 2263 1
2262 2263 1
2768 2264 3
2265 2264 21
3074 2264 2
2500 2264 3
3193 2264 1
2380 2264 1
2383 2264 10
2262 2264 1
2769 2264 6
2103 2265 1
2496 2265 2
3009 2265 2
2537 2265 2
3295 2265 1
2502 2265 9
2499 2265 3
2101 2265 1
2316 2265 3
2518 2265 6
2141 2265 10
3075 2265 2
2102 2265 1
2265 2266 25
2264 2266 21
2650 2266 1
2268 2266 8
2488 2266 1
2264 2267 21
3280 2267 1
2265 2267 22
3280 2268 1
2265 2268 8
2262 2268 1
2500 2268 3
3193 2268 1
2380 2268 1
3193 2269 1
2262 2269 1
2100 2269 4
2380 2269 1
2711 2270 1
3137 2270 1
2089 2270 5
2861 2270 2
2574 2271 6
2861 2271 2
2832 2271 1
3292 2271 1
2272 2271 22
2624 2271 1
2376 2271 1
2826 2271 1
2530 2271 1
2758 2271 1
2765 2271 2
3142 2271 1
3231 2271 2
2270 2271 5
2178 2272 1
2168 2272 1
2089 2272 13
2107 2272 2
2173 2272 1
2201 2272 2
2878 2272 1
2258 2272 2
2194 2272 1
2685 2272 2
2193 2272 1
2165 2272 1
2281 2272 1
2271 2273 22
3328 2273 1
2274 2273 28
2372 2273 5
2322 2274 1
2272 2274 22
2373 2274 5
2252 2275 1
2276 2277 1
2513 2277 2
2060 2278 1
2278 2279 1
2058 2279 4
2051 2279 1
2877 2279 1
3226 2279 1
2278 2280 1
2281 2280 3
3226 2280 1
2060 2281 3
3133 2282 1
2280 2282 3
2058 2282 4
2355 2283 4
2281 2283 6
2280 2283 3
2281 2284 7
2283 2284 6
3058 2285 3
2286 2285 18
2284 2285 7
2984 2285 5
2580 2285 3
2362 2286 5
2281 2286 7
2060 2286 3
2878 2286 5
2052 2286 3
2283 2287 6
2054 2287 13
2983 2287 4
3314 2287 2
2983 2288 4
3313 2288 1
2283 2288 6
3314 2288 2
2062 2288 13
3057 2289 2
2741 2289 1
2994 2289 1
2084 2289 19
3198 2289 1
2288 2289 13
2356 2289 8
2994 2290 1
2288 2290 13
2084 2290 15
3198 2291 1
2054 2291 17
2288 2291 13
3057 2291 2
2741 2291 1
2288 2292 13
2741 2292 1
2058 2292 17
3198 2292 1
3057 2292 2
2288 2293 13
2294 2293 17
2312 2293 15
2062 2294 13
2114 2295 21
3297 2295 1
2293 2295 17
3326 2295 1
2295 2296 20
3078 2296 1
2961 2296 1
2298 2296 22
2297 2296 25
2114 2297 22
2142 2297 1
2295 2298 20
2961 2298 1
2297 2298 22
2297 2299 21
2961 2299 1
2295 2299 20
2961 2300 1
2295 2300 20
2297 2300 23
2536 2301 3
2300 2301 23
2302 2301 27
2274 2302 4
2600 2302 2
2297 2302 26
2300 2303 23
2302 2303 26
2536 2303 3
2302 2304 28
2536 2304 3
3101 2304 1
2300 2304 23
2588 2305 3
2601 2305 2
2114 2305 34
2862 2305 1
2562 2305 1
3297 2305 1
2304 2305 28
2832 2306 1
2601 2306 2
3049 2306 1
2588 2306 3
2116 2306 36
2304 2306 28
2862 2306 1
3112 2306 1
2961 2307 1
2297 2307 23
2295 2307 21
2664 2308 1
2924 2308 1
2776 2308 3
2827 2308 1
3198 2308 1
2919 2308 2
2307 2308 23
2684 2308 2
3004 2308 2
3269 2308 1
3145 2308 1
2879 2308 1
2327 2308 16
3066 2308 1
2691 2308 8
2651 2308 5
3253 2308 1
3219 2308 1
3259 2308 1
3194 2308 1
2562 2308 1
2608 2308 5
2893 2308 1
2054 2308 63
2739 2308 1
2771 2308 1
3246 2308 1
3350 2308 1
2891 2308 1
2309 2308 1
3283 2308 1
2741 2308 1
3229 2308 1
2790 2308 3
3106 2308 1
3263 2308 1
2754 2309 6
2295 2309 21
2310 2309 28
2281 2310 1
2685 2310 2
2081 2310 1
2878 2310 1
2198 2310 1
2114 2310 21
2082 2310 6
2086 2311 23
3034 2311 2
3326 2311 1
2312 2311 1
2293 2311 17
3066 2311 1
2294 2312 16
2288 2312 13
2288 2313 13
2107 2313 13
2288 2314 13
2248 2314 14
2316 2315 17
2288 2315 13
2767 2315 1
2395 2316 3
2062 2316 13
2516 2317 5
2316 2317 23
2315 2317 17
2316 2318 23
2317 2318 23
2288 2319 13
2054 2319 13
2288 2320 13
2058 2320 13
2288 2321 13
2322 2321 13
2052 2322 1
2878 2322 1
2281 2322 1
2062 2322 13
2685 2322 2
2288 2323 13
2054 2323 13
2058 2324 13
2288 2324 13
2288 2325 13
2326 2325 14
2062 2326 13
2325 2327 14
3123 2327 1
2328 2327 16
2405 2328 1
2326 2328 14
2176 2328 1
2330 2329 17
2327 2329 16
2924 2329 1
2423 2330 11
2197 2330 2
2472 2330 7
2328 2330 16
2327 2331 16
2054 2331 17
2879 2332 1
2741 2332 1
3350 2332 1
3226 2332 1
3143 2332 2
3121 2332 1
2684 2332 2
2360 2332 2
3194 2332 1
2979 2332 1
3145 2332 1
2771 2332 1
2331 2332 17
3345 2332 1
3269 2332 1
3085 2332 3
3300 2332 1
2690 2332 8
2691 2332 8
2776 2332 3
2949 2332 1
3212 2332 1
3198 2332 1
3250 2332 1
2848 2332 5
2891 2332 1
2531 2332 2
2827 2332 1
3084 2332 1
2054 2332 51
3339 2332 1
2425 2333 11
2327 2333 16
2838 2333 2
2475 2333 7
2330 2333 29
2288 2334 13
2054 2334 13
2288 2335 13
2058 2335 13
2288 2336 13
2105 2336 14
2283 2337 6
3314 2337 2
2281 2337 9
3313 2337 1
3198 2338 1
3057 2338 2
2985 2338 5
2054 2338 19
2741 2338 1
2337 2338 9
2985 2339 5
2067 2339 15
2337 2339 9
3057 2340 2
2054 2340 17
2339 2340 15
3057 2341 2
2058 2341 17
2339 2341 15
2054 2342 17
2337 2342 9
3057 2342 2
2985 2342 5
2985 2343 5
2070 2343 16
3057 2343 2
2337 2343 9
2985 2344 5
2054 2344 17
3057 2344 2
2337 2344 9
2337 2345 9
2074 2345 17
3057 2345 2
2985 2345 5
2054 2346 18
2345 2346 17
2054 2347 18
2345 2347 17
2058 2348 5
2280 2348 3
3133 2348 1
2549 2349 1
3297 2349 1
2348 2349 5
3131 2349 1
3057 2349 1
2350 2349 9
2052 2350 1
2486 2350 2
2156 2350 1
3298 2350 1
2932 2350 1
2900 2350 2
2058 2350 5
2097 2350 3
3033 2351 1
3297 2351 1
3131 2351 1
2485 2351 1
2350 2351 9
2348 2351 5
2348 2352 5
3131 2352 1
3033 2352 1
2350 2352 7
3133 2353 1
2058 2353 4
2280 2353 3
3133 2354 1
2058 2354 4
2280 2354 3
2281 2355 4
2280 2355 3
2355 2356 4
2084 2356 8
3134 2356 2
3313 2356 1
2683 2357 3
2622 2357 2
2680 2357 2
2624 2357 1
3102 2357 1
2573 2357 1
3196 2357 1
3313 2357 1
3134 2357 2
3155 2357 1
2399 2357 1
2355 2357 4
3211 2357 1
2207 2357 18
2280 2358 3
3133 2358 1
2058 2358 4
2054 2359 3
2280 2359 3
2175 2360 2
3352 2360 1
2362 2361 5
2361 2362 1
2394 2362 1
2655 2362 1
2526 2362 1
2363 2362 14
2286 2362 1
2552 2363 10
2207 2363 10
2364 2363 21
2367 2366 1
2876 2367 1
3342 2367 2
3192 2368 1
2366 2368 1
2477 2368 1
2369 2368 4
2478 2368 2
2367 2369 3
2479 2369 2
3112 2370 1
2485 2370 1
2312 2370 1
3049 2370 1
2086 2370 10
2754 2370 6
2196 2371 4
2407 2371 2
2312 2371 1
2371 2372 4
2373 2372 5
2878 2373 1
2685 2373 2
2281 2373 1
2196 2373 4
2147 2374 4
2274 2375 8
2168 2376 1
2378 2377 1
2716 2378 3
2221 2378 1
2992 2379 1
2378 2379 4
2377 2379 1
3329 2379 1
2840 2379 1
2102 2380 1
2382 2381 3
2713 2381 1
2141 2383 10
2501 2383 9
3157 2383 1
3074 2384 2
2769 2384 6
2500 2384 3
3152 2384 2
2501 2384 9
2383 2384 10
3280 2384 1
2265 2384 19
2768 2384 3
2141 2385 20
3158 2385 2
2660 2385 5
2508 2385 7
2850 2385 2
2383 2385 10
2386 2387 4
2647 2387 1
2673 2388 2
2389 2388 1
2386 2388 4
2209 2391 3
2092 2391 1
2286 2392 1
2392 2393 1
2286 2393 1
2362 2394 5
2141 2395 4
2092 2396 1
2491 2397 1
2398 2397 2
2207 2399 1
2401 2400 1
2388 2401 1
2472 2401 7
2097 2401 3
2098 2401 3
2933 2401 1
2658 2401 2
2659 2401 2
2932 2401 1
3293 2401 1
2423 2401 11
3317 2402 1
2899 2402 1
2400 2402 1
2401 2402 4
3236 2402 1
2404 2403 3
2406 2405 2
2932 2405 1
2166 2405 1
2097 2405 3
2176 2405 1
2196 2407 2
3066 2408 1
2207 2408 5
2573 2408 1
3102 2408 1
2407 2408 2
2573 2409 1
3066 2409 1
2114 2409 6
2407 2409 2
3102 2409 1
2884 2410 1
2409 2410 6
2114 2410 7
2207 2411 4
3066 2411 1
2407 2411 2
3102 2411 1
2579 2412 2
2407 2412 2
2657 2412 2
3066 2412 1
3123 2412 1
2207 2412 8
2573 2413 1
3326 2413 1
2711 2413 1
3258 2413 1
3196 2413 1
2207 2413 9
3264 2413 1
2987 2413 1
2806 2413 1
2407 2413 1
2562 2414 1
2328 2414 2
2311 2415 1
3066 2415 1
2414 2415 2
2416 2415 5
2089 2416 1
2405 2416 1
2328 2416 2
2157 2416 1
2086 2416 1
2311 2417 1
2414 2417 2
2562 2417 1
2417 2417 1
2795 2417 1
2415 2417 5
2416 2417 7
2148 2418 2
2835 2418 1
2734 2419 1
2420 2419 3
2418 2419 2
2716 2420 5
2148 2420 3
2472 2420 7
2420 2420 1
2148 2421 3
2734 2421 1
2418 2421 2
2425 2422 11
2418 2422 2
2734 2422 1
2423 2422 11
2472 2423 7
2639 2423 3
2148 2423 3
2422 2424 11
2423 2424 11
2424 2425 11
2604 2425 1
2423 2425 11
2766 2425 1
2473 2425 7
2425 2426 11
2423 2426 11
2475 2426 7
2475 2427 7
2425 2427 11
2428 2427 12
3228 2427 1
2974 2428 1
2098 2428 3
2932 2428 1
3064 2428 2
3065 2428 1
3063 2428 2
2252 2428 1
2097 2428 3
2388 2428 1
2933 2428 1
2472 2428 7
2423 2428 11
2425 2429 11
2430 2429 11
2475 2429 7
2423 2430 11
2472 2430 7
2475 2431 7
2432 2431 11
2425 2431 11
2472 2432 7
2423 2432 11
2434 2433 11
2475 2433 7
2425 2433 11
2811 2434 2
2098 2434 3
2932 2434 1
2423 2434 11
2933 2434 1
2097 2434 3
2812 2434 1
2810 2434 2
2472 2434 7
2436 2435 11
2425 2435 11
2475 2435 7
2472 2436 7
2423 2436 11
2438 2437 11
2425 2437 11
2475 2437 7
2423 2438 11
2472 2438 7
2475 2439 7
2425 2439 11
3303 2439 1
2440 2439 12
2940 2440 2
2933 2440 1
2472 2440 7
2252 2440 1
2822 2440 1
2932 2440 1
2943 2440 1
2939 2440 2
2423 2440 11
2388 2440 1
2098 2440 3
2097 2440 3
2475 2441 7
2425 2441 11
2442 2441 11
2472 2442 7
2423 2442 11
2444 2443 11
2425 2443 11
2475 2443 7
2472 2444 7
2423 2444 11
2425 2445 11
2475 2445 7
2446 2445 11
2932 2446 1
2933 2446 1
2423 2446 11
3214 2446 1
2472 2446 7
2098 2446 3
2560 2446 2
2097 2446 3
2561 2446 2
2448 2447 11
2475 2447 7
2425 2447 11
2423 2448 11
2472 2448 7
2425 2449 11
2475 2449 7
2450 2449 11
2423 2450 11
2472 2450 7
2475 2451 7
2856 2451 1
2718 2451 12
2425 2451 11
2425 2452 11
2453 2452 11
2475 2452 7
2423 2453 11
2472 2453 7
2475 2454 7
2425 2454 11
2455 2454 11
2472 2455 7
2423 2455 11
2475 2456 7
2401 2456 11
2425 2456 11
2458 2457 11
2425 2457 11
2475 2457 7
2472 2458 7
2423 2458 11
2425 2459 11
2460 2459 11
2475 2459 7
2472 2460 7
2423 2460 11
2475 2461 7
2092 2461 11
2425 2461 11
2425 2462 11
2475 2462 7
2463 2462 11
2423 2463 11
2472 2463 7
2465 2464 11
2475 2464 7
2425 2464 11
2472 2465 7
2423 2465 11
2252 2466 11
2425 2466 11
2475 2466 7
2475 2467 7
2468 2467 11
2425 2467 11
2472 2468 7
2423 2468 11
2470 2469 11
2475 2469 7
2425 2469 11
2472 2470 7
2423 2470 11
2472 2471 7
2418 2471 2
2734 2471 1
2475 2471 7
3274 2472 2
2148 2472 3
2639 2472 1
2472 2473 7
2471 2473 7
2473 2474 7
2420 2474 7
2766 2474 1
2473 2475 7
2766 2475 1
2472 2475 7
2472 2476 7
2475 2476 7
2367 2477 1
2477 2478 1
2479 2478 2
2367 2479 2
2837 2479 3
2478 2480 2
2534 2480 1
2481 2480 3
2545 2481 1
2479 2481 2
2483 2482 2
3269 2482 1
2185 2483 1
2483 2484 2
2482 2484 2
2486 2485 1
2485 2487 1
3033 2487 1
2350 2487 2
2265 2488 1
2182 2489 1
2491 2490 3
2107 2493 1
2205 2494 2
2166 2494 1
2176 2494 1
2199 2494 1
2180 2494 1
2747 2494 5
2258 2494 1
2197 2494 1
2052 2494 2
2898 2494 1
2775 2494 1
2138 2494 1
2060 2494 2
2097 2494 3
2904 2494 1
2174 2494 1
2082 2494 1
2496 2495 1
2265 2497 1
2495 2497 1
2499 2498 2
2495 2498 1
2496 2499 1
2499 2500 3
2498 2500 2
2500 2501 3
3154 2501 4
2502 2501 9
3157 2501 1
2499 2502 3
2100 2502 4
2504 2503 7
2500 2503 3
2508 2503 7
2499 2504 3
2097 2504 3
2637 2504 3
2141 2504 7
2500 2505 3
2141 2505 4
3157 2505 1
2500 2506 3
2141 2506 4
3157 2506 1
2500 2507 3
3140 2507 2
2141 2507 6
2507 2508 6
2141 2508 7
2499 2509 2
2495 2509 1
2509 2510 2
2957 2510 1
2499 2510 4
2510 2511 4
2499 2511 4
2499 2512 1
2495 2512 1
2175 2514 1
2395 2515 2
2316 2516 5
2515 2516 2
2515 2517 1
3178 2517 1
2518 2517 9
2315 2517 2
2516 2517 4
2767 2517 1
2994 2517 1
3347 2518 1
2281 2518 1
2570 2518 1
2395 2518 2
3348 2518 1
2316 2518 7
2878 2518 1
2142 2518 1
3346 2518 1
2520 2519 1
2716 2520 3
2883 2521 1
2519 2521 1
3336 2521 1
2958 2521 1
2700 2521 1
2522 2521 20
2951 2521 3
2945 2521 1
3209 2521 1
2865 2521 1
2938 2521 1
3006 2521 1
2640 2521 1
3221 2521 1
3343 2521 1
2702 2521 3
2575 2521 2
3329 2521 1
3007 2522 1
2520 2522 3
2576 2522 4
2866 2522 1
2701 2522 3
2556 2522 1
2378 2522 4
2952 2522 3
2499 2523 1
2499 2524 1
2523 2524 1
2082 2525 6
2362 2526 5
2054 2527 4
3013 2527 2
2880 2527 2
2209 2528 3
2252 2528 1
2189 2529 1
2089 2530 1
2532 2531 2
3084 2531 1
2387 2532 2
2944 2532 1
2119 2533 1
2481 2534 1
2481 2535 1
2534 2535 1
2297 2536 3
2295 2536 1
2446 2540 1
2209 2540 3
2252 2541 1
2528 2542 1
2541 2542 1
2544 2543 2
3207 2543 1
2364 2546 3
2548 2547 3
2156 2549 1
2549 2550 1
3196 2550 1
2624 2550 1
3349 2550 1
2924 2550 1
2987 2550 1
3297 2550 1
2207 2550 9
2923 2550 1
2806 2550 1
3196 2551 1
2552 2551 3
3297 2551 1
2549 2551 1
2898 2552 1
3298 2552 1
2609 2552 1
2286 2552 1
2166 2552 1
2158 2552 1
2173 2552 1
2138 2552 1
2176 2552 1
2655 2552 1
2156 2552 2
2394 2552 1
2197 2552 1
2258 2552 1
2180 2552 1
2775 2552 1
2179 2552 1
2592 2552 1
2205 2552 2
2526 2552 1
2174 2552 1
2747 2552 5
2361 2552 1
2097 2552 13
2554 2553 1
2549 2553 1
2156 2554 3
3111 2554 2
2932 2554 1
2549 2555 1
2554 2555 1
2716 2556 3
2394 2557 1
3106 2558 1
3259 2558 1
2552 2558 6
2739 2558 1
3283 2558 1
3137 2558 1
2557 2558 1
3106 2559 1
2557 2559 1
3283 2559 1
2739 2559 1
3259 2559 1
2362 2559 6
2405 2562 2
2562 2563 2
2405 2563 3
2563 2564 3
2405 2564 3
2205 2565 5
2142 2570 1
2404 2571 1
2572 2571 2
2167 2573 1
2089 2574 6
2826 2574 1
3049 2574 1
3112 2574 1
2573 2574 1
2758 2574 1
2576 2575 2
3287 2575 1
2716 2576 3
2640 2577 1
2576 2577 4
3343 2577 1
2575 2577 2
2640 2578 1
2576 2578 4
2575 2578 2
3343 2578 1
2160 2579 2
2060 2580 3
3313 2580 1
3314 2580 2
2580 2581 3
2286 2581 6
3058 2581 3
2959 2583 1
2582 2583 1
3307 2583 1
2536 2584 1
2302 2584 3
2300 2584 1
2584 2585 3
2588 2585 3
2302 2585 5
2302 2586 5
2585 2586 5
2585 2587 5
2302 2587 5
2536 2588 1
2300 2588 1
2302 2588 3
2716 2589 3
2880 2590 2
3013 2590 2
2054 2590 4
2592 2591 1
2552 2593 1
2591 2593 1
2595 2594 3
2103 2596 1
2100 2596 2
2062 2596 1
2101 2596 1
3315 2596 1
2097 2596 3
3075 2596 2
2799 2596 2
2597 2598 1
2600 2599 1
2375 2600 5
2737 2600 3
2302 2601 2
2599 2601 1
2157 2602 1
2207 2603 1
2602 2603 1
2423 2604 1
2570 2605 1
2771 2606 1
2086 2606 8
2605 2606 1
3350 2606 1
2879 2606 1
2741 2606 1
2684 2606 2
3194 2606 1
2741 2607 1
2879 2607 1
2684 2607 2
2086 2607 9
3194 2607 1
2771 2607 1
3198 2607 1
3350 2607 1
2605 2607 1
3198 2608 1
2741 2608 1
2605 2608 1
2051 2608 1
2609 2608 5
2199 2609 1
2052 2609 1
2570 2609 1
2082 2609 1
2605 2610 1
2611 2610 1
2570 2611 1
2605 2612 1
2570 2612 2
2612 2613 2
3119 2613 1
2994 2613 1
2614 2613 4
2570 2614 4
2052 2614 1
2082 2614 1
2612 2615 2
3119 2615 1
2614 2615 5
2994 2615 1
3057 2615 1
2612 2616 2
2994 2616 1
3119 2616 1
2617 2616 4
2570 2617 4
2617 2618 4
2612 2618 2
2994 2618 1
3119 2618 1
3119 2619 1
2994 2619 1
2612 2619 2
2054 2619 4
2914 2620 1
2621 2620 2
2159 2622 2
2207 2623 2
2622 2623 2
2173 2624 1
3349 2625 1
2624 2625 1
2552 2625 2
2624 2626 1
2207 2626 1
2082 2627 1
2627 2628 1
2741 2628 1
2753 2628 3
2082 2628 4
3332 2629 1
2630 2629 3
3053 2629 1
2565 2630 1
2854 2630 1
2915 2631 2
2629 2631 3
2632 2631 5
2630 2632 3
2362 2632 1
2197 2632 1
2634 2633 1
2281 2634 1
2176 2634 1
2878 2634 1
2188 2634 1
2634 2635 1
2633 2635 1
2637 2636 3
2097 2636 3
2639 2638 3
2576 2640 1
2576 2641 3
3287 2641 1
2640 2641 1
3343 2641 1
2205 2642 1
2205 2643 2
3024 2643 1
2642 2643 1
2644 2645 1
2647 2646 1
2136 2647 4
2646 2648 1
2387 2648 2
2265 2650 1
2879 2651 1
2771 2651 1
2322 2651 5
2684 2651 2
2847 2652 3
2776 2652 3
2651 2652 5
2774 2652 3
2653 2652 12
3300 2652 1
2820 2652 1
2248 2653 3
2114 2653 1
2821 2653 1
2322 2653 5
2185 2653 4
2775 2653 3
2156 2653 3
2918 2653 1
2655 2654 1
2362 2655 5
2655 2656 1
2654 2656 1
2161 2657 2
3099 2660 2
2100 2660 5
2100 2661 6
2850 2661 2
2660 2661 5
2504 2662 1
2504 2663 1
2662 2663 1
2200 2664 1
2664 2665 1
2670 2665 1
3283 2665 1
3259 2665 1
2054 2665 12
2739 2665 1
3332 2665 1
2790 2665 3
3053 2665 1
3246 2665 1
3106 2665 1
2667 2666 3
2639 2668 3
2565 2669 1
2669 2670 1
2565 2670 2
2552 2671 1
2552 2672 1
2671 2672 1
2716 2674 3
2401 2675 1
2209 2675 1
2676 2675 2
2677 2678 1
3224 2678 2
3223 2678 2
2679 2678 1
2185 2680 2
3155 2680 1
2680 2681 2
2207 2681 4
2683 2681 3
3155 2681 1
3211 2681 1
2680 2682 2
2207 2682 2
2680 2683 2
2185 2683 3
2685 2684 2
3012 2684 1
2684 2686 2
2771 2686 1
2054 2686 5
2879 2686 1
2879 2687 1
2086 2687 4
2771 2687 1
2684 2687 2
2116 2688 8
3350 2688 1
3198 2688 1
2879 2688 1
3194 2688 1
2771 2688 1
2741 2688 1
2684 2688 2
2086 2689 7
2879 2689 1
3194 2689 1
2684 2689 2
2741 2689 1
3350 2689 1
2771 2689 1
2771 2690 1
3194 2690 1
2684 2690 2
2114 2690 8
3198 2690 1
2879 2690 1
2741 2690 1
2771 2691 1
2114 2691 8
2879 2691 1
3198 2691 1
2684 2691 2
3194 2691 1
2741 2691 1
2771 2692 1
2310 2692 11
2684 2692 2
3194 2692 1
3350 2692 1
2741 2692 1
2754 2692 6
2879 2692 1
2309 2692 1
2879 2693 1
2310 2693 10
2741 2693 1
2684 2693 2
2771 2693 1
3350 2693 1
2754 2693 6
3194 2693 1
2110 2694 4
2879 2694 1
2771 2694 1
2684 2694 2
2272 2695 4
2879 2695 1
2771 2695 1
2684 2695 2
2879 2696 1
2684 2696 2
2373 2696 4
2771 2696 1
2771 2697 1
2684 2697 2
2128 2697 4
2879 2697 1
2110 2698 1
2698 2699 1
2759 2699 1
2110 2699 2
2701 2700 1
3209 2702 1
2701 2702 3
2700 2702 1
2702 2703 3
2522 2703 6
2951 2703 3
2702 2704 3
2522 2704 3
2718 2705 1
2718 2706 3
2705 2706 1
3288 2706 1
2851 2706 1
3288 2707 1
2851 2707 1
2705 2707 1
2718 2707 3
2428 2708 1
3073 2709 1
3130 2709 1
2252 2709 3
2708 2709 1
2716 2710 3
2164 2711 1
2154 2712 4
2382 2713 1
2714 2713 2
2716 2715 3
2718 2717 1
2472 2718 7
2547 2718 1
2933 2718 1
2912 2718 2
2252 2718 1
2913 2718 2
2097 2718 1
2932 2718 1
2423 2718 11
2911 2718 2
2098 2718 3
3225 2718 1
2388 2718 1
2048 2719 1
2717 2719 1
2154 2727 4
2154 2728 4
2154 2729 4
2154 2730 4
2154 2731 4
2154 2732 4
2154 2733 4
2148 2734 1
2148 2735 2
2734 2735 1
2736 2735 2
2734 2736 1
2148 2736 2
2428 2738 1
2209 2738 3
2286 2739 1
2286 2740 1
2739 2740 1
2082 2741 1
2614 2742 2
3057 2742 1
2741 2742 1
3198 2743 1
3057 2743 2
2494 2743 5
2741 2743 1
2962 2743 1
2741 2744 1
2494 2744 5
3198 2744 1
3057 2744 2
2494 2745 5
2744 2745 5
3057 2746 2
2747 2746 5
3198 2746 1
2741 2746 1
2259 2747 4
2052 2747 2
2082 2747 1
2199 2747 1
3272 2748 1
2494 2748 10
3326 2748 1
3137 2748 1
3314 2748 2
2746 2748 5
2494 2749 10
2860 2749 1
2924 2749 1
2746 2749 5
3264 2749 1
3123 2749 1
3272 2749 1
2494 2750 7
2860 2750 1
2746 2750 5
3272 2750 1
2860 2751 1
2746 2751 5
3272 2751 1
2494 2751 11
2806 2751 1
2923 2751 1
3137 2751 1
3202 2751 1
2552 2752 7
2860 2752 1
3272 2752 1
2746 2752 5
2082 2753 3
3198 2753 1
2741 2753 1
2753 2754 3
2082 2754 6
3194 2754 1
3350 2754 1
2082 2755 5
3246 2755 1
2753 2755 3
2755 2756 5
2525 2756 6
2828 2756 1
2753 2756 3
2753 2757 3
2525 2757 3
2193 2758 1
2110 2759 1
2768 2760 3
2316 2760 4
2768 2761 3
2760 2761 4
2316 2761 4
2388 2762 1
3228 2763 1
2428 2763 2
2762 2763 1
3228 2764 1
2762 2764 1
2428 2764 2
2813 2765 1
2107 2765 2
2472 2766 1
2316 2767 1
2767 2768 1
2316 2768 3
3301 2768 1
3301 2769 1
2771 2769 1
2879 2769 1
2767 2769 1
3178 2769 1
2518 2769 6
2054 2770 1
2281 2771 2
3226 2771 1
2634 2772 2
2771 2772 1
2879 2772 1
2248 2773 2
2771 2773 1
2879 2773 1
2879 2774 1
2771 2774 1
2775 2774 3
2281 2775 1
2878 2775 1
2259 2775 4
2771 2776 1
2879 2776 1
2156 2776 3
2989 2777 1
2079 2778 1
3276 2778 1
3061 2778 1
2777 2778 1
3114 2778 1
2598 2778 1
3205 2779 1
3000 2779 1
2598 2779 1
2777 2779 1
3291 2779 1
3061 2779 1
3276 2779 1
3122 2779 1
2079 2779 1
3008 2779 1
2946 2780 1
3000 2780 1
3205 2780 1
2598 2780 1
3306 2780 1
3061 2780 1
3276 2780 1
3008 2780 1
3001 2780 1
2777 2780 1
3043 2780 1
3122 2780 1
2598 2781 1
3061 2781 1
3276 2781 1
2777 2781 1
2777 2782 1
3291 2782 1
3000 2782 1
3205 2782 1
3008 2782 1
2079 2782 1
2598 2782 1
3276 2782 1
3122 2782 1
3061 2782 1
2598 2783 1
2080 2783 1
2777 2783 1
2817 2783 1
2079 2783 1
3276 2783 1
3008 2783 1
3291 2783 1
3061 2783 1
2777 2784 1
3306 2784 1
2946 2784 1
2080 2784 1
2598 2784 1
3276 2784 1
3061 2784 1
3001 2784 1
2946 2785 1
3306 2785 1
3276 2785 1
2080 2785 1
3001 2785 1
2598 2785 1
2777 2785 1
3061 2785 1
2787 2786 1
2823 2787 3
2786 2788 1
2789 2788 1
2787 2789 1
2823 2789 3
3350 2790 1
2081 2790 3
3194 2790 1
3259 2791 1
3053 2791 1
3246 2791 1
2792 2791 6
2790 2791 3
2081 2792 3
2526 2792 1
2198 2792 1
2854 2792 1
3207 2793 1
2794 2793 2
2089 2795 1
2420 2796 1
2420 2797 1
2796 2797 1
2799 2798 2
3260 2798 1
2596 2800 9
3103 2800 1
3302 2800 2
3331 2800 1
3099 2800 2
2798 2800 2
2800 2801 9
2596 2801 10
2596 2802 10
2800 2802 9
2801 2802 10
2801 2803 10
2596 2803 10
3302 2804 2
2596 2804 5
2798 2804 2
3331 2804 1
2174 2806 1
3123 2807 1
2924 2807 1
3025 2807 2
2552 2807 8
3326 2807 1
3264 2807 1
2923 2807 1
2806 2807 1
2636 2808 1
2636 2809 1
2808 2809 1
2405 2813 1
2813 2814 1
2405 2814 1
2107 2815 1
2813 2815 1
2405 2816 1
2813 2816 1
2212 2817 1
3001 2818 1
2817 2818 1
2079 2818 1
2080 2818 1
3306 2818 1
2946 2818 1
3291 2819 1
2817 2819 1
2821 2820 1
2548 2822 3
2194 2826 1
2145 2827 1
2082 2828 1
3013 2829 2
2054 2829 4
3015 2829 2
2830 2831 1
2833 2831 1
3094 2831 2
2968 2831 1
2948 2831 2
3206 2831 2
2165 2832 1
2404 2834 3
2148 2835 1
2105 2836 1
2197 2838 2
2924 2838 1
3196 2839 1
3066 2839 1
2207 2839 4
2838 2839 2
2924 2839 1
2378 2840 1
2609 2841 1
2841 2842 1
2609 2842 1
2609 2843 1
2841 2843 1
2609 2844 1
2841 2844 1
2496 2845 1
2496 2846 1
2845 2846 1
2248 2847 3
2980 2847 2
2993 2848 1
2248 2848 5
2847 2848 3
3351 2850 1
2100 2850 2
2718 2851 1
2853 2852 2
2364 2852 1
2205 2854 5
2186 2855 2
2547 2856 1
3227 2857 1
2856 2857 1
2718 2857 2
3227 2858 1
2718 2858 2
2856 2858 1
2149 2859 3
2258 2860 1
2860 2861 1
2258 2861 2
2302 2862 1
2378 2863 1
2945 2864 1
2883 2864 1
2378 2864 5
2863 2864 1
3299 2864 1
3156 2864 1
2866 2865 1
2716 2866 3
2716 2867 3
2716 2868 3
2716 2869 3
2362 2870 2
2362 2871 2
2870 2871 2
2870 2872 2
2362 2872 2
2362 2873 2
2870 2873 2
2870 2874 2
3024 2874 1
2070 2874 3
3024 2875 1
2070 2875 3
2870 2875 2
2878 2877 1
3021 2878 3
2878 2879 2
2877 2879 1
2685 2880 2
3012 2880 1
2054 2881 3
2880 2881 2
2054 2882 5
3013 2882 2
2880 2882 2
3015 2882 2
2378 2883 1
2114 2884 1
2420 2885 1
2420 2886 1
2885 2886 1
2596 2887 1
3242 2888 1
2887 2888 1
2596 2888 4
3294 2888 1
2596 2889 4
2888 2889 4
2892 2891 1
2162 2893 1
2595 2894 3
2440 2895 1
2895 2896 1
2897 2896 1
2440 2897 1
2209 2897 3
2259 2898 4
2388 2899 1
2404 2901 3
2381 2902 1
2902 2903 1
2381 2903 2
3333 2903 1
2259 2904 4
3057 2905 1
2906 2905 2
2052 2906 1
2906 2907 3
2905 2907 2
2905 2908 2
2906 2908 3
2906 2909 4
2907 2909 1
2908 2909 3
2905 2910 2
2906 2910 2
2632 2915 2
2559 2915 1
2170 2916 1
2924 2917 1
3258 2917 1
2207 2917 3
2916 2917 1
3160 2919 1
2185 2919 2
2919 2920 2
2653 2920 2
2787 2921 1
2921 2922 1
2787 2922 1
2180 2923 1
2197 2924 1
3264 2925 1
3123 2925 1
3326 2925 1
2924 2925 1
3196 2925 1
2552 2925 5
2197 2926 1
2924 2926 1
2197 2927 1
2924 2927 1
2924 2928 1
2632 2928 1
2924 2929 1
2054 2929 1
2207 2930 1
2924 2930 1
3066 2931 1
3264 2931 1
2207 2931 3
2924 2931 1
2935 2934 1
2934 2936 1
2935 2936 1
2935 2937 1
2934 2937 1
2520 2938 1
2378 2945 1
2986 2946 1
2830 2946 1
3001 2947 1
3043 2947 1
2946 2947 1
3306 2947 1
2946 2948 1
3122 2948 1
2918 2949 1
2949 2950 1
2653 2950 1
3177 2951 1
2952 2951 3
3341 2951 1
2639 2953 3
2123 2954 1
2434 2955 1
2955 2956 1
2208 2956 1
2499 2957 1
2378 2958 1
2203 2960 3
2114 2961 1
2494 2962 3
2494 2963 1
2962 2963 1
2494 2964 1
2962 2964 1
2962 2965 1
2494 2965 1
2962 2966 1
2494 2966 1
2962 2967 1
2494 2967 1
2440 2971 1
2971 2972 1
2440 2972 3
3256 2972 1
2975 2972 1
2971 2973 1
2975 2973 1
2440 2973 3
3256 2973 1
2548 2974 1
3100 2974 2
2440 2975 1
2388 2976 1
3303 2977 1
2440 2977 2
2976 2977 1
2976 2978 1
3303 2978 1
2440 2978 2
2248 2979 1
2248 2980 2
2979 2980 1
2979 2981 1
2248 2981 1
2595 2982 3
2878 2983 4
3134 2983 2
3133 2983 1
2878 2984 5
2983 2984 4
2878 2985 5
2983 2985 4
2179 2987 1
2987 2988 1
2552 2988 1
2824 2990 1
2990 2991 1
2824 2991 1
2378 2992 1
2248 2993 1
2570 2994 1
2994 2995 1
2617 2995 1
3253 2996 1
3057 2996 1
2997 2996 3
2994 2996 1
2570 2997 1
2052 2997 1
2609 2997 1
2859 2998 1
2998 2999 1
2859 2999 1
2833 3000 1
2833 3001 1
3115 3001 1
2428 3002 1
2738 3003 1
3002 3003 1
2051 3004 1
2609 3004 3
2297 3005 1
2295 3005 1
3007 3006 1
3011 3010 2
2837 3010 1
2685 3012 1
3012 3013 1
2685 3013 2
3013 3014 2
2054 3014 3
3012 3015 1
2685 3015 2
2054 3016 3
3015 3016 2
2184 3017 2
3354 3017 1
2184 3018 3
3017 3018 2
3136 3018 1
2595 3019 3
2595 3020 3
2156 3022 1
3022 3023 1
2554 3023 1
2205 3024 1
2205 3025 2
3024 3025 1
2494 3026 2
3025 3026 2
2363 3027 1
3027 3028 1
2363 3028 1
3027 3029 1
2070 3029 1
2401 3030 1
3030 3031 1
2675 3031 1
2486 3033 1
3033 3034 1
2084 3034 2
2350 3035 1
3033 3035 1
3036 3037 1
3036 3038 1
3036 3039 1
3036 3040 1
2252 3041 1
3041 3042 1
2252 3042 1
3043 3044 1
3043 3045 1
3043 3046 1
3043 3047 1
2079 3047 1
3043 3048 1
2172 3049 1
2054 3050 2
3233 3050 1
2092 3051 1
2391 3052 1
3051 3052 1
2854 3053 1
3332 3054 1
3053 3054 1
2205 3054 2
3055 3056 1
2052 3057 2
2052 3058 3
3057 3058 2
2110 3059 1
2110 3060 1
3059 3060 1
3115 3061 1
2157 3066 1
3264 3067 1
3196 3067 1
3326 3067 1
2207 3067 4
3066 3067 1
3066 3068 1
3326 3068 1
3297 3068 1
2086 3068 3
3349 3069 1
3066 3069 1
2207 3069 3
3222 3070 1
2207 3070 4
3069 3070 3
3066 3071 1
3264 3071 1
3326 3071 1
3196 3071 1
2207 3071 5
3123 3071 1
2207 3072 1
3066 3072 1
2718 3073 1
3301 3074 1
3075 3074 2
2395 3075 1
3074 3076 2
3075 3076 2
3075 3077 2
3074 3077 2
2297 3078 1
3243 3079 1
3080 3079 2
2428 3081 1
3081 3082 1
2428 3082 3
3161 3082 1
3213 3082 1
3161 3083 1
3213 3083 1
2428 3083 3
3081 3083 1
2387 3084 1
3339 3085 1
2532 3085 3
3084 3085 1
3087 3086 2
3243 3086 1
2404 3088 3
2155 3089 1
3280 3090 1
2496 3090 2
3280 3091 1
3090 3091 2
2496 3091 2
2378 3092 1
3312 3093 1
3092 3093 1
2378 3093 2
3000 3094 1
3001 3094 1
3095 3096 1
3095 3097 1
3095 3098 1
2100 3099 2
3351 3099 1
2600 3101 1
2191 3102 1
2101 3103 1
3145 3104 1
3269 3104 1
2653 3104 3
3104 3105 3
2653 3105 3
2361 3106 1
2361 3107 1
3106 3107 1
3109 3108 2
3238 3108 1
2404 3110 3
2195 3112 1
2086 3113 1
3112 3113 1
2554 3116 1
3335 3117 1
2554 3117 2
3116 3117 1
3129 3118 1
2570 3119 1
2614 3120 1
3119 3120 1
2647 3121 1
2830 3122 1
2176 3123 1
3352 3124 1
2089 3124 4
3123 3124 1
3145 3124 1
3269 3124 1
3123 3125 1
3296 3125 1
2634 3125 2
3123 3126 1
2405 3126 1
2405 3127 1
3123 3127 1
3123 3128 1
2207 3128 1
2440 3130 1
2350 3131 1
2294 3132 1
2878 3133 1
2878 3134 2
3133 3134 1
2184 3136 1
2775 3137 1
3137 3138 1
2494 3138 1
3205 3139 1
3000 3139 1
2079 3139 1
3122 3139 1
3157 3140 1
2141 3140 2
3140 3141 2
2141 3141 2
2089 3142 1
2156 3143 2
3297 3143 1
2049 3144 1
2185 3145 1
3145 3146 1
2089 3146 2
3269 3146 1
3145 3147 1
2185 3147 1
2653 3148 1
3145 3148 1
3151 3150 3
2537 3152 2
3351 3152 1
3193 3153 1
3152 3153 2
2100 3153 3
3152 3154 2
3193 3154 1
2100 3154 4
2185 3155 1
2378 3156 1
2502 3157 1
3157 3158 1
2141 3158 2
2110 3159 1
2185 3160 1
2428 3161 1
2446 3162 1
3162 3163 1
2540 3163 1
2050 3164 1
3055 3165 4
3166 3167 1
3176 3167 1
3176 3168 1
3166 3168 1
3176 3169 1
3166 3169 1
3166 3170 1
3176 3170 1
3166 3171 1
3000 3172 1
3205 3172 1
3122 3172 1
3122 3173 1
3205 3173 1
3000 3173 1
2350 3174 1
3174 3175 1
2350 3175 1
2952 3177 1
2518 3178 1
2405 3179 1
3264 3180 1
2405 3180 3
3179 3180 1
3330 3180 1
2405 3181 1
2405 3182 1
3181 3182 1
2589 3183 1
2589 3184 1
3183 3184 1
2199 3185 1
3057 3186 1
2193 3186 1
2906 3187 1
3057 3187 1
2322 3188 1
3057 3188 1
2173 3189 1
3057 3189 1
3057 3190 1
2614 3190 1
3057 3191 1
2173 3191 1
2367 3192 1
2101 3193 1
2081 3194 1
2081 3195 1
3194 3195 1
2156 3196 1
3264 3197 1
2207 3197 3
3196 3197 1
3326 3197 1
2199 3198 1
3198 3199 1
2199 3199 1
2089 3200 1
3004 3201 1
2609 3201 1
2904 3202 1
3202 3203 1
2494 3203 1
2904 3204 1
3202 3204 1
2968 3205 1
3306 3206 1
3205 3206 1
3207 3208 1
3218 3208 2
2701 3209 1
2092 3210 1
2185 3211 1
2647 3212 1
2428 3213 1
3216 3215 1
2609 3219 1
2552 3220 1
3219 3220 1
2556 3221 1
2207 3222 1
2281 3226 1
2388 3227 1
2974 3228 1
2190 3229 1
2201 3230 1
3230 3231 1
2201 3231 2
3055 3232 1
2685 3233 1
3301 3234 1
2141 3234 2
3301 3235 1
2141 3235 2
3234 3235 2
2401 3236 1
3151 3237 3
2110 3239 1
2110 3240 1
3239 3240 1
2110 3241 1
3239 3241 1
2062 3242 1
2854 3244 1
2854 3245 1
3244 3245 1
2198 3246 1
2082 3247 1
3246 3247 1
3246 3248 1
2082 3248 1
2647 3250 1
2378 3251 1
2378 3252 1
3251 3252 1
2609 3253 1
3253 3254 1
2997 3254 1
2997 3255 1
3253 3255 1
2440 3256 1
2169 3258 1
2526 3259 1
2799 3260 1
3260 3261 1
2799 3261 1
3260 3262 1
2799 3262 1
2054 3263 1
2166 3264 1
3264 3265 1
2405 3265 1
3264 3266 1
2405 3266 1
3264 3267 1
2405 3267 1
3264 3268 1
2405 3268 1
2185 3269 1
2185 3270 1
3269 3270 1
2653 3271 1
3269 3271 1
2898 3272 1
2559 3273 1
2207 3273 1
2962 3275 1
2494 3275 1
2986 3276 1
2639 3277 3
2367 3278 1
3278 3279 1
2479 3279 1
2496 3280 1
2114 3281 1
2114 3282 2
3281 3282 1
3326 3282 1
2655 3283 1
3283 3284 1
2655 3284 1
2576 3287 1
2718 3288 1
2192 3289 1
2212 3291 1
2178 3292 1
2596 3294 1
2188 3296 1
3298 3297 1
2378 3299 1
2114 3300 1
2395 3301 1
3075 3302 2
3301 3302 1
2822 3303 1
2089 3304 1
3304 3305 1
2089 3305 1
2989 3306 1
2968 3306 1
2494 3308 1
2962 3308 1
2494 3309 3
3313 3309 1
2962 3309 1
3314 3309 2
2494 3310 1
2962 3310 1
2494 3311 1
2962 3311 1
2378 3312 1
2060 3313 1
3313 3314 1
2060 3314 2
2401 3317 1
2119 3319 1
3316 3320 1
3320 3321 1
3316 3321 1
3320 3322 1
3316 3322 2
3316 3323 2
3320 3323 1
3322 3323 1
2554 3324 1
3324 3325 1
2554 3325 1
2138 3326 1
2114 3327 1
3326 3327 1
2322 3328 1
2378 3329 1
2405 3330 1
2103 3331 1
2565 3332 1
2713 3333 1
3333 3334 1
2713 3334 1
2156 3335 1
2520 3336 1
2181 3337 1
2123 3338 1
2387 3339 1
3339 3340 1
2532 3340 1
2952 3341 1
2576 3343 1
2105 3344 1
2387 3345 1
2158 3349 1
2198 3350 1
2537 3351 1
2175 3352 1
3352 3353 1
2514 3353 1
2184 3354 1
3354 3355 1
2207 3355 1
2086 3356 1
2086 3357 1
3356 3357 1
