122 119 2
146 119 1
122 120 2
119 120 5
145 121 1
122 121 2
146 122 1
120 123 4
121 123 2
135 123 4
121 124 2
145 124 1
119 124 2
119 125 2
121 125 2
120 126 3
121 126 2
120 127 6
136 127 4
126 127 3
141 127 2
131 127 4
131 128 4
141 128 2
129 128 5
126 128 3
119 129 2
120 129 5
141 130 2
131 130 4
129 130 5
126 130 3
121 131 2
141 131 2
120 131 4
129 132 4
131 132 4
141 132 2
129 133 4
131 133 4
131 134 4
129 134 4
119 135 4
121 135 2
141 135 2
141 136 2
121 136 2
119 136 4
119 137 2
138 137 3
120 139 1
119 141 2
145 141 1
141 142 2
137 142 2
141 143 2
137 143 2
141 144 2
120 144 2
146 145 1
120 147 1
147 148 1
139 148 1
