3168 3073 4
3162 3073 5
3156 3073 1
3184 3073 2
3166 3073 4
3095 3073 47
3239 3073 1
3820 3073 11
3186 3073 7
3080 3073 47
3217 3073 3
3173 3073 9
3382 3073 1
3076 3075 3
3078 3077 3
3081 3079 1
3080 3079 1
3082 3081 13
3080 3081 11
3080 3083 1
3084 3083 1
3080 3084 2
3082 3084 4
3086 3085 1
3080 3086 7
3082 3086 9
3088 3087 1
3480 3089 1
3435 3089 1
3375 3089 1
3189 3089 1
3087 3089 1
3537 3089 1
3569 3089 1
3090 3089 7
3088 3090 7
3411 3090 3
3080 3090 1
3481 3090 1
3537 3091 1
3375 3091 1
3569 3091 1
3087 3091 1
3480 3091 1
3435 3091 1
3092 3091 7
3189 3091 1
3088 3092 7
3158 3092 3
3314 3093 4
3088 3093 1
3223 3093 2
3074 3094 3
3820 3094 5
3098 3096 3
3407 3096 1
3097 3096 2
3100 3099 1
3074 3100 3
3820 3100 5
3080 3100 1
3483 3101 1
3554 3101 1
3534 3101 1
3543 3101 1
3524 3101 1
3503 3101 1
3479 3101 1
3099 3101 1
3820 3101 11
3410 3101 1
3209 3101 1
3103 3102 11
3101 3102 11
3820 3103 11
3379 3104 1
3342 3104 3
3161 3104 5
3559 3104 1
3101 3104 11
3442 3104 1
3105 3104 48
3404 3104 4
3185 3104 7
3416 3104 2
3293 3104 9
3347 3104 4
3173 3105 9
3217 3105 3
3239 3105 1
3166 3105 4
3184 3105 2
3382 3105 1
3073 3105 49
3186 3105 7
3162 3105 5
3168 3105 4
3820 3105 11
3156 3105 1
3105 3106 48
3185 3106 7
3404 3106 4
3342 3106 3
3379 3106 1
3161 3106 5
3416 3106 2
3347 3106 4
3101 3106 11
3442 3106 1
3293 3106 9
3559 3106 1
3342 3107 3
3442 3107 1
3404 3107 4
3293 3107 9
3416 3107 2
3161 3107 5
3101 3107 11
3347 3107 4
3559 3107 1
3379 3107 1
3185 3107 7
3105 3107 48
3105 3108 48
3416 3108 2
3161 3108 5
3185 3108 7
3404 3108 4
3442 3108 1
3101 3108 11
3293 3108 9
3379 3108 1
3342 3108 3
3559 3108 1
3347 3108 4
3342 3109 3
3379 3109 1
3416 3109 2
3105 3109 48
3559 3109 1
3442 3109 1
3404 3109 4
3185 3109 7
3347 3109 4
3161 3109 5
3101 3109 11
3293 3109 9
3293 3110 9
3101 3110 11
3442 3110 1
3559 3110 1
3379 3110 1
3161 3110 5
3105 3110 48
3404 3110 4
3347 3110 4
3185 3110 7
3342 3110 3
3416 3110 2
3559 3111 1
3442 3111 1
3161 3111 5
3379 3111 1
3347 3111 4
3105 3111 48
3404 3111 4
3293 3111 9
3342 3111 3
3101 3111 11
3416 3111 2
3185 3111 7
3073 3112 49
3442 3112 1
3347 3112 4
3185 3112 7
3293 3112 9
3161 3112 5
3101 3112 11
3379 3112 1
3416 3112 2
3559 3112 1
3342 3112 3
3404 3112 4
3105 3113 49
3112 3113 49
3105 3114 49
3112 3114 49
3105 3115 49
3112 3115 49
3105 3116 49
3112 3116 49
3105 3117 49
3112 3117 49
3105 3118 49
3112 3118 49
3105 3119 49
3112 3119 49
3543 3120 1
3121 3120 4
3554 3120 1
3099 3120 1
3219 3121 1
3184 3121 1
3165 3121 1
3326 3121 1
3201 3121 4
3094 3121 1
3100 3121 1
3156 3121 1
3819 3121 1
3466 3121 1
3218 3121 1
3251 3121 1
3171 3121 1
3308 3121 1
3302 3121 1
3300 3121 1
3253 3121 2
3240 3121 1
3239 3121 1
3088 3121 1
3153 3121 2
3151 3121 3
3120 3122 4
3121 3122 5
3536 3122 1
3120 3123 4
3121 3123 8
3543 3123 1
3336 3123 4
3335 3124 2
3121 3124 9
3550 3124 1
3356 3124 1
3120 3124 4
3503 3124 1
3336 3125 4
3120 3125 4
3503 3125 1
3121 3125 9
3554 3125 1
3543 3125 1
3099 3125 1
3442 3126 1
3346 3126 1
3503 3126 1
3335 3126 2
3121 3126 11
3356 3126 1
3550 3126 1
3120 3126 4
3120 3127 4
3336 3127 4
3480 3127 1
3121 3127 9
3543 3128 1
3120 3128 4
3550 3128 1
3503 3128 1
3335 3128 2
3121 3128 8
3336 3129 4
3121 3129 8
3120 3129 4
3335 3130 2
3121 3130 6
3120 3130 4
3121 3131 8
3120 3131 4
3336 3131 4
3121 3132 7
3325 3132 1
3335 3132 2
3120 3132 4
3121 3133 8
3120 3133 4
3336 3133 4
3121 3134 6
3335 3134 2
3120 3134 4
3121 3135 8
3120 3135 4
3336 3135 4
3543 3136 1
3120 3136 4
3503 3136 1
3121 3136 7
3335 3136 2
3209 3137 1
3524 3137 1
3120 3137 4
3336 3137 4
3121 3137 11
3479 3137 1
3209 3138 1
3550 3138 1
3479 3138 1
3121 3138 10
3120 3138 4
3524 3138 1
3335 3138 2
3336 3139 4
3121 3139 8
3120 3139 4
3335 3140 2
3120 3140 4
3121 3140 7
3550 3140 1
3336 3141 4
3121 3141 8
3120 3141 4
3565 3142 1
3335 3142 2
3121 3142 10
3120 3142 4
3379 3142 1
3341 3142 1
3564 3142 1
3120 3143 4
3121 3143 8
3336 3143 4
3550 3144 1
3366 3144 2
3335 3144 2
3419 3144 1
3486 3144 2
3120 3144 4
3465 3144 1
3121 3144 12
3336 3145 4
3120 3145 4
3121 3145 8
3550 3146 1
3121 3146 8
3503 3146 1
3335 3146 2
3543 3146 1
3120 3146 4
3080 3147 1
3285 3147 1
3080 3148 1
3439 3149 1
3251 3150 1
3088 3150 1
3420 3150 3
3279 3150 1
3245 3150 4
3350 3150 1
3151 3150 3
3437 3150 1
3397 3150 1
3153 3152 1
3254 3153 3
3152 3154 1
3153 3154 1
3153 3155 1
3152 3155 1
3074 3156 3
3073 3156 4
3080 3156 1
3407 3157 1
3097 3157 2
3098 3157 3
3160 3159 1
3162 3160 5
3074 3160 3
3080 3160 1
3162 3161 5
3501 3161 1
3365 3161 1
3386 3161 1
3159 3161 1
3080 3162 5
3277 3162 1
3303 3162 1
3304 3162 1
3073 3162 12
3160 3162 1
3161 3163 5
3164 3163 5
3162 3164 5
3074 3165 3
3166 3165 5
3251 3166 1
3308 3166 1
3080 3166 4
3073 3166 10
3165 3166 1
3168 3167 5
3074 3167 3
3249 3168 1
3167 3168 1
3073 3168 10
3250 3168 1
3080 3168 4
3080 3169 1
3170 3169 1
3080 3170 7
3082 3170 9
3820 3171 5
3074 3171 3
3080 3171 1
3173 3172 5
3074 3172 3
3307 3173 1
3225 3173 1
3073 3173 20
3264 3173 1
3306 3173 1
3080 3173 9
3183 3173 1
3172 3173 1
3292 3173 1
3305 3173 1
3175 3174 3
3177 3176 1
3080 3176 1
3082 3177 15
3080 3177 13
3179 3178 2
3523 3178 1
3148 3180 1
3182 3181 2
3180 3181 1
3257 3181 1
3258 3182 1
3148 3182 1
3173 3183 5
3074 3183 3
3080 3183 1
3073 3184 4
3074 3184 3
3080 3184 1
3242 3185 1
3530 3185 1
3186 3185 7
3210 3185 1
3526 3185 1
3553 3185 1
3522 3185 1
3243 3186 1
3073 3186 16
3311 3186 1
3309 3186 1
3199 3186 1
3080 3186 7
3312 3186 1
3310 3186 1
3185 3187 7
3188 3187 7
3186 3188 7
3088 3189 1
3550 3190 1
3436 3190 1
3513 3190 1
3520 3190 1
3246 3190 4
3150 3190 12
3453 3190 1
3189 3190 1
3454 3190 1
3444 3190 1
3454 3191 1
3513 3191 1
3436 3191 1
3550 3191 1
3520 3191 1
3189 3191 1
3453 3191 1
3444 3191 1
3246 3191 4
3150 3191 12
3513 3192 1
3444 3192 1
3550 3192 1
3520 3192 1
3454 3192 1
3246 3192 4
3453 3192 1
3189 3192 1
3150 3192 12
3436 3192 1
3189 3193 1
3550 3193 1
3436 3193 1
3454 3193 1
3513 3193 1
3150 3193 12
3246 3193 4
3453 3193 1
3520 3193 1
3444 3193 1
3074 3194 3
3080 3194 1
3820 3194 5
3077 3195 1
3352 3195 3
3258 3195 1
3197 3196 4
3233 3196 3
3232 3197 4
3233 3198 3
3197 3198 5
3196 3198 4
3074 3199 3
3186 3199 5
3080 3199 1
3081 3200 1
3080 3200 1
3523 3201 1
3202 3201 2
3400 3203 3
3205 3203 1
3204 3203 1
3203 3204 4
3283 3204 1
3074 3204 3
3203 3205 4
3074 3205 3
3283 3205 1
3081 3206 1
3080 3206 1
3205 3207 1
3203 3208 1
3207 3208 1
3094 3209 1
3199 3210 1
3505 3211 2
3212 3211 6
3368 3211 1
3210 3211 1
3530 3211 1
3498 3211 1
3323 3212 1
3310 3212 1
3088 3212 1
3309 3212 1
3267 3212 4
3151 3212 3
3199 3212 1
3312 3212 1
3369 3212 1
3408 3212 1
3077 3212 1
3464 3212 1
3210 3213 1
3553 3213 1
3530 3213 1
3522 3213 1
3427 3213 4
3212 3213 8
3505 3214 2
3212 3214 8
3493 3214 1
3530 3214 1
3210 3214 1
3522 3214 1
3415 3214 1
3463 3214 1
3820 3215 5
3074 3215 3
3165 3216 1
3251 3216 1
3219 3217 1
3073 3217 8
3080 3217 3
3218 3217 1
3217 3218 5
3074 3218 3
3080 3218 1
3217 3219 5
3074 3219 3
3080 3219 1
3221 3220 1
3080 3221 1
3081 3221 1
3475 3222 1
3482 3222 1
3327 3222 2
3556 3222 1
3223 3222 6
3220 3222 1
3305 3223 1
3221 3223 1
3151 3223 3
3088 3223 1
3314 3223 4
3183 3223 1
3096 3223 1
3080 3224 1
3170 3224 1
3173 3225 5
3080 3225 1
3074 3225 3
3263 3226 1
3178 3226 4
3270 3226 2
3567 3227 1
3226 3227 4
3228 3227 5
3178 3228 4
3151 3228 3
3304 3228 1
3378 3228 1
3239 3228 1
3277 3228 1
3440 3228 1
3567 3229 1
3226 3229 4
3228 3229 5
3226 3230 4
3567 3230 1
3228 3230 5
3567 3231 1
3226 3231 4
3228 3231 5
3256 3233 1
3197 3233 3
3175 3234 3
3175 3235 3
3175 3236 3
3175 3237 3
3175 3238 3
3074 3239 3
3073 3239 4
3080 3239 1
3820 3240 5
3074 3240 3
3080 3241 1
3170 3241 1
3243 3242 1
3283 3243 3
3186 3243 5
3080 3243 1
3245 3244 1
3095 3245 1
3523 3245 1
3080 3245 1
3517 3245 2
3455 3246 2
3245 3246 4
3244 3246 1
3246 3247 4
3444 3247 1
3150 3247 8
3550 3247 1
3513 3247 1
3453 3247 1
3550 3248 1
3246 3248 4
3150 3248 6
3444 3248 1
3168 3249 5
3080 3249 1
3074 3249 3
3168 3250 5
3074 3250 3
3166 3251 5
3074 3251 3
3252 3251 1
3254 3253 3
3255 3253 1
3197 3256 1
3258 3257 1
3448 3258 3
3257 3259 1
3260 3259 2
3493 3259 1
3399 3260 1
3340 3260 3
3077 3260 1
3258 3260 1
3493 3261 1
3260 3261 2
3257 3261 1
3195 3262 2
3525 3262 1
3257 3262 1
3178 3263 1
3173 3264 5
3080 3264 1
3074 3264 3
3201 3265 4
3121 3265 2
3422 3266 4
3082 3266 6
3080 3266 4
3268 3267 2
3080 3267 1
3523 3267 1
3095 3267 1
3178 3269 1
3269 3270 1
3178 3270 2
3386 3271 1
3365 3271 1
3228 3271 5
3544 3271 1
3270 3271 2
3270 3272 2
3228 3272 3
3442 3272 1
3270 3273 2
3228 3273 3
3442 3273 1
3270 3274 2
3228 3274 2
3276 3275 2
3523 3275 1
3080 3277 1
3074 3277 3
3162 3277 5
3279 3278 1
3098 3279 3
3097 3279 2
3407 3279 1
3278 3280 1
3150 3280 4
3550 3280 1
3455 3280 2
3170 3281 1
3080 3281 1
3080 3282 1
3080 3284 1
3285 3284 1
3080 3285 3
3082 3285 5
3086 3286 1
3080 3287 1
3177 3287 1
3080 3288 1
3081 3288 1
3290 3289 3
3292 3291 1
3074 3292 3
3080 3292 1
3173 3292 5
3395 3293 1
3568 3293 1
3475 3293 1
3499 3293 1
3497 3293 1
3482 3293 1
3367 3293 1
3173 3293 9
3291 3293 1
3295 3294 9
3293 3294 9
3173 3295 9
3121 3296 1
3296 3297 1
3298 3297 3
3335 3297 2
3121 3298 2
3201 3298 4
3088 3298 1
3296 3299 1
3265 3299 3
3335 3299 2
3074 3300 3
3820 3300 5
3074 3301 3
3820 3301 5
3080 3302 1
3074 3302 3
3820 3302 5
3162 3303 5
3074 3303 3
3080 3303 1
3074 3304 3
3080 3304 1
3162 3304 5
3173 3305 5
3080 3305 1
3074 3305 3
3173 3306 5
3074 3306 3
3173 3307 5
3074 3307 3
3080 3307 1
3166 3308 5
3074 3308 3
3080 3308 1
3074 3309 3
3080 3309 1
3186 3309 5
3080 3310 1
3186 3310 5
3074 3310 3
3186 3311 5
3080 3311 1
3074 3311 3
3080 3312 1
3074 3312 3
3186 3312 5
3314 3313 1
3377 3314 2
3523 3314 1
3313 3315 1
3327 3315 2
3314 3315 4
3223 3316 4
3315 3316 4
3223 3317 5
3375 3317 1
3315 3317 4
3375 3318 1
3398 3318 1
3093 3318 6
3315 3318 4
3315 3319 4
3223 3319 4
3223 3320 4
3315 3320 4
3315 3321 4
3223 3321 4
3223 3322 4
3315 3322 4
3080 3323 1
3324 3323 1
3082 3324 9
3080 3324 7
3326 3325 1
3407 3326 1
3098 3326 3
3097 3326 2
3314 3327 2
3529 3327 1
3327 3328 2
3223 3328 2
3327 3329 2
3402 3329 1
3093 3329 3
3327 3330 2
3223 3330 2
3327 3331 2
3223 3331 2
3327 3332 2
3223 3332 2
3482 3333 1
3327 3333 2
3475 3333 1
3223 3333 4
3201 3334 1
3334 3335 1
3201 3335 2
3521 3336 1
3201 3336 4
3335 3336 2
3336 3337 4
3480 3337 1
3298 3337 6
3533 3337 1
3265 3338 5
3336 3338 4
3533 3338 1
3340 3339 3
3399 3339 1
3219 3341 1
3341 3342 1
3217 3342 3
3565 3342 1
3342 3343 3
3344 3343 3
3217 3344 3
3080 3345 1
3081 3345 1
3308 3346 1
3356 3347 1
3346 3347 1
3166 3347 4
3550 3347 1
3347 3348 4
3349 3348 4
3166 3349 4
3080 3350 1
3086 3350 1
3352 3351 1
3080 3352 1
3422 3352 1
3195 3353 2
3351 3353 1
3355 3354 2
3353 3354 2
3195 3355 2
3165 3356 1
3550 3357 1
3216 3357 3
3512 3357 1
3356 3357 1
3216 3358 2
3356 3358 1
3550 3358 1
3356 3359 1
3550 3359 1
3216 3359 2
3512 3360 1
3550 3360 1
3356 3360 1
3216 3360 3
3356 3361 1
3216 3361 2
3550 3361 1
3356 3362 1
3550 3362 1
3216 3362 2
3081 3363 1
3080 3363 1
3080 3364 1
3324 3364 1
3304 3365 1
3419 3366 1
3253 3366 2
3172 3367 1
3369 3368 1
3080 3369 1
3324 3369 1
3080 3370 1
3081 3370 1
3177 3371 1
3080 3371 1
3352 3372 1
3372 3373 1
3374 3373 2
3566 3373 1
3282 3374 1
3352 3374 1
3088 3375 1
3168 3376 4
3097 3378 2
3098 3378 3
3407 3378 1
3156 3379 1
3381 3380 3
3416 3380 2
3379 3380 1
3156 3381 1
3184 3381 2
3080 3383 1
3177 3383 1
3150 3384 1
3150 3385 1
3384 3385 1
3277 3386 1
3080 3387 1
3324 3387 1
3275 3388 1
3275 3389 2
3388 3389 1
3275 3390 4
3421 3390 1
3389 3390 2
3392 3391 4
3390 3391 4
3151 3392 3
3275 3392 4
3157 3392 1
3390 3393 4
3392 3393 4
3392 3394 4
3390 3394 4
3264 3395 1
3080 3397 1
3086 3397 1
3223 3398 1
3080 3399 1
3400 3399 3
3080 3401 1
3177 3401 1
3223 3402 1
3167 3403 1
3502 3404 1
3477 3404 1
3168 3404 4
3403 3404 1
3404 3405 4
3376 3405 4
3076 3406 3
3407 3408 1
3098 3408 3
3097 3408 2
3212 3409 2
3088 3409 1
3267 3409 4
3194 3410 1
3177 3413 1
3080 3413 1
3266 3414 1
3080 3414 1
3323 3415 1
3564 3416 1
3184 3416 2
3081 3417 1
3080 3417 1
3239 3418 1
3253 3419 1
3086 3420 1
3275 3421 1
3424 3423 1
3445 3424 3
3424 3425 1
3423 3425 1
3267 3426 1
3426 3427 1
3505 3427 2
3267 3427 4
3427 3428 4
3212 3428 4
3569 3429 1
3212 3429 5
3427 3429 4
3427 3430 4
3569 3430 1
3409 3430 6
3472 3430 1
3427 3431 4
3212 3431 4
3427 3432 4
3212 3432 4
3427 3433 4
3212 3433 4
3212 3434 4
3427 3434 4
3088 3435 1
3437 3436 1
3080 3437 1
3086 3437 1
3177 3438 1
3080 3438 1
3149 3439 1
3441 3440 1
3080 3440 1
3170 3440 1
3239 3442 1
3418 3443 1
3442 3443 1
3420 3444 1
3266 3447 1
3080 3447 1
3076 3449 3
3076 3450 3
3076 3451 3
3080 3452 1
3170 3452 1
3420 3453 1
3350 3454 1
3245 3455 2
3535 3455 1
3455 3456 2
3150 3456 3
3550 3456 1
3455 3457 2
3550 3457 1
3150 3457 3
3550 3458 1
3150 3458 3
3455 3458 2
3150 3459 3
3455 3459 2
3550 3459 1
3150 3460 2
3455 3460 2
3080 3461 1
3177 3461 1
3080 3462 1
3081 3462 1
3464 3463 1
3400 3464 3
3080 3464 1
3466 3465 1
3254 3466 3
3177 3467 1
3080 3467 1
3469 3468 4
3392 3470 1
3392 3471 1
3470 3471 1
3212 3472 1
3157 3473 1
3392 3474 1
3473 3474 1
3183 3475 1
3250 3477 1
3080 3478 1
3324 3478 1
3300 3479 1
3088 3480 1
3305 3482 1
3215 3483 1
3487 3484 1
3153 3485 1
3485 3486 1
3153 3486 2
3204 3489 1
3489 3490 1
3203 3490 1
3414 3491 1
3414 3492 1
3491 3492 1
3077 3493 1
3563 3494 1
3260 3494 2
3493 3494 1
3493 3495 1
3195 3495 2
3538 3495 1
3080 3496 1
3177 3496 1
3307 3497 1
3408 3498 1
3225 3499 1
3266 3500 1
3303 3501 1
3249 3502 1
3819 3503 1
3267 3504 1
3267 3505 2
3504 3505 1
3505 3506 2
3212 3506 2
3505 3507 2
3514 3507 1
3409 3507 3
3212 3508 2
3505 3508 2
3505 3509 2
3212 3509 2
3505 3510 2
3212 3510 3
3530 3510 1
3212 3511 2
3505 3511 2
3216 3512 1
3420 3513 1
3212 3514 1
3080 3515 1
3177 3515 1
3324 3516 1
3080 3516 1
3519 3518 4
3397 3520 1
3201 3521 1
3309 3522 1
3240 3524 1
3352 3525 1
3311 3526 1
3228 3527 1
3228 3528 1
3527 3528 1
3314 3529 1
3310 3530 1
3212 3531 1
3530 3531 1
3212 3532 1
3530 3532 1
3121 3533 1
3301 3534 1
3245 3535 1
3121 3536 1
3088 3537 1
3352 3538 1
3177 3539 1
3266 3541 1
3541 3542 1
3500 3542 1
3171 3543 1
3378 3544 1
3439 3545 1
3149 3546 1
3545 3546 1
3149 3547 1
3545 3547 1
3545 3548 1
3149 3548 1
3149 3549 1
3545 3549 1
3251 3550 1
3552 3551 3
3550 3551 1
3563 3551 2
3251 3552 1
3399 3552 2
3312 3553 1
3302 3554 1
3080 3555 1
3266 3555 1
3096 3556 1
3223 3557 1
3557 3558 1
3223 3558 1
3382 3559 1
3212 3561 1
3212 3562 1
3561 3562 1
3399 3563 2
3184 3564 1
3218 3565 1
3282 3566 1
3440 3567 1
3306 3568 1
3088 3569 1
3563 3570 1
3339 3570 1
3563 3571 1
3339 3571 1
3820 3819 5
3080 3819 1
3074 3819 3
3302 3820 1
3300 3820 1
3080 3820 11
3171 3820 1
3073 3820 24
3301 3820 1
3819 3820 1
3194 3820 1
3100 3820 1
3240 3820 1
3094 3820 1
3215 3820 1
