7530 7529 7
7529 7531 4
7529 7532 4
7571 7532 1
7535 7534 1
7540 7535 2
7588 7535 1
7537 7536 2
7551 7536 1
7534 7536 1
7571 7537 1
7544 7537 1
7535 7537 1
7537 7538 1
7534 7538 1
7562 7540 2
7561 7540 2
7542 7541 4
7528 7542 1
7544 7543 1
7537 7545 1
7543 7545 1
7547 7546 5
7549 7548 4
7530 7549 7
7537 7551 1
7606 7552 1
7553 7552 2
7555 7554 2
7597 7554 1
7557 7555 2
7556 7555 2
7559 7558 2
7597 7558 1
7556 7559 2
7557 7559 2
7540 7560 2
7588 7560 1
7564 7563 5
7563 7565 4
7577 7565 3
7556 7566 2
7557 7566 2
7597 7568 1
7569 7568 2
7557 7569 2
7556 7569 2
7571 7570 1
7570 7572 1
7537 7572 1
7571 7573 1
7570 7573 1
7532 7574 1
7570 7574 1
7570 7575 1
7532 7575 1
7571 7576 1
7570 7576 1
7597 7578 1
7579 7578 2
7557 7579 2
7556 7579 2
7581 7580 2
7588 7580 1
7562 7581 1
7561 7581 1
7557 7586 2
7556 7586 2
7562 7588 1
7561 7588 1
7549 7590 4
7592 7591 3
7546 7591 4
7556 7593 2
7557 7593 2
7595 7594 2
7597 7594 1
7557 7595 2
7556 7595 2
7596 7597 1
7604 7597 1
7597 7598 1
7586 7598 2
7593 7599 2
7597 7599 1
7566 7600 2
7597 7600 1
7610 7601 2
7597 7601 1
7597 7602 1
7616 7602 2
7605 7603 2
7597 7603 1
7556 7605 2
7557 7605 2
7556 7610 2
7557 7610 2
7606 7611 1
7556 7616 2
7557 7616 2
7588 7617 1
7588 7618 1
7588 7619 1
7537 7621 1
7621 7622 1
7537 7622 1
7560 7624 1
7626 7625 1
7624 7625 1
7560 7626 1
7528 7630 1
7630 7631 1
7542 7631 1
