8060 0 1
7828 0 1
332 0 1
8413 0 1
1104 0 11
100 0 1
7844 0 1
1474 0 2
8352 0 1
412 0 1
8375 1 1
0 1 11
4359 1 12
100 2 1
1474 2 2
7844 2 1
8413 2 1
1253 2 7
8060 2 1
7828 2 1
7828 3 1
1474 3 2
7844 3 1
8060 3 1
1253 3 7
100 3 1
8413 3 1
4474 4 3
1474 4 2
8119 5 3
8118 5 1
1253 5 10
248 5 2
8289 5 1
8469 5 1
4 5 3
7 5 3
85 6 1
4 6 3
8118 6 1
7828 6 1
1253 6 6
4474 7 3
1474 7 2
4271 8 4
8118 8 1
1474 8 2
8125 9 3
8 9 4
7521 9 8
8414 9 3
8060 10 1
332 10 1
1104 10 4
1474 10 2
8060 11 1
100 11 1
8413 11 1
85 11 1
1253 11 6
1474 11 2
8063 12 4
8224 12 1
4277 12 8
1474 12 2
955 13 7
1461 14 1
14 15 1
7627 15 1
8017 16 1
8141 16 1
14 16 1
7627 16 3
14 17 1
7627 17 1
7625 18 1
14 18 1
14 19 1
7625 19 1
955 22 7
4331 23 2
7528 24 1
24 25 1
961 25 2
24 26 1
8113 26 1
8249 26 1
8131 26 1
4226 26 5
28 27 1
955 28 7
955 29 7
31 30 1
955 31 7
8491 32 1
33 32 4
84 32 1
30 32 1
7785 33 2
4246 33 1
8304 33 1
31 33 1
989 34 1
36 35 1
34 35 1
4248 36 3
989 36 2
8281 36 1
7602 37 1
8006 38 1
4305 38 2
37 38 1
4333 40 1
42 41 1
961 42 1
4475 42 1
8074 43 1
961 43 5
412 43 1
41 43 1
8145 43 1
8392 44 1
8083 44 1
8203 44 1
8467 44 1
23 44 1
8137 44 1
4393 44 14
43 44 5
7996 44 2
1259 44 1
1328 46 2
255 46 1
4230 46 1
4319 46 1
4248 46 3
4428 46 1
1266 47 1
4248 47 3
89 47 1
4248 48 3
4248 49 3
239 49 1
4414 49 1
1465 49 1
264 49 1
4249 50 1
4248 50 3
4361 50 1
1263 51 1
4248 51 3
4248 52 3
4248 53 3
4248 54 3
4248 55 3
4248 56 3
4248 57 3
4248 58 3
7813 59 1
4248 59 3
4248 60 3
4248 61 3
4248 62 3
4248 63 3
4248 64 3
4331 64 4
4336 65 1
1346 65 1
7550 65 4
4248 65 3
4248 66 3
4248 67 3
4331 67 4
4319 68 1
4248 68 3
4248 69 3
4248 70 3
8498 70 1
4248 71 3
960 72 1
1342 73 1
4549 74 4
73 74 1
1437 74 1
7781 74 1
8518 74 1
73 75 1
4549 75 2
368 75 1
1437 76 1
8518 76 1
73 76 1
4549 76 4
7781 76 1
368 77 1
73 77 1
4549 77 2
79 78 1
955 79 7
81 80 4
78 80 1
8134 80 1
359 80 1
79 81 1
8304 81 1
4406 81 2
7611 82 5
80 82 4
955 83 7
33 84 1
4352 85 1
1253 86 5
7899 86 1
85 86 1
7844 86 1
7828 86 1
7906 86 1
85 87 1
7844 87 1
1253 87 3
7828 87 1
1253 88 1
85 88 1
4331 89 1
961 89 1
4475 89 1
7602 90 2
8494 91 1
4305 91 2
90 91 1
4325 92 6
8161 92 2
7739 92 1
8272 92 2
8272 93 2
7633 93 12
8246 93 1
8280 93 1
8461 93 1
7903 93 1
92 93 6
318 93 1
7851 93 1
92 94 6
8276 94 3
4325 94 7
92 95 6
4325 95 7
4359 96 10
8276 96 3
95 96 7
8279 96 1
4325 97 6
92 97 6
4325 98 6
92 98 6
8459 99 1
8272 99 2
92 99 6
7633 99 8
8010 99 1
8161 99 2
1295 100 1
8106 101 1
141 101 1
102 101 4
8072 101 3
100 101 1
8063 101 4
8469 101 1
7521 101 12
100 102 1
141 102 1
8469 102 1
4271 102 4
104 103 1
395 104 3
103 105 1
4230 105 1
107 106 1
103 106 1
220 107 4
104 107 1
103 108 1
107 108 1
103 109 1
107 109 1
103 110 1
107 110 1
103 111 1
107 111 1
107 112 1
103 112 1
4421 113 1
115 114 1
961 115 1
4475 115 1
114 116 1
4329 116 1
114 117 1
4329 117 1
119 118 3
955 120 7
955 121 7
8304 122 1
123 122 2
273 122 1
960 123 1
125 124 1
961 125 1
4475 125 1
127 126 3
7857 126 2
1083 127 1
8211 127 2
4499 127 2
121 128 1
960 129 1
4295 129 1
4290 130 1
130 131 1
4290 131 4
7995 131 1
8077 131 2
4475 132 1
961 132 1
7596 134 1
134 135 1
1420 135 1
137 136 1
8043 137 3
1416 138 1
138 139 1
1416 139 1
8078 140 1
138 140 1
1416 140 2
4352 141 1
1158 142 1
4300 143 1
238 144 1
7948 144 2
4300 144 5
143 144 1
146 145 2
7958 145 1
1074 146 2
7958 147 1
146 147 3
145 147 2
149 148 2
8304 148 1
960 149 1
150 151 3
960 152 1
1346 153 1
8112 154 1
7550 154 2
153 154 1
7732 155 1
251 155 1
7550 155 5
153 155 1
8112 155 1
8426 155 1
153 156 1
65 156 1
1307 157 1
1309 158 1
157 158 1
1309 159 1
157 159 1
83 160 1
1026 161 1
160 161 1
1026 162 1
160 162 1
160 163 1
1026 163 1
1026 164 1
160 164 1
160 165 1
1026 165 1
160 166 1
1026 166 1
1026 167 1
160 167 1
4319 168 2
8448 168 1
4319 169 3
168 169 1
7915 169 1
4557 170 4
169 170 3
249 170 1
8082 171 1
4557 171 4
7733 171 1
7915 171 1
168 171 1
4475 172 1
961 172 1
174 173 3
1143 175 1
4351 176 1
175 176 1
8102 177 1
4230 177 4
175 177 1
7798 177 1
8384 177 1
179 178 1
178 180 1
4359 180 1
178 181 1
191 181 2
4359 181 6
8458 181 1
8279 181 1
7672 181 1
4359 182 6
181 182 6
178 183 1
4457 183 1
178 184 1
4457 184 1
4457 185 1
178 185 1
4457 186 1
178 186 1
4457 187 1
178 187 1
178 188 1
4457 188 1
4457 189 1
178 189 1
4457 190 1
178 190 1
178 191 1
4451 191 2
191 192 2
4359 192 2
178 193 1
4451 193 1
1042 194 1
196 195 1
961 196 1
196 197 2
195 197 1
197 198 2
7521 198 2
8442 199 1
4277 199 3
8118 199 1
201 200 2
8475 200 1
278 201 1
1078 201 3
8304 201 1
203 202 3
200 202 2
201 203 2
7738 203 2
1083 203 1
4282 204 1
1130 205 2
7999 205 1
204 205 1
1130 206 1
204 206 1
204 207 1
1130 207 1
204 208 1
1130 208 1
204 209 1
1130 209 1
1130 210 1
204 210 1
1130 211 1
204 211 1
213 212 2
1282 213 1
8304 213 1
216 213 2
353 214 1
122 214 2
1243 215 3
214 215 2
960 216 1
218 217 3
7803 217 2
310 218 2
1083 218 1
989 218 2
961 219 1
4475 219 1
8116 220 2
107 220 1
960 220 2
8115 220 2
1209 220 5
222 221 1
955 222 7
8493 223 1
4496 223 3
221 223 1
4309 224 4
223 224 3
4473 225 1
960 226 1
4295 226 1
955 227 7
4309 228 2
8303 228 1
1073 229 1
7721 230 1
231 230 4
8048 230 1
229 230 1
1073 231 1
8304 231 1
7939 231 2
1255 232 5
230 232 4
955 233 7
235 234 1
955 235 7
4414 236 2
234 236 1
236 237 2
1241 237 3
4300 238 1
961 239 1
4475 239 1
241 240 1
961 241 1
4475 241 1
8244 242 1
7642 242 2
240 242 1
8244 243 1
4286 243 2
240 243 1
8471 244 1
8244 244 1
240 244 1
302 244 1
4375 244 4
4375 245 1
240 245 1
302 246 1
240 246 1
8471 246 1
4375 246 3
7642 247 1
240 247 1
4352 248 2
8060 248 1
1058 249 1
249 250 1
7915 250 1
4557 250 3
8354 250 1
1334 251 1
4271 252 1
251 252 1
4218 253 7
4218 254 7
955 255 7
955 256 7
955 257 7
955 258 7
955 259 7
955 260 7
955 261 7
955 262 7
955 263 7
955 264 7
955 265 7
955 266 7
955 267 7
955 268 7
955 269 7
955 270 7
955 271 7
955 272 7
955 273 7
955 274 7
955 275 7
955 276 7
955 277 7
955 278 7
955 279 7
955 280 7
955 281 7
955 282 7
955 283 7
955 284 7
955 285 7
955 286 7
955 287 7
955 288 7
955 289 7
8229 290 2
4305 290 3
90 290 1
328 291 4
4249 291 5
4279 292 1
294 293 1
961 294 1
4475 294 1
293 295 1
1460 295 1
1460 296 3
293 296 1
8407 296 1
7976 296 1
293 297 1
1460 297 1
960 298 1
4295 298 1
4339 299 1
299 300 1
4286 300 1
960 301 1
4375 302 1
1177 303 2
303 304 1
1263 304 2
7588 305 4
4280 306 4
1212 307 1
8363 308 1
7748 308 1
307 308 1
8085 308 1
4226 308 7
7922 308 1
7737 308 1
4226 309 1
307 309 1
4295 310 1
960 310 1
7602 311 1
311 312 1
4305 312 2
7983 312 1
7984 313 1
1069 313 2
212 313 1
1069 314 3
7984 314 1
8507 314 1
212 314 1
1069 315 1
212 315 1
8285 316 1
1015 316 2
4277 317 1
7587 318 1
960 319 1
321 320 1
320 322 1
4393 322 1
4489 323 1
7591 324 4
4253 324 3
277 325 1
4447 326 1
125 327 1
8500 328 1
7955 328 1
327 328 1
4475 328 5
4499 329 1
4409 330 1
330 331 1
4387 331 1
1466 332 1
8060 333 1
332 333 1
4271 333 3
398 333 1
1251 334 2
332 334 1
332 335 1
1251 335 2
335 336 2
7524 336 3
332 337 1
1251 337 3
8413 337 1
8119 338 3
1253 338 13
337 338 3
7828 338 1
8063 338 4
8118 338 1
7727 338 1
7844 338 1
8469 338 1
7828 339 1
7844 339 1
1253 339 5
337 339 3
332 340 1
8413 340 1
1251 340 3
1253 341 4
7828 341 1
340 341 3
332 342 1
1114 342 1
1114 343 1
332 343 1
332 344 1
1114 344 1
332 345 1
1114 345 1
332 346 1
1114 346 1
4249 347 1
50 348 1
347 348 1
347 349 1
50 349 1
146 350 2
8252 350 1
352 351 2
147 351 1
350 351 1
146 352 2
273 353 1
148 354 1
1432 355 2
354 355 1
960 358 1
357 358 3
81 359 1
276 360 1
393 361 1
4309 361 2
4295 362 1
960 362 1
8500 363 1
1079 363 4
7955 363 1
4331 364 2
7985 364 1
4331 365 7
7981 365 2
8300 365 2
364 365 2
364 366 2
67 366 2
1465 368 1
8098 369 1
4278 369 2
368 369 1
4278 370 2
8483 370 1
368 370 1
4278 371 1
368 371 1
7891 372 1
368 372 1
4278 372 3
7791 372 1
368 373 1
4278 373 2
7891 373 1
368 374 1
4278 374 1
49 375 1
368 375 1
49 376 1
368 376 1
4278 377 2
368 377 1
8037 377 1
4278 378 1
368 378 1
960 379 1
4295 379 1
7517 380 1
255 381 1
1169 382 1
46 382 3
381 382 1
8235 382 1
46 383 3
1169 383 1
8235 383 1
381 383 1
1169 384 1
46 384 3
8235 384 1
381 384 1
46 385 3
8235 385 1
1169 385 1
381 385 1
4529 386 1
4335 387 1
4335 388 2
387 388 1
1050 389 1
389 390 1
7863 390 1
4290 390 3
7995 391 1
390 391 3
8117 391 2
4290 391 7
4295 392 1
960 392 1
4496 393 1
395 394 3
4289 396 1
7989 397 1
961 397 2
1295 398 1
1072 399 1
398 399 1
398 400 1
1072 400 1
398 401 1
1072 401 1
1072 402 1
398 402 1
398 403 1
8366 403 1
1072 403 2
1072 404 2
398 404 1
8366 404 1
4489 405 1
4316 406 4
256 407 1
1185 408 2
407 408 1
7529 409 1
409 410 1
7530 410 1
409 411 1
7530 411 1
4489 412 1
4220 413 1
412 413 1
4220 414 1
412 414 1
412 415 1
4220 415 1
8145 416 1
8015 416 1
412 416 1
7633 416 4
416 417 4
418 417 3
4416 417 5
7633 418 3
412 418 1
8145 418 1
412 419 1
8050 419 1
986 419 2
7515 420 1
269 421 1
1305 422 2
421 422 1
422 423 2
1307 423 3
1083 424 1
1083 425 1
1083 426 1
1083 427 1
1083 428 1
1083 429 1
1083 430 1
1083 431 1
1083 432 1
1083 433 1
1083 434 1
1083 435 1
1083 436 1
1083 437 1
1083 438 1
1083 439 1
1083 440 1
1083 441 1
1083 442 1
1083 443 1
1083 444 1
1083 445 1
1083 446 1
1083 447 1
1083 448 1
1083 449 1
1083 450 1
1083 451 1
955 954 7
266 955 1
257 955 1
281 955 1
7594 955 1
268 955 1
4321 955 1
280 955 1
255 955 1
258 955 1
4403 955 1
284 955 1
262 955 1
121 955 1
7540 955 1
288 955 1
1163 955 1
4246 955 1
286 955 1
4486 955 1
1193 955 1
1167 955 1
261 955 1
29 955 1
233 955 1
83 955 1
1422 955 1
7613 955 1
1093 955 1
267 955 1
285 955 1
984 955 1
1108 955 1
1067 955 1
282 955 1
279 955 1
22 955 1
264 955 1
235 955 1
289 955 1
4377 955 1
954 955 1
269 955 1
271 955 1
1247 955 1
13 955 1
1111 955 1
1283 955 1
1110 955 1
4361 955 1
4423 955 1
263 955 1
273 955 1
1270 955 1
260 955 1
265 955 1
7580 955 1
1204 955 1
1240 955 1
31 955 1
1282 955 1
7517 955 1
1407 955 1
270 955 1
1287 955 1
4503 955 1
961 955 95
956 955 194
958 956 210
959 956 210
955 956 1
960 956 104
4218 956 1
957 956 209
1472 959 1
305 961 1
4504 961 1
4236 961 1
7586 961 1
7629 961 1
7771 961 1
29 961 1
42 961 3
1295 961 1
284 961 1
4489 961 4
1422 961 1
282 961 1
8225 961 2
7749 961 1
7594 961 1
196 961 1
288 961 1
4423 961 2
285 961 1
1074 961 7
1472 961 1
173 961 1
4510 961 2
7528 961 2
1284 961 1
1321 961 1
4316 961 6
1334 961 1
4503 961 1
1287 961 1
289 961 1
1212 961 5
4421 961 1
4377 961 1
1093 961 1
4230 961 5
4269 961 9
7613 961 1
4216 961 1
4390 961 13
4409 961 2
4350 961 1
962 961 149
964 963 1
1284 964 1
4282 964 1
1027 964 3
7522 965 1
7628 965 1
7628 966 1
4230 966 1
968 967 1
7628 967 1
1274 968 1
7629 968 1
268 968 1
4248 968 3
968 969 1
7628 969 1
7628 970 1
968 970 1
968 971 1
7628 971 1
7522 972 1
7628 972 1
974 973 2
7628 973 1
960 974 1
7629 974 1
974 975 7
7864 975 2
973 975 2
1028 975 2
8163 975 1
8144 975 1
977 976 1
961 977 1
4475 977 1
8243 978 1
8370 978 1
976 978 1
30 978 1
7859 978 1
7543 978 5
4336 979 1
8012 980 1
368 980 1
7999 980 1
7781 980 1
204 980 1
8190 980 1
979 980 1
7891 980 1
1100 980 4
7918 980 1
8486 980 1
8098 980 1
4278 980 17
1181 980 1
1345 980 1
7918 981 1
979 981 1
4278 981 5
8283 981 1
7906 981 1
7781 981 1
1437 982 3
7906 982 1
979 982 1
7918 982 1
4278 982 6
984 983 1
955 984 7
983 985 1
986 985 3
8050 985 1
8395 985 1
1388 986 2
4510 986 1
984 986 1
4248 986 3
4489 986 1
7727 987 1
8479 987 1
381 987 1
8361 987 1
8064 987 1
8407 987 1
7877 987 1
1066 987 1
8214 987 1
983 987 1
7712 987 1
988 987 18
8136 987 1
8492 987 1
1095 987 1
30 987 1
1406 987 1
7925 987 1
7781 987 1
1407 988 1
258 988 1
268 988 1
261 988 1
265 988 1
275 988 1
4486 988 1
1118 988 2
984 988 1
120 988 1
255 988 1
1121 988 2
7580 988 1
1119 988 2
31 988 1
22 988 1
1120 988 2
1067 988 1
4361 988 1
264 988 1
1240 988 1
954 988 1
990 989 2
8304 989 1
227 989 1
960 990 1
960 991 1
4295 991 1
4418 992 1
4390 993 3
1002 993 3
992 993 1
4390 994 3
1002 994 3
993 994 3
993 995 3
4390 995 4
1393 996 1
7625 996 10
8451 996 2
14 996 1
995 996 4
7717 996 2
7717 997 2
14 997 1
1095 997 1
995 997 4
8451 997 2
7615 997 11
1393 997 1
8449 998 1
993 998 3
7627 998 5
7716 998 1
1000 999 3
993 999 3
4390 1000 3
958 1000 26
959 1000 26
4390 1001 3
993 1001 3
1002 1001 3
993 1002 3
4390 1002 3
1002 1003 3
8362 1003 2
4212 1003 8
8119 1003 3
1002 1004 3
8119 1004 3
4212 1004 10
8362 1004 2
8133 1004 1
7790 1004 1
8449 1005 1
4290 1005 8
7961 1005 1
390 1005 3
992 1005 1
7716 1005 1
4291 1006 10
1164 1006 1
1005 1006 8
396 1006 1
1164 1007 1
8449 1007 1
7961 1007 1
4291 1007 5
992 1007 1
7716 1007 1
1009 1008 3
8246 1008 1
8111 1008 1
4474 1009 1
7852 1009 1
1009 1010 3
1008 1010 3
1012 1011 1
8253 1012 2
8304 1012 1
277 1012 1
325 1013 1
1012 1013 3
1011 1013 1
1013 1014 3
1015 1014 4
1083 1015 1
1012 1015 5
8357 1015 2
1011 1016 1
1012 1016 2
1015 1017 3
1016 1017 2
4441 1018 1
4356 1019 6
8499 1019 1
8004 1019 1
8235 1019 1
1018 1019 1
8059 1019 1
8466 1020 1
1019 1020 6
4312 1020 8
1018 1021 1
4441 1021 2
4517 1022 1
1022 1023 1
4517 1023 1
1025 1024 4
4516 1024 3
8164 1024 1
4517 1025 3
4248 1026 3
1058 1026 5
83 1026 1
974 1028 2
8236 1028 1
1030 1029 1
955 1029 7
4317 1031 1
1031 1032 1
8398 1032 1
1122 1032 1
4317 1032 4
4300 1033 1
1033 1034 1
4300 1034 2
1036 1035 3
8286 1035 1
1034 1035 2
4300 1036 2
1281 1036 1
960 1037 1
4295 1037 1
4218 1038 7
4312 1039 4
8027 1039 1
1053 1039 2
8119 1040 3
8289 1040 1
8414 1040 3
4277 1040 11
102 1040 4
4248 1041 3
961 1042 1
4475 1042 1
960 1042 1
4248 1043 3
8470 1044 1
1045 1044 2
8304 1045 1
262 1045 1
1330 1045 2
1047 1046 3
1044 1046 2
1045 1047 2
1083 1047 1
8025 1047 2
7941 1048 1
1267 1048 1
961 1048 5
8171 1048 1
24 1048 1
1050 1049 1
4290 1050 5
955 1050 1
4218 1050 1
1052 1051 1
8042 1051 1
7969 1051 1
8388 1051 1
1049 1051 1
1050 1051 6
8350 1051 1
1050 1052 1
8358 1053 1
4356 1053 2
4319 1054 1
4557 1055 1
1054 1055 1
1054 1056 1
8448 1056 1
160 1056 1
4319 1056 4
1058 1057 5
1056 1057 4
1109 1058 2
4319 1058 6
1083 1058 1
1057 1059 5
1026 1059 5
1026 1060 5
1057 1060 5
1026 1061 5
1057 1061 5
1057 1062 5
1026 1062 5
1026 1063 5
1057 1063 5
1026 1064 5
1057 1064 5
1057 1065 5
1026 1065 5
1067 1066 1
955 1067 7
8528 1068 1
1069 1068 7
1333 1068 1
8504 1068 1
8068 1068 1
1066 1068 1
8507 1068 1
8410 1068 1
4336 1069 1
7751 1069 1
1067 1069 1
1284 1069 1
213 1069 4
1334 1069 4
4248 1069 3
1066 1070 1
1071 1070 2
8213 1070 1
4433 1071 1
1081 1071 1
1067 1071 1
4248 1071 3
4248 1072 3
1295 1072 2
1432 1072 1
955 1073 7
960 1074 1
4475 1074 1
961 1074 1
1177 1074 1
4439 1075 1
1075 1076 1
7633 1076 3
7672 1076 1
1076 1077 3
4416 1077 3
960 1078 2
7852 1079 1
267 1079 1
7593 1079 1
1080 1079 2
8304 1079 1
960 1080 1
8304 1081 1
1082 1081 2
960 1082 1
960 1083 1
4295 1083 1
7515 1084 1
1084 1085 1
1086 1085 2
1083 1086 1
8007 1086 2
7515 1086 6
1088 1087 1
4248 1088 3
1088 1089 1
1087 1089 1
8049 1090 1
1087 1090 1
1088 1090 2
1088 1091 2
8049 1091 1
1087 1091 1
1093 1092 1
955 1093 7
7806 1094 1
4226 1094 4
8100 1094 1
8171 1094 1
1092 1094 1
4486 1095 1
4279 1096 1
8408 1097 1
4280 1097 11
7998 1097 1
40 1097 1
8506 1097 1
7990 1097 1
1096 1097 1
7898 1097 1
8457 1097 1
7720 1097 1
7760 1097 1
4255 1098 1
7531 1099 1
8473 1100 1
7972 1100 1
4529 1100 4
1099 1100 1
1100 1101 4
4278 1101 4
4278 1102 5
7906 1102 1
1100 1102 4
8352 1103 1
8413 1103 1
412 1103 1
332 1103 1
100 1103 1
1474 1103 2
7828 1103 1
8060 1103 1
7844 1103 1
1104 1103 11
1466 1104 1
4489 1104 1
1295 1104 2
4352 1104 2
7829 1104 1
4339 1104 1
4474 1104 4
4359 1105 11
1103 1105 11
955 1108 7
4295 1109 1
960 1109 1
955 1110 7
955 1111 7
4296 1112 1
1114 1113 1
1112 1113 1
4248 1114 3
1466 1114 1
4296 1114 1
1112 1115 1
1114 1115 1
8213 1116 1
4356 1116 3
8518 1116 1
1441 1117 1
4312 1117 5
1116 1117 3
1123 1122 1
955 1123 7
1074 1124 1
1124 1125 1
7806 1125 1
307 1125 1
8011 1125 1
7989 1125 1
8085 1125 1
7748 1125 1
8496 1125 1
8252 1125 1
8249 1125 1
7958 1125 1
7922 1125 1
8263 1125 1
7737 1125 1
961 1125 18
8363 1125 1
7963 1125 1
1390 1125 1
4226 1126 1
1124 1126 1
955 1127 7
7511 1128 1
1130 1129 1
1128 1129 1
4336 1130 1
4248 1130 3
7511 1130 1
4282 1130 2
8393 1131 1
1130 1131 2
1128 1131 1
1133 1132 1
4248 1133 3
1133 1134 1
1132 1134 1
1133 1135 2
1132 1135 1
8534 1135 1
1133 1136 2
8534 1136 1
1132 1136 1
1138 1137 2
33 1137 6
1083 1137 1
4295 1138 1
960 1138 1
8223 1139 1
1140 1139 2
7789 1140 2
8304 1140 1
1139 1141 2
1142 1141 3
1140 1142 4
1083 1142 1
226 1142 2
4420 1143 1
960 1143 1
8023 1144 1
4253 1144 3
1145 1146 3
4350 1147 1
1147 1148 1
1437 1148 1
1169 1148 1
8138 1148 1
4230 1148 5
398 1149 1
8384 1149 1
1169 1149 3
1437 1149 3
8149 1149 1
4232 1149 14
1148 1149 5
8131 1150 1
1147 1150 1
4380 1150 3
1343 1150 1
1152 1151 1
1159 1152 2
1158 1152 3
960 1152 4
1157 1152 10
45 1152 4
4280 1152 10
1160 1152 2
7943 1153 1
1152 1153 9
8423 1153 1
1165 1153 1
8453 1153 1
142 1153 1
1151 1153 1
8104 1153 1
8024 1153 1
8423 1154 1
7943 1154 1
1153 1154 9
142 1154 1
8024 1154 1
1165 1154 1
8104 1154 1
4343 1154 9
8453 1154 1
4343 1155 9
142 1155 1
1153 1155 9
8423 1155 1
1165 1155 1
8423 1156 1
8104 1156 1
142 1156 1
4343 1156 9
1153 1156 9
8453 1156 1
7943 1156 1
8225 1157 2
1152 1158 6
1152 1159 6
1152 1160 6
1161 1162 3
955 1163 7
4423 1164 1
1159 1165 1
1167 1166 1
955 1167 7
4557 1168 10
7891 1168 1
8167 1168 1
1181 1168 1
1345 1168 1
7733 1168 1
8082 1168 1
381 1168 1
368 1168 1
1166 1168 1
8374 1168 1
4230 1169 4
1166 1169 1
7905 1169 1
4557 1170 4
1169 1170 3
7915 1170 1
7915 1171 1
1169 1171 3
7891 1171 1
1181 1171 1
7733 1171 1
4557 1171 8
8082 1171 1
1169 1172 3
7915 1172 1
4557 1172 4
1343 1173 1
1437 1173 3
4220 1173 9
1169 1173 3
8289 1173 1
412 1173 1
4557 1174 3
1169 1174 3
8289 1175 1
1169 1175 3
412 1175 1
1335 1175 18
1437 1175 3
4220 1175 25
7998 1176 1
1169 1176 3
4220 1176 28
8442 1176 1
8289 1176 1
1437 1176 3
412 1176 1
8224 1176 1
1335 1176 18
13 1177 1
1178 1177 8
1212 1177 1
8304 1177 1
960 1178 7
4248 1180 3
4282 1181 1
1181 1182 1
7906 1182 1
4557 1182 2
7891 1183 1
368 1183 1
1181 1183 1
7906 1183 1
1437 1183 3
4278 1183 10
8421 1183 1
1345 1183 1
8505 1183 1
4248 1184 3
4373 1184 4
8304 1185 1
256 1185 1
1186 1185 2
4319 1185 1
960 1186 1
1188 1187 1
4248 1188 3
1188 1189 1
1187 1189 1
7856 1190 1
1188 1190 2
1187 1190 1
1187 1191 1
7856 1191 1
1188 1191 2
1193 1192 1
955 1193 7
7584 1194 2
1192 1194 1
1196 1195 3
1194 1195 2
1083 1196 1
392 1196 2
7584 1196 2
4529 1197 1
4278 1198 1
1197 1198 1
1197 1199 1
4278 1199 1
4336 1200 4
7850 1200 1
7781 1200 1
8173 1200 1
7550 1201 6
1200 1201 4
8390 1201 1
8112 1201 1
4475 1202 1
961 1202 1
1204 1203 1
955 1204 7
1203 1205 1
4529 1205 2
1205 1206 2
7555 1206 3
1206 1207 3
4260 1207 3
1210 1208 1
1209 1208 3
1212 1211 1
960 1212 1
1177 1212 1
961 1212 1
4374 1213 1
1211 1213 1
4374 1214 1
1211 1214 1
1211 1215 1
4374 1215 1
4374 1216 1
1211 1216 1
1211 1217 1
4374 1217 1
1211 1218 1
4374 1218 1
1211 1219 1
4374 1219 1
4374 1220 1
1211 1220 1
1211 1221 1
4374 1221 1
1211 1222 1
4374 1222 1
4374 1223 1
1211 1223 1
1211 1224 1
4374 1224 1
4374 1225 1
1211 1225 1
1211 1226 1
4374 1226 1
4374 1227 1
1211 1227 1
4374 1228 1
1211 1228 1
1211 1229 1
4374 1229 1
1211 1230 1
4374 1230 1
4374 1231 1
1211 1231 1
4374 1232 1
1211 1232 1
4374 1233 1
1211 1233 1
4374 1234 1
1211 1234 1
1211 1235 1
4374 1235 1
4374 1236 1
1211 1236 1
1211 1237 1
4374 1237 1
4374 1238 1
1211 1238 1
4374 1239 1
1211 1239 1
955 1240 7
1242 1241 2
1083 1241 1
4414 1241 2
4295 1242 1
960 1242 1
1083 1243 1
122 1243 2
1244 1243 2
4295 1244 1
960 1244 1
955 1245 7
955 1246 7
955 1247 7
1152 1248 1
1152 1249 1
1248 1249 1
1251 1250 1
1466 1251 1
280 1251 1
8304 1251 1
8032 1251 2
1399 1251 1
4474 1251 1
1250 1252 1
1253 1252 1
4529 1253 1
1334 1253 4
954 1253 1
220 1253 3
7829 1253 3
1251 1253 9
4489 1253 1
1346 1253 1
4352 1253 7
4474 1253 6
4282 1253 3
1463 1253 1
1295 1253 4
8225 1253 1
4339 1253 3
89 1253 1
7524 1253 1
1284 1253 1
107 1253 1
4248 1253 3
7844 1254 1
1250 1254 1
7828 1254 1
1253 1254 3
1256 1255 2
231 1255 4
1083 1255 1
4295 1256 1
960 1256 1
4295 1258 1
960 1258 1
4333 1259 2
8203 1260 1
7996 1260 1
23 1260 1
1259 1260 1
4393 1260 4
1177 1261 3
7683 1261 1
8200 1261 1
1263 1262 4
1261 1262 3
1083 1263 1
129 1263 2
1177 1263 4
8454 1264 1
7531 1264 2
1264 1265 2
1266 1265 3
7722 1266 2
7531 1266 2
1083 1266 1
7528 1267 1
961 1268 2
1267 1268 1
1270 1269 1
955 1270 7
1272 1271 2
1269 1271 1
7852 1272 1
8304 1272 1
7593 1272 1
1270 1272 1
7971 1272 2
1271 1273 2
1274 1273 3
1272 1274 5
4360 1274 2
1083 1274 1
1276 1275 2
8218 1275 1
1142 1277 2
1332 1277 1
1279 1278 2
1375 1278 4
1083 1278 1
4295 1279 1
960 1279 1
4300 1281 4
955 1282 7
955 1283 7
961 1284 1
4475 1284 1
4356 1285 2
7841 1285 1
1287 1286 1
955 1287 7
4303 1288 1
1289 1288 3
1291 1290 2
8304 1290 1
960 1291 1
1293 1292 3
1295 1294 1
961 1295 1
4475 1295 1
8504 1296 1
85 1296 1
8438 1296 1
7816 1296 1
8289 1296 1
1294 1296 1
100 1296 1
141 1296 1
1345 1296 1
8469 1296 1
8068 1296 1
1333 1296 1
8522 1296 1
8528 1296 1
398 1296 1
4271 1296 18
8442 1296 1
8133 1296 1
102 1297 4
1296 1297 18
7521 1297 23
7714 1297 6
1474 1298 2
332 1298 1
1294 1298 1
1104 1298 8
8413 1298 1
7979 1298 1
100 1298 1
8060 1298 1
7844 1299 1
7828 1299 1
1253 1299 10
85 1299 1
8119 1299 3
100 1299 1
8289 1299 1
8413 1299 1
1294 1299 1
7804 1300 1
960 1301 1
4295 1301 1
1303 1302 1
4390 1303 7
8165 1304 1
380 1304 1
1302 1304 1
8139 1304 1
7839 1304 3
1305 1304 9
7838 1304 1
1398 1304 1
1311 1304 3
7517 1305 1
1468 1305 1
8304 1305 1
1381 1305 2
269 1305 1
1303 1305 1
1462 1305 1
1399 1305 1
1307 1306 10
1304 1306 9
1305 1307 11
1083 1307 1
379 1307 2
380 1308 1
1309 1308 4
1302 1308 1
8289 1308 1
1311 1308 3
1399 1309 1
8225 1309 1
1307 1309 1
4352 1309 2
1468 1309 1
4248 1309 3
1202 1309 2
1305 1309 7
1462 1309 1
1303 1309 1
7517 1309 1
380 1310 1
1309 1310 4
1302 1310 1
1311 1310 3
8289 1310 1
1305 1311 3
380 1311 1
1302 1311 1
1311 1312 3
1309 1312 3
7838 1313 1
380 1313 1
8352 1313 1
8060 1313 1
1309 1313 7
1302 1313 1
8289 1313 1
8165 1313 1
381 1314 1
4319 1314 2
1058 1315 3
1314 1315 2
960 1316 1
420 1317 1
1086 1317 2
8413 1318 1
4514 1318 5
8523 1318 1
141 1318 1
1318 1319 5
4210 1319 7
1208 1320 1
957 1321 3
128 1322 1
4334 1322 2
1322 1323 2
8005 1323 1
4334 1323 4
4236 1324 1
8161 1325 2
1326 1325 4
1324 1325 1
4253 1326 3
1293 1326 1
4236 1326 1
960 1326 1
8023 1326 1
8015 1327 1
8289 1327 1
409 1327 1
8161 1327 2
8202 1327 1
8272 1327 2
7633 1327 14
8461 1327 1
8119 1327 3
1325 1327 4
4319 1328 1
8304 1328 1
1329 1328 2
960 1329 1
960 1330 1
4248 1331 3
1140 1332 1
1334 1333 1
4331 1334 1
961 1334 1
4475 1334 1
8068 1335 1
141 1335 1
1474 1335 2
8060 1335 1
1333 1335 1
8504 1335 1
398 1335 1
8352 1335 1
4271 1335 18
8289 1335 1
8528 1335 1
100 1335 1
7816 1335 1
8366 1335 1
1345 1335 1
8133 1335 1
8422 1335 1
1411 1336 6
1335 1336 18
4316 1336 24
1333 1337 1
1069 1337 4
8528 1337 1
8504 1337 1
8507 1337 1
8528 1338 1
1339 1338 3
1333 1338 1
8504 1338 1
1334 1339 4
4230 1339 1
4248 1339 3
1345 1340 1
7816 1340 1
8421 1340 1
141 1340 1
7844 1340 1
8504 1340 1
412 1340 1
100 1340 1
8505 1340 1
8060 1340 1
8068 1340 1
8130 1340 1
1469 1340 1
8523 1340 1
1474 1340 2
8063 1340 4
8469 1340 1
8528 1340 1
8119 1340 3
1333 1340 1
1253 1340 29
7828 1340 1
8413 1340 1
8133 1340 1
85 1340 1
8118 1340 1
398 1340 1
8289 1340 1
1342 1341 1
7858 1342 2
1083 1342 1
4269 1343 1
8225 1344 1
4248 1344 3
1346 1345 1
4475 1346 1
4331 1346 1
961 1346 1
4557 1347 2
368 1347 1
1345 1347 1
1345 1348 1
4282 1348 3
368 1348 1
1348 1349 3
368 1349 1
4278 1349 3
1348 1350 3
368 1350 1
4329 1350 3
368 1351 1
4278 1351 3
1348 1351 3
368 1352 1
4329 1352 3
1348 1352 3
368 1353 1
4278 1353 3
1348 1353 3
4329 1354 3
1348 1354 3
368 1354 1
1348 1355 3
4278 1355 3
7906 1356 1
7891 1356 1
7791 1356 1
1348 1356 3
4278 1356 6
1348 1357 3
368 1357 1
4278 1357 4
7791 1357 1
4549 1358 3
1348 1358 3
368 1358 1
368 1359 1
1345 1359 1
4278 1359 8
7891 1359 1
1437 1359 3
8505 1359 1
8421 1359 1
1345 1360 1
368 1360 1
4278 1360 3
7891 1360 1
4278 1361 3
368 1361 1
1345 1361 1
7891 1361 1
7891 1362 1
4278 1362 4
8190 1362 1
368 1362 1
1345 1362 1
4529 1363 1
1363 1364 1
386 1364 1
8354 1364 1
8088 1364 1
1365 1364 6
7850 1364 1
8250 1364 1
8173 1364 1
4529 1364 9
8354 1365 1
8088 1365 1
386 1365 1
8250 1365 1
4529 1365 6
1363 1365 1
8428 1366 1
1365 1366 6
8280 1366 1
4275 1366 8
8304 1367 1
266 1367 1
1368 1367 2
4319 1367 1
960 1368 1
4373 1369 4
4248 1369 3
4295 1370 1
960 1370 1
1373 1372 2
7537 1372 3
1083 1372 1
960 1373 1
4295 1373 1
1375 1374 1
8304 1375 1
1283 1375 1
1471 1375 2
1375 1376 2
1374 1376 1
1378 1377 1
1374 1377 1
4248 1378 3
1375 1378 1
1374 1379 1
1375 1379 3
7736 1379 1
1278 1380 4
1379 1380 3
960 1381 1
1321 1382 1
1346 1383 1
1383 1384 1
7732 1384 1
251 1384 1
8426 1384 1
7550 1384 4
4230 1385 1
4230 1386 1
1385 1386 1
1385 1387 1
4230 1387 1
4475 1388 1
961 1388 1
955 1389 7
1074 1390 1
7963 1391 1
4226 1391 4
8496 1391 1
1390 1391 1
955 1392 7
1143 1393 1
1393 1394 1
7938 1394 1
4356 1394 2
1393 1395 1
7938 1395 1
4356 1395 2
7596 1396 2
4248 1396 3
960 1397 1
1399 1398 1
4390 1399 7
8289 1400 1
7838 1400 1
1309 1400 5
8060 1400 1
8352 1400 1
1398 1400 1
1251 1401 3
1398 1401 1
332 1401 1
1401 1402 3
1253 1402 3
1401 1403 3
1253 1403 3
1253 1404 3
1401 1404 3
1253 1405 3
1401 1405 3
1407 1406 1
955 1407 7
299 1408 1
8418 1408 1
7844 1408 1
1406 1408 1
4286 1408 4
4331 1409 1
4337 1410 1
1410 1411 1
4316 1411 6
8103 1411 3
8046 1411 1
7522 1412 6
1411 1412 6
7596 1413 1
134 1414 1
1413 1414 1
1396 1414 2
134 1415 1
138 1415 1
1416 1415 4
1413 1415 1
8078 1415 1
7596 1416 2
4248 1416 3
134 1417 1
1413 1417 1
1416 1417 2
1375 1418 1
1278 1419 2
1418 1419 1
7596 1420 1
4248 1420 3
955 1422 7
4328 1422 1
960 1423 1
1158 1424 1
4253 1425 3
7591 1425 4
4253 1426 3
7591 1426 4
7591 1427 1
1429 1428 1
955 1429 7
8225 1430 1
4248 1430 3
8476 1431 1
1432 1431 2
148 1432 2
7705 1432 2
1083 1432 1
960 1433 1
4295 1433 1
1436 1435 1
4218 1436 7
4230 1437 4
1435 1437 1
8012 1437 1
4247 1438 3
1437 1438 3
1437 1439 3
4557 1439 3
8505 1440 1
4278 1440 4
1437 1440 3
4289 1441 1
8237 1442 1
4271 1442 2
1442 1443 2
1474 1443 2
8118 1443 1
8523 1443 1
7521 1443 9
8414 1443 3
8106 1443 1
8106 1444 1
8523 1444 1
8119 1444 3
1442 1444 2
4277 1444 11
8289 1444 1
100 1444 1
141 1444 1
8469 1444 1
1474 1445 2
141 1445 1
8523 1445 1
8469 1445 1
100 1445 1
8106 1445 1
8119 1445 3
1442 1445 2
8063 1445 4
7521 1445 15
1447 1446 3
8097 1446 2
1083 1447 1
1258 1447 2
1367 1447 2
4260 1448 6
1446 1448 3
237 1448 3
24 1449 1
8249 1449 1
4226 1449 7
8131 1449 1
7970 1449 1
7701 1449 1
8113 1449 1
4298 1450 1
1450 1451 1
4298 1451 2
1451 1452 2
7610 1452 2
7610 1453 2
1451 1453 2
7610 1454 2
1451 1454 2
1030 1455 3
32 1456 4
1137 1456 5
4316 1457 4
955 1459 7
294 1460 2
265 1460 1
4248 1460 3
4390 1461 7
4390 1462 7
4390 1463 7
4475 1463 1
4390 1464 7
4475 1465 1
4390 1465 7
4390 1466 7
4390 1467 7
4390 1468 7
4282 1469 1
955 1470 7
960 1471 1
961 1472 1
960 1472 1
4419 1472 1
4474 1473 1
1473 1474 1
4474 1474 2
8366 1475 1
1474 1475 2
4271 1475 3
8237 4205 1
963 4205 1
4407 4205 1
7899 4205 1
40 4205 1
1181 4205 1
4206 4205 18
1097 4205 11
8412 4205 1
7998 4205 1
7906 4205 1
1284 4206 1
1152 4206 2
1208 4206 1
4280 4206 12
4333 4206 1
964 4206 1
4282 4206 2
4208 4207 535
1124 4207 1
4346 4207 3
8375 4207 1
8434 4207 2
1435 4207 1
1002 4207 3
8426 4207 1
4308 4207 3
1148 4207 5
141 4207 1
8442 4207 1
299 4207 1
4365 4207 53
1393 4207 1
8507 4207 1
304 4207 2
8092 4207 1
8011 4207 1
7841 4207 1
1200 4207 4
7712 4207 1
1398 4207 1
4376 4207 1
350 4207 1
4554 4207 11
326 4207 1
1147 4207 1
7554 4207 6
1017 4207 3
8299 4207 1
1031 4207 1
4477 4207 3
8074 4207 1
1341 4207 1
8467 4207 1
1265 4207 3
1322 4207 2
4408 4207 1
7864 4207 2
316 4207 2
7915 4207 1
7918 4207 1
291 4207 5
7533 4207 3
8393 4207 1
7513 4207 11
4505 4207 12
1040 4207 11
7828 4207 1
7761 4207 1
7914 4207 1
7781 4207 1
8170 4207 1
1203 4207 1
30 4207 1
8249 4207 1
7949 4207 1
8042 4207 1
1345 4207 1
4315 4207 3
134 4207 1
8223 4207 1
4542 4207 11
7843 4207 1
7695 4207 1
7701 4207 1
8492 4207 1
7788 4207 3
7518 4207 1
237 4207 3
4257 4207 5
1442 4207 2
7965 4207 1
8499 4207 1
8505 4207 1
983 4207 1
7964 4207 2
4422 4207 1
7600 4207 1
7977 4207 3
8103 4207 3
8362 4207 2
130 4207 1
7870 4207 2
1413 4207 1
7743 4207 3
1343 4207 1
4386 4207 9
199 4207 3
8113 4207 1
1382 4207 1
142 4207 1
12 4207 8
364 4207 2
7737 4207 1
8396 4207 1
1206 4207 3
7700 4207 3
1437 4207 4
1456 4207 5
8214 4207 1
224 4207 4
8460 4207 1
4424 4207 1
317 4207 1
8423 4207 1
7620 4207 1
8252 4207 1
4273 4207 5
8144 4207 1
8145 4207 1
225 4207 1
4254 4207 1
8048 4207 1
8004 4207 1
8064 4207 1
1049 4207 1
8428 4207 1
1302 4207 1
1166 4207 1
1117 4207 5
7539 4207 1
1424 4207 1
8190 4207 1
1014 4207 4
8456 4207 1
8136 4207 1
1383 4207 1
8213 4207 1
7754 4207 3
361 4207 2
8407 4207 1
360 4207 1
8289 4207 1
8455 4207 1
8077 4207 1
7922 4207 1
8119 4207 3
1277 4207 2
8425 4207 1
8095 4207 1
8361 4207 1
307 4207 1
1410 4207 1
1273 4207 3
82 4207 5
1446 4207 3
1021 4207 2
7957 4207 4
7994 4207 3
8374 4207 1
8356 4207 1
194 4207 1
8264 4207 1
973 4207 2
124 4207 1
7721 4207 1
8235 4207 1
7953 4207 1
8354 4207 1
330 4207 1
8036 4207 2
1324 4207 1
8258 4207 1
1011 4207 1
7727 4207 1
1469 4207 1
7689 4207 2
8102 4207 1
8384 4207 1
1285 4207 2
1444 4207 11
7558 4207 16
7877 4207 1
8300 4207 2
8101 4207 1
7974 4207 1
7880 4207 2
1374 4207 1
8134 4207 1
7902 4207 1
8044 4207 2
1267 4207 1
8245 4207 1
8518 4207 1
1052 4207 1
8012 4207 1
8165 4207 1
4472 4207 32
368 4207 1
8481 4207 1
202 4207 3
1095 4207 1
7510 4207 8
4530 4207 8
7541 4207 3
4276 4207 128
7838 4207 1
4467 4207 3
8383 4207 1
7945 4207 1
228 4207 2
4322 4207 1
8148 4207 1
8040 4207 1
7861 4207 1
7905 4207 1
232 4207 5
7780 4207 1
1431 4207 2
1096 4207 1
8171 4207 1
4362 4207 3
8156 4207 2
1391 4207 4
1169 4207 4
7958 4207 1
7936 4207 3
1323 4207 4
4546 4207 10
8478 4207 1
215 4207 3
8479 4207 1
359 4207 1
7640 4207 21
26 4207 5
8066 4207 2
1406 4207 1
8266 4207 1
7899 4207 1
1195 4207 3
1286 4207 1
292 4207 1
4370 4207 1
251 4207 1
8350 4207 1
1066 4207 1
7768 4207 1
8496 4207 1
7881 4207 1
126 4207 3
8082 4207 1
8359 4207 1
8421 4207 1
1092 4207 1
7806 4207 1
1028 4207 2
7869 4207 1
7812 4207 1
7891 4207 1
8535 4207 1
1141 4207 3
7925 4207 1
1409 4207 1
100 4207 1
8523 4207 1
8024 4207 1
4509 4207 1
8469 4207 1
1057 4207 5
8296 4207 1
7901 4207 1
327 4207 1
4560 4207 9
8106 4207 1
7551 4207 3
7736 4207 1
4493 4207 1
381 4207 1
8410 4207 1
8166 4207 2
4268 4207 1
8050 4207 1
8163 4207 1
7985 4207 1
380 4207 1
8100 4207 1
7954 4207 1
8493 4207 1
1020 4207 8
4466 4207 1
332 4207 1
4481 4207 4
4404 4207 5
7885 4207 1
7876 4207 2
8099 4207 1
7844 4207 1
1181 4207 1
7969 4207 1
1319 4207 1
7946 4207 1
8033 4207 3
4281 4207 1
963 4207 1
7981 4207 2
1376 4207 2
4497 4207 3
7616 4207 3
8477 4207 1
7677 4207 5
8131 4207 1
4537 4207 8
8005 4207 1
1153 4207 9
4229 4207 2
1332 4207 1
1054 4207 1
423 4207 3
24 4207 1
27 4207 1
388 4207 2
365 4207 7
4233 4207 4
7970 4207 1
8068 4207 1
8138 4207 1
8409 4207 1
8059 4207 1
8388 4207 1
1428 4207 1
8398 4207 1
8149 4207 1
8516 4207 1
979 4207 1
7762 4207 3
1262 4207 4
4353 4207 3
4225 4207 4
1018 4207 1
8172 4207 1
4528 4207 7
7997 4207 1
4464 4207 1
1463 4208 1
231 4208 2
1334 4208 6
4293 4208 11
7529 4208 1
4258 4208 6
4336 4208 12
1346 4208 2
1263 4208 7
1422 4208 1
1152 4208 9
4403 4208 1
1086 4208 2
4430 4208 1
1307 4208 4
1067 4208 1
1372 4208 4
7586 4208 1
1137 4208 9
4361 4208 1
220 4208 3
28 4208 1
7515 4208 2
4312 4208 22
4447 4208 1
260 4208 1
4434 4208 1
4547 4208 10
120 4208 1
4337 4208 1
1367 4208 2
261 4208 1
4437 4208 1
961 4208 12
265 4208 1
284 4208 1
4226 4208 30
4290 4208 6
1375 4208 2
954 4208 1
1074 4208 6
4255 4208 2
4356 4208 5
1399 4208 1
4334 4208 5
4228 4208 1
4482 4208 4
4339 4208 5
13 4208 1
275 4208 1
1283 4208 1
294 4208 2
1093 4208 1
125 4208 4
282 4208 1
1038 4208 1
7771 4208 1
7829 4208 3
254 4208 1
7528 4208 2
974 4208 7
1321 4208 1
1287 4208 1
1158 4208 3
276 4208 1
4559 4208 2
132 4208 1
1159 4208 1
4444 4208 1
4405 4208 5
4445 4208 1
146 4208 1
4350 4208 1
81 4208 2
4377 4208 1
8281 4208 1
203 4208 3
1274 4208 8
1295 4208 3
4486 4208 1
4249 4208 9
984 4208 1
7514 4208 11
1243 4208 3
1140 4208 2
1407 4208 1
1212 4208 4
42 4208 4
4319 4208 3
4440 4208 1
268 4208 1
259 4208 1
4354 4208 3
4432 4208 1
4269 4208 9
8225 4208 1
4371 4208 2
4435 4208 1
4321 4208 1
7749 4208 1
4332 4208 1
286 4208 1
4303 4208 1
7751 4208 6
7611 4208 5
4442 4208 1
1050 4208 7
1240 4208 1
1196 4208 3
4277 4208 143
4504 4208 1
1042 4208 6
4364 4208 6
1255 4208 5
7593 4208 1
4441 4208 2
1461 4208 1
4427 4208 2
4506 4208 12
4309 4208 13
7511 4208 8
7517 4208 1
288 4208 1
4474 4208 4
1081 4208 1
1015 4208 8
4390 4208 4
272 4208 1
1436 4208 1
4317 4208 2
1388 4208 2
7534 4208 3
7596 4208 3
1143 4208 1
29 4208 1
4296 4208 6
4443 4208 1
1429 4208 1
4279 4208 2
7580 4208 1
219 4208 3
4271 4208 76
1470 4208 1
7769 4208 1
4429 4208 1
1447 4208 3
1241 4208 3
1465 4208 1
263 4208 1
1432 4208 3
964 4208 1
233 4208 1
1462 4208 1
264 4208 1
4414 4208 8
115 4208 2
7617 4208 3
4352 4208 3
1204 4208 1
1421 4208 2
4489 4208 5
1282 4208 1
1342 4208 2
1160 4208 1
127 4208 3
1468 4208 1
281 4208 1
22 4208 1
196 4208 1
213 4208 1
4436 4208 1
4423 4208 1
7753 4208 3
7555 4208 19
4428 4208 1
7613 4208 1
7531 4208 1
4236 4208 2
7606 4208 2
7540 4208 1
7852 4208 2
89 4208 1
1251 4208 3
4387 4208 9
255 4208 1
4409 4208 2
4538 4208 8
1466 4208 1
4282 4208 12
4335 4208 2
1167 4208 1
4210 4208 5
1246 4208 1
258 4208 1
7519 4208 2
1266 4208 4
1303 4208 1
4529 4208 8
4496 4208 1
4347 4208 3
1202 4208 2
7813 4208 2
4473 4208 45
4289 4208 1
4431 4208 1
4510 4208 3
31 4208 1
4316 4208 3
1392 4208 1
4218 4208 2
7524 4208 4
1058 4208 6
1142 4208 7
1012 4208 1
1305 4208 3
4331 4208 35
977 4208 4
172 4208 2
241 4208 2
4433 4208 1
1127 4208 1
1284 4208 7
4494 4208 1
4230 4208 14
1110 4208 1
239 4208 2
4333 4208 2
955 4208 6
4210 4209 1
1083 4210 1
7942 4210 2
4514 4210 7
4212 4211 1
4209 4211 1
132 4212 1
4248 4212 3
220 4212 3
955 4212 2
1295 4212 1
4390 4212 3
4210 4212 1
4212 4213 1
4209 4213 1
4208 4214 181
8533 4214 1
1345 4214 1
7944 4214 1
1398 4214 1
8190 4214 1
7618 4214 2
308 4214 7
1124 4214 1
412 4214 1
7955 4214 1
976 4214 1
7605 4214 1
8204 4214 1
995 4214 4
1393 4214 1
14 4214 1
8415 4214 1
240 4214 1
7780 4214 1
1333 4214 1
7937 4214 1
8148 4214 1
8105 4214 1
8525 4214 1
8085 4214 1
8011 4214 1
7600 4214 1
134 4214 1
7864 4214 2
8101 4214 1
8359 4214 1
368 4214 1
8220 4214 1
330 4214 1
8130 4214 1
8163 4214 1
293 4214 1
100 4214 1
8254 4214 1
8396 4214 1
8370 4214 1
8504 4214 1
1181 4214 1
8535 4214 1
8057 4214 1
8249 4214 1
405 4214 1
8524 4214 1
7676 4214 1
7847 4214 1
7623 4214 1
8092 4214 1
7999 4214 1
8144 4214 1
7886 4214 1
4400 4214 1
1267 4214 1
8517 4214 1
1028 4214 2
7922 4214 1
8244 4214 1
8068 4214 1
8501 4214 1
8113 4214 1
327 4214 1
7972 4214 1
8413 4214 1
7761 4214 1
8421 4214 1
347 4214 1
8366 4214 1
7791 4214 1
8395 4214 1
25 4214 2
8455 4214 1
1112 4214 1
1469 4214 1
8528 4214 1
7620 4214 1
4338 4214 1
8119 4214 3
8363 4214 1
7963 4214 1
7695 4214 1
8461 4214 1
7965 4214 1
8243 4214 1
7828 4214 1
8500 4214 1
7901 4214 1
7816 4214 1
4363 4214 1
7552 4214 8
7891 4214 1
7790 4214 1
4209 4214 1
8505 4214 1
8250 4214 1
8296 4214 1
323 4214 1
4408 4214 1
124 4214 1
8230 4214 1
380 4214 1
8017 4214 1
7843 4214 1
7748 4214 1
7737 4214 1
7958 4214 1
1474 4214 2
7953 4214 1
8358 4214 1
204 4214 1
7733 4214 1
8507 4214 1
8145 4214 1
157 4214 1
1302 4214 1
4509 4214 1
41 4214 1
8252 4214 1
8131 4214 1
8039 4214 1
7970 4214 1
8289 4214 1
1311 4214 3
8362 4214 2
114 4214 1
1002 4214 3
4281 4214 1
8352 4214 1
8451 4214 2
8282 4214 1
8041 4214 3
8074 4214 1
8474 4214 1
7768 4214 1
24 4214 1
398 4214 1
7701 4214 1
7946 4214 1
307 4214 1
1401 4214 3
8385 4214 1
8484 4214 1
7867 4214 1
8099 4214 1
8060 4214 1
7859 4214 1
8108 4214 1
8026 4214 1
8082 4214 1
7844 4214 1
8477 4214 1
8456 4214 1
8050 4214 1
7976 4214 1
4370 4214 1
8141 4214 1
7717 4214 2
4268 4214 1
332 4214 1
299 4214 1
4488 4214 1
8374 4214 1
8401 4214 1
4216 4215 1
4218 4216 7
7717 4217 2
4215 4217 1
1435 4217 1
7881 4217 1
1147 4217 1
4218 4217 9
8241 4217 1
7905 4217 1
7955 4217 1
4350 4218 1
253 4218 1
956 4218 20
7593 4218 1
254 4218 1
1038 4218 1
4216 4218 1
1436 4218 1
961 4218 8
4422 4219 1
4215 4219 1
4220 4219 2
974 4220 5
196 4220 1
1204 4220 1
4271 4220 18
7593 4220 1
1399 4220 1
255 4220 1
268 4220 1
253 4220 1
1407 4220 1
1467 4220 1
1466 4220 1
4332 4220 1
1463 4220 1
954 4220 1
8225 4220 2
4282 4220 1
281 4220 1
173 4220 1
273 4220 1
7517 4220 1
1283 4220 1
4279 4220 2
201 4220 1
4216 4220 1
7580 4220 1
7540 4220 1
22 4220 1
29 4220 1
4361 4220 1
4489 4220 2
4269 4220 1
1212 4220 1
1042 4220 2
261 4220 1
4486 4220 1
1240 4220 1
4316 4220 13
4334 4220 5
264 4220 1
1152 4220 1
1110 4220 1
1067 4220 1
258 4220 1
4218 4220 2
984 4220 1
1465 4220 1
107 4220 1
4390 4220 4
4510 4220 1
220 4220 3
955 4220 2
31 4220 1
961 4220 71
4423 4220 1
260 4220 1
265 4220 1
1167 4220 1
1303 4220 1
4230 4220 7
4248 4220 3
8100 4221 1
7934 4221 1
8068 4221 1
1147 4221 1
8507 4221 1
1092 4221 1
8113 4221 1
398 4221 1
8442 4221 1
8524 4221 1
8131 4221 1
4268 4221 1
4383 4221 6
7701 4221 1
8349 4221 1
4422 4221 1
7970 4221 1
4502 4221 1
4215 4221 1
7620 4221 1
961 4221 28
8102 4221 1
1164 4221 1
1343 4221 1
1286 4221 1
7946 4221 1
4376 4221 1
4221 4222 24
8131 4222 1
4424 4222 1
8102 4222 1
4408 4222 1
1169 4222 1
961 4222 42
4464 4222 1
8138 4222 1
1343 4222 1
1382 4222 1
1147 4222 1
8170 4222 1
1048 4222 5
7628 4222 1
8349 4222 1
4229 4222 2
1437 4222 1
7934 4222 1
7620 4222 1
7989 4223 1
397 4223 2
4220 4223 45
4222 4223 42
8136 4223 1
4220 4224 143
1066 4224 1
8495 4224 1
1406 4224 1
380 4224 1
983 4224 1
8105 4224 1
7925 4224 1
8407 4224 1
8451 4224 2
7745 4224 2
7539 4224 1
8095 4224 1
1268 4224 2
1398 4224 1
8224 4224 1
7638 4224 13
8479 4224 1
1302 4224 1
7877 4224 1
1323 4224 4
1166 4224 1
381 4224 1
332 4224 1
1469 4224 1
8442 4224 1
8119 4224 3
995 4224 4
4222 4224 42
30 4224 1
7622 4224 2
4384 4224 7
7955 4224 1
1096 4224 1
8241 4224 1
8102 4224 1
292 4224 1
8421 4224 1
8144 4224 1
412 4224 1
8236 4224 1
8064 4224 1
1169 4224 1
8041 4224 3
25 4224 2
7727 4224 1
4272 4224 3
8374 4224 1
7736 4224 1
8172 4224 1
7618 4224 2
8481 4224 1
8012 4224 1
353 4224 1
8469 4224 1
8492 4224 1
1125 4224 18
7712 4224 1
1028 4224 2
7781 4224 1
1095 4224 1
7850 4224 1
8118 4224 1
7864 4224 2
8163 4224 1
1203 4224 1
8200 4224 1
8517 4224 1
368 4224 1
8289 4224 1
8082 4224 1
7717 4224 2
8136 4224 1
4215 4225 1
4226 4225 4
1147 4225 1
7958 4225 1
285 4226 1
7749 4226 1
4489 4226 1
1074 4226 7
7586 4226 1
288 4226 1
7528 4226 2
4503 4226 1
1093 4226 1
1212 4226 3
289 4226 1
7613 4226 1
4216 4226 1
7771 4226 1
4350 4226 1
284 4226 1
4269 4226 7
8132 4226 1
4538 4226 8
1422 4226 1
4422 4227 1
4228 4227 3
4215 4227 1
1286 4227 1
4377 4228 1
29 4228 1
962 4228 4
1287 4228 1
4423 4228 1
4350 4228 1
4216 4228 1
4230 4229 2
4215 4229 1
1167 4230 1
104 4230 1
4423 4230 1
254 4230 1
286 4230 1
29 4230 1
960 4230 1
282 4230 1
7629 4230 1
1436 4230 1
7691 4230 1
1143 4230 1
281 4230 1
4216 4230 1
4350 4230 1
962 4230 4
4232 4231 10
4516 4231 1
7920 4231 1
4229 4231 2
1148 4231 5
1295 4232 1
4517 4232 1
4444 4232 1
4230 4232 14
7629 4232 1
4337 4232 1
286 4232 1
29 4232 1
4226 4233 4
8252 4233 1
4215 4233 1
1147 4233 1
8263 4234 1
4502 4234 1
4226 4234 5
7941 4234 1
4215 4234 1
1147 4234 1
4236 4235 1
4238 4237 1
4235 4237 1
7865 4238 3
960 4238 1
7866 4238 3
4236 4238 1
4235 4239 1
4240 4239 1
7904 4240 3
4236 4240 1
960 4240 1
7866 4240 3
4242 4241 1
4235 4241 1
4236 4242 1
4449 4243 3
4244 4243 4
4417 4244 3
4244 4245 4
4243 4245 4
955 4246 7
4248 4247 3
4230 4247 3
1185 4247 2
4475 4249 6
4250 4249 2
1083 4249 1
4295 4250 1
960 4250 1
4252 4251 3
4253 4251 3
4255 4254 1
1245 4255 1
152 4255 2
8304 4255 1
8264 4256 1
4254 4256 1
4255 4256 4
8529 4256 1
4258 4257 5
4256 4257 4
4255 4258 4
8067 4258 2
1083 4258 1
4260 4259 223
4346 4259 3
82 4259 5
7700 4259 3
316 4259 2
8033 4259 3
1317 4259 2
1277 4259 2
1265 4259 3
7880 4259 2
1273 4259 3
7936 4259 3
4481 4259 4
1306 4259 10
7533 4259 3
7994 4259 3
1017 4259 3
1456 4259 5
4404 4259 5
7743 4259 3
7872 4259 2
8259 4259 2
361 4259 2
4542 4259 11
215 4259 3
355 4259 2
1446 4259 3
7523 4259 3
4308 4259 3
1315 4259 3
304 4259 2
291 4259 5
4497 4259 3
7957 4259 4
336 4259 3
1014 4259 4
7689 4259 2
1195 4259 3
1141 4259 3
7762 4259 3
1085 4259 2
1046 4259 3
7754 4259 3
1419 4259 2
1431 4259 2
1262 4259 4
4505 4259 12
8156 4259 2
237 4259 3
7558 4259 16
4257 4259 5
202 4259 3
7513 4259 11
228 4259 2
7977 4259 3
1341 4259 1
8066 4259 2
7876 4259 2
217 4259 3
1380 4259 4
224 4259 4
423 4259 3
7616 4259 3
1319 4259 7
126 4259 3
232 4259 5
1057 4259 5
1432 4260 4
1255 4260 5
1372 4260 5
4482 4260 4
1137 4260 8
7534 4260 3
203 4260 3
7514 4260 11
4258 4260 5
4480 4260 1
1142 4260 7
1274 4260 7
4293 4260 11
1196 4260 3
1086 4260 6
1058 4260 8
1047 4260 3
4506 4260 12
1342 4260 1
7751 4260 5
7555 4260 21
1307 4260 13
1278 4260 6
7617 4260 3
1263 4260 6
7753 4260 3
1447 4260 3
127 4260 3
4405 4260 5
7524 4260 10
4296 4260 5
4309 4260 13
4210 4260 10
4249 4260 8
1266 4260 3
1015 4260 8
1243 4260 3
7611 4260 5
4347 4260 3
4529 4260 2
218 4260 3
1241 4260 3
4262 4261 208
1315 4261 3
1046 4261 3
82 4261 5
7513 4261 11
1014 4261 4
7977 4261 3
1456 4261 5
217 4261 3
4497 4261 3
232 4261 5
8066 4261 2
7523 4261 3
7872 4261 2
4308 4261 3
8259 4261 2
7616 4261 3
7957 4261 4
8033 4261 3
7558 4261 16
304 4261 2
7689 4261 2
336 4261 3
7754 4261 3
4257 4261 5
1277 4261 2
4505 4261 12
8156 4261 2
1419 4261 2
1446 4261 3
291 4261 5
1262 4261 4
7700 4261 3
1380 4261 4
4542 4261 11
1431 4261 2
1273 4261 3
1319 4261 7
1306 4261 10
202 4261 3
7936 4261 3
1265 4261 3
1341 4261 1
4346 4261 3
7533 4261 3
224 4261 4
4404 4261 5
4481 4261 4
1195 4261 3
1057 4261 5
423 4261 3
7762 4261 3
7994 4261 3
7743 4261 3
215 4261 3
355 4261 2
1141 4261 3
237 4261 3
126 4261 3
1015 4262 8
4405 4262 5
1278 4262 6
1266 4262 3
4309 4262 13
7611 4262 5
7753 4262 3
1047 4262 3
1432 4262 4
1447 4262 3
4347 4262 3
4293 4262 11
1274 4262 7
1255 4262 5
1243 4262 3
1142 4262 7
7751 4262 5
4258 4262 5
218 4262 3
4249 4262 8
7555 4262 18
1137 4262 8
7514 4262 11
1196 4262 3
1307 4262 13
203 4262 3
1058 4262 8
127 4262 3
1241 4262 3
1263 4262 6
7534 4262 3
4210 4262 10
4482 4262 4
1086 4262 2
4296 4262 5
1342 4262 1
4506 4262 12
7524 4262 10
1372 4262 5
7617 4262 3
4265 4263 118
4261 4263 208
8482 4263 1
4262 4263 211
4262 4264 219
1265 4264 3
1057 4264 5
1315 4264 3
7616 4264 3
4346 4264 3
8066 4264 2
1277 4264 2
7936 4264 3
4257 4264 5
202 4264 3
361 4264 2
1419 4264 2
291 4264 5
1380 4264 4
1341 4264 1
336 4264 3
7977 4264 3
224 4264 4
4497 4264 3
316 4264 2
7994 4264 3
215 4264 3
7872 4264 2
7513 4264 11
1306 4264 10
7533 4264 3
1046 4264 3
7743 4264 3
4505 4264 12
1195 4264 3
8033 4264 3
8259 4264 2
4308 4264 3
1262 4264 4
82 4264 5
232 4264 5
1456 4264 5
7700 4264 3
1014 4264 4
7754 4264 3
7689 4264 2
7957 4264 4
7876 4264 2
237 4264 3
355 4264 2
1017 4264 3
7880 4264 2
4542 4264 11
126 4264 3
7523 4264 3
228 4264 2
4404 4264 5
7558 4264 16
1319 4264 7
7762 4264 3
304 4264 2
1273 4264 3
4481 4264 4
1446 4264 3
217 4264 3
8156 4264 2
1141 4264 3
1431 4264 2
423 4264 3
7754 4265 3
1057 4265 5
423 4265 3
4257 4265 5
4346 4265 3
126 4265 3
1195 4265 3
4262 4265 118
1273 4265 3
4542 4265 11
237 4265 3
215 4265 3
7743 4265 3
1380 4265 4
7616 4265 3
217 4265 3
7533 4265 3
7762 4265 3
8033 4265 3
1046 4265 3
7558 4265 16
7513 4265 11
1431 4265 2
7936 4265 3
202 4265 3
7700 4265 3
4505 4265 12
1265 4265 3
1262 4265 4
4481 4265 4
7994 4265 3
1446 4265 3
1011 4266 1
7850 4266 1
7906 4266 1
1363 4266 1
8354 4266 1
8173 4266 1
8200 4266 1
8461 4266 1
386 4266 1
359 4266 1
7940 4266 1
8264 4266 1
8250 4266 1
4267 4266 29
7510 4266 8
1365 4266 6
8088 4266 1
7721 4266 1
1031 4266 1
7899 4266 1
8223 4266 1
8398 4266 1
8493 4266 1
4254 4266 1
8134 4266 1
8248 4266 1
4537 4266 8
8448 4266 1
8048 4266 1
7511 4267 8
7769 4267 2
4538 4267 8
4248 4267 5
81 4267 2
121 4267 1
1012 4267 1
1467 4267 1
1284 4267 1
1212 4267 1
4255 4267 2
4319 4267 1
233 4267 1
4317 4267 2
4496 4267 1
8281 4267 1
231 4267 2
4282 4267 1
4529 4267 6
4432 4267 1
4230 4267 1
1140 4267 1
7534 4267 3
4269 4268 1
4475 4269 1
961 4269 1
960 4269 1
330 4270 1
1345 4270 1
8528 4270 1
1181 4270 1
4268 4270 1
8524 4270 1
4281 4270 1
4408 4270 1
8517 4270 1
4488 4270 1
8504 4270 1
8060 4270 1
240 4270 1
114 4270 1
8113 4270 1
7999 4270 1
323 4270 1
7843 4270 1
8011 4270 1
8505 4270 1
7733 4270 1
8455 4270 1
7891 4270 1
8039 4270 1
4271 4270 45
8507 4270 1
41 4270 1
7901 4270 1
8131 4270 1
8244 4270 1
412 4270 1
7867 4270 1
1267 4270 1
8145 4270 1
1333 4270 1
7620 4270 1
8105 4270 1
8068 4270 1
8092 4270 1
204 4270 1
7695 4270 1
8101 4270 1
7761 4270 1
4370 4270 1
4509 4270 1
24 4270 1
406 4271 1
1074 4271 1
132 4271 1
89 4271 1
1388 4271 2
172 4271 2
1346 4271 1
220 4271 1
1202 4271 2
7528 4271 2
1284 4271 6
7606 4271 2
4339 4271 4
1457 4271 1
1334 4271 5
4352 4271 6
42 4271 3
7519 4271 1
1042 4271 2
8225 4271 1
1466 4271 1
4282 4271 7
7829 4271 3
241 4271 2
977 4271 4
4364 4271 6
115 4271 2
4474 4271 4
4510 4271 2
4489 4271 4
4269 4271 5
4409 4271 2
1295 4271 5
239 4271 1
294 4271 2
1208 4271 1
4371 4271 2
196 4271 1
107 4271 1
4427 4271 2
4328 4271 1
7620 4272 1
4268 4272 1
961 4272 3
4268 4273 1
8011 4273 1
1267 4273 1
7620 4273 1
4226 4273 5
4275 4274 148
7600 4274 1
8535 4274 1
8017 4274 1
8434 4274 2
7816 4274 1
7867 4274 1
368 4274 1
8190 4274 1
8363 4274 1
7605 4274 1
405 4274 1
8484 4274 1
8296 4274 1
8145 4274 1
8374 4274 1
7748 4274 1
24 4274 1
1011 4274 1
8108 4274 1
7628 4274 1
8455 4274 1
8166 4274 2
299 4274 1
114 4274 1
7505 4274 8
8144 4274 1
8101 4274 1
976 4274 1
7843 4274 1
8011 4274 1
8385 4274 1
8209 4274 1
8413 4274 1
8148 4274 1
8082 4274 1
8401 4274 1
8456 4274 1
7844 4274 1
8099 4274 1
8428 4274 1
7970 4274 1
8493 4274 1
7768 4274 1
14 4274 1
8507 4274 1
307 4274 1
8026 4274 1
7958 4274 1
100 4274 1
8223 4274 1
4537 4274 8
7944 4274 1
8359 4274 1
8517 4274 1
7701 4274 1
7772 4274 2
1398 4274 1
7623 4274 1
1181 4274 1
4268 4274 1
7901 4274 1
7946 4274 1
8252 4274 1
8113 4274 1
8477 4274 1
8249 4274 1
7976 4274 1
7676 4274 1
8505 4274 1
4370 4274 1
204 4274 1
8050 4274 1
327 4274 1
7999 4274 1
8131 4274 1
380 4274 1
7733 4274 1
8141 4274 1
8474 4274 1
7861 4274 1
8068 4274 1
41 4274 1
8421 4274 1
7790 4274 1
240 4274 1
8092 4274 1
134 4274 1
7891 4274 1
7864 4274 2
1469 4274 1
1302 4274 1
7780 4274 1
4488 4274 1
8039 4274 1
7953 4274 1
323 4274 1
7737 4274 1
7937 4274 1
8163 4274 1
8146 4274 2
8524 4274 1
7828 4274 1
8220 4274 1
8396 4274 1
7859 4274 1
8074 4274 1
4530 4274 8
8085 4274 1
7721 4274 1
330 4274 1
8105 4274 1
8533 4274 1
8134 4274 1
7761 4274 1
1028 4274 2
7922 4274 1
1124 4274 1
1031 4274 1
7695 4274 1
7963 4274 1
7620 4274 1
1267 4274 1
412 4274 1
7510 4274 8
1098 4274 1
4281 4274 1
4509 4274 1
4363 4274 1
8243 4274 1
8395 4274 1
8370 4274 1
1345 4274 1
4408 4274 1
8282 4274 1
124 4274 1
4338 4274 1
4400 4274 1
293 4274 1
8244 4274 1
332 4274 1
261 4275 1
1185 4275 2
1212 4275 3
1202 4275 2
231 4275 1
4269 4275 8
4429 4275 1
31 4275 1
974 4275 5
7771 4275 1
1328 4275 2
4499 4275 4
4427 4275 2
1143 4275 1
213 4275 8
4486 4275 1
4428 4275 1
4471 4275 8
258 4275 1
1284 4275 6
1303 4275 1
989 4275 2
1466 4275 1
1067 4275 1
4390 4275 4
4317 4275 1
7606 4275 2
1272 4275 1
1346 4275 1
42 4275 3
272 4275 1
1042 4275 5
1463 4275 1
241 4275 2
115 4275 2
132 4275 1
268 4275 1
260 4275 1
4345 4275 2
1367 4275 3
294 4275 2
89 4275 1
1140 4275 1
954 4275 1
120 4275 1
4319 4275 8
4430 4275 1
1162 4275 1
7531 4275 3
1012 4275 1
281 4275 1
4434 4275 1
201 4275 1
7528 4275 2
977 4275 4
4364 4275 6
7584 4275 1
1110 4275 1
1167 4275 1
1074 4275 6
264 4275 1
4474 4275 1
22 4275 1
4339 4275 5
1246 4275 1
1240 4275 1
4433 4275 1
7829 4275 3
265 4275 1
1388 4275 2
955 4275 3
7586 4275 1
4529 4275 18
172 4275 2
984 4275 1
7813 4275 1
1295 4275 1
4489 4275 5
1251 4275 9
7580 4275 1
4361 4275 1
1079 4275 3
275 4275 1
1399 4275 1
4414 4275 10
125 4275 4
7749 4275 1
28 4275 1
8281 4275 1
1375 4275 1
239 4275 2
1177 4275 1
4480 4275 1
1436 4275 1
1465 4275 1
1392 4275 1
1407 4275 1
7596 4275 2
7629 4275 1
4538 4275 8
219 4275 3
4371 4275 2
81 4275 1
4409 4275 2
7511 4275 9
4282 4275 12
7517 4275 1
254 4275 1
4559 4275 2
4475 4275 1
122 4275 1
276 4275 1
4218 4275 2
4510 4275 2
255 4275 1
1470 4275 1
1461 4275 1
4255 4275 1
1334 4275 1
4496 4275 1
1081 4275 1
4277 4276 128
8252 4276 1
8026 4276 1
8141 4276 1
114 4276 1
8092 4276 1
293 4276 1
8504 4276 1
8105 4276 1
332 4276 1
8413 4276 1
8533 4276 1
380 4276 1
299 4276 1
8060 4276 1
240 4276 1
8352 4276 1
1181 4276 1
7999 4276 1
412 4276 1
8524 4276 1
7701 4276 1
307 4276 1
8484 4276 1
8145 4276 1
7605 4276 1
8243 4276 1
8507 4276 1
4268 4276 1
7761 4276 1
4338 4276 1
7922 4276 1
327 4276 1
8535 4276 1
405 4276 1
8190 4276 1
8455 4276 1
7695 4276 1
7790 4276 1
1474 4276 2
4363 4276 1
8099 4276 1
7937 4276 1
7768 4276 1
7970 4276 1
8039 4276 1
1124 4276 1
8101 4276 1
8113 4276 1
7859 4276 1
1345 4276 1
8363 4276 1
8370 4276 1
8421 4276 1
7946 4276 1
7958 4276 1
8119 4276 3
8074 4276 1
7623 4276 1
8082 4276 1
8359 4276 1
7828 4276 1
330 4276 1
8249 4276 1
323 4276 1
8396 4276 1
1469 4276 1
4400 4276 1
4509 4276 1
100 4276 1
8148 4276 1
8289 4276 1
24 4276 1
7891 4276 1
41 4276 1
7963 4276 1
8456 4276 1
8505 4276 1
8528 4276 1
8244 4276 1
8050 4276 1
8220 4276 1
8374 4276 1
7733 4276 1
7976 4276 1
8011 4276 1
8296 4276 1
8131 4276 1
7748 4276 1
4488 4276 1
4281 4276 1
7901 4276 1
8401 4276 1
4408 4276 1
8477 4276 1
8282 4276 1
4370 4276 1
8395 4276 1
1398 4276 1
7816 4276 1
1302 4276 1
8068 4276 1
1333 4276 1
368 4276 1
124 4276 1
7780 4276 1
7676 4276 1
8085 4276 1
7620 4276 1
7867 4276 1
7843 4276 1
7844 4276 1
7953 4276 1
1267 4276 1
8017 4276 1
7600 4276 1
976 4276 1
8108 4276 1
7737 4276 1
8474 4276 1
204 4276 1
8385 4276 1
8517 4276 1
134 4276 1
7944 4276 1
4409 4277 2
4510 4277 2
239 4277 2
977 4277 4
1284 4277 6
1212 4277 3
1295 4277 1
7749 4277 1
8225 4277 2
7596 4277 2
7517 4277 1
7829 4277 3
89 4277 1
7771 4277 1
1466 4277 1
1459 4277 1
4269 4277 8
7528 4277 2
1042 4277 5
4474 4277 4
1202 4277 2
115 4277 2
4489 4277 5
7606 4277 2
1334 4277 4
4371 4277 2
1463 4277 1
1127 4277 1
132 4277 1
4271 4277 9
241 4277 2
4282 4277 12
1465 4277 1
4339 4277 5
125 4277 4
4427 4277 2
107 4277 1
4364 4277 6
4352 4277 5
1074 4277 6
1399 4277 1
172 4277 2
196 4277 1
7586 4277 1
42 4277 3
294 4277 2
1346 4277 1
220 4277 3
1388 4277 2
219 4277 3
1303 4277 1
1275 4278 3
1463 4278 1
4336 4278 2
281 4278 1
7555 4278 1
4529 4278 17
258 4278 1
4282 4278 13
4230 4278 3
1465 4278 1
1346 4278 1
1162 4278 1
4248 4278 3
4280 4279 4
4311 4280 1
4333 4280 2
4332 4280 2
306 4280 2
1152 4280 1
4279 4280 2
4282 4281 1
1465 4282 1
961 4282 1
1346 4282 1
4475 4282 1
8101 4283 1
7761 4283 1
8092 4283 1
1345 4283 1
4408 4283 1
7828 4283 1
7867 4283 1
8060 4283 1
1181 4283 1
100 4283 1
8401 4283 1
8244 4283 1
7843 4283 1
7844 4283 1
8413 4283 1
240 4283 1
398 4283 1
4271 4283 29
8366 4283 1
4281 4283 1
7901 4283 1
7676 4283 1
330 4283 1
412 4283 1
8352 4283 1
7891 4283 1
1474 4283 2
8507 4283 1
7622 4284 2
1322 4284 2
7581 4284 7
993 4284 3
8507 4284 1
8427 4284 1
8006 4284 1
8504 4284 1
8193 4284 1
4208 4284 96
12 4284 8
1437 4284 1
8528 4284 1
7791 4284 1
204 4284 1
7974 4284 1
1393 4284 1
249 4284 1
7828 4284 1
73 4284 1
4528 4284 7
8200 4284 1
8449 4284 1
8060 4284 1
7970 4284 1
194 4284 1
8389 4284 1
1040 4284 11
4283 4284 29
307 4284 1
7683 4284 1
1449 4284 7
8354 4284 1
1335 4284 18
7716 4284 1
8495 4284 1
7695 4284 1
1333 4284 1
1169 4284 1
8068 4284 1
8095 4284 1
7844 4284 1
8422 4284 1
1413 4284 1
368 4284 1
8266 4284 1
8467 4284 1
7867 4285 1
1181 4285 1
4286 4285 5
7891 4285 1
7997 4285 1
4281 4285 1
4248 4286 3
241 4286 2
4339 4286 5
4480 4286 1
1407 4286 1
1284 4286 6
1246 4286 1
4409 4286 2
4489 4286 1
4282 4286 4
368 4287 1
7891 4287 1
4278 4287 13
8190 4287 1
7906 4287 1
4281 4287 1
1345 4287 1
8505 4287 1
1437 4287 3
8421 4287 1
7867 4287 1
8012 4287 1
8477 4287 1
7891 4288 1
4278 4288 7
204 4288 1
4281 4288 1
7867 4288 1
8505 4288 1
7906 4288 1
8421 4288 1
4290 4289 5
1050 4290 4
1107 4290 3
4289 4290 4
955 4290 1
4291 4290 8
4218 4290 1
960 4290 3
1106 4290 3
1472 4290 1
4418 4290 1
4290 4291 8
955 4291 1
4218 4291 1
4423 4291 1
1472 4291 1
4418 4291 1
4289 4291 1
7584 4292 1
7606 4292 2
7580 4292 1
4248 4292 3
4319 4292 1
4538 4293 10
4294 4293 2
1083 4293 1
960 4294 1
4295 4294 1
1079 4296 3
4297 4296 2
1083 4296 1
960 4297 1
4295 4297 1
238 4299 1
4300 4299 3
143 4299 1
4303 4300 2
960 4300 2
1280 4300 5
4299 4301 3
4300 4301 4
8229 4302 2
7983 4302 1
144 4302 5
4301 4302 4
4303 4302 13
8494 4302 1
8006 4302 1
960 4303 5
4300 4303 8
7602 4303 1
1288 4303 4
4302 4304 13
7983 4304 1
8076 4304 1
4305 4304 14
7602 4305 6
4303 4305 13
4302 4306 13
4305 4306 13
957 4307 3
960 4307 1
4309 4308 3
4501 4308 2
362 4309 2
1083 4309 1
4496 4309 8
7533 4310 3
4308 4310 3
1341 4310 1
4260 4310 7
4280 4311 4
1321 4312 1
4437 4312 1
4356 4312 32
4289 4312 10
4504 4312 1
4314 4313 1
4316 4314 4
8438 4315 1
4313 4315 1
4316 4315 3
4230 4316 5
955 4316 3
406 4316 1
7629 4316 1
4314 4316 1
4271 4316 18
4337 4316 1
1458 4316 9
4318 4317 2
8304 4317 1
1123 4317 1
960 4318 1
8304 4319 1
4320 4319 2
255 4319 1
83 4319 1
960 4320 1
955 4321 7
4290 4322 2
7674 4323 1
130 4323 1
4322 4323 2
8077 4323 2
7954 4323 1
7734 4323 1
1441 4323 1
8117 4323 2
8388 4323 1
8154 4323 1
1052 4323 1
8409 4323 1
4425 4323 2
8425 4323 1
1049 4323 1
4290 4323 19
4322 4324 2
4290 4324 3
7995 4324 1
4236 4325 1
7779 4325 3
4326 4325 4
1326 4325 2
7759 4325 2
4327 4326 5
4282 4329 4
4529 4329 7
115 4329 1
1465 4329 1
4248 4329 3
962 4330 17
4316 4331 13
4352 4331 3
4330 4331 10
8225 4331 1
1295 4331 1
7519 4331 1
4403 4331 1
89 4331 1
271 4331 1
1334 4331 1
4321 4331 1
1346 4331 1
4474 4331 2
4330 4332 5
4280 4332 4
29 4333 1
4330 4333 5
4280 4333 4
263 4334 1
4330 4334 5
121 4334 1
962 4335 4
1434 4335 3
233 4336 1
1204 4336 1
962 4336 4
1467 4336 1
7540 4336 1
258 4336 1
960 4337 1
962 4337 4
4339 4338 1
4475 4339 1
961 4339 1
4338 4340 1
412 4340 1
299 4340 1
8418 4340 1
4286 4340 5
7844 4340 1
4342 4341 52
4338 4341 1
1345 4341 1
8220 4341 1
8455 4341 1
7859 4341 1
4400 4341 1
323 4341 1
8145 4341 1
7816 4341 1
7944 4341 1
8243 4341 1
8533 4341 1
8050 4341 1
8296 4341 1
8507 4341 1
7623 4341 1
134 4341 1
7937 4341 1
41 4341 1
8401 4341 1
8026 4341 1
8244 4341 1
4509 4341 1
368 4341 1
8474 4341 1
240 4341 1
7676 4341 1
412 4341 1
8017 4341 1
4363 4341 1
114 4341 1
8370 4341 1
7733 4341 1
8282 4341 1
299 4341 1
976 4341 1
8385 4341 1
8074 4341 1
293 4341 1
8517 4341 1
8039 4341 1
7828 4341 1
7891 4341 1
8484 4341 1
8105 4341 1
7999 4341 1
204 4341 1
8395 4341 1
8108 4341 1
7790 4341 1
4370 4341 1
7844 4341 1
7829 4342 3
172 4342 2
7606 4342 1
4282 4342 3
4339 4342 5
42 4342 3
132 4342 1
7596 4342 1
4510 4342 2
4489 4342 3
89 4342 1
239 4342 1
1465 4342 1
1042 4342 1
4364 4342 6
115 4342 2
4371 4342 2
4427 4342 1
977 4342 4
1202 4342 2
1346 4342 1
1284 4342 1
1388 4342 2
294 4342 1
241 4342 2
1159 4343 2
1160 4343 2
1158 4343 3
1152 4343 9
4248 4343 3
4345 4344 2
7770 4344 1
7629 4345 1
7682 4345 2
279 4345 1
8304 4345 1
4344 4346 2
4347 4346 3
4345 4347 2
1083 4347 1
1037 4347 2
1083 4348 1
4349 4348 2
4295 4349 1
960 4349 1
4218 4350 7
1472 4351 1
960 4351 1
1143 4351 1
4236 4351 1
4331 4352 1
961 4352 1
8225 4352 1
960 4352 1
4354 4353 3
4354 4354 5
4356 4354 10
8059 4355 1
4356 4355 14
8521 4355 1
7902 4355 1
8375 4355 1
8516 4355 1
8358 4355 1
8460 4355 1
326 4355 1
4353 4355 3
1018 4355 1
8149 4355 1
4433 4356 1
4430 4356 1
4435 4356 1
4444 4356 1
4442 4356 1
4434 4356 1
4447 4356 1
4411 4356 1
4440 4356 1
4428 4356 1
4429 4356 1
1143 4356 1
4443 4356 1
4431 4356 1
4354 4356 3
4432 4356 1
4436 4356 1
4445 4356 1
4441 4356 1
4437 4356 1
960 4356 26
4412 4356 53
4355 4357 14
1382 4357 1
4469 4357 8
7860 4357 1
8170 4357 1
4312 4357 25
8460 4357 1
4353 4358 3
8087 4358 4
96 4358 10
0 4358 11
178 4358 1
4359 4358 26
1104 4359 12
7975 4359 1
4438 4359 1
4282 4359 3
179 4359 1
1074 4359 1
4440 4359 1
7779 4359 3
1429 4359 1
4451 4359 5
4325 4359 7
4269 4359 2
1212 4359 1
7528 4359 1
1421 4359 1
7759 4359 2
4354 4359 3
4295 4360 1
960 4360 1
955 4361 7
8267 4362 1
8154 4362 1
4312 4362 3
4364 4363 1
961 4364 1
4475 4364 1
4271 4365 53
8352 4365 1
7944 4365 1
7976 4365 1
204 4365 1
1181 4365 1
293 4365 1
8395 4365 1
8282 4365 1
7790 4365 1
7605 4365 1
8050 4365 1
8017 4365 1
8068 4365 1
7937 4365 1
8401 4365 1
100 4365 1
976 4365 1
8141 4365 1
8370 4365 1
7623 4365 1
8074 4365 1
8385 4365 1
8243 4365 1
8533 4365 1
7733 4365 1
8220 4365 1
8528 4365 1
4363 4365 1
8133 4365 1
8474 4365 1
1333 4365 1
7844 4365 1
299 4365 1
8026 4365 1
8507 4365 1
240 4365 1
7828 4365 1
1345 4365 1
7859 4365 1
8296 4365 1
4400 4365 1
8413 4365 1
8484 4365 1
7676 4365 1
8504 4365 1
8108 4365 1
1474 4365 2
7891 4365 1
8492 4366 1
8474 4366 1
7628 4366 1
8026 4366 1
7937 4366 1
4400 4366 1
4367 4366 8
4363 4366 1
8533 4366 1
22 4367 1
4364 4367 6
4345 4367 2
4248 4367 3
7629 4367 1
7628 4368 1
4367 4368 3
4400 4368 1
4363 4368 1
4400 4369 1
4363 4369 1
4367 4369 2
4371 4370 1
961 4371 1
4475 4371 1
4373 4372 4
4248 4372 3
960 4372 1
4248 4374 3
1212 4374 1
4248 4375 3
241 4375 2
4377 4376 1
955 4377 7
4376 4378 1
8102 4378 1
4228 4378 4
1147 4378 1
4380 4379 5
4378 4379 4
8524 4379 1
4248 4380 3
29 4380 1
4350 4380 1
4228 4380 4
4230 4380 2
4377 4380 1
4269 4380 4
196 4380 1
955 4381 68
1192 4381 1
8096 4381 1
7941 4381 1
8496 4381 1
8136 4381 1
983 4381 1
8492 4381 1
8261 4381 1
1203 4381 1
7683 4381 1
8171 4381 1
8086 4381 1
7736 4381 1
8064 4381 1
7712 4381 1
7980 4381 1
8299 4381 1
1092 4381 1
128 4381 1
1286 4381 1
421 4381 1
8451 4381 2
7952 4381 1
8138 4381 1
4422 4381 1
30 4381 1
160 4381 1
1269 4381 1
7539 4381 1
7889 4381 1
8481 4381 1
8012 4381 1
1166 4381 1
8245 4381 1
4502 4381 1
4376 4381 1
8102 4381 1
8407 4381 1
7877 4381 1
8100 4381 1
353 4381 1
8470 4381 1
8386 4381 1
1406 4381 1
8399 4381 1
7770 4381 1
8172 4381 1
7985 4381 1
7781 4381 1
381 4381 1
8162 4381 1
1066 4381 1
8005 4381 1
8454 4381 1
8263 4381 1
8479 4381 1
7924 4381 1
7741 4381 1
7925 4381 1
7727 4381 1
380 4381 1
7806 4381 1
8173 4381 1
1095 4381 1
234 4381 1
8103 4381 3
8102 4382 1
4228 4382 3
4376 4382 1
1147 4382 1
961 4383 6
8102 4383 1
330 4383 1
4376 4383 1
1147 4383 1
1343 4383 1
961 4384 7
4383 4384 6
4380 4385 8
8442 4385 1
4376 4385 1
1437 4385 1
1343 4385 1
1147 4385 1
8102 4385 1
1169 4385 1
4387 4386 9
4385 4386 8
4248 4387 3
4409 4387 1
4380 4387 8
4295 4388 1
960 4388 1
7850 4389 1
4390 4389 13
1302 4389 1
8165 4389 1
368 4389 1
7838 4389 1
995 4389 4
1398 4389 1
8421 4389 1
332 4389 1
1465 4390 1
1468 4390 1
1463 4390 1
1467 4390 1
1462 4390 1
1000 4390 26
4418 4390 1
1303 4390 1
1466 4390 1
1399 4390 1
4389 4391 13
412 4391 1
8105 4391 1
8145 4391 1
961 4391 32
1211 4391 1
7961 4391 1
4464 4391 3
8200 4391 1
8289 4391 1
7989 4391 1
1411 4391 6
8224 4391 1
8393 4392 1
8095 4392 1
388 4392 2
8410 4392 1
7918 4392 1
4394 4392 33
7541 4392 3
1200 4392 4
4393 4392 70
7551 4392 3
4391 4392 32
7640 4392 21
1323 4392 4
8467 4392 1
8035 4392 3
979 4392 1
1409 4392 1
4333 4393 5
4335 4393 3
4332 4393 3
4331 4393 24
4334 4393 7
321 4393 1
4336 4393 13
961 4393 36
4228 4393 2
8442 4394 1
4464 4394 3
4391 4394 32
961 4394 33
1411 4394 6
8145 4395 1
4394 4395 33
8074 4395 1
4396 4395 34
961 4396 35
42 4396 2
4248 4396 3
4394 4397 33
4396 4397 33
4396 4398 33
4394 4398 33
8145 4398 1
4394 4399 33
8393 4399 1
7551 4399 3
1323 4399 4
8035 4399 3
4391 4399 32
7541 4399 3
388 4399 2
8095 4399 1
8467 4399 1
8410 4399 1
7640 4399 21
7918 4399 1
979 4399 1
4393 4399 66
4364 4400 1
4400 4401 1
4367 4401 1
4367 4402 1
4400 4402 1
955 4403 7
1032 4404 4
4405 4404 5
4317 4405 4
1083 4405 1
1301 4405 2
960 4406 1
4280 4407 1
4409 4408 1
4475 4409 1
961 4409 1
4286 4410 8
8507 4410 1
7761 4410 1
8101 4410 1
7901 4410 1
8092 4410 1
7843 4410 1
4408 4410 1
330 4410 1
4356 4411 4
4248 4413 3
8304 4414 1
235 4414 1
4529 4414 7
4415 4414 2
960 4415 1
7633 4416 8
4416 4417 4
960 4418 1
4419 4418 1
4420 4418 1
955 4421 7
4423 4422 1
955 4423 7
4422 4424 1
4230 4424 2
4290 4425 2
4425 4426 2
7995 4426 1
4290 4426 3
961 4427 1
4475 4427 1
4356 4428 4
4356 4429 4
4356 4430 4
4356 4431 4
4356 4432 4
4356 4433 4
4356 4434 4
4356 4435 4
4356 4436 4
4356 4437 4
4356 4438 4
4356 4439 4
4356 4440 4
4356 4441 4
4356 4442 4
4356 4443 4
4356 4444 4
4356 4445 4
4356 4446 4
4356 4447 4
4417 4448 2
4448 4449 2
4417 4449 3
4451 4450 5
4449 4450 3
178 4450 1
1428 4450 1
4438 4451 1
1429 4451 1
179 4451 1
4417 4451 3
178 4452 1
4448 4452 2
4451 4452 4
4452 4453 4
4359 4453 4
1428 4454 1
8276 4454 3
7922 4454 1
1348 4454 3
4452 4454 4
24 4454 1
8113 4454 1
8131 4454 1
95 4454 7
8279 4454 1
4359 4454 22
8249 4454 1
191 4455 2
7672 4455 1
4451 4455 6
4452 4455 4
4457 4456 4
4452 4456 4
178 4456 1
4417 4457 1
1371 4457 2
179 4457 1
7842 4457 1
4451 4457 6
4452 4458 4
4451 4458 6
1428 4458 1
4457 4459 6
4458 4459 6
4458 4460 6
4457 4460 6
1039 4461 4
178 4461 1
308 4461 7
4462 4461 28
8041 4461 3
8350 4461 1
7899 4461 1
4458 4461 6
7906 4461 1
7618 4461 2
25 4461 2
8353 4461 1
4312 4462 4
4484 4462 1
1050 4462 1
4451 4462 6
961 4462 7
4282 4462 1
4226 4462 7
179 4462 1
1284 4462 1
4448 4463 1
4457 4463 1
8442 4464 1
961 4464 4
7986 4464 1
4396 4465 3
7622 4465 2
4464 4465 1
4431 4466 1
4356 4467 3
8356 4467 1
4466 4467 1
1285 4468 2
4356 4468 6
4467 4468 3
7675 4469 1
4312 4469 8
4468 4469 6
4471 4470 1
4466 4470 1
4529 4471 7
301 4471 2
8304 4471 1
4431 4471 1
1437 4472 1
1169 4472 1
7781 4472 1
4466 4472 1
8481 4472 1
8213 4472 1
8518 4472 1
8235 4472 1
381 4472 1
7841 4472 1
4473 4472 32
8356 4472 1
1066 4472 1
7640 4472 21
4433 4473 1
241 4473 1
1284 4473 1
1110 4473 1
4429 4473 1
4434 4473 1
4529 4473 7
4319 4473 1
258 4473 1
1334 4473 1
255 4473 1
1067 4473 1
4430 4473 1
4230 4473 2
4331 4473 21
4431 4473 1
4428 4473 1
961 4474 1
4475 4474 1
7852 4475 1
8304 4475 1
7593 4475 1
1247 4475 1
4476 4475 37
125 4475 1
960 4476 36
8084 4477 1
4312 4477 3
7674 4477 1
4248 4478 3
8086 4479 1
8418 4479 1
4480 4479 3
1423 4480 2
8304 4480 1
1108 4480 1
4479 4481 3
4482 4481 4
4480 4482 3
1083 4482 1
991 4482 2
4248 4483 3
7531 4484 1
955 4485 7
955 4486 7
4489 4488 1
1177 4489 1
960 4489 1
961 4489 1
4475 4489 1
4488 4490 1
323 4490 1
8105 4490 1
8517 4490 1
7924 4490 1
412 4490 1
8145 4490 1
4509 4490 1
961 4490 9
41 4490 1
7748 4491 1
4226 4491 7
8085 4491 1
7963 4491 1
8363 4491 1
8524 4491 1
7737 4491 1
4488 4491 1
113 4492 1
961 4492 2
4488 4492 1
4494 4493 1
955 4494 7
4496 4495 2
4493 4495 1
222 4496 1
8304 4496 1
319 4496 2
4494 4496 1
4495 4497 2
4309 4497 3
4499 4498 3
27 4498 1
4493 4498 1
8304 4499 1
1163 4499 1
4494 4499 1
28 4499 1
1316 4499 2
4275 4500 54
381 4500 1
363 4500 3
1406 4500 1
1363 4500 1
8250 4500 1
1099 4500 1
303 4500 1
7781 4500 1
7956 4500 1
8057 4500 1
212 4500 1
8356 4500 1
8492 4500 1
7997 4500 1
4498 4500 3
8214 4500 1
8407 4500 1
8130 4500 1
8361 4500 1
7811 4500 1
8172 4500 1
983 4500 1
7925 4500 1
7984 4500 1
1435 4500 1
7885 4500 1
27 4500 1
8136 4500 1
1095 4500 1
30 4500 1
7727 4500 1
7945 4500 1
8088 4500 1
8479 4500 1
7841 4500 1
7972 4500 1
7905 4500 1
386 4500 1
8530 4500 1
329 4500 1
8473 4500 1
8481 4500 1
1066 4500 1
8064 4500 1
7877 4500 1
7681 4500 1
7869 4500 1
328 4500 1
8448 4500 1
7712 4500 1
8354 4500 1
4496 4501 2
4493 4501 1
4503 4502 1
955 4503 7
957 4504 3
4558 4505 11
4506 4505 12
7786 4506 2
1083 4506 1
4559 4506 11
4508 4507 3
4510 4509 1
4475 4510 1
961 4510 1
4509 4511 1
4512 4511 1
4248 4512 3
4258 4512 1
4510 4512 1
398 4513 1
8145 4513 1
4509 4513 1
7828 4513 1
8352 4513 1
4271 4513 7
7844 4513 1
412 4513 1
1111 4514 1
8304 4514 1
4474 4514 2
4515 4514 2
4352 4514 1
960 4515 1
1022 4516 1
4517 4516 4
4519 4518 1
4516 4518 1
4517 4519 1
4519 4520 1
4516 4520 1
4516 4521 1
4519 4521 1
4519 4522 1
4516 4522 1
4516 4523 1
4519 4523 1
4516 4524 1
4519 4524 1
4526 4525 1
4516 4525 1
4517 4526 1
1208 4527 1
1365 4528 6
4529 4528 7
7531 4529 3
1467 4529 1
8304 4529 1
1204 4529 1
7619 4529 3
1038 4529 1
233 4529 1
7540 4529 1
4414 4530 8
4528 4530 7
4275 4531 96
4528 4531 7
7877 4531 1
8361 4531 1
8037 4531 1
8172 4531 1
7861 4531 1
7583 4531 1
1406 4531 1
1066 4531 1
8413 4531 1
995 4531 4
1374 4531 1
8213 4531 1
1166 4531 1
1401 4531 3
1250 4531 1
212 4531 1
4530 4531 8
8098 4531 1
168 4531 1
1128 4531 1
8451 4531 2
340 4531 3
7811 4531 1
7781 4531 1
8142 4531 1
7729 4531 1
7717 4531 2
1398 4531 1
1100 4531 4
337 4531 3
7915 4531 1
8479 4531 1
1197 4531 1
8518 4531 1
360 4531 1
8483 4531 1
7746 4531 1
7727 4531 1
8215 4531 1
8136 4531 1
8428 4531 1
1393 4531 1
34 4531 1
983 4531 1
7885 4531 1
8283 4531 1
7812 4531 1
1435 4531 1
8012 4531 1
8064 4531 1
8492 4531 1
8093 4531 1
7692 4531 1
7772 4531 2
1002 4531 3
7905 4531 1
7712 4531 1
7925 4531 1
8362 4531 2
8418 4531 1
7634 4531 2
8146 4531 2
8434 4531 2
8166 4531 2
7776 4531 1
7628 4531 1
8167 4531 1
8407 4531 1
8486 4531 1
7505 4531 8
1054 4531 1
7984 4531 1
8235 4531 1
8214 4531 1
169 4531 3
7945 4531 1
7997 4531 1
8481 4531 1
8440 4531 1
381 4531 1
7869 4531 1
4533 4532 7
4528 4532 7
4248 4533 3
4529 4533 7
7791 4534 1
368 4534 1
4278 4534 9
4528 4534 7
7891 4535 1
4278 4535 8
4528 4535 7
4528 4536 7
7891 4536 1
4278 4536 8
4528 4537 7
4538 4537 8
8304 4538 1
4529 4538 7
259 4538 1
7933 4538 2
307 4539 1
8085 4539 1
7748 4539 1
7737 4539 1
8363 4539 1
7963 4539 1
4226 4539 14
4537 4539 8
8085 4540 1
8496 4540 1
7963 4540 1
8363 4540 1
4537 4540 8
7748 4540 1
4226 4540 14
7737 4540 1
4537 4541 8
4538 4541 10
8427 4541 1
4541 4542 10
4293 4542 11
4278 4543 19
8215 4543 1
1181 4543 1
1437 4543 3
7999 4543 1
4528 4543 7
368 4543 1
7867 4543 1
7781 4543 1
7906 4543 1
7891 4543 1
1345 4543 1
4533 4544 7
4528 4544 7
4533 4545 7
4528 4545 7
4547 4546 10
4528 4546 7
8516 4546 1
368 4546 1
4445 4547 1
4529 4547 7
1465 4547 1
4328 4547 1
8518 4548 1
4528 4548 7
1348 4548 3
1437 4548 1
368 4548 1
7781 4548 1
4549 4548 13
4430 4549 1
1162 4549 1
1342 4549 1
1465 4549 1
4282 4549 3
4230 4549 1
4471 4549 8
258 4549 1
4248 4549 3
4529 4549 7
4549 4550 8
4528 4550 7
368 4550 1
368 4551 1
8215 4551 1
7891 4551 1
4528 4551 7
4278 4551 10
4528 4552 7
8215 4552 1
7891 4552 1
4278 4552 10
368 4552 1
4329 4553 7
4528 4553 7
4473 4554 11
4528 4554 7
8507 4554 1
240 4554 1
8068 4554 1
4533 4555 7
4528 4555 7
4528 4556 7
4557 4556 8
8428 4556 1
4248 4557 3
1346 4557 1
4529 4557 7
255 4557 1
1465 4557 1
1167 4557 1
4230 4557 6
1058 4557 1
4282 4557 3
1042 4557 3
4319 4557 7
4528 4558 7
8434 4558 2
8428 4558 1
4559 4558 11
8295 4558 1
274 4559 1
4319 4559 1
7673 4559 2
4529 4559 7
8304 4559 1
4528 4560 7
4473 4560 9
8428 4560 1
4528 4561 7
4533 4561 7
368 4562 1
4528 4562 7
4329 4562 8
368 4563 1
4528 4563 7
4278 4563 8
4528 7502 7
4549 7502 8
368 7502 1
8068 7503 1
240 7503 1
4528 7503 7
4473 7503 11
8428 7503 1
8507 7503 1
4549 7504 8
4528 7504 7
368 7504 1
4528 7505 7
4471 7505 8
7505 7506 8
7772 7506 2
7628 7506 1
8146 7506 2
4275 7506 12
7505 7507 8
4549 7507 8
7505 7508 8
4549 7508 8
4528 7509 7
4533 7509 7
7511 7510 8
4528 7510 7
8304 7511 1
7932 7511 2
1389 7511 1
4529 7511 7
7510 7512 8
7511 7512 10
8089 7512 1
7514 7513 11
7512 7513 10
1083 7514 1
7511 7514 10
7582 7514 2
8304 7515 1
7516 7515 2
4411 7515 1
960 7516 1
955 7517 7
7519 7518 1
961 7519 1
4331 7519 1
1474 7520 2
7970 7520 1
8523 7520 1
1148 7520 5
8442 7520 1
7521 7520 14
7989 7520 1
1021 7520 2
7518 7520 1
196 7521 3
4432 7521 1
173 7521 2
4230 7521 5
220 7521 3
1295 7521 1
988 7521 4
4271 7521 37
4269 7521 1
4474 7521 3
1127 7521 1
7519 7521 1
107 7521 1
4441 7521 2
8021 7521 1
4352 7521 5
8022 7521 1
4316 7522 13
1162 7522 1
7629 7522 1
334 7523 2
7524 7523 3
1251 7524 6
7728 7524 2
1083 7524 1
4260 7525 11
336 7525 3
1315 7525 3
8354 7525 1
7523 7525 3
7872 7525 2
7527 7526 4
960 7526 1
960 7528 1
961 7528 1
4475 7528 1
7530 7529 4
7759 7530 2
7529 7530 1
1030 7530 2
257 7531 1
7532 7531 3
8304 7531 1
960 7532 2
408 7533 2
7534 7533 3
1083 7534 1
1185 7534 2
4388 7534 2
128 7535 1
7533 7535 3
4267 7535 5
7684 7536 1
4267 7536 7
7535 7536 5
4485 7537 1
8304 7537 1
7538 7537 2
960 7538 1
7540 7539 1
955 7540 7
4336 7541 3
1203 7541 1
7539 7541 1
7543 7542 4
7541 7542 3
7965 7542 1
4248 7543 3
977 7543 4
31 7543 1
33 7543 2
4336 7543 3
1137 7543 1
976 7544 1
7541 7544 3
7543 7544 4
7543 7545 4
8491 7545 1
7541 7545 3
7543 7546 4
7541 7546 3
84 7546 1
7541 7547 3
976 7547 1
7543 7547 4
7543 7548 4
7541 7548 3
84 7548 1
7551 7549 3
7541 7549 3
8393 7549 1
979 7549 1
7550 7549 7
8410 7549 1
1346 7550 4
4336 7550 11
1334 7550 2
1464 7550 1
4248 7550 5
4336 7551 3
7539 7551 1
1203 7551 1
7539 7552 1
1203 7552 1
8245 7552 1
7940 7552 1
4208 7552 8
7899 7552 1
8173 7552 1
1169 7552 1
4529 7553 2
7539 7553 1
7555 7554 6
7553 7554 2
1206 7554 3
1083 7555 1
1370 7555 2
4529 7555 16
7554 7556 6
1206 7556 3
4260 7556 6
7554 7557 6
1206 7557 3
4260 7557 6
1364 7558 9
7554 7558 6
7555 7558 16
7558 7559 16
7560 7559 16
7555 7560 16
4282 7560 1
4248 7560 3
233 7560 1
7560 7561 16
7558 7561 16
7560 7562 16
7558 7562 16
7560 7563 16
7558 7563 16
7560 7564 16
7558 7564 16
7558 7565 16
7560 7565 16
7558 7566 16
7560 7566 16
7558 7567 16
7560 7567 16
7558 7568 16
7560 7568 16
7560 7569 16
7558 7569 16
7560 7570 16
7558 7570 16
7560 7571 16
7558 7571 16
7558 7572 16
7560 7572 16
7560 7573 16
7558 7573 16
7558 7574 16
7560 7574 16
7558 7575 16
7560 7575 16
7743 7576 3
202 7576 3
4260 7576 35
1262 7576 4
7936 7576 3
8033 7576 3
7994 7576 3
7558 7576 16
7558 7577 16
7560 7577 16
7560 7578 16
8173 7578 1
7558 7578 16
7558 7579 16
7560 7579 16
955 7580 7
398 7581 1
8352 7581 1
4331 7581 7
8289 7581 1
8060 7581 1
1474 7581 2
960 7582 1
4295 7582 1
7584 7583 1
1193 7584 1
1397 7584 2
8304 7584 1
4292 7585 1
7583 7585 1
1177 7586 1
960 7586 1
961 7586 1
7588 7587 4
7589 7588 7
7591 7590 1
1257 7591 9
7591 7592 2
1427 7592 1
7590 7592 1
4218 7593 7
955 7594 7
4267 7595 4
961 7596 1
4475 7596 1
1083 7598 1
7599 7598 2
4295 7599 1
960 7599 1
7596 7600 1
7602 7601 1
21 7602 1
20 7602 3
960 7602 1
4303 7602 1
7601 7603 1
4303 7603 1
4305 7604 1
7601 7604 1
7606 7605 1
4475 7606 1
961 7606 1
7605 7607 1
8296 7607 1
4292 7607 3
7925 7607 1
7605 7608 1
4271 7608 1
8296 7609 1
4292 7609 3
7605 7609 1
8428 7609 1
133 7610 1
4298 7610 2
1083 7611 1
81 7611 4
7612 7611 2
4295 7612 1
960 7612 1
955 7613 7
8162 7614 1
7615 7614 2
4486 7615 1
1461 7615 1
4390 7615 4
1143 7615 1
955 7615 2
4218 7615 2
8304 7615 1
72 7615 2
270 7615 1
7617 7616 3
7614 7616 2
7615 7617 2
7827 7617 2
1083 7617 1
961 7618 2
8249 7618 1
960 7619 2
4269 7620 1
8442 7621 1
7620 7621 1
8131 7621 1
4380 7621 3
8442 7622 1
961 7622 2
4427 7623 1
7623 7624 1
995 7624 4
8451 7624 2
7717 7624 2
1393 7624 1
7625 7624 10
4248 7625 3
955 7625 2
1372 7625 1
1461 7625 1
1143 7625 1
4427 7625 1
4390 7625 4
4218 7625 2
8017 7626 1
7627 7626 13
1095 7626 1
8141 7626 1
995 7626 4
8484 7626 1
8451 7626 2
7623 7626 1
7717 7626 2
4427 7627 2
172 7627 2
4248 7627 1
1461 7627 1
39 7627 2
4486 7627 1
4218 7627 2
955 7627 2
4390 7627 4
7629 7628 1
1179 7629 3
7628 7630 1
7522 7630 1
4367 7631 1
7628 7631 1
8500 7632 1
8015 7632 1
8461 7632 1
7633 7632 5
8254 7632 1
7628 7632 1
7587 7633 1
4439 7633 1
4325 7633 6
8225 7633 1
1326 7633 4
8281 7633 2
7852 7633 4
220 7633 3
4438 7633 1
173 7633 1
4484 7633 1
7759 7633 2
305 7633 1
4489 7633 1
7629 7633 1
287 7633 1
42 7633 1
7529 7633 1
7769 7633 1
4345 7634 2
7628 7634 1
4367 7635 2
7634 7635 2
7522 7636 1
7628 7636 1
7522 7637 1
7628 7637 1
7628 7638 1
4316 7638 13
1169 7638 1
8103 7638 3
1411 7638 6
1148 7638 5
7638 7639 13
7522 7639 13
8060 7640 1
141 7640 1
7816 7640 1
8352 7640 1
7638 7640 13
8068 7640 1
4331 7640 21
1345 7640 1
8422 7640 1
8481 7641 1
7640 7641 21
7642 7641 22
4248 7642 3
1110 7642 1
241 7642 2
4331 7642 21
7628 7643 1
4367 7643 1
4424 7644 1
4232 7644 5
398 7644 1
7628 7644 1
8102 7644 1
1083 7656 1
1083 7657 1
1083 7658 1
1083 7659 1
1083 7660 1
1083 7661 1
1083 7662 1
1083 7663 1
1083 7664 1
1083 7665 1
1083 7666 1
1083 7667 1
1083 7668 1
1083 7669 1
1083 7670 1
1083 7671 1
4438 7672 1
960 7673 1
4289 7674 1
4289 7675 1
4339 7676 1
7944 7677 1
8108 7677 1
4271 7677 5
8401 7677 1
7676 7677 1
7676 7678 1
7844 7678 1
8401 7678 1
1253 7678 3
7844 7679 1
8401 7679 1
7944 7679 1
8118 7679 1
7828 7679 1
8469 7679 1
7676 7679 1
7727 7679 1
1253 7679 9
8108 7679 1
7844 7680 1
4286 7680 3
7676 7680 1
8401 7680 1
1367 7681 1
960 7682 1
13 7683 1
4267 7684 1
4267 7685 1
7684 7685 1
7684 7686 1
4267 7686 1
7684 7687 1
4267 7687 2
7687 7688 2
7713 7688 2
4267 7688 4
7555 7689 2
8255 7689 1
4260 7690 2
7689 7690 2
395 7691 3
213 7692 1
1069 7693 1
7692 7693 1
1069 7694 2
7692 7694 1
8410 7694 1
1042 7695 1
62 7696 1
62 7697 2
7696 7697 1
7706 7697 1
7696 7698 1
7706 7698 1
62 7698 2
8360 7699 1
7537 7699 2
1372 7700 3
7699 7700 2
4269 7701 1
7755 7702 1
1275 7702 2
4278 7703 5
7702 7703 2
7906 7703 1
7744 7703 1
7891 7703 1
4278 7704 4
8190 7704 1
7702 7704 2
7744 7704 1
960 7705 1
4295 7705 1
62 7706 1
62 7707 1
7706 7707 1
63 7708 1
63 7709 1
7708 7709 1
63 7710 2
7873 7710 1
7708 7710 1
63 7711 2
7708 7711 1
7873 7711 1
1240 7712 1
7988 7713 1
4267 7713 2
8469 7714 1
4271 7714 6
8063 7714 4
8355 7715 2
7521 7715 9
7815 7715 2
7714 7715 6
4218 7716 1
4218 7717 2
7716 7717 1
956 7718 2
8449 7718 1
7716 7718 1
8449 7719 1
7716 7719 1
1050 7719 2
306 7720 1
231 7721 1
4295 7722 1
960 7722 1
7724 7723 1
7726 7725 1
7723 7725 1
7724 7726 3
954 7727 1
4295 7728 1
960 7728 1
4414 7729 1
7729 7730 1
49 7730 1
7729 7731 1
49 7731 1
1346 7732 1
1042 7733 1
4290 7734 1
7954 7735 1
8425 7735 1
7734 7735 1
8409 7735 1
7995 7735 1
4290 7735 5
1283 7736 1
7586 7737 1
960 7738 1
4295 7738 1
4236 7739 1
1247 7741 1
4475 7742 2
7741 7742 1
7742 7743 2
4249 7743 3
1275 7744 1
8011 7745 1
961 7745 2
201 7746 1
4220 7747 1
7746 7747 1
7749 7748 1
1177 7749 1
961 7749 1
298 7750 2
1083 7750 1
1083 7751 1
8351 7751 2
213 7751 3
1083 7752 1
8114 7752 2
1433 7753 2
7813 7753 2
1083 7753 1
4210 7754 3
7890 7754 2
1275 7755 1
4351 7756 1
8268 7757 1
4351 7757 2
7756 7757 1
7758 7759 3
4332 7760 1
1284 7761 1
7751 7762 3
7775 7762 2
8047 7763 1
1144 7763 2
7763 7764 2
1144 7764 2
7763 7765 2
1144 7765 2
4289 7766 1
7766 7767 1
4312 7767 1
125 7768 1
201 7769 1
4529 7769 1
7808 7769 1
279 7770 1
1177 7771 1
961 7771 1
1328 7772 2
8428 7772 1
46 7773 2
7772 7773 2
46 7774 2
7772 7774 2
8245 7775 1
213 7775 2
1251 7776 1
1253 7777 2
7776 7777 1
8118 7777 1
7844 7778 1
1253 7778 3
7828 7778 1
7776 7778 1
7759 7779 2
219 7780 1
258 7781 1
7781 7782 1
8283 7782 1
4278 7782 2
8518 7783 1
4549 7783 3
1437 7783 1
7781 7783 1
1437 7784 1
7781 7784 1
8518 7784 1
4549 7784 3
960 7785 1
960 7786 1
4295 7786 1
4289 7787 1
4312 7788 3
7787 7788 1
7855 7788 1
960 7789 1
132 7790 1
7555 7791 1
7906 7792 1
7791 7792 1
7891 7792 1
4278 7792 3
4278 7793 1
7791 7793 1
7791 7794 1
4278 7794 1
4278 7795 2
7791 7795 1
7891 7795 1
7791 7796 1
4278 7796 2
7891 7796 1
7791 7797 1
7891 7797 1
4278 7797 2
7691 7798 1
7798 7799 1
7800 7799 1
7973 7800 3
7691 7800 1
227 7802 1
7802 7803 1
989 7803 2
8135 7804 1
7805 7804 2
288 7806 1
7808 7807 1
7810 7809 1
7807 7809 1
7808 7810 4
213 7811 3
7813 7812 1
8256 7813 2
8304 7813 1
59 7814 1
7812 7814 1
4271 7815 2
8366 7815 1
89 7816 1
47 7817 1
7816 7817 1
7816 7818 1
47 7818 1
7816 7819 1
47 7819 1
47 7820 1
7816 7820 1
47 7821 1
7816 7821 1
7816 7822 1
47 7822 1
47 7823 1
7816 7823 1
7816 7824 1
47 7824 1
7816 7825 1
47 7825 1
47 7826 1
7816 7826 1
4295 7827 1
960 7827 1
7829 7828 1
4475 7829 1
961 7829 1
7844 7830 1
1253 7830 2
7828 7830 1
7828 7831 1
1253 7831 2
7844 7831 1
8352 7832 1
7828 7832 1
4271 7832 4
7844 7832 1
7834 7833 4
7832 7833 4
4271 7833 5
7828 7834 1
8352 7834 1
7844 7834 1
4271 7834 4
7844 7835 1
7828 7835 1
1253 7835 2
7828 7836 1
7844 7836 1
1253 7836 2
1253 7837 2
7828 7837 1
7844 7837 1
1468 7838 1
8165 7839 1
7838 7839 1
1305 7839 3
1309 7840 4
7839 7840 3
8289 7840 1
4429 7841 1
1284 7843 1
4339 7844 1
7844 7845 1
1253 7845 1
8421 7846 1
7844 7846 1
8505 7846 1
1253 7846 4
8130 7846 1
7524 7847 1
7847 7848 1
1253 7848 1
1253 7849 1
7847 7849 1
1467 7850 1
7852 7851 1
960 7852 1
1288 7853 1
4303 7854 1
7853 7854 1
4356 7855 1
1188 7856 1
7952 7857 1
4499 7857 2
960 7858 1
4295 7858 1
977 7859 1
4289 7860 1
1081 7861 1
1071 7862 1
7861 7862 1
4289 7863 1
8236 7864 1
974 7864 2
4282 7867 1
4278 7868 3
7906 7868 1
7867 7868 1
7891 7868 1
1392 7869 1
8521 7870 1
7515 7870 2
1086 7871 2
7870 7871 2
7960 7872 1
7524 7872 2
63 7873 1
4300 7874 1
4303 7875 1
7874 7875 1
1142 7876 2
8373 7876 1
4361 7877 1
7877 7878 1
50 7878 1
7515 7879 1
1086 7880 2
7879 7880 1
1038 7881 1
4529 7882 2
7881 7882 1
7882 7883 2
7555 7883 3
4260 7884 3
7883 7884 3
272 7885 1
1266 7886 1
47 7887 1
7886 7887 1
47 7888 1
7886 7888 1
1111 7889 1
4514 7890 2
7889 7890 1
4282 7891 1
4278 7892 1
7891 7892 1
4278 7893 1
7891 7893 1
7891 7894 1
4278 7894 1
4278 7895 1
7891 7895 1
7891 7896 1
4278 7896 1
4278 7897 1
7891 7897 1
4279 7898 1
1284 7899 1
7906 7900 1
7899 7900 1
964 7900 2
1284 7901 1
4436 7902 1
305 7903 1
254 7905 1
4282 7906 1
7906 7907 1
7560 7907 2
8173 7907 1
7906 7908 1
7560 7908 2
8173 7908 1
7560 7909 2
8173 7909 1
7906 7909 1
4278 7910 1
7906 7910 1
4329 7911 1
7906 7911 1
8283 7912 1
7906 7912 1
4278 7912 2
7906 7913 1
4278 7913 1
1050 7914 1
4319 7915 1
8440 7916 1
4557 7916 2
7915 7916 1
7915 7917 1
4557 7917 1
4336 7918 1
7918 7919 1
65 7919 1
4337 7920 1
7920 7921 1
4337 7921 1
1212 7922 1
7922 7923 1
4226 7923 1
7594 7924 1
7580 7925 1
8059 7926 1
7521 7926 2
1437 7926 1
8059 7927 1
7521 7927 2
1437 7927 1
7521 7928 2
8059 7928 1
1437 7928 1
8059 7929 1
1437 7929 1
4267 7929 2
7931 7930 2
8369 7930 1
960 7932 1
960 7933 1
961 7934 1
1079 7935 2
8399 7935 1
7935 7936 2
4296 7936 3
4364 7937 1
4356 7938 1
960 7939 1
7769 7940 1
285 7941 1
4295 7942 1
960 7942 1
1160 7943 1
7829 7944 1
1470 7945 1
4269 7946 1
4300 7947 1
7947 7948 1
4300 7948 2
1159 7949 1
1163 7952 1
4282 7953 1
4290 7954 1
7593 7955 1
7955 7956 1
1272 7956 4
8500 7956 1
1274 7957 4
7956 7957 3
1074 7958 1
1251 7960 1
1472 7961 1
959 7962 1
7961 7962 1
1074 7963 1
8458 7964 1
1421 7964 2
1137 7965 1
7965 7966 1
7543 7966 1
7965 7967 1
7543 7967 1
7543 7968 1
7965 7968 1
1050 7969 1
4269 7970 1
960 7971 1
7531 7972 1
4510 7974 1
294 7976 1
8242 7977 2
7753 7977 3
4474 7979 1
271 7980 1
7980 7981 1
4331 7981 2
64 7982 4
8300 7982 2
7981 7982 2
4303 7983 1
213 7984 2
4321 7985 1
305 7986 1
305 7987 1
7986 7987 1
4267 7988 1
173 7989 1
4332 7990 1
60 7991 1
60 7992 2
8489 7992 1
7991 7992 1
7991 7993 1
8489 7993 1
60 7993 2
8262 7994 2
1137 7994 3
4290 7995 1
8495 7996 1
4334 7996 3
1246 7997 1
1152 7998 1
4282 7999 1
7999 8000 1
1130 8000 1
1331 8001 1
8001 8002 1
8287 8002 1
1331 8002 2
8001 8003 1
1331 8003 2
8287 8003 1
4442 8004 1
263 8005 1
4303 8006 2
8485 8006 1
4295 8007 1
960 8007 1
7515 8008 1
1086 8009 1
8008 8009 1
7769 8010 1
1074 8011 1
281 8012 1
8014 8013 2
8169 8013 1
287 8015 1
8280 8016 1
8461 8016 1
7633 8016 3
8015 8016 1
172 8017 1
7627 8018 1
8017 8018 1
7627 8019 1
8017 8019 1
7627 8020 1
8017 8020 1
1158 8024 1
4295 8025 1
960 8025 1
4364 8026 1
4289 8027 1
55 8028 1
8028 8029 1
55 8029 1
55 8030 2
8028 8030 1
8397 8030 1
55 8031 2
8397 8031 1
8028 8031 1
960 8032 1
8387 8033 2
7524 8033 3
4333 8035 3
8044 8035 2
961 8036 2
8404 8036 1
4529 8037 1
4278 8038 1
8037 8038 1
4371 8039 1
7529 8040 1
8113 8041 1
8131 8041 1
961 8041 3
1050 8042 1
4333 8044 2
8102 8044 1
8044 8045 2
4333 8045 2
4316 8046 1
8023 8047 1
231 8048 1
1088 8049 1
1388 8050 1
8105 8051 1
8050 8051 1
986 8051 2
986 8052 1
8050 8052 1
8050 8053 1
986 8053 1
8050 8054 1
8105 8054 1
986 8054 2
1288 8055 1
4303 8056 1
8055 8056 1
213 8057 1
4280 8058 1
4432 8059 1
4352 8060 1
8060 8061 1
8352 8061 1
8385 8061 1
1309 8061 4
8282 8061 1
8060 8062 1
8352 8062 1
1309 8062 2
8289 8063 1
8352 8063 1
4352 8063 4
8060 8063 1
264 8064 1
49 8065 2
8064 8065 1
8220 8065 1
7811 8066 1
7751 8066 2
4295 8067 1
960 8067 1
1334 8068 1
1339 8069 1
8068 8069 1
1169 8070 1
1339 8070 2
8068 8070 1
8068 8071 1
1339 8071 1
8068 8072 1
8237 8072 1
4271 8072 3
1069 8073 1
8068 8073 1
42 8074 1
4396 8075 2
8074 8075 1
8145 8075 1
7602 8076 1
4290 8077 2
1416 8078 1
7724 8079 1
8079 8080 1
8488 8080 1
7726 8080 2
7726 8081 2
8079 8081 1
8488 8081 1
1042 8082 1
4228 8083 1
4356 8084 1
1212 8085 1
1108 8086 1
8272 8087 2
4359 8087 4
8279 8087 1
4529 8088 1
1389 8089 1
8304 8090 1
8091 8090 2
960 8091 1
1284 8092 1
1251 8093 1
8093 8094 1
1253 8094 1
4332 8095 1
266 8096 1
8096 8097 1
1367 8097 2
4529 8098 1
125 8099 1
1422 8100 1
1284 8101 1
29 8102 1
8384 8103 1
955 8103 3
8102 8103 1
1158 8104 1
4510 8105 1
1127 8106 1
8400 8107 1
1209 8107 3
7829 8108 1
8460 8109 1
4356 8109 2
8109 8110 2
8265 8110 1
4312 8110 3
4474 8111 1
1346 8112 1
4269 8113 1
4295 8114 1
960 8114 1
4290 8117 2
107 8118 1
8469 8119 1
220 8119 3
8118 8119 1
7521 8120 4
8202 8120 1
8119 8120 3
8118 8121 1
4220 8121 3
8469 8121 1
8119 8121 3
8119 8122 3
4212 8122 3
8119 8123 3
4212 8123 3
4212 8124 3
8119 8124 3
8118 8125 1
4271 8125 3
8523 8125 1
4236 8126 1
4351 8127 1
8126 8127 1
8126 8128 1
4351 8128 1
8126 8129 1
4351 8129 1
4529 8130 1
4269 8131 1
1295 8133 1
81 8134 1
261 8136 1
4336 8137 1
282 8138 1
1305 8139 1
1309 8140 1
8139 8140 1
4427 8141 1
989 8142 1
8142 8143 1
36 8143 1
974 8144 1
42 8145 1
8428 8146 1
1185 8146 2
8146 8147 2
4247 8147 2
1042 8148 1
4444 8149 1
53 8150 1
8150 8151 1
53 8151 1
8260 8152 1
8150 8152 1
53 8152 2
8150 8153 1
53 8153 2
8260 8153 1
4289 8154 1
363 8156 1
4296 8156 2
56 8157 1
8402 8158 1
8157 8158 1
56 8158 2
56 8159 2
8402 8159 1
8157 8159 1
8023 8160 1
1326 8161 2
8160 8161 1
270 8162 1
974 8163 1
1025 8164 1
1462 8165 1
8428 8166 1
1367 8166 2
4319 8167 1
4557 8168 1
8167 8168 1
4504 8170 1
284 8171 1
260 8172 1
233 8173 1
8173 8174 1
7560 8174 1
7560 8175 1
8173 8175 1
8173 8176 1
7560 8176 1
7560 8177 1
8173 8177 1
7560 8178 1
8173 8178 1
7560 8179 1
8173 8179 1
8173 8180 1
7560 8180 1
7560 8181 1
8173 8181 1
7560 8182 1
8173 8182 1
7560 8183 1
8173 8183 1
8173 8184 1
7560 8184 1
7560 8185 1
8173 8185 1
7560 8186 1
8173 8186 1
8173 8187 1
7560 8187 1
7560 8188 1
8173 8188 1
8173 8189 1
7560 8189 1
4282 8190 1
1455 8191 1
8191 8192 1
1455 8192 1
4258 8193 1
4512 8194 1
8193 8194 1
4512 8195 1
8193 8195 1
8193 8196 1
4512 8196 1
4512 8197 1
8193 8197 1
4512 8198 1
8193 8198 1
4512 8199 1
8193 8199 1
1212 8200 1
4267 8201 2
8461 8201 1
8200 8201 1
173 8202 1
4332 8203 2
1372 8204 1
8204 8205 1
7625 8205 1
8204 8206 1
7625 8206 1
4529 8207 1
4260 8208 1
8207 8208 1
122 8209 1
960 8211 1
4295 8211 1
4433 8213 1
120 8214 1
1162 8215 1
8215 8216 1
7522 8216 1
4549 8217 1
8215 8217 1
239 8220 1
49 8221 1
8220 8221 1
8220 8222 1
49 8222 1
1140 8223 1
8225 8224 1
960 8225 1
961 8225 1
1157 8226 2
8224 8226 1
8289 8226 1
8224 8227 1
1157 8227 1
1288 8228 1
4303 8229 2
8228 8229 1
7751 8230 1
1069 8231 1
8230 8231 1
1069 8232 1
8230 8232 1
1069 8233 1
8230 8233 1
1069 8234 1
8230 8234 1
4428 8235 1
974 8236 1
1208 8237 1
4527 8238 1
8237 8238 1
8237 8239 1
1320 8239 1
1320 8240 1
8237 8240 1
253 8241 1
8383 8242 1
7813 8242 2
977 8243 1
241 8244 1
1282 8245 1
7852 8246 1
7769 8248 1
1074 8249 1
4529 8250 1
1074 8252 1
960 8253 1
7852 8254 1
4529 8255 1
960 8256 1
1069 8257 1
7811 8257 1
4289 8258 1
1372 8259 2
8468 8259 1
53 8260 1
4246 8261 1
33 8262 2
8261 8262 1
289 8263 1
4255 8264 1
4289 8265 1
42 8266 1
4356 8267 1
1472 8268 1
8268 8269 1
4351 8269 1
1459 8270 1
8270 8271 1
4277 8271 1
7759 8272 2
8439 8272 1
7530 8273 3
8272 8273 2
8376 8273 1
8272 8274 2
7530 8274 3
8376 8274 1
7530 8275 3
8272 8275 2
8376 8275 1
7779 8276 3
8272 8276 2
7530 8277 3
8272 8277 2
8376 8277 1
7530 8278 2
8272 8278 2
7975 8279 1
8281 8280 1
1202 8282 1
4529 8283 1
8283 8284 1
4278 8284 1
1012 8285 1
1281 8286 1
1331 8287 1
8287 8288 1
1331 8288 1
8225 8289 1
1157 8290 1
8289 8290 1
8289 8291 1
1344 8291 1
1157 8292 1
8289 8292 1
1430 8293 1
8289 8293 1
1309 8294 1
8289 8294 1
274 8295 1
7606 8296 1
8296 8297 1
4292 8297 1
4292 8298 1
8296 8298 1
4403 8299 1
4331 8300 2
8299 8300 1
67 8301 2
8300 8301 2
8300 8302 2
67 8302 2
4496 8303 1
960 8304 1
8304 8305 1
8304 8306 1
8304 8307 1
8304 8308 1
8304 8309 1
8304 8310 1
8304 8311 1
8304 8312 1
8304 8313 1
8304 8314 1
8304 8315 1
8304 8316 1
8304 8317 1
8304 8318 1
8304 8319 1
8304 8320 1
8304 8321 1
8304 8322 1
8304 8323 1
8304 8324 1
8304 8325 1
8304 8326 1
8304 8327 1
8304 8328 1
8304 8329 1
8304 8330 1
8304 8331 1
8304 8332 1
8304 8333 1
8304 8334 1
8304 8335 1
8304 8336 1
8304 8337 1
8304 8338 1
8304 8339 1
8304 8340 1
8304 8341 1
8304 8342 1
8304 8343 1
8304 8344 1
8304 8345 1
8304 8346 1
8304 8347 1
8304 8348 1
961 8349 1
1050 8350 1
960 8351 1
4295 8351 1
4352 8352 1
4484 8353 1
4529 8354 1
8469 8355 1
4271 8355 2
4434 8356 1
960 8357 1
4295 8357 1
4435 8358 1
219 8359 1
4485 8360 1
275 8361 1
955 8362 2
8449 8362 1
7771 8363 1
7930 8364 1
8364 8365 1
7930 8365 1
1295 8366 1
1072 8367 1
8366 8367 1
1072 8368 1
8366 8368 1
977 8370 1
7808 8371 1
7810 8372 1
8371 8372 1
1140 8373 1
1042 8374 1
4440 8375 1
7530 8376 1
7804 8377 1
8377 8378 1
1300 8378 1
8377 8379 1
1300 8379 1
8377 8380 1
1300 8380 1
1300 8381 1
8377 8381 1
8377 8382 1
1300 8382 1
7813 8383 1
286 8384 1
1202 8385 1
280 8386 1
1251 8387 2
8386 8387 1
1050 8388 1
4331 8389 1
1464 8390 1
8390 8391 1
7550 8391 1
4335 8392 1
4336 8393 1
1130 8394 1
8393 8394 1
1388 8395 1
219 8396 1
55 8397 1
4317 8398 1
267 8399 1
4339 8401 1
56 8402 1
8402 8403 1
56 8403 1
4236 8404 1
961 8405 1
8404 8405 1
8404 8406 1
961 8406 1
265 8407 1
4333 8408 1
4290 8409 1
4336 8410 1
1069 8411 1
8410 8411 1
1152 8412 1
4474 8413 1
4271 8414 3
8413 8414 1
8523 8414 1
1274 8415 1
8415 8416 1
968 8416 1
8415 8417 1
968 8417 1
4480 8418 1
4286 8419 1
8418 8419 1
8418 8420 1
4260 8420 1
1463 8421 1
7519 8422 1
1160 8423 1
8423 8424 1
1152 8424 1
4290 8425 1
1334 8426 1
259 8427 1
4319 8428 1
68 8429 1
8428 8429 1
68 8430 1
8428 8430 1
8428 8431 1
4557 8431 1
8428 8432 1
68 8432 1
8428 8433 1
4557 8433 1
8428 8434 1
4559 8434 2
8428 8435 1
4557 8435 1
68 8436 1
8428 8436 1
8428 8437 1
46 8437 1
406 8438 1
7759 8439 1
4319 8440 1
8440 8441 1
4557 8441 1
196 8442 1
8442 8443 1
4380 8443 1
8442 8444 1
4380 8444 1
4380 8445 1
8442 8445 1
4380 8446 1
8442 8446 1
8442 8447 1
4380 8447 1
4319 8448 1
955 8449 1
8449 8450 1
955 8450 1
8449 8451 1
955 8451 2
955 8452 1
8449 8452 1
1159 8453 1
257 8454 1
115 8455 1
239 8456 1
4311 8457 1
1421 8458 1
4484 8459 1
4437 8460 1
8281 8461 1
36 8462 1
8461 8462 1
36 8463 1
8461 8463 1
8461 8464 1
7633 8464 1
8461 8465 1
36 8465 1
4289 8466 1
4228 8467 1
7537 8468 1
220 8469 1
262 8470 1
4375 8471 1
8471 8472 1
4375 8472 1
7531 8473 1
4364 8474 1
278 8475 1
148 8476 1
4282 8477 1
4236 8478 1
268 8479 1
968 8480 1
8479 8480 1
1110 8481 1
4262 8482 1
4529 8483 1
172 8484 1
1288 8485 1
4529 8486 1
4278 8487 1
8486 8487 1
7724 8488 1
60 8489 1
60 8490 1
8489 8490 1
33 8491 1
22 8492 1
4496 8493 1
4303 8494 1
4334 8495 1
7613 8496 1
4226 8497 1
8496 8497 1
4443 8499 1
7852 8500 1
1263 8501 1
8501 8502 1
51 8502 1
51 8503 1
8501 8503 1
1334 8504 1
4282 8505 1
306 8506 1
1284 8507 1
8507 8508 1
1069 8508 1
8507 8509 1
1069 8509 1
1069 8510 1
8507 8510 1
1069 8511 1
8507 8511 1
1069 8512 1
8507 8512 1
1069 8513 1
8507 8513 1
8507 8514 1
1069 8514 1
1069 8515 1
8507 8515 1
4445 8516 1
4489 8517 1
4430 8518 1
7808 8519 1
8519 8520 1
7810 8520 1
4411 8521 1
1457 8522 1
4474 8523 1
4269 8524 1
1432 8525 1
8525 8526 1
1072 8526 1
8525 8527 1
1072 8527 1
1334 8528 1
1245 8529 1
4414 8530 1
7808 8531 1
8531 8532 1
7810 8532 1
4364 8533 1
1133 8534 1
4282 8535 1
4267 8536 1
8536 8537 1
4267 8537 1
