4131 4130 4
4357 4131 2
4213 4131 2
4186 4131 3
4442 4131 2
4400 4131 2
4133 4132 4
4292 4133 3
4134 4135 1
4460 4135 2
4136 4137 7
4137 4138 4
4264 4139 2
4138 4139 1
4384 4140 1
4141 4140 2
4384 4142 1
4143 4142 2
4133 4144 4
4186 4145 3
4146 4145 3
4133 4147 4
4369 4148 2
4453 4148 1
4416 4149 1
4150 4149 2
4152 4151 2
4151 4152 4
4322 4152 1
4151 4153 4
4151 4154 4
4151 4155 4
4322 4156 1
4151 4156 4
4151 4157 4
4151 4158 4
4151 4159 4
4151 4160 4
4162 4161 4
4382 4161 1
4384 4163 1
4164 4163 2
4133 4165 4
4400 4166 2
4186 4166 3
4166 4167 4
4169 4168 1
4203 4169 4
4168 4170 1
4171 4170 1
4186 4171 3
4169 4171 1
4276 4171 1
4146 4171 3
4173 4172 1
4172 4174 1
4173 4174 1
4177 4176 1
4384 4177 1
4405 4177 2
4179 4178 1
4176 4178 1
4177 4179 1
4181 4180 4
4185 4180 3
4176 4180 1
4392 4180 2
4213 4181 2
4186 4181 3
4177 4181 1
4357 4181 2
4392 4182 2
4212 4182 2
4181 4182 5
4185 4182 3
4176 4182 1
4176 4183 1
4184 4183 1
4213 4184 2
4357 4184 2
4177 4184 1
4146 4184 3
4176 4185 1
4186 4185 3
4444 4185 1
4177 4186 2
4188 4187 3
4185 4187 3
4146 4188 3
4186 4188 3
4376 4188 1
4188 4189 3
4185 4189 3
4185 4190 3
4188 4190 3
4185 4191 3
4188 4191 3
4185 4192 3
4375 4192 3
4166 4193 3
4185 4193 3
4145 4194 3
4185 4194 3
4166 4195 3
4185 4195 3
4185 4196 3
4131 4196 3
4407 4197 2
4185 4197 3
4198 4197 4
4186 4198 3
4400 4198 2
4347 4199 1
4185 4199 3
4171 4199 4
4171 4200 4
4185 4200 3
4347 4200 1
4347 4201 1
4171 4201 4
4185 4201 3
4203 4202 3
4185 4202 3
4391 4203 2
4186 4203 3
4448 4203 2
4357 4203 2
4213 4203 2
4133 4205 4
4269 4206 1
4207 4206 4
4211 4208 2
4269 4208 1
4209 4208 4
4210 4209 3
4444 4212 1
4213 4212 2
4177 4213 1
4184 4214 3
4212 4214 2
4392 4214 2
4131 4215 3
4392 4215 2
4212 4215 2
4392 4216 2
4212 4216 2
4203 4216 3
4212 4217 2
4392 4217 2
4377 4217 3
4392 4218 2
4181 4218 3
4212 4218 2
4220 4219 1
4371 4220 3
4219 4221 1
4266 4221 2
4417 4221 1
4419 4221 1
4275 4221 4
4222 4221 9
4256 4222 1
4220 4222 1
4322 4222 1
4152 4222 2
4248 4222 1
4259 4222 1
4277 4222 1
4297 4222 1
4274 4222 1
4342 4222 2
4310 4222 1
4361 4222 1
4286 4222 1
4419 4223 1
4275 4223 4
4360 4223 1
4222 4223 12
4424 4223 1
4221 4223 9
4406 4223 1
4133 4224 4
4226 4225 1
4229 4228 2
4384 4228 1
4133 4230 4
4133 4231 4
4133 4232 4
4133 4233 4
4133 4234 4
4133 4235 4
4133 4236 4
4133 4237 4
4133 4238 4
4133 4239 4
4133 4240 4
4133 4241 4
4243 4242 2
4384 4242 1
4245 4244 2
4384 4244 1
4369 4247 2
4453 4247 1
4249 4248 2
4384 4248 1
4138 4250 2
4252 4251 2
4384 4251 1
4206 4253 4
4254 4253 2
4270 4253 1
4208 4253 1
4209 4254 2
4211 4254 2
4257 4256 2
4384 4256 1
4259 4258 1
4384 4259 1
4422 4259 2
4406 4260 1
4296 4260 1
4222 4260 4
4424 4260 1
4258 4260 1
4263 4262 4
4292 4263 6
4137 4264 2
4146 4265 3
4130 4265 1
4417 4266 1
4152 4266 2
4266 4267 2
4151 4267 2
4453 4268 1
4369 4268 2
4269 4270 1
4269 4271 1
4271 4272 1
4208 4272 2
4274 4273 1
4411 4274 2
4384 4274 1
4222 4275 4
4273 4275 1
4380 4275 1
4365 4275 1
4278 4277 2
4384 4277 1
4280 4279 4
4357 4280 2
4378 4281 1
4281 4282 1
4283 4282 1
4378 4283 1
4146 4283 3
4448 4283 2
4361 4284 1
4342 4284 1
4286 4285 1
4432 4286 2
4384 4286 1
4285 4287 1
4437 4287 1
4222 4287 2
4453 4288 1
4369 4288 2
4290 4289 1
4461 4290 1
4412 4290 2
4329 4291 1
4289 4291 1
4292 4291 3
4290 4292 2
4135 4292 1
4149 4292 1
4291 4293 3
4263 4293 3
4291 4294 3
4263 4294 3
4133 4295 3
4291 4295 3
4297 4296 1
4384 4297 1
4428 4297 2
4299 4298 1
4301 4300 1
4298 4300 1
4299 4301 1
4146 4301 3
4298 4302 1
4301 4302 1
4298 4303 1
4301 4303 1
4181 4306 4
4141 4307 2
4384 4307 1
4462 4308 1
4309 4308 2
4311 4310 2
4384 4310 1
4366 4312 1
4314 4313 1
4312 4313 1
4366 4314 1
4149 4315 1
4315 4316 1
4434 4316 1
4292 4316 3
4316 4317 3
4263 4317 3
4318 4319 3
4321 4320 3
4324 4323 2
4466 4323 1
4373 4323 4
4325 4326 1
4352 4326 2
4328 4327 4
4386 4328 1
4135 4329 1
4371 4330 3
4177 4331 1
4384 4332 1
4333 4332 2
4198 4336 4
4177 4338 1
4340 4339 1
4340 4341 1
4339 4341 1
4343 4342 2
4384 4342 1
4276 4347 1
4347 4348 1
4171 4348 1
4171 4349 1
4347 4349 1
4347 4350 1
4171 4350 1
4444 4354 1
4355 4354 2
4177 4355 1
4354 4356 2
4377 4356 2
4177 4357 1
4359 4358 1
4361 4360 1
4404 4361 2
4384 4361 1
4419 4362 1
4222 4362 2
4360 4362 1
4284 4363 2
4437 4363 1
4360 4363 1
4222 4364 1
4360 4364 1
4342 4365 1
4367 4366 4
4335 4367 1
4453 4368 1
4369 4368 2
4371 4370 3
4374 4372 2
4465 4372 1
4373 4372 4
4186 4375 3
4375 4376 4
4355 4377 2
4448 4377 2
4213 4377 2
4357 4377 2
4377 4378 4
4310 4380 1
4371 4381 3
4383 4382 2
4384 4382 1
4384 4385 1
4439 4385 2
4384 4386 1
4141 4386 2
4130 4387 1
4387 4388 1
4265 4388 1
4177 4391 1
4444 4392 1
4357 4392 2
4392 4393 2
4280 4393 2
4184 4394 2
4392 4394 2
4392 4395 2
4184 4395 2
4181 4396 2
4392 4396 2
4203 4397 2
4392 4397 2
4377 4398 2
4392 4398 2
4431 4399 1
4177 4400 1
4401 4402 1
4423 4402 2
4248 4406 1
4444 4407 1
4400 4407 2
4131 4408 2
4407 4408 2
4166 4409 2
4407 4409 2
4335 4414 1
4414 4415 1
4367 4415 1
4322 4417 1
4417 4418 1
4156 4418 1
4256 4419 1
4376 4420 1
4420 4421 1
4188 4421 1
4277 4424 1
4173 4425 1
4425 4426 1
4427 4426 1
4173 4427 1
4290 4434 1
4382 4435 1
4435 4436 1
4161 4436 1
4342 4437 1
4442 4441 2
4444 4441 1
4177 4442 1
4441 4443 2
4131 4443 2
4177 4444 1
4444 4445 1
4391 4445 2
4445 4446 2
4203 4446 3
4447 4446 2
4448 4447 2
4444 4447 1
4177 4448 1
4447 4449 2
4283 4449 2
4447 4450 2
4377 4450 2
4444 4451 1
4338 4451 1
4444 4452 1
4331 4452 1
4386 4456 1
4328 4457 1
4456 4457 1
