1049 1024 24
1385 1024 3
1252 1024 3
1967 1024 3
1494 1024 1
1495 1024 1
1496 1024 1
1249 1025 1
1026 1025 10
1027 1026 55
1395 1027 1
1798 1027 1
1141 1027 1
1393 1027 2
1284 1027 1
1165 1027 1
1802 1027 1
1427 1027 1
1793 1027 1
1346 1027 1
1028 1027 74
1694 1027 1
1303 1027 41
1460 1027 1
1249 1027 1
1773 1027 1
1163 1027 1
1528 1027 1
1976 1027 34
1655 1027 1
1250 1027 1
1246 1027 1
1036 1028 45
1029 1028 95
1030 1029 102
1031 1029 103
1937 1030 1
1790 1030 1
1058 1030 1
1036 1030 14
1791 1030 1
1460 1030 2
1971 1030 94
1106 1031 1
1032 1031 108
1175 1031 2
1496 1032 1
1446 1032 2
1403 1032 4
1778 1032 1
1034 1033 1
1172 1034 3
1036 1035 167
2007 1035 2
1939 1035 1
1474 1035 1
1162 1035 1
2250 1035 1
2405 1035 1
2527 1035 1
2326 1035 1
1739 1035 3
1857 1035 2
1627 1035 1
2428 1035 1
1489 1035 1
2628 1035 2
2586 1035 1
2024 1035 1
2733 1035 1
2466 1035 1
1772 1035 1
2100 1035 1
2558 1035 1
2417 1035 1
1935 1035 1
2643 1035 1
2669 1035 1
1425 1035 5
2044 1035 5
1840 1035 1
2345 1035 1
1270 1035 16
2082 1035 1
1780 1035 1
2162 1035 1
2698 1035 1
2668 1035 1
1551 1035 1
2540 1035 1
2767 1035 1
1956 1035 1
1309 1035 1
1320 1035 1
2460 1035 1
2789 1035 1
1033 1035 1
2119 1035 1
1147 1035 1
2186 1035 1
1441 1035 1
2027 1035 2
2061 1035 3
2761 1035 1
2569 1035 1
1145 1035 32
1273 1035 4
2572 1035 2
2229 1035 1
1527 1035 1
1538 1035 8
2330 1035 1
2287 1035 1
2725 1035 1
2590 1035 1
2702 1035 1
2093 1035 2
1710 1035 1
1845 1035 1
1164 1035 1
1965 1035 2
2275 1035 1
2454 1035 2
1274 1035 9
1140 1035 1
2664 1035 1
2291 1035 2
1183 1035 15
1958 1035 1
2352 1035 1
2245 1035 1
2637 1035 1
2040 1035 1
2771 1035 1
2518 1035 1
1398 1035 2
2746 1035 1
2541 1035 1
2681 1035 1
2442 1035 1
2780 1035 1
2451 1035 1
2286 1035 1
2043 1035 2
2604 1035 1
2290 1035 4
2216 1035 2
1179 1035 2
1275 1035 2
2092 1035 2
1812 1035 1
1260 1035 1
2529 1035 1
1154 1035 1
2512 1035 1
2309 1035 1
1095 1035 6
2377 1035 1
2539 1035 1
2437 1035 1
1564 1035 1
2125 1035 2
1937 1036 1
1694 1036 2
1552 1036 1
2135 1036 1
1137 1036 1
1026 1036 3
1455 1036 1
2025 1036 4
1313 1036 1
1249 1036 2
1418 1036 2
1790 1036 1
1025 1036 2
1327 1036 1
1134 1036 4
1738 1036 8
1792 1036 1
1794 1036 1
2124 1036 2
1185 1036 1
1083 1036 2
1192 1036 1
1696 1036 1
1802 1036 5
1697 1036 1
1353 1036 1
1103 1036 1
2083 1036 2
1160 1036 28
1567 1036 1
1797 1036 1
1798 1036 2
1351 1036 1
1675 1036 1
2195 1036 1
1165 1036 2
1800 1036 2
1190 1036 2
1093 1036 41
1480 1036 1
1239 1036 1
1795 1036 1
1393 1036 1
1058 1036 1
1442 1036 1
2284 1036 1
1034 1036 2
1163 1036 2
1028 1036 1
1475 1036 3
1148 1036 9
1237 1036 2
1144 1036 8
1820 1036 1
1346 1036 1
1490 1036 3
1132 1036 1
2141 1036 1
1381 1036 1
1605 1036 2
1558 1036 3
1528 1036 2
1178 1036 2
1397 1036 7
1891 1036 1
1791 1036 1
1299 1036 4
1278 1036 1
2194 1036 1
2246 1036 1
1793 1036 2
1354 1036 1
1141 1036 2
2295 1036 1
1182 1036 9
1060 1036 17
1799 1036 1
1546 1036 1
1231 1036 2
1314 1036 1
1350 1036 1
1796 1036 2
1387 1036 7
1319 1036 62
1316 1036 62
1153 1036 62
1317 1036 62
1063 1036 62
1038 1037 334
2553 1037 2
2751 1037 1
2074 1037 2
2575 1037 1
1814 1037 7
2036 1037 4
2460 1037 1
2499 1037 1
2705 1037 1
2600 1037 1
2000 1037 1
1782 1037 1
1743 1037 2
2299 1037 1
1322 1037 12
2198 1037 1
2326 1037 1
2657 1037 1
1116 1037 2
2512 1037 1
2058 1037 2
2029 1037 1
2369 1037 1
2381 1037 1
2150 1037 1
1935 1037 1
1362 1037 1
2554 1037 1
2186 1037 1
1931 1037 1
2591 1037 1
2440 1037 1
2763 1037 1
2351 1037 1
2551 1037 1
2257 1037 1
1654 1037 1
2671 1037 1
2654 1037 1
2032 1037 1
1287 1037 1
2746 1037 1
1905 1037 2
2609 1037 1
2001 1037 1
2190 1037 1
1740 1037 2
2088 1037 2
2069 1037 1
1320 1037 1
2685 1037 1
2612 1037 1
2429 1037 1
1363 1037 1
2560 1037 1
2249 1037 2
2624 1037 1
1833 1037 1
2565 1037 1
1518 1037 12
1538 1037 8
1225 1037 1
1900 1037 1
2170 1037 1
2636 1037 1
2697 1037 1
1934 1037 1
2492 1037 1
2268 1037 1
1709 1037 1
2410 1037 1
2144 1037 1
2652 1037 1
2287 1037 1
2352 1037 1
1939 1037 1
2438 1037 1
1309 1037 1
1189 1037 1
2662 1037 1
2525 1037 1
2454 1037 2
2133 1037 2
2694 1037 1
2762 1037 1
1454 1037 1
1183 1037 15
2297 1037 1
1394 1037 1
1634 1037 1
2593 1037 1
2280 1037 1
2345 1037 1
2364 1037 1
2233 1037 1
2234 1037 1
1520 1037 1
2650 1037 2
2424 1037 1
1147 1037 1
2356 1037 1
2772 1037 1
1643 1037 2
2656 1037 1
1332 1037 1
2140 1037 1
1530 1037 4
1566 1037 3
1642 1037 1
1238 1037 1
1749 1037 2
2182 1037 2
2734 1037 1
2096 1037 1
2758 1037 1
1997 1037 2
1943 1037 1
2348 1037 1
1657 1037 1
2502 1037 1
2452 1037 1
2790 1037 1
2421 1037 1
2286 1037 1
1052 1037 1
2660 1037 1
1423 1037 1
1143 1037 8
2357 1037 1
2719 1037 1
1159 1037 3
1772 1037 1
2626 1037 1
2528 1037 1
2134 1037 1
2087 1037 2
2301 1037 2
1580 1037 2
1283 1037 1
2701 1037 1
2572 1037 2
2011 1037 2
2283 1037 1
1956 1037 1
1608 1037 1
2070 1037 1
2465 1037 1
1458 1037 1
2441 1037 1
2232 1037 1
2739 1037 1
1035 1037 167
1549 1037 1
1840 1037 1
2323 1037 2
2698 1037 1
2550 1037 2
1630 1037 1
2042 1037 1
2540 1037 1
1771 1037 2
2655 1037 1
2687 1037 1
2651 1037 1
2733 1037 1
2206 1037 2
1666 1037 1
2643 1037 1
1556 1037 2
2561 1037 1
2522 1037 1
2681 1037 1
1909 1037 1
2258 1037 1
2482 1037 1
1263 1037 14
2684 1037 1
1766 1037 1
2541 1037 1
2289 1037 1
1060 1038 1
2019 1038 2
2194 1038 1
1053 1038 1
1055 1038 1
1351 1038 1
1299 1038 3
1453 1038 12
1231 1038 1
2034 1038 1
1798 1038 2
1025 1038 2
1227 1038 1
2076 1038 1
1937 1038 2
1133 1038 1
1424 1038 1
1153 1038 1
1048 1038 1
1237 1038 2
1716 1038 1
1738 1038 1
1387 1038 1
1455 1038 1
1889 1038 1
1685 1038 1
1185 1038 1
1471 1038 1
1788 1038 2
1967 1038 1
2171 1038 1
2269 1038 1
1395 1038 2
2295 1038 1
1655 1038 2
1442 1038 1
1418 1038 1
1490 1038 1
1028 1038 1
1822 1038 1
1148 1038 7
1768 1038 1
2168 1038 1
2613 1038 1
2205 1038 1
1303 1038 2
1736 1038 2
1581 1038 2
1026 1038 3
1381 1038 1
1160 1038 26
1036 1038 167
2135 1038 2
1548 1038 1
1796 1038 2
2158 1038 2
1217 1038 1
1083 1038 6
2199 1038 1
1097 1038 1
1137 1038 1
1066 1038 1
1397 1038 3
1492 1038 2
1552 1038 1
1800 1038 1
1350 1038 1
1132 1038 1
1510 1038 2
1182 1038 8
1421 1038 2
2025 1038 1
1239 1038 1
1696 1038 1
2141 1038 1
1076 1038 1
1744 1038 2
1472 1038 2
1801 1038 2
1081 1038 2
1252 1038 1
2094 1038 1
1464 1038 1
1385 1038 1
1278 1038 1
1101 1038 1
1144 1038 27
2196 1038 1
1957 1038 1
1313 1038 1
1951 1038 1
2097 1038 1
1802 1038 2
1901 1038 1
1699 1038 1
1558 1038 1
1819 1038 1
1891 1038 1
1667 1038 2
1890 1038 2
1372 1038 2
2151 1038 1
1366 1038 1
1579 1038 1
1820 1038 1
1190 1038 3
2231 1038 1
1783 1038 1
1567 1038 1
1284 1038 2
1047 1038 2
2071 1038 1
2083 1038 1
2284 1038 1
2195 1038 1
1921 1038 1
1427 1038 1
1466 1038 1
1504 1038 2
1635 1038 1
1333 1038 1
2002 1038 4
1063 1038 1
1906 1038 2
1199 1038 2
1684 1038 1
1327 1038 2
1355 1038 1
1700 1038 2
1713 1038 1
1526 1038 2
1545 1038 4
1971 1038 26
1038 1039 334
1037 1039 334
1782 1040 1
1041 1040 177
1035 1040 167
2070 1040 1
2465 1040 1
2233 1040 1
2157 1040 1
1309 1040 1
2502 1040 1
2351 1040 1
2637 1040 1
1633 1040 4
1237 1041 6
1239 1041 1
1387 1041 1
1036 1041 167
1783 1041 1
1397 1041 1
2168 1041 1
2071 1041 1
1278 1041 1
1033 1042 1
2466 1042 1
2082 1042 1
2761 1042 1
2442 1042 1
1538 1042 8
2572 1042 2
2291 1042 2
2775 1042 1
2558 1042 1
2527 1042 1
2093 1042 2
2405 1042 1
1551 1042 1
2664 1042 1
1780 1042 1
2539 1042 1
1036 1042 32
2725 1042 1
2092 1042 2
2767 1042 1
1441 1042 1
2342 1042 1
2586 1042 1
2771 1042 1
1538 1043 8
1147 1043 1
1840 1043 1
1551 1043 1
1154 1043 1
1263 1043 14
2309 1043 1
1273 1043 4
1555 1043 6
2352 1043 1
2100 1043 1
1309 1043 1
1033 1043 1
2442 1043 1
2377 1043 1
1274 1043 9
1036 1043 45
1274 1044 9
1036 1044 47
1043 1044 45
1154 1044 1
2100 1044 1
2761 1044 1
1147 1044 1
1489 1044 1
1044 1045 47
1036 1045 48
2529 1046 1
1036 1046 93
2656 1046 1
2643 1046 1
2636 1046 1
1566 1046 3
2330 1046 1
2142 1046 1
2441 1046 1
1458 1046 1
2381 1046 1
1945 1046 4
2312 1046 1
2590 1046 1
2694 1046 1
1162 1046 1
1275 1046 2
1260 1046 1
1749 1046 2
1273 1046 4
2704 1046 1
2331 1046 1
1386 1046 1
2686 1046 1
2454 1046 2
1045 1046 48
1164 1046 1
1150 1046 4
1740 1046 2
2290 1046 4
2007 1046 2
1159 1046 3
2586 1046 1
2650 1046 2
1029 1047 7
2151 1047 1
1049 1048 4
2199 1049 1
1257 1049 3
1050 1049 33
2462 1049 2
1048 1049 1
1051 1049 18
1053 1052 1
1102 1053 3
1055 1054 1
1327 1055 1
1859 1055 1
1823 1055 2
1397 1055 1
1976 1056 53
2023 1056 1
2229 1056 1
1782 1056 1
1260 1056 1
2312 1056 1
1627 1056 1
1057 1056 1
2637 1056 1
2342 1056 1
2586 1056 1
2725 1056 1
2493 1056 1
1441 1056 1
2466 1056 1
2669 1056 1
2558 1056 1
2577 1056 1
2681 1056 1
2720 1056 1
1812 1056 1
2111 1056 1
2676 1056 1
1780 1056 1
2615 1056 1
2529 1056 1
1309 1056 1
1551 1056 1
2590 1056 1
2664 1056 1
1272 1056 1
2551 1056 1
2134 1056 1
2539 1056 1
2098 1056 1
2598 1056 1
2554 1056 1
2405 1056 1
2527 1056 1
1423 1056 1
2032 1056 1
1298 1056 1
1054 1056 1
2767 1056 1
2643 1056 1
2778 1056 1
1245 1056 1
1934 1056 1
2431 1056 1
2417 1056 1
2735 1056 1
2004 1056 1
2186 1056 1
1946 1056 1
1058 1057 1
1091 1058 9
1057 1059 1
1060 1059 1
1418 1060 2
1490 1060 2
1789 1060 1
1803 1060 1
1791 1060 1
1552 1060 1
1397 1060 2
1091 1060 1
2025 1060 3
1076 1060 29
1788 1060 2
2284 1060 1
1036 1060 15
2295 1060 2
1790 1060 1
1083 1060 33
1675 1060 1
1792 1060 1
1058 1060 1
1217 1060 2
1066 1060 45
1351 1060 1
1281 1060 14
1089 1060 8
1678 1060 8
2186 1061 1
2598 1061 1
1057 1061 1
2720 1061 1
1036 1061 25
1085 1061 10
2493 1061 1
1263 1061 14
2681 1061 1
2778 1061 1
1063 1062 25
1061 1062 25
1239 1063 1
1552 1063 1
1381 1063 1
1060 1063 16
1318 1063 63
1036 1063 29
1475 1063 2
1060 1064 7
1057 1064 1
2720 1064 1
2493 1064 1
2598 1064 1
2778 1064 1
1554 1064 1
1066 1065 8
1064 1065 7
2002 1066 2
1351 1066 1
2320 1066 3
2124 1066 2
1182 1066 8
1060 1066 8
1605 1066 2
1063 1066 16
1281 1066 7
1178 1066 2
1397 1066 1
1744 1066 2
1160 1066 2
1066 1067 9
1065 1067 8
1691 1067 1
1066 1068 9
1065 1068 8
1068 1069 9
1066 1069 14
2373 1069 4
1743 1070 2
1840 1070 1
1265 1070 16
1538 1070 8
1069 1070 14
1066 1070 44
2130 1070 1
2690 1070 1
1535 1071 7
1557 1071 5
1082 1071 10
1216 1071 1
1060 1071 69
1412 1071 10
1556 1071 2
1070 1071 44
2640 1071 1
2572 1071 2
1824 1071 3
1542 1071 12
1071 1072 69
1073 1072 69
1060 1073 73
1069 1074 14
1066 1074 15
1076 1075 16
1074 1075 15
1281 1076 7
2025 1076 1
1066 1076 15
1060 1076 7
1397 1076 1
1668 1077 4
1747 1077 3
1551 1077 1
1219 1077 6
2778 1077 1
1958 1077 1
2598 1077 1
2493 1077 1
1057 1077 1
1075 1077 16
1857 1077 2
1669 1077 5
1412 1077 10
1721 1077 2
1060 1077 50
2433 1077 1
2720 1077 1
1540 1077 3
2161 1077 3
1556 1077 2
1711 1077 3
2572 1077 2
1670 1077 5
1066 1078 10
1068 1078 9
1078 1079 10
1060 1079 10
2707 1080 1
1078 1080 10
1081 1080 11
2094 1081 1
2196 1081 1
1066 1081 13
1242 1081 3
1281 1081 7
1083 1082 10
1068 1082 9
1667 1083 1
1281 1083 7
1552 1083 1
1060 1083 5
2284 1083 1
2613 1083 1
1066 1083 9
2141 1083 1
1115 1083 4
1790 1083 1
1510 1083 1
2023 1084 1
2623 1084 1
2767 1084 1
2778 1084 1
1263 1084 14
2598 1084 1
1030 1084 23
1057 1084 1
2558 1085 1
2493 1085 1
2720 1085 1
1036 1085 10
2598 1085 1
1710 1085 1
2466 1085 1
2778 1085 1
1057 1085 1
1679 1085 1
1270 1086 16
1063 1086 28
1308 1086 2
1551 1086 1
1085 1086 10
2451 1086 1
2637 1086 1
2558 1087 1
1060 1087 27
1556 1087 2
2778 1087 1
2720 1087 1
2493 1087 1
1554 1087 1
2615 1087 1
1057 1087 1
2572 1087 2
1263 1087 14
1679 1087 1
2598 1087 1
2466 1087 1
1089 1088 29
1087 1088 27
1218 1088 4
1677 1089 9
1060 1089 29
1091 1090 5
2778 1090 1
2720 1090 1
1057 1090 1
2598 1090 1
2493 1090 1
1675 1091 1
1976 1091 7
1058 1091 1
1060 1091 7
1028 1091 20
1791 1091 1
1303 1091 7
1790 1091 1
1792 1091 1
1676 1091 7
2720 1092 1
1057 1092 1
2778 1092 1
1093 1092 5
2598 1092 1
2493 1092 1
1352 1093 4
1372 1093 2
1792 1093 1
1675 1093 1
2194 1093 1
1802 1093 2
1299 1093 1
1790 1093 1
1301 1093 2
1246 1093 1
1791 1093 1
1144 1093 4
1424 1093 1
1284 1093 2
1801 1093 2
1528 1093 2
1793 1093 2
1058 1093 1
1797 1093 1
1387 1093 2
1798 1093 2
1346 1093 2
1239 1093 1
1773 1093 2
1141 1093 2
1567 1093 1
1694 1093 2
1148 1093 1
1025 1093 3
1820 1093 1
1199 1093 2
1395 1093 2
1427 1093 2
1233 1093 4
1460 1093 1
1397 1093 1
1137 1093 1
1185 1093 1
1655 1093 2
1026 1093 3
1635 1093 4
1796 1093 2
2720 1094 1
2493 1094 1
1057 1094 1
2598 1094 1
2778 1094 1
1093 1094 5
2778 1095 1
2720 1095 1
2598 1095 1
1093 1095 6
2493 1095 1
1057 1095 1
1425 1096 5
1833 1096 1
1287 1096 1
2286 1096 1
2381 1096 1
2378 1096 3
1095 1096 6
1566 1096 3
2234 1096 1
1036 1096 26
2668 1096 1
2326 1096 1
2643 1096 1
2290 1096 4
1098 1097 7
1099 1098 12
1714 1099 12
1681 1099 1
1100 1099 27
1102 1099 12
1680 1100 1
1683 1100 1
1051 1100 14
1471 1100 1
1501 1100 1
1099 1100 2
1682 1100 2
1101 1100 30
1684 1100 2
1098 1100 1
1681 1100 1
1575 1100 2
1683 1101 1
1168 1101 1
1102 1101 33
1681 1101 1
1471 1101 1
1685 1101 1
1680 1101 1
1038 1101 16
1682 1101 1
1575 1101 1
1501 1101 1
1684 1101 2
1104 1103 2
1859 1103 1
1032 1104 2
1113 1104 2
1030 1104 2
1032 1105 130
1974 1106 117
1107 1106 120
2203 1106 3
1971 1106 21
1108 1106 117
1971 1110 26
2425 1110 2
1112 1110 117
1111 1110 120
1032 1113 64
1115 1114 1
1114 1116 1
1083 1116 2
2534 1117 1
1118 1117 2
1228 1118 3
2194 1118 1
1229 1118 3
1475 1118 1
1118 1119 3
1117 1119 2
1121 1120 3
1119 1120 3
1118 1121 4
2771 1122 1
1117 1122 2
1118 1122 4
2405 1122 1
2510 1123 1
1124 1123 4
1117 1123 2
1118 1124 4
2293 1124 1
1102 1124 3
1229 1124 3
1123 1125 4
1126 1125 6
2548 1125 1
2555 1125 1
2213 1126 3
1124 1126 5
2510 1127 1
1117 1127 2
1124 1127 4
2327 1127 1
1124 1128 3
2510 1128 1
1117 1128 2
1117 1129 2
1121 1129 2
1131 1130 2
1859 1130 1
1030 1131 2
1032 1131 2
1113 1131 2
1781 1132 1
1133 1132 5
1136 1132 4
1134 1133 10
1656 1133 5
1172 1133 5
1153 1133 5
1842 1133 5
1135 1133 5
1317 1134 8
1632 1134 8
1133 1134 1
1190 1134 1
1350 1134 1
1135 1134 15
1631 1134 8
1764 1134 1
1231 1134 3
1132 1134 1
1299 1134 4
1291 1136 6
1842 1136 5
1859 1137 1
1138 1137 2
1113 1138 2
1030 1138 2
1032 1138 2
1459 1139 1
1141 1140 1
1027 1141 9
2309 1142 1
2312 1142 1
2746 1142 1
1845 1142 1
2643 1142 1
2119 1142 1
2286 1142 1
2586 1142 1
2504 1142 1
1287 1142 1
2186 1142 1
1527 1142 1
1036 1142 35
1140 1142 1
2541 1142 1
2512 1142 1
1833 1142 1
2352 1142 1
2377 1142 1
2017 1142 1
2289 1142 1
2345 1142 1
2381 1142 1
1935 1142 1
2540 1142 1
2142 1142 1
2790 1142 1
1147 1142 1
2162 1142 1
1320 1142 1
2342 1142 1
2518 1142 1
2529 1142 1
1812 1142 1
2275 1142 1
2442 1142 1
2286 1143 1
2352 1143 1
2529 1143 1
1144 1143 8
2790 1143 1
1833 1143 1
2289 1143 1
1140 1143 1
1350 1144 1
1025 1144 2
1141 1144 2
1190 1144 1
1299 1144 2
1694 1144 2
1397 1144 1
1148 1144 5
1796 1144 2
1567 1144 1
1327 1144 1
1797 1144 1
1798 1144 2
1800 1144 2
1795 1144 1
1528 1144 2
1802 1144 1
1185 1144 1
1793 1144 2
1558 1144 2
2645 1144 1
1394 1145 1
1762 1145 1
1833 1145 1
1283 1145 1
2365 1145 1
2162 1145 1
1287 1145 1
2325 1145 1
1300 1145 1
1140 1145 1
1345 1145 1
1426 1145 1
2504 1145 1
2499 1145 1
2369 1145 1
2088 1145 2
2234 1145 1
2275 1145 1
1812 1145 1
2023 1145 1
1654 1145 1
1093 1145 32
2186 1145 1
2681 1145 1
1566 1145 3
1225 1145 1
2286 1145 1
2142 1145 1
1566 1146 3
2668 1146 1
2669 1146 1
1608 1146 1
1036 1146 56
1909 1146 1
1145 1146 32
1270 1146 16
1398 1146 2
2451 1146 1
2752 1146 1
1148 1147 1
1350 1148 17
1239 1148 1
1036 1148 7
1147 1149 1
1144 1149 2
2017 1149 1
2119 1150 1
1144 1150 4
2442 1150 1
1147 1150 1
1389 1151 2
1150 1151 4
1147 1151 1
1093 1151 9
2186 1151 1
2586 1151 1
2765 1151 1
2189 1152 2
2190 1152 1
1147 1152 1
1266 1152 15
1153 1152 19
1036 1153 17
1314 1153 1
2097 1153 1
1148 1153 2
1133 1153 3
1135 1153 70
2100 1154 1
2604 1154 1
2460 1154 1
1036 1154 15
1147 1154 1
2733 1154 1
1538 1154 8
1147 1155 1
1153 1155 1
1147 1156 1
1157 1156 2
2181 1157 3
1148 1157 1
1387 1157 2
1144 1157 11
1100 1158 1
1160 1159 3
1456 1159 1
2458 1159 1
1355 1160 1
1178 1160 2
1605 1160 2
1354 1160 1
1796 1160 1
2019 1160 2
1397 1160 1
1353 1160 1
1799 1160 1
2124 1160 2
1163 1162 1
1185 1163 1
1026 1163 10
1165 1164 1
1249 1165 1
1026 1165 10
2529 1166 1
2352 1166 1
2479 1166 1
1027 1166 5
1164 1166 1
2098 1166 1
1168 1167 1
1101 1168 4
1167 1169 1
1574 1169 1
1170 1169 2
1135 1170 3
1575 1170 2
1168 1170 2
1173 1171 1
1696 1171 1
1172 1171 3
1175 1174 2
2486 1174 1
1221 1175 1
2075 1175 1
1030 1175 6
1031 1175 7
1174 1176 2
1031 1176 3
2050 1176 1
1178 1177 1
1443 1178 3
1177 1179 1
1178 1179 2
1066 1180 2
1179 1180 2
1182 1181 8
1179 1181 2
2133 1181 2
2125 1181 2
2027 1181 2
2121 1182 3
1605 1182 2
1036 1182 1
2124 1182 2
1537 1182 1
1178 1182 2
2019 1182 2
1525 1182 1
2458 1183 1
1748 1183 1
2027 1183 2
2077 1183 1
2133 1183 2
2568 1183 1
2125 1183 2
1160 1183 15
1179 1183 2
2381 1183 1
1456 1183 1
2352 1184 1
1183 1184 15
1185 1184 16
2381 1184 1
1573 1185 3
1160 1185 15
1802 1185 1
1796 1185 1
1036 1186 16
2541 1186 1
1183 1186 15
1188 1187 1
1227 1188 4
1190 1189 1
1848 1190 4
1148 1190 6
1939 1191 1
2396 1191 1
2321 1191 1
1189 1191 1
2159 1191 1
1192 1191 5
1293 1192 4
2393 1192 1
1190 1192 6
2321 1193 1
1192 1193 4
1189 1193 1
2159 1193 1
1939 1193 1
1189 1194 1
1195 1194 3
1200 1194 2
1201 1195 2
1190 1195 1
1259 1195 1
2302 1196 1
1258 1196 1
1194 1196 3
1195 1196 5
1192 1197 2
1189 1197 1
2321 1197 1
1189 1198 1
2698 1198 1
1939 1198 1
1199 1198 6
1745 1198 5
1026 1199 10
2135 1199 1
1190 1199 4
1201 1200 2
1189 1200 1
1190 1201 1
1203 1202 3
1200 1202 2
1201 1203 2
1202 1204 3
1205 1204 4
1203 1205 3
1204 1206 4
1205 1206 4
1205 1207 3
1202 1207 3
1202 1208 3
1209 1208 3
1203 1209 3
1211 1210 3
1200 1210 2
1201 1211 2
1211 1212 5
1210 1212 3
1211 1213 5
1212 1213 5
1211 1214 5
1210 1214 3
1211 1215 4
1214 1215 4
1217 1216 1
2532 1217 1
1965 1218 2
1216 1218 1
1060 1218 4
2558 1219 1
1076 1219 6
1218 1219 4
1263 1220 14
1262 1220 1
1060 1220 24
1412 1220 10
1216 1220 1
1175 1221 7
1153 1222 2
2500 1222 1
1222 1223 2
1224 1223 2
1894 1224 3
1153 1224 9
1199 1225 1
1978 1226 4
1974 1226 8
1038 1227 4
1102 1227 9
1231 1230 3
1275 1230 2
1272 1230 1
1796 1231 1
1802 1231 1
1397 1231 1
1533 1231 2
1025 1231 1
1798 1231 1
1190 1231 2
1859 1231 1
1350 1231 1
1299 1231 1
1230 1232 3
1233 1232 4
1231 1233 3
2604 1234 1
1093 1234 14
1953 1234 1
2252 1234 4
2341 1234 1
1238 1234 1
1780 1234 1
1232 1234 4
2504 1234 1
1134 1235 3
1230 1235 3
1237 1236 3
1230 1236 3
1859 1237 1
1397 1237 2
1231 1237 3
1767 1237 2
1327 1237 3
1239 1238 1
1448 1239 3
1148 1240 1
1238 1240 1
1242 1241 1
2297 1243 1
1081 1243 3
2685 1243 1
1241 1243 1
1081 1244 1
1241 1244 1
1246 1245 1
1026 1246 10
2197 1246 1
1246 1247 2
2708 1247 1
1245 1247 1
1245 1248 1
2098 1248 1
2312 1248 1
2529 1248 1
1260 1248 1
2023 1248 1
1527 1248 1
2669 1248 1
2134 1248 1
2004 1248 1
2032 1248 1
2551 1248 1
2643 1248 1
2676 1248 1
1812 1248 1
1027 1248 17
1934 1248 1
2590 1248 1
1250 1249 10
1027 1250 11
1249 1250 1
2037 1250 2
1252 1251 1
1024 1252 5
2491 1253 1
1384 1253 1
1254 1253 1
1401 1253 1
1251 1253 1
1969 1253 6
1252 1254 1
1256 1255 3
1496 1255 1
1446 1255 4
1259 1258 1
1163 1260 1
2586 1261 1
1260 1261 1
1163 1261 2
1036 1262 13
2044 1262 5
1958 1262 1
1551 1262 1
1965 1262 2
2527 1262 1
1857 1262 2
2761 1262 1
2216 1263 2
1036 1263 14
2558 1263 1
1262 1263 12
1036 1264 15
1263 1264 14
1063 1265 16
1264 1265 15
1263 1266 14
1036 1266 15
2702 1267 1
1153 1267 16
1266 1267 15
2250 1268 1
1036 1268 16
2724 1268 1
1263 1268 14
1263 1269 14
1063 1269 14
1060 1270 16
1263 1270 14
1840 1270 1
1231 1272 1
2256 1273 1
2485 1273 1
1272 1273 1
1134 1273 4
2437 1274 1
2100 1274 1
1273 1274 4
2040 1274 1
1036 1274 9
1272 1275 1
1231 1275 2
1036 1276 1
1276 1277 1
1278 1277 1
1327 1278 1
1490 1278 1
2071 1278 2
1036 1278 3
2145 1278 4
1135 1278 2
1060 1279 1
2476 1280 2
2478 1280 2
1534 1280 2
1073 1280 9
1279 1280 1
2093 1280 2
2217 1280 2
2501 1280 1
2475 1280 2
2613 1281 1
1030 1281 64
1282 1281 65
1110 1282 14
1032 1282 67
1284 1283 1
1026 1284 10
1286 1285 3
1025 1287 1
1287 1288 1
1231 1288 5
1833 1288 1
2522 1288 1
2286 1288 1
2234 1288 1
2746 1289 1
2345 1289 1
2541 1289 1
1321 1289 2
2442 1289 1
1935 1289 1
2017 1289 1
1287 1289 1
1144 1289 9
1291 1290 2
2361 1290 1
1136 1291 2
1505 1291 5
1133 1291 3
2068 1292 1
1136 1292 3
1290 1292 2
1317 1293 2
1172 1293 5
2214 1294 1
1295 1294 5
2760 1294 1
2109 1295 2
1297 1296 5
1294 1296 5
1295 1297 5
1299 1298 1
1136 1299 4
1148 1299 6
1301 1300 1
1026 1301 10
2080 1302 1
2442 1302 1
2558 1302 1
1303 1302 5
2464 1302 1
1091 1303 1
1281 1303 48
2025 1303 1
1327 1303 1
2057 1303 5
1027 1303 1
2415 1304 4
1302 1304 5
1027 1304 7
1302 1305 5
2379 1305 1
1027 1305 7
1027 1306 7
2379 1306 1
1305 1306 7
1027 1307 7
1302 1307 5
2415 1307 4
1474 1308 1
1036 1308 2
1237 1309 1
1311 1310 1
1309 1310 1
1237 1311 1
1387 1311 3
2120 1311 3
1311 1312 1
1309 1312 1
1314 1313 5
1153 1314 5
1315 1314 12
1135 1314 11
1313 1314 1
1036 1314 5
1546 1314 1
1696 1314 1
1695 1314 1
1144 1319 2
1327 1319 1
1299 1320 1
1320 1321 1
1144 1321 2
1144 1322 12
2586 1322 1
2442 1322 1
1814 1322 7
1320 1322 1
2312 1322 1
2287 1323 1
2533 1323 1
2348 1323 1
1324 1323 8
1320 1323 1
2661 1323 1
2587 1323 1
2626 1323 1
1281 1324 7
1299 1324 3
1355 1324 1
1951 1324 2
1148 1324 1
1397 1324 1
2039 1324 1
1327 1325 2
1326 1325 6
1325 1327 5
1099 1328 1
1328 1329 1
1099 1329 2
2515 1330 1
2450 1330 1
2766 1330 1
1100 1330 13
1831 1330 1
1329 1330 2
2576 1330 1
2745 1330 1
2687 1330 1
1963 1330 2
2665 1330 1
1329 1331 2
1099 1331 3
2665 1331 1
1333 1332 1
1029 1333 7
1332 1334 1
2452 1334 1
1971 1334 3
1974 1335 7
1334 1335 3
1741 1335 1
1399 1335 1
2303 1335 1
2452 1336 1
1337 1336 7
1335 1336 7
2231 1337 1
1974 1337 9
1596 1338 3
1337 1338 9
2452 1338 1
1335 1338 7
1577 1339 1
1335 1339 7
1583 1339 8
1974 1339 18
2051 1339 1
2169 1339 1
1335 1340 7
1337 1340 7
1342 1341 1
2350 1342 4
1102 1342 4
1105 1342 4
1403 1342 2
1256 1342 4
1024 1342 8
1435 1342 4
1344 1343 5
1341 1343 1
1431 1343 4
1342 1344 8
1256 1344 3
1447 1344 7
1346 1345 1
1026 1346 10
2347 1346 1
1349 1348 1
1347 1348 9
1347 1349 9
1347 1350 20
1350 1351 5
1148 1352 12
1352 1353 7
1352 1354 7
1352 1355 7
1160 1355 2
2094 1355 1
1157 1356 4
2630 1356 1
1390 1356 1
1156 1356 1
1358 1357 4
1356 1357 4
1157 1358 4
1358 1359 4
1356 1359 4
1358 1360 4
1356 1360 4
1356 1361 4
1358 1361 4
1137 1362 1
1252 1363 1
1363 1364 1
2232 1364 1
2747 1364 1
1024 1364 6
2439 1364 1
2492 1364 1
2757 1364 1
1363 1365 1
1969 1365 5
2696 1365 1
2687 1365 1
2515 1365 1
2193 1366 1
1367 1366 2
1368 1367 2
1921 1369 1
2071 1369 1
1370 1369 2
1469 1369 2
1083 1371 21
1299 1372 2
1373 1372 5
1374 1373 10
1299 1374 2
1376 1375 2
1657 1375 1
2132 1376 1
1102 1376 3
1492 1376 2
2602 1377 1
1375 1377 2
1378 1377 3
1376 1378 5
1102 1378 3
1492 1378 2
1375 1379 2
1661 1379 3
1378 1379 4
1378 1380 3
1898 1380 1
1375 1380 2
1657 1380 1
1859 1381 1
1382 1381 2
1113 1382 2
1032 1382 2
1030 1382 2
1121 1383 4
1385 1384 1
1024 1385 5
1387 1386 1
1964 1387 3
2686 1388 1
1386 1388 1
2331 1388 1
1387 1388 3
1387 1389 2
1386 1389 1
1157 1390 3
1389 1390 2
2331 1391 1
1907 1391 1
2686 1391 1
2704 1391 1
1386 1391 1
1036 1391 7
2337 1391 1
2054 1391 1
1386 1392 1
2331 1392 1
1311 1392 3
2686 1392 1
1026 1393 10
1185 1393 1
1395 1394 1
1027 1395 9
2194 1395 1
1397 1396 1
1558 1397 1
2246 1397 3
1788 1397 2
1410 1397 4
1281 1397 7
1397 1398 2
1396 1398 1
1400 1399 1
1385 1401 1
1701 1402 1
1403 1402 2
1344 1403 4
1342 1403 3
1402 1404 2
1701 1404 1
1403 1404 3
1404 1405 3
2577 1405 1
1433 1405 4
1406 1405 10
2418 1405 1
2188 1405 1
1778 1406 1
1342 1406 1
1435 1406 1
1403 1406 6
2577 1407 1
1405 1407 10
2735 1407 1
1752 1407 1
2641 1407 1
1728 1407 1
1408 1407 16
2383 1407 1
2784 1407 1
1410 1408 8
1753 1408 1
1778 1408 1
1506 1408 14
1349 1408 2
1507 1408 13
1954 1408 1
1406 1408 10
1348 1408 1
1105 1408 8
1130 1408 1
1410 1409 11
1405 1409 10
2784 1409 1
1778 1410 1
1348 1410 1
1954 1410 1
1406 1410 10
1349 1410 2
1408 1410 1
1130 1410 1
1753 1410 1
1136 1411 4
2572 1412 2
1535 1412 7
1083 1412 10
1412 1413 10
1690 1413 1
1948 1413 1
1083 1413 21
2093 1413 2
1542 1413 12
1542 1414 12
1083 1414 21
2434 1414 1
2093 1414 2
1412 1414 10
1414 1415 21
1371 1415 21
1414 1416 21
1371 1416 21
1414 1417 21
1371 1417 21
1859 1418 1
1419 1418 2
1723 1418 1
1113 1419 2
1030 1419 2
1032 1419 2
1135 1420 3
1422 1421 1
1299 1421 2
1424 1423 1
1091 1424 9
1566 1425 3
1093 1425 5
1423 1425 1
1427 1426 1
1026 1427 10
1429 1428 6
2033 1428 5
1426 1428 1
2032 1428 1
2400 1429 1
1093 1429 3
2194 1429 1
1427 1429 2
1403 1430 2
2021 1430 1
1430 1431 2
1342 1431 4
1701 1431 1
2188 1432 1
1431 1432 4
1342 1432 5
1701 1433 1
1430 1433 2
1403 1433 4
1433 1434 4
1435 1434 4
1130 1435 1
1349 1435 7
1403 1435 6
1348 1435 6
1778 1435 1
1720 1435 5
1406 1435 5
1408 1435 9
1496 1435 6
1437 1435 5
1437 1436 5
1433 1436 4
2577 1436 1
1435 1437 4
1446 1437 3
1349 1437 1
1778 1437 1
1403 1437 5
2757 1438 1
1433 1438 4
2577 1438 1
1430 1438 2
1704 1438 2
1032 1438 7
1433 1439 4
1406 1439 4
1102 1440 3
1442 1441 1
1859 1442 1
1712 1442 2
1373 1444 5
1373 1445 5
1344 1446 4
1342 1446 2
1450 1449 1
2288 1451 2
1452 1451 10
2045 1451 2
2044 1451 5
1449 1451 1
1060 1452 5
2625 1452 1
1450 1452 1
2046 1452 2
1285 1452 2
1422 1453 1
1144 1453 11
1455 1454 1
1809 1455 2
1859 1455 1
1354 1456 1
1564 1457 1
2061 1457 3
2628 1457 2
2077 1457 1
2458 1457 1
2024 1457 1
2100 1457 1
2569 1457 1
1939 1457 1
1739 1457 3
1036 1457 18
1456 1457 1
2540 1457 1
2454 1457 2
1148 1458 1
1937 1460 1
1026 1460 10
1845 1461 1
1134 1461 2
1461 1462 2
1134 1462 2
1464 1463 1
2322 1465 1
1463 1465 1
1466 1465 4
2022 1465 1
1464 1466 3
1473 1466 3
1468 1467 3
1397 1467 1
1468 1469 3
2366 1469 1
1369 1469 4
1471 1470 7
1099 1471 8
1822 1472 1
1473 1472 3
1475 1474 1
1532 1475 2
2318 1475 1
1063 1476 1
1474 1476 1
1063 1477 2
1474 1477 1
1063 1478 2
1477 1478 2
1063 1479 1
1474 1479 1
1481 1480 3
1976 1482 4
2644 1483 1
1484 1483 7
2043 1483 2
2741 1483 1
2505 1483 1
1554 1483 1
1921 1484 2
2435 1484 5
1060 1484 1
2025 1484 3
1484 1485 9
1483 1485 7
2505 1485 1
1483 1486 7
1485 1486 9
1484 1486 10
1486 1487 10
1926 1487 7
1484 1487 16
2307 1487 4
1923 1488 8
1486 1488 10
1484 1488 16
2307 1488 4
1490 1489 1
1278 1490 1
1964 1490 3
2167 1490 3
1278 1491 1
1489 1491 1
1493 1492 4
1228 1493 16
1714 1493 9
1901 1493 1
2034 1493 1
1635 1493 1
2180 1493 1
1492 1493 1
1024 1494 5
1024 1495 5
1024 1496 10
1024 1497 5
1214 1498 1
1211 1498 2
1498 1499 2
1211 1499 2
1501 1500 1
1099 1501 6
1101 1502 12
2392 1502 1
2495 1502 1
2173 1502 2
2215 1502 1
2031 1502 1
2611 1502 1
2665 1502 1
1500 1502 1
2422 1502 1
2588 1502 1
1101 1503 12
1502 1503 12
2171 1504 1
1505 1504 3
1397 1506 5
1949 1508 2
1508 1509 4
1508 1510 6
1584 1511 2
1144 1511 3
1511 1512 3
1157 1512 8
1591 1512 3
2642 1512 2
1999 1512 2
1592 1513 6
1157 1513 9
1512 1513 8
1157 1514 6
2642 1514 2
1591 1514 3
1511 1514 3
2672 1515 2
1585 1515 3
2642 1515 2
1511 1515 3
1999 1515 2
1591 1515 3
2463 1515 2
1453 1515 11
1593 1515 3
1511 1516 3
2642 1516 2
1591 1516 3
1453 1516 8
1999 1516 2
1453 1517 13
1516 1517 8
1590 1517 8
2642 1518 2
1511 1518 3
1999 1518 2
2672 1518 2
1585 1518 3
2463 1518 2
1453 1518 12
1591 1518 3
1593 1518 3
1464 1520 1
1192 1521 1
1521 1522 1
1192 1522 1
1192 1523 1
1521 1523 1
1192 1524 1
1521 1524 1
1526 1525 4
1447 1526 11
1528 1527 1
1027 1528 9
1527 1529 1
2275 1529 1
1144 1529 3
1144 1530 4
1529 1530 3
2669 1531 1
2006 1531 2
1566 1531 3
2134 1531 1
2032 1531 1
2536 1531 1
2529 1531 1
2023 1531 1
2554 1531 1
1833 1531 1
2381 1531 1
2676 1531 1
2551 1531 1
1934 1531 1
2352 1531 1
2088 1531 2
2617 1531 1
1527 1531 1
2681 1531 1
2009 1531 2
1093 1531 28
2312 1531 1
1812 1531 1
2643 1531 1
1859 1532 2
1032 1533 2
1113 1533 2
1030 1533 2
1060 1534 2
2466 1534 1
1083 1535 7
2598 1535 1
1551 1535 1
2093 1535 2
2725 1535 1
1534 1535 2
1537 1536 1
1526 1537 4
2125 1538 2
2133 1538 2
2027 1538 2
1182 1538 8
1536 1538 1
1182 1539 2
1536 1539 1
2436 1539 1
2476 1540 2
1083 1540 3
2161 1541 3
1670 1541 5
1083 1541 11
1669 1541 5
1540 1541 3
2161 1542 3
1670 1542 5
1669 1542 5
1083 1542 12
1540 1542 3
1083 1543 12
1542 1543 12
2235 1545 3
1544 1545 3
1314 1546 5
1548 1547 1
2131 1548 3
2517 1549 1
2055 1549 1
1548 1549 5
2607 1549 1
1547 1549 1
1249 1550 1
1552 1551 1
1859 1552 1
1731 1552 2
1551 1553 1
2442 1553 1
2229 1553 1
1036 1553 3
1857 1554 2
1965 1554 2
1060 1554 13
2044 1554 5
1551 1554 1
1958 1554 1
1556 1554 2
2230 1555 3
2442 1555 1
1856 1555 1
1036 1555 6
2229 1555 1
1551 1555 1
1551 1556 1
1083 1556 2
1556 1557 2
2069 1557 1
1083 1557 5
2612 1557 1
1560 1558 1
1559 1558 2
1859 1558 1
1397 1558 1
1032 1559 2
1113 1559 2
1030 1559 2
1342 1561 1
1561 1562 1
1446 1562 2
2682 1563 1
1255 1563 3
1562 1563 2
1192 1564 1
1026 1565 1
1565 1566 1
1026 1566 3
2608 1566 1
1568 1567 3
1342 1569 1
1403 1570 2
1569 1570 1
1570 1571 2
2577 1571 1
1435 1571 3
1256 1572 3
1575 1574 1
1100 1575 5
1102 1576 3
1271 1576 1
2596 1576 1
2248 1576 1
1400 1577 1
1579 1578 1
1578 1580 1
1581 1580 2
1029 1581 7
1579 1581 1
1971 1582 4
1580 1582 2
2304 1582 1
2394 1583 1
2483 1583 1
1582 1583 4
2564 1583 1
1106 1583 8
2442 1584 1
1144 1584 2
1584 1585 2
1144 1585 3
2463 1586 2
1585 1586 3
1157 1586 6
1586 1587 6
1588 1587 8
1157 1587 9
1593 1588 3
2463 1588 2
2672 1588 2
1585 1588 3
1157 1588 8
1593 1589 3
1585 1589 3
2672 1589 2
1157 1589 6
2463 1590 2
1593 1590 3
1585 1590 3
1453 1590 8
2672 1590 2
1144 1591 3
1584 1591 2
1999 1592 2
1591 1592 3
1157 1592 6
1584 1593 2
1144 1593 3
1594 1595 1
2298 1595 2
1370 1595 1
2347 1595 1
1974 1596 3
2601 1596 1
1741 1596 1
1596 1597 3
2169 1597 1
2395 1597 3
1974 1597 8
1226 1598 8
1597 1598 8
1596 1599 3
1337 1599 3
1091 1600 2
2742 1600 1
1091 1601 2
1600 1601 2
2742 1601 1
1408 1602 5
1317 1602 1
1408 1603 5
1604 1605 3
1497 1606 1
2520 1607 1
1497 1607 2
1606 1607 1
1313 1608 1
1608 1609 1
1610 1609 1
1313 1610 1
1172 1610 3
1608 1611 1
1909 1611 1
2752 1611 1
2589 1611 1
1314 1611 5
2185 1612 1
2439 1612 1
1971 1612 12
2166 1612 3
2747 1612 1
1611 1612 5
1971 1613 13
1612 1613 12
1613 1614 13
1971 1614 14
1971 1615 15
1614 1615 14
1110 1616 16
1615 1616 15
1616 1617 16
1110 1617 17
1617 1618 17
1110 1618 17
1971 1619 15
1614 1619 14
1106 1620 16
1619 1620 15
1106 1621 17
1620 1621 16
1106 1622 18
1621 1622 17
2675 1623 1
1622 1623 18
1626 1623 15
1974 1623 21
1974 1624 22
1623 1624 21
1624 1625 22
1974 1625 22
1614 1626 14
1971 1626 15
1103 1627 1
1036 1628 2
2540 1628 1
1627 1628 1
1627 1629 1
1036 1629 2
1190 1630 1
2442 1633 1
1237 1633 4
2390 1633 2
1643 1633 2
1635 1634 1
1493 1635 7
1900 1636 1
1493 1636 5
2482 1636 1
2273 1636 1
2565 1636 1
1634 1636 1
1038 1637 2
2751 1637 1
2206 1638 2
1971 1638 9
2612 1638 1
1637 1638 2
2182 1638 2
2657 1638 1
1110 1639 12
2680 1639 1
2603 1639 1
1638 1639 9
1282 1640 12
1639 1640 12
1282 1641 12
1639 1641 12
1397 1642 1
1327 1643 2
2442 1643 1
2484 1644 1
2442 1644 1
1643 1644 2
1237 1644 3
2442 1645 1
1643 1645 2
1325 1645 2
1647 1646 1
2267 1647 1
2266 1647 3
1647 1648 1
1646 1648 1
1647 1649 1
1646 1649 1
1647 1650 1
1646 1650 1
1646 1651 1
1647 1651 1
1647 1652 1
1646 1652 1
1646 1653 1
1647 1653 1
1655 1654 1
1026 1655 10
1492 1657 1
1376 1658 1
1657 1658 1
1657 1659 1
1492 1659 1
1657 1660 1
1898 1660 1
1492 1660 2
1657 1661 1
1376 1661 3
1898 1661 1
1657 1662 1
1376 1662 1
1657 1663 1
1492 1663 1
1657 1664 1
1376 1664 1
1376 1665 2
1657 1665 1
2271 1665 1
1667 1666 1
1102 1667 3
2629 1668 1
2572 1668 2
1083 1668 4
1668 1669 4
1083 1669 5
1083 1670 5
1668 1670 4
1672 1671 1
1172 1672 3
1494 1672 3
1671 1673 1
1672 1673 1
1671 1674 1
1672 1674 1
1091 1675 9
1490 1679 1
1099 1680 6
1099 1681 6
1099 1682 6
1099 1683 6
2152 1683 1
1098 1684 7
1098 1685 7
1250 1686 1
1250 1687 1
1686 1687 1
2281 1688 1
1250 1688 2
1686 1688 1
1686 1689 1
1250 1689 2
2479 1689 1
1115 1690 1
1060 1691 1
1102 1692 3
2173 1693 2
1100 1693 4
1027 1694 9
1314 1695 5
1314 1696 5
1699 1697 1
1817 1697 7
1315 1697 8
1036 1697 3
1698 1697 1
1697 1698 5
1697 1699 5
2002 1700 1
2135 1700 1
1366 1700 1
1026 1700 10
1342 1701 1
2188 1702 1
1342 1702 2
1701 1702 1
1344 1703 1
1701 1703 1
1446 1704 2
1701 1704 1
1704 1705 2
1437 1705 3
2577 1705 1
1255 1706 2
1704 1706 2
2240 1707 1
1708 1707 3
1700 1709 1
1397 1710 1
1087 1711 1
1076 1711 3
1710 1711 1
1030 1712 2
1113 1712 2
1032 1712 2
1049 1713 4
1751 1713 1
2706 1715 1
2610 1715 1
2116 1715 1
2751 1715 1
1716 1715 9
2670 1715 1
2594 1715 1
1708 1716 3
1889 1716 1
1282 1716 5
1435 1717 2
2735 1717 1
1717 1718 2
1437 1718 2
1720 1719 3
2577 1719 1
1717 1719 2
1437 1720 6
1435 1720 2
1778 1720 1
2558 1721 1
1076 1721 2
1723 1722 1
1722 1724 1
1418 1724 1
1397 1725 1
1725 1726 1
1727 1726 1
1397 1727 1
1026 1727 10
1349 1728 1
1728 1729 1
1410 1729 1
1348 1730 1
1728 1730 1
1030 1731 2
1032 1731 2
1113 1731 2
1733 1732 2
2277 1732 1
2603 1734 1
1110 1734 3
2711 1734 1
1734 1735 3
1282 1735 3
2194 1736 1
1026 1736 10
1738 1737 1
2181 1738 1
1794 1738 2
1172 1738 3
2624 1739 1
1738 1739 3
1737 1739 1
2077 1740 1
1160 1740 2
1400 1741 1
1490 1742 1
1744 1743 2
1742 1743 1
1490 1744 1
2396 1745 1
2698 1745 1
1939 1745 1
2159 1745 1
1199 1745 5
1060 1746 2
2404 1746 1
1076 1747 3
1746 1747 2
1397 1748 1
1748 1749 1
1160 1749 2
1160 1750 1
1748 1750 1
1753 1752 1
1859 1753 1
2163 1753 2
1752 1754 1
1410 1754 1
1410 1755 1
1752 1755 1
2735 1756 1
1752 1756 1
2641 1756 1
2577 1756 1
1410 1756 4
1752 1757 1
1758 1757 1
1753 1758 1
1758 1759 1
1752 1759 1
1752 1760 1
1410 1760 1
1752 1761 1
1410 1761 1
1246 1762 1
1764 1763 1
1133 1764 5
1134 1765 5
2460 1765 1
2604 1765 1
2733 1765 1
2086 1765 1
1763 1765 1
1418 1766 1
1030 1767 2
1113 1767 2
1032 1767 2
1770 1768 1
1769 1768 3
1510 1771 2
1558 1772 1
1026 1773 10
1826 1773 1
1859 1774 1
1775 1774 2
1030 1775 4
1032 1775 4
1113 1775 4
1299 1776 2
2733 1776 1
1374 1777 2
1776 1777 2
1859 1778 1
1779 1778 2
1113 1779 2
1032 1779 2
1030 1779 2
1137 1780 1
1783 1782 1
1859 1783 1
1830 1783 2
1782 1784 1
1041 1784 1
1316 1785 1
1029 1786 4
1029 1787 4
2205 1788 1
1029 1788 7
1028 1789 8
1091 1790 9
1091 1791 9
1091 1792 9
1027 1793 9
1027 1794 9
1027 1795 9
1800 1795 1
1026 1796 12
2108 1796 2
1796 1797 11
1026 1798 10
1026 1799 10
1026 1800 10
1026 1801 10
1026 1802 10
1160 1802 1
1025 1802 1
1800 1802 1
1028 1803 8
1028 1804 8
2362 1805 2
2189 1805 2
1153 1805 6
2040 1805 1
2314 1806 1
1224 1806 8
1805 1806 6
2041 1806 6
1291 1807 1
1136 1808 2
1807 1808 1
2519 1808 1
1030 1809 2
1032 1809 2
1113 1809 2
2012 1810 3
1081 1810 4
1810 1811 4
1081 1811 4
1793 1812 1
2162 1813 1
1144 1813 3
1812 1813 1
2643 1814 1
1813 1814 3
2381 1814 1
1144 1814 7
2142 1814 1
1794 1815 1
1738 1816 2
1815 1816 1
2775 1816 1
1368 1818 2
1821 1820 2
1859 1820 1
1113 1821 2
1030 1821 2
1032 1821 2
1030 1823 2
1113 1823 2
1032 1823 2
2612 1824 1
2069 1824 1
1083 1824 3
1826 1825 1
2113 1826 2
2193 1826 1
2676 1827 1
1773 1827 2
1825 1827 1
1829 1828 3
1113 1830 2
1030 1830 2
1032 1830 2
1098 1831 1
1831 1832 1
1098 1832 1
1796 1833 1
1093 1834 1
1833 1834 1
1833 1835 1
2382 1835 2
2088 1835 2
1839 1835 2
1093 1835 6
1833 1836 1
1093 1836 2
2381 1836 1
2193 1837 1
1838 1837 2
1368 1838 2
2381 1839 1
1093 1839 2
1351 1840 1
1842 1841 1
1136 1842 1
1291 1842 4
1133 1843 5
1841 1843 1
2367 1843 1
2519 1843 1
2689 1843 1
2068 1843 1
1841 1844 1
2371 1844 1
1136 1844 2
1190 1845 1
1845 1846 1
1192 1846 2
1848 1847 2
1846 1847 2
1192 1848 2
1848 1849 2
1846 1849 2
1848 1850 2
1846 1850 2
1848 1851 2
1846 1851 2
1846 1852 2
1848 1852 2
2512 1853 1
2186 1853 1
1144 1853 9
2504 1853 1
2377 1853 1
2309 1853 1
2381 1853 1
1845 1853 1
2529 1853 1
2643 1853 1
1231 1854 4
1939 1854 1
2345 1854 1
1845 1854 1
2512 1854 1
1845 1855 1
1134 1855 1
1036 1856 1
1418 1857 2
2466 1857 1
1031 1858 2
1113 1859 11
1032 1859 10
1030 1859 10
1859 1860 4
1859 1861 4
1859 1862 4
1859 1863 4
1859 1864 4
1859 1865 4
1859 1866 4
1859 1867 4
1859 1868 4
1859 1869 4
1859 1870 4
1859 1871 4
1859 1872 4
1859 1873 4
1859 1874 4
1859 1875 4
1859 1876 4
1859 1877 4
1859 1878 4
1859 1879 4
1859 1880 4
1859 1881 4
1859 1882 4
1859 1883 4
1859 1884 4
1884 1885 4
2318 1885 1
2318 1886 1
1884 1886 4
1859 1887 4
1859 1888 4
1153 1889 1
1224 1889 1
2401 1889 2
1281 1889 8
1271 1890 1
1473 1890 3
1892 1891 2
1859 1891 1
1032 1892 2
1030 1892 2
1113 1892 2
1894 1893 1
1494 1893 1
1135 1893 3
1368 1895 2
1575 1896 1
1170 1897 2
1896 1897 1
2244 1897 1
1492 1898 1
1172 1899 3
1546 1899 1
1901 1900 1
1493 1901 4
1900 1902 1
1901 1902 1
1904 1903 1
1903 1905 1
1906 1905 2
1473 1906 3
1904 1906 1
1387 1907 1
2543 1908 1
1055 1908 2
1696 1909 1
1171 1910 1
1909 1910 1
1909 1911 1
2038 1911 1
1171 1911 2
1227 1912 4
1139 1913 1
1913 1914 1
1139 1914 1
1139 1915 1
1913 1915 1
1913 1916 1
1918 1916 4
1139 1916 4
1913 1917 1
2546 1917 1
1139 1917 3
1139 1918 4
1917 1918 3
1913 1918 1
1139 1919 1
1913 1919 1
1921 1920 2
2758 1920 1
1369 1921 4
1920 1922 2
1554 1922 1
2480 1922 2
1484 1922 7
2043 1922 2
2558 1922 1
1484 1923 8
1922 1923 7
1484 1924 10
1923 1924 8
1926 1924 7
1484 1925 8
1923 1925 8
1484 1926 7
2490 1926 1
1554 1926 1
2043 1926 2
1920 1926 2
1484 1927 7
1926 1927 7
1921 1928 2
1920 1928 2
1921 1929 2
1920 1929 2
1920 1930 2
1921 1930 2
1060 1931 1
1291 1932 1
2689 1933 1
1136 1933 2
1932 1933 1
1284 1934 1
1148 1935 1
1036 1936 3
2323 1936 2
1935 1936 1
2412 1937 2
1859 1937 1
1938 1937 2
1030 1938 2
1113 1938 2
1032 1938 2
1190 1939 1
1939 1940 1
1192 1940 1
1192 1941 1
1939 1941 1
1939 1942 1
1192 1942 3
2321 1942 1
2159 1942 1
1160 1943 1
1802 1944 2
2352 1944 1
1943 1944 1
1943 1945 1
2381 1945 1
1160 1945 4
1768 1946 1
1115 1948 1
1060 1949 1
1951 1950 1
2666 1951 3
1950 1952 1
1324 1952 3
2332 1952 1
2403 1952 1
1635 1953 1
1859 1954 1
1955 1954 2
1032 1955 2
1113 1955 2
1030 1955 2
1028 1956 1
1473 1957 3
1397 1958 1
1221 1959 1
1175 1960 2
1959 1960 1
2486 1960 1
1682 1961 1
1682 1962 1
1961 1962 1
1961 1963 1
1682 1963 2
1060 1965 2
2527 1965 1
1967 1966 1
1024 1967 5
1363 1968 1
1969 1968 6
2492 1968 1
2766 1968 1
1966 1968 1
2602 1968 1
1376 1969 1
1683 1969 1
1385 1969 3
1471 1969 1
1682 1969 1
1252 1969 3
1575 1969 1
1967 1969 2
1971 1970 217
2422 1970 1
2543 1970 1
1629 1970 2
2342 1970 1
1527 1970 1
2772 1970 1
2410 1970 1
2392 1970 1
2232 1970 1
1654 1970 1
2747 1970 1
1309 1970 1
1300 1970 1
2493 1970 1
2465 1970 1
1287 1970 1
2381 1970 1
2460 1970 1
1780 1970 1
1225 1970 1
2442 1970 1
2746 1970 1
1423 1970 1
1052 1970 1
2662 1970 1
1643 1970 2
2771 1970 1
2656 1970 1
1441 1970 1
1934 1970 1
1322 1970 12
2565 1970 1
2249 1970 2
1709 1970 1
2550 1970 2
1260 1970 1
2482 1970 1
2643 1970 1
1549 1970 1
1908 1970 2
2032 1970 1
2720 1970 1
2289 1970 1
1556 1970 2
2698 1970 1
2560 1970 1
1140 1970 1
1812 1970 1
1162 1970 1
2377 1970 1
2572 1970 2
2694 1970 1
2069 1970 1
2681 1970 1
2144 1970 1
2087 1970 2
1143 1970 8
2352 1970 1
2499 1970 1
2088 1970 2
1394 1970 1
2650 1970 2
1997 1970 2
1943 1970 1
2715 1970 1
1611 1970 5
1426 1970 1
2529 1970 1
2198 1970 1
1905 1970 2
1833 1970 1
1965 1970 2
2651 1970 1
1725 1970 1
1283 1970 1
2098 1970 1
1189 1970 1
2326 1970 1
2134 1970 1
1856 1970 1
2725 1970 1
2323 1970 2
2590 1970 1
2036 1970 4
2215 1970 1
2551 1970 1
1084 1970 23
2540 1970 1
2230 1970 3
2142 1970 1
1147 1970 1
2617 1970 1
1749 1970 2
2660 1970 1
1159 1970 3
2186 1970 1
2001 1970 1
2495 1970 1
2166 1970 3
2044 1970 5
1814 1970 7
2558 1970 1
2454 1970 2
2299 1970 1
1679 1970 1
1550 1970 1
1458 1970 1
2636 1970 1
1857 1970 2
2541 1970 1
1935 1970 1
1187 1970 1
2728 1970 1
1401 1970 1
2761 1970 1
1715 1970 9
2561 1970 1
2074 1970 2
2733 1970 1
1054 1970 1
2275 1970 1
1254 1970 1
1840 1970 1
2528 1970 1
1375 1970 2
2671 1970 1
1966 1970 1
2575 1970 1
2312 1970 1
2624 1970 1
1518 1970 12
1740 1970 2
2369 1970 1
1657 1970 1
1530 1970 4
2441 1970 1
1958 1970 1
2365 1970 1
2553 1970 2
2655 1970 1
2669 1970 1
1263 1970 14
2162 1970 1
2229 1970 1
2554 1970 1
2790 1970 1
1554 1970 1
1939 1970 1
1465 1970 4
1055 1971 3
1190 1971 2
1418 1971 2
1528 1971 2
1030 1971 23
2158 1971 2
2199 1971 1
1083 1971 4
1249 1971 2
1713 1971 1
1421 1971 2
1053 1971 1
1217 1971 1
1575 1971 1
2613 1971 1
1655 1971 2
1385 1971 1
1683 1971 1
1036 1971 20
2002 1971 1
1163 1971 2
1453 1971 12
1545 1971 4
1738 1971 1
1397 1971 3
1635 1971 1
1890 1971 2
1736 1971 2
1490 1971 2
1333 1971 1
1144 1971 26
2135 1971 2
2195 1971 1
1492 1971 2
1967 1971 2
1697 1971 3
1802 1971 1
1301 1971 2
1798 1971 1
1801 1971 2
1548 1971 1
1694 1971 2
1472 1971 2
1442 1971 1
1667 1971 1
1048 1971 1
1038 1971 3
1132 1971 1
1346 1971 1
1684 1971 1
1284 1971 2
1497 1971 1
1372 1971 2
1906 1971 2
1427 1971 2
1495 1971 1
1581 1971 2
2076 1971 1
1526 1971 2
1475 1971 1
1796 1971 2
2034 1971 1
1788 1971 2
1466 1971 4
1327 1971 2
1558 1971 1
1800 1971 2
1188 1971 1
1793 1971 2
1060 1971 8
1455 1971 1
1351 1971 1
1494 1971 1
1314 1971 5
1199 1971 2
1682 1971 1
1675 1971 1
1820 1971 1
1376 1971 2
1342 1971 1
1141 1971 2
1567 1971 1
1025 1971 2
1366 1971 1
1393 1971 2
1424 1971 1
1252 1971 1
1097 1971 1
1395 1971 2
1957 1971 1
1237 1971 2
1047 1971 2
2231 1971 1
2025 1971 1
1148 1971 6
1160 1971 16
1792 1971 1
2194 1971 1
1168 1971 1
1716 1971 9
1700 1971 2
2284 1971 1
1685 1971 1
1137 1971 1
1504 1971 2
1299 1971 1
1974 1971 116
1105 1971 121
1106 1971 116
1110 1971 116
1970 1972 217
1637 1972 2
1971 1972 219
1577 1973 1
1972 1973 219
1974 1973 221
1400 1974 6
1971 1974 230
2203 1974 1
1109 1974 121
1106 1974 28
2229 1975 1
1177 1975 1
2735 1975 1
1054 1975 1
2637 1975 1
2767 1975 1
2270 1975 1
2539 1975 1
2405 1975 1
2681 1975 1
2664 1975 1
2111 1975 1
2342 1975 1
1973 1975 221
2677 1975 1
2772 1975 1
2466 1975 1
1309 1975 1
1441 1975 1
1782 1975 1
2566 1975 1
2451 1975 1
2518 1975 1
2123 1975 1
2186 1975 1
1752 1975 1
2725 1975 1
1298 1975 1
2558 1975 1
2577 1975 1
2001 1975 1
1976 1975 244
2641 1975 1
2423 1975 1
2527 1975 1
1780 1975 1
2771 1975 1
1272 1975 1
1627 1975 1
1551 1975 1
2085 1975 1
2410 1975 1
2417 1975 1
2050 1975 1
1946 1975 1
2586 1975 1
1558 1976 1
1480 1976 1
1605 1976 1
1163 1976 1
2284 1976 1
1792 1976 1
2083 1976 1
2124 1976 1
1246 1976 1
1424 1976 1
1381 1976 1
1395 1976 1
1141 1976 1
1727 1976 1
1803 1976 1
1185 1976 1
1655 1976 1
2141 1976 1
1190 1976 1
1778 1976 1
1753 1976 1
1346 1976 1
1106 1976 1
1891 1976 1
1552 1976 1
1137 1976 1
1791 1976 1
1103 1976 1
1567 1976 1
1299 1976 1
1475 1976 1
1954 1976 1
1460 1976 1
2019 1976 1
1237 1976 1
1366 1976 1
1442 1976 1
1937 1976 1
1820 1976 1
1790 1976 1
1284 1976 1
1675 1976 1
2135 1976 1
1455 1976 1
1231 1976 1
1798 1976 1
1130 1976 1
1801 1976 1
1178 1976 1
1055 1976 1
1783 1976 1
2025 1976 1
1418 1976 1
1393 1976 2
1826 1976 1
1694 1976 1
1249 1976 1
1793 1976 1
1768 1976 1
1427 1976 1
1773 1976 1
1974 1976 221
2295 1976 1
2002 1976 1
1239 1976 1
1133 1976 1
1058 1976 1
2194 1976 1
2196 1976 1
1973 1977 221
1978 1977 221
1974 1978 221
2491 1979 1
1251 1979 1
1384 1979 1
1966 1979 1
1254 1979 1
1024 1979 6
1401 1979 1
1060 1994 3
1965 1994 2
2207 1995 5
1994 1995 3
1996 1995 8
1060 1996 8
1472 1997 2
2035 1997 1
1368 1998 2
2673 1999 1
1144 1999 2
1381 2000 1
2002 2001 1
2193 2002 1
1998 2002 2
1700 2003 3
2410 2003 1
2772 2003 1
2001 2003 1
1249 2004 1
1250 2005 1
2004 2005 1
2004 2006 1
1025 2006 2
2004 2007 1
1249 2007 2
1635 2008 1
2008 2009 1
1635 2009 2
1242 2010 1
2010 2011 1
1081 2011 2
1081 2012 3
2011 2012 2
1081 2013 3
2012 2013 3
1081 2014 4
2012 2014 3
1081 2015 5
2014 2015 4
1081 2016 5
2015 2016 5
1558 2017 1
1397 2018 1
2017 2018 1
2020 2019 3
1342 2021 1
1464 2022 1
1460 2023 1
1034 2024 1
2026 2025 2
1859 2025 1
1397 2025 1
1032 2026 2
1030 2026 2
1113 2026 2
1605 2027 2
2677 2027 1
2027 2028 2
1066 2028 2
2002 2029 1
2029 2030 1
1066 2030 1
1471 2031 1
1427 2032 1
2732 2033 1
1429 2033 5
2528 2033 1
2399 2033 1
2032 2033 1
1493 2034 4
1822 2035 1
2667 2036 1
1545 2036 4
2764 2036 1
2276 2036 1
1171 2038 1
1324 2039 1
1148 2040 1
2040 2041 1
1153 2041 6
2189 2041 2
2362 2041 2
1822 2042 1
2558 2043 1
2025 2043 2
1060 2044 5
2761 2044 1
2291 2044 2
2043 2044 2
2046 2045 2
2045 2045 1
2048 2047 2
2045 2047 2
2046 2048 2
2046 2049 1
2045 2049 1
1106 2050 1
1400 2051 1
2073 2052 1
1526 2052 2
2052 2053 1
1526 2053 2
2073 2053 1
1387 2054 1
1548 2055 1
2057 2056 1
1303 2058 2
2056 2058 1
1738 2059 2
2627 2059 1
1738 2060 2
2059 2060 2
1738 2061 3
2059 2061 2
1738 2062 3
2061 2062 3
1369 2063 4
2202 2063 1
2459 2063 1
2770 2063 1
2063 2064 4
1369 2064 4
1469 2065 4
2063 2065 4
2063 2066 4
1369 2066 4
1842 2068 1
1667 2069 1
2071 2070 1
1102 2071 5
2168 2071 3
1635 2071 3
2070 2072 1
1369 2072 1
1526 2073 1
1526 2074 2
2073 2074 1
1227 2076 4
1799 2077 1
1408 2078 1
1410 2079 1
2078 2079 1
2057 2080 1
2695 2081 1
2414 2081 1
2379 2081 1
1303 2081 5
2080 2081 1
2464 2081 1
2083 2082 2
2417 2082 1
2243 2083 2
1859 2083 1
2082 2084 1
2083 2084 1
1190 2085 1
1299 2086 1
2086 2087 1
1421 2087 2
1372 2088 2
2086 2088 1
1093 2089 2
2088 2089 2
2088 2090 2
1093 2090 2
1093 2091 2
2088 2091 2
2506 2092 1
1397 2092 2
2466 2093 1
1060 2093 2
2095 2094 2
2318 2094 1
1859 2095 2
2097 2096 1
1135 2097 3
1393 2098 1
1393 2099 3
2098 2099 1
2586 2099 1
2590 2099 1
1738 2100 1
1134 2101 4
1672 2102 1
1672 2103 1
2102 2103 1
2102 2104 1
1672 2104 1
1672 2105 1
2102 2105 1
2102 2106 1
2107 2106 1
1672 2107 1
2110 2109 3
1133 2111 1
2111 2112 1
1133 2112 1
1368 2113 2
2115 2114 2
2193 2114 1
1368 2115 2
1716 2116 1
1172 2117 3
1397 2119 1
1032 2122 2
1030 2122 2
1113 2122 2
2124 2123 1
2498 2124 3
2124 2125 2
2123 2125 1
1066 2126 2
2125 2126 2
1066 2127 2
2125 2127 2
1066 2128 2
2125 2128 2
1469 2129 1
1066 2130 1
1102 2132 3
2423 2133 1
2019 2133 2
1395 2134 1
1895 2135 2
2193 2135 1
1751 2136 1
1713 2137 1
2136 2137 1
2136 2138 1
1713 2138 1
2136 2139 1
1713 2139 1
2141 2140 1
2122 2141 2
1859 2141 1
1694 2142 1
2142 2143 1
1036 2143 2
2312 2143 1
1736 2144 1
1727 2146 2
2148 2147 3
2452 2147 1
1519 2148 1
2231 2148 1
2148 2149 4
2783 2149 1
2147 2149 3
2151 2150 1
1446 2153 1
1437 2154 4
2153 2154 1
2389 2154 2
2784 2154 1
2156 2155 3
1397 2157 1
1505 2158 3
2269 2158 1
1190 2159 1
1192 2160 2
2396 2160 1
2159 2160 1
1083 2161 3
2478 2161 2
1528 2162 1
1032 2163 2
1113 2163 2
1030 2163 2
1698 2164 1
1697 2165 4
2789 2165 1
2258 2165 1
2164 2165 1
2294 2165 1
2258 2166 1
2164 2166 1
1697 2166 3
1102 2168 6
1400 2169 1
2171 2170 1
1684 2172 1
2172 2173 1
1684 2173 2
1971 2174 1
1110 2175 1
2174 2175 1
1713 2176 1
2176 2177 1
2178 2177 1
1048 2178 1
1102 2178 3
1713 2178 2
2176 2179 1
2178 2179 1
1493 2180 4
2542 2182 1
1047 2182 2
1744 2183 1
1744 2184 1
2183 2184 1
1342 2185 1
1567 2186 1
1418 2187 1
1342 2188 1
2437 2189 1
1036 2189 2
1133 2190 1
1134 2191 2
2190 2191 1
2256 2192 1
2191 2192 2
1134 2192 3
1368 2193 3
2193 2194 1
2349 2194 2
2193 2195 1
1818 2195 2
2193 2196 1
2336 2196 2
2497 2197 2
2193 2197 1
2199 2198 1
1049 2199 4
2571 2200 1
1049 2200 4
2710 2200 1
2561 2200 1
2198 2200 1
2530 2201 1
1049 2201 3
2198 2201 1
1469 2202 1
2205 2204 1
1788 2206 2
2204 2206 1
2206 2207 2
2308 2207 1
1060 2207 5
2761 2207 1
1397 2208 2
2206 2208 2
2496 2209 1
2206 2209 2
1397 2209 5
2717 2209 1
2663 2210 1
2209 2210 5
1397 2210 6
1506 2211 5
2209 2211 5
2209 2212 5
1506 2212 5
2109 2214 1
1575 2215 1
2025 2216 2
2558 2216 1
1060 2217 2
2466 2217 1
2193 2218 1
2193 2219 1
2193 2220 1
2193 2221 1
2193 2222 1
2193 2223 1
2193 2224 1
2193 2225 1
2193 2226 1
2193 2227 1
2718 2228 1
1455 2229 1
2229 2230 1
1036 2230 3
2442 2230 1
1967 2232 1
1387 2233 1
1802 2234 1
1707 2236 1
2236 2237 1
1707 2237 1
2236 2238 1
1707 2238 1
2236 2239 1
2240 2239 1
1707 2240 1
2242 2241 1
1113 2243 2
1030 2243 2
1032 2243 2
1168 2244 1
2246 2245 1
2248 2247 1
2338 2249 1
2158 2249 2
1278 2250 1
1352 2251 1
2777 2252 1
2693 2252 1
2251 2252 1
1352 2252 4
1352 2253 4
2252 2253 4
2252 2254 4
1352 2254 5
2573 2254 2
1459 2255 1
1134 2256 1
1951 2257 1
1699 2258 1
1161 2259 1
2299 2260 1
2259 2260 1
2319 2260 1
2261 2260 3
1161 2261 2
1713 2261 1
1036 2262 2
2442 2262 1
1278 2263 2
2442 2263 1
2262 2263 2
1971 2264 1
2395 2265 3
1106 2265 4
2264 2265 1
2269 2268 1
1826 2270 1
2132 2271 1
1376 2272 1
2271 2272 1
2180 2273 1
1793 2275 1
2235 2276 1
2279 2278 3
1466 2280 1
1250 2281 1
1859 2282 1
1775 2282 2
1768 2283 1
1859 2284 1
2285 2284 2
1030 2285 2
1113 2285 2
1032 2285 2
1798 2286 1
1148 2287 1
1285 2288 2
2631 2288 1
1800 2289 1
2352 2290 1
1802 2290 4
2289 2290 1
2790 2290 1
2025 2291 2
2558 2291 1
1060 2292 3
2356 2292 1
2291 2292 2
1697 2294 1
1859 2295 1
2296 2295 2
1032 2296 2
1030 2296 2
1113 2296 2
2196 2297 1
1713 2299 1
2299 2300 1
2178 2300 2
2561 2300 1
2622 2301 1
1937 2301 2
1195 2302 1
1400 2303 1
1038 2304 1
1494 2305 1
2305 2306 1
1672 2306 1
1484 2307 4
2480 2307 2
2644 2307 1
1217 2308 1
1795 2309 1
2309 2310 1
2377 2310 1
1795 2310 2
1036 2311 2
2309 2311 1
2377 2311 1
1694 2312 1
1144 2313 1
2312 2313 1
1224 2314 1
2094 2315 1
2454 2316 2
2315 2316 1
1355 2316 3
2454 2317 2
1355 2317 3
2315 2317 1
1859 2318 3
1161 2319 1
1190 2321 1
1464 2322 1
1144 2323 2
2540 2323 1
1319 2324 2
2323 2324 2
1773 2325 1
2195 2326 1
1118 2327 1
1124 2328 1
2327 2328 1
1121 2329 1
2327 2329 1
1165 2330 1
1387 2331 1
1324 2332 1
2039 2333 1
2332 2333 1
2039 2334 1
2332 2334 1
1526 2335 4
1368 2336 2
1387 2337 1
2269 2338 1
1494 2339 1
2339 2340 1
1672 2340 1
2194 2341 1
1558 2342 1
1144 2343 1
2342 2343 1
1350 2345 1
1134 2346 1
2345 2346 1
1355 2348 1
1368 2349 2
2168 2351 1
1802 2352 1
2352 2353 1
1036 2353 1
1482 2354 1
2354 2355 1
1482 2355 1
2295 2356 1
2002 2357 1
1066 2358 1
2357 2358 1
1134 2359 4
1135 2360 3
1133 2361 1
1133 2362 2
2361 2362 1
2279 2363 3
1144 2364 1
1301 2365 1
1842 2367 1
1136 2368 2
2367 2368 1
2549 2368 1
1801 2369 1
1526 2370 4
1291 2371 1
2454 2372 2
1066 2372 3
2372 2373 3
1066 2373 4
2372 2374 3
1066 2374 3
2372 2375 3
1081 2375 3
2372 2376 3
1066 2376 3
1800 2377 1
2377 2378 1
1144 2378 3
2442 2378 1
1027 2379 1
2416 2380 5
1027 2380 6
2379 2380 1
1796 2381 1
2381 2382 1
1093 2382 2
1348 2383 1
2383 2384 1
1410 2384 1
2577 2385 1
1435 2385 2
2383 2385 1
2784 2386 1
2383 2386 1
2658 2386 1
1435 2386 3
2383 2387 1
1410 2387 1
2577 2388 1
2383 2388 1
2641 2388 1
1410 2388 3
2383 2389 1
1435 2389 2
2442 2390 1
1327 2390 2
2653 2391 1
2390 2391 2
2442 2391 1
1237 2391 3
1682 2392 1
2203 2394 1
2394 2395 1
2402 2395 1
1106 2395 3
1190 2396 1
1257 2397 1
2574 2398 1
1049 2398 4
2397 2398 1
2400 2399 1
1971 2402 1
1951 2403 1
1789 2404 1
2194 2405 1
2405 2406 1
1395 2406 1
2405 2407 1
1736 2407 1
1397 2408 1
2408 2409 1
2025 2409 1
2135 2410 1
2412 2411 1
1937 2413 1
2411 2413 1
2057 2414 1
2558 2415 1
2414 2415 1
1303 2415 4
2442 2415 1
1027 2416 5
2415 2416 4
2083 2417 1
1435 2418 1
1355 2419 1
1355 2420 1
2419 2420 1
1552 2421 1
1683 2422 1
2019 2423 1
1442 2424 1
1969 2427 2
2766 2427 1
1237 2428 1
1153 2429 1
2429 2430 1
2674 2430 1
1889 2430 2
1727 2431 1
2146 2432 1
2431 2432 1
1397 2433 1
1115 2434 1
1525 2436 1
1148 2437 1
1185 2438 1
1495 2439 1
1076 2440 1
1160 2441 1
1327 2442 1
2442 2443 1
1325 2443 1
1325 2444 1
2442 2444 1
2442 2445 1
1319 2445 1
2442 2446 1
1055 2446 1
2442 2447 1
1036 2447 1
2442 2448 1
1325 2448 1
2442 2449 1
1325 2449 1
1501 2450 1
1381 2451 1
2231 2452 1
2148 2453 1
2452 2453 1
1160 2454 2
2568 2454 1
1293 2455 1
1293 2456 2
2455 2456 1
2563 2456 1
2455 2457 1
2563 2457 1
1293 2457 2
1353 2458 1
1369 2459 1
1132 2460 1
1132 2461 1
2460 2461 1
1049 2462 4
1144 2463 2
2673 2463 1
2057 2464 1
1237 2465 1
1418 2466 1
2466 2467 1
1418 2467 1
1418 2468 1
2466 2468 1
2187 2469 2
2466 2469 1
2187 2470 3
2469 2470 2
2187 2471 3
2470 2471 3
2470 2472 3
2187 2472 4
2472 2473 4
2187 2473 4
2469 2473 2
2469 2474 2
2187 2474 2
2466 2475 1
1060 2475 2
2466 2476 1
1060 2476 2
1060 2477 2
2476 2477 2
2466 2478 1
1060 2478 2
1250 2479 1
2025 2480 2
2558 2480 1
1484 2481 6
2558 2481 1
2644 2481 1
2741 2481 1
2480 2481 2
2597 2481 1
2505 2481 1
2034 2482 1
2203 2483 1
1397 2484 1
1134 2485 1
2075 2486 1
1554 2487 1
1949 2487 2
1508 2488 2
2487 2488 2
2487 2489 2
1508 2489 2
2435 2490 1
1967 2491 1
1385 2492 1
1792 2493 1
1060 2494 1
2493 2494 1
1168 2495 1
2246 2496 1
1368 2497 2
1199 2499 1
2097 2500 1
1060 2501 1
1278 2502 1
1278 2503 1
2502 2503 1
1797 2504 1
2435 2505 1
1397 2506 1
1467 2507 1
2506 2507 1
2506 2508 1
1467 2508 1
1558 2509 1
2506 2509 1
1118 2510 1
2510 2511 1
1124 2511 1
1299 2512 1
1231 2513 1
2512 2513 1
1134 2514 1
2512 2514 1
1683 2515 1
1683 2516 1
2515 2516 1
1548 2517 1
1480 2518 1
1842 2519 1
1497 2520 1
1397 2522 1
1403 2523 1
2523 2524 1
1437 2524 1
1889 2525 1
2525 2526 1
1889 2526 1
2295 2527 1
2194 2528 1
1141 2529 1
1257 2530 1
1324 2533 1
1118 2534 1
1440 2535 1
1093 2536 1
2536 2537 1
1093 2537 3
2732 2537 1
2537 2538 3
1429 2538 3
1891 2539 1
1148 2540 1
1148 2541 1
2151 2542 1
1397 2543 1
1459 2544 1
2544 2545 1
2255 2545 1
1139 2546 3
2544 2546 1
2255 2547 1
2544 2547 1
1124 2548 1
1291 2549 1
2737 2550 1
1890 2550 2
1655 2551 1
2171 2552 1
1504 2553 2
2552 2553 1
1801 2554 1
1126 2555 1
2555 2556 1
1126 2556 1
1126 2557 1
2555 2557 1
2025 2558 1
1976 2559 1
2558 2559 1
1700 2560 1
1048 2561 1
2178 2562 1
2561 2562 1
1293 2563 1
2203 2564 1
1492 2565 1
2196 2566 1
1355 2568 1
1475 2569 1
2569 2570 1
1063 2570 1
2462 2571 1
2664 2572 1
1083 2572 2
2693 2573 1
1352 2573 2
2462 2574 1
2076 2575 1
1680 2576 1
1778 2577 1
1435 2578 1
2577 2578 1
2577 2579 1
1437 2579 1
1437 2580 1
2577 2580 1
2577 2581 1
1437 2581 1
2577 2582 1
1410 2582 1
1437 2583 1
2577 2583 1
1188 2584 1
2584 2585 1
1188 2585 1
1185 2586 1
1299 2587 1
1685 2588 1
1695 2589 1
1393 2590 1
1227 2591 1
2591 2592 1
1227 2592 1
2002 2593 1
1716 2594 1
2435 2597 1
1790 2598 1
2598 2599 1
1060 2599 1
1819 2600 1
1971 2601 1
1376 2602 1
2425 2603 1
1299 2604 1
1421 2605 1
2604 2605 1
1372 2606 1
2604 2606 1
1548 2607 1
1026 2608 1
2284 2609 1
1716 2610 1
1680 2611 1
2613 2612 1
2612 2614 1
1281 2614 1
1803 2615 1
1060 2616 1
2615 2616 1
1635 2617 1
1226 2618 1
1226 2619 1
2618 2619 1
2618 2620 1
1226 2620 1
1226 2621 1
2412 2622 1
1460 2623 1
1738 2624 1
1397 2626 1
1738 2627 1
1738 2628 2
2627 2628 1
1510 2629 1
1157 2630 1
1285 2631 1
2631 2632 1
1285 2632 1
2635 2633 1
2634 2633 1
1160 2636 1
1239 2637 1
2637 2638 1
2639 2638 1
1239 2639 1
1091 2640 1
1954 2641 1
2673 2642 1
1144 2642 2
1798 2643 1
2435 2644 1
1226 2646 1
2646 2647 1
1226 2647 1
2621 2648 1
2646 2648 1
1160 2649 1
1160 2650 2
2649 2650 1
1685 2651 1
1055 2652 1
1397 2653 1
2025 2654 1
1736 2655 1
1160 2656 1
1217 2657 1
1349 2658 1
2658 2659 1
2784 2659 1
1435 2659 2
1684 2660 1
1299 2661 1
1957 2662 1
2246 2663 1
2141 2664 1
1681 2665 1
2235 2667 1
1093 2668 1
1346 2669 1
1716 2670 1
1097 2671 1
1144 2672 2
2673 2672 1
1144 2673 1
1224 2674 1
2203 2675 1
1773 2676 1
1605 2677 1
1397 2678 1
2678 2679 1
1066 2679 1
2425 2680 1
1820 2681 1
1496 2682 1
1435 2683 2
2682 2683 1
2784 2683 1
1579 2684 1
2094 2685 1
1387 2686 1
1471 2687 1
1471 2688 1
2687 2688 1
1842 2689 1
1066 2690 1
1727 2691 1
2146 2692 1
2691 2692 1
1352 2693 1
1160 2694 1
2057 2695 1
1682 2696 1
1231 2697 1
2135 2698 1
2698 2699 1
1036 2699 1
1036 2700 1
2698 2700 1
1891 2701 1
1314 2702 1
2702 2703 1
1153 2703 1
1387 2704 1
2205 2705 1
1716 2706 1
1242 2707 1
2197 2708 1
1316 2709 1
1257 2710 1
1971 2711 1
1325 2712 1
2773 2713 1
2712 2713 1
1325 2713 2
2712 2714 1
1325 2714 1
1249 2715 1
1165 2716 1
2715 2716 1
2246 2717 1
1490 2719 1
1675 2720 1
2720 2721 1
1060 2721 1
1175 2722 1
2722 2723 1
1175 2723 1
1036 2724 1
2284 2725 1
2725 2726 1
1060 2726 1
2725 2727 1
1060 2727 1
1497 2728 1
1355 2730 1
2730 2731 1
1355 2731 1
1093 2732 1
1299 2733 1
1066 2734 1
1130 2735 1
2735 2736 1
1435 2736 1
1271 2737 1
1576 2738 1
2737 2738 1
1063 2739 1
2435 2741 1
1091 2742 1
1303 2743 1
2742 2743 1
1575 2745 1
1148 2746 1
1494 2747 1
2747 2748 1
1672 2748 1
1672 2749 1
2747 2749 1
1893 2750 1
2747 2750 1
1716 2751 1
1546 2752 1
1899 2753 1
2752 2753 1
2752 2754 1
1899 2754 1
1440 2755 1
2535 2756 1
2755 2756 1
1496 2757 1
1921 2758 1
1369 2759 1
2758 2759 1
2109 2760 1
1490 2761 1
1101 2762 1
2083 2763 1
2235 2764 1
1397 2765 1
1575 2766 1
1937 2767 1
1460 2768 1
2767 2768 1
1460 2769 1
2767 2769 1
1469 2770 1
1475 2771 1
1366 2772 1
1325 2773 1
1325 2774 1
2773 2774 1
1794 2775 1
2775 2776 1
1738 2776 1
1352 2777 1
1791 2778 1
2778 2779 1
1060 2779 1
1182 2780 1
1971 2781 1
1974 2782 1
2781 2782 1
1519 2783 1
1349 2784 1
1435 2785 1
2784 2785 1
2784 2786 1
1410 2786 1
1036 2787 1
1063 2788 1
2787 2788 1
1697 2789 1
1025 2790 1
