10406 10405 3
11188 10405 3
10490 10406 1
10558 10406 4
11189 10406 9
10489 10406 1
10408 10407 12
11097 10407 1
10873 10407 2
10730 10407 2
10843 10407 2
11188 10407 3
10700 10407 2
10777 10408 1
10499 10408 2
10443 10408 2
10445 10408 2
11189 10408 5
10873 10409 2
10408 10409 7
10843 10409 2
11188 10409 3
10873 10410 2
11188 10410 3
10843 10410 2
10408 10410 7
10412 10411 4
11188 10411 3
10670 10412 4
11189 10412 3
10412 10413 4
10411 10413 4
10700 10414 2
10411 10414 4
10722 10414 3
10415 10414 10
10705 10414 3
10829 10415 1
10777 10415 1
10499 10415 2
10706 10415 3
10412 10415 4
10445 10415 2
10733 10415 4
11187 10415 3
10669 10415 3
11186 10415 3
10412 10416 4
10411 10416 4
10411 10417 4
10705 10417 3
10415 10417 10
10722 10417 3
10750 10418 2
10621 10418 1
10873 10418 2
10616 10418 1
10520 10418 1
10534 10418 7
10700 10418 2
10634 10418 1
10730 10418 2
10625 10418 1
11248 10418 1
11188 10418 3
11122 10418 24
10621 10419 1
10634 10419 1
10616 10419 1
11122 10419 24
10730 10419 2
11248 10419 1
10700 10419 2
10873 10419 2
11188 10419 3
10625 10419 1
10520 10419 1
10750 10419 2
10534 10419 7
11097 10420 1
10750 10420 2
10620 10420 14
11188 10420 3
10520 10420 1
10837 10420 1
11122 10420 22
11122 10421 22
11097 10421 1
10520 10421 1
10837 10421 1
10750 10421 2
11188 10421 3
10620 10421 14
10819 10422 2
11188 10422 3
10423 10422 6
10963 10422 3
11189 10423 6
10444 10423 2
10490 10423 1
11188 10424 3
11189 10424 4
10965 10425 4
10406 10425 6
10424 10425 4
10427 10426 6
10424 10426 4
10965 10426 4
11189 10427 6
11136 10428 9
10424 10428 4
11026 10428 1
10963 10428 3
10498 10428 1
10965 10428 4
10965 10429 4
11189 10429 7
10424 10429 4
10423 10430 6
10424 10430 4
10965 10430 4
10819 10431 2
10423 10431 8
10424 10431 4
10965 10431 4
10435 10432 1
10434 10432 1
10433 10432 1
11112 10432 1
11168 10436 1
10438 10437 1
10436 10437 1
10687 10438 2
10489 10438 1
10727 10438 1
10649 10438 4
10483 10438 1
10478 10438 8
10490 10438 1
11131 10438 12
10488 10438 1
11168 10438 1
10790 10438 8
11120 10438 11
10440 10439 3
10473 10439 1
11136 10439 1
11122 10439 1
11159 10441 13
11189 10441 1
10443 10441 1
10444 10441 1
10445 10441 1
10443 10442 2
11122 10442 24
10455 10443 1
10441 10443 6
11168 10444 1
10441 10444 6
10464 10444 1
10706 10445 1
10665 10445 1
10441 10445 6
10447 10446 1
11151 10447 4
10777 10447 1
10496 10447 1
10544 10447 4
10483 10447 1
10829 10447 1
10499 10447 2
10733 10447 4
10480 10447 1
10447 10448 1
10446 10448 1
10884 10449 1
11205 10449 1
11104 10449 1
10634 10449 1
10737 10449 4
11023 10449 1
10447 10449 12
10446 10449 1
10498 10449 1
10837 10449 1
11055 10450 1
11151 10450 3
10484 10450 1
10446 10450 1
10447 10451 2
10446 10451 1
10451 10452 2
11151 10452 2
10454 10453 3
10455 10453 6
11109 10455 10
10443 10455 5
11161 10456 4
10459 10458 12
11170 10458 6
11129 10458 1
10464 10459 11
10442 10459 21
10483 10459 1
11136 10459 11
10458 10460 8
11168 10460 2
11159 10461 5
11157 10461 1
10466 10465 1
10464 10466 1
11037 10466 1
11159 10466 5
11176 10466 1
11038 10466 1
10465 10467 1
11176 10467 1
10465 10468 1
11184 10468 1
11176 10469 5
10465 10469 1
10897 10469 2
10563 10469 1
11051 10469 1
10976 10470 1
10695 10470 2
10693 10470 2
11051 10470 1
10465 10470 1
10563 10470 1
10819 10470 2
10686 10470 2
10471 10470 15
10751 10470 2
11224 10470 1
10897 10470 2
10687 10471 2
10466 10471 5
10444 10471 6
10460 10471 3
10465 10472 1
11184 10472 3
10897 10472 2
11149 10474 1
11149 10475 2
10474 10475 1
10475 10476 2
11149 10476 3
11133 10477 2
11210 10477 1
11120 10478 8
10478 10479 4
10482 10480 11
10481 10480 8
10499 10482 7
10777 10482 5
11109 10482 16
10480 10483 7
10485 10484 1
11151 10485 4
10461 10485 4
10525 10485 4
10484 10486 1
10485 10486 1
10480 10488 1
10487 10488 3
11106 10489 1
10487 10489 3
10406 10490 1
11106 10490 1
10487 10490 3
10487 10491 3
10493 10492 3
10498 10494 1
11136 10494 2
10772 10495 3
10860 10495 1
10623 10495 2
10532 10495 1
10619 10495 2
10780 10495 1
10638 10495 3
11136 10495 15
10494 10495 2
10499 10496 3
10480 10496 1
10777 10496 2
10778 10496 1
10497 10496 3
10483 10496 1
10499 10498 1
11159 10499 7
10463 10499 2
10482 10499 2
10464 10499 2
10733 10499 2
10482 10500 10
10973 10500 1
10840 10500 2
10748 10500 1
10838 10500 2
10634 10500 1
10498 10500 1
10527 10500 2
10896 10500 1
10637 10500 2
10837 10500 1
10892 10501 1
10543 10501 1
10710 10501 1
10893 10501 1
11051 10501 1
10498 10501 1
10502 10501 8
11087 10501 1
10976 10501 1
10499 10502 1
10443 10502 1
11189 10502 1
10889 10502 1
10444 10502 1
10544 10502 1
10592 10502 1
10466 10502 1
10445 10502 1
10543 10503 1
10893 10503 1
10498 10503 1
10502 10503 3
10710 10504 1
11244 10504 1
11110 10504 6
11222 10504 1
10892 10504 1
11027 10504 1
10498 10504 1
11103 10505 1
10772 10505 3
10745 10505 2
10648 10505 1
10498 10505 1
10973 10505 1
10638 10505 3
10896 10505 1
10871 10505 1
10506 10505 14
11136 10506 6
10649 10506 3
10499 10506 2
10727 10506 2
10777 10506 1
10530 10506 3
10498 10507 1
10502 10507 1
10498 10508 1
10502 10508 1
10499 10509 2
10498 10509 1
11205 10510 1
11136 10510 6
10884 10510 1
10509 10510 2
10482 10511 1
10498 10511 1
10458 10513 1
10648 10514 1
10894 10514 1
11053 10514 1
11131 10514 5
10513 10514 1
11103 10514 1
10513 10515 1
11103 10515 1
11131 10515 5
10648 10515 1
11053 10515 1
10894 10515 1
11053 10516 1
10894 10516 1
11131 10516 5
11103 10516 1
10513 10516 1
10648 10516 1
10513 10517 1
11053 10517 1
11131 10517 2
10815 10518 3
10513 10518 1
10773 10518 1
10870 10518 1
11088 10518 1
11053 10518 1
10862 10518 1
10988 10518 1
11198 10518 2
11080 10518 1
11122 10518 13
10861 10519 1
11080 10519 1
11122 10519 18
10711 10519 5
10744 10519 1
10513 10519 1
11068 10519 1
10658 10519 1
10870 10519 1
10804 10519 1
10648 10519 1
11097 10519 1
11088 10519 1
10759 10519 1
11054 10519 1
10461 10520 1
11157 10521 3
10625 10521 1
10520 10521 1
11230 10521 1
10461 10522 3
10520 10522 1
10750 10522 2
10524 10523 4
10625 10523 1
10485 10523 5
10520 10523 1
10750 10523 2
10525 10524 4
10520 10524 1
10750 10524 2
10769 10525 3
10461 10525 3
10525 10526 1
10520 10526 1
10499 10527 2
10634 10527 1
11109 10528 9
11031 10528 1
10625 10528 1
10527 10528 2
10838 10528 2
10621 10528 1
11248 10528 1
10616 10528 1
11248 10529 1
10616 10529 1
10527 10529 2
11122 10529 6
10621 10529 1
10625 10529 1
11136 10532 1
11120 10533 2
11034 10533 1
10837 10534 1
11122 10534 7
10680 10534 1
11103 10534 1
10871 10534 1
10533 10534 2
10745 10535 2
10438 10535 7
10871 10535 1
10533 10535 2
10686 10535 2
10533 10536 2
10871 10536 1
10438 10536 3
11117 10537 13
11068 10537 1
10978 10537 3
10871 10537 1
10533 10537 2
10882 10537 2
10837 10537 1
10725 10537 3
11247 10537 1
10833 10537 1
10871 10538 1
11122 10538 5
10862 10538 1
10533 10538 2
10773 10538 1
10533 10539 2
11015 10539 1
10862 10539 1
11053 10539 1
11122 10539 8
11068 10539 1
10871 10539 1
10959 10539 1
10745 10540 2
11120 10540 8
10871 10540 1
10533 10540 2
10686 10540 2
10438 10541 8
10540 10541 8
10540 10542 8
10478 10542 8
10544 10543 1
10889 10544 1
10888 10544 5
10893 10545 1
10543 10545 1
10544 10545 3
10837 10546 1
11104 10546 1
10634 10546 1
10737 10546 4
10447 10546 12
10547 10546 4
10545 10546 3
11023 10546 1
10544 10547 4
10545 10547 3
10447 10548 12
10837 10548 1
10547 10548 4
10634 10548 1
10737 10548 4
11104 10548 1
11023 10548 1
10545 10549 3
10544 10549 3
10459 10550 1
10550 10551 1
10459 10551 1
10550 10552 1
10459 10552 1
10459 10553 1
10550 10553 1
10550 10554 1
10459 10554 1
11115 10555 2
10483 10556 1
11182 10557 7
11205 10557 1
11222 10557 1
11244 10557 1
10771 10557 1
10884 10557 1
10556 10557 1
11245 10557 1
10560 10559 3
10603 10562 2
10592 10562 5
10466 10563 1
11176 10564 2
11051 10564 1
10563 10564 1
10566 10565 3
10818 10565 1
11015 10565 1
10563 10565 1
10466 10566 2
10444 10566 1
10778 10566 1
11176 10567 1
10563 10567 1
11184 10568 1
10563 10568 1
10625 10569 1
10616 10569 1
11159 10569 9
10634 10569 1
11224 10569 1
10837 10569 1
10621 10569 1
11248 10569 1
10563 10569 1
11159 10570 9
10569 10570 9
10569 10571 9
11159 10571 9
11159 10572 9
10569 10572 9
11176 10573 1
10563 10573 1
10566 10574 1
10563 10574 1
11184 10575 1
10563 10575 1
11248 10576 1
10563 10576 1
10625 10576 1
10634 10576 1
11159 10576 8
10621 10576 1
11224 10576 1
10616 10576 1
10576 10577 8
11112 10577 9
10837 10577 1
10576 10578 8
11159 10578 8
11159 10579 8
10576 10579 8
10566 10580 1
10563 10580 1
10566 10581 2
10563 10581 1
10996 10581 1
10583 10582 1
10464 10583 1
10588 10583 3
10443 10583 2
11032 10584 1
10585 10584 3
10587 10586 3
10590 10589 3
10592 10591 1
10906 10592 3
11117 10593 4
11040 10593 1
10807 10593 1
10792 10593 1
10591 10593 1
10591 10594 1
10592 10594 2
10807 10594 1
11220 10595 1
10595 10595 2
10596 10595 2
10598 10597 1
10558 10598 3
10597 10599 1
10598 10599 1
11122 10600 1
10600 10601 1
11201 10601 1
10797 10601 3
11066 10601 1
10724 10601 1
10993 10601 1
11122 10601 8
10603 10602 1
10821 10603 3
10562 10604 2
10602 10604 1
10968 10604 1
11040 10605 1
10606 10605 2
10602 10605 1
10592 10606 2
10603 10606 2
10602 10607 1
11117 10607 2
10607 10608 2
10784 10608 1
10880 10608 1
10815 10608 3
11184 10608 7
10807 10608 1
10606 10609 1
10602 10609 1
11186 10610 3
10843 10610 2
10415 10611 4
10610 10611 3
10846 10611 3
10610 10612 3
10843 10612 2
11153 10612 3
11153 10613 3
10843 10613 2
10610 10613 3
10846 10614 3
10415 10614 4
10610 10614 3
11136 10615 4
11189 10616 1
10406 10617 3
10616 10617 1
10873 10617 2
10406 10618 3
10873 10618 2
10616 10618 1
11136 10619 2
10616 10619 1
10648 10620 1
10745 10620 2
10625 10620 1
10873 10620 2
10621 10620 1
10680 10620 1
11122 10620 14
10700 10620 2
10616 10620 1
11248 10620 1
10634 10620 1
10443 10621 1
10842 10622 1
11087 10622 1
10843 10622 2
11239 10622 1
10455 10622 5
10621 10622 1
11136 10623 2
10621 10623 1
11249 10624 1
10621 10624 1
11153 10624 7
11087 10624 1
10623 10624 2
10846 10624 3
10461 10625 1
10466 10626 1
10466 10627 2
10626 10627 1
11176 10628 2
10627 10628 2
10626 10629 1
10466 10629 2
10629 10630 2
11176 10630 2
11176 10631 2
10629 10631 2
11176 10632 2
10629 10632 2
11176 10633 2
10629 10633 2
10499 10634 1
10634 10635 1
10482 10635 2
10837 10635 1
11109 10636 5
10730 10636 2
10837 10636 1
10634 10636 1
11097 10636 1
10634 10637 1
10499 10637 2
10637 10638 2
11136 10638 3
10496 10639 2
10837 10639 1
10634 10639 1
10641 10640 3
10466 10640 2
11113 10642 4
11113 10643 4
10782 10643 1
11112 10643 4
10645 10644 1
10726 10645 3
10647 10646 1
10644 10646 1
10640 10647 1
10645 10647 1
10649 10648 1
10727 10649 7
10745 10650 2
11109 10650 5
10871 10650 1
11103 10650 1
10648 10650 1
10870 10651 1
11122 10651 17
11088 10651 1
10759 10651 1
11097 10651 1
10648 10651 1
10804 10651 1
10711 10651 5
10864 10651 1
10658 10651 1
10744 10651 1
11068 10651 1
10861 10651 1
11054 10651 1
10640 10652 1
10652 10653 1
10640 10653 1
10652 10654 1
10647 10654 1
11222 10655 1
10771 10655 1
11245 10655 1
10762 10655 3
11136 10655 8
11244 10655 1
11117 10656 1
10764 10657 3
10806 10657 3
10656 10657 1
11117 10657 7
10649 10658 1
11054 10659 1
10861 10659 1
11131 10659 4
10658 10659 1
10804 10659 1
10804 10660 1
11131 10660 4
11054 10660 1
10658 10660 1
10861 10660 1
10861 10661 1
11054 10661 1
11131 10661 4
10658 10661 1
10804 10661 1
10438 10662 5
11090 10662 1
10861 10662 1
11034 10662 1
10744 10662 1
10658 10662 1
11170 10663 1
10464 10663 1
11136 10663 1
11120 10663 1
10438 10663 1
10879 10663 1
10729 10663 3
11109 10663 5
10458 10663 1
10665 10664 6
10482 10664 6
10672 10664 2
11025 10664 1
11199 10664 3
11108 10664 6
11157 10664 6
10455 10664 6
10445 10665 5
11109 10665 10
11200 10666 3
10665 10666 6
10427 10667 4
11133 10668 1
11189 10669 2
10670 10669 4
10672 10671 1
11206 10672 1
11159 10672 5
10672 10673 2
10671 10673 1
10664 10674 2
10673 10674 2
10664 10675 3
10901 10675 1
10673 10675 2
10664 10676 3
10673 10676 2
10901 10676 1
10664 10677 2
10673 10677 2
10664 10678 3
10901 10678 1
10673 10678 2
10673 10679 2
10664 10679 2
11122 10680 1
10682 10681 3
10427 10683 4
11168 10685 1
10687 10686 2
10685 10686 1
11168 10687 1
11120 10687 8
10695 10688 2
10994 10688 1
11034 10688 1
10716 10688 1
11131 10688 10
11080 10688 1
10686 10688 2
10744 10688 1
10789 10688 2
11018 10689 1
10686 10689 2
10693 10689 2
10976 10689 1
11168 10689 11
10751 10689 2
11224 10689 1
10819 10689 2
11033 10689 1
10819 10690 2
10693 10690 2
11033 10690 1
10751 10690 2
10976 10690 1
11168 10690 11
10686 10690 2
10695 10690 2
11224 10690 1
10976 10691 1
11224 10691 1
10686 10691 2
11117 10691 10
10819 10691 2
10695 10691 2
10751 10691 2
10693 10691 2
11168 10692 4
10751 10692 2
10686 10692 2
10685 10693 1
10460 10693 2
11168 10694 8
11224 10694 1
10693 10694 2
10751 10694 2
10819 10694 2
10976 10694 1
10685 10695 1
10460 10695 2
11081 10696 2
10695 10696 2
11170 10696 6
10719 10696 2
10695 10697 2
11081 10697 2
10719 10697 2
11170 10697 11
11050 10697 4
10697 10698 11
11170 10698 11
11113 10699 11
10697 10699 11
11253 10700 1
10445 10700 2
11248 10701 1
10700 10701 2
10702 10701 3
10445 10702 3
11011 10702 3
10700 10703 2
10702 10703 2
10665 10704 5
10700 10704 2
10710 10704 1
11012 10704 1
11253 10704 1
11248 10704 1
10706 10705 3
10700 10705 2
10670 10706 4
10445 10706 2
10705 10707 3
10706 10707 3
10445 10710 1
10976 10711 1
11087 10711 1
10710 10711 1
10441 10711 5
10892 10711 1
11115 10712 2
11210 10712 1
10645 10714 1
10645 10715 1
10714 10715 1
11129 10716 1
11080 10717 1
10716 10717 1
11054 10717 1
10804 10717 1
11170 10717 4
11080 10718 1
10789 10718 2
11170 10718 4
10716 10718 1
10716 10719 1
11129 10719 2
10721 10720 3
10669 10722 3
10873 10722 2
10669 10723 3
10722 10723 3
11122 10724 1
11115 10725 3
10977 10725 2
10480 10727 2
11120 10727 8
10729 10728 3
10748 10730 1
10499 10730 2
11097 10731 1
10730 10731 2
10496 10731 3
11097 10732 1
10730 10732 2
10733 10732 3
10770 10733 7
10499 10733 2
10829 10733 1
10777 10733 1
11097 10734 1
10884 10734 1
10496 10734 5
10730 10734 2
11205 10734 1
11097 10735 1
10730 10735 2
10733 10735 3
10730 10736 2
11097 10736 1
10733 10736 3
11097 10737 1
10733 10737 4
10730 10737 2
10415 10738 5
10737 10738 4
11104 10738 1
11097 10738 1
10730 10738 2
10737 10739 4
11104 10739 1
10733 10739 5
11104 10740 1
10415 10740 5
10737 10740 4
10482 10741 3
11097 10741 1
10730 10741 2
10743 10742 1
11021 10743 2
11209 10743 1
10649 10744 1
10744 10745 1
10649 10745 2
11159 10747 1
11115 10747 1
10907 10747 3
11112 10747 1
11193 10747 1
11161 10747 1
10799 10747 1
10986 10747 1
11110 10747 4
10836 10747 1
11122 10747 1
10502 10747 1
10778 10747 1
10464 10747 1
10987 10747 1
10499 10748 1
10640 10749 1
10461 10750 2
11230 10750 1
10881 10751 1
10444 10751 2
11168 10752 2
10751 10752 2
10751 10753 2
11168 10753 2
11168 10754 2
10751 10754 2
10751 10755 2
11168 10755 2
11168 10756 2
10751 10756 2
11168 10757 2
10751 10757 2
11168 10758 2
10751 10758 2
11129 10759 1
10905 10760 3
10759 10760 1
11122 10760 4
11243 10761 1
10759 10761 1
11122 10761 2
10864 10762 1
11136 10762 3
10759 10762 1
10864 10763 1
11170 10763 2
10759 10763 1
10759 10764 1
10458 10764 3
10864 10764 1
10764 10765 3
10806 10765 3
11170 10765 6
10764 10766 3
10806 10766 3
11170 10766 6
10764 10767 3
10806 10767 3
11170 10767 6
10806 10768 3
10764 10768 3
11117 10768 6
10483 10771 1
11136 10772 3
10840 10772 2
11122 10773 1
11198 10774 2
11103 10774 1
10815 10774 3
11034 10774 1
10988 10774 1
11122 10774 9
10773 10774 1
10862 10775 1
10988 10775 1
10773 10775 1
11122 10775 6
10815 10775 3
11122 10776 1
10773 10776 1
10499 10777 6
10442 10778 5
11115 10778 2
10464 10778 2
11115 10779 2
11210 10779 1
11136 10780 1
11122 10781 1
10785 10784 1
10886 10785 3
11166 10786 1
10784 10786 1
11184 10787 1
10784 10787 1
10784 10788 1
11184 10788 1
11090 10789 1
11170 10789 2
10778 10791 1
10603 10792 1
10603 10793 2
10792 10793 1
11040 10793 1
10795 10794 3
11198 10797 2
11122 10797 3
11176 10798 1
11197 10799 1
10803 10799 2
11196 10799 1
10800 10799 3
10801 10799 3
10802 10799 2
10502 10799 2
10458 10804 1
10890 10805 1
10460 10805 2
10460 10806 3
10805 10806 2
10592 10807 1
10807 10808 1
10606 10808 1
10606 10809 1
10807 10809 1
10807 10810 1
11117 10810 1
10807 10811 1
11117 10811 1
10606 10812 1
10807 10812 1
10807 10813 1
11117 10813 1
10807 10814 1
10562 10814 1
11008 10815 1
10592 10815 3
10807 10815 1
10562 10816 1
10807 10816 1
10807 10817 1
10502 10817 1
10444 10818 1
10444 10819 2
10818 10819 1
10960 10820 2
10819 10820 2
10423 10820 4
11193 10822 1
11030 10823 1
10824 10823 4
11064 10823 1
10822 10823 1
11193 10824 3
10823 10825 4
10826 10825 4
10824 10826 4
11022 10826 3
11131 10827 1
11131 10828 1
10827 10828 1
10733 10829 4
11168 10830 1
11115 10832 2
10996 10832 1
10649 10833 1
10882 10834 2
10438 10834 3
10833 10834 1
10833 10835 1
10438 10835 1
10777 10837 1
10837 10838 1
10777 10838 2
11122 10839 2
10838 10839 2
10777 10840 2
10837 10840 1
10777 10841 1
10837 10841 1
10443 10842 1
10443 10843 2
10842 10843 1
11186 10844 2
10843 10844 2
10583 10845 2
10843 10845 2
11187 10846 3
10843 10846 2
11087 10847 1
11249 10847 1
10846 10847 3
11153 10847 5
10583 10848 2
10843 10848 2
10442 10849 2
10843 10849 2
10583 10850 2
10843 10850 2
10843 10851 2
10583 10851 2
10583 10852 2
10843 10852 2
10583 10853 2
10843 10853 2
10843 10854 2
10583 10854 2
10583 10855 2
10843 10855 2
10857 10856 3
10983 10858 1
10859 10858 2
11136 10860 1
11120 10861 1
10615 10862 1
11122 10863 5
10988 10863 1
10959 10863 1
10862 10863 1
11068 10863 1
11015 10863 1
10458 10864 1
10905 10865 3
11068 10865 1
10864 10865 1
10977 10865 2
11122 10865 7
10864 10866 1
11122 10866 2
11243 10866 1
11115 10867 3
10977 10867 2
10596 10868 1
10868 10869 1
10596 10869 1
10458 10870 1
10727 10871 1
11189 10872 1
11189 10873 2
10872 10873 1
10406 10874 2
10873 10874 2
10406 10875 2
10873 10875 2
10873 10876 2
10406 10876 2
11112 10877 4
11112 10878 4
11117 10880 1
10444 10881 1
10890 10882 1
11120 10882 2
10438 10883 2
10882 10883 2
10483 10884 1
10458 10885 1
10790 10887 1
10435 10887 1
10544 10889 4
11168 10890 1
11182 10891 1
10890 10891 1
11189 10892 1
10889 10893 1
11129 10894 1
10499 10896 1
11015 10897 1
10466 10897 2
10897 10898 2
10640 10898 2
10897 10899 2
11176 10899 2
11176 10900 3
10897 10900 2
11051 10900 1
10664 10901 1
10596 10902 1
10596 10903 1
10902 10903 1
10483 10904 2
11090 10904 1
10904 10905 2
11136 10905 3
10909 10908 2
11210 10908 1
11231 10908 1
10488 10909 1
10490 10909 2
10489 10909 1
11035 10910 1
10909 10910 4
11240 10910 1
11231 10910 1
11210 10910 1
11210 10911 1
10909 10911 1
11210 10912 1
10909 10912 2
11231 10912 1
10909 10913 1
11210 10913 1
11231 10914 1
10909 10914 3
11210 10914 1
11240 10914 1
11133 10915 1
11210 10915 1
11210 10916 1
11131 10916 1
11133 10917 2
11240 10917 1
11210 10917 1
11240 10918 1
10438 10918 3
11210 10918 1
11231 10918 1
11210 10919 1
11131 10919 2
11240 10919 1
11131 10920 2
11210 10920 1
11210 10921 1
11131 10921 1
11210 10922 1
10909 10922 1
10909 10923 1
11210 10923 1
11210 10924 1
11125 10924 1
11210 10925 1
11131 10925 1
11131 10926 2
11210 10926 1
11240 10926 1
11170 10927 1
11210 10927 1
11210 10928 1
11170 10928 1
11170 10929 1
11210 10929 1
11210 10930 1
11170 10930 1
11170 10931 1
11210 10931 1
11115 10932 2
11210 10932 1
11115 10933 1
11210 10933 1
11210 10934 1
11115 10934 2
11231 10934 1
11231 10935 1
11210 10935 1
11240 10935 1
11115 10935 4
11210 10936 1
11115 10936 2
11210 10937 1
11115 10937 1
11210 10938 1
11115 10938 1
11210 10939 1
10423 10939 1
11210 10940 1
10423 10940 1
11210 10941 1
10423 10941 1
11210 10942 1
10423 10942 1
11210 10943 1
11240 10943 1
10406 10943 3
11210 10944 1
10406 10944 2
11240 10944 1
11240 10945 1
11210 10945 1
10406 10945 2
10406 10946 3
11240 10946 1
11210 10946 1
10946 10947 3
10406 10947 3
10406 10948 2
11210 10948 1
11210 10949 1
10406 10949 1
10406 10950 1
11210 10950 1
10909 10951 1
11210 10951 1
10909 10952 1
11210 10952 1
10909 10953 1
11210 10953 1
10909 10954 1
11210 10954 1
11210 10955 1
10909 10955 1
10909 10956 1
11210 10956 1
10909 10957 1
11210 10957 1
10909 10958 1
11210 10958 1
11189 10959 1
10959 10960 1
11189 10960 2
10960 10961 2
10406 10961 2
10960 10962 2
10406 10962 2
10960 10963 2
11189 10963 3
10406 10964 3
10963 10964 3
10963 10965 3
11189 10965 4
10967 10966 1
10948 10966 1
10406 10967 1
10592 10968 1
10606 10969 1
10968 10969 1
10583 10970 1
10583 10971 1
10970 10971 1
10777 10973 1
10525 10974 1
11189 10975 1
10444 10976 1
10996 10977 1
11115 10977 2
10977 10978 2
11115 10978 3
11115 10979 3
10977 10979 2
11117 10980 3
11068 10980 1
10977 10980 2
11117 10981 3
11068 10981 1
10977 10981 2
10977 10982 2
11117 10982 2
11176 10984 1
11136 10988 1
10667 10989 1
11087 10990 1
11110 10990 2
10989 10990 1
11110 10991 2
11087 10991 1
10989 10991 1
10989 10992 1
11108 10992 1
11122 10993 1
11168 10994 1
10439 10995 1
10778 10996 1
10996 10997 1
11115 10997 1
10566 10998 1
10996 10998 1
10996 10999 1
10566 10999 1
11184 11000 1
10996 11000 1
10996 11001 1
11184 11001 1
10496 11002 1
10996 11002 1
10996 11003 1
10496 11003 1
10996 11004 1
11184 11004 1
11115 11005 1
10996 11005 1
11115 11006 1
10996 11006 1
11115 11007 2
10996 11007 1
10592 11008 1
11008 11009 1
10562 11009 1
10466 11010 1
10445 11012 1
10603 11013 1
11060 11014 1
11013 11014 1
10562 11014 2
10466 11015 1
11120 11016 1
11136 11017 3
11238 11017 1
11168 11018 1
11018 11019 1
11061 11019 1
11117 11019 2
11182 11020 2
11033 11020 1
11018 11020 1
10496 11023 1
10447 11024 1
11023 11024 1
11136 11026 1
10442 11027 1
11027 11028 1
11109 11028 1
11027 11029 1
11109 11029 1
11193 11030 1
10683 11031 1
11168 11033 1
11120 11034 1
10490 11035 1
10544 11036 1
10603 11040 1
11040 11041 1
10606 11041 1
10603 11042 1
11040 11042 1
10603 11043 1
11040 11043 1
11040 11044 1
10606 11044 1
10778 11045 2
11068 11045 1
11068 11046 1
11115 11046 2
11045 11046 2
11115 11047 2
11045 11047 2
11068 11047 1
11045 11048 2
11115 11048 2
11170 11049 2
11090 11049 1
11049 11050 2
11247 11050 1
11170 11050 4
10466 11051 1
10461 11052 1
11120 11053 1
11129 11054 1
11153 11055 1
11153 11056 1
11055 11056 1
11176 11057 1
11182 11058 1
11057 11058 1
10702 11059 1
10592 11060 1
11176 11061 1
11133 11062 1
10456 11063 1
11193 11064 1
11122 11066 1
11168 11067 1
10778 11068 1
11068 11069 1
11115 11069 1
11115 11070 1
11068 11070 1
11068 11071 1
11115 11071 1
11115 11072 1
11068 11072 1
11115 11073 1
11068 11073 1
11115 11074 1
11068 11074 1
11115 11075 1
11068 11075 1
11115 11076 1
11068 11076 1
11068 11077 1
11115 11077 1
11115 11078 1
11068 11078 1
11068 11079 1
10778 11079 1
10458 11080 1
11080 11081 1
10458 11081 2
11149 11082 1
10445 11083 1
10531 11084 1
11084 11085 1
10531 11085 1
11151 11086 1
10443 11087 1
10649 11088 1
10483 11090 1
10459 11091 1
11090 11091 1
11182 11092 1
11090 11092 1
10496 11093 1
10496 11094 1
11093 11094 1
10702 11095 1
11095 11096 1
10702 11096 1
10777 11097 1
10592 11098 1
10562 11099 1
11098 11099 1
11101 11100 3
11184 11102 1
10727 11103 1
10829 11104 1
11122 11105 1
11108 11106 8
11107 11106 5
11109 11108 12
11189 11108 8
10667 11108 1
10727 11109 2
10442 11109 1
10777 11109 3
10443 11109 4
10683 11109 1
10461 11109 4
10499 11109 5
11189 11109 8
10649 11109 3
11110 11109 41
10445 11109 4
10667 11110 1
10480 11110 2
10483 11110 1
11189 11110 1
10442 11110 1
10443 11110 1
10499 11110 1
10445 11110 1
11113 11111 4
11112 11111 4
10777 11112 1
11159 11112 8
11170 11113 11
11115 11114 2
11210 11114 1
10488 11115 1
10490 11115 1
10489 11115 1
10778 11115 3
11133 11115 6
11117 11116 6
10555 11116 1
10779 11116 1
10832 11116 2
11114 11116 2
10499 11117 1
10649 11117 2
11168 11117 5
11125 11117 2
10777 11117 1
11115 11117 19
10443 11117 1
10458 11117 6
10445 11117 1
11159 11117 1
10702 11117 1
10640 11117 1
11122 11117 2
10778 11117 2
11170 11117 3
10444 11117 6
10460 11117 6
10583 11117 1
11129 11117 2
10483 11117 1
10406 11117 3
10525 11117 1
10603 11117 3
11120 11117 7
11133 11117 4
10687 11117 2
11131 11117 4
10461 11117 2
10592 11117 2
10727 11117 1
11176 11117 2
10466 11117 2
10555 11118 1
10779 11118 1
11114 11118 2
11007 11118 2
11117 11118 6
11120 11119 2
11016 11119 1
10727 11120 1
11168 11120 1
10649 11120 2
10438 11120 7
10687 11120 2
10459 11120 14
11053 11121 1
10711 11121 5
11128 11121 1
10658 11121 1
11119 11121 2
10520 11121 1
11122 11121 24
10716 11121 1
10750 11121 2
10804 11121 1
10894 11121 1
10864 11121 1
10861 11121 1
11068 11121 1
11203 11121 2
11054 11121 1
10730 11121 2
10759 11121 1
10778 11122 1
10443 11122 1
10649 11122 5
10439 11122 1
10441 11122 5
10461 11122 4
10466 11122 1
10458 11122 5
11136 11122 65
11115 11122 2
11189 11122 6
10777 11122 3
10499 11122 4
10615 11122 1
10592 11122 3
11120 11122 7
10445 11122 3
10727 11122 2
11129 11122 5
10462 11122 28
10463 11122 28
10730 11123 2
11054 11123 1
10750 11123 2
11103 11123 1
11034 11123 1
10716 11123 1
11122 11123 24
11128 11123 1
10658 11123 1
10520 11123 1
11203 11123 2
10861 11123 1
11053 11123 1
10804 11123 1
11119 11123 2
10864 11123 1
10894 11123 1
10711 11123 5
11088 11124 1
11119 11124 2
10693 11124 2
11128 11124 1
10870 11124 1
11125 11124 7
10490 11125 1
11129 11125 1
10649 11125 1
11133 11125 4
11120 11125 3
10460 11125 2
10458 11125 1
10870 11126 1
11119 11126 2
11125 11126 8
11088 11126 1
11128 11126 1
11203 11126 2
10693 11126 2
11119 11127 2
11128 11127 1
11088 11127 1
10693 11127 2
10870 11127 1
11125 11127 7
11129 11128 1
10458 11129 6
11088 11130 1
11016 11130 1
10693 11130 2
11131 11130 6
10870 11130 1
11128 11130 1
11133 11131 18
10687 11131 2
10727 11131 1
10709 11131 13
11170 11131 2
10649 11131 4
11168 11131 1
11129 11131 4
10460 11131 3
10458 11131 4
10489 11131 1
11120 11131 4
10490 11131 1
10804 11132 1
11016 11132 1
10686 11132 2
11054 11132 1
11088 11132 1
10861 11132 1
10894 11132 1
10695 11132 2
10789 11132 2
11128 11132 1
10994 11132 1
10658 11132 1
10870 11132 1
10693 11132 2
11053 11132 1
11080 11132 1
10648 11132 1
10716 11132 1
11133 11132 25
11103 11132 1
11090 11132 1
10513 11132 1
11034 11132 1
10744 11132 1
11068 11132 1
10489 11133 1
10460 11133 3
11129 11133 5
11168 11133 1
10708 11133 18
10490 11133 1
10727 11133 1
10458 11133 4
10778 11133 2
11170 11133 4
11120 11133 7
10687 11133 2
10649 11133 5
10483 11133 1
10870 11134 1
11125 11134 6
11016 11134 1
11128 11134 1
10693 11134 2
11088 11134 1
11080 11135 1
10513 11135 1
10750 11135 2
10710 11135 1
10892 11135 1
10730 11135 2
10745 11135 2
11097 11135 1
10634 11135 1
10871 11135 1
11136 11135 39
10700 11135 2
11087 11135 1
11088 11135 1
10894 11135 1
11016 11135 1
10716 11135 1
10870 11135 1
10873 11135 2
11103 11135 1
10843 11135 2
10837 11135 1
11053 11135 1
10533 11135 2
10520 11135 1
10995 11135 1
11128 11135 1
11188 11135 3
10556 11135 1
10648 11135 1
10439 11136 1
10499 11136 6
10649 11136 4
10461 11136 3
10727 11136 2
11120 11136 4
10462 11136 14
10458 11136 4
10480 11136 3
10777 11136 4
10443 11136 4
11122 11136 14
11189 11136 10
10445 11136 3
10483 11136 6
11129 11136 4
10510 11137 6
10428 11137 9
11135 11137 39
11017 11137 3
10655 11137 8
11122 11137 61
11088 11138 1
11125 11138 5
11128 11138 1
11203 11138 2
10870 11138 1
11088 11139 1
11128 11139 1
10870 11139 1
11203 11139 2
11125 11139 5
10716 11140 1
11128 11140 1
10744 11140 1
11034 11140 1
11133 11140 15
10870 11140 1
10996 11140 1
10719 11140 2
11203 11140 2
10686 11140 2
11080 11140 1
11088 11140 1
10695 11140 2
11068 11140 1
11128 11141 1
10996 11141 1
10744 11141 1
11068 11141 1
10686 11141 2
10833 11141 1
10716 11141 1
10719 11141 2
10882 11141 2
11133 11141 15
10870 11141 1
11034 11141 1
10695 11141 2
11080 11141 1
10996 11142 1
11133 11142 18
10695 11142 2
10716 11142 1
11088 11142 1
10833 11142 1
11128 11142 1
11034 11142 1
10870 11142 1
10686 11142 2
11203 11142 2
10882 11142 2
10744 11142 1
11080 11142 1
10719 11142 2
11068 11142 1
11088 11143 1
11080 11143 1
10744 11143 1
10870 11143 1
11203 11143 2
11068 11143 1
11133 11143 10
11128 11143 1
10833 11143 1
11247 11143 1
11158 11144 1
10621 11144 1
11202 11144 2
11049 11144 2
10555 11144 1
11052 11144 1
11090 11144 1
11062 11144 1
10716 11144 1
10436 11144 1
10943 11144 3
10885 11144 1
11117 11144 47
11088 11144 1
10798 11144 1
10582 11144 1
10935 11144 4
11250 11144 1
11034 11144 1
10634 11144 1
11204 11144 2
11040 11144 1
10749 11144 1
11059 11144 1
10920 11144 2
10936 11144 2
11242 11144 1
11224 11144 1
11067 11144 1
10870 11144 1
10837 11144 1
10668 11144 1
11105 11144 1
10563 11144 1
11010 11144 1
10791 11144 1
10781 11144 1
10712 11144 2
10932 11144 2
10974 11144 1
10477 11144 2
10994 11144 1
10830 11144 1
11083 11144 1
11128 11144 1
11133 11145 9
11049 11145 2
11088 11145 1
11016 11145 1
11068 11145 1
10716 11145 1
10870 11145 1
11128 11145 1
11080 11145 1
11203 11146 2
11088 11146 1
11128 11146 1
10870 11146 1
11125 11146 5
11068 11147 1
10563 11147 1
10833 11147 1
10634 11147 1
10882 11147 2
11088 11147 1
11049 11147 2
10837 11147 1
11128 11147 1
10716 11147 1
11117 11147 21
10870 11147 1
10979 11147 3
10625 11147 1
10867 11147 3
11080 11147 1
11203 11147 2
11149 11148 1
11148 11150 1
11033 11150 1
11175 11150 1
10619 11150 2
11055 11150 1
10737 11150 4
10963 11150 3
10843 11150 2
10446 11150 1
10742 11150 1
11082 11150 1
10474 11150 1
10411 11150 4
10556 11150 1
10705 11150 3
11205 11150 1
10623 11150 2
11151 11150 58
10846 11150 3
10884 11150 1
11104 11150 1
10897 11150 2
10524 11150 4
10484 11150 1
10750 11150 2
10638 11150 3
10780 11150 1
10532 11150 1
10429 11150 7
10976 11150 1
11087 11150 1
10520 11150 1
10476 11150 3
10772 11150 3
10498 11150 1
10610 11150 3
10722 11150 3
10829 11151 1
10445 11151 1
11187 11151 3
11189 11151 8
11149 11151 5
10412 11151 4
10466 11151 4
11153 11151 1
10461 11151 3
10525 11151 4
11176 11151 1
10480 11151 1
11168 11151 1
10733 11151 4
10485 11151 1
10444 11151 4
10443 11151 3
10669 11151 3
10456 11151 1
11154 11151 9
10743 11151 1
11186 11151 3
10706 11151 3
11136 11151 12
10447 11151 2
10499 11151 1
10483 11151 2
10411 11152 4
11148 11152 1
10429 11152 7
11033 11152 1
10556 11152 1
10465 11152 1
10897 11152 2
10963 11152 3
10619 11152 2
10563 11152 1
10705 11152 3
10638 11152 3
10780 11152 1
11082 11152 1
10616 11152 1
11248 11152 1
10976 11152 1
10476 11152 3
11086 11152 1
10772 11152 3
10722 11152 3
10524 11152 4
10532 11152 1
11224 11152 1
11063 11152 1
11151 11152 47
10520 11152 1
10750 11152 2
10484 11152 1
10474 11152 1
10819 11152 2
11136 11153 2
11151 11153 4
10443 11153 4
11186 11153 3
10583 11153 1
11187 11153 3
11157 11155 6
11156 11155 3
11109 11157 10
10461 11157 3
11159 11158 1
10443 11159 1
10444 11159 1
10777 11159 1
10442 11159 25
11193 11159 12
10445 11159 1
10461 11159 1
10464 11159 12
11189 11159 1
10499 11159 1
10466 11159 1
11161 11160 1
10457 11161 6
11160 11162 1
11161 11162 1
11160 11163 1
11161 11163 1
11161 11164 1
11160 11164 1
10785 11166 1
11165 11166 3
10890 11167 1
11168 11167 2
10783 11168 4
10687 11168 4
10460 11168 5
10444 11168 6
10806 11169 3
11170 11169 4
11167 11169 2
11113 11170 7
10458 11170 6
10483 11170 1
11168 11170 2
10460 11170 5
11131 11170 11
10488 11170 1
11129 11170 4
10490 11170 1
11170 11171 2
11167 11171 2
11167 11172 2
11170 11172 2
11170 11173 2
11167 11173 2
11167 11174 2
11170 11174 4
10806 11174 3
11176 11175 1
10684 11176 4
10466 11176 8
10465 11177 1
10629 11177 2
11175 11177 1
10627 11177 2
10563 11177 1
11176 11177 6
11175 11178 1
10465 11178 1
11176 11178 6
10629 11178 2
10563 11178 1
10627 11178 2
10563 11179 1
10627 11179 2
11176 11179 5
11175 11179 1
10629 11179 2
11176 11180 6
10629 11180 2
10627 11180 2
10563 11180 1
11175 11180 1
10465 11180 1
11182 11181 2
11061 11181 1
11175 11181 1
10480 11182 3
10483 11182 5
11168 11182 3
11176 11182 3
10563 11183 1
11175 11183 1
10465 11183 1
11184 11183 5
10897 11183 2
10592 11184 3
11117 11184 3
10785 11184 1
10466 11184 4
11176 11184 1
10778 11184 1
10443 11186 2
11185 11186 3
10443 11187 2
11185 11187 3
11189 11188 3
10960 11188 2
10669 11189 1
11039 11189 1
11037 11189 1
11038 11189 1
10412 11189 1
11108 11189 1
10441 11189 6
10464 11189 1
10873 11190 2
10989 11190 1
10975 11190 1
10959 11190 1
11188 11190 3
10892 11190 1
10616 11190 1
11108 11190 9
10621 11191 1
11087 11191 1
10892 11191 1
10700 11191 2
10520 11191 1
10710 11191 1
11248 11191 1
10873 11191 2
11109 11191 26
10634 11191 1
10625 11191 1
10843 11191 2
10963 11191 3
10730 11191 2
11188 11191 3
10498 11191 1
10750 11191 2
10837 11191 1
10616 11191 1
11097 11191 1
10710 11192 1
10627 11192 2
10837 11192 1
10616 11192 1
10963 11192 3
10873 11192 2
11188 11192 3
10634 11192 1
11193 11192 34
10843 11192 2
10621 11192 1
10897 11192 2
11248 11192 1
10700 11192 2
10892 11192 1
10750 11192 2
10563 11192 1
10730 11192 2
10520 11192 1
10498 11192 1
10429 11192 7
10465 11192 1
10625 11192 1
11097 11192 1
10777 11193 4
10461 11193 4
10445 11193 4
10499 11193 6
11189 11193 11
10466 11193 7
10443 11193 4
10429 11194 7
11188 11194 3
10509 11194 2
10637 11194 2
11238 11194 1
10837 11194 1
10465 11194 1
10634 11194 1
10730 11194 2
10616 11194 1
10710 11194 1
10843 11194 2
11051 11194 1
10897 11194 2
10750 11194 2
10625 11194 1
10520 11194 1
10627 11194 2
11097 11194 1
10873 11194 2
10892 11194 1
10498 11194 1
10621 11194 1
11087 11194 1
10700 11194 2
10963 11194 3
11193 11194 40
10840 11194 2
11248 11194 1
10563 11194 1
11197 11195 3
11196 11195 3
10995 11198 1
11122 11198 2
11122 11201 1
11210 11202 1
11125 11202 2
11120 11203 2
11016 11203 1
11131 11204 2
11210 11204 1
10480 11205 1
10544 11207 1
10544 11208 2
11207 11208 1
11036 11208 1
10490 11210 1
10596 11220 1
10483 11222 1
10444 11224 1
10406 11225 1
10406 11226 1
11225 11226 1
11149 11228 1
11149 11229 1
11228 11229 1
10461 11230 1
10488 11231 1
11240 11232 1
10909 11232 2
11231 11232 1
11231 11233 1
11170 11233 1
10525 11234 1
10525 11235 1
11234 11235 1
10889 11236 1
10889 11237 1
11236 11237 1
10777 11238 1
10443 11239 1
10489 11240 1
11240 11241 1
10406 11241 1
11120 11242 1
11122 11243 1
10480 11244 1
10480 11245 1
11110 11246 1
11245 11246 1
11170 11247 1
10445 11248 1
10583 11249 1
11131 11250 1
11151 11251 1
11251 11252 1
11151 11252 1
10445 11253 1
