1 0 3
2 3 4
2 4 4
2 5 4
2 6 4
8 7 4
10 9 3
11 12 3
11 13 3
11 14 3
11 15 3
17 16 4
11 16 3
19 18 3
21 20 3
23 22 3
26 25 3
24 25 3
28 27 3
23 27 3
31 29 3
30 29 3
72 32 1
33 32 3
35 34 1
73 35 3
34 36 1
35 36 1
8 37 4
39 38 3
40 41 3
44 43 3
42 43 3
47 45 4
46 45 3
49 48 3
50 48 3
52 51 4
54 53 3
55 53 3
20 56 1
20 57 1
56 57 1
33 58 3
60 59 3
62 61 3
63 64 3
65 66 4
27 67 1
27 68 1
67 68 1
70 71 3
4 74 1
54 75 3
55 76 3
77 76 3
79 78 3
72 80 1
33 80 3
82 81 3
84 83 3
86 85 3
87 88 3
91 90 3
46 92 3
93 92 4
4 94 1
94 95 1
74 95 1
74 96 1
94 96 1
94 97 1
74 97 1
78 98 1
98 99 1
78 99 1
101 100 3
31 100 3
103 102 3
85 104 1
106 105 3
108 107 3
18 109 1
109 110 1
18 110 1
5 112 1
