15491 12726 1
15452 12726 1
14945 12726 24
14901 12726 1
14933 12726 21
12728 12727 4
12728 12729 4
12731 12730 5
15210 12731 3
14920 12731 3
12730 12731 2
12732 12731 8
14791 12732 4
15441 12732 1
14917 12732 1
15340 12732 1
14791 14790 4
15417 14790 1
15256 14790 1
15527 14790 1
14931 14791 3
15257 14791 2
12729 14791 1
14933 14792 1
14790 14792 4
15256 14792 1
15527 14792 1
14793 14792 6
15173 14793 1
15200 14793 3
15340 14793 1
14826 14793 1
14927 14793 3
15224 14793 1
15255 14793 4
14804 14793 28
15326 14793 1
15180 14793 4
15346 14793 1
14859 14793 1
14936 14793 32
15380 14793 2
12729 14793 1
15257 14793 2
15203 14793 1
15321 14793 1
14934 14793 5
15181 14793 1
15201 14793 1
15213 14793 1
15344 14793 1
14902 14793 1
15366 14793 1
14908 14793 7
14791 14793 5
15250 14793 12
15241 14793 22
14945 14793 24
15242 14793 24
15458 14793 1
15316 14794 1
15308 14794 6
15309 14794 6
14793 14794 19
15253 14794 1
14792 14794 6
14906 14794 4
15408 14795 1
15470 14795 1
14793 14795 10
14790 14795 4
15249 14795 2
15504 14795 1
14795 14796 10
15301 14796 7
14827 14796 15
14793 14796 57
15317 14796 2
15496 14796 1
15505 14796 1
15223 14796 1
15249 14796 3
15473 14796 1
15292 14796 6
15401 14796 1
15396 14796 1
15187 14796 1
15444 14796 2
14895 14796 15
14880 14796 5
15222 14796 2
15414 14796 1
15384 14796 1
14790 14796 4
14909 14796 3
15445 14796 1
15302 14796 6
14818 14796 13
15522 14797 1
15507 14797 1
14790 14797 4
12732 14797 7
15440 14797 1
15480 14798 2
14790 14798 4
14799 14798 6
14791 14799 4
15320 14799 2
15480 14800 2
14801 14800 6
14790 14800 4
15320 14801 2
14791 14801 4
15395 14802 1
14790 14802 4
15333 14802 1
15308 14802 6
15468 14802 1
14793 14802 16
15309 14802 6
15463 14802 1
15293 14803 4
14790 14803 4
14804 14803 13
15212 14803 5
15320 14804 2
14873 14804 5
15340 14804 1
14793 14804 6
15229 14804 6
15213 14804 5
14791 14804 10
15294 14804 4
14790 14805 4
14804 14805 4
14790 14806 4
14807 14806 4
14917 14807 1
14791 14807 5
14799 14807 6
15340 14807 1
14804 14808 4
14790 14808 4
15307 14809 6
15378 14809 2
15384 14809 1
15492 14809 1
15216 14809 1
15388 14809 1
15300 14809 7
15249 14809 1
14790 14809 4
15525 14809 1
14910 14809 3
15478 14809 1
15377 14809 2
14793 14809 26
15179 14809 1
15293 14810 4
14804 14810 13
14790 14810 4
15212 14810 5
14807 14811 4
14790 14811 4
15348 14812 3
14804 14812 22
15212 14812 5
15463 14812 1
15460 14812 2
15293 14812 4
15522 14812 1
15480 14812 2
14790 14812 4
15293 14813 4
14790 14813 4
14804 14813 13
15212 14813 5
14804 14814 4
14790 14814 4
14790 14815 4
14804 14815 4
14804 14816 4
14790 14816 4
14790 14817 4
14804 14817 4
15522 14818 1
14804 14818 13
14790 14818 4
15480 14818 2
15298 14818 5
14820 14819 4
14790 14819 4
14931 14820 1
15320 14820 2
15321 14820 1
15203 14820 1
12729 14820 1
15340 14820 1
14791 14820 10
14881 14820 2
15356 14821 1
15381 14821 3
15442 14821 1
14790 14821 4
14901 14821 1
15415 14821 1
15507 14821 1
15522 14821 1
14882 14821 1
15521 14821 1
14822 14821 15
14883 14822 1
15200 14822 3
15201 14822 1
15181 14822 1
15173 14822 1
15255 14822 4
15346 14822 1
15340 14822 1
14791 14822 4
14917 14822 1
14902 14822 1
15380 14822 1
14790 14823 4
15522 14823 1
15463 14823 1
15348 14823 3
15480 14823 2
15279 14823 3
14824 14823 14
15320 14824 2
15276 14824 3
14791 14824 8
15340 14824 1
14790 14825 4
14826 14825 19
15348 14825 3
15499 14825 1
15463 14825 1
15279 14825 3
15223 14825 1
15522 14825 1
15480 14825 2
15321 14826 1
15366 14826 1
15184 14826 1
14791 14826 8
15276 14826 3
12729 14826 1
15320 14826 2
14945 14826 4
14793 14826 6
15224 14826 1
15203 14826 1
15340 14826 1
15212 14827 1
14790 14827 4
15480 14827 2
15522 14827 1
15298 14827 5
15463 14827 1
14804 14827 15
15293 14827 1
15442 14828 1
14882 14828 1
15238 14828 4
14829 14828 21
15521 14828 1
15279 14828 3
15433 14828 1
15219 14828 1
14901 14828 1
14790 14828 4
15381 14828 3
15432 14828 1
15276 14829 3
15173 14829 1
14791 14829 4
15202 14829 4
14883 14829 1
14902 14829 1
15199 14829 1
15201 14829 1
15169 14829 1
14830 14829 1
15200 14829 3
14824 14830 4
14832 14831 4
15345 14832 1
15181 14832 1
15347 14832 1
14791 14832 2
15346 14832 1
14831 14832 1
14833 14834 1
14833 14835 1
14833 14836 1
14833 14837 1
14833 14838 1
14833 14839 1
14833 14840 1
14833 14841 1
14833 14842 1
14833 14843 1
14833 14844 1
14833 14845 1
14833 14846 1
14833 14847 1
14833 14848 1
14833 14849 1
14851 14850 2
15196 14850 2
15329 14850 1
14833 14850 1
14826 14852 2
15223 14852 1
14852 14853 2
14945 14853 2
14855 14854 2
14833 14854 1
14945 14857 6
14859 14858 1
14855 14859 2
14833 14859 1
15450 14860 1
15273 14860 2
15379 14860 3
15205 14860 1
14936 14860 17
15254 14860 4
14933 14860 1
14858 14860 1
15235 14860 3
15522 14860 1
15381 14861 3
15522 14861 1
14793 14861 15
15442 14861 1
15379 14861 2
14858 14861 1
15356 14861 1
15212 14861 1
15521 14861 1
15254 14861 4
14793 14862 23
15415 14862 1
15470 14862 1
15522 14862 1
14861 14862 15
14933 14862 5
15504 14862 1
15356 14862 1
14864 14863 1
14858 14863 1
14855 14864 2
14833 14864 1
14859 14864 1
14866 14865 5
15201 14866 1
15181 14866 1
14883 14866 1
14831 14866 1
15200 14866 3
15347 14866 1
15173 14866 1
15345 14866 1
14868 14867 4
12732 14867 4
14791 14869 3
15408 14869 1
15411 14869 2
14869 14870 3
14871 14870 3
14791 14871 3
15293 14872 4
15527 14872 1
14873 14872 6
15294 14873 4
15257 14873 1
14820 14873 4
14875 14874 8
14872 14874 6
15296 14874 6
15489 14874 1
14873 14875 7
15175 14875 2
15182 14875 6
14872 14876 6
14877 14876 6
15340 14877 1
14883 14877 1
15201 14877 1
15200 14877 3
12729 14877 1
14873 14877 6
15181 14877 1
15346 14877 2
15224 14877 1
15173 14877 1
15347 14877 2
14791 14877 3
14831 14877 2
14917 14877 1
14902 14877 1
15320 14877 2
15366 14877 1
15345 14877 2
14878 14879 3
14936 14880 5
15480 14880 2
15415 14880 1
15223 14880 1
14883 14882 1
15171 14883 4
15170 14883 3
14945 14884 10
15415 14884 1
15521 14884 1
15442 14884 1
14901 14884 1
15381 14884 3
15356 14884 1
14933 14884 1
14882 14884 1
15521 14885 1
15381 14885 3
14882 14885 1
14866 14885 6
15442 14885 1
15442 14886 1
15507 14886 1
14882 14886 1
15219 14886 1
15522 14886 1
14887 14886 18
15424 14886 1
15485 14886 1
15498 14886 1
15223 14886 1
15521 14886 1
15279 14886 3
15480 14886 2
15381 14886 3
15347 14887 2
15243 14887 6
15345 14887 2
14893 14887 6
14917 14887 1
15346 14887 2
12729 14887 1
15173 14887 1
15240 14887 8
14799 14887 6
15200 14887 3
14831 14887 2
15276 14887 3
15182 14887 2
15181 14887 2
14883 14887 1
15224 14887 1
15201 14887 1
15244 14887 6
15320 14887 2
15343 14887 2
15169 14887 1
15340 14887 2
15415 14888 1
15442 14888 1
15356 14888 1
15381 14888 3
14882 14888 1
14901 14888 1
14936 14888 9
15521 14888 1
15273 14889 2
15521 14889 1
14936 14889 12
15356 14889 1
15415 14889 1
15507 14889 1
15442 14889 1
14882 14889 1
15381 14889 3
14901 14889 1
14882 14890 1
15485 14890 1
15356 14890 1
15498 14890 1
15522 14890 1
15381 14890 3
15408 14890 1
15415 14890 1
15521 14890 1
15519 14890 1
15279 14890 3
14887 14890 16
15442 14890 1
14901 14891 1
14882 14891 1
15521 14891 1
15381 14891 3
15415 14891 1
15507 14891 1
15442 14891 1
15356 14891 1
14936 14891 10
14893 14892 10
15422 14892 1
15381 14892 3
15442 14892 1
15507 14892 1
15485 14892 1
15356 14892 1
15521 14892 1
14882 14892 1
14917 14893 1
15200 14893 3
14883 14893 1
15173 14893 1
15182 14893 1
15181 14893 1
15201 14893 1
15231 14893 1
14822 14894 16
15521 14894 1
15507 14894 1
15415 14894 1
15442 14894 1
14882 14894 1
15254 14894 4
15379 14894 1
14901 14894 1
15522 14894 1
15381 14894 3
15356 14894 1
15415 14895 1
15521 14895 1
14901 14895 1
14882 14895 1
15348 14895 3
14936 14895 15
15442 14895 1
15480 14895 2
15356 14895 1
15381 14895 3
15507 14896 1
15415 14896 1
15381 14896 3
15442 14896 1
14882 14896 1
15521 14896 1
14901 14896 1
15480 14896 2
14877 14896 12
15356 14896 1
15223 14897 1
15415 14897 1
15348 14897 3
15442 14897 1
15356 14897 1
15507 14897 1
14901 14897 1
15474 14897 1
15480 14897 2
14882 14897 1
15521 14897 1
15381 14897 3
14898 14897 17
14883 14898 1
15201 14898 1
14917 14898 1
15346 14898 1
15181 14898 1
15224 14898 1
15200 14898 3
15320 14898 2
15173 14898 1
15406 14898 1
14791 14898 3
14902 14898 1
15522 14899 1
15411 14899 2
15415 14899 1
14882 14899 1
15279 14899 3
15442 14899 1
15495 14899 1
15384 14899 1
15521 14899 1
14936 14899 25
14901 14899 1
15389 14899 1
15356 14899 1
15381 14899 3
15549 14899 1
15408 14899 1
15424 14899 1
15348 14899 3
15480 14899 2
15223 14899 1
15521 14900 1
15495 14900 1
15389 14900 1
15442 14900 1
15381 14900 3
14882 14900 1
15279 14900 3
14936 14900 19
15356 14900 1
15348 14900 3
14901 14900 1
15415 14900 1
15480 14900 2
14902 14901 1
15171 14902 4
15170 14902 3
14901 14903 1
15223 14903 1
15424 14903 1
15442 14903 1
15521 14903 1
15381 14903 3
14936 14903 8
15549 14904 1
15348 14904 3
15356 14904 1
15223 14904 1
15521 14904 1
15442 14904 1
14901 14904 1
15381 14904 3
14877 14904 19
15384 14904 1
15480 14904 2
15495 14904 1
15415 14904 1
15389 14904 1
15522 14904 1
14901 14905 1
14945 14905 1
15415 14906 1
14793 14906 4
15249 14906 1
14901 14906 1
15356 14907 1
15521 14907 1
15415 14907 1
15381 14907 3
14901 14907 1
14923 14907 6
14908 14907 14
15442 14907 1
14793 14908 8
15181 14908 1
12731 14908 6
15240 14908 8
15346 14908 1
15200 14908 3
15201 14908 1
15173 14908 1
15340 14908 1
14902 14908 1
15236 14908 2
15415 14909 1
14901 14909 1
14936 14909 3
14936 14910 3
14901 14910 1
15415 14910 1
14901 14911 1
15507 14911 1
15522 14911 1
15415 14911 1
15442 14911 1
15381 14911 3
15408 14911 1
15521 14911 1
14912 14911 11
15356 14911 1
15181 14912 1
15201 14912 1
15200 14912 3
14902 14912 1
14917 14912 1
15340 14912 1
15173 14912 1
12729 14912 1
15346 14912 1
15415 14913 1
15279 14913 3
15389 14913 1
15495 14913 1
14936 14913 8
15356 14913 1
14901 14913 1
15389 14914 1
15408 14914 1
15279 14914 3
14901 14914 1
14936 14914 6
14945 14915 3
14901 14915 1
15490 14915 1
15415 14915 1
14945 14916 8
15381 14916 3
14901 14916 1
14933 14916 2
15219 14916 1
15442 14916 1
15257 14917 1
14918 14917 4
14791 14918 3
15340 14918 1
14920 14919 1
12731 14920 5
15387 14920 1
14922 14921 1
14919 14921 1
14920 14922 3
14919 14923 1
15151 14923 2
15436 14923 2
12731 14923 6
14925 14924 6
14923 14924 6
12731 14925 6
15218 14925 3
14923 14926 6
14927 14926 6
14807 14927 5
12731 14927 6
14793 14927 6
15511 14928 1
14929 14928 2
14931 14930 1
14820 14932 8
15408 14932 1
15348 14932 3
14930 14932 1
15470 14932 1
15460 14932 2
15504 14932 1
14934 14933 31
14936 14935 34
15450 14935 1
15507 14935 1
15155 14935 1
14933 14935 30
15276 14936 3
15236 14936 3
15255 14936 4
15347 14936 1
14791 14936 4
12729 14936 1
15206 14936 1
14943 14936 32
15380 14936 3
14902 14936 1
15340 14936 1
15346 14936 1
15320 14936 2
15224 14936 1
15345 14936 1
14831 14936 1
15181 14936 1
14917 14936 1
15366 14936 1
15251 14936 2
14881 14936 2
15173 14936 1
15200 14936 3
14934 14936 31
14883 14936 1
15156 14936 1
14859 14936 1
15201 14936 1
15182 14936 2
14887 14936 11
14908 14936 9
14901 14937 1
15356 14937 1
15415 14937 1
15483 14937 3
14882 14937 1
15521 14937 1
14935 14937 34
14936 14937 46
15442 14937 1
15381 14937 3
15415 14938 1
15442 14938 1
15381 14938 3
14936 14938 48
15521 14938 1
15356 14938 1
15273 14938 2
14935 14938 34
14901 14938 1
15483 14938 3
15450 14938 2
14882 14938 1
15174 14939 1
15442 14939 1
14940 14939 53
15438 14939 1
14825 14939 1
15381 14939 3
15521 14939 1
15483 14939 3
15415 14939 1
14901 14939 1
14882 14939 1
15356 14939 1
14935 14939 34
14790 14939 4
15200 14940 3
15175 14940 1
14936 14940 37
14902 14940 1
15346 14940 1
15181 14940 1
14826 14940 1
15365 14940 1
14883 14940 1
14791 14940 4
15201 14940 1
15173 14940 1
15389 14941 1
15381 14941 3
15348 14941 3
14882 14941 1
15483 14941 3
15521 14941 1
14935 14941 34
14936 14941 57
15415 14941 1
15480 14941 2
15356 14941 1
15495 14941 1
15522 14941 1
15549 14941 1
14901 14941 1
15442 14941 1
15223 14941 1
15279 14941 3
14943 14942 32
14933 14942 31
14912 14943 4
14934 14943 31
15522 14944 1
14942 14944 32
14933 14944 2
15415 14944 1
15421 14944 1
15362 14944 1
15356 14944 1
14945 14944 37
15200 14945 3
14908 14945 1
14902 14945 1
15318 14945 1
15184 14945 1
15181 14945 2
14934 14945 31
15276 14945 1
15288 14945 1
14826 14945 7
15182 14945 1
14943 14945 32
15346 14945 1
15272 14945 1
15340 14945 1
15201 14945 1
15173 14945 1
15175 14945 1
15454 14945 1
14883 14945 1
15169 14945 1
15442 14946 1
15356 14946 1
14936 14946 42
14901 14946 1
14942 14946 32
15415 14946 1
15485 14946 1
15521 14946 1
14882 14946 1
15381 14946 3
15298 15149 5
14804 15149 6
15227 15150 6
14793 15150 17
15455 15150 1
15149 15150 6
15303 15150 6
15304 15150 6
15437 15150 1
15185 15150 5
15500 15151 1
14920 15151 2
14922 15152 2
15151 15152 2
15154 15153 3
15156 15155 1
15155 15157 1
15158 15157 1
15221 15158 2
14833 15158 1
15156 15158 1
15489 15159 1
14945 15159 9
15381 15159 3
15442 15159 1
14933 15159 4
14831 15160 1
15389 15161 1
15160 15161 1
14887 15161 12
15485 15161 1
15339 15161 1
15495 15161 1
15418 15161 1
15375 15161 1
15415 15161 1
15356 15161 1
15549 15161 1
15491 15161 1
15427 15161 1
15418 15162 1
15495 15162 1
15223 15162 1
15375 15162 1
15549 15162 1
15160 15162 1
14877 15162 14
15408 15162 1
15356 15162 1
15415 15162 1
15480 15162 2
15427 15162 1
15389 15162 1
15384 15162 1
15245 15163 1
15375 15163 1
15526 15163 1
15439 15163 1
15279 15163 1
15427 15163 1
15160 15163 1
15418 15163 1
15506 15163 1
15204 15163 1
15172 15163 1
15457 15163 1
15164 15163 12
14902 15164 1
15276 15164 1
15346 15164 1
15173 15164 1
14883 15164 1
15201 15164 1
15347 15164 1
15178 15164 1
15200 15164 1
14945 15164 18
14831 15164 1
15169 15164 1
15345 15164 1
15165 15166 3
15168 15167 3
15170 15169 3
15171 15169 4
15173 15172 1
15171 15173 4
15170 15173 3
15175 15174 1
15364 15175 3
15257 15175 1
15296 15176 6
15298 15176 5
14875 15176 8
15174 15176 1
15276 15177 3
15177 15178 4
15257 15178 1
15180 15179 1
15183 15180 1
14873 15180 2
14832 15181 4
15294 15182 4
15257 15182 1
14877 15182 4
14820 15183 5
14833 15184 1
14824 15184 1
14855 15184 2
15356 15185 1
15495 15185 1
15389 15185 1
14936 15185 5
15415 15185 1
14908 15187 1
15190 15189 1
15429 15190 2
14833 15190 1
15189 15191 1
15192 15191 2
15211 15192 2
15190 15192 1
14833 15192 1
15194 15193 2
15191 15193 2
14833 15194 1
15192 15194 2
14851 15194 2
15196 15195 2
15189 15195 1
15190 15196 1
14833 15196 1
15211 15196 2
14850 15197 3
15195 15197 2
15328 15197 1
15171 15199 4
15198 15199 3
15171 15200 4
15170 15200 3
15380 15200 2
15170 15201 3
15171 15201 4
15236 15202 3
15170 15202 3
15171 15202 4
12728 15203 4
15169 15204 1
15206 15205 2
15208 15207 2
15205 15207 2
15206 15208 2
15337 15208 3
14833 15209 1
14855 15209 2
15213 15212 5
15183 15213 1
15293 15214 2
15480 15214 2
14804 15214 7
15212 15214 2
15522 15214 1
15180 15216 1
14922 15217 4
15169 15219 1
15225 15220 6
15453 15220 1
14945 15220 11
15287 15220 1
15219 15220 1
15279 15220 1
15499 15220 1
15223 15222 1
14936 15222 2
15224 15223 1
12728 15224 4
15384 15225 1
15408 15225 1
15392 15225 1
14826 15225 6
15435 15225 1
15223 15225 1
15424 15226 1
14887 15226 3
15485 15226 1
15223 15226 1
15356 15227 1
15495 15227 1
15389 15227 1
15415 15227 1
14936 15227 6
15223 15227 1
15212 15228 1
15298 15228 5
15229 15228 6
14893 15229 6
15203 15229 1
14873 15229 5
15183 15229 1
12729 15229 1
14791 15229 6
15340 15229 1
15213 15229 2
14799 15229 6
14917 15229 1
15294 15229 1
15321 15229 1
15257 15229 1
15212 15230 2
15527 15230 1
15348 15230 3
15507 15230 1
15460 15230 2
15293 15230 1
15298 15230 5
15229 15230 14
14829 15231 4
14829 15232 4
14829 15233 4
15251 15234 2
15257 15234 1
14829 15234 4
15236 15235 3
14908 15237 2
15235 15237 2
15202 15238 4
15235 15238 3
15240 15239 4
15238 15239 4
15182 15240 1
15164 15240 11
15276 15240 3
15202 15240 4
15346 15240 1
15181 15240 1
15231 15243 1
15232 15243 1
15233 15243 1
15320 15243 2
15182 15244 1
15178 15245 1
15247 15246 3
15250 15249 12
12728 15252 4
14793 15253 1
15255 15254 4
15257 15256 1
14791 15258 2
15256 15258 1
15527 15258 1
15260 15259 1
15352 15260 3
15353 15260 1
15354 15260 1
15262 15261 3
15393 15261 1
15259 15261 1
15431 15261 1
15153 15262 1
15260 15262 1
14879 15262 1
15431 15263 1
15393 15263 1
15262 15263 3
15259 15263 1
15259 15264 1
15265 15264 3
15431 15264 1
15393 15264 1
14879 15265 1
15153 15265 1
15260 15265 1
15259 15266 1
15265 15266 3
15393 15266 1
15431 15266 1
15431 15267 1
15393 15267 1
15265 15267 3
15259 15267 1
15393 15268 1
15259 15268 1
15431 15268 1
15265 15268 3
15270 15269 3
15259 15269 1
15431 15269 1
15393 15269 1
15153 15270 1
15260 15270 1
14879 15270 1
15270 15271 3
15393 15271 1
15431 15271 1
15259 15271 1
14857 15272 5
14793 15272 6
15251 15273 2
15273 15274 2
15527 15274 1
15234 15274 3
15273 15275 2
15276 15275 3
15527 15275 1
15257 15276 1
15251 15276 2
15527 15277 1
15273 15277 2
15276 15277 3
15276 15278 3
15273 15278 2
15527 15278 1
15276 15279 4
15273 15279 2
15177 15280 3
15279 15280 3
15279 15281 3
15282 15281 3
15276 15282 3
15279 15283 3
15408 15283 1
14936 15283 5
15522 15283 1
15279 15284 3
14936 15284 4
15384 15284 1
15279 15285 3
15450 15285 2
15483 15285 3
15411 15285 2
14936 15285 9
15408 15285 1
15279 15286 3
15240 15286 3
15288 15287 1
14855 15288 2
14833 15288 1
14945 15289 2
15356 15289 1
14933 15289 1
15217 15290 1
15217 15291 1
15290 15291 1
15298 15292 5
14804 15292 6
15294 15293 4
15527 15295 1
15182 15295 5
15293 15295 4
15293 15296 4
15182 15296 6
15527 15296 1
14873 15297 5
15527 15297 1
15293 15297 4
14873 15298 5
15293 15298 4
15507 15299 1
15550 15299 1
15463 15299 1
15522 15299 1
15229 15299 13
15348 15299 3
15298 15299 5
15527 15299 1
15522 15300 1
15298 15300 5
14804 15300 7
14804 15301 7
15298 15301 5
15522 15301 1
15298 15302 5
14804 15302 6
14804 15303 6
15298 15303 5
15298 15304 5
14804 15304 6
15298 15305 5
14804 15305 6
14793 15306 9
15249 15306 1
15305 15306 6
15333 15306 1
15468 15306 1
14804 15307 6
15298 15307 5
15298 15308 5
14804 15308 6
15298 15309 5
14804 15309 6
15298 15310 5
14804 15310 5
14873 15311 3
15293 15311 3
14873 15312 1
15293 15312 1
15182 15313 1
15315 15314 3
14826 15316 2
14825 15316 1
15376 15317 1
14936 15317 2
14833 15318 1
14855 15318 2
15319 15320 3
14881 15320 1
12728 15321 4
15168 15322 3
14832 15323 4
14793 15324 1
15249 15324 1
15327 15326 8
14793 15326 8
15164 15327 9
15329 15328 1
14833 15329 1
15221 15329 2
14793 15331 6
15332 15331 4
14927 15333 1
15326 15334 9
15336 15335 3
14866 15338 4
15340 15339 1
15257 15340 1
14832 15340 4
14877 15343 4
14793 15344 6
14801 15344 4
14832 15345 4
14832 15346 4
14832 15347 4
14791 15348 3
15408 15348 1
15493 15348 1
15480 15349 2
15463 15349 1
14820 15349 9
15522 15349 1
15348 15349 3
15460 15349 2
14804 15350 3
15348 15350 3
15348 15351 3
15229 15351 3
15181 15356 1
15356 15357 1
15415 15357 1
14887 15357 2
15356 15358 1
15240 15358 2
15415 15358 1
15356 15359 1
15485 15359 1
15240 15359 3
15415 15359 1
15549 15360 1
15495 15360 1
15389 15360 1
14866 15360 4
15356 15360 1
15356 15361 1
15495 15361 1
15411 15361 2
15389 15361 1
15549 15361 1
14832 15361 7
15415 15361 1
15272 15362 1
15364 15365 3
12728 15366 4
14873 15367 2
15293 15367 1
15367 15368 2
15456 15368 1
15180 15368 3
15456 15369 1
15367 15369 2
15180 15369 3
15367 15370 2
15456 15370 1
15180 15370 3
15180 15371 3
15367 15371 2
15456 15371 1
15212 15372 1
15293 15372 1
15373 15372 2
15213 15373 1
15294 15373 1
14873 15374 3
15293 15374 2
15527 15374 1
15346 15375 1
14936 15376 1
15376 15377 1
14936 15377 2
15376 15378 1
14936 15378 2
15380 15379 3
15200 15381 3
15379 15381 2
14912 15383 4
15366 15384 1
15386 15385 1
14865 15385 1
15180 15388 1
15345 15389 1
14877 15390 1
15389 15390 1
15389 15391 1
15549 15391 1
14866 15391 3
15495 15391 1
15321 15392 1
15153 15393 1
15265 15394 1
15393 15394 1
14804 15395 1
14908 15396 1
14793 15397 1
14855 15398 2
14833 15398 1
14793 15399 2
15249 15399 2
15293 15400 1
14873 15400 1
14908 15401 1
14793 15402 1
14793 15403 1
15402 15403 1
15405 15406 3
12729 15408 1
15460 15409 2
15408 15409 1
15229 15409 3
15408 15410 1
15229 15410 1
15408 15411 1
14791 15411 2
15247 15412 3
14927 15414 1
15346 15415 1
14793 15416 1
15415 15416 1
14931 15417 1
15345 15418 1
15419 15420 3
14908 15421 1
15231 15422 1
15422 15423 1
15517 15423 1
15243 15423 3
15449 15423 1
15182 15424 1
15313 15425 1
15424 15425 1
15485 15426 1
15424 15426 1
14887 15426 2
15347 15427 1
15168 15428 3
14879 15431 1
15199 15432 1
14830 15433 1
15203 15435 1
15502 15436 1
12730 15436 2
14936 15437 1
15365 15438 1
14883 15439 1
15441 15440 1
15173 15442 1
14908 15444 2
15522 15444 1
14927 15445 1
15373 15446 1
15212 15446 1
15212 15447 1
15373 15447 1
15233 15449 1
14881 15450 2
15450 15451 2
15480 15451 2
15522 15451 1
14820 15451 4
15182 15452 1
15454 15453 1
14833 15454 1
14855 15454 2
14936 15455 1
15183 15456 1
14902 15457 1
14931 15459 1
15459 15460 1
14791 15460 2
15460 15461 2
15463 15461 1
15522 15461 1
14918 15461 4
14791 15463 1
14804 15464 1
15463 15464 1
15463 15465 1
14804 15465 2
15522 15465 1
14807 15466 1
15463 15466 1
15511 15467 1
14929 15467 2
14936 15468 1
14793 15469 1
15249 15469 1
15321 15470 1
15504 15471 1
15470 15471 1
15229 15471 2
15470 15472 1
15504 15472 1
14793 15472 2
15326 15473 1
15406 15474 1
15503 15477 2
15476 15477 1
14908 15478 1
15320 15480 2
15450 15480 1
15480 15481 2
15243 15481 2
15480 15482 2
15243 15482 2
14936 15483 3
15480 15483 2
14936 15484 2
15480 15484 2
15182 15485 1
15485 15486 1
15244 15486 1
15485 15487 1
14887 15487 1
14887 15488 1
15485 15488 1
15175 15489 1
15318 15490 1
15181 15491 1
15180 15492 1
14931 15493 1
14831 15495 1
15344 15496 1
15343 15498 1
15184 15499 1
15387 15500 1
15500 15501 1
14920 15501 1
12730 15502 1
15203 15504 1
14908 15505 1
15200 15506 1
14917 15507 1
15229 15508 2
15522 15508 1
15507 15508 1
15229 15509 2
15522 15509 1
15507 15509 1
15507 15510 1
15522 15510 1
14807 15510 2
15450 15513 1
15320 15513 1
15450 15514 1
15320 15514 1
15320 15515 1
15450 15515 1
15232 15517 1
15343 15519 1
15201 15521 1
15340 15522 1
14807 15523 1
15522 15523 1
14804 15524 1
15522 15524 1
14936 15525 1
15201 15526 1
15257 15527 1
15527 15528 1
15178 15528 1
15175 15529 1
15527 15529 1
15527 15530 1
15175 15530 1
14791 15531 1
15527 15531 1
15527 15532 1
14791 15532 1
15527 15533 1
14791 15533 1
15527 15534 1
14791 15534 1
15527 15535 1
14791 15535 1
14917 15536 1
15527 15536 1
14917 15537 1
15527 15537 1
14917 15538 1
15527 15538 1
15527 15539 1
14917 15539 1
14791 15540 1
15527 15540 1
15340 15541 1
15527 15541 1
15340 15542 1
15527 15542 1
15340 15543 1
15527 15543 1
15340 15544 1
15527 15544 1
15340 15545 1
15527 15545 1
15527 15546 1
15340 15546 1
15527 15547 1
14791 15547 1
14791 15548 1
15527 15548 1
15347 15549 1
15183 15550 1
