9997 9998 3
10001 10000 1
10048 10001 1
10031 10001 1
10005 10001 3
10030 10002 1
10000 10002 1
10037 10002 1
10001 10002 3
10033 10003 2
10037 10003 1
10049 10003 1
10047 10003 1
10000 10003 1
10018 10003 2
10004 10003 9
10011 10003 2
10001 10004 2
9998 10004 7
9998 10006 1
10049 10007 1
10047 10007 1
10032 10007 1
10046 10007 1
10019 10007 4
10017 10007 1
10006 10007 1
10008 10007 7
9998 10008 7
10036 10008 1
10006 10009 1
10037 10009 1
10004 10009 2
9998 10010 2
10006 10010 1
10023 10010 1
10037 10011 1
10004 10011 2
10011 10012 2
10018 10012 2
10033 10012 2
10004 10012 7
10037 10012 1
10034 10012 2
10014 10013 3
10047 10013 1
10037 10013 1
10001 10014 1
9998 10014 2
10013 10015 3
10014 10015 3
10042 10016 2
10043 10016 2
10014 10016 6
10013 10016 3
10037 10016 1
9998 10017 1
10004 10018 2
10017 10018 1
10032 10019 1
10017 10019 1
9998 10019 4
10047 10019 1
10019 10020 4
10004 10020 4
10004 10021 4
10019 10021 4
10035 10022 1
9998 10023 1
10035 10024 1
9998 10027 1
10029 10028 1
10027 10028 1
9998 10029 1
10031 10030 1
9998 10032 1
10004 10033 2
10032 10033 1
10037 10034 1
10004 10034 2
10001 10037 1
10037 10038 1
10004 10038 1
10037 10039 1
10049 10039 1
10004 10039 4
10046 10039 1
10047 10039 1
10037 10040 1
10014 10040 1
10037 10041 1
10014 10041 1
10014 10042 2
10037 10042 1
10046 10043 1
10014 10043 2
10014 10044 1
10014 10045 1
10044 10045 1
9998 10046 1
9998 10047 1
9998 10049 1
