6923 6846 1
6846 6847 4
6849 6848 1
6849 6850 1
6848 6850 1
6852 6851 3
6957 6856 1
6856 6857 4
6861 6860 1
6989 6861 4
6890 6862 1
6863 6862 2
6860 6862 1
6861 6863 3
6863 6864 2
6860 6864 1
6890 6864 1
6863 6865 2
6860 6865 1
6890 6865 1
6860 6866 1
6863 6866 2
6890 6866 1
6860 6867 1
6890 6867 1
6863 6867 2
6985 6868 1
6869 6870 4
6872 6871 3
6874 6873 3
6875 6876 3
6878 6877 3
6881 6880 3
6883 6882 2
7013 6882 1
6957 6884 1
6884 6885 4
6888 6887 3
6861 6890 1
6863 6891 1
6890 6891 1
6858 6892 1
6894 6893 1
6892 6893 1
6904 6894 3
6858 6894 1
7059 6895 1
6895 6896 4
6898 6897 1
6897 6899 1
6900 6899 1
6898 6900 2
6902 6901 3
6967 6903 1
6904 6903 3
6908 6907 1
6926 6908 3
6907 6909 1
6910 6909 1
6908 6910 1
6907 6911 1
6910 6911 1
6972 6912 1
6912 6913 4
6916 6915 1
6918 6917 1
6915 6917 1
6916 6918 1
6978 6919 3
6923 6922 1
6922 6924 1
6846 6924 1
6926 6925 3
6927 6928 4
6930 6929 3
6900 6932 4
6878 6933 3
6936 6935 3
6904 6938 3
6950 6938 1
6940 6939 2
7071 6939 1
7016 6943 1
7013 6943 1
6945 6943 2
6944 6943 2
6878 6949 3
6951 6950 2
6966 6950 1
6954 6953 1
6954 6955 1
6953 6955 1
6957 6956 1
6956 6958 1
6884 6958 1
6961 6960 3
6963 6964 3
6966 6967 1
7054 6967 2
6991 6971 1
6971 6972 4
6926 6973 3
6979 6980 4
6982 6981 2
7051 6981 1
6941 6982 1
6982 6983 2
6981 6983 2
6985 6984 1
6984 6986 1
6868 6986 1
6988 6987 1
6984 6987 1
6985 6988 1
6926 6990 3
6993 6992 1
6992 6994 1
6995 6994 1
6993 6995 1
6978 7002 1
7078 7003 1
7027 7003 1
6919 7003 3
7002 7003 1
7027 7004 1
7078 7004 1
7002 7004 1
6919 7004 3
6973 7005 2
7062 7005 1
7007 7006 2
7005 7006 2
7017 7007 3
6973 7007 2
6878 7009 3
7011 7010 2
7065 7010 1
7016 7014 1
7013 7014 1
7032 7014 2
7033 7014 2
7013 7015 1
7057 7015 2
6849 7021 1
7021 7022 1
6849 7022 1
7025 7024 4
6978 7027 1
6926 7031 3
6967 7034 1
6903 7035 1
7034 7035 1
6918 7036 4
6957 7037 1
6856 7038 1
7037 7038 1
7041 7040 3
6926 7040 3
6950 7048 1
7048 7049 1
6938 7049 1
6941 7051 1
7059 7058 1
6895 7060 1
7058 7060 1
6973 7062 1
6898 7063 1
7063 7064 1
6900 7064 1
6926 7069 3
6972 7072 1
6912 7073 1
7072 7073 1
6991 7075 1
6971 7076 1
7075 7076 1
6978 7078 1
6861 7081 1
7081 7082 1
6863 7082 1
