1040 1039 1
1040 1041 1
1039 1041 1
1040 1042 1
1039 1042 1
1044 1043 3
1046 1045 3
1046 1048 3
1050 1049 1
1052 1050 1
1064 1050 1
1128 1050 1
1130 1050 1
1049 1051 1
1052 1051 1
1127 1052 3
1050 1052 2
1228 1052 1
1054 1053 3
1055 1056 1
1296 1056 2
1208 1057 1
1159 1057 1
1291 1057 1
1050 1057 3
1111 1057 1
1085 1057 2
1058 1057 19
1186 1057 1
1060 1059 2
1044 1060 5
1062 1061 2
1059 1061 2
1060 1062 2
1046 1063 3
1050 1064 1
1228 1064 1
1065 1064 3
1044 1066 3
1044 1067 3
1044 1068 3
1044 1069 3
1044 1070 1
1331 1070 2
1044 1071 3
1044 1072 3
1044 1073 3
1056 1074 1
1056 1075 2
1074 1075 1
1075 1076 2
1056 1076 2
1078 1077 3
1080 1079 1
1157 1080 3
1186 1081 1
1057 1081 8
1291 1081 2
1159 1081 1
1050 1081 5
1292 1081 1
1047 1082 1
1047 1083 1
1082 1083 1
1082 1084 1
1047 1084 1
1291 1085 1
1050 1085 3
1081 1085 5
1087 1086 1
1166 1087 3
1086 1088 1
1266 1088 1
1249 1088 1
1087 1088 3
1090 1089 3
1092 1091 1
1091 1093 1
1092 1093 1
1347 1095 1
1096 1095 2
1168 1096 2
1246 1096 3
1209 1096 1
1095 1097 2
1232 1097 1
1350 1097 1
1098 1097 9
1110 1097 1
1182 1097 1
1308 1097 1
1345 1097 1
1145 1097 1
1111 1098 1
1050 1098 4
1096 1098 2
1057 1098 10
1208 1098 1
1159 1098 1
1246 1098 2
1085 1098 1
1046 1099 3
1080 1100 1
1102 1101 1
1277 1103 1
1102 1103 2
1101 1103 1
1102 1104 1
1101 1104 1
1102 1106 1
1249 1107 1
1222 1107 1
1108 1107 3
1106 1107 1
1087 1108 1
1154 1108 2
1102 1108 1
1050 1109 1
1081 1109 5
1159 1109 1
1111 1110 1
1264 1111 3
1110 1112 1
1057 1112 3
1253 1112 2
1110 1113 1
1114 1113 1
1085 1114 2
1050 1114 3
1111 1114 1
1098 1114 5
1110 1115 1
1114 1115 1
1046 1116 3
1087 1117 1
1117 1118 1
1172 1118 1
1305 1118 1
1266 1118 1
1087 1118 6
1227 1118 1
1346 1118 1
1120 1119 1
1157 1120 3
1120 1121 1
1119 1121 1
1058 1122 3
1098 1122 5
1125 1124 3
1080 1126 1
1129 1128 3
1228 1128 1
1050 1128 5
1228 1130 1
1050 1130 5
1131 1130 3
1096 1130 3
1087 1132 1
1087 1133 1
1132 1133 1
1132 1134 1
1087 1134 1
1072 1135 1
1230 1136 1
1135 1136 1
1137 1136 2
1071 1137 1
1072 1137 1
1070 1137 1
1050 1138 1
1138 1139 1
1064 1139 1
1345 1140 1
1250 1140 1
1138 1140 1
1141 1140 3
1050 1141 3
1138 1142 1
1185 1142 1
1293 1142 1
1081 1142 5
1265 1142 1
1214 1142 1
1138 1143 1
1109 1143 1
1138 1144 1
1109 1144 1
1050 1145 1
1278 1146 1
1182 1146 1
1145 1146 1
1130 1146 3
1098 1147 5
1145 1147 1
1207 1147 1
1158 1147 1
1250 1147 1
1347 1147 1
1250 1148 1
1278 1148 1
1130 1148 3
1145 1148 1
1149 1150 3
1149 1151 3
1294 1152 2
1149 1152 3
1342 1153 1
1154 1153 2
1153 1155 2
1108 1155 2
1342 1156 1
1154 1156 2
1153 1156 2
1159 1158 1
1185 1160 1
1326 1160 1
1158 1160 1
1081 1160 5
1202 1160 1
1290 1160 1
1202 1161 1
1265 1161 1
1185 1161 1
1290 1161 1
1081 1161 6
1158 1161 1
1326 1161 1
1290 1162 1
1185 1162 1
1158 1162 1
1207 1162 1
1057 1162 4
1109 1163 1
1158 1163 1
1165 1164 3
1170 1169 1
1170 1171 1
1169 1171 1
1087 1172 1
1174 1173 1
1173 1175 1
1174 1175 1
1174 1176 1
1173 1176 1
1178 1177 3
1180 1179 2
1256 1179 1
1180 1181 2
1179 1181 2
1050 1182 1
1114 1183 1
1182 1183 1
1081 1184 2
1185 1184 1
1182 1184 1
1186 1185 1
1250 1187 1
1057 1187 4
1202 1187 1
1185 1187 1
1278 1187 1
1108 1188 1
1188 1189 1
1297 1189 1
1108 1189 2
1108 1190 2
1222 1190 1
1108 1191 3
1190 1191 2
1191 1192 3
1108 1192 3
1108 1193 2
1190 1193 2
1195 1194 1
1348 1196 1
1069 1197 1
1199 1198 1
1197 1198 1
1069 1199 1
1221 1200 1
1050 1202 1
1328 1203 1
1202 1203 1
1128 1203 2
1202 1204 1
1085 1204 2
1290 1204 1
1202 1205 1
1085 1205 2
1290 1205 1
1290 1206 1
1085 1206 2
1202 1206 1
1208 1207 1
1211 1210 1
1211 1212 1
1210 1212 1
1210 1213 1
1211 1213 1
1050 1214 1
1214 1215 1
1265 1215 1
1250 1215 1
1128 1215 3
1214 1216 1
1085 1216 2
1250 1216 1
1304 1218 2
1058 1218 3
1165 1218 1
1098 1219 5
1050 1220 1
1114 1220 2
1057 1220 4
1108 1222 1
1222 1223 1
1108 1223 1
1108 1224 1
1222 1224 1
1222 1225 1
1226 1225 3
1108 1225 3
1225 1226 3
1108 1226 3
1087 1227 1
1070 1230 1
1054 1231 3
1085 1232 1
1165 1233 1
1285 1233 2
1165 1234 3
1257 1236 1
1237 1236 2
1237 1238 4
1261 1238 3
1257 1238 1
1236 1238 2
1170 1239 1
1239 1240 1
1170 1240 1
1170 1241 3
1239 1241 1
1276 1241 1
1170 1242 3
1241 1242 3
1063 1243 1
1243 1244 1
1063 1244 1
1246 1245 1
1350 1247 1
1096 1247 3
1245 1247 1
1247 1248 3
1250 1248 1
1130 1248 5
1345 1248 1
1087 1249 1
1050 1250 1
1250 1251 1
1114 1251 1
1250 1252 1
1114 1252 1
1085 1253 2
1250 1253 1
1253 1254 2
1114 1254 2
1250 1255 1
1128 1255 2
1265 1255 1
1180 1256 1
1237 1257 1
1257 1258 1
1237 1258 1
1237 1259 1
1257 1259 1
1257 1260 1
1237 1260 1
1237 1261 3
1262 1261 3
1257 1261 1
1237 1262 3
1261 1262 3
1261 1263 3
1237 1263 3
1050 1265 1
1087 1266 1
1046 1267 3
1271 1268 1
1268 1272 1
1271 1272 1
1157 1273 3
1157 1274 3
1170 1276 1
1102 1277 1
1050 1278 1
1114 1279 1
1278 1279 1
1114 1280 2
1278 1280 1
1280 1281 2
1220 1281 2
1278 1282 1
1220 1282 1
1278 1283 1
1052 1283 1
1334 1287 1
1325 1287 1
1288 1287 3
1288 1289 3
1287 1289 3
1291 1290 1
1291 1293 1
1108 1297 1
1089 1298 1
1300 1299 1
1298 1299 1
1089 1300 1
1298 1301 1
1089 1301 1
1089 1302 1
1298 1302 1
1089 1303 1
1298 1303 1
1087 1305 1
1288 1306 1
1288 1307 1
1306 1307 1
1098 1308 1
1349 1310 1
1311 1310 2
1310 1312 2
1311 1312 2
1071 1313 1
1137 1314 1
1313 1314 1
1313 1315 1
1137 1315 1
1137 1316 1
1313 1316 1
1313 1317 1
1137 1317 1
1137 1318 1
1313 1318 1
1313 1319 1
1137 1319 1
1321 1320 1
1321 1322 1
1320 1322 1
1046 1323 3
1288 1325 1
1292 1326 1
1221 1327 1
1050 1328 1
1077 1329 1
1329 1330 1
1077 1330 1
1273 1332 1
1273 1333 1
1332 1333 1
1288 1334 1
1137 1337 1
1137 1338 1
1337 1338 1
1337 1339 1
1137 1339 1
1137 1340 1
1337 1340 1
1337 1341 1
1137 1341 1
1154 1342 1
1080 1343 1
1050 1345 1
1087 1346 1
1246 1347 1
1311 1349 1
1246 1350 1
