9358 9357 3
9360 9359 4
9360 9361 4
9364 9363 1
9366 9365 2
9419 9365 1
9363 9365 1
9364 9366 2
9422 9366 1
9361 9366 1
9371 9366 1
9419 9367 1
9368 9367 2
9363 9367 1
9413 9368 4
9364 9368 3
9426 9369 3
9371 9370 1
9360 9371 4
9447 9372 1
9370 9372 1
9373 9372 3
9481 9372 1
9371 9373 1
9422 9373 1
9361 9373 1
9447 9374 1
9400 9374 1
9370 9374 1
9366 9374 3
9376 9375 3
9451 9377 1
9378 9377 4
9379 9378 13
9381 9380 2
9480 9380 1
9423 9381 1
9426 9381 2
9359 9381 1
9380 9382 1
9427 9382 1
9383 9382 3
9411 9382 1
9404 9383 1
9366 9383 1
9381 9383 1
9380 9384 1
9411 9384 1
9383 9384 2
9383 9385 2
9380 9385 1
9411 9385 1
9379 9386 13
9386 9387 4
9401 9387 1
9386 9388 4
9386 9389 4
9443 9390 1
9386 9390 4
9401 9391 1
9386 9391 4
9378 9392 4
9440 9392 1
9378 9393 4
9378 9394 4
9440 9395 1
9378 9395 4
9397 9396 3
9399 9398 3
9361 9400 1
9402 9401 2
9450 9401 1
9404 9405 4
9404 9406 4
9408 9407 4
9383 9407 1
9399 9408 9
9366 9410 1
9366 9411 2
9410 9411 1
9376 9412 3
9413 9414 4
9475 9415 1
9416 9415 2
9408 9418 4
9364 9419 1
9360 9422 4
9360 9423 4
9404 9427 1
9383 9428 1
9427 9428 1
9427 9429 1
9383 9429 1
9383 9430 1
9427 9430 1
9475 9432 1
9416 9432 2
9357 9433 1
9357 9434 1
9433 9435 1
9434 9435 1
9376 9436 3
9423 9437 1
9381 9438 2
9437 9438 1
9460 9438 1
9440 9439 2
9402 9440 2
9450 9440 1
9395 9441 1
9439 9441 1
9404 9442 2
9450 9443 1
9444 9443 2
9426 9445 1
9369 9446 1
9445 9446 1
9422 9447 1
9444 9451 2
9450 9451 1
9408 9452 4
9453 9454 4
9426 9455 1
9455 9456 1
9381 9456 2
9485 9456 1
9455 9457 1
9485 9457 1
9369 9457 2
9359 9460 1
9462 9461 2
9478 9461 1
9460 9461 1
9359 9462 1
9423 9462 1
9404 9463 1
9463 9464 1
9442 9464 2
9473 9464 1
9453 9466 1
9401 9467 2
9467 9468 1
9391 9468 1
9439 9470 1
9392 9470 1
9451 9471 1
9471 9472 1
9377 9472 1
9404 9473 1
9387 9476 1
9467 9476 1
9423 9478 1
9462 9479 1
9478 9479 1
9381 9480 1
9361 9481 1
9481 9482 1
9373 9482 1
9364 9483 1
9483 9484 1
9368 9484 1
9426 9485 1
9443 9486 1
9390 9487 1
9486 9487 1
