9265 9264 3
9267 9266 3
9269 9268 3
9271 9270 1
9295 9271 3
9674 9272 2
9643 9273 3
9274 9273 1
9275 9274 3
9643 9276 3
9646 9278 4
9280 9279 4
9281 9280 37
10122 9280 2
9322 9280 2
9282 9283 4
9282 9284 4
9287 9286 3
9639 9288 3
9290 9289 4
9293 9291 1
9292 9291 1
9295 9294 3
9297 9296 3
9856 9298 1
9301 9299 3
9300 9299 3
9304 9302 1
9303 9302 3
9295 9306 3
9295 9307 3
9939 9307 1
9267 9308 3
9646 9309 4
9295 9310 3
10555 9311 1
9312 9311 2
9396 9314 1
9316 9315 6
9315 9317 5
9319 9318 4
9322 9321 1
9280 9322 4
10294 9323 1
9280 9323 2
9321 9323 1
9325 9324 3
9643 9326 3
9327 9326 1
9275 9327 2
9267 9328 3
9330 9329 1
9706 9330 1
9705 9330 1
9707 9330 1
9332 9331 13
10542 9331 1
10023 9331 1
10336 9331 1
10538 9331 1
10471 9331 1
10597 9331 1
9912 9331 1
10192 9331 1
10410 9331 1
10017 9331 1
10157 9331 1
9329 9331 1
10249 9331 1
10034 9332 1
9504 9332 1
9952 9332 1
10018 9332 1
10158 9332 1
10024 9332 1
9330 9332 1
10041 9332 1
10126 9332 1
9913 9332 1
10250 9332 1
10193 9332 1
9785 9332 1
10148 9332 1
9267 9333 3
9643 9335 3
9643 9336 3
9337 9336 1
9643 9338 3
9303 9339 3
9303 9340 3
9303 9341 3
9303 9342 3
9303 9343 3
9303 9344 3
9303 9345 3
9303 9346 3
9348 9347 3
10028 9349 1
9350 9349 2
9352 9351 4
9312 9353 2
10555 9353 1
9356 9355 4
9295 9357 3
9643 9358 3
9269 9359 3
9269 9360 3
9643 9362 3
9643 9363 3
9366 9365 4
9367 9366 3
9646 9369 4
10101 9370 1
9372 9371 4
9639 9373 3
9707 9373 1
9267 9374 3
9376 9375 2
10459 9375 1
10460 9376 1
9375 9377 2
9378 9377 2
9376 9378 2
9639 9379 3
9280 9381 4
9275 9382 1
10105 9383 1
9280 9384 1
9384 9385 1
10549 9385 1
9280 9385 4
9962 9385 1
9385 9386 4
9962 9386 1
10549 9386 1
9280 9386 5
9387 9386 4
9280 9387 4
10549 9387 1
9962 9387 1
9384 9387 1
9391 9390 3
9393 9392 3
9295 9394 3
9396 9395 1
9397 9398 4
9397 9399 4
9643 9400 3
9403 9402 2
9853 9402 1
9404 9405 3
9404 9406 3
9404 9407 3
9404 9408 3
9404 9409 3
9404 9410 3
9404 9411 3
9404 9412 3
9811 9413 1
9404 9413 3
9404 9414 3
9416 9415 1
9415 9417 1
9416 9417 1
9419 9418 3
9643 9420 3
9422 9423 3
9422 9424 3
9428 9427 2
10187 9427 1
10303 9429 1
9280 9430 4
9432 9433 4
9432 9434 4
9643 9435 3
9437 9436 4
9295 9439 3
9441 9440 1
9643 9442 3
9444 9443 1
9643 9443 3
10421 9445 2
9295 9445 3
9448 9447 1
9449 9447 1
9450 9447 1
9453 9452 3
9396 9452 1
9267 9454 3
9643 9455 3
9363 9456 3
9456 9457 4
10296 9459 1
9461 9460 4
9462 9461 5
10593 9461 1
9463 9464 3
9467 9466 4
9462 9467 5
9469 9468 3
9295 9469 6
9280 9470 4
9856 9472 1
9474 9473 1
9474 9475 3
10469 9475 2
9473 9475 1
9643 9477 3
9437 9477 1
9480 9479 3
9295 9481 3
9716 9481 1
9357 9481 2
10404 9482 1
9775 9482 1
9488 9482 1
9280 9483 4
9485 9484 2
10518 9484 1
9486 9487 3
9970 9488 1
9293 9488 1
10257 9489 1
9363 9489 3
10508 9489 1
9489 9490 3
9456 9490 3
9639 9491 3
10057 9492 1
9396 9492 1
9494 9493 3
9295 9495 3
9295 9496 5
10537 9498 1
9763 9498 1
9643 9498 3
9974 9498 1
10462 9498 1
9267 9499 3
9267 9500 3
9501 9502 4
9504 9503 1
9332 9505 9
10017 9505 1
10157 9505 1
10597 9505 1
10542 9505 1
9503 9505 1
10023 9505 1
10538 9505 1
10410 9505 1
10192 9505 1
9319 9506 4
9319 9507 4
9508 9509 4
9508 9510 4
9396 9511 2
9514 9513 3
9516 9515 4
9267 9517 3
9519 9518 4
9521 9520 3
9643 9522 3
9337 9522 1
9524 9523 4
9295 9523 3
10337 9524 1
9280 9525 4
9527 9526 3
10219 9528 1
10638 9529 1
9295 9529 3
10637 9529 1
9514 9530 3
9532 9531 3
9646 9533 4
9646 9534 4
9646 9535 4
9646 9536 4
9646 9537 4
9646 9538 4
9646 9539 4
9646 9540 4
9646 9541 4
9263 9542 3
9263 9543 3
9263 9544 3
9547 9548 3
9514 9549 7
9295 9550 3
9280 9551 4
9553 9552 1
10153 9554 1
9552 9554 1
9555 9554 2
9553 9555 5
9557 9556 3
9559 9558 3
9532 9560 3
10105 9561 1
9563 9562 3
9639 9565 3
10014 9568 2
9567 9568 4
10369 9568 1
9643 9569 3
9267 9570 3
9643 9571 3
9573 9572 1
9396 9573 1
9976 9573 1
10596 9574 1
10590 9574 1
10061 9574 1
10516 9574 1
9575 9574 8
9572 9574 1
10408 9574 1
9828 9574 1
10661 9574 1
9573 9575 8
9295 9575 3
10453 9575 1
10312 9575 1
9269 9576 3
9579 9578 3
9581 9580 1
9995 9582 1
9643 9583 3
9295 9585 5
9587 9586 1
9830 9587 1
9741 9587 1
9589 9588 1
9586 9588 1
9587 9589 1
9590 9591 4
9590 9592 4
9590 9593 4
9295 9594 5
9532 9595 3
9532 9596 3
9598 9597 1
9600 9599 2
10507 9599 1
9597 9599 1
9598 9600 6
9603 9602 1
9820 9603 1
10169 9603 1
10501 9603 2
9602 9604 1
9605 9604 1
9603 9605 1
9566 9606 1
9607 9606 1
9295 9608 3
9369 9610 1
10606 9611 1
10548 9611 1
10214 9611 1
10401 9611 1
9916 9611 1
9610 9611 1
10456 9611 1
10613 9611 1
10490 9611 1
9805 9611 1
10595 9611 1
9612 9611 14
10377 9611 1
10546 9611 1
9539 9612 1
9538 9612 1
9533 9612 1
9541 9612 1
9278 9612 1
9535 9612 1
9534 9612 1
9540 9612 1
9309 9612 1
9537 9612 1
9369 9612 1
9536 9612 1
9645 9612 1
9611 9613 14
9612 9613 14
9643 9615 3
9280 9616 4
9280 9617 4
9618 9619 4
9820 9620 1
9621 9620 2
10518 9622 1
9485 9622 2
9449 9623 1
9295 9624 3
9267 9626 3
10101 9627 1
9629 9628 1
9954 9630 1
10205 9630 1
9848 9630 1
10540 9630 1
9631 9630 6
10224 9630 1
9628 9630 1
9849 9631 2
9629 9631 4
9628 9632 1
9633 9632 9
10502 9632 1
9954 9632 1
10540 9632 1
10146 9632 1
9848 9632 1
10224 9632 1
10205 9632 1
10376 9632 1
10147 9633 3
9629 9633 4
9849 9633 2
10540 9634 1
9633 9634 9
9848 9634 1
9954 9634 1
10205 9634 1
10502 9634 1
10376 9634 1
9628 9634 1
10224 9634 1
10146 9634 1
9643 9635 3
9639 9638 3
10187 9640 1
9641 9640 2
9643 9642 3
9643 9644 3
9646 9645 4
9263 9646 29
9651 9650 3
9292 9652 1
9653 9652 1
9654 9652 1
9293 9652 1
9656 9655 1
9275 9656 2
9643 9657 3
9643 9658 3
9659 9660 3
9662 9661 1
9295 9661 3
9295 9662 4
10187 9664 1
9428 9664 2
9280 9665 4
9516 9666 4
9514 9667 5
9295 9668 5
9527 9669 3
9671 9670 3
9674 9672 2
9673 9672 2
9676 9675 3
9678 9679 3
9396 9679 1
9643 9680 3
9396 9683 1
9643 9684 3
10187 9686 1
9641 9686 2
9689 9688 1
9691 9690 4
9688 9690 1
10167 9690 1
10416 9690 1
10191 9690 1
9689 9691 1
10168 9691 1
9973 9691 1
9892 9691 1
9705 9693 1
9706 9693 1
9485 9695 2
10518 9695 1
9698 9696 1
9444 9696 1
9697 9696 1
9699 9700 4
9699 9701 4
9703 9702 4
10425 9703 3
10169 9704 1
9711 9709 3
9710 9709 3
9712 9709 3
9709 9710 1
9396 9710 4
9444 9714 2
9716 9715 1
10431 9716 1
9898 9716 2
9481 9717 1
9715 9717 1
9527 9719 3
9501 9720 1
9643 9720 3
9295 9721 3
9295 9723 4
9643 9724 3
9726 9725 2
10417 9725 1
9728 9727 3
9269 9729 3
9920 9730 1
9267 9731 3
9295 9732 3
9723 9732 1
9348 9733 3
10225 9733 1
9734 9735 4
9453 9736 3
9643 9738 3
9269 9739 3
9741 9740 3
9643 9743 3
9909 9744 1
9674 9746 2
9706 9746 2
9747 9748 3
9747 9749 3
9747 9750 3
9752 9751 3
10301 9755 1
10300 9755 1
9909 9755 1
9754 9755 4
9951 9755 1
10134 9755 1
9756 9757 4
9643 9758 3
9759 9758 1
9726 9760 2
10417 9760 1
10044 9761 1
9762 9761 1
9890 9761 1
9269 9764 3
9766 9765 3
9267 9767 3
9769 9768 3
9353 9770 1
9295 9770 3
9527 9771 3
10229 9772 1
9697 9773 1
9444 9773 1
9714 9773 1
10097 9773 1
9979 9773 1
9698 9773 1
9775 9774 1
10582 9776 1
9774 9776 1
9482 9776 3
9778 9777 10
9836 9777 1
10220 9777 1
10396 9777 2
10654 9777 1
10030 9777 1
9776 9777 3
9482 9778 9
9779 9780 3
9280 9781 4
9643 9783 3
9397 9783 1
9295 9784 3
9643 9786 3
9759 9787 1
9267 9788 3
9275 9789 2
9295 9789 4
9791 9790 3
9793 9792 3
9643 9795 3
9639 9796 3
9799 9797 3
9798 9797 3
9267 9800 3
9804 9802 1
9803 9802 1
9793 9802 3
9645 9805 1
9643 9806 3
9856 9807 1
9809 9808 1
9367 9809 2
9813 9809 5
9808 9810 1
9809 9810 1
9813 9812 3
9643 9814 3
9818 9817 5
9819 9818 6
9822 9821 3
9824 9823 1
9823 9825 1
9826 9825 2
10565 9825 1
10337 9826 2
9824 9826 2
9295 9827 3
9573 9828 1
9831 9829 1
9830 9829 1
9527 9832 3
9834 9833 3
9280 9835 4
9482 9836 1
9674 9837 2
9706 9837 2
9643 9838 3
9598 9840 1
9840 9841 1
9600 9841 2
10627 9841 1
9527 9842 3
10555 9843 1
9312 9843 2
9269 9844 3
9581 9845 1
9846 9847 4
9295 9847 3
9849 9848 1
9850 9851 4
9853 9852 3
9295 9854 3
9856 9855 1
9857 9855 1
9300 9858 3
9301 9858 3
9850 9860 1
9396 9861 1
9295 9862 3
9516 9863 1
9865 9864 2
10431 9864 1
9295 9866 3
9267 9867 3
9372 9868 1
9643 9869 3
9643 9871 3
9275 9872 1
9396 9874 1
9474 9874 4
9267 9875 3
9643 9877 3
9826 9878 4
9879 9880 3
9280 9882 4
9514 9883 7
9885 9884 1
9275 9885 2
9267 9886 3
9890 9889 1
10149 9890 1
10573 9891 1
9761 9891 2
9889 9891 1
9527 9893 3
10179 9894 1
9643 9896 3
9754 9896 1
9557 9899 3
9643 9901 3
10558 9902 1
9903 9902 2
9905 9904 3
10550 9906 1
9295 9907 3
9468 9908 1
9909 9908 1
9396 9910 1
9293 9911 1
9913 9912 1
9396 9914 1
9267 9915 3
9539 9916 1
9519 9917 4
9920 9919 1
9730 9921 1
9919 9921 1
9643 9922 3
9267 9923 3
9639 9925 3
9643 9926 3
9295 9927 3
9280 9929 4
9280 9930 4
9639 9931 3
9275 9931 1
9450 9932 1
9448 9932 1
9449 9932 1
9939 9934 1
9643 9934 3
9643 9937 3
9939 9938 1
9275 9939 2
9938 9940 1
9307 9940 1
9598 9942 1
9600 9943 2
9942 9943 1
10607 9943 1
9724 9944 1
9946 9945 2
10364 9945 1
9944 9945 1
9951 9946 3
9901 9946 1
9724 9946 1
9948 9947 3
9759 9949 1
9643 9949 3
9951 9950 3
9965 9950 1
9999 9950 1
9643 9953 3
9629 9954 1
9643 9955 3
9295 9956 3
9958 9957 3
9280 9959 4
10475 9960 1
9759 9960 1
9643 9960 3
9643 9961 3
9322 9962 1
9962 9963 1
10549 9963 1
9280 9963 2
9965 9964 1
9643 9965 3
9964 9966 1
10598 9966 1
9950 9966 2
9293 9968 1
9970 9969 1
9293 9969 1
9853 9971 3
9643 9972 3
9295 9974 4
9977 9978 3
9981 9979 4
9980 9979 4
9813 9979 4
9280 9982 4
9579 9983 3
9578 9983 1
9362 9984 1
9311 9984 1
9280 9985 4
10273 9988 1
9991 9990 3
9267 9992 3
9643 9993 3
9995 9994 1
9994 9996 1
9582 9996 1
9366 9997 4
9643 9999 3
9448 10000 1
9449 10000 1
9450 10000 1
9643 10002 3
9773 10004 1
10096 10005 1
10378 10005 1
10156 10005 1
10004 10005 1
10006 10005 4
9773 10006 3
9696 10006 1
9643 10007 3
9813 10008 3
10009 10008 4
9643 10010 3
10125 10010 1
9853 10011 3
9643 10012 3
9391 10013 3
9639 10016 3
10018 10017 1
9674 10019 2
10021 10020 2
10187 10020 1
9706 10022 1
9705 10022 1
9527 10022 3
10024 10023 1
9639 10025 3
9639 10026 3
10028 10029 1
9350 10029 2
9482 10030 1
9280 10031 4
9429 10036 1
10036 10037 1
9429 10037 1
9709 10038 4
9709 10039 4
9643 10040 3
9419 10042 3
9643 10043 3
9280 10045 4
9643 10047 3
10050 10051 1
10577 10051 2
10052 10051 3
9970 10053 1
9293 10053 1
9709 10054 1
10054 10055 1
9710 10055 1
10054 10056 1
9710 10056 1
9561 10057 1
9295 10058 3
10033 10059 1
9295 10060 3
9573 10061 1
9643 10062 3
9508 10063 1
9643 10063 3
9643 10064 3
9759 10064 1
10475 10064 1
9643 10065 3
9337 10065 1
9337 10066 1
9643 10066 3
10405 10067 1
9643 10067 3
10482 10067 1
9975 10068 1
9643 10068 3
10448 10068 1
9643 10069 3
9643 10070 3
9643 10071 3
9643 10072 3
9643 10073 3
9643 10074 3
9643 10075 3
9643 10076 3
9643 10077 3
9643 10078 3
9643 10079 3
10531 10080 1
10276 10080 1
9643 10080 3
9643 10081 3
10276 10081 1
9643 10082 3
9643 10083 3
9643 10084 3
9643 10085 3
9643 10086 3
9643 10087 3
9643 10088 3
9643 10089 3
9643 10090 3
9643 10091 3
9643 10092 3
9643 10093 3
9643 10094 3
9643 10095 3
9696 10096 1
9813 10097 4
9496 10097 2
10187 10098 1
9641 10098 2
9269 10099 3
9269 10100 3
9269 10101 3
9269 10102 3
9269 10103 3
10105 10104 1
10107 10106 3
9267 10108 3
9280 10110 4
9280 10111 4
9280 10112 4
9280 10113 4
9280 10114 4
9280 10115 4
9280 10116 4
9280 10117 4
9280 10118 4
9280 10119 4
9280 10120 4
9280 10121 4
9280 10122 4
9280 10123 4
9280 10124 4
9293 10129 1
10169 10130 1
10125 10130 4
10134 10133 3
9295 10133 3
10136 10135 3
10337 10139 1
9824 10139 1
9295 10140 3
9474 10140 2
9274 10141 1
9813 10144 3
9793 10145 3
10147 10146 1
9673 10149 2
9674 10149 2
9282 10152 1
9553 10153 1
10155 10154 1
9773 10156 1
10158 10157 1
10160 10161 3
9362 10164 1
10164 10165 1
9984 10165 1
10164 10166 1
9984 10166 1
10168 10167 1
10171 10172 4
9396 10174 1
10176 10175 4
9295 10175 3
9824 10176 1
9267 10177 3
10179 10178 1
10178 10180 1
9894 10180 1
9396 10181 1
10435 10181 1
9590 10182 1
10184 10183 1
10314 10184 1
10315 10184 1
10317 10184 1
9295 10184 3
10318 10184 1
10316 10184 1
10186 10185 3
9428 10188 2
10187 10188 1
10187 10189 1
9428 10189 2
10187 10190 1
10232 10190 2
9892 10191 1
10193 10192 1
10281 10195 1
9813 10196 3
10198 10197 1
10480 10199 1
10200 10199 2
9824 10201 1
10201 10202 1
10564 10202 1
10139 10202 2
10204 10203 3
10042 10203 1
9629 10205 1
9267 10207 3
10208 10209 3
9295 10210 3
9536 10214 1
9295 10216 3
9295 10218 3
9275 10219 2
9482 10220 2
10605 10220 1
10105 10222 1
9849 10224 1
9391 10225 3
9527 10226 3
9295 10227 3
9294 10228 1
9799 10230 3
9798 10230 3
9353 10233 1
9770 10234 1
10233 10234 1
10235 10236 3
9674 10237 2
9301 10238 3
9300 10238 3
9527 10240 3
10273 10241 1
10325 10241 1
10244 10243 1
10246 10245 1
10243 10245 1
10244 10246 1
10250 10249 1
10533 10252 1
10534 10252 1
9357 10254 1
9481 10255 1
10254 10255 1
9363 10257 1
9396 10258 1
9396 10260 1
9793 10261 3
9793 10262 3
9793 10263 3
9793 10264 3
9267 10265 3
9809 10266 4
9813 10267 3
9813 10268 3
9267 10269 3
10271 10270 3
9267 10272 3
10423 10275 1
10520 10278 1
10277 10278 4
9553 10279 1
9555 10280 1
10279 10280 1
10105 10284 1
9295 10287 3
10289 10290 3
10639 10290 1
9295 10293 3
10122 10294 1
9295 10295 3
10105 10297 1
9830 10299 1
9476 10299 1
9429 10303 1
10225 10309 1
9733 10310 1
10309 10310 1
10312 10311 1
9575 10313 1
10311 10313 1
10320 10319 3
10321 10322 3
10327 10326 2
9853 10326 1
10101 10331 1
9627 10332 1
10331 10332 1
10331 10333 1
9627 10333 1
9370 10334 1
10331 10334 1
9952 10336 1
9529 10338 1
9275 10340 1
9527 10341 3
9311 10344 1
9984 10345 1
10344 10345 1
9984 10346 1
10344 10346 1
9578 10347 1
10347 10348 1
9983 10348 2
10610 10348 1
9983 10349 2
10610 10349 1
10347 10349 1
10610 10350 1
9983 10350 2
10347 10350 1
10229 10354 1
10354 10355 1
9772 10355 1
9772 10356 1
10354 10356 1
9830 10360 1
9476 10360 1
9310 10362 1
10362 10363 1
9310 10363 1
9901 10364 1
9468 10366 1
9692 10368 1
9295 10371 3
10370 10371 3
9295 10372 3
10375 10372 4
9295 10373 3
9295 10374 3
10147 10376 1
9533 10377 1
9773 10378 1
10425 10379 1
9702 10379 2
9553 10380 2
10380 10381 1
9555 10381 1
10383 10382 3
9527 10384 3
9575 10388 1
9275 10390 1
9267 10392 3
9366 10393 1
10393 10394 1
9366 10394 1
10483 10396 1
9482 10396 2
9702 10397 1
10424 10398 1
10379 10398 2
10397 10398 1
10397 10399 1
10424 10399 1
10379 10399 2
10397 10400 1
10528 10400 1
10379 10400 2
9278 10401 1
9267 10402 3
9501 10406 1
9573 10408 1
9575 10409 1
10408 10409 1
10034 10410 1
10140 10411 1
10413 10412 3
9973 10416 1
10421 10420 1
9275 10421 1
9789 10421 1
10420 10422 1
10657 10422 1
9445 10422 2
10425 10424 1
10379 10426 1
10424 10426 1
10379 10427 1
10424 10427 1
10424 10428 1
9703 10428 1
9703 10429 1
10424 10429 1
9651 10432 3
10222 10433 1
10433 10434 1
10435 10434 1
10222 10435 1
10019 10437 1
9837 10437 1
9746 10437 1
10237 10437 1
9672 10437 1
9272 10437 1
10325 10438 1
10441 10438 1
10439 10438 1
10440 10438 1
10273 10438 1
9267 10438 1
10385 10442 1
10442 10443 1
10444 10443 1
10385 10444 1
10442 10445 1
10444 10445 1
9267 10446 3
9590 10450 1
9692 10451 1
10451 10452 1
10368 10452 1
10553 10453 1
9936 10453 1
9541 10456 1
10460 10459 1
10459 10461 1
9376 10461 1
10465 10464 3
9641 10468 2
10187 10468 1
9474 10469 2
10140 10470 2
10469 10470 2
10148 10471 1
9824 10477 1
10477 10478 1
10651 10478 1
9826 10478 2
10176 10479 1
10477 10479 1
9488 10483 1
9396 10484 1
9651 10485 3
9651 10486 3
9267 10487 3
10105 10488 1
9537 10490 1
10342 10491 1
9357 10492 1
9481 10493 2
10492 10493 1
10493 10494 2
9481 10494 2
10492 10495 1
9357 10495 1
9357 10496 1
10492 10496 1
10042 10499 1
10499 10500 1
10203 10500 1
10147 10502 1
10453 10503 1
9575 10504 1
10503 10504 1
9854 10505 1
9598 10507 1
9363 10508 1
10511 10510 1
10510 10512 1
10513 10512 1
10511 10513 1
10513 10514 1
10510 10514 1
10556 10515 1
9573 10516 1
10520 10519 1
10519 10521 1
10278 10521 1
10519 10522 1
10278 10522 1
10519 10523 1
10278 10523 1
9702 10528 1
9396 10536 1
10126 10538 1
9629 10540 1
9785 10542 1
9540 10546 1
9309 10548 1
10122 10549 1
9514 10554 3
9293 10559 1
9970 10559 1
10337 10564 1
10337 10565 1
9778 10567 1
9777 10567 1
9778 10568 1
9777 10568 1
9778 10569 1
9777 10569 1
9778 10570 1
9777 10570 1
10044 10573 1
9396 10579 1
10404 10582 1
10585 10584 2
10608 10584 1
9573 10590 1
10593 10592 1
10592 10594 1
9461 10594 1
9538 10595 1
9573 10596 1
10041 10597 1
9999 10598 1
10425 10599 1
10599 10600 1
9703 10600 1
9396 10603 1
9482 10605 1
9535 10606 1
9598 10607 1
9293 10609 1
9983 10610 1
9534 10613 1
10380 10615 1
9555 10615 1
10624 10623 1
10624 10625 2
10623 10625 1
10636 10625 1
9598 10627 1
10425 10633 1
10633 10634 1
9703 10634 1
10624 10636 1
9432 10642 1
9956 10643 1
9956 10644 1
10643 10644 1
9429 10645 1
10303 10646 1
10645 10646 1
10337 10651 1
9524 10652 1
10651 10652 1
9482 10654 1
10421 10657 1
9561 10659 1
10659 10660 1
10057 10660 1
9573 10661 1
10058 10662 1
