102 33 1
35 33 1
37 33 3
79 33 2
326 34 1
35 34 2
699 34 1
33 35 1
102 36 1
39 38 2
302 38 1
91 39 3
46 39 3
41 40 2
38 40 2
39 41 2
299 41 1
43 42 1
91 43 3
97 43 1
46 43 3
43 44 1
42 44 1
47 45 1
46 45 3
49 48 1
46 49 3
280 50 1
48 50 1
694 50 2
280 51 1
694 51 3
105 51 1
48 51 1
53 52 1
110 53 1
91 53 3
109 53 1
107 53 2
93 53 1
108 53 1
88 53 3
111 53 1
52 54 1
53 54 1
46 55 3
56 57 3
304 58 1
322 58 1
59 58 3
79 59 1
102 59 1
59 60 3
58 60 3
59 61 3
58 61 3
63 62 1
46 63 3
65 64 2
62 64 1
63 65 1
64 66 2
67 66 2
65 67 2
115 67 3
299 67 1
64 68 2
67 68 2
67 69 2
64 69 2
67 70 2
64 70 2
67 71 2
64 71 2
310 72 1
64 72 2
67 72 3
74 73 1
290 74 3
73 75 1
76 75 1
74 76 1
46 77 3
79 78 1
330 79 1
35 79 1
102 79 1
114 79 1
332 79 1
331 79 1
78 80 1
79 80 3
82 81 1
269 82 1
268 82 2
81 83 1
696 83 1
76 84 4
46 84 3
46 85 3
275 85 1
106 86 2
46 86 3
91 86 3
275 86 1
92 86 1
46 87 3
301 87 1
108 89 1
292 89 2
91 89 1
293 89 1
88 89 3
88 90 3
79 94 2
94 95 2
79 95 2
33 96 3
94 96 2
322 96 1
304 98 1
94 98 1
79 98 6
320 98 1
322 98 1
80 98 1
79 99 7
98 99 6
333 99 1
291 100 1
101 100 2
37 102 3
82 103 1
103 104 1
696 104 1
694 105 1
329 112 1
328 112 1
79 114 1
35 270 1
270 271 1
35 271 1
322 272 1
273 272 2
94 272 1
112 273 1
79 273 2
102 273 1
273 274 3
94 274 1
304 274 1
306 274 1
90 276 1
90 277 1
276 277 1
279 278 2
321 278 1
45 280 1
280 281 1
694 281 1
280 282 1
694 282 1
694 283 1
280 283 1
694 284 1
280 284 1
694 285 1
280 285 1
79 286 1
286 287 1
288 287 1
79 288 1
112 289 1
295 294 1
297 295 4
294 296 1
297 296 1
300 297 5
295 297 1
298 299 1
319 299 2
39 302 1
102 303 1
79 304 1
114 305 1
304 305 1
112 306 1
306 307 1
289 307 1
43 308 1
308 309 1
43 309 1
299 310 1
310 311 1
67 311 1
67 312 1
310 312 1
310 313 1
67 313 1
41 314 1
310 314 1
310 315 1
67 315 1
89 316 1
89 317 1
316 317 1
35 320 1
102 322 1
322 323 1
303 323 1
322 324 1
36 324 1
35 326 1
79 333 1
696 694 4
49 694 1
45 694 1
695 694 2
298 694 1
82 696 2
697 698 1
113 698 2
33 699 1
