7887 7888 3
7890 7889 1
7891 7890 2
7893 7892 1
7892 7894 1
7895 7894 1
7893 7895 1
7892 7896 1
7895 7896 1
7895 7897 1
7892 7897 1
7895 7898 1
7892 7898 1
7895 7899 1
7892 7899 1
7892 7900 1
7895 7900 1
7892 7901 1
7895 7901 1
7892 7902 1
7895 7902 1
7892 7903 1
7895 7903 1
7895 7904 1
7892 7904 1
7895 7905 1
7892 7905 1
7892 7906 1
7895 7906 1
7966 7907 1
7941 7907 1
7910 7907 3
7911 7907 2
7942 7907 1
7912 7907 1
7909 7907 3
7908 7907 2
7914 7913 2
8002 7913 1
7917 7916 4
7919 7918 2
7967 7918 1
9276 7919 1
8018 7919 2
7926 7919 2
7910 7919 3
7941 7919 1
7942 7919 1
8017 7919 2
7909 7919 3
7995 7920 1
8006 7920 1
7919 7920 3
7918 7920 1
7922 7921 3
7924 7923 1
7982 7924 1
7924 7925 1
7923 7925 1
7928 7926 2
7909 7926 1
7929 7926 2
7910 7926 3
7927 7926 2
9270 7926 1
7942 7926 1
7930 7926 1
7941 7926 1
7932 7931 2
7933 7931 4
7980 7931 1
7934 7935 1
8010 7935 2
7937 7936 2
9277 7936 1
7982 7937 1
7936 7938 2
7937 7938 2
7940 7939 3
9270 7943 1
8011 7944 1
7926 7944 4
7999 7944 1
7967 7944 1
7943 7944 1
7919 7945 1
7947 7946 1
7945 7946 1
7919 7947 1
7987 7947 3
7949 7948 1
7951 7950 2
7952 7950 2
8016 7950 1
8015 7950 1
7978 7954 1
7955 7954 2
7957 7956 2
7979 7956 1
7960 7959 3
7964 7962 2
7961 7962 1
7965 7966 1
7973 7966 2
7926 7967 1
7940 7968 3
7907 7971 1
7987 7971 1
7972 7971 2
7975 7974 1
7993 7976 2
9275 7976 4
7977 7976 2
7974 7976 1
7974 7977 1
9275 7977 2
7983 7981 1
7982 7981 1
7985 7984 1
7926 7986 1
7987 7986 3
7992 7991 1
7991 7993 1
9275 7993 2
7919 7995 1
7995 7996 1
7919 7996 1
7926 7999 1
7966 8000 1
8000 8001 1
7907 8001 1
7926 8003 1
8003 8004 1
7986 8004 1
7919 8006 1
7907 8007 1
7971 8008 1
8007 8008 1
7926 8011 1
7926 8012 1
8012 8013 1
7919 8013 1
9268 9269 4
9268 9270 4
8005 9270 1
9273 9270 2
7994 9271 1
9272 9271 2
7992 9275 1
9279 9275 1
9280 9275 1
7975 9275 1
7937 9277 1
