6332 6331 3
6333 6331 3
6345 6335 6
6334 6335 6
6335 6336 6
6355 6336 1
6331 6336 1
6337 6338 3
6377 6340 1
6341 6340 3
6343 6342 3
6375 6342 1
6344 6342 2
6346 6345 7
6335 6345 3
6348 6347 3
6343 6347 3
6345 6349 1
6345 6350 1
6349 6350 1
6347 6351 1
6347 6352 1
6351 6352 1
6332 6353 3
6332 6354 3
6356 6354 4
6356 6355 4
6332 6355 3
6336 6356 1
6338 6356 1
6335 6358 1
6373 6359 1
6335 6359 2
6358 6359 1
6358 6360 1
6373 6360 1
6335 6360 3
6360 6361 3
6345 6361 3
6358 6362 1
6345 6362 1
6338 6363 1
6363 6364 1
6374 6364 1
6356 6364 2
6331 6365 1
6372 6366 1
6336 6366 2
6365 6366 1
6336 6367 2
6365 6367 1
6372 6367 1
6365 6368 1
6369 6368 1
6331 6369 1
6370 6371 3
6355 6372 1
6335 6373 1
6336 6374 1
