7266 7178 1
7220 7178 3
7223 7178 1
7252 7178 1
7379 7178 1
7253 7179 1
7422 7179 4
7335 7179 1
7180 7179 12
7278 7179 1
7545 7179 1
7223 7180 1
7220 7180 4
7368 7180 4
7299 7180 1
7401 7180 5
7183 7180 16
7246 7180 4
7417 7180 3
7332 7180 1
7178 7180 19
7192 7180 1
7420 7180 5
7186 7180 1
7180 7181 28
7371 7181 1
7179 7181 12
7189 7181 15
7219 7181 3
7183 7182 1
7327 7183 3
7265 7183 7
7594 7184 1
7542 7184 1
7492 7184 1
7441 7184 2
7424 7184 3
7601 7184 2
7335 7184 1
7593 7184 1
7295 7184 1
7532 7184 1
7182 7184 1
7531 7184 1
7476 7184 1
7599 7184 1
7485 7184 1
7363 7184 2
7489 7184 1
7469 7184 3
7421 7184 1
7462 7184 1
7422 7184 1
7402 7184 3
7280 7184 1
7609 7184 1
7406 7184 1
7269 7184 1
7610 7184 1
7435 7184 5
7575 7184 1
7502 7184 1
7188 7184 2
7603 7184 1
7544 7184 1
7180 7184 47
7219 7184 3
7556 7184 2
7489 7185 1
7462 7185 1
7182 7185 1
7186 7185 4
7554 7185 1
7223 7186 1
7183 7186 3
7462 7187 1
7186 7187 2
7182 7187 1
7594 7188 1
7183 7188 2
7268 7189 3
7292 7189 1
7198 7189 2
7219 7189 3
7329 7189 2
7180 7189 15
7190 7191 3
7261 7191 1
7193 7192 11
7414 7194 1
7192 7194 10
7223 7194 2
7414 7195 1
7194 7195 5
7299 7195 2
7414 7196 1
7194 7196 5
7194 7197 5
7414 7197 1
7299 7197 3
7502 7198 1
7420 7198 2
7545 7200 1
7502 7200 1
7575 7200 1
7437 7200 1
7417 7200 10
7417 7201 2
7200 7201 1
7200 7202 9
7417 7202 11
7201 7202 2
7204 7203 4
7206 7205 1
7273 7206 3
7205 7207 1
7206 7207 1
7206 7208 1
7205 7208 1
7205 7209 1
7206 7209 3
7209 7210 2
7206 7210 3
7488 7211 1
7210 7211 3
7209 7211 1
7592 7211 1
7206 7211 6
7206 7212 2
7205 7212 1
7206 7213 3
7212 7213 2
7598 7213 1
7215 7214 2
7205 7214 1
7352 7214 1
7206 7215 2
7217 7216 2
7352 7216 1
7205 7216 1
7206 7217 2
7555 7218 1
7205 7218 1
7206 7218 8
7294 7218 6
7220 7219 3
7469 7219 2
7183 7220 1
7219 7221 3
7178 7221 3
7223 7222 1
7183 7223 4
7607 7224 1
7464 7224 1
7222 7224 1
7225 7224 8
7395 7224 1
7437 7224 1
7576 7224 1
7456 7224 1
7371 7224 1
7256 7225 18
7254 7225 1
7252 7225 1
7236 7225 9
7355 7225 1
7266 7225 1
7223 7225 10
7225 7226 10
7371 7226 1
7395 7226 1
7464 7226 1
7222 7226 1
7437 7226 1
7576 7226 1
7607 7226 1
7536 7226 1
7560 7226 1
7412 7226 1
7222 7227 1
7228 7227 1
7225 7228 2
7223 7228 4
7230 7229 3
7222 7229 1
7395 7229 1
7412 7229 1
7246 7230 6
7223 7230 3
7395 7231 1
7230 7231 3
7412 7231 1
7222 7231 1
7395 7232 1
7222 7232 1
7412 7232 1
7230 7232 3
7395 7233 1
7560 7233 1
7464 7233 1
7225 7233 6
7222 7233 1
7437 7233 1
7412 7233 1
7225 7234 2
7222 7234 1
7236 7235 10
7465 7235 3
7398 7235 5
7560 7235 1
7234 7235 2
7266 7236 1
7261 7236 4
7225 7236 10
7223 7236 3
7417 7236 1
7395 7237 1
7236 7237 6
7560 7237 1
7576 7237 1
7437 7237 1
7234 7237 2
7222 7238 1
7395 7238 1
7412 7238 1
7230 7238 3
7222 7239 1
7230 7239 2
7239 7240 2
7241 7240 2
7230 7241 2
7241 7242 2
7239 7242 2
7241 7243 2
7239 7243 2
7222 7244 1
7560 7244 1
7576 7244 1
7228 7244 3
7550 7245 1
7502 7245 1
7246 7245 3
7222 7245 1
7223 7246 2
7225 7246 8
7604 7246 1
7550 7247 1
7222 7247 1
7246 7247 2
7222 7248 1
7502 7248 1
7246 7248 3
7550 7248 1
7371 7249 1
7222 7249 1
7560 7249 1
7412 7249 1
7607 7249 1
7536 7249 1
7456 7249 1
7437 7249 1
7430 7249 1
7395 7249 1
7250 7249 10
7252 7250 1
7223 7250 8
7266 7250 1
7252 7251 1
7281 7252 2
7477 7252 1
7223 7252 2
7178 7253 4
7371 7253 1
7251 7253 1
7255 7254 2
7296 7254 1
7258 7254 4
7225 7255 2
7257 7256 18
7289 7256 9
7191 7259 1
7259 7260 1
7261 7260 2
7473 7261 1
7361 7261 1
7191 7261 1
7273 7261 5
7327 7261 3
7246 7261 1
7328 7261 3
7368 7261 1
7325 7261 3
7324 7261 3
7433 7261 1
7299 7261 1
7326 7261 3
7204 7261 3
7377 7261 1
7611 7262 1
7304 7262 3
7480 7262 1
7521 7262 1
7260 7262 2
7261 7262 7
7264 7263 4
7183 7266 4
7420 7267 2
7178 7268 4
7417 7269 1
7269 7270 1
7417 7270 3
7531 7270 1
7272 7271 1
7269 7271 1
7417 7272 1
7204 7274 4
7206 7275 1
7277 7276 1
7275 7276 1
7206 7277 1
7192 7278 1
7368 7279 1
7299 7279 1
7183 7280 1
7261 7282 1
7323 7283 3
7589 7283 1
7282 7283 1
7284 7283 6
7611 7283 1
7261 7284 8
7282 7285 1
7353 7285 2
7589 7285 1
7284 7285 4
7261 7286 1
7282 7286 1
7282 7287 1
7284 7287 1
7246 7288 6
7223 7288 1
7534 7291 2
7290 7291 1
7178 7292 1
7206 7293 4
7206 7294 6
7500 7294 1
7293 7294 3
7533 7294 1
7183 7295 1
7225 7296 4
7604 7296 1
7264 7297 4
7590 7298 1
7299 7298 2
7368 7299 6
7252 7299 1
7223 7299 1
7298 7300 2
7299 7300 3
7590 7300 1
7299 7301 3
7300 7301 3
7590 7301 1
7197 7302 4
7571 7302 1
7300 7302 3
7195 7303 3
7298 7303 2
7571 7303 1
7376 7304 1
7611 7304 1
7261 7304 3
7223 7305 1
7307 7306 4
7475 7306 1
7305 7306 1
7354 7307 3
7223 7307 2
7475 7308 1
7307 7308 2
7305 7308 1
7310 7309 3
7305 7309 1
7475 7309 1
7464 7309 1
7254 7310 1
7223 7310 5
7305 7311 1
7307 7311 2
7475 7311 1
7293 7312 1
7206 7312 2
7312 7313 2
7206 7313 2
7223 7314 1
7252 7315 1
7314 7315 1
7252 7316 2
7314 7316 1
7371 7316 1
7371 7317 1
7252 7317 2
7314 7317 1
7314 7318 1
7371 7318 1
7571 7318 1
7194 7318 3
7206 7319 1
7598 7320 1
7592 7320 1
7206 7320 7
7293 7320 1
7500 7320 1
7602 7320 1
7555 7320 1
7319 7320 1
7264 7321 4
7261 7323 3
7521 7323 1
7480 7323 1
7420 7329 2
7332 7331 1
7360 7332 3
7180 7333 2
7331 7333 1
7333 7334 2
7180 7334 2
7178 7335 1
7359 7336 1
7358 7336 1
7339 7336 1
7337 7336 2
7338 7336 2
7420 7340 2
7341 7342 4
7341 7343 4
7341 7344 4
7341 7345 4
7178 7351 1
7206 7352 1
7522 7353 1
7261 7353 2
7257 7355 3
7289 7355 1
7246 7357 1
7362 7361 3
7183 7363 2
7501 7364 1
7482 7364 1
7254 7364 3
7364 7365 3
7436 7365 1
7366 7365 4
7223 7366 2
7254 7366 4
7364 7367 3
7366 7367 3
7369 7368 3
7225 7368 8
7604 7368 1
7252 7368 1
7266 7368 1
7299 7368 1
7223 7368 1
7299 7369 1
7368 7369 7
7288 7370 1
7223 7371 2
7371 7372 1
7607 7372 1
7299 7372 2
7299 7373 2
7607 7373 1
7371 7373 1
7371 7374 1
7299 7374 2
7607 7374 1
7290 7375 1
7377 7376 1
7324 7377 3
7376 7378 1
7261 7378 1
7273 7379 3
7324 7379 1
7306 7380 2
7381 7380 2
7307 7381 2
7288 7382 1
7370 7383 1
7382 7383 1
7382 7384 1
7370 7384 1
7417 7385 1
7236 7386 1
7385 7386 1
7385 7387 1
7236 7387 1
7385 7388 1
7236 7388 1
7236 7389 1
7385 7389 1
7236 7390 1
7385 7390 1
7385 7391 1
7236 7391 1
7368 7392 6
7223 7395 1
7412 7396 1
7430 7396 1
7395 7396 1
7250 7396 3
7395 7397 1
7560 7397 1
7412 7397 1
7225 7397 3
7225 7398 5
7560 7398 1
7459 7398 1
7576 7398 1
7395 7398 1
7437 7399 1
7236 7399 6
7398 7399 5
7288 7400 2
7246 7402 3
7560 7402 1
7402 7403 3
7550 7403 1
7456 7403 1
7420 7403 5
7299 7404 1
7404 7405 1
7183 7406 1
7379 7407 1
7407 7408 1
7379 7408 3
7600 7408 1
7379 7409 3
7408 7409 3
7411 7410 3
7408 7410 3
7379 7411 3
7223 7412 1
7412 7413 1
7250 7413 1
7415 7414 3
7417 7416 2
7269 7416 1
7557 7417 1
7349 7417 2
7347 7417 3
7299 7417 1
7246 7417 1
7368 7417 1
7348 7417 2
7559 7417 1
7558 7417 1
7350 7417 2
7266 7417 1
7476 7418 1
7270 7418 3
7416 7418 2
7417 7418 5
7420 7419 2
7481 7420 2
7223 7420 1
7246 7420 5
7498 7420 1
7499 7421 2
7267 7421 2
7420 7421 9
7340 7421 2
7419 7421 2
7178 7422 5
7268 7422 1
7549 7422 1
7412 7423 1
7250 7423 1
7368 7424 3
7575 7424 1
7545 7424 1
7206 7425 1
7425 7426 1
7427 7426 1
7206 7427 1
7554 7428 1
7186 7428 2
7186 7429 2
7428 7429 2
7223 7430 1
7225 7431 2
7437 7431 1
7430 7431 1
7310 7432 3
7464 7432 1
7576 7432 1
7430 7432 1
7261 7433 1
7362 7433 3
7401 7434 1
7520 7435 1
7470 7435 1
7472 7435 1
7434 7435 1
7401 7435 5
7254 7436 1
7266 7437 1
7437 7438 1
7575 7438 1
7502 7438 1
7417 7438 4
7545 7438 1
7236 7439 3
7576 7439 1
7560 7439 1
7437 7439 1
7236 7440 1
7437 7440 1
7178 7441 2
7437 7441 1
7417 7442 4
7575 7442 1
7545 7442 1
7502 7442 1
7437 7442 1
7575 7443 1
7502 7443 1
7437 7443 1
7417 7443 4
7545 7443 1
7368 7444 2
7607 7444 1
7437 7444 1
7464 7445 1
7225 7445 2
7437 7445 1
7576 7446 1
7225 7446 3
7437 7446 1
7464 7446 1
7225 7447 3
7464 7447 1
7437 7447 1
7576 7447 1
7368 7448 2
7437 7448 1
7456 7448 1
7437 7449 1
7368 7449 1
7368 7450 2
7437 7450 1
7369 7451 6
7527 7451 1
7609 7451 1
7545 7451 1
7575 7451 1
7450 7451 2
7437 7452 1
7368 7452 2
7527 7453 1
7545 7453 1
7452 7453 2
7369 7453 6
7609 7453 1
7575 7453 1
7225 7454 2
7437 7454 1
7454 7455 2
7228 7455 2
7223 7456 1
7368 7457 1
7456 7457 1
7456 7458 1
7368 7458 1
7254 7459 1
7464 7460 1
7459 7460 1
7310 7460 3
7576 7460 1
7459 7461 1
7310 7461 2
7464 7461 1
7183 7462 1
7223 7464 1
7536 7465 1
7464 7465 1
7225 7465 3
7464 7466 1
7310 7466 1
7464 7467 1
7576 7467 1
7366 7467 2
7420 7468 1
7220 7469 3
7594 7469 1
7401 7470 1
7415 7471 3
7401 7472 1
7474 7473 3
7223 7475 1
7417 7476 1
7368 7478 1
7575 7479 1
7527 7479 1
7545 7479 1
7609 7479 1
7478 7479 1
7369 7479 5
7361 7480 1
7254 7482 1
7482 7483 1
7254 7483 1
7482 7484 1
7254 7484 1
7178 7485 1
7291 7486 1
7291 7487 1
7486 7487 1
7206 7488 1
7183 7489 1
7489 7490 1
7186 7490 1
7369 7491 4
7178 7492 1
7502 7494 1
7261 7494 4
7575 7494 1
7545 7494 1
7494 7495 4
7236 7495 4
7494 7496 4
7236 7496 4
7494 7497 4
7236 7497 4
7420 7499 2
7206 7500 1
7254 7501 1
7246 7502 1
7575 7503 1
7545 7503 1
7261 7503 3
7502 7503 1
7545 7504 1
7575 7504 1
7502 7504 1
7261 7504 3
7261 7505 3
7575 7505 1
7545 7505 1
7502 7505 1
7502 7506 1
7545 7506 1
7261 7506 3
7575 7506 1
7575 7507 1
7502 7507 1
7261 7507 3
7545 7507 1
7261 7508 3
7502 7508 1
7545 7508 1
7575 7508 1
7545 7509 1
7502 7509 1
7261 7509 2
7502 7510 1
7575 7510 1
7545 7510 1
7261 7510 3
7357 7511 1
7502 7511 1
7357 7512 1
7502 7512 1
7357 7513 1
7502 7513 1
7502 7514 1
7357 7514 1
7357 7515 1
7502 7515 1
7417 7516 3
7502 7516 1
7575 7516 1
7545 7516 1
7502 7517 1
7417 7517 3
7545 7517 1
7575 7517 1
7575 7518 1
7417 7518 3
7545 7518 1
7502 7518 1
7575 7519 1
7502 7519 1
7545 7519 1
7417 7519 3
7401 7520 1
7433 7521 1
7473 7522 1
7524 7523 1
7522 7523 1
7473 7524 1
7522 7525 1
7261 7525 1
7296 7526 3
7368 7527 1
7369 7528 3
7609 7528 1
7545 7528 1
7527 7528 1
7530 7529 1
7527 7529 1
7368 7530 1
7417 7531 1
7178 7532 1
7206 7533 1
7223 7536 1
7536 7537 1
7288 7537 1
7536 7538 1
7288 7538 1
7228 7539 1
7536 7539 1
7536 7540 1
7288 7540 2
7540 7541 2
7400 7541 2
7178 7542 1
7183 7544 1
7368 7545 1
7545 7546 1
7279 7546 2
7575 7546 1
7279 7547 2
7575 7547 1
7545 7547 1
7575 7548 1
7545 7548 1
7279 7548 2
7178 7549 1
7246 7550 1
7246 7551 1
7550 7551 1
7246 7552 1
7550 7552 1
7420 7553 1
7550 7553 1
7223 7554 1
7206 7555 1
7594 7556 1
7183 7556 2
7223 7560 1
7228 7561 1
7560 7561 1
7246 7562 1
7560 7562 1
7560 7563 1
7246 7563 1
7246 7564 1
7560 7564 1
7560 7565 1
7246 7565 1
7246 7566 1
7560 7566 1
7246 7567 1
7560 7567 1
7186 7569 1
7180 7570 2
7569 7570 1
7414 7571 1
7195 7572 1
7571 7572 1
7571 7573 1
7194 7573 1
7196 7574 1
7571 7574 1
7299 7575 1
7223 7576 1
7228 7577 1
7576 7577 1
7576 7578 1
7228 7578 1
7228 7579 1
7576 7579 1
7228 7580 1
7576 7580 1
7228 7581 1
7576 7581 1
7576 7582 1
7228 7582 1
7228 7583 1
7576 7583 1
7576 7584 1
7228 7584 1
7228 7585 1
7576 7585 1
7228 7586 1
7576 7586 1
7310 7587 1
7576 7587 1
7228 7588 1
7576 7588 1
7261 7589 1
7299 7590 1
7590 7591 1
7404 7591 1
7206 7592 1
7183 7593 1
7183 7594 1
7594 7595 1
7183 7595 1
7183 7596 1
7594 7596 1
7594 7597 1
7183 7597 1
7206 7598 1
7183 7599 1
7379 7600 1
7178 7601 2
7600 7601 1
7206 7602 1
7183 7603 1
7355 7604 1
7203 7605 1
7605 7606 1
7203 7606 1
7252 7607 1
7607 7608 1
7299 7608 1
7368 7609 1
7183 7610 1
7261 7611 1
