7198 7186 1
7199 7186 1
7197 7186 1
7926 7186 6
7917 7186 1
7201 7186 1
7286 7187 1
7343 7187 3
7326 7187 1
7305 7187 1
7188 7187 12
7232 7187 4
7916 7187 1
7206 7187 1
7199 7188 1
7197 7188 1
7917 7188 1
7196 7188 4
7201 7188 1
7233 7188 4
7206 7189 1
7286 7189 1
7188 7189 5
7305 7189 1
7916 7189 1
7927 7190 1
7286 7190 1
7299 7190 2
7232 7190 4
7189 7190 5
7352 7190 1
7191 7190 23
7283 7190 3
7206 7190 1
7305 7190 1
7316 7190 1
7277 7190 6
7916 7190 1
7188 7191 6
7201 7191 1
7230 7191 3
7917 7191 1
7199 7191 1
7216 7191 9
7298 7191 1
7233 7191 4
7926 7191 1
7197 7191 1
7923 7192 1
7916 7192 1
7186 7193 1
7916 7193 1
7195 7194 1
7916 7194 1
7917 7195 1
7923 7195 5
7923 7196 4
7298 7196 1
7921 7197 4
7921 7198 4
7921 7199 4
7921 7200 4
7921 7201 4
7203 7202 1
7233 7203 2
7270 7203 4
7919 7204 1
7202 7204 1
7202 7205 1
7919 7205 1
7201 7206 1
7206 7207 1
7186 7207 1
7206 7208 1
7352 7208 1
7923 7208 2
7206 7209 1
7186 7209 1
7206 7210 1
7211 7210 2
7352 7210 1
7200 7211 1
7198 7211 1
7201 7211 1
7298 7211 1
7923 7211 5
7213 7211 6
7213 7212 2
7199 7213 1
7198 7213 1
7298 7213 1
7200 7213 1
7212 7214 2
7329 7214 1
7257 7214 1
7211 7214 8
7340 7214 3
7352 7214 1
7341 7214 1
7272 7215 3
7216 7215 7
7233 7216 7
7218 7217 7
7215 7217 7
7216 7218 7
7215 7219 7
7218 7219 7
7222 7221 2
7315 7221 1
7926 7223 1
7224 7223 4
7926 7224 1
7305 7225 1
7213 7225 2
7225 7226 2
7211 7226 5
7313 7226 2
7307 7226 2
7228 7227 2
7225 7227 2
7198 7228 1
7213 7228 6
7200 7228 1
7230 7229 1
7279 7230 3
7229 7231 1
7230 7231 2
7267 7232 1
7231 7232 2
7233 7232 4
7268 7233 1
7230 7233 4
7188 7234 4
7232 7234 4
7191 7235 4
7231 7235 2
7232 7235 4
7267 7236 1
7233 7236 5
7231 7236 2
7926 7237 6
7236 7237 5
7186 7238 6
7237 7238 6
7186 7239 6
7237 7239 6
7237 7240 6
7926 7240 7
7927 7240 1
7267 7241 1
7242 7241 3
7231 7241 2
7230 7242 2
7268 7242 1
7242 7243 5
7231 7243 2
7267 7243 1
7231 7244 2
7312 7244 1
7267 7244 1
7245 7244 5
7243 7244 1
7230 7245 2
7242 7245 2
7268 7245 1
7245 7246 5
7231 7246 2
7243 7246 1
7312 7246 1
7267 7246 1
7267 7247 1
7231 7247 2
7245 7247 5
7312 7247 1
7243 7247 1
7267 7248 1
7245 7248 5
7231 7248 2
7243 7248 1
7312 7248 1
7267 7249 1
7231 7249 2
7245 7249 3
7231 7250 2
7267 7250 1
7245 7250 3
7191 7251 1
7251 7252 1
7253 7252 1
7191 7253 6
7255 7254 1
7253 7255 4
7366 7256 1
7254 7256 1
7255 7256 2
7200 7257 1
7329 7258 1
7213 7258 3
7257 7258 1
7330 7258 2
7329 7259 1
7330 7259 2
7213 7259 3
7257 7259 1
7213 7260 3
7330 7260 2
7329 7260 1
7257 7260 1
7213 7261 2
7329 7261 1
7257 7261 1
7257 7262 1
7228 7262 3
7330 7262 2
7228 7263 3
7330 7263 2
7329 7263 1
7257 7263 1
7257 7264 1
7213 7264 3
7329 7264 1
7330 7264 2
7191 7265 2
7265 7266 2
7253 7266 2
7268 7267 1
7919 7269 4
7298 7270 1
7253 7271 4
7233 7272 4
7328 7272 1
7233 7273 5
7272 7273 4
7273 7274 5
7283 7274 3
7275 7274 9
7277 7274 6
7233 7275 5
7216 7275 9
7275 7276 6
7273 7276 5
7277 7276 6
7273 7277 5
7216 7277 6
7352 7278 1
7277 7278 6
7191 7278 8
7233 7280 1
7280 7281 1
7926 7281 1
7233 7282 2
7317 7282 1
7282 7283 2
7216 7283 3
7275 7284 3
7283 7284 3
7197 7286 1
7186 7287 1
7286 7287 1
7233 7288 2
7288 7289 2
7203 7289 2
7253 7290 4
7224 7292 4
7294 7292 1
7221 7293 4
7347 7293 1
7346 7293 1
7221 7295 3
7295 7296 3
7293 7296 3
7297 7298 3
7188 7299 2
7305 7299 1
7927 7300 1
7223 7300 2
7300 7301 2
7223 7301 2
7927 7302 1
7224 7302 1
7926 7303 1
7927 7303 1
7927 7304 1
7926 7304 1
7199 7305 1
7305 7306 1
7186 7306 1
7923 7307 2
7305 7307 1
7196 7308 2
7307 7308 2
7923 7309 2
7305 7309 1
7195 7310 2
7309 7310 2
7190 7311 1
7253 7311 1
7242 7312 2
7352 7313 1
7213 7313 2
7228 7314 2
7313 7314 2
7230 7316 1
7230 7317 1
7312 7318 1
7243 7318 1
7245 7318 2
7245 7319 2
7243 7319 1
7312 7319 1
7243 7320 1
7245 7320 2
7312 7320 1
7245 7321 2
7312 7321 1
7243 7321 1
7923 7323 3
7352 7323 1
7195 7324 3
7323 7324 3
7196 7326 1
7188 7327 1
7326 7327 1
7230 7328 1
7198 7329 1
7213 7330 2
7329 7330 1
7330 7331 2
7213 7331 2
7186 7332 1
7329 7332 1
7329 7333 1
7186 7333 1
7329 7334 1
7186 7334 1
7329 7335 1
7186 7335 1
7186 7336 1
7329 7336 1
7329 7337 1
7186 7337 1
7228 7338 1
7329 7338 1
7329 7339 1
7186 7339 1
7923 7340 3
7352 7340 1
7211 7341 1
7923 7342 2
7352 7342 1
7196 7343 3
7342 7343 2
7343 7344 3
7188 7344 3
7253 7345 1
7278 7345 1
7269 7348 1
7191 7349 1
7253 7350 1
7349 7350 1
7298 7352 1
7270 7353 1
7352 7353 1
7923 7354 1
7352 7354 1
7352 7355 1
7923 7355 1
7352 7356 1
7923 7356 1
7196 7357 1
7352 7357 1
7352 7358 1
7923 7358 1
7923 7359 1
7352 7359 1
7352 7360 1
7196 7360 1
7196 7361 1
7352 7361 1
7216 7362 1
7272 7362 1
7293 7363 1
7363 7364 1
7293 7364 1
7363 7365 1
7293 7365 1
7255 7366 1
7221 7367 1
7293 7368 1
7367 7368 1
7917 7916 1
7921 7917 4
7919 7918 4
7286 7918 1
7916 7918 1
7305 7918 1
7206 7918 1
7917 7919 1
7203 7919 1
7199 7919 1
7197 7919 1
7201 7919 1
7348 7920 1
7305 7920 1
7286 7920 1
7916 7920 1
7921 7920 5
7206 7920 1
7269 7921 1
7199 7921 1
7197 7921 1
7201 7921 1
7917 7921 1
7923 7922 6
7206 7922 1
7352 7922 1
7916 7922 1
7329 7922 1
7286 7922 1
7305 7922 1
7917 7923 1
7198 7923 1
7199 7923 1
7201 7923 1
7197 7923 1
7298 7923 1
7916 7924 1
7206 7924 1
7329 7924 1
7923 7924 5
7286 7924 1
7305 7924 1
7305 7925 1
7206 7925 1
7329 7925 1
7236 7925 5
7916 7925 1
7280 7925 1
7926 7925 11
7286 7925 1
7199 7926 1
7233 7926 6
7198 7926 1
7197 7926 1
7917 7926 1
7201 7926 1
7305 7927 1
7329 7927 1
7286 7927 1
7206 7927 1
7916 7927 1
7926 7927 6
7916 7928 1
7186 7928 1
