6682 5708 1
5709 5708 5
6452 5708 2
5711 5708 6
6548 5709 1
6452 5709 1
6318 5709 1
5710 5709 8
5712 5711 12
6615 5711 1
5710 5711 12
5713 5712 25
5715 5714 1
5773 5715 4
5714 5716 1
6537 5716 1
6547 5716 1
6377 5716 1
5717 5716 7
6762 5716 1
6774 5716 1
6637 5716 1
6357 5717 1
6548 5717 1
6585 5717 1
6352 5717 1
6318 5717 1
5715 5717 1
5741 5717 1
5719 5718 4
5754 5720 1
6259 5720 8
5721 5720 5
6259 5721 8
5722 5721 8
5723 5724 3
5776 5725 1
6666 5725 1
5725 5726 4
5725 5727 4
5725 5728 4
5725 5729 4
5732 5731 4
6299 5732 1
5734 5733 1
5736 5735 3
5738 5737 1
5897 5738 1
6430 5738 3
5796 5738 4
6463 5738 1
6682 5738 2
6270 5739 1
6588 5739 1
6322 5739 1
6600 5739 1
5737 5739 1
6824 5739 1
6857 5739 1
5740 5739 13
6695 5739 4
6329 5739 1
6838 5739 1
5876 5740 1
5794 5740 1
5872 5740 15
14372 5740 3
6352 5740 1
6435 5740 8
6640 5740 5
6650 5740 1
6463 5740 1
6223 5740 1
5784 5740 6
5798 5740 1
5738 5740 3
6430 5740 1
6452 5740 3
6353 5740 4
5878 5740 1
6496 5740 1
6298 5741 2
5722 5742 4
6461 5743 1
14372 5743 3
6461 5744 2
14372 5744 10
6830 5744 1
5743 5744 3
5775 5744 3
6698 5744 3
5743 5745 3
5746 5745 7
6461 5745 2
5775 5745 3
5709 5746 8
6452 5746 1
14372 5746 6
6381 5746 1
6370 5746 1
5746 5747 14
6461 5747 1
6658 5747 1
6576 5747 1
6224 5747 3
6425 5747 5
5745 5747 7
6622 5748 1
5745 5748 7
5746 5748 8
5750 5749 3
5752 5751 1
6460 5752 3
6369 5753 1
6630 5753 1
6692 5753 1
6580 5753 1
6444 5753 1
6771 5753 1
6895 5753 1
6398 5753 1
6628 5753 1
6550 5753 1
6872 5753 1
5754 5753 28
6778 5753 1
6671 5753 1
6685 5753 2
6515 5753 1
6290 5753 1
6469 5753 1
5751 5753 1
6880 5753 1
6557 5753 1
6733 5753 1
6777 5753 1
6747 5753 1
6566 5753 1
6888 5753 1
6389 5753 1
6864 5753 1
6413 5754 1
5819 5754 1
6679 5754 2
6709 5754 1
5779 5754 1
6381 5754 1
6446 5754 1
6516 5754 1
5724 5754 1
6629 5754 1
5752 5754 1
6330 5754 1
6370 5754 1
6390 5754 1
5822 5754 1
6277 5754 1
5735 5754 1
6276 5754 3
6721 5754 1
6445 5754 1
6470 5754 1
5845 5754 1
6399 5754 1
6456 5754 1
6291 5754 1
5749 5754 1
5768 5755 28
5756 5755 32
5778 5755 1
5753 5755 28
6880 5755 1
5754 5755 32
5754 5756 32
5755 5756 32
6747 5756 1
6566 5756 1
6369 5757 1
6628 5757 1
6771 5757 1
6389 5757 1
6733 5757 1
6888 5757 1
6557 5757 1
6747 5757 1
5754 5757 27
5751 5757 1
5814 5757 3
6398 5757 1
6515 5757 1
6566 5757 1
6864 5757 1
6550 5757 1
6469 5757 1
6880 5757 1
6872 5757 1
6444 5757 1
6580 5757 1
6290 5757 1
6777 5757 1
6692 5757 1
6778 5757 1
6895 5757 1
6671 5757 1
6636 5758 1
5751 5758 1
6628 5758 1
5759 5758 5
6864 5758 1
5819 5759 1
6604 5759 1
5752 5759 1
6629 5759 1
5709 5759 3
5876 5759 2
6390 5759 1
6709 5759 1
6399 5759 1
5878 5759 1
5882 5759 2
6413 5759 1
6386 5759 1
6277 5759 1
5759 5760 7
6455 5760 1
5758 5760 5
6566 5760 1
5759 5761 5
5758 5761 5
6455 5762 1
6566 5762 1
5758 5762 5
5759 5762 8
5764 5763 9
5762 5763 8
6450 5763 1
6715 5764 1
6596 5764 2
6279 5764 2
6365 5764 2
6399 5764 1
6589 5764 3
5746 5764 1
5874 5764 1
5718 5764 1
5709 5764 4
6721 5764 1
6556 5764 1
6285 5764 1
5759 5764 8
5781 5764 1
5878 5764 1
5882 5764 2
5876 5764 3
5759 5765 10
5762 5765 8
6243 5765 2
6888 5766 1
5754 5766 14
6630 5766 1
6747 5766 1
6685 5766 2
6880 5766 1
6872 5766 1
6864 5766 1
6778 5766 1
5751 5766 1
6557 5766 1
6469 5766 1
6550 5766 1
6566 5766 1
6557 5767 1
5766 5767 14
6864 5767 1
5754 5767 15
6880 5767 1
6880 5768 1
6389 5768 1
6369 5768 1
6557 5768 1
6864 5768 1
6771 5768 1
6747 5768 1
6628 5768 1
5751 5768 1
6398 5768 1
6895 5768 1
6550 5768 1
6692 5768 1
6566 5768 1
6290 5768 1
6872 5768 1
6515 5768 1
6777 5768 1
6733 5768 1
6580 5768 1
6778 5768 1
5754 5768 28
6444 5768 1
6469 5768 1
6630 5768 1
6671 5768 1
6888 5768 1
6685 5768 2
5770 5769 4
5776 5770 1
5727 5771 1
5771 5772 1
5727 5772 1
5773 5774 4
14372 5775 3
6461 5775 1
6443 5777 2
6233 5777 1
6723 5777 1
5779 5778 1
5781 5780 1
5754 5781 1
6259 5781 8
5721 5781 5
5781 5782 1
5780 5782 1
5784 5783 1
5843 5784 1
6682 5784 2
5783 5785 1
5786 5785 3
6694 5785 1
5784 5786 1
6682 5786 1
6480 5786 1
6496 5786 1
5783 5787 1
5842 5787 1
6694 5787 1
6346 5787 5
5784 5787 7
6697 5787 2
5783 5788 1
5786 5788 2
6694 5788 1
5791 5790 1
6840 5792 1
5793 5792 2
5795 5794 5
5796 5795 18
5738 5795 2
6430 5795 1
5713 5796 35
6682 5796 2
5897 5796 1
5822 5797 1
5797 5798 4
5822 5798 1
5797 5799 4
5797 5800 4
5802 5801 9
6365 5801 2
5801 5803 4
5801 5804 4
6365 5804 1
5801 5805 4
5807 5806 4
5790 5808 1
6798 5809 1
5810 5809 3
6632 5809 1
5808 5809 1
5713 5810 9
5790 5810 2
5730 5810 1
14380 5811 1
5813 5812 4
6747 5814 1
6864 5814 1
5754 5814 3
5816 5815 4
5818 5817 1
5820 5819 3
5822 5821 1
6449 5822 3
6670 5822 1
14376 5823 3
6697 5823 2
5821 5823 1
6694 5823 1
5825 5826 4
5825 5827 4
5825 5828 4
5830 5829 1
5829 5831 1
6884 5831 1
5832 5831 2
5830 5832 2
5834 5833 5
5712 5834 10
5822 5835 1
5835 5836 4
5839 5838 2
6791 5838 1
5900 5839 3
6288 5839 1
5838 5840 2
5839 5840 2
6791 5841 1
5838 5841 2
5839 5841 2
5843 5842 1
5844 5845 3
6314 5847 1
5812 5847 1
6693 5847 1
6581 5847 1
6721 5847 1
6523 5847 1
5849 5848 3
5851 5850 1
5878 5851 1
5819 5851 1
6399 5851 1
6291 5851 1
6386 5851 1
5853 5851 4
6277 5851 1
6390 5851 1
5759 5851 11
5709 5851 3
6721 5851 1
5850 5852 1
5853 5852 8
5891 5852 7
6399 5853 1
5851 5853 12
6277 5853 1
5878 5853 1
6864 5854 1
5850 5854 1
5877 5854 1
6398 5854 1
5879 5854 9
5853 5854 11
5850 5855 1
5851 5855 13
5877 5855 1
5858 5855 11
6398 5855 1
5843 5856 1
5709 5857 1
6864 5858 1
6576 5858 1
6398 5858 1
6778 5858 1
5759 5858 11
6224 5858 1
6566 5858 1
6557 5858 1
5857 5858 1
6504 5858 2
6224 5859 1
6557 5859 1
5857 5859 1
6576 5859 1
6566 5859 1
5851 5859 6
6455 5860 1
6290 5860 1
5859 5860 6
5851 5860 9
5860 5861 9
5851 5861 9
5860 5862 9
6880 5862 1
6566 5862 1
5851 5862 10
6880 5863 1
5851 5863 5
5857 5863 1
6576 5863 1
6224 5863 1
5863 5864 5
6557 5864 1
5851 5864 6
5863 5865 5
5851 5865 6
6455 5865 1
6557 5866 1
6880 5866 1
6864 5866 1
5851 5866 7
5863 5866 5
5863 5867 5
5851 5867 5
5863 5868 5
5877 5868 1
5851 5868 6
5851 5869 5
5863 5869 5
5863 5870 5
5851 5870 5
5872 5871 1
5871 5873 1
6613 5873 1
6308 5873 1
6327 5873 1
6396 5873 1
6491 5873 1
6329 5873 1
6905 5873 1
6717 5873 1
6588 5873 1
6600 5873 1
6270 5873 1
5874 5873 15
6824 5873 1
6857 5873 1
6573 5873 1
5872 5874 15
5834 5874 5
6698 5875 3
6795 5875 1
6466 5875 2
6334 5875 1
6782 5875 1
6613 5875 1
6347 5875 4
6858 5875 1
6573 5875 1
6304 5875 1
6396 5875 1
6905 5875 1
6657 5875 1
6857 5875 1
6429 5875 1
6722 5875 1
6462 5875 1
6327 5875 1
6900 5875 1
5740 5875 32
6717 5875 1
6468 5875 8
6329 5875 1
6308 5875 1
6491 5875 1
5871 5875 1
6451 5875 1
5822 5876 1
5878 5877 1
6224 5879 1
5851 5879 9
6864 5879 1
6455 5879 1
6559 5879 4
5877 5879 1
5851 5880 10
6559 5880 4
5879 5880 9
6398 5880 1
6864 5881 1
5882 5881 9
5879 5881 9
5876 5882 3
5851 5882 9
5819 5882 1
6277 5882 1
6399 5882 1
6413 5882 1
5822 5882 1
6390 5882 1
5851 5883 11
6864 5883 1
5891 5883 7
5879 5883 9
5853 5884 10
6398 5884 1
5879 5884 9
6224 5885 1
6243 5885 2
6455 5885 1
6557 5885 1
5759 5885 7
6566 5885 1
5877 5885 1
5878 5886 1
5877 5886 1
5878 5887 1
5877 5887 1
6755 5888 2
5889 5888 6
5877 5888 1
6843 5888 1
6751 5888 3
5878 5889 1
6744 5889 4
5851 5890 6
5877 5890 1
6455 5890 1
6558 5890 3
5890 5891 6
5851 5891 7
5877 5892 1
5893 5892 1
5878 5893 1
6285 5893 1
5895 5894 1
14382 5896 4
5894 5896 1
6714 5896 1
6724 5896 1
6364 5896 1
5796 5897 4
5899 5898 4
5900 5899 7
5712 5901 4
5789 5903 2
5904 5903 4
5906 5905 4
6640 5905 1
5807 5908 4
5709 5909 1
5732 5910 4
5902 5911 1
5795 6223 5
6657 6224 1
6424 6224 1
5709 6224 4
6796 6225 1
6307 6225 2
5764 6225 12
6243 6225 2
6404 6225 3
6224 6225 4
5746 6226 6
6224 6226 1
6424 6226 1
6658 6226 3
6226 6227 6
5746 6227 6
6229 6228 1
6259 6229 8
5722 6229 4
5754 6229 9
6229 6230 1
6228 6230 1
6232 6231 4
5770 6234 4
5770 6235 4
5770 6236 4
5822 6237 1
6239 6238 1
6237 6238 1
5874 6239 1
5830 6239 1
5822 6239 1
5876 6240 2
6237 6240 1
6240 6241 2
5876 6241 3
6852 6242 2
6304 6242 1
6237 6242 1
6241 6242 3
6504 6242 2
5876 6242 8
6375 6242 1
6237 6243 1
5882 6243 2
6245 6244 2
6243 6244 2
5882 6245 2
6245 6246 2
6243 6246 2
6245 6247 2
6243 6247 2
6801 6248 2
6249 6248 4
6243 6248 2
6482 6249 2
5882 6249 2
6285 6249 1
6535 6249 1
6243 6250 2
6249 6250 3
6549 6250 1
6243 6251 2
6534 6251 1
6549 6251 1
6249 6251 4
6237 6252 1
5835 6252 1
6530 6253 2
6398 6253 1
6254 6253 5
6237 6253 1
6880 6253 1
5822 6254 1
6399 6254 1
5779 6254 2
6721 6254 1
6237 6255 1
5876 6255 2
6255 6256 2
6257 6256 2
6237 6256 1
6399 6257 1
6721 6257 1
5822 6257 1
5876 6257 2
6880 6258 1
6237 6258 1
6259 6258 8
6888 6258 1
6686 6258 1
6398 6258 1
6530 6258 2
5822 6259 2
5779 6259 3
6721 6259 1
6399 6259 1
6258 6260 8
5721 6260 8
6258 6261 8
5781 6261 8
6258 6262 8
6229 6262 8
6258 6263 8
5720 6263 8
6237 6264 1
6530 6264 2
6265 6264 3
5822 6265 1
5779 6265 2
6237 6266 1
6265 6266 3
6530 6266 2
6268 6267 2
6547 6267 1
6548 6268 1
5796 6268 6
6268 6269 2
6267 6269 2
5872 6270 1
6724 6274 1
6805 6274 1
6787 6274 1
6543 6274 1
6660 6274 1
6364 6274 1
6769 6274 1
6423 6274 1
14382 6274 9
6856 6275 1
14382 6275 3
6676 6275 1
6274 6275 1
6278 6277 3
6651 6279 2
6615 6279 2
6501 6279 3
6418 6279 2
5796 6280 4
6633 6280 1
6817 6281 1
5822 6281 2
5822 6282 2
6281 6282 2
5719 6283 4
6285 6284 1
5876 6285 1
5713 6285 3
6362 6285 4
14376 6286 1
6284 6286 1
6284 6287 1
6871 6287 1
5764 6287 3
6822 6287 1
6764 6289 1
6280 6289 2
6291 6290 1
6326 6291 3
5777 6292 1
5777 6293 1
5777 6294 1
5777 6295 1
5777 6296 1
5818 6297 1
5732 6299 4
5732 6300 4
5732 6301 4
5732 6302 4
5732 6303 4
5876 6304 1
5882 6305 1
6304 6305 1
6304 6306 1
6285 6306 1
6304 6307 1
5876 6307 2
5872 6308 1
6898 6309 1
6760 6309 1
6914 6309 1
6468 6309 8
6639 6309 1
5740 6309 18
6907 6309 1
6809 6309 1
6308 6309 1
6806 6309 1
6571 6309 1
6695 6309 4
6309 6310 18
5740 6310 20
6575 6310 1
5740 6311 20
6310 6311 20
6314 6313 1
5813 6314 4
6522 6315 1
5847 6315 5
6313 6315 1
6906 6315 1
6438 6315 1
6735 6315 1
6232 6316 4
6877 6316 1
6611 6316 2
6232 6317 4
6232 6318 4
6268 6318 5
6232 6319 4
6232 6320 4
14380 6321 1
5740 6322 1
6322 6323 1
6649 6323 1
5740 6323 2
6322 6324 1
5740 6324 2
6649 6324 1
5872 6327 1
5872 6329 1
6331 6330 3
6333 6332 4
5784 6334 1
6722 6335 1
6866 6335 1
6336 6335 5
6900 6335 1
6725 6335 1
6334 6335 1
6583 6336 1
6715 6336 1
6480 6336 1
6780 6336 1
14382 6336 2
6416 6336 1
5784 6336 3
6420 6336 1
6900 6337 1
6334 6337 1
6722 6337 1
6338 6337 4
6318 6338 1
5709 6338 5
5784 6338 3
5711 6338 6
6337 6339 4
6340 6339 5
6774 6339 1
6343 6340 4
6338 6340 4
5741 6340 1
6900 6341 1
6338 6341 3
6334 6341 1
6722 6341 1
6697 6342 2
6334 6342 1
6768 6342 1
6722 6342 1
6451 6342 1
6343 6342 6
6463 6343 2
6615 6343 2
5784 6343 5
6452 6343 1
6682 6343 2
6722 6344 1
6854 6344 1
6697 6344 2
6343 6344 7
6347 6344 4
6334 6344 1
6451 6344 1
6631 6345 1
6347 6345 4
6343 6345 8
6462 6345 1
6697 6345 2
6334 6345 1
6722 6345 1
6451 6345 1
6697 6346 2
5784 6346 5
6334 6346 1
6347 6346 4
6334 6347 1
5784 6347 4
6697 6347 2
6725 6348 1
6336 6348 8
6722 6348 1
6866 6348 1
6422 6348 1
6609 6348 2
6900 6348 1
6334 6348 1
5795 6349 5
6650 6349 1
5795 6350 2
5795 6351 5
5795 6352 5
5795 6353 5
6682 6353 2
6302 6353 1
5795 6354 5
6283 6355 1
5796 6355 4
5796 6356 1
5796 6357 4
5796 6358 4
6358 6359 2
6358 6360 2
5843 6361 1
5713 6363 3
6496 6363 4
6365 6364 1
6364 6366 1
14382 6366 1
6649 6367 1
5764 6367 4
6364 6367 1
6714 6367 1
6868 6367 1
5807 6368 4
6370 6369 1
6690 6370 3
6369 6371 1
6372 6371 1
6370 6372 1
6369 6373 1
6224 6373 3
6576 6373 1
6692 6373 1
5746 6373 6
6372 6374 1
6369 6374 1
5876 6375 1
6352 6377 1
6377 6378 1
6352 6378 1
6380 6379 4
6382 6381 3
6384 6383 4
6385 6386 3
6380 6387 4
6380 6388 4
5845 6389 1
6391 6390 3
6231 6392 1
6394 6393 1
6392 6393 1
6231 6394 1
5872 6396 1
5713 6397 3
6399 6398 1
6398 6400 1
6401 6400 1
6399 6401 1
6398 6402 1
5882 6402 1
5882 6403 1
6398 6403 1
6520 6404 1
6398 6404 1
5764 6404 3
6398 6405 1
5764 6405 1
6407 6406 1
6398 6406 1
6399 6407 1
6398 6408 1
6550 6408 1
6771 6408 1
6566 6408 1
6747 6408 1
6872 6408 1
6444 6408 1
6557 6408 1
5754 6408 9
6229 6409 9
6408 6409 9
6254 6410 2
6880 6410 1
6398 6410 1
6398 6411 1
6880 6411 1
6257 6411 2
6398 6412 1
6880 6412 1
6257 6412 2
6414 6413 3
6416 6415 1
6418 6417 1
5889 6418 4
6768 6419 1
6279 6419 4
6802 6419 1
6500 6419 1
6417 6419 1
5810 6420 4
14376 6421 1
6420 6422 1
5830 6423 1
5709 6424 1
6657 6425 1
6658 6425 3
6424 6425 1
5709 6425 6
5764 6426 4
6867 6426 1
6224 6426 3
6224 6427 3
6658 6427 1
5746 6427 5
6657 6427 1
6461 6427 1
5746 6428 2
6424 6428 1
6658 6428 1
6430 6429 1
6463 6430 1
5795 6431 1
6429 6431 1
6429 6432 1
5795 6432 1
6429 6433 1
6430 6433 3
6462 6433 1
6760 6434 1
6433 6434 3
6639 6434 1
6435 6434 8
6795 6434 1
6907 6434 1
6806 6434 1
5905 6435 1
6430 6435 3
5738 6435 2
6640 6435 7
5738 6436 4
6466 6436 2
6433 6436 3
6333 6437 4
5812 6438 1
5834 6439 5
6445 6444 1
6638 6445 3
6447 6446 3
5746 6450 1
6452 6451 1
6858 6453 1
5708 6453 2
6451 6453 1
5708 6454 2
6451 6454 1
6858 6454 1
6386 6455 1
6457 6456 3
5777 6458 2
6704 6458 1
6458 6459 1
5777 6459 3
6704 6459 1
6903 6459 1
14372 6461 2
6463 6462 1
6643 6463 3
6343 6464 1
6462 6464 1
6462 6465 1
6430 6465 1
5738 6466 2
6462 6466 1
6466 6467 2
5795 6467 2
6639 6468 1
6760 6468 1
6907 6468 1
6795 6468 1
6435 6468 8
6466 6468 2
6806 6468 1
6470 6469 1
6526 6470 3
6469 6471 1
6472 6471 1
6470 6472 1
6625 6473 1
5899 6475 4
5899 6476 1
5738 6477 1
6644 6478 1
6694 6478 1
5738 6478 4
6477 6478 1
6697 6478 2
6480 6479 1
6555 6480 3
5789 6480 2
6856 6481 1
5786 6481 2
6479 6481 1
6483 6482 3
6276 6482 3
5878 6482 1
6235 6484 1
6484 6485 1
6235 6485 1
6283 6486 1
6486 6487 1
6355 6487 2
6355 6488 3
6486 6488 1
6355 6489 2
6488 6489 2
6355 6490 3
6488 6490 3
5872 6491 1
6496 6495 1
6543 6497 1
6363 6497 4
6495 6497 1
6856 6497 1
6805 6497 1
14382 6498 1
6495 6498 1
5810 6499 4
6501 6500 1
5889 6501 4
5834 6502 1
5834 6503 1
6502 6503 1
5876 6504 2
6504 6505 2
6566 6505 1
6557 6505 1
5882 6505 6
6778 6505 1
6864 6505 1
5851 6506 2
6627 6506 1
6627 6507 1
5851 6507 2
6508 6509 1
6353 6510 1
6510 6511 1
6512 6511 1
6353 6512 7
6836 6513 2
6512 6513 7
6695 6513 4
6510 6513 1
5712 6514 4
6516 6515 1
6790 6516 3
5874 6517 1
6517 6518 1
6239 6518 2
6884 6518 1
5876 6520 1
5757 6521 1
5720 6521 1
6523 6522 1
5813 6523 4
5785 6528 1
5786 6528 3
6863 6528 1
5734 6529 1
5779 6530 2
6530 6531 2
6265 6531 2
6530 6532 2
6265 6532 2
6670 6533 1
6535 6534 1
6318 6537 1
6537 6538 1
5709 6538 2
6918 6538 1
6537 6539 1
6338 6539 1
5818 6541 1
6496 6543 1
5781 6545 1
5764 6546 3
6545 6546 1
6803 6546 2
6548 6547 2
6285 6549 1
6456 6550 1
6747 6551 1
6864 6551 1
6552 6551 6
6872 6551 1
6708 6551 1
6550 6551 1
6880 6551 1
6277 6552 1
5735 6552 1
6456 6552 1
6709 6552 2
6721 6552 1
6747 6553 1
6552 6553 6
6708 6553 1
6864 6553 1
6872 6553 1
6550 6553 1
6880 6553 1
5818 6554 1
5819 6557 1
5851 6558 3
6566 6558 1
6557 6558 1
6558 6559 3
5851 6559 4
5851 6560 4
6559 6560 4
6557 6561 1
6562 6561 1
5819 6562 1
6390 6566 1
5797 6567 1
6712 6568 1
6602 6568 1
6913 6568 1
6435 6568 4
6568 6569 4
6570 6569 5
6912 6569 1
6349 6570 1
6279 6570 2
6435 6570 4
6223 6571 1
5872 6573 1
5740 6575 1
5709 6576 1
5746 6577 1
6576 6577 1
6764 6578 1
6280 6578 3
6280 6579 2
6578 6579 2
5749 6580 1
6584 6585 4
5843 6586 1
5843 6587 1
5872 6588 1
6598 6589 1
6590 6589 2
5726 6591 1
5726 6592 1
6591 6592 1
5730 6594 1
6594 6595 1
6596 6595 2
5802 6596 3
5730 6596 1
6684 6597 2
6880 6597 1
6595 6597 2
5764 6597 5
6598 6599 1
5872 6600 1
5902 6601 1
5905 6602 1
6605 6604 3
6499 6606 1
6499 6607 2
6606 6607 1
6904 6607 1
6519 6608 1
14382 6609 2
6608 6609 1
6609 6610 2
6769 6610 1
6660 6610 1
14382 6610 4
6670 6612 1
5872 6613 1
6615 6614 1
5889 6615 4
6634 6616 1
6614 6616 1
6669 6616 1
6737 6616 1
6279 6616 4
6298 6617 2
14380 6619 1
14380 6621 1
5746 6622 1
6625 6624 1
6670 6625 1
6473 6626 1
6624 6626 1
5853 6627 1
6629 6628 1
6775 6629 3
6628 6630 1
5754 6630 2
6615 6631 1
5790 6632 1
5719 6633 4
6501 6634 1
6279 6635 1
6634 6635 1
6604 6636 1
6585 6637 1
6640 6639 1
14380 6642 1
5738 6644 1
5807 6645 4
5807 6646 4
5807 6647 4
14380 6648 1
5878 6649 1
5889 6651 4
14380 6652 1
6443 6653 1
6885 6654 1
6903 6654 1
6653 6654 1
5777 6654 3
5834 6655 2
5834 6656 2
6452 6657 1
5709 6658 3
6657 6658 1
6593 6660 1
14382 6661 2
6660 6661 1
6769 6661 1
5826 6664 1
6664 6665 1
6832 6665 1
6666 6665 2
5826 6666 1
5776 6666 1
6697 6667 2
6711 6667 1
14372 6667 4
14372 6668 4
6667 6668 4
6418 6669 1
6446 6671 1
5767 6672 1
5781 6672 1
14380 6673 1
5843 6675 1
6519 6676 1
6678 6679 3
5902 6680 1
6589 6683 1
6589 6684 2
6683 6684 1
6630 6685 1
5754 6685 2
5779 6686 1
6687 6688 3
5718 6688 1
5818 6689 1
6381 6692 1
5813 6693 4
6682 6694 1
6746 6695 1
6353 6695 4
6694 6695 1
6697 6695 2
6697 6696 2
6694 6696 1
5796 6696 2
6682 6697 2
6694 6697 1
6697 6698 2
14372 6698 3
14372 6699 2
6697 6699 2
5708 6700 1
6694 6700 1
6343 6702 1
6343 6703 1
6233 6704 1
6709 6708 1
6759 6709 3
5759 6710 1
6708 6710 1
14371 6711 1
6640 6712 1
5905 6713 1
6712 6713 1
6715 6714 1
14380 6716 1
5872 6717 1
6666 6718 1
6718 6719 1
5725 6719 2
6862 6719 1
6718 6720 1
6862 6720 1
5725 6720 2
5784 6722 1
6365 6724 1
6480 6725 1
5833 6729 1
6729 6730 1
5833 6730 1
14382 6731 1
14382 6732 1
6731 6732 1
6679 6733 1
6581 6735 1
6651 6737 1
6715 6738 1
14380 6739 1
5769 6741 1
6741 6742 1
5769 6742 1
6825 6743 1
6741 6743 1
5769 6743 2
6709 6744 1
6302 6746 1
6709 6747 1
6747 6748 1
6749 6748 1
6709 6749 1
6747 6750 1
6744 6750 2
6750 6751 2
6744 6751 3
6747 6752 1
6751 6752 3
6744 6752 3
6744 6753 1
6747 6753 1
6744 6754 1
6747 6754 1
6747 6755 1
6744 6755 2
6362 6756 4
5713 6756 3
14380 6757 1
6640 6760 1
6357 6762 1
6584 6763 1
6633 6764 1
6285 6766 1
5893 6767 1
6766 6767 1
6615 6768 1
6593 6769 1
5722 6770 4
6330 6771 1
5729 6772 1
6772 6773 1
5729 6773 1
5741 6774 1
5724 6777 1
6413 6778 1
6780 6779 1
6831 6781 1
6779 6781 1
6336 6781 2
5798 6782 1
5734 6783 1
6556 6784 1
5713 6785 3
6362 6785 4
6420 6787 1
6288 6791 1
5839 6792 2
6791 6792 1
6640 6795 1
6556 6796 1
5839 6797 1
6792 6797 1
5730 6798 1
5902 6799 1
6482 6801 2
6896 6801 1
6651 6802 1
6279 6803 2
6860 6803 1
6570 6804 2
6803 6804 2
6496 6805 1
6640 6806 1
6439 6807 1
6807 6808 1
6439 6808 1
6352 6809 1
6809 6810 1
6352 6810 1
6299 6811 1
6811 6812 1
5732 6812 1
6365 6813 1
6813 6814 1
6868 6814 1
5801 6814 2
6670 6817 1
6612 6818 1
6817 6818 1
6625 6819 1
6817 6819 1
6817 6820 1
6625 6820 1
6817 6821 1
6533 6821 1
5718 6822 1
6822 6823 1
6688 6823 1
5872 6824 1
5769 6825 1
5734 6826 1
5897 6827 1
6827 6828 1
5738 6828 1
6827 6829 1
5796 6829 1
14372 6830 1
6715 6831 1
5776 6832 1
5770 6833 1
6832 6833 1
6832 6834 1
5770 6834 1
6353 6835 1
6353 6836 2
6835 6836 1
14380 6837 1
6496 6838 1
6236 6841 1
6908 6842 1
6841 6842 1
6236 6842 2
5889 6843 1
5889 6844 1
6843 6844 1
6843 6845 1
5889 6845 1
5889 6846 1
6843 6846 1
6843 6847 1
5889 6847 1
5789 6848 1
6848 6849 1
5789 6849 2
6480 6850 2
6849 6850 2
5903 6851 2
6849 6851 2
6504 6852 1
5876 6852 2
5902 6853 1
6463 6854 1
6854 6855 1
6343 6855 1
6496 6856 1
5872 6857 1
6452 6858 1
5734 6859 1
6501 6860 1
5734 6861 1
5776 6862 1
5786 6863 1
6277 6864 1
6583 6866 1
6589 6867 1
6365 6868 1
6868 6869 1
5804 6869 1
5874 6871 1
5735 6872 1
6874 6873 1
6872 6873 1
5735 6874 1
5834 6875 1
5834 6876 1
6875 6876 1
5720 6878 1
6878 6879 1
5720 6879 1
6721 6880 1
5764 6881 1
6880 6881 1
5847 6882 1
6880 6882 1
5830 6884 1
6443 6885 1
14380 6886 1
5734 6887 1
5822 6888 1
5798 6889 1
6888 6889 1
5797 6890 1
6888 6890 1
6888 6891 1
6892 6891 1
5822 6892 1
6892 6893 1
6888 6893 1
6679 6895 1
5878 6896 1
6482 6897 1
6896 6897 1
5794 6898 1
6492 6899 1
5784 6900 1
6615 6901 1
5711 6902 1
6901 6902 1
6723 6903 1
6499 6904 1
5872 6905 1
6693 6906 1
6640 6907 1
6236 6908 1
6236 6909 1
6908 6909 1
5909 6910 1
6425 6910 1
5909 6911 1
6425 6911 1
6349 6912 1
6640 6913 1
6650 6914 1
6914 6915 1
6349 6915 1
6914 6916 1
6349 6916 1
6914 6917 1
6349 6917 1
6548 6918 1
14372 14371 7
14371 14372 1
5711 14372 8
6682 14372 2
14374 14373 3
14376 14375 1
6682 14376 2
6285 14376 1
5713 14376 3
6474 14376 3
5822 14376 1
14378 14377 2
6421 14377 1
14375 14377 1
14376 14378 2
14380 14379 1
5791 14380 1
14382 14381 58
6554 14381 1
6694 14381 1
6757 14381 1
6689 14381 1
6660 14381 1
6849 14381 2
6899 14381 1
5783 14381 1
6868 14381 1
6853 14381 1
6784 14381 1
5911 14381 1
14379 14381 1
5842 14381 1
6856 14381 1
6724 14381 1
6837 14381 1
6738 14381 1
6652 14381 1
6541 14381 1
6587 14381 1
5856 14381 1
6779 14381 1
5817 14381 1
6831 14381 1
6648 14381 1
6673 14381 1
6805 14381 1
6642 14381 1
6297 14381 1
6543 14381 1
6321 14381 1
6364 14381 1
6861 14381 1
6680 14381 1
6495 14381 1
5733 14381 1
5811 14381 1
6601 14381 1
6619 14381 1
6739 14381 1
6769 14381 1
6586 14381 1
6423 14381 1
6859 14381 1
6529 14381 1
6826 14381 1
6783 14381 1
6361 14381 1
6675 14381 1
6716 14381 1
6886 14381 1
6887 14381 1
6621 14381 1
6799 14381 1
5784 14382 1
5810 14382 4
5895 14382 1
6420 14382 1
6556 14382 1
6519 14382 2
6365 14382 3
14380 14382 14
6715 14382 3
6496 14382 4
5818 14382 5
6682 14382 1
5843 14382 6
6780 14382 1
5734 14382 7
5830 14382 1
5789 14382 2
5902 14382 5
6593 14382 2
6492 14382 1
