340 339 1
408 340 1
386 340 1
407 340 3
406 340 3
339 341 1
511 341 1
440 341 1
385 341 1
438 341 1
342 341 5
371 342 1
340 342 1
392 342 1
389 342 1
386 342 1
344 343 2
339 343 1
364 344 3
365 344 3
340 344 3
521 344 1
343 345 2
346 345 3
344 346 11
384 346 3
362 347 3
348 347 5
345 347 3
346 348 5
345 349 3
348 349 3
351 350 5
362 350 3
345 350 3
346 351 8
345 352 3
348 352 3
345 353 3
348 353 3
355 354 3
345 354 3
346 355 3
345 356 3
348 356 3
348 357 3
345 357 3
345 358 3
348 358 3
348 359 3
345 359 3
351 360 3
345 360 3
339 361 1
344 361 2
346 362 3
361 362 2
365 363 3
413 363 2
364 363 3
373 366 1
442 366 1
367 366 3
363 366 1
403 366 1
369 368 1
396 369 3
497 370 3
371 370 5
368 370 1
496 370 2
369 371 1
406 371 3
386 371 1
407 371 3
370 372 5
373 372 6
364 373 3
371 373 5
365 373 3
450 374 1
372 374 6
375 374 9
482 374 1
470 375 1
476 375 1
373 375 10
371 375 3
477 375 1
474 375 1
478 375 1
384 375 3
377 376 10
374 376 9
494 376 1
375 377 12
405 378 3
371 378 3
340 380 1
380 381 1
340 381 2
381 382 2
344 382 3
506 383 1
382 383 3
346 383 5
492 383 1
386 385 1
409 386 3
385 387 1
371 387 1
389 388 1
385 388 1
508 389 1
507 389 1
386 389 1
398 389 1
407 389 3
406 389 3
340 390 1
385 390 1
385 391 1
392 391 1
386 392 1
406 392 3
407 392 1
466 392 2
401 392 1
394 393 1
488 394 1
487 395 1
394 395 2
393 395 1
396 397 3
396 398 3
396 399 3
396 400 3
396 401 3
403 402 1
364 403 3
365 403 3
389 403 4
405 404 2
402 404 1
445 404 1
470 405 1
476 405 1
477 405 1
384 405 3
474 405 1
363 405 6
403 405 10
478 405 1
344 410 1
346 411 1
410 411 1
413 412 2
432 412 1
397 413 1
407 413 3
406 413 3
363 414 3
412 414 2
414 415 3
405 415 12
449 415 1
439 415 1
455 415 4
510 415 1
505 415 1
463 416 1
415 416 12
417 416 13
405 417 16
344 418 1
346 419 2
418 419 1
351 420 2
419 420 2
363 421 1
493 422 1
431 422 1
520 422 1
421 422 1
366 422 4
378 424 9
452 424 1
346 424 1
423 424 3
403 425 2
438 425 1
425 426 2
405 426 3
426 427 3
378 427 4
427 428 4
447 428 1
424 428 9
498 428 4
417 429 3
426 429 3
425 430 2
405 430 2
403 431 1
397 432 1
438 433 1
403 433 2
405 434 2
433 434 2
346 436 1
436 437 1
424 437 1
389 438 1
363 439 1
392 440 1
442 441 2
440 441 1
365 442 3
364 442 3
392 442 3
444 443 2
441 443 2
471 444 1
468 444 1
442 444 8
475 444 1
467 444 1
474 444 1
384 444 3
469 444 1
473 444 1
472 444 1
470 444 1
363 445 1
409 446 3
371 446 1
378 447 1
403 449 1
373 450 1
409 453 3
371 453 1
491 454 1
389 454 3
458 454 1
403 455 4
454 455 3
501 456 2
442 456 3
509 457 1
495 457 1
456 457 3
444 457 5
398 458 1
460 459 1
459 461 1
483 461 1
460 461 2
460 462 1
459 462 1
405 463 1
384 465 3
470 465 1
474 465 1
346 480 1
480 481 1
351 481 1
373 482 1
460 483 1
460 484 2
522 484 1
483 484 1
373 485 1
375 486 1
485 486 1
488 487 1
344 489 1
489 490 1
346 490 1
389 491 1
344 492 1
442 493 1
375 494 1
442 495 1
371 496 2
511 496 1
496 497 2
371 497 3
378 498 4
497 498 3
497 499 3
375 499 3
378 500 3
497 500 3
392 501 2
519 501 1
442 503 1
444 504 1
503 504 1
363 505 1
344 506 1
442 509 1
403 510 1
371 511 1
446 512 1
511 512 1
453 513 1
511 513 1
373 514 2
511 514 1
375 515 3
514 515 2
377 516 3
515 516 3
514 517 2
375 517 2
401 519 1
373 520 1
460 522 1
