5671 5670 3
10909 5672 3
10864 5672 3
10888 5672 3
5671 5673 3
5669 5673 1
10949 5674 1
5671 5674 3
5676 5675 1
10835 5675 1
10877 5675 1
5678 5677 1
10854 5678 1
5677 5679 1
5680 5679 1
5678 5680 1
5680 5681 1
5677 5681 1
5677 5682 1
5680 5682 1
5671 5683 3
5684 5683 1
10896 5684 1
5685 5684 6
10849 5684 1
10828 10827 3
10835 10829 1
10831 10830 4
10849 10830 1
10832 10833 4
5669 10834 1
10897 10835 2
10878 10835 2
10834 10838 1
10838 10839 1
10840 10839 1
10834 10840 4
10838 10841 1
10842 10841 1
10834 10842 2
10842 10843 1
10838 10843 1
10838 10844 1
10842 10844 1
10840 10845 2
10838 10845 1
10871 10845 1
10838 10846 1
10840 10846 2
10871 10846 1
10855 10847 1
10840 10847 2
10838 10847 1
10849 10848 1
5684 10849 3
10830 10849 3
10850 10849 3
10848 10849 1
10851 10850 5
10896 10850 1
10853 10852 2
5678 10852 1
10896 10852 1
5678 10854 1
10834 10855 1
10849 10857 3
5683 10857 1
10863 10857 1
5673 10858 1
10914 10858 1
10834 10858 1
10834 10860 1
10861 10860 1
5673 10860 1
10870 10865 1
5676 10868 1
10872 10870 2
10834 10871 1
10873 10872 5
10870 10872 1
10896 10872 1
10876 10875 3
5671 10877 3
10878 10877 1
10896 10878 1
10879 10878 5
10884 10882 1
10883 10882 1
5678 10882 2
5678 10883 2
10849 10885 1
10888 10886 1
10886 10887 4
5683 10892 1
10892 10893 1
10857 10893 1
10835 10894 1
5675 10895 1
10894 10895 1
10831 10897 3
10834 10898 1
10840 10899 1
10898 10899 1
10938 10900 1
5671 10900 3
10872 10901 1
5671 10901 3
10870 10904 1
10872 10905 1
10904 10905 1
10848 10906 1
10906 10907 1
10849 10907 2
10907 10908 2
10918 10908 1
10857 10908 3
10877 10912 1
5675 10913 1
10912 10913 1
5673 10914 1
10834 10914 1
10849 10915 1
10849 10918 1
10857 10919 1
10918 10919 1
10857 10920 1
10918 10920 1
10857 10921 1
10918 10921 1
10918 10922 1
10915 10922 1
10918 10923 1
5684 10923 1
10918 10924 1
10925 10924 1
10849 10925 1
10857 10926 1
10918 10926 1
10918 10927 1
10925 10927 1
10925 10928 1
10918 10928 1
10857 10929 1
10918 10929 1
10918 10930 1
10925 10930 1
10918 10931 1
10830 10931 1
10953 10933 1
5678 10933 2
10933 10934 2
10882 10934 2
10883 10935 2
10933 10935 2
10939 10938 2
5672 10938 2
5673 10940 1
10940 10941 1
10858 10941 2
10955 10941 1
10858 10942 2
10940 10942 1
10955 10942 1
10858 10943 2
10940 10943 1
10955 10943 1
10940 10944 1
10955 10944 1
10858 10944 2
10940 10945 1
10955 10945 1
10858 10945 2
10940 10946 1
10914 10946 2
10955 10946 1
10955 10947 1
10940 10947 1
10860 10947 2
10831 10949 1
10888 10950 1
10950 10951 1
10886 10951 1
10854 10953 1
10852 10954 1
10933 10954 1
10834 10955 1
10842 10956 1
10955 10956 1
