7879 5912 1
11724 5912 1
6060 5913 1
8182 5913 2
11724 5913 1
11838 5914 1
8500 5915 1
5914 5915 1
5914 5916 1
8326 5916 1
11746 5917 1
11868 5918 1
7856 5919 1
11746 5922 1
11833 5924 1
14376 5925 1
5925 5926 1
14376 5926 1
11744 5927 1
7813 5928 1
11837 5929 1
7808 5930 1
7939 5932 1
5932 5933 1
8546 5933 1
7966 5934 1
14382 5935 1
11866 5936 1
11839 5937 1
11744 5939 1
11843 5940 1
8412 5941 1
5941 5942 1
7821 5942 1
7821 5943 1
5941 5943 1
5941 5944 1
7821 5944 1
7821 5945 1
5941 5945 1
11762 5946 1
11769 5947 1
8213 5948 1
11843 5949 1
7885 5951 1
7813 5953 1
5953 5954 1
8035 5954 1
11808 5957 1
11763 5958 1
5957 5958 1
11821 5959 1
11821 5960 1
5959 5960 1
8230 5961 1
5961 5962 1
11863 5962 1
7901 5963 1
11839 5964 1
11808 5966 1
11863 5968 1
11854 5969 2
6006 5969 1
7801 5969 1
11866 5970 1
8213 5971 1
11746 5972 1
11762 5973 1
11746 5975 1
11843 5976 1
14376 5977 1
14376 5978 1
5977 5978 1
8224 5979 1
8017 5981 1
11763 5982 1
8245 5983 1
11815 5984 1
8009 5985 1
7804 5986 1
5985 5986 1
11835 5987 1
11835 5988 1
5987 5988 1
11746 5989 1
8269 5990 1
8044 5991 1
7939 5992 1
8127 5993 1
5992 5993 1
11839 5994 1
11833 5995 1
7834 5996 1
5996 5997 1
11796 5997 1
7846 5998 1
7939 5999 1
11744 6002 1
7865 6003 1
7897 6004 2
6073 6004 1
11857 6006 1
11769 6007 1
6007 6008 1
11821 6008 1
7846 6009 1
11762 6010 1
11866 6011 1
11868 6012 1
11808 6013 1
8213 6014 1
11789 6015 1
6014 6015 1
7938 6017 1
8643 6018 1
6017 6018 1
6017 6019 1
7882 6019 1
8060 6020 1
8245 6021 1
8580 6022 1
11802 6023 2
6022 6023 1
11805 6024 2
6023 6024 2
6023 6025 2
7899 6025 2
11805 6026 2
6023 6026 2
6023 6027 2
6028 6027 2
11802 6028 2
11737 6029 1
11763 6030 1
8515 6031 1
11863 6032 1
7826 6033 1
8245 6034 1
11838 6040 1
6040 6041 1
8370 6041 1
6040 6042 1
8606 6042 1
11851 6043 1
11753 6044 1
8245 6045 1
11794 6046 1
7826 6048 1
7826 6049 1
6049 6050 1
7826 6050 1
11737 6051 1
6049 6051 1
11763 6052 1
7925 6052 1
11737 6053 1
11871 6054 1
8228 6056 1
11815 6057 1
6056 6057 1
11815 6058 1
6056 6058 1
11815 6059 1
6056 6059 1
7939 6060 1
6060 6061 1
8528 6061 1
11808 6062 2
6073 6062 1
6062 6063 2
11868 6063 2
11811 6064 1
6064 6065 1
8031 6065 1
8031 6066 1
6064 6066 1
11843 6067 1
7901 6068 1
8181 6070 1
6070 6071 1
8181 6071 1
11762 6072 1
8572 6073 1
6073 6074 1
11808 6074 1
6073 6075 1
11808 6075 1
11808 6076 1
6073 6076 1
11808 6077 1
6073 6077 1
11833 6078 1
6073 6078 1
7966 6079 1
6073 6079 1
11763 6080 1
6073 6080 1
11838 6082 1
6082 6083 1
8264 6083 1
7860 6084 1
6082 6084 1
7813 6085 1
5928 6086 1
6085 6086 1
5928 6087 1
6085 6087 1
6085 6088 1
5928 6088 1
6085 6089 1
8035 6089 1
8515 6091 1
6091 6092 1
6031 6092 1
11871 6093 1
11762 6094 1
7808 6095 1
11846 6096 1
7966 6097 1
11863 6098 1
14382 7800 7
8001 7800 5
14377 7800 2
11857 7801 3
11853 7801 1
11866 7802 1
11866 7803 2
6011 7803 1
7802 7803 1
7805 7804 3
7887 7804 1
8009 7804 2
11805 7806 4
11805 7807 4
11764 7808 3
7809 7808 4
11744 7808 8
8207 7808 1
11794 7808 3
8230 7808 1
11766 7809 7
7811 7810 3
7815 7814 2
8234 7814 1
7814 7816 2
7815 7816 2
7818 7817 1
7835 7818 1
8355 7818 2
8133 7818 1
7817 7819 1
7820 7819 1
8213 7820 4
11782 7820 1
7818 7820 1
8412 7821 1
7808 7822 1
8513 7823 1
8479 7823 1
7822 7823 1
5961 7823 1
8644 7823 1
7808 7823 5
8151 7824 2
7826 7825 1
8245 7826 2
7889 7826 2
11782 7826 4
8213 7826 1
8046 7826 1
11737 7826 1
8050 7826 4
11808 7827 1
11846 7829 1
14379 7830 2
7829 7830 1
8388 7830 1
11843 7831 1
8666 7832 1
7848 7832 1
7831 7832 1
11846 7832 5
8231 7832 2
8608 7833 1
8052 7833 1
7848 7833 1
11846 7833 4
7831 7833 1
8131 7834 1
7835 7834 3
7834 7836 1
7838 7837 4
7869 7839 1
7840 7841 4
11815 7842 1
11857 7844 2
7844 7845 2
8541 7845 1
7846 7845 5
8243 7845 1
5951 7845 1
7885 7846 14
8213 7846 3
11791 7846 6
7937 7846 4
8245 7846 6
11764 7846 3
11857 7846 2
11851 7846 1
11854 7846 1
11782 7846 4
14382 7847 1
11843 7848 3
8236 7848 1
8235 7849 2
7850 7849 3
7815 7850 2
11751 7851 6
7849 7851 3
8456 7851 1
11751 7852 6
7851 7852 6
7849 7853 3
11748 7853 3
11815 7854 1
7856 7855 1
7977 7856 4
8245 7856 1
7889 7856 2
11851 7856 1
11784 7856 1
8046 7856 1
8128 7857 1
7858 7857 2
11838 7860 1
14382 7862 1
11868 7863 1
8138 7864 1
6012 7864 1
7865 7864 4
5918 7864 1
7863 7864 1
11868 7865 4
7867 7866 3
7869 7868 1
7839 7870 1
7868 7870 1
7839 7871 1
7868 7871 1
5949 7874 1
14379 7874 14
8180 7874 2
8054 7874 7
14381 7874 1
8087 7874 1
5935 7874 1
8134 7874 2
8055 7875 2
14379 7875 6
14381 7875 1
8019 7875 2
8234 7875 1
8492 7876 2
8582 7876 2
14381 7876 1
14382 7876 5
7998 7876 2
8581 7876 1
8019 7877 2
14379 7877 7
8055 7877 2
5935 7877 1
14381 7877 1
8234 7877 1
11833 7878 1
7939 7879 1
11737 7880 1
7880 7881 1
11737 7881 8
8514 7881 1
7989 7881 1
6029 7881 1
7926 7881 1
8610 7881 1
6043 7881 1
7938 7882 1
11811 7883 1
7885 7884 1
7846 7885 1
8213 7885 3
11851 7885 1
8245 7885 6
7889 7885 2
8046 7885 1
7937 7885 4
7887 7886 1
8142 7887 3
7886 7888 1
7804 7888 1
11766 7890 7
11833 7891 1
8273 7892 1
8151 7892 2
11766 7893 7
11748 7894 3
7851 7894 1
11751 7895 2
7894 7895 1
8473 7895 1
7897 7896 1
11764 7897 1
7967 7897 4
8572 7897 1
11763 7897 2
8327 7897 2
7966 7897 3
7896 7898 1
7897 7898 2
8360 7898 1
11802 7899 2
7901 7900 1
11840 7901 4
11839 7901 1
7889 7901 2
8213 7901 1
8245 7901 1
11782 7901 1
8046 7901 1
8099 7902 1
5963 7902 1
11839 7902 3
7900 7902 1
7900 7903 1
11839 7903 10
8023 7903 1
8567 7903 5
5994 7903 1
5948 7903 1
8099 7903 1
5983 7903 1
11737 7905 1
7846 7906 1
7906 7907 1
5951 7907 1
8243 7907 1
7846 7907 10
8167 7907 4
8173 7907 6
6009 7907 1
7906 7908 1
7846 7908 3
8243 7908 1
6009 7908 1
8167 7909 4
6009 7909 1
8453 7909 1
6034 7909 1
8226 7909 1
8232 7909 1
7906 7909 1
7846 7909 12
8243 7909 1
11739 7910 4
8023 7910 1
7926 7910 1
7906 7910 1
11857 7911 1
11784 7912 1
7914 7913 3
11753 7916 1
11755 7917 2
6044 7917 1
7916 7917 1
7916 7918 1
11755 7918 2
6044 7918 1
7808 7920 1
7808 7921 2
5930 7921 1
7920 7921 1
7923 7922 2
8607 7922 1
11763 7924 2
6073 7924 1
11808 7925 2
7924 7925 1
11737 7926 1
6029 7927 1
7989 7927 1
11737 7927 3
7926 7927 1
7926 7928 1
11737 7928 3
6029 7928 1
7989 7928 1
7885 7930 1
7885 7931 2
7930 7931 1
7856 7932 1
7867 7933 3
11748 7934 1
8273 7935 1
7935 7936 4
11766 7937 7
11779 7938 4
11779 7939 4
14382 7940 1
6034 7941 1
6043 7941 1
7856 7941 3
7856 7942 3
7941 7942 3
7941 7943 3
11784 7943 3
7946 7945 1
6046 7947 1
7945 7947 1
11794 7947 3
8206 7948 1
6095 7948 1
7808 7948 7
7947 7948 3
7948 7949 7
7808 7949 7
11744 7950 4
8206 7950 1
7947 7950 3
11744 7951 5
8206 7951 1
7947 7951 3
11744 7952 5
7951 7952 5
7951 7953 5
7808 7953 5
8020 7954 1
8381 7954 1
5936 7954 1
11866 7954 8
8066 7954 1
8206 7954 1
7947 7954 3
8667 7955 1
7956 7955 2
8034 7956 2
7958 7957 2
7955 7957 2
7956 7958 2
8298 7958 6
7958 7959 2
7955 7959 2
7958 7960 2
7955 7960 2
7955 7961 2
7962 7961 4
8518 7961 2
7956 7962 4
11857 7963 1
11739 7964 1
11854 7965 1
8572 7966 1
8046 7966 1
7889 7966 2
7967 7966 4
7897 7966 1
11766 7967 7
11766 7968 7
7970 7969 1
11784 7971 1
11857 7973 1
11753 7974 1
7901 7975 1
11857 7976 1
11766 7977 7
11737 7978 1
11739 7979 3
8194 7979 1
8542 7979 1
7978 7979 1
7856 7980 3
8007 7980 1
8612 7981 1
11719 7981 1
7980 7981 1
11784 7981 3
7856 7982 3
7980 7982 1
6043 7982 1
6034 7982 1
6034 7983 1
7856 7983 3
6043 7983 1
7980 7983 1
6034 7984 1
7856 7984 3
6043 7984 1
7980 7984 1
6043 7985 1
6034 7985 1
7980 7985 1
7856 7985 3
11838 7986 2
7987 7988 3
8140 7989 1
7826 7989 3
7989 7990 1
8489 7990 1
11737 7990 2
7989 7991 1
7826 7991 2
11798 7992 1
8161 7992 2
11746 7992 10
8136 7992 2
7991 7992 2
7994 7992 2
8136 7993 2
11746 7993 23
7991 7993 2
8161 7993 2
7994 7993 2
8170 7993 16
7826 7994 2
7989 7994 1
11837 7996 1
11837 7997 1
7999 7998 2
8581 7998 1
8234 8000 1
8492 8000 2
8581 8000 1
7998 8000 2
8582 8000 2
14382 8000 5
8581 8001 1
14382 8001 5
8492 8001 2
7998 8001 2
8582 8001 2
8001 8002 5
14379 8002 5
8004 8003 2
7998 8003 2
7999 8004 3
8467 8004 2
8128 8004 1
8110 8005 2
11837 8006 1
6043 8007 1
11784 8007 5
6034 8007 1
8357 8007 1
8007 8008 5
11784 8008 5
7887 8009 6
11838 8010 1
11813 8011 1
11751 8012 1
11846 8013 1
8012 8013 1
11815 8014 1
8188 8015 1
8018 8017 4
7815 8017 1
11837 8017 5
7999 8017 2
11764 8017 3
11766 8018 7
14379 8019 2
8608 8019 1
11863 8020 1
8020 8021 1
11866 8021 3
8430 8021 1
8381 8021 1
11839 8023 1
11839 8024 3
8099 8024 1
5994 8024 1
8023 8024 1
8604 8025 1
8304 8025 1
8023 8025 1
5983 8025 1
6043 8025 1
8099 8025 1
5994 8025 1
5964 8025 1
11839 8025 14
8567 8025 5
5948 8025 1
11838 8026 1
8028 8027 1
8026 8027 1
11838 8028 1
8026 8029 1
8030 8029 1
11838 8030 1
11811 8031 1
8057 8032 1
8486 8032 1
8527 8032 1
8035 8034 4
7813 8035 4
11843 8036 1
11766 8037 7
8040 8039 1
8131 8040 1
11851 8041 3
5971 8041 1
6043 8041 1
8041 8042 3
11851 8042 4
8503 8042 1
8043 8044 4
11766 8047 7
11766 8048 7
11766 8049 7
11766 8050 7
11766 8051 7
11846 8052 1
8608 8053 1
8052 8053 1
7848 8053 1
11846 8053 3
11721 8054 1
8266 8054 1
8052 8054 1
7848 8054 1
8608 8054 1
11846 8054 7
6096 8054 1
14379 8055 2
8052 8055 1
8057 8056 1
8623 8058 1
8056 8058 1
8032 8058 3
8485 8058 1
11838 8059 1
11748 8063 1
11866 8066 1
11874 8068 1
8070 8069 2
8352 8069 1
8068 8069 1
11874 8070 1
8353 8070 1
7966 8071 1
8073 8072 3
11808 8074 1
8074 8075 1
11808 8075 1
11815 8077 1
7901 8078 1
8044 8079 1
11773 8080 2
8079 8080 1
5991 8080 1
11769 8082 1
7807 8084 1
7807 8085 1
8084 8085 1
14382 8086 1
14382 8087 1
8089 8088 3
11748 8090 1
11763 8091 1
11765 8092 2
8091 8092 1
8635 8092 1
8635 8093 1
11765 8093 2
8091 8093 1
8091 8094 1
11765 8094 3
8547 8094 1
8672 8094 1
8635 8095 1
7897 8095 2
8091 8095 1
8098 8097 3
7901 8099 3
8600 8099 1
8098 8100 3
7856 8101 1
8128 8102 1
7999 8102 3
8103 8102 2
8009 8104 1
8104 8105 1
7804 8105 1
7804 8106 1
8104 8106 1
7946 8107 1
11794 8108 2
8107 8108 1
6046 8108 1
8155 8109 1
8110 8109 6
5953 8109 1
8302 8109 1
7813 8110 3
8518 8111 2
8112 8111 6
8109 8111 4
7813 8112 1
7956 8112 2
8110 8112 4
8109 8113 4
8112 8113 4
8109 8114 4
8112 8114 4
8109 8115 4
8112 8115 4
8109 8116 4
8112 8116 4
8302 8116 1
8112 8117 4
8109 8117 4
8112 8118 4
8109 8118 4
8112 8119 4
8109 8119 4
8109 8120 4
8112 8120 4
8112 8121 4
8109 8121 4
11838 8123 2
8125 8124 2
8123 8124 2
11838 8125 2
7986 8126 2
8123 8126 2
7939 8127 1
8488 8129 2
8128 8129 1
8341 8130 2
8128 8130 1
8128 8131 1
8466 8131 2
11782 8132 7
8128 8132 1
8670 8132 2
8128 8133 1
8505 8133 2
5949 8134 1
11843 8134 2
7885 8136 2
8243 8136 1
5982 8138 1
6013 8138 1
11868 8138 3
6045 8140 1
8244 8140 1
8246 8140 4
11737 8140 8
6053 8140 1
6014 8140 1
11737 8141 8
8140 8141 8
8143 8144 3
11821 8145 1
8611 8146 1
8145 8146 1
11823 8146 2
8145 8147 1
8611 8147 1
11823 8147 2
14382 8149 1
8151 8150 2
8272 8150 1
8273 8151 1
8150 8152 2
7892 8152 2
7824 8153 2
8150 8153 2
7824 8154 2
8150 8154 2
7813 8155 1
8155 8156 1
8035 8156 1
11857 8157 1
11857 8158 1
8157 8158 1
8157 8159 1
11854 8159 1
8089 8160 3
7901 8161 2
8099 8161 1
7885 8162 1
11843 8163 1
8073 8165 3
8073 8166 3
8597 8167 1
11782 8167 4
8665 8167 1
8454 8167 1
8454 8168 1
11719 8168 1
8212 8168 1
8419 8168 1
6014 8168 1
7992 8168 1
6045 8168 1
5948 8168 1
8246 8168 4
8597 8168 1
5983 8168 1
8345 8168 1
11746 8168 16
6034 8168 1
8167 8168 4
8244 8168 1
8665 8168 1
8244 8169 1
8419 8169 1
5948 8169 1
6045 8169 1
5983 8169 1
11719 8169 1
8597 8169 1
6034 8169 1
8246 8169 4
7992 8169 1
6014 8169 1
11746 8169 16
8212 8169 1
8167 8169 4
8345 8169 1
8454 8169 1
8665 8169 1
8212 8170 1
8597 8170 1
5948 8170 1
11746 8170 16
8454 8170 1
11719 8170 1
6045 8170 1
8244 8170 1
6014 8170 1
8665 8170 1
6034 8170 1
8345 8170 1
8167 8170 4
8419 8170 1
5983 8170 1
8246 8170 4
11739 8171 16
8170 8171 16
8167 8172 4
8132 8172 4
8167 8173 4
6043 8173 1
11791 8173 6
8175 8174 4
8178 8177 3
8179 8177 3
11837 8180 2
7939 8182 2
8129 8183 1
7835 8183 3
8131 8184 1
8184 8185 1
7834 8185 1
8040 8186 1
8184 8186 1
8188 8187 1
8187 8189 1
8015 8189 1
8017 8191 1
8191 8192 1
8017 8192 1
8191 8193 1
5981 8193 1
8017 8193 3
8234 8193 1
7846 8194 1
11769 8195 1
11769 8196 1
8195 8196 1
7826 8198 1
11863 8199 1
8204 8203 1
8626 8204 3
8203 8205 1
8204 8205 1
8207 8206 1
8269 8209 3
14379 8210 1
8342 8211 1
8210 8211 1
14379 8211 2
8213 8212 1
8244 8214 1
8345 8214 1
6034 8214 1
6043 8214 1
6014 8214 1
8665 8214 1
7846 8214 13
5998 8214 1
8419 8214 1
8212 8214 1
11719 8214 1
6045 8214 1
8214 8215 13
7846 8215 13
8345 8216 1
6043 8216 1
8665 8216 1
7885 8216 6
8212 8216 1
8244 8216 1
6045 8216 1
8212 8217 1
6043 8217 1
6014 8217 1
8665 8217 1
8345 8217 1
7885 8217 8
6034 8217 1
8419 8217 1
11719 8217 1
8419 8218 1
8244 8218 1
6034 8218 1
6045 8218 1
8665 8218 1
6043 8218 1
8212 8218 1
6014 8218 1
11719 8218 1
8345 8218 1
7885 8218 11
7885 8219 11
8218 8219 11
8218 8220 11
7846 8220 11
8212 8221 1
8366 8221 1
7820 8221 2
11854 8222 1
7846 8223 1
8222 8223 1
7846 8226 1
8232 8227 1
8226 8227 1
7846 8227 2
8441 8229 1
11748 8231 2
7846 8232 1
11748 8233 1
7815 8234 1
7815 8235 2
8234 8235 1
11846 8236 4
8624 8236 1
8234 8236 1
8236 8237 4
11846 8237 4
8234 8238 1
11843 8238 1
8234 8239 1
8506 8239 1
11762 8239 2
8234 8240 1
11762 8240 2
11762 8241 2
8240 8241 2
11871 8242 2
8240 8242 2
8214 8243 1
7885 8243 3
8245 8244 1
8244 8246 1
6045 8246 1
11782 8246 4
8597 8246 1
6014 8247 1
6045 8247 1
7826 8247 5
8246 8247 4
8244 8247 1
8132 8248 4
8246 8248 4
14382 8249 1
7939 8251 1
8251 8252 1
8253 8252 1
7939 8253 1
8255 8254 1
8251 8254 1
7939 8255 1
7901 8256 1
11763 8257 1
8257 8258 1
11835 8258 1
7966 8259 1
7897 8260 1
8259 8260 1
8273 8261 1
7867 8262 3
7867 8263 3
11838 8264 1
8129 8265 1
11846 8266 1
8269 8268 1
8209 8270 3
8268 8270 1
5990 8270 1
8558 8270 1
8209 8271 1
8268 8271 1
8273 8272 1
8272 8274 1
8261 8274 1
8273 8275 1
8272 8275 1
8272 8276 1
8277 8276 1
8273 8277 1
8279 8278 1
8272 8278 1
8273 8279 1
8272 8280 1
8277 8280 1
8272 8281 1
8282 8281 1
8273 8282 1
8277 8283 1
8272 8283 1
7892 8284 1
8272 8284 1
7892 8285 1
8272 8285 1
8272 8286 1
7892 8286 1
7892 8287 1
8272 8287 1
7935 8288 1
8272 8288 1
5983 8289 1
5948 8289 1
7901 8289 3
7901 8290 3
8289 8290 3
8289 8291 3
11839 8291 3
7826 8293 1
8293 8294 1
7826 8294 2
8590 8295 1
11821 8295 2
8295 8296 1
11769 8296 2
7939 8297 2
7958 8299 5
7885 8301 1
7813 8302 1
8035 8303 1
8302 8303 1
11839 8304 1
11839 8305 2
8604 8305 1
8304 8305 1
7966 8306 1
8308 8307 1
11773 8309 2
8480 8309 1
8307 8309 1
8310 8316 3
11833 8317 2
8418 8317 1
5987 8318 1
8317 8318 1
11835 8318 2
11835 8319 2
5987 8319 1
8317 8319 1
7901 8322 1
11815 8323 1
8323 8324 1
8571 8324 1
11753 8324 2
11863 8325 1
11838 8326 1
8089 8328 3
11808 8331 1
11744 8332 1
11769 8333 1
8334 8335 3
11863 8336 1
7883 8338 1
7883 8339 3
8354 8339 1
8338 8339 1
8622 8339 1
14379 8340 1
14379 8342 1
8344 8343 3
8213 8345 1
5948 8346 1
8345 8346 1
7820 8346 4
6014 8346 1
8366 8346 1
8348 8347 1
8350 8349 1
8347 8349 1
8348 8350 1
8347 8351 1
8350 8351 1
8353 8352 1
7883 8354 1
11784 8357 1
11815 8359 1
6004 8360 1
7966 8360 2
8544 8361 1
8360 8361 1
7897 8361 2
11808 8362 1
6030 8363 1
11765 8363 2
8362 8363 1
11857 8365 1
8597 8366 1
11782 8366 2
11843 8367 1
8369 8368 4
11838 8370 1
7966 8371 1
8371 8372 1
7966 8372 1
7966 8373 1
11854 8374 1
11854 8375 2
8374 8375 1
11714 8375 1
7966 8377 1
5961 8379 1
11866 8379 4
5970 8379 1
11866 8380 4
8379 8380 4
11863 8381 3
8379 8381 1
8265 8383 1
7856 8385 1
11815 8386 1
8386 8387 1
11753 8387 1
8017 8388 1
11833 8389 1
11833 8390 1
8389 8390 1
8129 8391 1
8391 8392 1
8183 8392 1
8391 8393 1
8183 8393 1
8183 8394 1
8391 8394 1
8183 8395 1
8391 8395 1
8265 8396 1
8391 8396 1
7826 8397 1
8399 8398 1
8401 8400 1
8398 8400 1
8399 8401 1
8403 8402 3
11838 8405 1
8405 8406 1
8059 8406 1
8405 8407 1
8408 8407 1
11838 8408 1
7826 8410 1
7826 8411 2
8410 8411 1
8403 8413 3
8414 8415 4
7939 8416 1
8297 8417 2
8416 8417 1
5999 8417 1
11835 8418 2
6073 8418 1
8245 8419 1
8067 8420 1
8420 8421 1
8422 8421 1
8067 8422 1
11769 8423 1
8426 8425 1
8425 8427 1
8428 8427 2
5979 8427 1
8224 8428 1
8426 8428 1
8425 8429 1
5979 8429 1
8428 8429 2
11863 8430 1
8200 8433 1
8183 8434 1
8434 8435 1
8436 8435 1
8183 8436 1
7999 8436 2
7856 8437 1
11762 8439 1
8441 8440 1
8440 8442 1
8443 8442 1
8441 8443 1
8443 8444 1
8440 8444 1
8443 8445 1
8440 8445 1
8229 8446 1
8440 8446 1
8440 8447 1
8229 8447 1
8440 8448 1
8229 8448 1
8440 8449 1
8443 8449 1
8443 8450 1
8440 8450 1
8443 8451 1
8440 8451 1
8440 8452 1
8443 8452 1
7846 8453 1
8245 8454 1
11751 8456 1
7826 8459 1
8109 8460 2
8005 8460 2
8463 8462 1
8462 8464 1
11812 8464 1
11812 8465 1
8462 8465 1
8581 8469 1
7999 8469 2
8469 8470 2
8102 8470 2
8493 8471 1
11837 8471 3
11748 8473 1
11833 8474 1
8474 8475 1
11833 8475 1
7885 8476 1
7808 8479 1
8308 8480 1
8133 8483 1
11808 8484 1
8486 8485 1
11857 8487 1
7826 8489 1
11843 8490 1
8581 8492 1
7999 8492 2
8017 8493 5
8492 8493 2
8625 8493 1
8493 8494 5
8017 8494 5
11837 8495 2
8492 8495 2
8492 8496 2
11837 8496 3
8496 8497 3
11837 8497 3
8017 8498 3
8496 8498 3
8492 8499 2
8004 8499 2
11838 8500 1
11748 8502 1
8213 8503 1
11762 8506 3
11872 8506 1
11871 8507 2
6072 8507 1
8506 8507 1
6093 8508 1
8506 8508 1
11871 8508 3
6054 8508 1
11815 8509 1
8509 8510 1
11815 8510 1
11744 8511 1
11863 8512 1
7948 8513 1
11744 8513 3
11737 8514 1
7856 8516 1
8034 8517 1
8517 8518 1
7956 8518 2
11746 8519 1
8521 8520 1
8520 8522 1
8523 8522 1
8521 8523 1
8520 8524 1
8523 8524 1
8523 8525 1
8520 8525 1
8520 8526 1
8523 8526 1
7939 8528 1
11769 8529 1
8529 8530 1
11769 8530 1
11833 8532 1
8532 8533 1
11835 8533 1
8181 8534 1
8181 8535 1
8534 8535 1
11837 8536 1
11857 8537 1
7806 8538 1
8538 8539 1
7806 8539 1
11808 8540 1
7885 8541 1
11839 8542 1
11744 8543 1
7966 8544 1
7939 8546 1
11763 8547 1
11765 8548 2
8672 8548 1
8547 8548 1
8547 8549 1
11765 8549 2
8672 8549 1
8672 8550 1
8547 8550 1
11765 8550 2
8547 8551 1
11765 8551 1
8547 8552 1
11765 8552 1
8672 8553 1
8547 8553 1
11765 8553 2
11765 8554 1
8547 8554 1
8547 8555 1
8672 8555 1
11765 8555 2
11765 8556 1
8547 8556 1
8269 8558 1
11837 8559 1
8471 8560 1
8559 8560 1
8017 8560 2
7999 8563 2
8581 8563 1
8436 8564 2
8563 8564 2
8563 8565 2
8436 8565 2
8245 8566 1
5983 8567 1
8566 8567 1
8597 8567 1
11782 8567 5
6021 8567 1
5948 8568 1
8567 8568 5
11789 8568 6
7885 8569 1
6056 8570 1
11753 8570 2
8570 8571 1
11815 8571 2
7901 8573 1
11838 8576 1
7885 8578 1
7999 8581 1
8581 8582 1
7999 8582 2
8582 8583 2
8102 8583 2
8581 8584 1
7999 8584 1
11838 8585 1
8585 8586 1
8576 8586 1
8585 8587 1
8010 8587 1
11810 8588 1
8588 8589 1
11810 8589 1
7919 8590 1
11769 8591 1
8590 8591 1
8590 8592 1
11769 8592 1
11769 8593 1
8590 8593 1
6056 8594 1
8590 8594 1
11753 8594 2
11837 8596 1
11782 8597 1
8597 8598 1
11791 8598 3
11850 8598 2
8631 8599 1
8597 8599 1
11782 8599 2
5983 8600 1
8597 8600 1
5948 8600 1
5937 8600 1
11839 8600 6
11839 8601 6
8600 8601 6
5983 8602 1
8597 8602 1
5948 8602 1
7901 8602 3
8597 8603 1
5948 8603 1
7901 8603 2
11839 8604 1
11746 8605 1
11838 8606 1
11846 8608 1
11737 8610 1
11821 8611 1
7856 8612 1
11833 8613 1
8133 8615 1
7818 8616 1
8615 8616 1
7818 8617 1
8615 8617 1
8615 8618 1
7818 8618 1
7818 8619 1
8615 8619 1
8615 8620 1
8483 8620 1
11744 8621 1
7883 8622 1
8527 8623 1
11846 8624 1
8017 8625 1
11751 8627 1
8627 8628 1
8629 8628 1
11751 8628 2
11751 8629 1
8629 8630 1
11751 8630 1
8245 8631 1
11769 8632 1
11821 8633 2
8632 8633 1
8296 8633 1
11763 8635 1
11833 8636 1
11833 8637 1
11771 8638 1
5991 8639 1
8638 8639 1
11773 8639 2
11773 8640 2
5991 8640 1
8638 8640 1
8638 8641 1
11773 8641 1
8638 8642 1
5991 8642 1
11773 8642 2
7938 8643 1
11744 8644 1
8513 8645 1
5927 8645 1
7808 8645 3
8644 8645 1
11815 8646 1
7966 8647 1
7901 8648 1
7901 8649 2
8648 8649 1
11808 8650 2
7807 8652 1
7807 8653 1
8652 8653 1
11769 8654 1
8483 8655 1
11762 8657 1
5959 8659 1
11821 8659 2
8296 8659 1
11821 8660 2
8296 8660 1
5959 8660 1
5959 8661 1
8296 8661 1
11821 8661 2
7885 8663 1
8245 8665 1
11843 8666 1
8034 8667 1
11748 8671 1
11763 8672 1
7925 8673 1
8672 8673 1
11763 8673 2
7925 8674 1
11763 8674 2
8672 8674 1
7925 8675 1
11763 8675 2
8672 8675 1
11763 8676 1
8672 8676 1
8672 11709 1
11763 11709 1
8672 11710 1
11763 11710 1
7826 11712 1
14382 11713 1
11854 11714 1
11854 11715 1
11714 11715 1
7901 11716 1
11811 11717 1
11717 11718 1
7883 11718 1
8245 11719 1
11846 11721 1
6096 11722 1
11846 11722 2
11721 11722 1
11808 11723 1
7939 11724 1
7905 11736 1
6043 11736 1
7989 11736 1
7880 11736 1
6029 11736 1
7926 11736 1
11737 11736 8
8610 11736 1
11851 11737 1
8245 11737 2
11782 11737 4
8050 11737 4
8213 11737 1
11764 11737 3
7826 11737 3
7930 11738 1
7931 11738 2
8025 11738 14
8410 11738 1
11736 11738 8
7992 11738 1
11739 11738 44
8293 11738 1
5922 11738 1
7881 11738 8
8648 11738 1
8649 11738 2
8411 11738 2
8294 11738 2
7909 11738 12
8245 11739 8
11764 11739 3
7826 11739 7
7846 11739 13
11791 11739 11
8213 11739 4
7901 11739 4
11851 11739 1
7885 11739 4
11746 11739 18
11782 11739 11
11737 11739 11
8037 11739 4
11839 11739 15
11739 11740 4
5994 11740 1
6009 11740 1
6029 11740 1
8567 11741 5
11790 11741 10
11739 11741 23
6043 11741 1
11740 11741 4
7910 11741 4
7992 11741 1
11740 11742 4
6043 11742 1
8567 11742 5
11739 11742 23
7992 11742 1
11792 11742 10
7910 11742 4
11744 11743 1
8046 11744 1
7889 11744 2
7809 11744 4
8207 11744 1
7808 11744 1
11794 11744 3
11746 11745 1
8037 11746 4
8213 11746 4
7889 11746 2
11782 11746 7
8245 11746 8
8046 11746 1
7826 11746 3
11739 11746 1
7901 11746 2
7885 11746 2
11748 11747 1
7890 11748 4
8046 11748 1
11751 11748 1
7850 11748 3
7889 11748 2
11748 11749 1
11747 11749 1
11747 11750 1
11751 11750 1
11764 11751 3
7890 11751 4
11748 11751 3
7850 11751 3
11753 11752 1
11755 11753 4
11764 11753 3
11815 11753 3
8228 11753 1
7919 11753 1
7974 11754 1
11752 11754 1
11755 11754 2
11766 11755 1
11753 11755 4
7828 11755 6
11753 11756 2
8571 11756 1
11752 11756 1
11755 11757 2
11752 11757 1
7974 11757 1
8571 11758 1
11752 11758 1
11753 11758 2
11755 11759 2
11752 11759 1
7974 11759 1
11752 11760 1
8571 11760 1
11753 11760 2
11762 11761 1
8046 11762 1
11871 11762 1
7815 11762 1
8047 11762 4
7889 11762 2
8572 11763 1
11764 11763 3
11808 11763 3
11765 11763 4
11808 11765 1
11766 11765 7
11763 11765 5
11748 11767 1
11769 11768 1
7889 11769 2
7919 11769 1
8046 11769 1
11821 11769 1
11823 11769 4
8638 11770 1
11771 11770 2
8480 11772 1
11770 11772 2
11773 11772 4
8307 11772 1
8044 11773 2
11771 11773 2
8308 11773 2
11813 11773 4
11770 11774 2
8480 11774 1
11773 11774 4
8307 11774 1
11770 11775 2
8480 11775 1
11773 11775 4
8307 11775 1
11773 11776 5
8480 11776 1
8307 11776 1
5991 11776 1
11770 11776 2
8480 11777 1
11773 11777 4
11770 11777 2
8307 11777 1
11771 11778 2
11770 11778 2
11780 11779 4
11782 11781 5
8597 11781 1
6034 11781 1
8419 11781 1
11719 11781 1
8245 11782 11
11784 11783 8
7912 11783 1
7971 11783 1
11781 11783 5
7980 11783 1
8213 11784 1
11782 11784 5
7856 11784 5
7977 11784 4
8245 11784 2
11764 11784 3
11851 11784 1
7912 11785 1
11781 11785 5
7971 11785 1
8345 11785 1
11784 11785 9
7980 11785 1
7912 11786 1
11784 11786 9
7980 11786 1
7971 11786 1
8345 11786 1
11781 11786 5
11784 11787 8
7980 11787 1
11781 11787 5
7971 11787 1
7912 11787 1
11789 11788 6
11781 11788 5
8345 11788 1
8148 11789 2
8213 11789 3
8128 11789 1
11782 11789 9
6043 11790 1
11791 11790 10
11781 11790 5
8167 11790 4
11782 11791 8
11851 11791 3
11781 11792 5
11791 11792 10
6043 11792 1
8167 11792 4
11794 11793 2
6046 11793 1
7946 11794 2
11793 11795 2
8206 11795 1
11796 11795 3
8207 11796 1
11794 11796 2
7834 11796 1
6034 11798 1
6014 11798 1
8665 11798 1
8161 11798 2
8454 11798 1
5948 11798 1
5983 11798 1
8212 11798 1
11719 11798 1
7994 11798 2
7991 11798 2
6045 11798 1
8244 11798 1
8419 11798 1
8246 11798 4
8597 11798 1
7964 11798 1
8136 11798 2
11739 11798 25
8345 11798 1
8167 11798 4
11798 11799 25
8542 11799 1
8194 11799 1
7978 11799 1
11739 11799 28
11802 11801 5
11804 11802 2
11805 11802 2
8580 11802 1
11803 11802 6
11802 11805 2
11769 11806 1
11808 11807 1
7889 11808 2
11763 11808 1
8046 11808 1
11765 11808 4
8572 11808 1
11807 11809 1
11808 11809 1
8463 11812 1
11813 11812 4
11815 11814 1
8228 11815 1
7889 11815 2
11755 11815 4
8046 11815 1
11753 11815 1
11815 11816 1
11814 11816 1
11818 11819 3
11821 11820 1
7919 11821 1
11769 11821 3
11764 11821 3
11823 11821 4
11820 11822 1
5959 11822 1
11823 11822 2
11766 11823 7
11821 11823 4
5959 11824 1
11820 11824 1
11823 11824 2
11823 11825 2
5959 11825 1
11820 11825 1
11820 11826 1
11823 11826 1
11820 11827 1
8145 11827 1
8611 11827 1
5959 11827 1
11823 11827 4
11828 11829 3
11808 11830 1
11830 11831 1
11808 11831 2
11833 11832 1
8051 11833 4
7889 11833 2
8046 11833 1
8572 11833 1
11835 11833 1
8650 11834 2
8317 11834 1
11832 11834 1
11835 11834 4
11764 11835 3
11833 11835 3
8051 11835 4
11763 11835 1
8572 11835 1
11808 11835 2
11837 11836 1
8017 11837 1
8046 11837 1
8018 11837 4
7889 11837 2
7999 11837 2
11779 11838 4
11782 11839 5
11840 11839 4
8245 11839 1
7901 11839 6
11851 11839 1
8213 11839 1
11764 11839 3
11766 11840 7
11843 11842 2
8234 11842 1
7889 11843 2
11846 11843 1
7815 11843 1
8046 11843 1
7968 11843 4
11843 11844 2
11842 11844 2
11846 11845 2
11842 11845 2
11843 11846 5
11748 11846 2
7968 11846 4
7815 11846 1
11764 11846 3
11751 11846 1
11848 11849 4
6043 11850 1
11851 11850 3
8213 11851 2
8597 11852 1
11850 11852 1
11791 11852 3
11854 11853 6
11852 11853 3
7965 11853 1
11857 11854 3
11791 11854 3
8049 11854 4
11764 11854 3
11853 11855 6
11854 11855 6
11852 11856 3
11857 11856 3
8049 11857 4
11791 11857 3
7889 11857 2
8046 11857 1
11854 11857 1
11859 11858 1
11858 11860 1
7969 11860 1
11861 11860 2
11859 11861 1
7970 11861 1
11863 11862 1
11866 11863 1
8048 11863 4
8046 11863 1
8230 11863 1
7889 11863 2
11862 11864 1
11863 11864 1
11866 11865 1
11862 11865 1
11764 11866 3
8230 11866 1
11863 11866 4
8048 11866 4
8207 11866 1
11794 11866 3
11868 11867 1
8202 11868 2
11808 11868 3
8614 11868 1
11763 11868 1
11868 11869 1
11867 11869 1
11871 11870 1
8047 11871 4
7815 11871 1
11764 11871 3
11762 11871 4
11870 11872 1
8234 11872 1
11871 11872 4
11872 11873 4
11871 11873 4
11808 11875 1
7925 14371 1
11875 14371 1
11763 14371 2
11810 14372 1
11810 14373 1
14372 14373 1
11843 14377 2
7848 14377 1
8582 14378 2
14379 14378 10
8492 14378 2
8581 14378 1
8234 14378 1
7998 14378 2
8340 14378 1
14377 14378 2
11837 14379 2
8017 14379 1
7999 14379 4
11846 14379 8
7815 14379 1
11764 14379 3
7893 14379 4
14382 14379 8
11843 14379 4
7829 14380 1
14379 14380 11
14378 14380 10
14377 14381 2
14382 14381 5
14378 14381 1
7889 14382 2
11843 14382 2
7815 14382 1
7999 14382 4
7893 14382 4
8046 14382 1
14379 14382 1
