191 190 4
202 191 1
214 191 1
204 191 1
193 192 3
204 194 1
202 194 1
198 194 2
214 194 1
195 196 7
197 196 3
196 197 4
196 198 4
200 199 3
193 201 3
203 202 3
193 204 3
201 205 1
207 206 2
205 206 1
234 206 1
201 207 1
199 207 1
213 207 1
197 208 1
197 209 2
208 209 1
209 210 2
196 210 2
208 211 1
197 211 2
196 212 2
211 212 2
191 213 4
193 214 3
228 215 1
198 215 2
231 216 1
225 216 1
215 216 2
194 216 5
237 216 1
194 217 2
215 217 2
207 218 1
202 225 1
225 226 1
194 226 3
237 226 1
231 226 1
191 227 2
225 227 1
231 227 1
198 228 1
228 229 1
198 229 1
204 231 1
213 232 1
232 233 1
207 233 1
199 234 1
214 237 1
237 238 1
191 238 1
