1025 1024 3
2102 1024 1
1126 1025 2
1344 1025 1
1342 1025 4
1339 1025 4
1494 1025 2
1515 1025 1
1345 1025 4
1493 1025 3
1341 1025 1
1283 1025 1
1293 1025 1
1492 1025 3
2244 1026 1
1025 1026 6
1430 1026 4
1024 1026 1
1028 1027 1
1061 1028 1
1030 1028 2
1759 1028 3
2128 1029 1
2007 1029 1
1114 1029 1
1337 1029 1
1676 1029 1
2453 1029 1
1959 1029 1
1437 1029 1
1030 1029 21
2137 1029 1
2071 1029 1
2047 1029 1
2505 1029 1
1589 1029 1
1519 1029 1
1935 1029 1
1512 1029 1
1691 1029 1
2201 1029 1
1269 1029 1
2041 1029 1
1027 1029 1
1061 1030 5
1278 1030 4
1758 1030 4
1028 1030 4
1115 1030 4
1452 1030 4
1530 1030 4
1118 1030 3
1036 1031 1
1032 1031 2
1684 1032 7
2098 1032 2
1031 1033 2
1036 1033 4
1034 1033 6
1301 1033 4
1032 1034 6
1034 1035 2
1031 1035 2
1031 1036 2
1032 1036 4
1038 1037 1
1040 1038 1
1410 1038 4
1099 1038 2
2279 1038 1
1495 1039 1
1037 1039 1
1566 1039 1
1580 1039 1
1774 1039 1
1040 1039 7
2309 1039 1
2152 1039 1
1118 1040 3
1410 1040 4
1038 1040 7
1042 1041 1
1044 1042 1
1099 1042 2
2279 1042 1
1338 1042 4
1044 1043 4
1277 1043 1
1041 1043 1
1865 1043 1
2238 1043 1
1118 1044 3
1222 1044 4
1042 1044 4
1224 1044 4
1121 1044 4
1338 1044 4
2171 1045 1
2290 1045 1
1041 1045 1
1044 1045 3
1047 1046 1
1049 1047 1
2279 1047 1
1250 1047 4
1099 1047 2
1049 1048 3
2496 1048 1
2147 1048 1
1046 1048 1
1118 1049 3
1047 1049 3
1250 1049 4
1046 1050 1
2159 1050 1
1049 1050 3
2436 1050 1
1052 1051 3
1097 1052 4
1051 1053 2
1052 1053 2
1055 1054 1
1099 1055 2
1131 1055 1
1874 1055 4
1591 1055 2
2279 1055 1
1057 1056 1
1591 1057 2
1099 1057 2
1212 1057 4
1211 1057 1
2279 1057 1
1055 1058 1
1055 1059 1
1058 1059 1
1061 1060 1
2279 1061 1
1099 1061 2
1030 1061 1
1530 1061 4
1063 1062 1
2279 1063 1
1497 1063 4
1099 1063 2
1324 1063 1
2466 1064 1
2130 1064 1
2403 1064 1
2367 1064 1
2254 1064 1
2117 1064 1
1456 1064 1
1062 1064 1
2468 1064 1
2439 1064 1
1192 1064 1
2138 1064 1
1195 1064 1
1065 1064 25
2083 1064 1
1092 1064 1
1896 1064 1
1231 1064 1
2277 1064 1
2073 1064 1
1667 1064 1
2101 1064 1
1460 1064 1
1849 1064 1
2319 1064 1
1309 1064 1
1234 1065 3
1134 1065 3
1093 1065 10
1196 1065 2
1063 1065 3
1226 1065 2
1324 1065 2
1292 1065 4
1118 1065 3
1859 1066 1
1067 1066 3
1445 1067 4
1666 1067 4
1070 1067 5
1118 1067 3
1067 1068 3
1066 1068 3
1066 1069 1
1070 1069 3
2279 1070 1
1099 1070 2
1666 1070 4
1067 1070 1
1898 1071 1
1061 1071 3
2281 1072 1
1882 1072 1
1071 1072 1
2129 1072 1
2106 1072 1
1030 1072 5
1061 1073 1
1071 1073 1
1071 1074 1
1061 1074 1
1071 1075 1
1061 1075 1
1071 1076 1
1061 1076 1
1061 1077 1
1071 1077 1
1061 1078 1
1071 1078 1
1061 1079 1
1071 1079 1
1071 1080 1
1061 1080 1
1061 1081 1
1071 1081 1
1061 1082 1
1071 1082 1
1071 1083 1
1061 1083 1
1071 1084 1
1061 1084 1
1061 1085 1
1071 1085 1
1071 1086 1
1061 1086 1
1071 1087 1
1061 1087 1
1061 1088 1
1071 1088 1
1071 1089 1
1061 1089 1
1061 1090 1
1071 1090 1
1071 1091 1
1061 1091 2
1093 1092 1
1063 1093 1
1099 1093 2
1324 1093 1
1065 1093 1
1196 1093 1
1134 1093 1
1234 1093 1
1292 1093 4
1226 1093 1
2279 1093 1
1065 1094 3
1092 1094 1
1148 1094 1
1894 1094 1
1038 1095 1
1097 1096 4
1418 1097 2
1954 1097 1
1099 1098 2
2279 1098 1
1297 1098 1
1057 1098 1
1100 1098 4
1211 1098 1
1591 1098 2
1101 1100 7
1598 1100 1
1297 1100 3
1098 1100 1
1690 1100 1
1057 1100 1
1211 1100 3
1103 1102 2
1536 1102 1
1104 1103 4
1107 1105 2
1346 1105 3
1106 1105 5
1346 1107 2
1105 1107 4
1047 1109 1
1111 1110 3
2483 1110 1
1518 1111 5
1271 1111 4
1503 1111 4
1118 1111 3
1110 1112 3
1111 1112 3
1115 1114 1
1030 1115 2
1061 1115 1
1759 1115 3
1226 1116 1
1324 1116 1
1142 1116 1
1196 1116 1
1335 1117 9
1119 1117 4
1118 1117 3
1101 1119 7
1121 1120 1
1042 1121 1
1044 1121 2
1759 1121 3
1223 1122 1
1781 1122 1
2456 1122 1
2450 1122 1
1044 1122 13
1200 1122 1
1120 1122 1
2026 1122 1
2482 1122 1
1221 1122 1
2090 1122 1
2290 1122 1
2461 1122 1
2305 1122 1
1093 1123 1
1123 1124 1
1093 1124 1
1126 1125 1
1138 1126 1
1341 1126 1
2093 1126 1
1943 1126 1
1339 1126 3
2092 1126 2
1418 1126 2
2091 1126 2
1342 1126 3
1372 1126 1
1412 1126 1
1344 1126 1
1025 1126 1
1340 1126 1
1128 1127 1
1125 1127 1
1245 1128 3
1418 1128 2
1126 1128 1
1055 1129 1
1129 1130 1
1131 1130 2
1951 1130 1
1118 1131 3
1591 1131 2
1055 1131 2
1874 1131 4
1042 1132 1
1134 1133 1
1196 1134 1
1441 1134 4
2279 1134 1
1099 1134 2
2279 1135 1
1136 1135 4
1099 1135 2
1214 1135 1
1101 1136 7
1138 1137 2
2473 1137 1
1341 1138 1
2051 1138 3
1344 1138 1
2050 1138 3
1342 1138 4
2094 1138 2
1345 1138 1
2049 1138 3
1339 1138 4
1126 1138 2
2146 1139 1
2263 1139 1
1137 1139 2
1735 1139 1
1138 1139 8
1457 1139 1
2404 1139 1
2425 1139 1
1457 1140 1
1137 1140 2
2146 1140 1
2404 1140 1
2425 1140 1
2263 1140 1
1138 1140 8
1735 1140 1
1142 1141 1
1118 1142 3
1359 1142 4
1358 1142 2
1141 1143 1
1144 1143 4
2211 1143 1
1500 1143 1
1325 1143 1
1226 1144 5
1101 1144 7
1134 1144 2
1063 1144 2
1142 1144 2
1234 1144 2
1196 1144 5
1324 1144 5
1325 1145 1
2211 1145 1
1144 1145 4
1500 1145 1
1141 1145 1
1144 1146 4
1141 1146 1
1500 1146 1
1325 1146 1
2211 1146 1
1500 1147 1
1144 1147 4
1325 1147 1
1141 1147 1
2211 1147 1
1065 1148 1
1065 1149 2
1894 1149 1
1148 1149 1
1065 1150 2
1894 1150 1
1148 1150 1
1148 1151 1
1894 1151 1
1065 1151 2
1065 1152 2
1148 1152 1
1894 1152 1
1065 1153 2
1894 1153 1
1148 1153 1
1148 1154 1
1894 1154 1
1065 1154 2
1894 1155 1
1065 1155 2
1148 1155 1
1894 1156 1
1065 1156 2
1148 1156 1
1148 1157 1
1065 1157 2
1894 1157 1
1148 1158 1
1894 1158 1
1065 1158 2
1148 1159 1
1065 1159 2
1894 1159 1
1894 1160 1
1065 1160 2
1148 1160 1
1065 1161 3
2498 1161 1
1894 1161 1
1148 1161 1
1148 1162 1
1065 1162 3
2101 1162 1
1894 1162 1
1148 1163 1
1065 1163 2
1894 1163 1
1894 1164 1
1065 1164 3
1148 1164 1
2130 1164 1
1148 1165 1
1894 1165 1
1065 1165 2
1148 1166 1
1065 1166 2
1894 1166 1
1148 1167 1
1460 1167 1
1065 1167 3
1894 1167 1
1894 1168 1
1148 1168 1
1065 1168 2
1894 1169 1
1148 1169 1
1065 1169 2
1065 1170 2
1148 1170 1
1894 1170 1
1148 1171 1
1894 1171 1
1065 1171 2
1894 1172 1
1148 1172 1
1065 1172 2
1065 1173 2
1148 1173 1
1894 1173 1
1148 1174 1
1894 1174 1
1065 1174 2
1894 1175 1
1148 1175 1
1065 1175 2
1894 1176 1
1148 1176 1
1065 1176 2
1148 1177 1
1894 1177 1
1065 1177 2
1894 1178 1
1148 1178 1
1065 1178 2
1894 1179 1
1148 1179 1
1065 1179 3
2138 1179 1
1065 1180 2
1148 1180 1
1894 1180 1
1192 1181 1
1065 1181 3
1148 1181 1
1894 1181 1
1894 1182 1
1065 1182 2
1148 1182 1
1148 1183 1
1065 1183 2
1894 1183 1
1894 1184 1
1065 1184 2
1148 1184 1
1148 1185 1
1894 1185 1
1065 1185 2
1894 1186 1
1065 1186 2
1148 1186 1
2367 1187 1
1894 1187 1
1065 1187 3
1148 1187 1
1148 1188 1
1894 1188 1
1065 1188 2
2319 1189 1
1894 1189 1
1148 1189 1
1065 1189 3
1148 1190 1
1065 1190 2
1894 1190 1
1065 1191 2
1894 1191 1
1148 1191 1
1093 1192 1
1194 1193 2
1793 1193 1
1196 1195 1
1441 1196 4
1134 1196 2
1118 1196 3
1197 1198 4
1042 1199 1
1199 1200 1
1448 1200 1
1220 1200 1
1121 1200 4
1202 1201 2
2395 1201 1
1042 1203 1
2118 1204 1
1206 1205 1
1382 1206 1
1116 1206 5
1322 1206 1
1208 1207 1
1235 1208 3
1208 1209 1
1207 1209 1
1759 1210 3
1214 1210 2
1135 1210 1
1212 1211 4
1591 1211 2
1118 1211 3
1057 1211 2
1101 1212 7
1214 1213 1
1118 1214 3
1136 1214 4
1135 1214 3
1213 1215 1
1449 1215 1
1214 1215 2
1213 1216 1
1449 1216 1
1214 1216 3
2364 1216 1
1213 1217 1
1449 1217 1
1214 1217 2
1214 1218 2
1213 1218 1
1449 1218 1
1213 1219 1
1449 1219 1
1214 1219 2
1044 1220 1
1220 1221 1
1222 1221 4
1605 1221 1
2113 1221 1
1759 1222 3
1042 1222 1
1044 1222 2
2209 1223 1
2376 1223 1
1220 1223 1
1224 1223 4
1042 1224 1
1044 1224 2
1759 1224 3
1226 1225 1
1234 1226 2
2212 1226 2
1118 1226 1
1144 1226 4
1948 1227 1
2241 1227 1
1225 1227 1
2132 1227 1
1325 1227 1
1773 1227 1
1757 1227 1
1323 1227 1
1677 1227 1
1144 1227 21
1451 1227 1
1309 1227 1
2468 1227 1
1523 1227 1
2415 1227 1
1849 1227 1
2444 1227 1
2157 1227 1
1905 1227 1
2167 1227 1
2433 1227 1
2211 1227 1
1940 1228 1
1228 1229 4
1226 1230 1
2439 1231 1
1389 1231 1
2254 1231 1
2277 1231 1
1093 1231 9
1230 1231 1
1777 1231 1
1576 1231 1
1576 1232 1
2277 1232 1
1777 1232 1
2254 1232 1
2439 1232 1
1093 1232 7
1230 1232 1
2055 1232 1
1234 1233 1
2279 1234 1
1144 1234 4
1099 1234 2
1226 1234 1
1196 1236 1
1134 1237 2
1236 1237 1
1239 1238 1
2044 1240 1
1241 1240 3
1238 1240 1
1434 1240 1
1386 1241 2
1239 1241 2
1135 1242 1
1025 1244 1
1245 1244 3
1135 1246 1
1098 1247 1
1247 1248 1
1098 1248 1
1234 1249 1
1101 1250 7
1241 1251 4
1135 1252 1
2166 1253 1
1252 1253 1
1446 1253 1
1210 1253 3
1069 1254 1
1290 1254 1
1067 1254 5
2080 1254 1
1871 1254 1
1416 1254 1
1069 1255 1
1070 1255 1
1069 1256 1
1070 1256 1
1070 1257 1
1069 1257 1
1070 1258 1
1069 1258 1
1070 1259 1
1069 1259 1
1069 1260 1
1070 1260 1
1070 1261 1
1069 1261 1
1070 1262 1
1069 1262 1
1069 1263 1
1070 1263 1
1069 1264 1
1070 1264 1
1070 1265 2
1069 1265 1
1234 1266 2
1498 1266 1
2097 1267 1
1226 1267 2
1266 1267 1
1030 1268 1
1922 1269 1
1758 1269 4
1268 1269 1
2359 1269 1
1271 1270 1
1759 1271 3
1111 1271 2
1518 1271 1
1271 1272 1
1270 1272 1
1243 1273 1
1273 1274 1
1275 1274 1
1243 1275 1
1275 1276 1
1273 1276 1
1042 1277 1
1030 1278 2
1061 1278 1
1759 1278 3
1280 1279 1
1372 1280 1
1319 1280 1
1943 1280 1
1944 1280 1
1718 1280 2
1341 1280 1
1418 1280 1
1719 1280 2
1342 1280 3
1339 1280 3
1344 1280 1
2008 1281 1
1279 1281 1
2475 1281 1
1280 1281 3
1283 1282 1
1707 1283 1
1912 1283 2
1025 1284 4
2288 1284 1
1526 1284 1
1282 1284 1
1428 1284 1
1326 1285 5
2283 1285 1
1327 1285 7
1286 1285 9
1287 1285 1
1322 1286 1
1210 1286 1
1382 1286 1
1206 1286 7
1116 1286 5
1210 1287 1
1040 1288 3
2198 1288 1
1288 1289 3
1040 1289 3
1070 1290 1
2352 1291 1
1067 1291 3
1606 1291 1
1290 1291 1
1101 1292 7
1294 1293 2
1707 1293 1
1296 1295 1
1775 1296 4
1604 1296 1
1764 1296 1
1099 1296 2
2279 1296 1
1118 1297 3
1100 1297 4
1211 1297 2
1591 1297 2
1098 1297 2
1057 1297 3
2053 1298 2
1280 1298 1
1245 1298 1
1138 1299 1
1245 1299 3
1245 1300 3
1340 1300 1
1032 1301 4
2245 1301 1
1036 1301 2
1303 1302 1
2379 1303 1
1302 1304 1
1305 1304 1
1303 1305 1
1305 1306 1
1302 1306 1
1302 1307 1
1305 1307 1
1302 1308 1
1305 1308 1
1063 1309 1
1063 1310 1
1312 1311 2
1684 1312 1
1032 1312 3
1052 1312 2
1312 1313 4
1311 1313 2
1673 1313 2
1275 1314 4
1316 1315 1
1315 1317 1
1813 1317 1
1318 1317 3
2247 1317 1
1814 1318 1
1316 1318 1
1910 1319 1
1320 1319 2
1322 1321 1
1324 1323 1
1063 1324 2
1118 1324 3
1497 1324 4
1226 1325 1
1116 1326 5
1500 1326 1
1325 1326 1
1757 1326 1
1451 1326 1
1206 1327 7
1326 1327 5
2283 1327 1
2211 1328 1
2415 1328 1
1905 1328 1
1144 1328 12
2241 1328 1
1523 1328 1
1451 1328 1
1677 1328 1
2157 1328 1
1325 1328 1
2433 1328 1
2132 1328 1
1757 1328 1
1211 1329 1
2405 1330 1
2242 1330 1
2046 1330 1
1329 1330 1
1864 1330 1
2004 1330 1
1100 1330 10
2054 1330 1
1811 1330 1
2368 1330 1
2096 1330 1
1100 1331 6
2405 1331 1
1864 1331 1
1329 1331 1
2242 1331 1
2368 1331 1
2004 1331 1
1138 1332 1
1332 1333 1
1299 1333 1
1335 1334 1
1117 1335 1
1119 1335 4
2279 1335 1
1099 1335 2
2488 1336 1
1464 1336 1
1393 1336 1
2280 1336 1
2430 1336 1
1117 1336 9
2204 1336 1
2363 1336 1
1851 1336 1
1334 1336 1
1278 1337 1
1101 1338 7
2095 1340 2
1345 1340 4
1342 1340 4
1126 1340 2
1341 1340 1
1369 1340 2
1743 1340 3
1339 1340 4
1344 1340 1
1742 1340 3
2087 1343 2
1316 1343 1
1696 1343 1
1346 1343 2
1342 1343 1
1348 1346 11
2297 1346 1
2038 1346 5
1349 1346 12
1107 1346 1
1347 1346 10
1369 1349 2
1367 1350 1
1376 1350 9
1346 1350 11
1351 1350 1
1787 1350 1
1350 1351 6
2140 1352 2
2141 1352 2
2142 1352 2
1350 1352 8
1352 1353 7
1025 1354 1
1354 1355 1
2385 1355 1
1025 1355 3
1507 1356 1
2107 1356 1
1025 1356 3
1354 1356 1
1507 1357 1
1354 1357 1
1510 1357 2
2107 1357 1
1355 1357 1
1025 1357 8
1024 1357 1
2474 1357 2
1099 1358 2
1142 1358 1
1359 1358 4
2279 1358 1
1101 1359 7
1362 1360 3
1361 1360 2
1587 1360 1
1057 1363 1
1234 1364 1
1234 1365 1
1364 1365 1
1367 1366 1
1369 1368 2
1366 1368 1
1367 1369 1
1368 1370 2
1349 1370 2
1368 1371 2
1372 1371 2
1680 1372 4
1369 1372 2
1679 1372 2
2070 1372 1
1407 1373 1
1340 1373 4
1368 1373 2
2431 1374 1
1340 1374 6
2169 1374 1
1373 1374 4
1368 1375 2
1340 1375 3
1407 1375 1
1316 1377 1
1343 1378 1
1377 1378 1
1377 1379 1
1343 1379 1
1343 1380 2
1377 1380 1
2384 1380 1
1070 1383 1
1135 1384 1
2032 1385 1
2364 1385 1
1214 1385 3
1384 1385 1
1387 1386 4
2037 1387 1
1065 1388 1
2277 1389 1
1388 1389 1
2439 1389 1
1065 1389 6
2254 1389 1
1389 1390 6
1065 1390 6
1047 1391 1
1391 1392 1
1047 1392 1
1822 1393 1
1335 1393 3
1134 1394 1
1057 1395 1
2078 1396 1
2284 1396 1
1398 1396 1
2133 1396 1
1395 1396 1
2487 1396 1
1297 1396 7
2104 1396 1
1395 1397 1
1297 1397 4
1592 1397 2
1453 1398 1
1397 1398 1
1395 1398 1
1098 1398 4
1098 1399 2
1395 1399 1
1453 1399 1
1116 1400 1
1038 1401 1
1403 1402 1
1466 1403 4
1915 1404 1
1887 1404 1
1405 1404 5
1402 1404 1
1854 1404 1
2421 1404 1
1229 1405 2
1403 1405 2
1423 1405 2
1915 1406 1
1402 1406 1
1887 1406 1
1405 1406 5
1854 1406 1
2421 1406 1
1340 1407 1
1407 1408 1
1340 1408 1
1407 1409 1
1340 1409 1
1101 1410 7
1412 1411 1
1126 1413 1
1411 1413 1
1411 1414 1
1126 1414 1
1126 1415 1
1411 1415 1
1070 1416 1
1606 1417 1
2352 1417 1
1416 1417 1
1067 1417 3
1420 1418 3
1362 1418 1
1419 1418 2
1098 1421 1
1422 1423 4
2147 1424 1
1047 1424 2
1061 1425 1
2126 1426 1
1427 1426 2
1025 1428 1
1025 1429 1
1428 1429 1
1428 1430 1
1025 1430 4
1526 1430 1
2288 1430 1
1428 1431 1
1025 1431 1
1093 1433 1
1386 1434 1
1434 1435 1
1241 1435 3
2044 1435 1
2382 1435 1
1061 1436 1
1278 1437 4
1922 1437 1
1436 1437 1
1704 1437 1
1439 1438 2
1440 1438 1
1684 1439 5
1439 1440 2
1438 1440 2
1101 1441 7
1098 1442 1
1067 1443 1
2306 1444 1
1445 1444 4
2163 1444 1
1443 1444 1
1067 1445 2
1759 1445 3
1070 1445 1
1214 1446 1
1093 1447 1
1044 1448 1
1214 1449 1
1214 1450 1
1449 1450 1
1324 1451 1
1759 1452 3
1211 1453 1
1926 1454 2
1097 1454 4
1097 1455 5
1454 1455 4
1234 1456 1
1138 1457 1
1111 1458 1
1458 1459 1
1685 1459 1
1271 1459 4
2273 1459 1
1093 1460 1
1358 1461 1
1462 1463 4
1335 1464 1
1540 1465 1
1117 1465 3
1464 1465 1
1868 1465 1
1032 1467 3
2417 1467 1
2214 1467 1
1467 1468 3
1312 1468 5
1741 1468 2
1470 1469 3
2417 1469 1
1467 1469 3
2214 1469 1
1032 1470 3
2098 1470 1
1470 1471 3
2214 1471 1
2417 1471 1
1467 1471 3
1470 1472 3
1467 1472 3
1467 1473 3
1470 1473 3
1467 1474 3
1470 1474 3
1467 1475 3
1470 1475 3
1467 1476 3
1470 1476 3
1470 1477 3
1467 1477 3
1470 1478 3
1467 1478 3
1470 1479 3
1467 1479 3
1467 1480 3
1470 1480 3
1470 1481 3
1467 1481 3
1470 1482 3
1467 1482 3
1467 1483 3
1470 1483 3
1470 1484 3
1467 1484 3
2417 1484 1
2417 1485 1
1467 1485 3
1470 1485 3
1070 1486 1
1222 1487 1
1222 1488 1
1487 1488 1
1340 1489 1
2088 1490 1
1340 1490 3
1489 1490 1
1722 1490 1
1725 1491 2
2169 1491 1
1632 1491 2
2089 1491 1
1489 1491 1
1722 1491 1
1340 1491 8
2088 1491 1
1038 1495 1
1495 1496 1
1634 1496 1
2287 1496 1
1040 1496 3
1101 1497 7
1226 1498 1
1047 1499 1
1142 1500 1
1105 1501 1
1105 1502 6
1584 1502 2
1501 1502 1
1913 1502 1
2307 1502 1
1694 1502 1
1101 1503 7
1598 1504 1
2279 1504 1
1099 1504 2
1505 1504 4
1101 1505 7
1286 1506 1
1025 1507 1
1507 1508 1
1025 1508 1
1025 1509 1
1507 1509 1
1507 1510 1
1025 1510 2
1061 1511 1
1535 1512 1
1511 1512 1
1922 1512 1
1115 1512 4
1047 1514 1
1707 1515 1
1516 1515 2
1759 1517 3
1111 1518 1
2279 1518 1
1503 1518 4
1099 1518 2
1452 1519 1
1518 1520 1
1111 1521 5
2020 1521 1
1520 1521 1
2127 1521 1
2424 1521 1
2278 1521 1
1520 1522 1
1824 1522 1
1111 1522 3
2317 1522 1
1324 1523 1
2120 1524 1
1525 1524 2
1515 1526 1
1526 1527 1
2288 1527 1
1528 1527 2
1515 1528 1
1293 1528 1
1504 1529 1
1101 1530 7
1038 1531 2
1566 1531 1
1055 1533 1
1042 1534 1
1030 1535 1
1104 1536 3
1358 1537 1
1271 1538 1
2262 1539 1
1111 1539 5
1824 1539 1
1538 1539 1
2052 1539 1
1459 1539 1
1117 1540 1
1868 1541 1
1117 1541 2
1540 1541 1
1117 1542 2
1540 1542 1
1868 1542 1
1868 1543 1
1540 1543 1
1117 1543 2
1540 1544 1
1868 1544 1
1117 1544 2
1868 1545 1
1117 1545 2
1540 1545 1
1868 1546 1
1540 1546 1
1117 1546 2
1868 1547 1
1540 1547 1
1117 1547 2
1117 1548 3
1540 1548 1
2204 1548 1
1868 1548 1
1868 1549 1
1117 1549 2
1540 1549 1
1117 1550 2
1540 1550 1
1868 1550 1
1540 1551 1
1868 1551 1
1117 1551 2
1540 1552 1
1117 1552 2
1868 1552 1
1540 1553 1
1868 1553 1
1117 1553 2
1540 1554 1
1868 1554 1
1117 1554 2
1868 1555 1
1117 1555 2
1540 1555 1
1540 1556 1
1868 1556 1
1772 1556 1
1117 1556 3
1117 1557 3
1540 1557 1
1851 1557 1
1868 1557 1
1117 1558 2
1868 1558 1
1540 1558 1
1117 1559 3
1868 1559 1
1540 1559 1
2430 1559 1
1540 1560 1
1117 1560 2
1868 1560 1
2280 1561 1
1868 1561 1
1117 1561 3
1540 1561 1
1117 1562 2
1868 1562 1
1540 1562 1
1868 1563 1
1540 1563 1
1117 1563 3
2488 1563 1
1540 1564 1
1868 1564 1
1117 1564 2
1117 1565 3
1868 1565 1
2363 1565 1
1540 1565 1
1288 1566 1
1038 1566 3
1346 1567 1
1567 1568 1
1346 1568 2
1343 1569 2
1568 1569 2
1568 1570 2
1105 1570 2
1567 1571 1
1346 1571 3
2471 1571 1
1778 1571 1
1107 1572 2
1567 1572 1
2494 1572 1
1138 1573 1
1573 1574 1
1138 1574 1
1138 1575 1
1573 1575 1
1324 1576 1
1098 1577 1
1579 1578 4
1038 1580 1
1040 1581 3
1634 1581 1
1580 1581 1
2287 1581 1
1070 1582 1
1296 1583 1
1105 1584 2
1518 1585 2
2020 1585 1
1131 1586 1
1063 1588 1
1452 1589 1
1591 1590 1
1591 1592 2
1590 1592 1
1211 1593 3
1592 1593 2
1057 1594 2
1592 1594 2
1592 1595 2
1098 1595 2
1098 1596 2
1592 1596 2
1592 1597 2
1598 1597 2
1505 1598 4
1118 1598 3
1591 1598 2
1504 1598 2
1591 1599 2
1590 1599 1
1131 1600 3
1599 1600 2
1599 1601 2
1055 1601 2
1055 1602 2
1599 1602 2
1599 1603 2
1604 1603 2
1775 1604 4
1764 1604 1
1296 1604 2
1118 1604 3
1591 1604 2
1042 1605 1
1067 1606 1
2251 1607 1
1606 1607 1
1444 1607 1
2434 1607 1
1067 1607 5
2056 1607 1
2352 1608 1
1606 1608 1
1067 1608 2
1067 1609 2
1606 1609 1
2352 1609 1
2352 1610 1
1606 1610 1
1067 1610 2
1606 1611 1
1067 1611 2
2352 1611 1
1606 1612 1
1067 1612 2
2352 1612 1
2352 1613 1
1067 1613 2
1606 1613 1
1606 1614 1
1067 1614 2
2352 1614 1
1606 1615 1
1067 1615 2
2352 1615 1
1606 1616 1
1067 1616 2
2352 1616 1
1606 1617 1
1067 1617 2
2352 1617 1
2352 1618 1
1067 1618 2
1606 1618 1
2352 1619 1
1067 1619 2
1606 1619 1
1606 1620 1
1906 1620 1
1067 1620 3
2352 1620 1
1606 1621 1
1067 1621 2
2352 1621 1
2352 1622 1
1067 1622 2
1606 1622 1
1606 1623 1
1067 1623 2
2352 1623 1
1606 1624 1
1067 1624 2
2352 1624 1
1067 1625 3
1606 1625 1
1871 1625 1
2352 1625 1
1067 1626 2
2352 1626 1
1606 1626 1
2352 1627 1
1067 1627 2
1606 1627 1
1606 1628 1
1067 1628 2
2352 1628 1
1067 1629 2
2352 1629 1
1606 1629 1
1606 1630 1
1067 1630 2
2352 1630 1
1061 1631 1
1340 1632 2
2473 1632 1
1070 1633 1
1040 1634 1
1040 1635 1
1634 1635 1
1040 1636 2
2287 1636 1
1634 1636 1
1634 1637 1
1040 1637 2
2287 1637 1
1634 1638 1
2287 1638 1
1040 1638 2
2287 1639 1
1634 1639 1
1040 1639 2
1634 1640 1
2287 1640 1
1040 1640 2
1040 1641 2
1634 1641 1
2287 1641 1
1634 1642 1
1040 1642 2
2287 1642 1
1634 1643 1
1040 1643 2
2287 1643 1
1040 1644 2
2287 1644 1
1634 1644 1
1040 1645 2
1634 1645 1
2287 1645 1
1040 1646 3
1634 1646 1
2287 1646 1
1774 1646 1
2287 1647 1
1634 1647 1
1040 1647 2
1040 1648 2
1634 1648 1
2287 1648 1
1634 1649 1
1040 1649 2
2287 1649 1
1040 1650 2
2287 1650 1
1634 1650 1
1040 1651 2
1634 1651 1
2287 1651 1
2287 1652 1
1634 1652 1
1040 1652 2
1040 1653 2
2287 1653 1
1634 1653 1
1634 1654 1
2287 1654 1
1040 1654 2
1634 1655 1
2287 1655 1
1040 1655 2
2287 1656 1
1634 1656 1
1040 1656 2
1634 1657 1
2287 1657 1
1040 1657 2
1634 1658 1
2287 1658 1
1040 1658 2
2152 1659 1
2287 1659 1
1634 1659 1
1040 1659 3
1634 1660 1
1040 1660 2
2287 1660 1
1040 1661 2
1634 1661 1
2287 1661 1
1634 1662 1
1040 1662 2
2287 1662 1
1040 1663 2
2287 1663 1
1634 1663 1
2287 1664 1
1040 1664 2
1634 1664 1
1040 1665 3
1634 1665 1
2309 1665 1
2287 1665 1
1101 1666 7
1134 1667 1
1669 1668 2
2276 1668 1
1670 1668 4
1278 1671 1
1278 1672 1
1671 1672 1
1312 1673 2
1470 1674 4
1030 1675 1
1922 1676 1
2497 1676 1
1675 1676 1
1028 1676 4
1226 1677 1
1856 1680 1
2420 1680 1
1758 1681 1
1681 1682 1
1758 1682 1
1684 1683 5
1097 1684 14
1111 1685 1
1057 1686 1
1296 1687 1
1598 1688 1
1688 1689 1
2405 1689 1
1690 1689 6
1864 1689 1
2408 1689 1
2381 1689 1
1297 1690 1
1598 1690 1
1131 1690 1
1211 1690 1
1604 1690 1
1452 1691 1
1693 1692 2
2409 1692 1
1105 1694 1
1504 1695 1
2158 1696 1
1697 1696 2
1518 1698 1
1518 1699 1
1698 1699 1
1351 1700 1
1350 1701 1
1700 1701 1
1759 1702 3
1051 1703 1
1052 1703 4
1770 1703 3
1030 1704 1
1096 1705 3
1705 1706 2
1096 1706 2
1707 1708 1
1707 1709 1
1707 1710 1
1707 1711 1
1358 1712 1
1382 1713 1
1714 1713 1
1716 1715 1
1715 1717 1
1716 1717 1
1061 1720 1
1720 1721 1
1061 1721 1
1340 1722 1
1722 1723 1
1340 1723 1
1722 1724 1
1340 1724 1
1722 1725 1
1340 1725 2
1367 1726 1
1726 1727 1
1786 1727 1
1350 1727 2
1726 1728 1
1350 1728 2
1786 1728 1
1093 1730 1
1335 1731 1
1731 1732 1
1335 1732 1
1093 1733 1
1134 1734 1
1138 1735 1
1049 1736 3
2313 1736 1
1736 1737 3
1049 1737 3
1678 1738 2
1678 1739 3
1952 1739 1
1738 1739 2
2213 1741 1
1052 1741 2
1745 1744 3
1566 1746 1
1038 1746 1
1038 1747 1
1566 1747 1
1038 1748 1
1566 1748 1
1038 1749 1
1566 1749 1
1566 1750 1
1038 1750 1
1566 1751 1
1038 1751 1
1038 1752 1
1566 1752 1
1038 1753 1
1566 1753 1
1566 1754 1
1038 1754 1
1566 1755 1
1038 1755 1
1038 1756 1
1566 1756 1
1196 1757 1
1759 1758 3
1030 1758 2
1061 1758 1
1903 1762 1
1063 1762 2
2048 1763 1
1324 1763 2
1762 1763 1
1707 1764 1
2079 1764 2
1705 1765 1
1096 1765 3
1766 1765 3
1765 1766 3
1096 1766 3
1765 1767 3
1705 1767 1
1096 1767 4
1745 1768 3
1770 1769 3
1052 1769 3
1052 1770 3
1769 1770 3
1051 1770 1
1093 1771 1
1117 1772 1
1226 1773 1
1038 1774 1
1776 1775 6
1101 1775 7
1196 1777 1
1107 1778 1
2086 1779 1
1105 1779 2
1778 1779 1
1234 1780 1
1222 1781 1
1764 1782 1
1604 1783 2
1782 1783 1
1782 1784 1
1296 1784 1
1782 1785 1
1296 1785 1
1787 1786 1
1038 1788 1
1358 1789 1
1789 1790 1
1358 1790 1
1792 1791 3
1799 1794 1
1432 1794 2
1346 1795 1
1346 1796 2
1795 1796 1
2471 1796 1
1795 1797 1
2086 1797 1
1105 1797 2
1034 1798 4
2098 1798 2
1799 1800 1
1745 1801 3
1126 1802 1
1126 1803 4
2480 1803 1
2385 1803 1
1802 1803 1
2374 1803 1
2385 1804 1
2374 1804 1
1126 1804 3
1802 1804 1
2385 1805 1
1802 1805 1
1126 1805 3
2374 1805 1
2385 1806 1
1802 1806 1
2374 1806 1
1126 1806 3
1214 1808 1
1808 1809 1
1214 1809 3
1809 1810 3
1214 1810 3
1297 1811 1
2046 1812 1
1811 1812 1
2368 1812 1
1100 1812 5
2004 1812 1
2405 1812 1
1814 1813 1
1816 1815 2
2445 1815 1
1813 1815 1
1814 1816 1
1316 1816 1
1070 1817 1
1817 1818 1
1070 1818 1
1111 1819 1
2317 1820 1
1824 1820 1
1819 1820 1
1111 1820 3
1117 1821 1
1821 1822 1
1117 1822 3
1822 1823 3
1117 1823 3
1111 1824 1
1824 1825 1
1111 1825 2
2317 1825 1
2317 1826 1
1824 1826 1
1111 1826 2
1111 1827 2
2317 1827 1
1824 1827 1
1824 1828 1
1111 1828 2
2317 1828 1
1824 1829 1
1111 1829 2
2317 1829 1
2317 1830 1
1111 1830 2
1824 1830 1
2317 1831 1
1824 1831 1
1111 1831 2
1824 1832 1
1111 1832 2
2317 1832 1
2317 1833 1
1824 1833 1
1111 1833 2
2317 1834 1
1824 1834 1
1111 1834 2
1824 1835 1
1111 1835 2
2317 1835 1
1824 1836 1
1111 1836 2
2317 1836 1
1111 1837 2
1824 1837 1
2317 1837 1
1824 1838 1
2317 1838 1
1111 1838 2
1111 1839 2
2317 1839 1
1824 1839 1
1111 1840 3
2317 1840 1
1824 1840 1
2424 1840 1
1824 1841 1
1111 1841 2
2317 1841 1
1111 1842 3
1824 1842 1
2278 1842 1
2317 1842 1
1111 1843 2
1824 1843 1
2317 1843 1
2317 1844 1
1824 1844 1
1111 1844 2
2317 1845 1
1111 1845 2
1824 1845 1
2317 1846 1
1111 1846 2
1824 1846 1
2317 1847 1
1111 1847 2
1824 1847 1
1335 1848 1
1134 1849 1
1104 1850 2
1335 1851 1
1340 1852 1
1852 1853 1
1300 1853 1
1423 1854 1
1856 1855 1
1680 1857 2
1855 1857 1
2419 1857 1
1042 1858 1
1067 1859 1
1280 1860 1
1298 1861 1
1860 1861 1
1684 1862 1
1862 1863 1
1312 1863 1
1211 1864 1
1042 1865 1
2290 1866 1
1044 1866 3
2171 1866 1
1865 1866 1
1117 1868 1
1868 1869 1
1117 1869 1
1296 1870 1
1070 1871 1
1518 1873 1
1101 1874 7
1504 1875 1
1907 1876 1
1877 1876 2
1346 1878 1
2471 1879 1
1346 1879 2
1878 1879 1
1070 1880 1
1070 1881 1
1880 1881 1
1061 1882 1
1959 1883 1
1030 1883 3
2003 1883 1
1882 1883 1
1335 1885 1
1229 1887 1
1063 1889 1
1452 1890 1
1452 1891 1
1890 1891 1
1098 1892 1
1783 1893 1
1296 1893 2
1065 1894 1
1065 1895 1
1894 1895 1
1226 1896 1
1030 1897 1
1897 1898 1
1030 1898 3
1030 1899 3
1898 1899 3
1504 1900 1
1335 1902 1
1324 1903 1
1135 1904 1
1324 1905 1
1067 1906 1
1504 1908 1
1908 1909 1
1504 1909 1
1061 1911 1
1105 1913 1
1504 1914 1
1423 1915 1
1234 1916 1
1138 1917 1
1917 1918 1
1138 1918 1
1138 1919 1
1917 1919 1
1138 1920 1
1917 1920 1
1917 1921 1
1138 1921 1
1030 1922 1
1025 1923 1
1923 1924 1
1025 1924 1
1025 1925 1
1923 1925 1
2370 1926 1
1418 1926 2
1928 1927 2
1926 1927 2
1418 1928 2
1926 1929 2
1128 1929 2
1126 1930 2
1926 1930 2
1536 1931 1
1850 1931 2
1504 1932 1
1933 1934 1
1997 1934 2
1452 1935 1
1224 1937 1
1937 1938 1
1224 1938 1
1940 1939 1
1939 1941 1
1228 1941 1
1759 1942 3
1293 1942 1
1115 1945 1
1115 1946 1
1945 1946 1
1103 1947 2
1536 1947 1
1324 1948 1
1518 1949 1
1518 1950 1
1949 1950 1
1600 1951 1
1055 1951 2
1678 1952 1
1097 1953 4
2105 1953 1
1792 1954 3
2200 1955 1
1044 1955 3
1044 1956 3
1955 1956 3
1358 1957 2
2269 1957 1
1957 1958 1
1142 1958 2
2028 1958 1
1030 1959 1
1959 1960 1
2003 1960 1
1030 1960 2
1030 1961 2
1959 1961 1
2003 1961 1
1030 1962 2
1959 1962 1
2003 1962 1
2003 1963 1
1030 1963 2
1959 1963 1
2003 1964 1
1030 1964 2
1959 1964 1
2003 1965 1
1030 1965 2
1959 1965 1
2003 1966 1
1030 1966 2
1959 1966 1
1959 1967 1
1030 1967 2
2003 1967 1
2003 1968 1
1959 1968 1
1030 1968 2
2003 1969 1
1959 1969 1
1030 1969 2
1959 1970 1
2003 1970 1
1030 1970 3
2106 1970 1
2003 1971 1
1959 1971 1
1030 1971 2
2003 1972 1
1959 1972 1
1030 1972 2
1959 1973 1
1030 1973 2
2003 1973 1
2003 1974 1
1959 1974 1
1030 1974 2
1030 1975 2
1959 1975 1
2003 1975 1
1959 1976 1
2003 1976 1
1030 1976 2
2003 1977 1
1959 1977 1
1030 1977 2
1959 1978 1
2129 1978 1
2003 1978 1
1030 1978 3
1959 1979 1
1030 1979 2
2003 1979 1
2003 1980 1
1030 1980 2
1959 1980 1
1959 1981 1
1030 1981 2
2003 1981 1
1959 1982 1
1030 1982 2
2003 1982 1
2003 1983 1
1030 1983 2
1959 1983 1
1030 1984 2
1959 1984 1
2003 1984 1
1030 1985 2
2003 1985 1
1959 1985 1
1959 1986 1
2003 1986 1
1030 1986 2
1030 1987 2
1959 1987 1
2003 1987 1
1030 1988 2
2003 1988 1
1959 1988 1
1959 1989 1
1030 1989 2
2003 1989 1
1959 1990 1
2003 1990 1
1030 1990 2
1030 1991 2
2003 1991 1
1959 1991 1
1959 1992 1
1030 1992 2
2003 1992 1
1030 1993 2
1959 1993 1
2003 1993 1
2003 1994 1
1030 1994 2
1959 1994 1
1030 1995 2
2003 1995 1
1959 1995 1
1030 1996 2
1959 1996 1
2003 1996 1
1061 1998 1
1296 1999 1
2312 2000 1
2001 2000 2
1684 2001 5
2000 2002 1
2312 2002 1
2001 2002 2
1030 2003 1
1297 2004 1
2405 2005 1
2368 2005 1
2004 2005 1
1100 2005 3
1518 2006 1
1758 2007 1
1280 2008 1
1063 2009 1
2009 2010 1
1063 2010 1
1517 2011 1
2013 2012 4
2358 2012 1
2239 2012 1
2252 2012 1
2011 2012 1
1942 2013 1
1702 2013 1
2115 2013 1
1517 2013 1
1358 2014 1
1807 2015 1
2017 2016 1
2015 2016 1
1807 2017 1
2019 2018 1
2015 2018 1
1807 2019 1
1110 2020 1
1518 2020 3
1683 2021 1
2021 2022 1
1683 2022 2
2023 2022 2
2021 2023 1
1683 2023 2
1042 2024 1
2024 2025 1
1042 2025 1
1222 2026 1
1335 2027 1
1358 2028 1
1135 2029 1
1098 2030 1
1893 2031 1
1604 2031 2
2057 2031 1
1809 2032 1
1135 2032 4
2032 2033 1
1135 2033 1
2032 2034 1
1135 2034 1
1135 2035 2
2032 2035 1
1792 2036 3
1296 2039 1
1028 2041 1
1121 2042 1
1121 2043 1
2042 2043 1
1386 2044 1
1055 2045 1
1098 2046 1
1028 2047 1
1063 2048 1
1271 2052 1
1211 2054 1
1093 2055 1
1445 2056 1
1296 2057 1
1518 2059 1
2020 2059 1
2020 2060 1
1518 2060 1
2020 2061 1
1518 2061 1
2020 2062 1
1518 2062 1
2020 2063 1
1518 2063 1
2020 2064 1
1518 2064 1
2020 2065 1
1518 2065 1
1518 2066 1
2020 2066 1
2020 2067 1
1518 2067 1
2020 2068 1
1518 2068 1
1196 2069 2
1237 2069 1
2257 2069 1
1758 2071 1
1057 2072 1
1226 2073 1
1098 2074 1
1536 2075 1
1536 2076 1
1536 2077 1
1211 2078 1
1070 2080 1
1042 2081 1
1047 2082 1
1324 2083 1
2144 2084 1
1504 2084 2
2378 2085 1
2084 2085 1
1598 2085 2
1107 2086 1
1340 2088 1
1340 2089 3
2088 2089 1
2385 2089 1
1121 2090 1
1057 2096 1
1234 2097 1
1032 2098 6
1210 2099 1
2099 2100 1
1210 2100 1
1093 2101 1
1025 2102 1
1108 2103 1
1098 2104 1
1954 2105 1
1061 2106 1
1025 2107 1
1296 2108 1
2110 2109 1
2112 2111 1
2109 2111 1
2110 2112 1
1044 2113 1
2115 2114 1
1759 2115 1
2131 2115 2
2115 2116 1
2114 2116 1
1093 2117 1
2379 2119 1
1340 2121 1
1340 2122 1
2121 2122 1
2121 2123 1
1340 2123 1
1038 2124 1
1093 2125 1
1518 2127 1
1115 2128 1
1061 2129 1
1093 2130 1
1234 2132 1
1057 2133 1
1234 2134 1
2215 2135 1
2136 2135 2
1758 2137 1
1093 2138 1
2013 2143 1
1598 2144 1
1134 2145 1
1138 2146 2
2293 2146 1
1047 2147 4
1736 2147 1
1047 2148 1
2147 2148 1
1055 2149 1
1517 2150 1
1517 2151 1
2150 2151 1
1038 2152 1
1135 2153 1
1135 2154 1
2153 2154 1
1518 2155 1
1047 2156 1
1063 2157 1
1049 2159 1
2422 2160 1
2159 2160 1
2436 2160 1
1049 2160 3
2436 2161 1
2159 2161 1
1049 2161 2
2159 2162 1
1049 2162 2
2436 2162 1
1067 2163 1
1358 2164 1
2164 2165 1
1358 2165 1
1214 2166 1
1196 2167 1
1070 2168 1
1340 2169 3
2282 2169 1
1358 2170 1
1044 2171 1
2171 2172 1
2290 2172 1
1044 2172 2
2171 2173 1
2290 2173 1
1044 2173 2
1044 2174 2
2290 2174 1
2171 2174 1
2290 2175 1
1044 2175 2
2171 2175 1
1044 2176 2
2290 2176 1
2171 2176 1
2290 2177 1
2171 2177 1
1044 2177 2
2290 2178 1
2171 2178 1
1044 2178 2
2290 2179 1
2171 2179 1
1044 2179 2
1044 2180 2
2171 2180 1
2290 2180 1
2171 2181 1
1044 2181 2
2290 2181 1
1044 2182 2
2290 2182 1
2171 2182 1
2171 2183 1
1044 2183 2
2290 2183 1
2290 2184 1
1044 2184 3
2248 2184 1
2171 2184 1
1044 2185 2
2290 2185 1
2171 2185 1
2171 2186 1
1044 2186 2
2290 2186 1
2171 2187 1
1044 2187 2
2290 2187 1
2171 2188 1
2290 2188 1
1044 2188 2
2171 2189 1
2290 2189 1
1044 2189 2
2290 2190 1
1044 2190 2
2171 2190 1
2290 2191 1
2171 2191 1
1044 2191 2
2171 2192 1
1044 2192 2
2290 2192 1
1044 2193 2
2290 2193 1
2171 2193 1
2290 2194 1
1044 2194 2
2171 2194 1
2290 2195 1
2171 2195 1
1044 2195 2
2290 2196 1
2171 2196 1
1044 2196 2
1042 2197 1
1040 2198 1
1038 2199 1
1044 2200 1
1278 2201 1
1372 2202 1
1280 2203 2
2205 2203 1
2202 2203 1
1335 2204 1
1319 2205 1
1280 2206 1
2205 2206 1
1234 2207 1
1234 2208 1
2207 2208 1
1042 2209 1
1134 2210 1
1226 2211 1
1052 2213 1
2098 2214 1
1061 2216 1
1025 2217 1
1244 2218 1
2217 2218 1
1055 2219 1
1504 2220 1
1093 2221 1
1055 2222 1
1047 2223 1
2223 2224 1
1047 2224 1
1047 2225 1
1135 2226 1
1047 2227 1
1312 2228 1
2228 2229 1
1312 2229 1
2228 2230 1
1312 2230 1
1312 2231 1
2228 2231 1
1063 2232 1
1098 2233 1
1093 2234 1
1445 2235 1
1445 2236 1
2235 2236 1
1504 2237 1
1955 2238 1
1042 2238 3
1702 2239 1
1134 2240 1
1196 2241 1
1598 2242 1
2242 2243 1
1100 2243 2
2368 2243 1
1025 2244 1
2098 2245 2
2245 2246 2
1798 2246 2
1318 2247 1
1044 2248 1
1296 2249 1
1358 2250 1
1445 2251 1
1942 2252 1
2238 2253 1
1042 2253 2
1234 2254 1
1098 2255 1
1335 2256 1
1134 2257 1
1038 2258 1
1070 2259 1
1057 2260 1
2260 2261 1
1057 2261 1
1271 2262 1
2404 2263 1
1138 2263 3
2385 2263 1
1042 2264 1
1042 2265 1
2264 2265 1
1234 2268 1
1142 2269 1
1042 2270 1
1518 2271 1
1518 2272 1
1518 2273 1
1061 2274 1
1134 2275 1
1134 2277 1
1518 2278 1
1335 2280 1
1061 2281 1
1340 2282 1
1322 2283 1
1057 2284 1
1234 2285 1
1234 2286 1
2285 2286 1
1040 2287 1
1293 2288 1
2288 2289 1
1942 2289 1
1044 2290 1
1335 2291 1
1335 2292 2
1393 2292 1
1138 2293 1
1098 2295 1
2295 2296 1
1098 2296 1
1070 2298 1
1335 2299 1
1393 2299 1
1335 2300 1
1393 2300 1
1393 2301 1
1335 2301 1
1393 2302 1
1335 2302 1
1393 2303 1
1335 2303 1
1335 2304 1
1393 2304 1
1224 2305 1
1070 2306 1
1105 2307 1
1358 2308 1
1038 2309 1
1942 2310 1
2310 2311 1
1942 2311 1
2001 2312 1
1049 2313 1
2118 2314 1
2314 2315 1
1204 2315 1
1111 2317 1
1214 2318 1
1093 2319 1
1231 2320 1
1093 2320 1
1093 2321 1
1231 2321 1
1093 2322 1
1231 2322 1
1231 2323 1
1093 2323 1
1093 2324 1
1231 2324 1
1231 2325 1
1093 2325 1
1093 2326 1
1231 2326 1
1093 2327 1
1231 2327 1
1093 2328 1
1231 2328 1
1093 2329 1
1231 2329 1
1093 2330 1
1231 2330 1
1231 2331 1
1093 2331 1
1093 2332 1
1231 2332 1
1093 2333 1
1231 2333 1
1231 2334 1
1093 2334 2
1358 2335 1
1057 2336 2
1593 2336 1
1042 2338 1
2238 2338 1
1042 2339 1
2238 2339 1
1042 2340 1
2238 2340 1
1042 2341 1
2238 2341 1
2238 2342 1
1042 2342 1
1042 2343 1
2238 2343 1
1042 2344 1
2238 2344 1
1042 2345 1
2238 2345 1
2238 2346 1
1042 2346 1
2238 2347 1
1042 2347 1
2238 2348 1
1042 2348 1
1042 2349 1
2238 2349 1
2238 2350 1
1042 2350 1
1134 2351 1
1067 2352 1
1504 2353 1
1352 2354 1
1352 2355 1
2354 2355 1
1598 2356 1
1055 2357 1
2115 2358 1
1061 2359 1
1403 2360 1
1405 2361 1
2360 2361 1
2360 2362 1
1405 2362 1
1335 2363 1
1135 2364 1
1028 2365 1
2365 2366 1
1028 2366 1
1093 2367 1
1690 2368 1
1100 2369 1
2368 2369 1
1418 2370 1
1280 2371 1
2370 2371 1
1135 2372 1
1234 2373 1
1126 2374 1
1047 2375 1
1044 2376 1
1057 2377 1
1504 2378 1
1518 2380 1
1131 2381 1
1239 2382 1
1063 2383 1
1696 2384 1
1126 2385 1
1358 2386 1
1063 2387 1
2379 2388 1
2119 2389 1
2388 2389 1
1303 2390 1
2388 2390 1
1057 2391 1
1296 2392 1
1135 2394 1
1518 2396 1
1057 2397 1
1335 2399 1
2399 2400 1
1335 2400 1
1057 2401 1
1604 2402 1
1324 2403 1
1138 2404 1
1297 2405 1
1057 2406 1
2336 2407 1
2406 2407 1
1211 2407 2
1604 2408 1
1096 2411 1
2411 2412 1
1096 2412 1
1038 2413 1
1042 2414 1
1196 2415 1
1055 2416 1
1032 2417 1
2420 2419 1
1229 2421 1
1049 2422 1
1063 2423 1
1518 2424 1
1138 2425 1
2425 2426 1
1138 2426 1
2425 2427 1
1138 2427 1
1518 2428 1
1335 2430 1
1340 2431 1
1134 2432 1
1134 2433 1
1445 2434 1
1135 2435 1
1049 2436 1
1049 2437 1
2436 2437 1
1063 2439 1
1063 2441 1
1234 2442 1
1196 2444 1
1316 2445 1
1234 2446 1
1038 2447 1
2447 2448 1
1038 2448 1
1224 2450 1
1296 2451 1
2451 2452 1
1296 2452 1
1115 2453 1
1055 2454 1
1057 2455 1
1121 2456 1
1108 2457 1
2457 2458 1
2103 2458 1
2457 2459 1
2103 2459 1
1335 2460 1
1222 2461 1
1070 2462 1
1350 2463 1
1350 2464 1
2463 2464 1
2463 2465 1
1350 2465 1
1196 2466 1
1335 2467 1
1234 2468 1
1358 2469 1
1358 2470 1
2469 2470 1
1346 2471 1
1063 2472 1
1126 2473 1
2473 2474 1
1025 2474 2
1280 2475 1
1358 2476 1
1358 2477 1
2476 2477 1
1134 2478 1
1134 2479 1
2478 2479 1
1372 2480 1
1678 2481 1
1224 2482 1
1111 2483 1
1702 2484 1
2484 2485 1
1702 2485 1
1211 2487 1
1335 2488 1
1057 2489 1
2489 2490 1
1057 2490 1
1684 2491 1
1098 2492 1
1038 2493 1
1346 2494 1
1107 2495 1
2494 2495 1
1047 2496 1
1061 2497 1
1065 2498 1
1055 2499 1
1055 2500 1
2499 2500 1
1061 2501 1
2037 2502 1
2502 2503 1
1387 2503 1
1387 2504 1
2502 2504 1
1278 2505 1
