7888 7887 1
9402 7888 1
8112 7888 3
8111 7888 2
7887 7889 1
7888 7889 2
9382 7889 1
7887 7890 1
7891 7890 1
7888 7891 2
7887 7892 1
7891 7892 1
7887 7893 1
7891 7893 1
7887 7894 1
7891 7894 1
7887 7895 1
9400 7895 1
7888 7895 2
9341 7896 1
7898 7897 3
9341 7901 1
7903 7902 2
9402 7902 1
7905 7904 3
9337 7906 1
7906 7907 1
9320 7907 1
7909 7908 1
7906 7908 1
8117 7909 1
9337 7909 1
7906 7910 1
7909 7910 1
7906 7911 1
7909 7911 1
7906 7912 1
8116 7912 1
7909 7912 2
8105 7914 1
8105 8106 1
7914 8106 1
9330 8107 5
9402 8108 1
9311 8108 1
8109 8108 9
9330 8108 2
9341 8113 1
8133 8114 1
9341 8114 2
8113 8114 1
9341 8115 1
8113 8115 1
8117 8116 1
8116 8118 1
8117 8118 1
8116 8119 1
8120 8119 1
8117 8120 1
8116 8121 1
9339 8121 1
7909 8122 1
8116 8122 1
7909 8123 1
8116 8123 1
8116 8124 1
9320 8124 1
9320 8125 1
8116 8125 1
8116 8126 1
9320 8126 1
9320 8127 1
8116 8127 1
8129 8128 1
8116 8128 1
8117 8129 1
9311 8129 1
8130 8131 3
9341 8133 2
9330 8134 5
9330 8135 5
9330 8136 5
9352 8137 1
9330 8137 1
9308 8139 1
8141 8140 1
8139 8140 1
9308 8141 1
8141 8142 1
8139 8142 1
7904 8143 1
8146 8145 3
9330 8149 2
8149 8150 1
8108 8150 1
8137 8151 1
8149 8151 1
8153 8152 3
9341 8154 4
8133 8154 1
9306 9305 3
9307 9308 3
9354 9309 1
9309 9310 4
9346 9310 1
9347 9310 1
9313 9312 1
7900 9313 3
9312 9314 1
9315 9314 1
9313 9315 1
9369 9315 2
9402 9315 1
9312 9316 1
9315 9316 1
9318 9317 1
9312 9317 1
9398 9318 1
7913 9318 3
9313 9318 1
9320 9319 3
9312 9319 1
9386 9319 1
8149 9319 1
9313 9320 1
9311 9320 1
9330 9320 1
9337 9320 1
8117 9320 1
9312 9321 1
9320 9321 1
9320 9322 1
9312 9322 1
9320 9323 1
9312 9323 1
9320 9324 1
9312 9324 1
9320 9325 1
9312 9325 1
9328 9327 3
9330 9329 5
9331 9330 14
8108 9330 6
9333 9332 3
9335 9334 3
7906 9336 1
9337 9336 2
9336 9338 2
9339 9338 2
9402 9339 1
8117 9339 1
9337 9339 2
9381 9339 2
9341 9340 1
9368 9342 1
7896 9342 1
9341 9342 8
7901 9342 1
8154 9342 4
9340 9342 1
9368 9343 2
8154 9343 3
9341 9343 8
9340 9343 1
7896 9343 1
7901 9343 1
9368 9344 2
9341 9344 5
9340 9344 1
8154 9344 2
9335 9345 3
9349 9348 3
9398 9350 1
8108 9354 1
9352 9357 1
9357 9358 1
9359 9358 1
9352 9359 1
9379 9359 1
8137 9360 1
9357 9360 1
9357 9361 1
8137 9361 1
8137 9362 1
9357 9362 1
9357 9363 1
8137 9363 1
9357 9364 1
8137 9364 1
9357 9365 1
8137 9365 1
7904 9366 1
9366 9367 1
8143 9367 1
9341 9368 2
7888 9370 1
9370 9371 1
7891 9371 1
7891 9372 1
9370 9372 1
7891 9373 1
9370 9373 1
9370 9374 1
7891 9374 1
9354 9376 1
9376 9377 1
9309 9377 1
9376 9378 1
9309 9378 1
7888 9382 1
7888 9383 1
9382 9383 1
9359 9384 1
9359 9385 1
9384 9385 1
9311 9386 1
9386 9387 1
8129 9387 1
8108 9388 1
9386 9388 1
9334 9389 1
9334 9390 1
9389 9390 1
9389 9391 1
9334 9391 1
9389 9392 1
9334 9392 1
9334 9393 1
9389 9393 1
9334 9394 1
9389 9394 1
8149 9395 1
8108 9395 1
9398 9397 1
9318 9399 1
9397 9399 1
7888 9400 1
9398 9403 1
9403 9404 1
9350 9404 1
