8375 7528 1
7529 7528 1
8338 7529 2
8331 7529 1
7530 7531 4
8355 7532 1
7532 7533 1
8355 7533 1
7581 7537 1
7538 7537 2
7570 7540 2
7539 7540 1
7539 7541 1
7551 7541 2
7554 7542 2
7539 7542 1
7569 7543 2
7539 7543 1
7547 7546 1
7591 7547 1
8320 7548 1
7546 7548 1
7553 7552 3
7552 7555 1
8331 7557 1
7557 7558 1
7529 7558 2
7558 7559 2
8310 7559 3
7557 7559 1
7607 7559 1
7562 7563 4
7552 7565 1
7555 7566 1
7565 7566 1
7568 7567 3
8358 7571 1
7571 7572 1
8363 7572 1
7544 7575 1
7575 7576 1
8303 7576 1
7584 7582 2
7581 7582 1
7581 7583 1
7598 7583 2
7605 7588 1
7589 7588 2
7591 7597 1
8338 7599 1
8310 7600 1
7599 7600 1
7529 7601 1
7599 7601 1
7591 7607 1
7547 7608 1
7607 7608 1
7607 7609 1
7597 7609 1
8299 8298 2
7581 8298 1
8302 8301 3
7544 8303 1
7549 8305 1
7605 8306 1
8307 8306 2
7558 8309 2
8310 8309 5
8375 8309 1
8337 8309 1
8338 8310 3
8331 8310 1
7529 8310 2
7591 8310 1
8311 8312 4
8316 8315 3
8369 8315 2
8358 8316 1
8316 8317 3
8315 8317 3
8319 8318 2
7581 8318 1
7547 8320 1
7592 8321 1
8322 8321 2
8324 8323 4
8325 8326 4
8328 8327 4
8330 8331 4
8334 8333 3
8335 8336 4
8338 8337 1
7539 8339 1
8340 8339 2
8341 8342 3
7605 8343 1
8344 8343 2
8346 8345 2
7539 8345 1
8349 8348 4
7539 8350 1
8351 8350 2
8357 8358 4
8362 8361 4
8358 8363 1
8366 8367 3
8316 8369 2
7571 8369 1
8316 8370 3
8369 8370 2
8316 8371 3
8370 8371 3
8338 8375 1
