9886 9877 3
9905 9879 1
9880 9879 3
9882 9881 3
9884 9883 1
9910 9885 1
9883 9885 1
9886 9885 3
9884 9886 1
9878 9886 1
9877 9887 4
9885 9887 3
9889 9888 4
9887 9888 4
9877 9889 4
9889 9890 4
9887 9890 4
9887 9891 4
9889 9891 4
9887 9892 4
9893 9892 4
9877 9893 4
9893 9894 4
9887 9894 4
9893 9895 4
9887 9895 4
9893 9896 4
9887 9896 4
9887 9897 4
9898 9897 4
9877 9898 4
9898 9899 4
9887 9899 4
9887 9900 4
9898 9900 4
9887 9901 4
9898 9901 4
9903 9902 1
9902 9904 1
9903 9904 1
9910 9907 1
9908 9907 2
9878 9908 1
9907 9909 2
9908 9909 2
9878 9910 1
