4814 4813 1
4813 4815 1
4895 4815 1
4816 4815 2
4823 4816 3
4814 4816 10
4813 4817 1
4816 4817 1
4814 4819 1
4816 4820 1
4819 4820 1
4823 4822 3
4825 4824 2
4911 4824 1
4823 4826 3
4838 4827 1
4894 4827 1
4836 4827 1
4829 4828 2
4895 4828 1
4814 4829 1
4828 4830 2
4831 4830 3
4829 4831 2
4831 4832 3
4830 4832 3
4828 4833 2
4831 4833 2
4836 4835 1
4837 4835 1
4838 4835 1
4823 4839 3
4823 4840 3
4842 4841 6
4868 4842 2
4913 4843 1
4842 4843 2
4845 4844 4
4843 4844 2
4869 4844 2
4823 4845 3
4842 4845 5
4843 4846 2
4847 4846 4
4869 4846 2
4842 4847 4
4823 4847 3
4814 4848 1
4848 4849 1
4895 4849 1
4816 4849 2
4816 4850 1
4848 4850 1
4823 4851 3
4842 4852 2
4823 4852 3
4823 4854 3
4823 4855 3
4823 4856 3
4823 4857 3
4823 4858 3
4823 4859 3
4823 4860 3
4823 4861 3
4841 4864 1
4842 4864 6
4814 4865 1
4816 4866 1
4865 4866 1
4868 4867 1
4867 4869 1
4842 4869 2
4869 4870 2
4845 4870 2
4869 4871 2
4845 4871 2
4869 4872 2
4852 4872 2
4841 4873 1
4845 4873 1
4814 4874 1
4814 4878 1
4816 4879 1
4878 4879 1
4814 4880 1
4880 4881 1
4816 4881 1
4911 4882 1
4825 4882 2
4814 4883 1
4816 4884 1
4883 4884 1
4814 4886 1
4816 4887 1
4886 4887 1
4814 4888 1
4888 4889 1
4816 4889 1
4816 4890 1
4888 4890 1
4888 4891 1
4816 4891 1
4816 4892 1
4888 4892 1
4814 4895 1
4829 4896 1
4895 4896 1
4874 4897 1
4895 4897 1
4816 4898 1
4895 4898 1
4816 4899 1
4895 4899 1
4816 4900 1
4895 4900 1
4816 4901 1
4895 4901 1
4895 4902 1
4816 4902 1
4816 4903 1
4895 4903 1
4816 4904 1
4895 4904 1
4895 4905 1
4816 4905 1
4895 4906 1
4816 4906 1
4908 4907 1
4895 4907 1
4814 4908 1
4908 4909 1
4895 4909 1
4816 4910 1
4895 4910 1
4868 4913 1
