2049 2048 1
2435 2048 1
2308 2049 4
2316 2049 1
2135 2050 1
2142 2050 1
2060 2050 1
2409 2050 4
2363 2054 1
2313 2055 1
2054 2055 1
2361 2056 1
2058 2057 1
2056 2057 1
2361 2058 1
2308 2058 4
2409 2060 1
2381 2061 1
2381 2062 2
2061 2062 1
2061 2063 1
2381 2063 2
2364 2064 1
2064 2065 1
2407 2065 1
2409 2066 1
2354 2067 1
2067 2068 1
2309 2068 1
2422 2069 1
2423 2069 2
2071 2070 2
2069 2070 2
2423 2071 2
2071 2072 2
2069 2072 2
2069 2073 2
2312 2073 2
2069 2074 2
2076 2074 2
2423 2074 4
2308 2075 10
2074 2075 4
2096 2075 1
2113 2075 5
2423 2076 2
2422 2076 1
2422 2077 1
2423 2077 1
2425 2078 1
2137 2078 1
2409 2078 4
2105 2078 1
2346 2079 1
2308 2079 4
2308 2080 4
2355 2080 1
2341 2081 1
2308 2081 4
2319 2082 1
2324 2083 3
2401 2083 1
2082 2083 1
2308 2084 4
2357 2084 1
2365 2085 1
2085 2086 1
2087 2086 1
2308 2087 4
2365 2087 1
2355 2089 1
2089 2090 1
2080 2090 1
2317 2091 1
2091 2092 1
2389 2092 1
2093 2094 1
2136 2094 2
2423 2096 1
2423 2097 1
2096 2097 1
2423 2098 1
2096 2098 1
2359 2099 1
2308 2099 4
2409 2100 1
2409 2101 4
2100 2101 1
2155 2101 2
2157 2101 1
2368 2102 1
2102 2103 1
2104 2103 1
2308 2104 4
2368 2104 1
2409 2105 1
2107 2106 1
2109 2108 1
2125 2109 2
2127 2109 1
2381 2110 2
2380 2110 1
2380 2111 1
2110 2111 2
2381 2111 4
2111 2112 4
2321 2112 4
2111 2113 4
2321 2113 5
2312 2114 5
2113 2114 5
2345 2115 1
2308 2115 4
2324 2116 2
2154 2116 1
2347 2117 1
2119 2118 1
2117 2118 1
2347 2119 1
2308 2119 4
2353 2120 1
2308 2120 4
2409 2121 1
2308 2122 4
2340 2122 1
2362 2123 1
2123 2124 1
2369 2124 1
2367 2126 1
2308 2126 4
2141 2128 2
2127 2128 1
2360 2129 1
2322 2130 1
2129 2130 1
2340 2131 1
2131 2132 1
2122 2132 1
2352 2133 1
2308 2133 4
2381 2134 1
2409 2135 1
2409 2137 1
2416 2138 1
2367 2139 1
2126 2140 1
2139 2140 1
2409 2142 1
2342 2143 1
2391 2144 1
2143 2144 1
2359 2145 1
2145 2146 1
2099 2146 1
2353 2147 1
2147 2148 1
2120 2148 1
2314 2149 1
2341 2150 1
2150 2151 1
2081 2151 1
2381 2152 1
2375 2153 1
2152 2153 1
2324 2154 1
2409 2155 2
2157 2155 1
2310 2156 1
2409 2157 1
2349 2158 1
2394 2159 1
2158 2159 1
2352 2160 1
2160 2161 1
2133 2161 1
2346 2162 1
2079 2163 1
2162 2163 1
2366 2164 1
2390 2165 1
2164 2165 1
2351 2166 1
2166 2167 1
2307 2167 1
2357 2168 1
2084 2169 1
2168 2169 1
2409 2170 1
2343 2171 1
2370 2172 1
2171 2172 1
2173 2174 1
2345 2175 1
2175 2176 1
2115 2176 1
2308 2307 4
2351 2307 1
2381 2308 2
2324 2308 2
2423 2308 5
2321 2308 5
2308 2309 4
2354 2309 1
2311 2310 5
2312 2311 74
2109 2312 1
2324 2312 5
2423 2312 2
2375 2312 1
2416 2312 1
2409 2312 1
2321 2312 5
2381 2312 2
2363 2313 1
2308 2313 4
2315 2314 3
2311 2316 5
2311 2317 5
2082 2318 1
2319 2318 2
2319 2320 4
2318 2320 2
2334 2320 2
2381 2321 4
2308 2322 4
2360 2322 1
2330 2323 20
2324 2323 20
2327 2323 20
2404 2323 11
2052 2324 1
2409 2324 1
2051 2324 3
2314 2324 1
2319 2324 1
2371 2324 4
2173 2324 1
2053 2324 1
2323 2325 20
2324 2325 20
2157 2326 1
2324 2326 20
2424 2326 1
2323 2326 20
2401 2326 2
2174 2326 1
2326 2327 20
2402 2327 5
2413 2327 1
2324 2327 20
2323 2328 20
2324 2328 20
2424 2329 1
2401 2329 2
2324 2329 20
2157 2329 1
2323 2329 20
2403 2330 4
2329 2330 20
2413 2330 1
2324 2330 20
2311 2331 5
2339 2332 1
2308 2332 4
2319 2333 1
2319 2334 2
2333 2334 1
2336 2335 1
2311 2336 5
2338 2337 1
2335 2337 1
2308 2338 4
2336 2338 1
2311 2339 5
2311 2340 5
2311 2341 5
2311 2342 5
2311 2343 5
2311 2344 5
2311 2345 5
2311 2346 5
2311 2347 5
2311 2348 5
2311 2349 5
2311 2350 5
2311 2351 5
2311 2352 5
2311 2353 5
2311 2354 5
2311 2355 5
2311 2356 5
2311 2357 5
2311 2358 5
2311 2359 5
2311 2360 5
2311 2361 5
2311 2362 5
2311 2363 5
2311 2364 5
2311 2365 5
2311 2366 5
2311 2367 5
2311 2368 5
2308 2369 4
2362 2369 1
2343 2370 1
2308 2370 4
2409 2371 18
2372 2371 9
2308 2373 4
2350 2373 1
2375 2374 1
2381 2375 1
2127 2375 1
2125 2375 2
2377 2376 14
2110 2376 2
2113 2376 5
2138 2376 1
2108 2376 1
2121 2376 1
2401 2376 2
2083 2376 3
2374 2376 1
2375 2377 1
2321 2377 5
2381 2377 2
2409 2377 1
2324 2377 5
2109 2377 1
2416 2377 1
2108 2378 1
2113 2378 5
2138 2378 1
2121 2378 1
2377 2378 14
2110 2378 2
2083 2378 3
2374 2378 1
2401 2378 2
2108 2379 1
2312 2379 9
2083 2379 3
2110 2379 2
2138 2379 1
2121 2379 1
2374 2379 1
2381 2380 3
2088 2381 3
2053 2381 1
2052 2381 1
2371 2381 4
2380 2382 1
2381 2382 17
2384 2382 17
2381 2383 17
2382 2383 17
2152 2383 1
2062 2383 2
2383 2384 17
2381 2384 17
2388 2384 17
2418 2384 9
2381 2385 17
2384 2385 17
2381 2386 17
2384 2386 17
2381 2387 17
2380 2387 1
2384 2387 17
2152 2388 1
2387 2388 17
2381 2388 17
2063 2388 2
2317 2389 1
2308 2389 4
2366 2390 1
2308 2390 4
2342 2391 1
2308 2391 4
2350 2392 1
2392 2393 1
2373 2393 1
2349 2394 1
2308 2394 4
2348 2395 1
2395 2396 1
2397 2396 1
2348 2397 1
2308 2397 4
2356 2398 1
2398 2399 1
2400 2399 2
2156 2399 1
2310 2400 1
2308 2400 6
2356 2400 1
2324 2401 4
2424 2401 1
2157 2402 1
2401 2402 2
2154 2402 1
2324 2402 5
2154 2403 1
2324 2403 4
2401 2403 2
2324 2404 11
2116 2404 2
2401 2404 2
2413 2404 1
2405 2404 11
2324 2405 11
2401 2405 1
2404 2405 11
2424 2405 1
2082 2405 1
2083 2405 3
2401 2406 2
2312 2406 2
2364 2407 1
2308 2407 4
2170 2408 1
2409 2408 7
2157 2408 1
2426 2408 5
2095 2409 3
2371 2409 4
2408 2410 7
2078 2410 4
2409 2410 18
2101 2410 4
2050 2410 4
2409 2411 18
2410 2411 18
2410 2412 18
2371 2412 18
2324 2413 1
2061 2414 1
2308 2414 11
2413 2414 1
2069 2414 2
2152 2414 1
2113 2414 5
2154 2414 1
2413 2415 1
2416 2415 1
2324 2416 1
2125 2416 2
2127 2416 1
2061 2417 1
2381 2417 2
2381 2418 9
2417 2418 2
2152 2418 1
2134 2418 1
2111 2418 4
2331 2419 1
2421 2420 1
2419 2420 1
2308 2421 4
2331 2421 1
2423 2422 4
2106 2422 1
2059 2423 3
2107 2423 1
2149 2424 1
2324 2424 4
2409 2425 2
2425 2426 2
2066 2426 1
2157 2426 1
2409 2426 5
2339 2427 1
2427 2428 1
2332 2428 1
2358 2429 1
2431 2430 1
2429 2430 1
2358 2431 1
2308 2431 4
2344 2432 1
2432 2433 1
2434 2433 1
2344 2434 1
2308 2434 4
2316 2435 1
