10101 5638 1
5660 5639 1
5638 5639 1
10101 5639 3
5654 5641 2
5640 5641 1
5643 5642 1
10117 5645 1
10097 5645 3
5647 5646 1
10117 5649 1
5657 5656 1
5676 5657 1
5656 5658 1
5657 5658 2
5658 5659 2
5657 5659 2
10117 5660 1
5662 5661 1
5672 5663 1
5664 5663 2
10117 5670 1
5670 5671 1
5645 5671 1
10153 5673 1
10101 5677 3
9693 5677 1
10101 5678 1
10101 5679 1
10096 5680 1
5679 5680 1
9680 9681 4
9697 9681 2
9690 9681 1
9683 9682 1
9682 9684 1
10095 9684 2
9701 9684 1
10101 9685 1
10101 9686 1
9685 9686 1
9685 9687 1
10101 9687 1
9692 9691 2
9698 9691 1
10101 9693 1
10117 9699 1
9702 9701 1
10095 10094 4
9683 10095 1
9702 10095 1
10097 10096 3
10101 10096 1
5676 10099 1
9703 10099 1
10101 10100 1
10130 10101 4
10126 10101 4
10129 10101 3
10132 10101 2
10131 10101 3
5668 10101 1
5669 10101 1
10117 10101 2
10101 10102 1
10100 10102 1
10101 10103 2
10100 10103 1
10115 10104 1
5677 10104 1
10103 10104 2
10101 10104 4
10101 10105 1
10100 10105 1
10101 10106 1
10100 10106 1
10108 10107 2
5665 10107 1
10101 10109 2
5649 10109 1
10101 10110 2
10109 10110 2
10109 10111 2
10101 10111 2
10109 10112 2
10101 10112 4
5678 10112 1
5638 10112 1
5639 10113 1
10109 10113 2
10101 10113 6
5678 10113 1
5677 10113 1
5638 10113 1
10101 10115 1
10117 10116 1
10126 10117 3
10128 10117 1
10124 10117 2
10153 10117 1
10125 10117 2
10101 10117 1
5668 10117 1
10127 10117 2
5669 10117 1
10130 10117 1
9699 10118 1
10117 10118 4
5673 10118 1
10116 10118 1
5660 10118 1
10120 10119 1
10121 10120 2
10122 10123 1
10148 10123 2
10134 10133 1
10136 10135 1
10133 10135 1
10134 10136 1
10136 10137 1
10133 10137 1
10133 10138 1
10136 10138 1
10136 10139 1
10133 10139 1
10136 10140 1
10133 10140 1
10133 10141 1
10136 10141 1
10136 10142 1
10133 10142 1
10136 10143 1
10133 10143 1
10136 10144 1
10133 10144 1
10133 10145 1
10136 10145 1
10133 10146 1
10136 10146 1
10136 10147 1
10133 10147 1
10150 10149 1
9689 10150 1
5675 10150 2
10149 10151 1
10152 10151 1
5668 10152 1
5682 10152 2
10150 10152 1
10126 10152 3
5681 10152 2
10130 10152 3
9679 10152 1
5669 10152 1
10154 10153 1
10095 10153 4
10157 10153 2
10156 10155 4
10159 10158 2
5653 10158 1
5652 10158 1
10160 10158 2
10152 10161 1
10161 10162 1
10163 10162 1
5651 10163 2
10097 10163 1
10152 10163 1
