6820 6819 5
6821 6820 6
6825 6821 5
6830 6821 5
6822 6821 5
6820 6821 1
6828 6821 5
6824 6822 9
6823 6822 9
6943 6822 1
6848 6822 1
6944 6822 1
6943 6825 1
6827 6825 11
6826 6825 11
6944 6825 1
6859 6828 1
6943 6828 1
6829 6828 10
6832 6831 1
6845 6832 2
6941 6833 3
6868 6833 1
6930 6833 2
6831 6833 1
6926 6833 2
6902 6833 2
6942 6833 1
6834 6833 16
6911 6833 3
6921 6833 1
6832 6834 8
6859 6834 13
6836 6835 3
6953 6837 1
6839 6838 3
6840 6841 3
6843 6842 1
6873 6843 2
6863 6844 1
6843 6844 5
6966 6844 1
6874 6844 2
6842 6844 1
6822 6845 1
6832 6845 1
6846 6845 1
6821 6845 4
6832 6846 2
6847 6846 4
6839 6846 4
6849 6848 3
6845 6851 1
6853 6852 1
6851 6852 1
6845 6853 4
6884 6853 1
6825 6854 1
6855 6854 4
6922 6854 1
6854 6855 1
6825 6855 2
6856 6855 5
6830 6855 2
6828 6855 2
6822 6855 2
6850 6857 1
6857 6858 1
6859 6858 2
6934 6859 2
6850 6859 4
6891 6859 1
6948 6859 1
6962 6860 1
6918 6860 1
6861 6860 4
6858 6860 2
6910 6861 1
6859 6861 2
6934 6861 1
6955 6862 1
6858 6862 2
6928 6862 1
6834 6862 4
6843 6863 1
6839 6864 3
6866 6865 1
6867 6865 1
6832 6868 1
6832 6869 1
6839 6870 3
6832 6870 2
6873 6872 1
6872 6874 1
6843 6874 2
6839 6875 3
6877 6876 1
6839 6878 3
6836 6879 3
6854 6880 1
6855 6881 1
6880 6881 1
6855 6882 1
6880 6882 1
6839 6883 3
6965 6885 1
6886 6885 2
6832 6887 1
6834 6888 4
6942 6888 1
6887 6888 1
6930 6888 2
6917 6889 1
6890 6889 2
6821 6891 4
6873 6892 1
6836 6892 3
6839 6893 3
6839 6894 3
6897 6896 2
6895 6896 1
6946 6899 1
6843 6899 2
6843 6900 2
6899 6900 2
6836 6901 3
6832 6902 2
6906 6902 1
6839 6904 3
6845 6906 1
6906 6907 1
6853 6907 2
6924 6907 1
6884 6908 1
6853 6909 1
6908 6909 1
6957 6911 1
6968 6911 1
6859 6911 3
6845 6912 1
6912 6913 1
6832 6913 2
6870 6914 2
6913 6914 2
6846 6915 2
6913 6915 2
6853 6916 2
6924 6916 1
6912 6916 1
6910 6918 1
6922 6919 1
6923 6919 1
6825 6919 1
6832 6921 1
6845 6924 1
6850 6925 1
6925 6926 1
6859 6926 2
6859 6928 1
6828 6929 1
6928 6929 1
6859 6930 2
6959 6930 1
6839 6932 3
6828 6934 1
6825 6934 1
6855 6935 1
6935 6936 1
6855 6936 1
6935 6937 1
6855 6937 1
6848 6938 1
6938 6939 1
6822 6939 1
6850 6940 1
6859 6941 3
6958 6941 1
6940 6941 1
6832 6942 1
6873 6946 1
6946 6947 1
6892 6947 1
6839 6950 3
6953 6952 1
6837 6954 1
6952 6954 1
6832 6955 1
6955 6956 1
6869 6956 1
6934 6957 1
6934 6958 1
6850 6959 1
6839 6960 3
6934 6962 1
6821 6963 1
6971 6964 1
6821 6964 2
6963 6964 1
6843 6966 1
6891 6968 1
6948 6969 1
6859 6970 1
6969 6970 1
6820 6971 1
6971 6972 1
6821 6972 1
