12038 1008 1
3757 1009 1
13978 1010 1
1012 1011 1
1011 1013 1
1012 1013 1
1012 1014 2
1011 1014 1
1014 1015 2
1012 1015 2
1014 1016 2
1012 1016 2
1012 1017 2
1014 1017 2
1014 1018 2
1012 1018 2
1014 1019 2
1012 1019 2
1014 1020 2
1012 1020 2
14106 1021 1
14043 1022 1
13978 1023 1
11919 1025 1
13970 1026 1
14002 1027 1
14010 1028 2
1027 1028 1
14127 1029 4
1030 1029 2
1632 1029 1
14043 1031 1
1031 1032 1
1035 1032 1
13959 1032 2
13982 1033 1
13970 1034 1
14043 1035 1
14002 1036 1
13994 1037 1
13970 1039 1
13978 1040 1
14256 1041 1
14204 1042 1
13959 1043 1
1042 1043 1
14106 1044 1
14108 1045 1
1044 1045 1
1044 1046 1
14108 1046 1
14248 1047 1
14130 1048 1
14248 1049 1
3740 1050 1
14126 1051 2
1579 1051 1
13978 1052 1
13978 1053 1
14043 1054 1
13967 1055 1
13967 1056 1
13970 1057 1
13978 1058 1
14248 1059 1
1059 1060 1
14250 1060 2
1270 1060 1
13994 1061 1
3788 1063 1
13978 1064 1
3740 1065 2
13970 1066 1
14043 1067 1
14130 1068 1
13994 1069 3
4883 1070 1
13970 1071 1
1072 1073 2
3757 1074 1
14130 1075 3
3740 1076 1
13978 1077 1
3740 1078 1
13978 1079 1
1080 1081 3
13959 1082 1
13970 1083 1
13970 1084 1
3740 1085 1
13970 1086 1
14106 1087 1
13970 1088 1
11919 1089 1
3740 1090 1
3742 1091 2
1762 1091 1
14049 1092 2
13978 1094 1
11992 1095 1
14002 1096 1
14202 1097 1
13978 1098 1
13967 1099 1
14115 1100 2
1582 1100 1
13967 1101 1
3757 1102 1
14202 1103 1
13967 1104 1
14043 1105 1
1380 1106 1
1670 1106 1
12287 1106 5
1156 1106 1
1299 1106 1
13978 1107 1
14248 1108 1
14250 1109 1
1108 1109 1
13994 1110 1
14210 1111 4
1448 1112 1
1453 1112 1
3744 1112 3
13970 1113 1
3740 1114 1
12308 1115 1
3770 1116 1
13994 1117 1
14043 1118 1
1118 1119 1
13959 1119 1
13962 1120 4
3742 1121 3
4883 1122 1
13970 1123 1
13970 1124 1
3770 1125 1
14248 1126 1
3740 1127 1
13978 1128 1
13978 1129 1
14130 1130 1
3740 1131 1
13978 1132 1
13978 1133 1
14202 1134 1
3740 1135 1
14004 1136 1
1136 1137 1
14004 1137 2
12038 1138 1
14248 1139 1
13978 1140 1
13970 1141 1
13967 1142 1
13970 1143 1
14043 1144 1
1299 1145 1
12288 1145 3
1670 1145 1
14043 1146 1
1580 1147 1
1146 1147 1
1735 1147 1
13959 1147 3
3770 1148 1
12308 1149 1
1149 1150 1
12158 1150 2
13967 1151 1
3770 1152 1
3788 1153 1
13978 1154 1
14049 1155 2
12287 1156 1
14049 1157 1
13970 1158 1
3770 1159 1
3740 1160 1
13978 1161 1
13970 1162 1
3740 1163 1
3740 1164 1
13970 1165 1
14130 1166 1
13978 1167 1
13970 1168 1
3740 1169 1
14202 1170 1
13978 1171 1
3740 1172 1
14130 1173 1
14248 1174 1
13994 1175 1
14008 1176 2
1539 1176 1
13978 1177 1
14130 1178 2
13978 1179 1
13970 1180 1
13970 1181 1
13994 1182 1
14230 1184 1
13978 1185 1
14299 1186 1
1186 1187 1
13959 1187 1
1186 1188 1
13959 1188 1
13959 1189 1
1186 1189 1
13959 1190 1
1186 1190 1
13970 1191 1
14043 1192 1
13970 1193 1
13970 1194 1
13970 1195 1
13994 1196 1
11978 1197 1
3740 1198 1
14135 1199 1
3740 1200 1
13994 1201 3
14224 1202 1
13978 1203 2
3740 1206 1
13994 1207 1
13978 1208 1
14049 1209 1
3740 1210 1
13970 1211 1
13994 1212 1
11907 1213 1
3788 1214 1
13982 1215 1
14049 1216 3
1231 1216 1
1307 1216 1
3788 1217 1
13970 1218 1
13970 1219 1
13970 1220 1
13978 1222 1
3740 1223 1
14135 1224 1
13967 1225 1
12038 1226 1
13978 1227 1
4883 1228 1
1228 1229 1
4883 1229 2
4883 1230 2
1228 1230 1
14230 1231 3
14280 1232 1
14230 1233 1
3825 1234 1
13994 1235 1
13978 1236 1
13970 1237 1
13978 1238 1
14248 1239 1
14250 1240 3
1384 1240 1
1239 1240 1
13971 1240 1
14106 1241 1
14044 1242 1
13959 1242 1
13970 1243 1
13970 1244 1
3757 1245 1
11980 1246 1
13959 1247 1
14230 1248 1
14224 1249 1
14224 1250 1
1249 1250 1
14106 1251 1
3796 1252 1
13970 1253 3
3740 1254 1
13962 1255 1
13978 1256 1
3740 1257 1
13978 1258 1
14106 1259 1
13970 1260 1
13978 1261 1
13994 1262 1
14130 1263 1
14130 1264 2
3740 1265 1
14248 1266 1
11919 1267 1
13978 1268 1
13978 1269 1
14248 1270 1
13970 1271 1
14130 1272 2
13978 1273 1
14130 1274 1
14130 1275 1
13982 1276 1
13994 1277 2
13970 1278 1
3740 1279 1
11919 1280 1
13959 1281 1
1280 1281 1
13978 1282 1
13970 1283 1
14115 1284 2
1290 1284 1
13978 1285 1
13994 1286 1
14130 1287 1
14002 1288 1
13970 1289 1
14367 1290 1
14130 1291 2
3740 1292 1
14367 1293 1
14256 1294 1
3825 1295 1
14230 1296 2
13982 1297 1
13978 1298 2
12288 1299 1
14043 1300 1
14002 1301 1
14049 1302 1
13978 1303 1
13978 1304 1
13971 1305 1
14147 1305 1
13978 1306 1
14230 1307 1
14224 1308 1
13978 1309 1
14367 1310 1
14248 1311 1
13994 1312 1
14106 1313 1
13970 1314 2
1795 1315 1
14115 1315 3
2705 1315 1
14256 1317 1
14248 1318 1
13970 1319 1
3834 1320 1
13978 1321 1
3740 1322 1
14002 1323 1
13978 1324 1
13978 1325 1
13970 1326 1
3740 1327 1
14002 1328 1
14002 1329 1
13978 1331 1
14106 1332 1
3740 1333 1
14130 1334 1
13978 1335 1
14202 1336 1
13994 1337 1
13994 1338 1
13978 1339 1
14043 1340 1
13978 1341 1
4886 1342 1
14049 1343 1
13994 1344 1
14202 1345 1
14043 1346 1
14106 1347 1
13978 1348 1
3779 1349 1
14230 1350 1
13978 1351 1
14202 1352 1
11978 1353 1
14106 1354 1
13994 1355 1
3757 1356 1
13970 1357 1
3740 1358 1
13970 1359 1
3744 1360 1
14130 1361 2
3740 1362 1
3740 1363 1
13978 1364 1
13978 1365 1
13970 1366 1
13978 1367 1
13978 1368 1
14230 1369 1
11919 1370 1
13994 1371 1
13978 1372 1
3740 1373 1
14106 1374 1
3740 1375 1
13970 1376 1
13994 1377 1
13970 1378 1
14002 1379 1
12287 1380 1
3740 1381 1
11919 1382 1
1382 1383 1
4886 1383 2
14248 1384 1
3770 1385 1
13978 1386 1
13978 1387 1
14130 1388 1
13994 1389 1
13970 1390 1
3740 1391 1
13978 1392 1
12038 1393 1
13970 1394 1
13967 1395 1
13978 1396 1
3740 1397 1
14043 1398 1
14130 1399 1
13970 1400 1
14130 1401 2
14367 1402 1
13978 1403 1
13978 1404 1
14043 1405 1
13970 1406 1
12038 1407 1
13994 1408 1
14135 1409 1
1659 1410 1
14049 1410 2
13970 1411 1
3740 1412 1
14130 1413 2
13978 1414 1
13970 1415 1
13967 1416 1
3740 1417 1
14274 1418 1
1420 1419 1
1418 1419 1
14274 1420 1
13970 1421 1
13967 1422 1
13967 1423 1
3740 1424 1
13994 1425 1
14106 1426 1
14367 1427 1
13978 1428 1
3740 1429 1
3740 1430 1
14130 1431 1
13982 1432 1
14130 1433 2
12276 1434 1
3740 1435 1
13978 1436 1
14202 1437 1
3757 1438 1
14230 1439 1
14266 1440 1
1671 1441 1
14259 1441 2
13967 1442 1
13970 1443 1
3740 1444 1
12038 1445 1
13994 1446 1
14248 1447 1
3740 1448 1
14130 1449 1
13967 1450 1
13967 1451 1
14248 1452 1
3740 1453 1
13978 1454 1
3744 1455 1
1455 1456 1
13959 1456 1
4863 1457 1
2680 1458 1
1457 1458 1
14140 1458 3
13978 1459 1
14043 1460 1
13959 1461 1
1460 1461 1
14135 1462 1
13970 1463 1
13978 1464 1
13978 1465 1
13978 1466 1
13994 1467 1
3834 1468 1
3834 1469 2
1772 1469 1
1468 1469 1
13978 1471 1
13978 1472 1
14002 1473 1
14135 1474 1
14155 1475 1
3740 1476 1
13978 1478 1
14106 1479 1
13978 1480 1
3740 1481 1
14230 1482 1
13970 1483 1
3740 1484 1
13970 1485 1
13978 1486 1
12342 1487 1
12343 1487 1
1683 1487 1
14106 1488 1
3740 1489 1
13978 1490 1
1654 1491 1
14008 1491 2
13970 1492 1
3740 1493 1
13967 1494 1
13978 1495 1
14202 1496 1
13970 1497 1
14248 1498 1
13970 1499 1
14026 1500 2
1627 1500 1
13978 1501 1
13970 1502 1
13978 1503 1
13994 1504 1
14256 1505 1
13978 1506 1
1615 1507 1
12252 1507 2
13978 1508 1
14130 1509 2
13970 1510 1
3740 1511 1
13978 1512 1
13978 1513 1
13978 1514 1
14130 1515 1
11948 1516 1
14224 1517 1
13978 1518 1
13978 1519 1
11907 1520 1
13962 1521 1
3740 1522 1
13994 1523 1
14230 1524 1
13978 1525 1
13978 1526 1
14248 1527 1
13978 1528 1
14130 1529 1
13970 1530 1
12276 1531 1
13970 1532 1
14106 1533 1
3757 1534 1
14106 1535 1
11919 1536 1
14043 1537 1
14367 1538 1
12038 1539 1
14008 1540 4
1539 1540 1
1544 1540 1
1664 1540 1
13970 1541 1
13994 1542 1
13978 1543 1
12038 1544 1
14130 1545 1
3740 1546 1
13994 1547 1
14299 1548 1
14299 1549 1
1548 1549 1
13970 1550 1
14135 1551 1
12062 1552 1
14043 1553 1
13978 1554 1
13970 1555 1
13967 1556 1
14106 1557 1
13978 1558 1
14130 1559 1
3767 1560 4
14043 1561 1
3740 1562 1
1674 1563 1
14115 1563 2
13970 1564 1
14043 1565 1
13959 1566 2
1640 1566 1
1565 1566 1
12137 1567 1
14043 1568 1
3757 1569 1
3770 1570 1
3740 1571 1
13978 1572 1
14248 1573 1
13970 1574 1
3796 1575 1
14029 1576 1
3740 1577 1
14049 1578 1
14126 1579 1
14043 1580 1
13978 1581 1
14367 1582 1
13967 1583 1
11978 1584 1
13970 1585 1
13978 1586 1
14130 1587 2
14130 1588 1
13967 1589 1
3740 1590 1
11994 1591 1
13970 1592 1
14043 1594 1
14049 1595 2
3740 1596 1
14130 1597 1
14043 1598 1
14248 1599 1
12252 1600 1
1600 1601 1
12252 1601 1
13970 1602 1
3740 1603 1
14130 1604 1
14135 1605 1
13978 1606 1
3740 1607 1
13978 1608 2
13967 1609 1
14043 1610 1
13967 1611 1
13970 1612 1
13978 1613 1
3740 1614 1
12252 1615 1
14130 1616 1
13978 1617 1
14022 1618 1
14043 1619 1
3740 1620 1
13970 1621 1
3740 1622 1
11948 1623 1
13970 1624 1
13978 1625 1
3779 1626 1
14002 1627 1
14029 1628 1
1627 1628 1
14130 1629 2
13994 1630 1
13970 1631 1
12343 1632 1
13970 1633 1
13978 1634 1
13978 1635 1
13994 1636 1
13970 1637 1
14248 1638 1
13978 1639 1
14108 1640 1
1640 1641 1
14108 1641 1
14367 1642 1
14043 1643 1
14049 1644 1
13967 1646 1
13978 1647 1
12158 1648 1
14130 1649 1
14135 1650 1
13978 1651 1
14266 1652 1
14049 1653 1
12038 1654 1
13978 1655 1
14130 1656 1
13978 1657 1
14002 1658 1
14230 1659 1
14130 1660 1
13970 1661 1
13994 1662 1
3740 1663 1
12038 1664 1
3740 1665 1
13970 1666 1
14002 1667 1
1667 1668 1
11973 1668 1
1667 1669 1
11973 1669 2
12288 1670 1
14256 1671 1
13994 1672 1
14026 1673 1
14367 1674 1
13978 1675 1
3740 1676 1
13978 1677 1
12343 1678 1
12343 1679 1
12343 1680 1
12343 1681 1
12343 1682 1
12343 1683 1
13970 1684 1
14043 1685 1
14043 1686 1
14256 1687 1
13967 1688 1
3740 1689 1
13978 1690 1
13970 1691 1
14043 1692 1
13959 1693 1
1692 1693 1
14049 1694 2
1231 1694 1
14043 1695 1
3740 1696 1
13970 1697 1
13982 1698 1
13978 1699 1
14043 1700 1
13978 1701 1
13978 1702 1
14367 1703 1
3740 1704 1
14130 1705 1
13978 1706 1
13970 1707 1
14224 1708 1
12276 1709 1
14043 1710 1
13970 1711 1
3740 1712 1
13970 1713 1
12308 1714 1
13978 1715 1
11948 1716 1
13978 1717 1
13970 1719 1
11948 1720 1
3740 1721 1
11978 1722 1
13978 1723 1
13970 1724 1
13978 1725 1
13978 1726 1
13982 1727 1
3740 1728 1
13978 1729 1
14202 1730 1
13970 1731 1
13970 1732 1
13970 1733 1
13970 1734 1
14043 1735 1
13967 1736 1
13970 1737 1
3740 1739 1
13978 1740 1
12252 1741 1
14130 1742 1
13967 1743 1
14130 1744 2
11992 1745 1
3740 1746 1
13967 1747 1
3757 1748 1
3770 1749 1
13970 1750 1
13978 1751 1
14130 1752 1
14002 1753 1
14210 1754 1
1754 1755 1
14210 1755 1
1754 1756 1
14210 1756 1
1754 1757 1
14210 1757 1
3740 1758 1
13970 1759 1
1038 1760 1
3740 1761 1
3740 1762 1
13967 1764 1
14130 1765 1
14115 1766 1
13967 1767 1
13994 1768 1
14314 1769 1
13959 1770 1
1769 1770 1
14130 1771 1
3834 1772 1
13978 1773 1
13970 1774 1
13970 1775 1
3740 1776 1
13978 1777 1
13982 1778 1
13970 1779 1
3740 1780 1
13970 1781 1
13994 1782 1
14043 1783 1
12038 1785 1
14230 1786 1
13978 1787 1
12256 1788 1
14130 1789 1
3740 1790 1
14256 1791 1
13994 1792 1
13967 1793 1
13978 1794 1
14367 1795 1
14130 1796 1
14130 1797 1
13978 1798 1
14135 1799 1
3740 2657 1
14130 2658 1
14043 2659 1
13967 2660 1
14043 2661 1
11978 2662 1
3740 2663 1
14230 2664 1
13978 2665 1
3740 2666 1
3805 2667 1
3805 2668 1
2667 2668 1
13994 2669 1
13978 2670 1
13978 2671 1
13978 2672 1
13978 2673 1
13978 2674 1
12062 2675 1
3740 2676 1
13978 2677 1
13970 2678 1
11948 2679 1
4863 2680 1
11892 2681 1
13978 2682 1
13967 2683 1
3740 2684 1
12276 2685 1
13978 2686 1
13978 2687 1
3740 2688 1
14367 2689 1
3788 2690 1
13970 2691 1
13970 2692 1
11978 2693 1
3740 2694 1
14043 2695 1
13967 2696 1
13970 2697 1
13978 2698 1
13970 2699 1
3770 2700 1
13967 2701 1
13978 2702 1
14043 2703 1
13970 2704 1
14367 2705 1
13978 2706 1
14130 2707 1
3740 2708 1
2710 2709 1
2710 2711 1
2709 2711 1
14230 2712 1
13970 2713 1
13994 2714 1
3740 2715 1
13967 2716 1
13978 2717 1
14083 2718 1
13978 2719 1
13970 2720 1
14043 2721 1
13978 2722 1
13978 2723 1
14043 2724 1
13978 2725 1
13970 2726 1
14130 2727 2
13994 2728 1
3740 2729 1
14130 2730 1
3740 2731 1
3740 3739 1
3742 3741 120
2731 3741 1
12054 3741 1
1206 3741 1
1068 3741 1
2720 3741 1
14246 3741 1
12176 3741 1
1481 3741 1
1254 3741 1
12333 3741 1
2707 3741 1
1430 3741 1
11955 3741 1
12278 3741 1
12248 3741 1
1558 3741 1
3747 3741 13
14361 3741 1
14329 3741 3
1135 3741 1
11917 3741 1
12209 3741 1
3753 3741 1
1562 3741 1
14294 3741 1
12183 3741 1
1709 3741 1
11960 3741 1
1078 3741 1
1198 3741 1
1373 3741 1
12313 3741 1
1665 3741 1
12263 3741 1
2657 3741 1
14214 3741 2
1776 3741 1
1783 3741 1
2663 3741 1
12127 3741 3
1363 3741 1
12309 3741 1
14337 3741 1
12178 3741 1
1705 3741 1
1511 3741 1
1771 3741 1
1064 3741 1
1160 3741 1
2708 3741 1
1489 3741 1
12258 3741 1
12340 3741 1
11929 3741 1
12218 3741 1
14349 3741 3
12261 3741 7
1634 3741 1
3739 3741 1
1423 3741 1
14291 3741 1
1746 3741 1
14146 3741 1
1663 3741 1
1413 3741 2
1603 3741 1
14254 3741 1
1622 3741 1
1518 3741 1
1169 3741 1
14192 3741 3
1075 3741 3
1090 3741 1
1041 3741 1
1506 3741 1
13971 3741 1
3793 3741 1
12175 3741 1
1537 3741 1
1361 3741 2
1338 3741 1
12328 3741 1
12219 3741 1
12238 3741 1
4851 3741 1
13959 3742 2
14248 3742 8
14010 3742 28
14266 3742 2
4886 3742 5
13962 3742 32
11919 3742 2
14029 3742 6
14256 3742 1
14035 3742 3
14022 3742 9
13972 3742 10
13994 3742 24
14043 3742 12
14115 3742 39
14259 3742 17
3740 3742 115
13970 3742 9
13978 3742 23
11973 3742 2
14130 3742 25
12276 3742 2
4863 3742 1
14293 3742 12
14032 3742 11
14264 3742 2
14140 3742 3
13967 3742 12
12256 3742 1
12038 3742 1
3796 3742 3
14004 3742 47
14008 3742 49
14230 3742 1
3744 3742 33
3744 3743 934
4865 3743 1
13987 3743 44
12154 3743 1
12085 3743 1
14359 3743 32
14298 3743 48
12125 3743 1
14132 3743 30
14151 3743 19
1653 3743 1
1455 3743 1
14227 3743 45
14234 3743 33
13979 3743 12
13998 3743 36
3774 3743 1
4856 3743 2
1548 3743 1
1578 3743 1
3749 3743 24
14228 3743 2
1157 3743 1
1644 3743 1
3773 3743 1
13963 3743 652
1595 3743 2
14356 3743 38
14120 3743 38
1694 3743 2
12195 3743 5
14342 3743 1
14023 3743 42
14340 3743 14
14354 3743 29
12148 3743 2
4861 3743 2
1360 3743 1
12146 3743 7
14133 3743 1
14048 3743 11
1302 3743 1
13968 3743 208
1092 3743 2
1091 3743 2
14030 3743 46
14283 3743 33
14033 3743 33
3752 3743 27
14122 3743 41
14123 3743 35
4859 3743 10
4887 3743 7
14027 3743 32
14014 3743 53
14006 3743 88
1410 3743 2
14193 3743 6
14295 3743 14
12083 3743 2
12153 3743 2
14237 3743 47
14116 3743 56
14330 3743 10
13976 3743 23
1343 3743 1
1216 3743 3
12261 3743 7
14338 3743 32
3765 3743 3
1209 3743 1
13965 3743 191
14328 3743 7
3750 3743 25
14119 3743 44
1155 3743 2
12294 3743 2
3751 3743 18
14086 3743 5
14121 3743 40
14200 3743 78
3741 3743 120
14162 3743 6
14041 3743 24
13961 3743 145
14379 3743 27
14239 3743 21
12338 3743 4
11968 3743 4
14382 3743 21
3816 3743 14
14293 3744 11
14230 3744 25
14029 3744 1
14008 3744 41
14130 3744 120
13978 3744 164
14248 3744 12
14126 3744 2
14256 3744 1
14207 3744 21
14266 3744 1
13994 3744 42
13970 3744 99
12038 3744 1
14049 3744 119
14022 3744 8
4886 3744 9
12158 3744 3
14106 3744 7
4863 3744 1
11980 3744 8
14108 3744 1
14010 3744 44
11892 3744 8
11919 3744 2
14026 3744 8
12276 3744 3
14140 3744 3
13967 3744 49
12308 3744 1
14202 3744 2
3740 3744 132
14004 3744 47
3742 3744 402
14115 3744 46
14043 3744 31
13962 3744 551
14299 3744 60
14259 3744 12
11994 3744 3
13972 3744 20
13959 3744 33
14127 3744 34
3744 3745 809
1412 3745 1
2726 3745 1
1162 3745 1
1746 3745 1
1341 3745 1
12000 3745 1
12292 3745 1
13966 3745 1
11955 3745 1
14236 3745 1
12036 3745 1
1606 3745 1
1481 3745 1
12223 3745 1
11905 3745 2
2720 3745 1
12257 3745 3
2716 3745 1
1608 3745 2
12163 3745 2
1129 3745 1
1207 3745 1
1447 3745 1
14021 3745 6
1307 3745 1
1181 3745 1
4885 3745 3
11924 3745 2
1277 3745 2
12051 3745 1
1423 3745 1
3755 3745 3
1543 3745 1
12127 3745 3
11995 3745 1
1416 3745 1
1201 3745 3
1651 3745 1
1413 3745 2
14124 3745 1
1110 3745 1
1296 3745 2
1160 3745 1
11988 3745 1
1589 3745 1
1503 3745 1
2665 3745 1
1406 3745 1
12018 3745 1
2717 3745 1
1055 3745 1
1227 3745 1
12238 3745 1
1404 3745 1
1576 3745 1
4873 3745 1
1435 3745 1
12340 3745 1
2658 3745 1
14145 3745 1
12001 3745 1
12309 3745 1
12316 3745 2
1376 3745 1
1058 3745 1
12138 3745 1
1049 3745 1
1141 3745 1
14306 3745 2
1430 3745 1
1574 3745 1
12274 3745 1
1350 3745 1
11930 3745 1
1583 3745 1
12164 3745 1
1428 3745 1
12250 3745 1
1104 3745 1
12050 3745 1
1166 3745 1
12002 3745 2
1225 3745 1
3793 3745 1
12234 3745 1
1699 3745 1
12129 3745 1
1458 3745 3
1304 3745 1
1599 3745 1
12336 3745 1
14215 3745 1
4857 3745 1
2683 3745 1
14371 3745 31
1459 3745 1
4839 3745 1
1512 3745 1
14164 3745 32
1333 3745 1
12122 3745 1
1010 3745 1
1588 3745 1
1338 3745 1
1612 3745 1
1222 3745 1
1079 3745 1
12017 3745 1
1169 3745 1
1342 3745 1
13985 3745 1
1275 3745 1
1596 3745 1
1659 3745 1
1594 3745 1
1395 3745 1
2729 3745 1
1315 3745 3
12173 3745 1
1309 3745 1
11975 3745 1
12034 3745 1
12175 3745 1
14235 3745 1
11894 3745 3
1709 3745 1
1611 3745 1
12212 3745 1
1347 3745 1
1064 3745 1
1463 3745 1
11967 3745 1
12016 3745 1
1665 3745 1
1067 3745 1
12178 3745 1
11911 3745 4
4849 3745 1
1731 3745 1
1559 3745 1
1466 3745 1
1639 3745 1
11989 3745 11
1396 3745 1
1399 3745 1
1066 3745 1
1485 3745 1
1132 3745 1
1161 3745 1
12128 3745 1
1088 3745 1
1450 3745 1
1126 3745 1
12200 3745 1
14362 3745 1
12063 3745 1
12047 3745 1
1480 3745 1
1208 3745 1
12161 3745 1
4864 3745 1
1219 3745 1
13977 3745 1
13975 3745 1
1767 3745 1
1167 3745 1
2670 3745 1
1346 3745 1
1075 3745 3
12123 3745 2
12202 3745 3
1737 3745 1
12055 3745 1
2688 3745 1
14309 3745 1
1476 3745 1
12261 3745 7
14381 3745 1
1040 3745 1
12260 3745 1
14214 3745 2
1506 3745 1
1436 3745 1
1426 3745 1
1107 3745 1
1101 3745 1
1184 3745 1
14307 3745 2
1253 3745 3
1522 3745 1
1786 3745 1
12272 3745 1
12117 3745 2
1797 3745 1
14146 3745 1
12162 3745 2
14297 3745 2
1783 3745 1
13997 3745 1
14260 3745 2
14038 3745 7
4871 3745 1
2731 3745 1
1053 3745 1
1498 3745 1
1164 3745 1
14233 3745 1
1712 3745 1
1542 3745 1
1248 3745 1
1486 3745 1
1464 3745 1
1675 3745 1
1492 3745 1
1660 3745 1
1702 3745 1
3802 3745 1
2723 3745 1
1787 3745 1
11961 3745 1
12084 3745 1
11897 3745 1
1387 3745 1
12029 3745 1
3827 3745 1
1646 3745 1
12151 3745 1
1695 3745 1
2725 3745 1
1602 3745 1
14352 3745 2
1631 3745 1
1581 3745 1
1790 3745 1
1547 3745 1
14144 3745 2
2666 3745 1
1625 3745 1
12303 3745 1
1123 3745 1
2702 3745 1
11896 3745 1
1604 3745 1
1171 3745 1
12156 3745 1
14294 3745 1
12023 3745 1
1494 3745 1
1482 3745 1
14291 3745 1
1176 3745 2
1690 3745 1
12222 3745 1
1636 3745 1
1750 3745 1
14131 3745 2
1796 3745 1
12046 3745 1
1271 3745 1
1497 3745 1
3746 3745 1
14229 3745 1
14196 3745 1
2687 3745 1
1389 3745 1
1239 3745 1
1657 3745 1
12006 3745 1
1556 3745 1
1411 3745 1
12144 3745 1
12218 3745 1
1140 3745 1
3753 3745 1
2678 3745 1
12258 3745 1
1433 3745 2
1331 3745 1
14037 3745 42
1603 3745 1
12262 3745 1
1666 3745 1
12058 3745 2
1688 3745 1
2727 3745 2
1151 3745 1
1142 3745 1
1274 3745 1
12244 3745 1
1041 3745 1
1443 3745 1
2664 3745 1
1195 3745 1
1465 3745 1
1528 3745 1
1451 3745 1
1440 3745 1
1449 3745 1
1137 3745 2
2685 3745 1
12337 3745 1
14327 3745 1
11996 3745 1
1284 3745 2
14226 3745 1
1766 3745 1
1283 3745 1
1609 3745 1
1374 3745 1
2684 3745 1
1257 3745 1
2677 3745 1
12070 3745 10
14337 3745 1
1203 3745 2
1158 3745 1
1078 3745 1
12325 3745 1
12246 3745 1
1619 3745 1
1263 3745 1
1098 3745 1
12310 3745 1
1291 3745 2
1721 3745 1
1264 3745 2
1648 3745 1
1206 3745 1
14192 3745 3
2715 3745 1
2704 3745 1
1386 3745 1
2712 3745 1
1256 3745 1
14355 3745 1
1758 3745 1
14351 3745 1
1558 3745 1
12248 3745 1
12221 3745 1
1744 3745 2
1597 3745 1
3847 3745 1
12131 3745 1
12019 3745 1
14329 3745 3
12189 3745 1
14217 3745 10
14003 3745 41
14047 3745 1
14278 3745 1
1444 3745 1
1351 3745 1
1048 3745 1
1391 3745 1
1287 3745 1
12216 3745 1
2674 3745 1
1431 3745 1
14349 3745 3
14007 3745 21
12112 3745 1
1375 3745 1
12071 3745 1
14137 3745 2
1525 3745 1
12192 3745 1
12066 3745 1
1655 3745 1
14277 3745 1
1495 3745 1
11916 3745 1
1314 3745 2
1510 3745 1
3803 3745 1
12116 3745 1
12068 3745 1
1509 3745 2
1740 3745 1
1789 3745 1
12080 3745 1
12328 3745 1
14358 3745 1
1065 3745 2
14232 3745 3
4875 3745 1
1587 3745 2
12089 3745 6
14296 3745 1
1321 3745 1
11971 3745 1
1117 3745 1
12226 3745 1
2707 3745 1
1401 3745 2
1529 3745 1
1502 3745 1
3789 3745 9
14318 3745 1
4851 3745 1
1622 3745 1
1051 3745 2
3739 3745 1
3747 3745 13
1378 3745 1
1591 3745 1
12209 3745 1
1726 3745 1
1198 3745 1
1334 3745 1
1279 3745 1
14378 3745 1
1269 3745 1
1526 3745 1
1729 3745 1
12330 3745 2
1762 3745 1
1545 3745 1
1231 3745 3
12169 3745 1
1265 3745 1
1089 3745 1
12114 3745 1
11895 3745 1
1191 3745 1
1292 3745 1
1711 3745 1
1363 3745 1
1390 3745 1
1373 3745 1
1384 3745 1
1366 3745 1
1640 3745 1
12307 3745 1
12088 3745 1
12219 3745 1
14308 3745 3
14339 3745 2
12032 3745 1
1454 3745 1
14310 3745 1
1515 3745 1
14114 3745 3
1355 3745 1
1736 3745 1
14368 3745 27
2660 3745 1
1524 3745 1
1335 3745 1
1554 3745 1
12220 3745 1
11965 3745 1
11915 3745 2
2663 3745 1
12081 3745 1
1266 3745 1
12174 3745 1
2686 3745 1
14025 3745 6
12206 3745 1
1236 3745 1
1090 3745 1
1643 3745 1
2676 3745 1
1514 3745 1
1100 3745 2
3797 3745 2
11929 3745 1
1238 3745 1
1084 3745 1
1254 3745 1
1261 3745 1
12273 3745 1
14254 3745 1
13971 3745 1
11902 3745 1
1114 3745 1
14316 3745 1
12090 3745 1
3812 3745 1
1442 3745 1
1478 3745 1
12217 3745 1
11976 3745 1
2691 3745 1
12263 3745 1
2703 3745 1
4854 3745 1
1501 3745 1
1765 3745 1
14374 3745 1
14268 3745 1
1272 3745 2
2657 3745 1
12013 3745 1
1499 3745 1
12297 3745 1
1023 3745 1
1069 3745 3
12015 3745 1
1085 3745 1
1143 3745 1
3754 3745 1
2701 3745 1
1247 3745 1
1139 3745 1
1394 3745 1
12078 3745 3
12275 3745 1
1371 3745 1
14113 3745 1
12305 3745 1
1471 3745 1
14320 3745 1
1068 3745 1
11932 3745 1
1782 3745 1
1286 3745 1
1278 3745 1
14257 3745 12
1392 3745 1
14199 3745 1
1656 3745 1
11912 3745 1
1400 3745 1
12339 3745 1
14246 3745 1
1446 3745 1
1372 3745 1
1484 3745 1
11917 3745 1
1128 3745 1
3748 3745 1
1193 3745 1
11927 3745 1
12295 3745 1
1258 3745 1
14150 3745 1
12278 3745 1
11909 3745 1
2708 3745 1
1677 3745 1
14238 3745 1
2722 3745 1
12145 3745 1
12168 3745 1
1361 3745 2
1561 3745 1
12170 3745 2
12167 3745 1
1303 3745 1
1298 3745 2
1377 3745 1
1610 3745 1
12183 3745 1
1105 3745 1
1365 3745 1
12249 3745 1
1771 3745 1
1747 3745 1
1306 3745 1
1563 3745 2
1649 3745 1
1759 3745 1
1178 3745 2
11904 3745 1
1713 3745 1
14265 3745 2
2659 3745 1
1751 3745 1
1630 3745 1
12317 3745 1
14372 3745 1
11926 3745 1
14141 3745 1
2699 3745 1
1173 3745 1
1544 3745 1
14363 3745 2
1511 3745 1
3785 3745 1
1773 3745 1
1775 3745 1
1776 3745 1
1777 3745 1
1780 3745 1
1764 3745 1
2696 3745 1
14292 3745 4
1705 3745 1
1131 3745 1
1267 3745 1
14129 3745 1
1752 3745 1
14315 3745 3
4881 3745 1
1233 3745 1
2682 3745 1
12268 3745 1
1311 3745 1
3792 3745 10
1425 3745 1
12313 3745 1
1056 3745 1
12054 3745 1
1368 3745 1
1174 3745 1
14117 3745 1
12060 3745 1
1364 3745 1
12052 3745 1
1135 3745 1
1185 3745 1
1154 3745 1
11999 3745 1
1200 3745 1
1047 3745 1
1417 3745 1
1793 3745 1
1479 3745 1
1706 3745 1
1794 3745 1
1704 3745 1
2724 3745 1
1586 3745 1
1441 3745 2
1130 3745 1
1367 3745 1
1489 3745 1
3740 3746 1
1358 3747 1
4864 3747 1
3746 3747 1
1721 3747 1
3742 3747 13
12200 3747 1
11966 3747 1
12319 3747 1
2676 3747 1
1618 3747 1
1131 3747 1
12334 3747 1
12184 3747 1
1589 3748 1
4840 3748 1
3742 3748 17
3747 3748 13
3747 3749 13
3742 3749 24
12272 3749 1
12198 3749 1
3815 3749 1
13971 3749 1
12261 3749 7
3742 3750 25
1715 3750 1
1542 3750 1
12261 3750 7
1429 3750 1
3747 3750 13
1117 3750 1
3747 3751 13
1546 3751 1
2657 3751 1
3742 3751 18
1709 3751 1
1444 3751 1
12261 3752 7
3747 3752 13
1375 3752 1
3847 3752 1
1412 3752 1
3742 3752 27
12189 3752 1
4873 3752 1
1372 3752 1
14130 3753 1
3740 3754 1
14130 3755 3
3757 3756 2
13978 3758 1
12261 3759 7
3758 3759 1
13962 3759 8
13970 3760 1
12115 3761 1
1697 3761 1
1564 3761 1
2728 3761 1
2692 3761 1
13959 3761 8
3760 3761 1
1212 3761 1
3763 3762 1
12287 3763 2
3825 3763 2
11922 3763 3
3823 3763 2
12288 3763 2
1380 3764 1
3762 3764 1
1670 3764 1
3763 3764 11
1295 3764 1
1299 3764 1
1156 3764 1
12012 3764 1
3822 3764 1
1234 3764 1
12152 3764 1
13962 3765 3
1639 3765 1
3748 3765 1
13996 3766 5
3768 3767 11
3770 3769 1
12159 3770 1
1152 3771 1
14207 3771 3
3769 3771 1
11981 3772 14
3771 3772 3
13959 3772 17
14049 3773 1
3744 3774 1
3774 3775 1
13959 3775 1
13970 3776 1
13959 3777 11
1319 3777 1
1415 3777 1
11933 3777 1
1633 3777 1
3776 3777 1
1564 3777 1
1165 3777 1
12040 3777 1
2713 3777 1
1779 3777 1
3779 3778 1
1293 3780 1
13959 3780 8
3778 3780 1
1063 3780 1
1531 3780 1
1301 3780 1
12074 3780 1
1516 3780 1
1407 3780 1
14106 3781 1
1021 3782 1
14108 3782 2
3781 3782 1
14108 3783 3
12206 3783 1
1479 3783 1
3781 3783 1
14202 3784 1
13967 3785 1
13994 3786 1
3788 3787 1
12091 3789 1
1214 3789 1
14115 3789 9
1217 3789 1
1153 3789 1
1290 3789 1
3787 3789 1
12324 3789 1
1538 3789 1
14293 3790 2
3787 3790 1
12324 3791 1
1153 3791 1
1290 3791 1
14293 3791 9
1214 3791 1
1538 3791 1
1217 3791 1
3787 3791 1
12091 3791 1
3791 3792 9
14293 3792 10
3740 3793 1
13967 3794 1
3796 3795 1
14126 3796 5
14130 3797 2
12206 3798 1
1479 3798 1
13958 3798 1
13959 3798 4
1311 3799 1
14250 3799 2
13958 3799 1
1134 3800 1
13959 3800 10
12133 3800 1
1170 3800 1
1340 3800 1
12139 3800 1
1730 3800 1
12045 3800 1
12031 3800 1
13958 3800 1
1144 3800 1
13958 3801 1
13959 3801 1
14230 3802 1
13994 3803 1
3805 3804 1
3805 3806 1
3804 3806 1
3804 3807 1
3805 3807 1
3805 3808 1
3805 3809 1
3808 3809 1
3805 3810 2
3808 3810 1
3810 3811 2
3805 3811 2
13967 3812 1
11946 3813 13
13970 3814 1
3740 3815 1
1771 3816 1
13971 3816 1
3797 3816 1
1231 3816 1
2658 3816 1
1048 3816 1
11929 3816 1
1272 3816 1
14329 3816 1
14049 3816 14
14192 3816 1
13970 3817 1
12059 3818 1
1552 3818 1
2692 3818 1
13959 3818 8
1564 3818 1
3817 3818 1
12069 3818 1
1218 3818 1
13970 3819 1
3740 3820 1
13970 3821 1
3823 3822 1
11922 3823 3
12287 3823 2
12288 3823 2
1670 3824 1
1299 3824 1
1156 3824 1
3825 3824 9
3822 3824 1
1295 3824 1
1380 3824 1
12012 3824 1
1234 3824 1
12287 3825 2
11922 3825 3
12288 3825 2
3823 3825 2
1156 3826 1
3822 3826 1
1380 3826 1
12012 3826 1
1299 3826 1
3823 3826 7
1670 3826 1
13970 3827 1
14106 3828 1
13978 3829 1
3757 3830 1
3830 3831 1
1245 3831 1
1534 3831 1
1438 3831 1
1748 3831 1
14083 3831 7
1567 3831 1
12039 3831 1
14210 3832 1
3834 3833 2
3832 3833 1
14210 3834 5
3833 3835 2
3834 3835 2
3832 3835 1
3833 3836 2
14210 3836 3
11908 3837 8
14210 3837 12
3836 3837 3
12285 3837 1
14010 3838 1
12022 3840 7
12021 3841 5
12020 3841 3
12022 3841 7
3840 3841 9
3845 3841 11
3846 3841 13
3841 3842 14
3841 3843 14
3840 3844 9
3846 3844 13
3845 3844 11
12021 3844 5
12020 3844 3
12022 3844 7
3840 3845 9
3845 3846 11
3740 3847 1
13970 4839 1
14043 4840 1
4842 4841 1
4841 4843 1
4842 4843 2
4843 4844 2
4842 4844 3
4844 4845 3
4842 4845 4
4845 4846 4
4842 4846 4
4842 4847 4
4845 4847 4
13994 4848 1
13967 4849 1
13959 4850 1
13970 4851 1
13972 4852 25
1113 4852 1
2726 4852 1
1661 4852 1
2697 4852 1
4851 4852 1
1357 4852 1
2678 4852 1
1243 4852 1
12182 4852 1
1541 4852 1
12255 4852 1
1499 4852 1
12311 4852 1
1411 4852 1
1220 4852 1
1734 4852 1
1168 4852 1
1039 4852 1
13971 4852 1
1211 4852 1
1585 4852 1
1244 4852 1
1289 4852 1
1774 4852 1
14106 4853 1
13978 4854 1
13978 4855 1
1248 4856 1
14049 4856 2
13978 4857 1
3740 4858 1
1223 4859 1
3744 4859 10
1686 4859 1
1731 4859 1
1591 4859 1
1648 4859 1
1637 4859 1
12192 4859 1
12281 4859 1
4858 4859 1
13959 4860 10
4859 4860 10
3744 4861 2
4858 4861 1
4861 4862 2
13959 4862 2
13959 4863 1
3740 4864 1
14049 4865 1
14135 4866 1
14224 4867 1
14224 4868 2
1708 4868 1
4867 4868 1
4869 4870 1
13978 4871 1
3740 4872 1
3740 4873 1
13967 4874 1
13970 4875 1
14204 4876 5
12014 4876 1
1352 4876 1
12190 4876 1
11921 4876 1
14043 4877 1
2680 4878 1
1457 4878 1
13959 4878 3
4877 4878 1
13982 4879 1
13970 4880 1
14230 4881 1
4883 4882 2
1228 4882 1
1229 4884 2
1122 4884 1
1070 4884 1
1230 4884 2
4883 4884 7
12188 4884 2
4882 4884 2
12268 4885 1
12267 4885 1
4886 4885 3
11919 4886 9
11892 4887 7
11999 4887 1
4885 4887 3
1422 4887 1
1342 4887 1
3742 11892 6
13967 11892 2
3740 11892 1
4886 11892 4
14127 11893 3
4885 11893 3
1642 11894 1
14115 11894 3
11923 11894 1
13967 11895 1
13978 11896 1
13978 11897 1
13970 11898 1
13994 11899 1
14248 11900 1
11900 11901 1
14250 11901 11
1447 11901 1
1126 11901 1
12041 11901 1
12208 11901 6
13971 11901 1
13978 11902 1
14367 11903 1
13978 11904 1
14130 11905 2
11907 11906 1
14210 11907 4
1772 11908 1
1468 11908 1
1213 11908 1
1520 11908 1
11906 11908 1
1320 11908 1
14210 11908 8
12242 11908 1
13978 11909 1
3770 11910 1
12236 11911 1
14004 11911 4
1716 11911 1
1623 11911 1
3740 11912 1
3757 11913 1
13967 11914 1
14130 11915 2
13978 11916 1
3740 11917 1
11919 11918 1
1089 11920 1
4886 11920 2
11918 11920 1
14202 11921 1
14367 11923 1
11923 11924 1
14115 11924 2
13996 11925 5
13978 11926 1
13970 11927 1
1400 11928 1
13972 11928 10
1502 11928 1
12029 11928 1
1612 11928 1
1666 11928 1
1084 11928 1
13971 11928 1
1191 11928 1
11927 11928 1
1181 11928 1
14130 11929 1
13978 11930 1
3740 11931 1
13994 11932 1
13994 11933 1
11945 11934 11
11939 11935 12
11941 11935 11
11945 11935 11
11938 11935 11
11934 11935 11
11934 11936 11
11936 11937 11
11937 11938 11
11938 11939 11
11939 11940 12
11941 11940 11
11938 11941 11
11945 11941 11
11941 11942 11
11941 11943 11
11941 11944 11
11941 11945 11
11938 11946 11
11948 11947 1
11947 11949 1
14004 11949 2
13994 11950 1
14130 11951 1
3740 11952 1
13994 11953 1
13978 11954 1
3740 11955 1
11919 11956 1
4886 11957 2
11956 11957 1
1089 11957 1
13970 11958 1
14043 11959 1
13978 11960 1
13978 11961 1
14248 11962 1
11962 11963 1
14250 11963 2
1527 11963 1
1047 11964 1
12306 11964 1
1527 11964 1
11962 11964 1
14250 11964 5
1311 11964 1
3740 11965 1
3740 11966 1
3740 11967 1
1689 11968 1
11967 11968 1
3744 11968 4
1758 11968 1
13959 11969 4
11968 11969 4
13982 11970 1
13970 11971 1
3740 11972 1
14002 11973 1
14032 11973 6
13994 11974 1
3740 11975 1
3740 11976 1
11978 11977 1
1197 11979 1
1584 11979 1
11980 11979 9
11987 11979 8
11977 11979 1
2662 11979 1
1722 11979 1
11978 11980 7
12042 11981 1
1159 11981 1
14207 11981 14
1457 11981 1
2680 11981 1
11979 11981 9
12196 11982 1
11979 11982 9
11983 11982 10
12197 11983 1
11980 11983 9
12341 11984 1
1584 11984 1
1722 11984 1
1385 11984 1
2662 11984 1
1640 11984 1
14207 11984 13
12196 11984 1
11979 11984 9
2693 11984 1
12142 11985 1
12026 11985 1
2680 11985 1
14207 11985 21
1152 11985 1
1159 11985 1
1749 11985 1
1246 11985 1
12042 11985 1
1457 11985 1
1125 11985 1
1385 11985 1
11979 11985 9
13959 11986 21
11985 11986 21
12331 11987 1
1197 11987 1
11977 11987 1
11980 11987 8
2693 11987 1
2662 11987 1
1584 11987 1
1722 11987 1
13970 11988 1
13972 11989 11
1731 11989 1
1158 11989 1
13971 11989 1
1631 11989 1
11988 11989 1
1602 11989 1
1458 11989 3
2704 11989 1
13962 11990 28
1413 11990 2
12019 11990 1
1744 11990 2
11989 11990 11
1648 11990 1
12261 11990 7
12157 11990 6
11992 11991 1
11991 11993 1
11994 11993 2
13972 11994 1
12158 11994 1
11992 11994 2
13970 11994 3
13970 11995 1
14130 11996 1
12156 11997 1
2658 11997 1
1272 11997 2
1158 11997 1
11996 11997 1
14299 11997 10
1401 11997 2
1048 11997 1
1775 11997 1
13970 11998 1
13967 11999 1
13978 12000 1
14130 12001 1
13970 12002 2
14248 12003 1
1573 12004 1
12003 12004 1
14250 12004 2
13970 12005 1
13978 12006 1
12008 12007 3
14202 12009 1
12063 12010 1
12132 12010 1
1097 12010 1
12139 12010 2
12009 12010 1
1437 12010 1
14204 12010 9
1336 12010 1
1103 12010 1
13967 12011 1
3823 12012 1
14043 12013 1
14202 12014 1
14130 12015 1
14130 12016 1
13978 12017 1
13978 12018 1
3740 12019 1
3844 12020 1
12020 12021 3
12021 12022 5
3740 12023 1
14002 12024 1
14264 12025 1
12024 12025 1
3770 12026 1
14280 12028 1
13970 12029 1
14032 12030 6
14202 12031 1
3740 12032 1
12032 12033 1
11892 12033 3
12268 12033 1
13967 12034 1
13970 12035 1
13978 12036 1
12038 12037 1
3757 12039 1
13994 12040 1
14248 12041 1
3770 12042 1
14224 12043 1
14224 12044 1
12043 12044 1
14202 12045 1
13994 12046 1
13970 12047 1
1360 12048 1
13959 12048 2
3742 12049 3
12048 12049 2
14130 12050 1
13978 12051 1
14130 12052 1
14367 12053 1
3740 12054 1
13967 12055 1
12008 12056 1
12057 12056 2
14130 12058 2
13994 12059 1
14130 12060 1
12062 12061 1
14202 12063 1
14280 12064 1
13982 12065 1
13978 12066 1
14130 12067 1
13978 12068 1
13970 12069 1
1791 12070 1
12265 12070 1
1041 12070 1
14259 12070 10
1687 12070 1
1317 12070 1
13967 12071 1
14224 12072 1
1517 12073 1
14224 12073 3
12072 12073 1
1202 12073 1
14256 12074 1
12076 12075 1
1221 12076 2
12076 12077 1
12075 12077 1
13970 12078 3
13978 12079 1
13970 12080 1
14043 12081 1
3740 12082 1
14049 12083 2
13978 12084 1
14049 12085 1
13970 12086 1
13994 12087 1
14230 12088 1
4886 12089 6
1280 12089 1
1370 12089 1
12267 12089 1
1089 12089 1
1267 12089 1
14043 12090 1
3788 12091 1
14293 12103 4
12091 12103 1
1290 12103 1
1153 12103 1
1073 12104 4
12104 12105 6
12105 12106 8
12106 12107 10
12106 12108 10
12108 12109 12
12109 12110 14
12110 12111 16
14130 12112 1
13978 12114 1
13970 12115 1
13994 12116 1
13994 12117 2
14167 12118 1
12118 12119 3
12119 12120 5
12120 12121 7
13978 12122 1
14130 12123 2
14043 12124 1
14049 12125 1
13978 12126 2
13994 12127 3
13994 12128 1
14130 12129 1
13970 12130 1
14043 12131 1
14202 12132 1
14043 12133 1
12134 12135 2
12137 12136 1
13978 12138 1
14202 12139 2
14043 12140 1
13994 12141 1
3770 12142 1
1116 12143 1
12142 12143 1
14207 12143 2
13994 12144 1
13970 12145 1
1737 12146 1
1235 12146 1
12145 12146 1
12220 12146 1
14049 12146 7
1231 12146 1
3740 12147 1
14049 12148 2
14126 12149 5
13994 12150 1
14043 12151 1
3763 12152 1
14049 12153 2
3744 12154 1
12154 12155 1
13959 12155 1
13970 12156 1
1158 12157 1
12158 12157 6
12156 12157 1
13971 12157 1
12307 12157 1
1775 12157 1
13972 12158 1
12308 12158 2
13970 12158 3
3740 12160 1
13978 12161 1
1008 12162 1
14008 12162 2
13978 12163 2
13967 12164 1
14248 12165 1
1174 12166 1
14250 12166 2
12165 12166 1
13978 12167 1
14130 12168 1
3740 12169 1
13978 12170 2
14256 12171 1
13994 12172 1
13978 12173 1
13978 12174 1
3740 12175 1
13978 12176 1
14256 12177 1
3740 12178 1
14367 12179 1
14115 12180 2
12179 12180 1
1008 12181 1
14008 12181 4
1445 12181 1
1785 12181 1
13970 12182 1
3740 12183 1
3740 12184 1
13970 12185 1
3779 12186 1
1228 12188 1
4883 12188 2
3740 12189 1
14202 12190 1
14204 12191 3
1496 12191 1
1345 12191 1
12190 12191 1
13970 12192 1
1731 12193 1
12192 12193 1
11994 12193 7
1637 12193 1
1745 12193 1
1648 12193 1
13971 12193 1
13978 12194 1
1659 12195 1
14214 12195 1
14049 12195 5
14363 12195 1
12197 12196 1
14138 12197 3
13978 12198 1
13970 12199 1
3740 12200 1
13978 12201 1
13970 12202 3
13994 12203 1
13970 12204 1
14135 12205 1
14106 12206 1
1347 12207 1
13959 12207 8
12206 12207 1
1426 12207 1
1374 12207 1
1479 12207 1
12325 12207 1
1259 12207 1
12206 12208 1
1374 12208 1
12325 12208 1
1347 12208 1
13959 12208 6
1479 12208 1
13994 12209 1
11992 12210 1
14043 12212 1
3744 12213 2
13988 12213 1
12213 12214 2
13959 12214 2
14043 12215 1
13967 12216 1
13978 12217 1
13978 12218 1
3740 12219 1
13970 12220 1
13967 12221 1
14130 12222 1
14130 12223 1
11892 12224 1
12224 12225 1
11892 12225 1
14130 12226 1
14293 12227 3
1538 12227 1
1214 12227 1
13982 12228 1
1033 12229 1
1568 12229 1
1224 12229 1
13996 12229 6
1710 12229 1
1551 12229 1
12228 12229 1
3740 12230 1
3779 12231 1
14043 12232 1
13959 12233 2
12232 12233 1
13978 12234 1
13970 12235 1
11948 12236 1
3740 12237 1
14230 12238 1
14043 12239 1
12239 12240 1
1727 12240 1
13996 12240 2
14367 12241 1
3834 12242 1
1772 12243 1
12242 12243 1
1468 12243 1
3834 12243 3
13994 12244 1
14135 12245 1
13994 12246 1
14130 12247 1
3740 12248 1
13978 12249 1
14043 12250 1
12252 12251 1
1093 12252 3
12251 12253 1
1507 12253 2
1615 12253 1
1741 12253 1
1600 12253 1
12252 12253 6
12253 12254 6
12252 12254 6
13970 12255 1
14022 12256 7
13970 12257 3
13994 12258 1
14130 12260 1
1787 12261 1
1133 12261 1
1431 12261 1
13962 12261 7
1706 12261 1
13971 12261 1
12260 12261 1
13978 12262 1
3740 12263 1
13978 12264 1
14256 12265 1
11919 12267 1
1536 12268 1
4886 12268 6
1267 12268 1
1089 12268 1
1370 12268 1
12267 12268 1
1370 12269 1
4886 12269 3
12267 12269 1
1267 12269 1
12267 12270 1
13959 12270 3
1370 12270 1
1267 12270 1
13970 12271 1
3740 12272 1
14230 12273 1
13967 12274 1
12276 12275 1
13970 12277 1
3740 12278 1
3740 12279 1
3740 12280 1
3740 12281 1
13970 12282 1
12284 12283 3
14210 12285 1
12285 12286 1
14210 12286 4
1468 12286 1
1772 12286 1
1520 12286 1
1205 12287 2
12288 12287 2
11922 12287 1
11922 12288 3
13970 12289 1
14135 12290 1
13982 12291 1
13978 12292 1
14043 12293 1
14049 12294 2
3740 12295 1
13970 12297 1
14043 12298 1
14002 12299 1
13970 12300 1
14224 12301 1
1308 12302 1
12301 12302 1
14224 12302 2
3740 12303 1
13994 12304 1
3740 12305 1
14248 12306 1
12308 12307 1
3740 12309 1
13970 12310 1
13970 12311 1
1244 12312 1
1371 12312 1
12311 12312 1
13959 12312 14
1041 12312 1
1661 12312 1
1289 12312 1
1434 12312 1
1450 12312 1
1211 12312 1
1113 12312 1
1220 12312 1
1039 12312 1
1774 12312 1
3740 12313 1
14106 12314 1
1557 12315 1
1087 12315 1
12314 12315 1
14108 12315 3
14130 12316 2
13994 12317 1
14135 12318 1
3740 12319 1
13994 12320 1
14106 12321 1
3740 12323 1
3788 12324 1
14106 12325 1
13959 12326 2
12325 12326 1
14250 12327 5
1139 12327 1
12326 12327 2
1599 12327 1
1049 12327 1
3740 12328 1
3740 12329 1
14130 12330 2
11978 12331 1
2662 12332 1
1722 12332 1
2693 12332 1
11980 12332 4
12331 12332 1
3740 12333 1
14010 12334 1
13970 12335 1
3740 12336 1
13970 12337 1
1482 12338 1
14049 12338 4
2712 12338 1
13970 12339 1
4863 12340 1
3770 12341 1
12342 12343 1
1146 13958 1
1735 13958 1
1692 13958 1
1743 13958 1
1598 13958 1
1686 13958 1
13983 13958 56
1259 13958 1
1022 13958 1
4877 13958 1
12124 13958 1
1460 13958 1
4874 13958 1
1054 13958 1
2680 13958 1
1580 13958 1
4840 13958 1
1118 13958 1
1565 13958 1
1537 13958 1
2721 13958 1
1266 13958 1
14042 13958 1
3745 13958 809
13959 13958 865
12298 13958 1
3744 13959 831
3770 13959 4
12197 13959 1
11948 13959 7
14049 13959 3
14367 13959 13
14202 13959 8
14108 13959 17
12062 13959 3
13982 13959 3
11919 13959 4
13972 13959 1
11992 13959 2
14106 13959 15
12038 13959 12
14314 13959 2
12276 13959 3
14204 13959 22
3788 13959 4
14135 13959 7
4886 13959 7
14207 13959 24
14230 13959 24
14248 13959 13
13978 13959 7
14256 13959 12
11978 13959 7
14140 13959 3
11980 13959 10
4863 13959 3
13967 13959 8
14115 13959 22
12308 13959 2
13962 13959 3
14043 13959 33
14299 13959 1
14130 13959 42
3740 13959 12
13970 13959 38
13994 13959 27
14002 13959 21
3779 13959 5
14267 13959 25
3742 13959 33
4859 13960 10
11981 13960 14
14283 13960 33
3774 13960 1
14039 13960 1
13988 13960 1
1455 13960 1
14160 13960 3
12154 13960 1
3745 13960 809
12233 13960 2
11985 13960 21
4861 13960 2
3771 13960 3
11968 13960 4
13959 13960 855
14359 13960 32
13962 13961 145
12018 13961 1
12050 13961 1
1321 13961 1
1287 13961 1
12156 13961 1
13971 13961 3
1604 13961 1
1396 13961 1
1478 13961 1
12316 13961 2
1158 13961 1
12246 13961 1
1588 13961 1
12217 13961 1
1236 13961 1
12262 13961 1
1606 13961 1
14268 13961 1
12051 13961 1
11926 13961 1
12292 13961 1
1298 13961 2
12015 13961 1
1789 13961 1
1203 13961 2
2677 13961 1
1740 13961 1
1744 13961 1
12138 13961 1
1775 13961 1
1777 13961 1
1324 13961 1
12261 13961 7
1771 13961 1
1069 13961 3
1608 13961 2
1706 13961 1
1752 13961 1
14192 13961 3
14329 13961 3
12330 13961 2
1082 13961 1
1201 13961 3
12222 13961 1
1639 13961 1
1509 13961 2
12168 13961 1
1052 13961 1
12052 13961 1
1525 13961 1
14362 13961 1
1154 13961 1
1334 13961 1
1331 13961 1
1436 13961 1
1277 13961 2
2682 13961 1
12122 13961 1
1787 13961 1
1543 13961 1
12088 13961 1
12129 13961 1
1129 13961 1
14214 13961 2
11915 13961 2
12016 13961 1
1486 13961 1
1339 13961 1
14296 13961 1
14307 13961 1
2717 13961 1
14298 13961 48
1227 13961 1
14124 13961 1
1388 13961 1
1655 13961 1
13967 13962 37
13972 13962 33
14130 13962 78
3740 13962 3
12276 13962 1
14259 13962 10
13959 13962 1
3742 13962 9
13970 13962 46
4863 13962 1
12158 13962 7
14026 13962 7
14115 13962 38
14022 13962 8
14043 13962 6
4886 13962 4
14230 13962 8
13978 13962 185
13994 13962 24
14004 13962 45
14108 13962 1
14293 13962 4
14008 13962 39
14299 13962 48
3747 13963 13
14239 13963 21
12261 13963 7
14041 13963 24
3752 13963 27
14033 13963 33
14006 13963 88
14014 13963 53
14116 13963 56
4859 13963 10
14122 13963 41
13965 13963 191
3750 13963 25
13968 13963 208
14023 13963 42
14359 13963 32
13998 13963 36
14121 13963 40
3741 13963 1
4861 13963 2
13979 13963 12
14120 13963 38
3774 13963 1
14132 13963 30
3744 13963 652
14237 13963 47
14123 13963 35
14283 13963 33
13961 13963 145
14030 13963 46
14200 13963 78
4887 13963 7
1455 13963 1
3765 13963 3
14119 13963 44
12048 13963 2
1360 13964 1
13963 13964 652
3744 13964 652
13962 13965 191
1705 13965 1
1787 13965 1
14122 13965 41
1433 13965 2
14121 13965 40
1636 13965 1
12151 13965 1
1561 13965 1
1495 13965 1
1509 13965 1
14315 13965 3
1500 13965 2
1706 13965 1
2707 13965 1
3753 13965 1
14131 13965 2
1361 13965 2
1782 13965 1
12202 13965 3
1253 13965 3
3827 13965 1
2712 13965 1
1258 13965 1
12002 13965 2
1075 13965 3
12261 13965 7
14350 13965 1
12257 13965 3
13971 13965 1
1501 13965 1
12304 13965 1
1711 13965 1
11974 13965 1
12078 13965 3
12218 13965 1
4857 13965 1
14308 13965 3
1100 13965 2
13997 13965 1
1355 13965 1
1238 13965 1
11932 13965 1
12013 13965 1
1639 13965 1
1140 13965 1
1182 13965 1
1526 13965 1
1314 13965 2
1088 13965 1
1675 13965 1
12071 13965 1
12047 13965 1
11905 13965 2
14123 13965 35
1619 13965 1
1263 13965 1
2683 13965 1
12050 13965 1
1185 13965 1
14119 13965 44
12068 13965 1
1082 13965 1
12250 13965 1
1563 13965 2
1747 13965 1
12058 13965 2
14120 13965 38
14297 13965 2
14349 13965 3
1443 13965 1
1233 13965 1
13961 13965 1
1476 13965 1
1482 13965 1
14118 13965 20
11915 13965 2
12330 13965 2
12226 13965 1
14229 13965 1
14327 13965 1
1306 13965 1
13967 13966 1
13962 13968 208
2696 13968 1
1459 13968 1
1173 13968 1
1176 13968 2
1651 13968 1
1495 13968 1
1609 13968 1
12298 13968 1
1140 13968 1
1706 13968 1
12162 13968 2
1225 13968 1
1736 13968 1
14235 13968 1
1597 13968 1
1142 13968 1
14292 13968 4
2687 13968 1
14355 13968 1
14007 13968 21
14318 13968 1
1506 13968 1
12173 13968 1
14278 13968 1
1321 13968 1
1449 13968 1
1171 13968 1
11924 13968 2
1284 13968 2
3803 13968 1
1177 13968 1
3789 13968 9
1056 13968 1
13966 13968 1
14233 13968 1
12274 13968 1
11904 13968 1
13971 13968 1
1151 13968 1
12234 13968 1
1395 13968 1
12034 13968 1
12216 13968 1
1256 13968 1
1275 13968 1
1342 13968 1
1556 13968 1
1315 13968 3
14114 13968 3
1649 13968 1
14368 13968 27
1143 13968 1
1423 13968 1
1709 13968 1
12340 13968 1
1399 13968 1
14268 13968 1
1717 13968 1
2660 13968 1
1790 13968 1
12001 13968 1
1636 13968 1
1110 13968 1
1767 13968 1
12261 13968 7
3748 13968 1
11911 13968 4
1104 13968 1
12117 13968 2
1508 13968 1
2701 13968 1
1688 13968 1
1777 13968 1
1646 13968 1
12122 13968 1
1611 13968 1
12070 13968 10
12114 13968 1
1490 13968 1
1543 13968 1
1306 13968 1
14145 13968 1
12128 13968 1
1101 13968 1
12000 13968 1
1702 13968 1
1766 13968 1
12055 13968 1
1304 13968 1
1525 13968 1
1222 13968 1
12046 13968 1
14021 13968 6
1130 13968 1
1793 13968 1
1583 13968 1
1559 13968 1
11909 13968 1
11894 13968 3
14306 13968 2
1463 13968 1
1274 13968 1
1726 13968 1
1442 13968 1
1640 13968 1
3812 13968 1
1515 13968 1
4849 13968 1
14372 13968 1
1023 13968 1
1416 13968 1
14131 13968 2
14003 13968 41
14257 13968 12
4885 13968 3
1486 13968 1
11930 13968 1
1055 13968 1
12068 13968 1
1501 13968 1
13970 13969 1
13972 13971 93
12005 13971 1
1195 13971 1
14215 13971 1
12235 13971 1
1193 13971 1
3814 13971 1
1069 13971 3
1271 13971 1
1463 13971 1
1088 13971 1
1071 13971 1
1283 13971 1
11995 13971 1
12335 13971 1
12204 13971 1
12246 13971 1
12047 13971 1
3821 13971 1
14297 13971 2
1621 13971 1
11971 13971 1
1759 13971 1
1314 13971 2
1390 13971 1
1277 13971 2
1376 13971 1
12220 13971 1
12202 13971 3
1237 13971 1
14113 13971 1
1532 13971 1
1421 13971 1
1483 13971 1
12257 13971 3
13992 13971 1
1711 13971 1
11898 13971 1
14308 13971 3
1123 13971 1
12199 13971 1
14315 13971 3
1260 13971 1
1057 13971 1
1034 13971 1
1326 13971 1
13969 13971 1
14245 13971 1
1550 13971 1
12086 13971 1
1555 13971 1
1737 13971 1
1201 13971 3
3827 13971 1
13980 13971 1
1719 13971 1
1162 13971 1
12080 13971 1
1026 13971 1
2720 13971 1
1253 13971 3
12002 13971 2
12078 13971 3
12185 13971 1
1443 13971 1
1602 13971 1
12145 13971 1
1691 13971 1
1359 13971 1
4863 13972 1
13970 13972 166
14140 13972 3
13994 13972 9
13970 13973 1
11998 13974 1
13971 13974 1
3819 13974 1
13972 13974 13
1637 13974 1
1707 13974 1
1592 13974 1
12300 13974 1
12289 13974 1
11958 13974 1
13973 13974 1
12130 13974 1
1781 13974 1
1775 13974 1
3740 13975 1
1435 13976 1
3747 13976 13
13975 13976 1
3742 13976 23
2703 13976 1
1484 13976 1
1571 13976 1
12054 13976 1
14291 13976 1
1622 13976 1
11917 13976 1
13978 13977 1
12249 13979 1
13977 13979 1
1798 13979 1
13962 13979 12
12261 13979 7
12016 13979 1
13970 13980 1
13982 13981 1
2700 13983 1
12325 13983 1
1749 13983 1
2680 13983 1
12194 13983 1
1374 13983 1
13959 13983 56
1347 13983 1
1479 13983 1
1452 13983 1
1115 13983 1
1099 13983 1
12231 13983 1
1658 13983 1
14242 13983 1
1426 13983 1
2690 13983 1
12061 13983 1
1505 13983 1
12140 13983 1
1192 13983 1
2679 13983 1
1650 13983 1
1640 13983 1
4872 13983 1
1427 13983 1
14357 13983 1
13981 13983 1
11904 13983 1
1700 13983 1
12210 13983 1
1439 13983 1
12196 13983 1
12282 13983 1
12089 13983 6
1138 13983 1
11987 13983 8
1300 13983 1
1685 13983 1
14213 13983 1
1457 13983 1
12206 13983 1
1337 13983 1
12067 13983 1
1505 13984 1
1115 13984 1
12067 13984 1
1700 13984 1
1439 13984 1
13959 13984 25
12282 13984 1
12231 13984 1
1427 13984 1
1452 13984 1
1138 13984 1
12210 13984 1
14213 13984 1
1650 13984 1
2679 13984 1
13981 13984 1
12194 13984 1
2700 13984 1
12061 13984 1
2690 13984 1
1099 13984 1
1251 13984 1
1658 13984 1
4872 13984 1
1353 13984 1
1337 13984 1
3740 13985 1
13970 13986 1
1239 13987 1
1384 13987 1
1712 13987 1
4885 13987 3
2688 13987 1
13986 13987 1
3742 13987 44
1492 13987 1
2659 13987 1
12169 13987 1
3747 13987 13
1126 13987 1
14320 13987 1
1709 13987 1
1292 13987 1
1761 13987 1
1085 13987 1
1078 13987 1
1484 13987 1
1447 13987 1
2685 13987 1
1174 13987 1
1383 13987 2
1049 13987 1
1139 13987 1
14351 13987 1
1766 13987 1
1599 13987 1
1762 13987 1
3742 13988 78
12049 13988 3
14027 13988 32
13987 13988 44
13986 13989 1
11941 13989 11
1408 13990 1
11941 13990 11
1592 13990 1
2696 13990 1
1365 13990 1
11899 13990 1
13986 13990 1
13986 13991 1
11941 13991 11
13970 13992 1
13994 13993 1
1467 13995 1
13996 13995 8
12087 13995 1
13993 13995 1
1061 13995 1
1662 13995 1
1262 13995 1
1768 13995 1
11970 13995 1
3767 13996 8
14135 13996 12
13994 13996 7
14043 13996 3
13982 13996 13
13978 13997 1
1647 13998 1
1238 13998 1
1269 13998 1
12068 13998 1
1233 13998 1
1743 13998 1
2660 13998 1
3753 13998 1
14374 13998 1
13997 13998 1
12000 13998 1
13962 13998 36
14327 13998 1
12151 13998 1
12058 13998 1
1098 13998 1
1786 13998 1
1709 13998 1
1706 13998 1
11932 13998 1
1082 13998 1
1766 13998 1
1612 13998 1
12258 13998 1
4871 13998 1
1476 13998 1
12261 13998 7
1053 13998 1
14316 13998 1
12218 13998 1
1348 13998 1
12322 13999 1
14000 13999 2
14002 14001 1
1008 14003 1
12037 14003 1
12024 14003 1
12171 14003 1
14289 14003 1
1791 14003 1
1027 14003 1
1627 14003 1
1226 14003 1
1328 14003 1
1654 14003 1
1667 14003 1
1041 14003 1
1720 14003 1
1671 14003 1
1329 14003 1
1036 14003 1
14255 14003 1
1317 14003 1
12299 14003 1
14375 14003 1
1544 14003 1
1096 14003 1
1687 14003 1
1753 14003 1
12177 14003 1
14001 14003 1
1288 14003 1
14380 14003 1
1379 14003 1
1323 14003 1
12265 14003 1
1539 14003 1
1473 14003 1
1785 14003 1
1664 14003 1
1393 14003 1
14364 14003 1
1294 14003 1
14004 14003 41
1445 14003 1
12038 14004 10
14127 14004 4
11948 14004 5
14002 14004 19
14256 14004 10
12070 14005 10
14007 14005 21
12162 14005 2
12261 14005 7
3747 14005 13
14021 14005 6
14003 14005 41
3744 14005 86
14131 14005 2
11911 14005 4
14306 14005 2
1176 14005 2
1458 14005 3
14257 14005 12
14292 14005 4
12233 14005 2
14003 14006 41
1022 14006 1
14353 14006 4
3742 14006 88
1576 14006 1
3747 14006 13
12244 14006 1
1441 14006 2
14007 14006 21
1613 14006 1
4885 14006 3
1440 14006 1
12317 14006 1
12162 14006 2
12261 14006 7
14352 14006 2
3789 14006 9
1709 14006 1
14257 14006 12
14261 14006 1
14364 14007 1
1288 14007 1
1323 14007 1
1473 14007 1
1753 14007 1
14008 14007 21
1036 14007 1
1627 14007 1
1027 14007 1
1096 14007 1
1328 14007 1
1544 14007 1
12299 14007 1
1379 14007 1
14380 14007 1
14375 14007 1
14289 14007 1
1329 14007 1
12024 14007 1
1667 14007 1
14001 14007 1
14010 14008 5
14256 14008 10
14002 14008 19
12038 14008 10
14007 14009 21
14010 14009 24
12162 14009 2
14029 14010 1
14008 14010 23
3742 14010 13
11948 14010 1
14259 14010 2
14127 14010 28
14256 14010 10
14002 14010 19
12038 14010 10
1441 14011 2
14010 14011 25
1576 14011 1
14007 14011 21
14009 14012 1
1473 14012 1
14011 14012 25
14010 14012 26
14011 14013 25
1379 14013 1
14010 14013 27
14009 14013 1
1389 14014 1
3747 14014 13
12261 14014 7
1709 14014 1
14013 14014 27
1425 14014 1
14009 14014 1
12264 14014 1
3820 14014 1
3742 14014 53
14011 14015 25
14289 14015 1
14009 14015 1
14010 14015 26
1328 14016 1
14011 14016 25
14010 14016 26
14009 14016 1
14011 14017 25
1328 14017 1
14010 14017 26
1753 14017 1
14009 14017 1
14380 14018 1
14009 14018 1
14010 14018 26
14011 14018 25
14011 14019 25
14010 14019 26
1096 14019 1
14009 14019 1
14011 14020 25
1288 14020 1
14009 14020 1
14010 14020 26
1627 14021 1
14022 14021 6
12299 14021 1
1667 14021 1
14001 14021 1
12024 14021 1
14032 14022 10
14002 14022 5
14256 14022 1
12340 14023 1
1563 14023 2
2721 14023 1
1100 14023 2
12261 14023 7
3747 14023 13
4855 14023 1
3742 14023 42
1782 14023 1
1458 14023 3
14131 14023 2
12279 14023 1
1355 14023 1
14021 14023 6
1709 14024 1
11993 14024 2
2715 14024 1
1387 14024 1
1437 14024 1
11987 14024 8
1051 14024 2
1150 14024 2
12261 14024 7
12233 14024 2
12140 14024 1
3747 14024 13
14038 14024 7
1333 14024 1
13958 14024 1
1766 14024 1
11985 14024 21
1137 14024 2
12089 14024 6
14037 14024 42
14021 14024 6
4850 14024 1
3744 14024 121
3792 14024 10
14001 14025 1
12024 14025 1
1627 14025 1
1667 14025 1
12299 14025 1
14026 14025 6
14002 14026 5
14127 14026 4
13962 14027 32
1082 14027 1
1171 14027 1
1639 14027 1
1268 14027 1
1465 14027 1
1677 14027 1
1766 14027 1
1506 14027 1
1512 14027 1
11930 14027 1
1400 14027 1
1365 14027 1
12261 14027 7
1309 14027 1
2698 14027 1
14025 14027 6
1709 14027 1
11988 14027 1
1100 14027 2
1667 14028 1
14001 14028 1
14029 14028 5
12299 14028 1
12024 14028 1
14010 14029 5
14002 14029 5
3742 14030 46
12079 14030 1
14263 14030 2
12230 14030 1
1709 14030 1
1440 14030 1
1669 14030 2
3795 14030 1
12261 14030 7
14036 14030 3
1446 14030 1
14028 14030 5
1176 14030 2
12103 14030 4
1375 14030 1
1547 14030 1
3747 14030 13
14306 14030 2
1652 14030 1
14001 14031 1
1288 14031 1
1008 14031 1
1096 14031 1
14032 14031 11
12024 14031 1
14375 14031 1
1667 14031 1
12299 14031 1
1544 14031 1
14380 14031 1
12038 14032 2
14002 14032 13
14010 14032 21
14031 14033 11
1766 14033 1
3747 14033 13
1709 14033 1
3742 14033 33
2716 14033 1
3748 14033 17
12304 14033 1
12299 14034 1
14001 14034 1
14035 14034 2
14002 14035 2
14032 14035 6
14001 14036 1
14035 14036 3
12299 14036 1
1027 14037 1
12171 14037 1
14375 14037 1
1294 14037 1
1539 14037 1
12265 14037 1
1720 14037 1
14255 14037 1
1664 14037 1
1791 14037 1
12037 14037 1
14364 14037 1
1226 14037 1
1008 14037 1
1328 14037 1
14289 14037 1
14001 14037 1
1096 14037 1
12177 14037 1
1627 14037 1
1687 14037 1
1654 14037 1
1393 14037 1
14380 14037 1
12299 14037 1
1036 14037 1
1785 14037 1
1445 14037 1
1041 14037 1
1329 14037 1
1544 14037 1
14010 14037 42
1671 14037 1
1323 14037 1
1288 14037 1
1667 14037 1
12024 14037 1
1317 14037 1
1753 14037 1
3838 14037 1
1379 14037 1
1473 14037 1
14001 14038 1
1627 14038 1
14026 14038 7
1673 14038 1
12299 14038 1
12024 14038 1
1667 14038 1
13959 14039 136
1524 14039 1
1226 14039 1
1048 14039 1
1287 14039 1
1544 14039 1
1328 14039 1
14327 14039 1
1473 14039 1
1743 14039 1
1626 14039 1
12031 14039 1
12298 14039 1
1349 14039 1
1233 14039 1
12177 14039 1
12241 14039 1
12236 14039 1
1184 14039 1
1795 14039 1
2721 14039 1
4874 14039 1
11947 14039 1
1460 14039 1
14229 14039 1
2712 14039 1
1537 14039 1
12037 14039 1
1217 14039 1
1248 14039 1
4840 14039 1
1288 14039 1
2658 14039 1
12330 14039 2
1445 14039 1
1664 14039 1
12222 14039 1
14339 14039 2
1263 14039 1
1529 14039 1
12168 14039 1
14289 14039 1
1642 14039 1
1797 14039 1
1264 14039 2
1231 14039 3
14364 14039 1
1294 14039 1
12123 14039 2
2689 14039 1
1791 14039 1
2707 14039 1
12050 14039 1
1334 14039 1
14316 14039 1
12024 14039 1
14366 14039 1
11923 14039 1
12045 14039 1
1388 14039 1
14255 14039 1
1565 14039 1
1036 14039 1
2705 14039 1
1022 14039 1
1317 14039 1
12226 14039 1
11915 14039 2
14042 14039 1
4881 14039 1
1785 14039 1
1627 14039 1
3802 14039 1
1329 14039 1
1667 14039 1
1716 14039 1
12139 14039 1
12186 14039 1
1786 14039 1
1310 14039 1
1096 14039 1
1722 14039 1
12016 14039 1
12171 14039 1
1753 14039 1
14232 14039 3
14001 14039 1
1049 14039 1
1674 14039 1
1197 14039 1
12015 14039 1
2662 14039 1
1692 14039 1
1118 14039 1
14380 14039 1
1323 14039 1
1008 14039 1
12299 14039 1
1588 14039 1
1027 14039 1
1379 14039 1
1402 14039 1
14296 14039 1
12060 14039 1
1640 14039 1
14197 14039 1
4877 14039 1
1623 14039 1
3753 14039 1
12312 14039 1
1509 14039 2
1393 14039 1
12324 14039 1
1654 14039 1
12088 14039 1
1720 14039 1
1482 14039 1
1539 14039 1
3755 14039 3
1659 14039 1
12053 14039 1
1515 14039 1
1687 14039 1
1671 14039 1
13978 14040 1
1699 14041 1
1666 14041 1
1107 14041 1
12261 14041 7
2712 14041 1
1472 14041 1
12123 14041 2
2707 14041 1
1082 14041 1
1495 14041 1
14040 14041 1
1482 14041 1
1464 14041 1
12000 14041 1
1368 14041 1
13962 14041 24
1238 14041 1
14043 14042 1
13959 14044 73
11910 14044 1
1426 14044 1
1022 14044 1
2675 14044 1
1215 14044 1
4877 14044 1
1054 14044 1
1347 14044 1
1616 14044 1
1516 14044 1
1565 14044 1
12319 14044 1
1095 14044 1
1598 14044 1
12325 14044 1
14313 14044 1
14357 14044 1
12074 14044 1
12205 14044 1
2661 14044 1
1318 14044 1
12196 14044 1
12184 14044 1
1735 14044 1
3778 14044 1
4840 14044 1
1743 14044 1
1692 14044 1
12124 14044 1
14219 14044 1
1460 14044 1
1063 14044 1
11904 14044 1
1146 14044 1
1640 14044 1
1457 14044 1
12320 14044 1
1293 14044 1
1301 14044 1
1749 14044 1
1192 14044 1
1728 14044 1
1398 14044 1
1266 14044 1
1479 14044 1
2706 14044 1
1537 14044 1
1374 14044 1
12298 14044 1
4880 14044 1
1369 14044 1
1246 14044 1
1118 14044 1
1590 14044 1
2721 14044 1
12140 14044 1
2680 14044 1
12011 14044 1
1685 14044 1
1695 14044 1
1259 14044 1
12206 14044 1
12268 14044 1
14242 14044 1
1358 14044 1
14042 14044 1
1580 14044 1
1714 14044 1
1686 14044 1
1407 14044 1
4874 14044 1
4877 14045 1
1022 14045 1
1537 14045 1
1692 14045 1
4874 14045 1
1795 14045 1
14042 14045 1
1460 14045 1
12298 14045 1
1565 14045 1
2705 14045 1
2721 14045 1
13959 14045 15
4840 14045 1
1743 14045 1
1118 14045 1
13959 14046 1
14042 14046 1
3740 14047 1
1591 14048 1
12193 14048 7
12336 14048 1
14047 14048 1
14049 14048 11
13972 14049 1
13970 14049 6
3740 14049 2
13994 14049 2
11994 14049 8
1477 14049 1
3744 14049 5
14130 14049 24
14230 14049 15
14063 14050 21
14050 14051 21
14063 14051 21
14050 14052 21
14056 14053 21
14052 14053 21
14052 14054 21
14057 14055 21
14054 14055 21
14054 14056 21
14056 14057 21
14057 14058 21
14064 14059 21
14058 14059 21
14059 14060 21
14060 14061 21
14062 14061 21
14060 14062 21
14062 14063 21
14058 14064 21
14064 14065 21
14065 14066 23
14066 14067 25
14067 14068 27
14068 14069 29
12119 14070 5
14180 14070 31
3846 14070 13
11941 14070 11
11939 14070 12
14069 14070 31
12118 14070 3
14070 14071 88
11941 14071 11
14070 14072 88
14069 14073 31
14081 14074 45
14078 14074 41
14077 14074 39
3843 14074 15
14073 14074 33
14076 14074 37
14168 14074 31
14079 14074 43
14075 14074 35
14073 14075 33
14075 14076 35
14076 14077 37
14077 14078 39
14078 14079 41
14177 14080 25
12106 14080 10
14103 14080 58
14079 14080 43
11941 14080 11
14181 14080 42
3841 14080 14
3842 14080 15
11938 14080 11
14167 14080 1
11939 14080 12
14079 14081 43
1074 14082 1
14083 14082 2
14332 14083 2
3757 14083 7
12137 14083 2
3756 14084 2
1356 14084 1
14335 14084 3
14334 14084 3
1009 14084 1
14082 14084 2
14333 14084 3
14085 14084 16
2718 14084 1
14336 14084 4
1102 14084 1
1569 14084 1
14331 14084 2
14332 14085 2
14083 14085 10
3757 14085 6
14214 14086 1
14049 14086 5
1248 14086 1
14363 14086 1
12111 14087 18
14087 14088 20
14088 14089 22
14089 14090 24
14093 14091 32
14092 14091 38
14090 14091 26
14091 14092 34
14092 14092 36
14092 14093 30
14091 14094 40
14094 14094 42
14094 14095 44
14095 14096 46
14096 14097 48
14097 14098 50
14098 14099 52
14101 14099 54
11941 14099 11
11940 14099 13
14102 14099 56
11939 14099 12
14099 14100 70
14098 14101 52
14101 14102 54
14102 14103 56
14103 14104 58
14106 14105 1
14142 14107 1
1533 14107 1
4853 14107 1
12321 14107 1
14108 14107 16
3828 14107 1
1241 14107 1
1044 14107 1
14321 14107 1
1021 14107 1
14220 14107 1
1354 14107 1
12314 14107 1
14105 14107 1
1087 14107 1
1488 14107 1
14106 14108 22
14138 14108 3
1426 14109 1
1374 14109 1
13959 14109 23
1479 14109 1
1259 14109 1
14107 14109 16
1347 14109 1
12206 14109 1
12325 14109 1
1557 14110 1
12314 14110 1
1535 14110 1
14105 14110 1
14300 14110 1
14108 14110 7
1332 14110 1
3828 14110 1
13970 14111 1
14375 14112 1
13959 14112 15
1564 14112 1
14111 14112 1
1724 14112 1
1344 14112 1
12277 14112 1
2664 14112 1
12265 14112 1
1732 14112 1
1742 14112 1
12150 14112 1
1086 14112 1
1083 14112 1
11977 14112 1
13970 14113 1
1674 14114 1
1538 14114 1
14115 14114 3
14256 14115 2
14367 14115 17
3779 14115 3
12038 14115 2
3788 14115 7
14127 14115 4
14002 14115 2
11948 14115 2
2694 14116 1
12070 14116 10
14292 14116 4
1630 14116 1
2696 14116 1
3742 14116 56
1519 14116 1
14370 14116 2
14236 14116 1
1284 14116 2
14114 14116 3
12261 14116 7
3747 14116 13
11894 14116 3
12144 14116 1
11924 14116 2
11911 14116 4
13970 14117 1
1750 14118 1
1406 14118 1
1141 14118 1
1713 14118 1
1366 14118 1
2699 14118 1
12310 14118 1
1574 14118 1
12339 14118 1
12297 14118 1
1066 14118 1
1510 14118 1
1394 14118 1
4839 14118 1
1219 14118 1
14117 14118 1
1497 14118 1
13972 14118 20
12337 14118 1
12226 14119 1
12261 14119 7
14141 14119 1
1428 14119 1
12163 14119 2
11916 14119 1
11902 14119 1
14118 14119 20
1586 14119 1
1480 14119 1
1414 14119 1
1335 14119 1
1466 14119 1
1128 14119 1
1010 14119 1
13962 14119 44
1179 14119 1
1161 14120 1
1773 14120 1
14137 14120 2
14118 14120 20
1364 14120 1
12261 14120 7
1040 14120 1
13962 14120 38
1554 14120 1
1725 14120 1
1077 14120 1
2719 14121 1
14118 14121 20
1794 14121 1
2665 14121 1
11961 14121 1
1167 14121 1
11897 14121 1
14378 14121 1
1282 14121 1
1404 14121 1
13962 14121 40
12261 14121 7
14260 14121 2
1058 14122 1
4854 14122 1
1514 14122 1
1471 14122 1
2672 14122 1
11896 14122 1
14118 14122 20
12066 14122 1
13962 14122 41
12261 14122 7
2722 14122 1
12174 14122 1
12201 14122 1
12170 14122 2
12126 14123 2
13962 14123 35
14118 14123 19
2670 14123 1
12261 14123 7
1303 14123 1
1657 14123 1
12006 14123 1
1132 14123 1
13978 14124 1
14126 14125 5
3742 14126 4
14127 14126 10
14128 14127 62
4886 14127 3
14130 14129 1
14022 14131 2
1671 14131 1
13962 14132 30
1636 14132 1
1238 14132 1
1501 14132 1
1751 14132 1
12017 14132 1
1355 14132 1
1341 14132 1
12084 14132 1
1454 14132 1
12261 14132 7
2660 14132 1
1723 14132 1
11932 14132 1
14131 14132 2
1782 14132 1
1082 14132 1
3803 14132 1
1084 14132 1
1706 14132 1
1572 14132 1
1191 14132 1
1625 14132 1
12000 14132 1
14049 14133 1
14135 14134 1
14343 14136 1
1698 14136 1
14134 14136 1
12245 14136 1
13996 14136 5
1474 14136 1
13978 14137 2
14139 14140 4
4863 14140 2
1718 14140 1
13978 14141 1
14106 14142 1
1354 14143 1
14142 14143 1
14108 14143 3
4853 14143 1
14130 14144 2
14130 14145 1
14043 14146 1
13972 14147 1
14147 14148 4
14147 14149 1
13978 14150 1
1084 14151 1
1023 14151 1
1285 14151 1
14150 14151 1
13962 14151 19
1185 14151 1
1082 14151 1
1701 14151 1
12261 14151 7
12013 14151 1
1526 14151 1
1476 14151 1
1386 14151 1
1521 14152 1
14151 14152 19
13962 14152 20
1766 14153 1
1360 14153 1
1405 14153 1
1709 14153 1
1512 14153 1
3747 14153 13
14283 14153 33
1553 14153 1
11972 14153 1
1094 14153 1
3744 14153 54
11959 14153 1
12233 14153 2
3774 14153 1
2695 14153 1
14150 14153 1
12293 14153 1
12215 14153 1
11968 14153 4
12261 14153 7
1780 14153 1
14155 14154 1
11922 14155 3
14155 14156 3
1475 14156 1
14154 14156 1
1106 14157 5
1234 14157 1
1145 14157 3
1156 14157 1
3826 14157 7
1475 14157 1
3822 14157 1
3764 14157 11
3824 14157 9
3762 14157 1
1299 14157 1
14156 14157 3
14158 14157 18
3825 14158 9
12287 14158 5
14155 14158 3
3763 14158 11
12288 14158 3
3823 14158 7
14049 14159 1
14159 14160 1
14049 14160 3
14160 14161 3
14049 14161 4
14161 14162 4
14160 14162 2
14049 14162 6
4881 14162 1
14161 14163 4
1255 14163 1
3744 14163 10
1186 14163 1
12213 14163 2
2681 14163 1
3744 14164 32
14163 14164 10
1259 14164 1
3747 14164 13
12261 14164 7
13959 14165 2
14160 14165 2
12121 14166 9
14171 14167 15
12120 14167 7
12119 14167 5
12118 14167 3
12121 14167 9
14166 14167 11
14170 14167 13
14167 14168 16
3844 14168 14
14168 14169 31
3843 14169 15
14166 14170 11
14170 14171 13
14171 14172 15
14179 14173 29
14172 14173 17
14176 14173 23
14175 14173 21
14177 14173 25
14174 14173 19
14178 14173 27
14172 14174 17
14174 14175 19
14175 14176 21
14176 14177 23
14177 14178 25
14178 14179 27
14179 14180 29
14184 14181 37
14183 14181 35
14185 14181 39
14182 14181 33
14186 14181 41
14180 14181 31
14180 14182 31
14182 14183 33
14183 14184 35
14184 14185 37
14185 14186 39
14190 14187 52
14322 14187 3
14186 14187 41
14191 14187 52
14188 14187 52
1424 14187 1
14187 14188 52
14186 14189 41
14191 14189 52
14188 14189 52
14322 14189 3
14188 14190 52
14190 14191 52
14130 14192 3
14192 14193 1
1296 14193 1
14049 14193 6
14329 14193 1
1231 14193 1
14194 14195 3
13970 14196 1
14196 14197 1
4875 14197 1
13959 14197 6
2691 14197 1
1378 14197 1
1278 14197 1
1124 14198 1
12340 14198 1
4875 14198 1
1733 14198 1
1278 14198 1
2691 14198 1
1530 14198 1
14196 14198 1
1458 14198 3
12035 14198 1
13972 14198 22
1180 14198 1
1684 14198 1
2704 14198 1
1624 14198 1
12271 14198 1
1143 14198 1
1194 14198 1
1378 14198 1
13971 14198 1
14043 14199 1
12181 14200 4
12261 14200 7
1540 14200 4
1315 14200 3
1252 14200 1
1575 14200 1
12227 14200 3
14258 14200 5
11949 14200 2
1207 14200 1
1100 14200 2
1286 14200 1
3747 14200 13
3790 14200 2
2671 14200 1
3742 14200 78
1491 14200 2
1788 14200 1
11952 14200 1
14368 14200 27
14202 14201 1
14204 14202 1
1336 14203 1
12190 14203 1
14204 14203 20
1103 14203 1
14201 14203 1
11921 14203 1
1437 14203 1
1097 14203 1
1134 14203 1
12009 14203 1
1730 14203 1
12045 14203 1
12031 14203 1
1352 14203 1
1170 14203 1
12139 14203 1
3784 14203 1
1496 14203 1
12132 14203 1
12014 14203 1
14202 14204 22
11979 14205 9
14369 14205 20
14203 14205 20
2662 14205 1
4876 14205 5
12042 14205 1
1640 14205 1
2693 14205 1
13959 14205 58
1584 14205 1
1722 14205 1
1246 14205 1
1457 14205 1
12196 14205 1
2680 14205 1
12180 14205 2
14203 14206 20
12233 14206 2
12180 14206 2
1148 14206 1
11985 14206 21
14207 14206 68
1159 14206 1
1570 14206 1
4876 14206 5
1125 14206 1
14369 14206 20
1152 14206 1
14108 14207 1
12197 14207 1
14204 14207 21
13959 14207 2
4863 14207 2
14115 14207 22
11978 14207 4
11980 14207 10
3770 14207 13
14203 14208 20
13959 14208 20
14210 14209 3
1754 14209 1
3832 14209 1
11907 14210 3
3834 14210 6
14210 14211 3
14209 14211 3
14210 14212 3
14209 14212 3
14202 14213 1
14130 14214 2
13970 14215 1
1278 14216 1
11941 14216 11
14215 14216 1
13971 14217 1
1390 14217 1
14351 14217 1
13972 14217 10
1492 14217 1
12156 14217 1
1485 14217 1
12192 14217 1
1499 14217 1
1411 14217 1
12305 14218 1
2715 14218 1
1704 14218 1
14217 14218 10
14309 14218 1
14358 14218 1
3742 14218 32
1333 14218 1
1603 14218 1
3747 14218 13
1780 14218 1
14202 14219 1
14106 14220 1
3786 14221 1
12203 14221 1
2728 14221 1
12291 14221 1
1196 14221 1
1344 14221 1
12340 14221 1
1087 14221 1
1523 14221 1
14220 14221 1
11933 14221 1
1533 14221 1
1197 14221 1
13959 14221 43
12150 14221 1
2680 14221 1
14240 14221 1
11953 14221 1
1672 14221 1
1488 14221 1
1312 14221 1
11950 14221 1
1458 14221 3
1640 14221 1
12268 14221 1
12059 14221 1
1388 14221 1
1212 14221 1
1241 14221 1
1371 14221 1
2669 14221 1
1504 14221 1
1792 14221 1
1259 14221 1
1175 14221 1
12233 14221 2
1313 14221 1
12321 14221 1
4848 14221 1
12141 14221 1
1037 14221 1
12040 14221 1
1457 14221 1
14220 14222 1
1533 14222 1
1488 14222 1
14108 14222 4
1241 14222 1
14224 14223 1
14224 14225 1
14223 14225 1
13967 14226 1
1465 14227 1
2659 14227 1
1400 14227 1
14233 14227 1
1603 14227 1
12244 14227 1
12309 14227 1
3747 14227 13
3742 14227 45
1338 14227 1
12219 14227 1
1377 14227 1
3754 14227 1
1506 14227 1
1346 14227 1
14320 14227 1
1643 14227 1
12160 14227 1
11965 14227 1
14226 14227 1
12263 14227 1
1383 14227 2
12317 14227 1
1225 14227 1
1793 14227 1
14277 14227 1
14352 14227 2
1105 14227 1
12116 14227 1
2663 14227 1
11912 14227 1
14049 14228 2
14230 14229 1
3802 14231 1
14363 14231 2
14229 14231 1
1296 14231 2
1482 14231 1
2664 14231 1
13959 14231 14
1184 14231 1
1307 14231 1
1233 14231 1
1786 14231 1
14327 14231 1
2712 14231 1
14130 14232 3
13967 14233 1
12175 14234 1
1089 14234 1
1793 14234 1
1506 14234 1
14310 14234 1
14352 14234 2
1544 14234 1
12082 14234 1
1279 14234 1
3742 14234 33
14233 14234 1
14246 14234 1
3747 14234 13
1709 14234 1
14235 14234 1
12248 14234 1
12295 14234 1
2688 14234 1
2729 14234 1
1225 14234 1
13967 14235 1
13994 14236 1
1117 14237 1
1766 14237 1
12144 14237 1
1286 14237 1
12261 14237 7
11954 14237 1
1782 14237 1
3829 14237 1
1389 14237 1
14253 14237 1
1207 14237 1
1542 14237 1
14236 14237 1
1630 14237 1
1425 14237 1
1493 14237 1
1709 14237 1
1446 14237 1
12237 14237 1
12244 14237 1
3742 14237 47
1355 14237 1
1739 14237 1
12317 14237 1
1547 14237 1
3747 14237 13
13978 14238 1
13962 14239 21
1306 14239 1
2660 14239 1
12161 14239 1
1706 14239 1
1140 14239 1
1238 14239 1
12029 14239 1
14238 14239 1
12261 14239 7
1101 14239 1
1325 14239 1
1403 14239 1
1729 14239 1
1082 14239 1
12167 14239 1
13994 14240 1
12318 14241 1
1458 14241 3
4848 14241 1
11953 14241 1
1599 14241 1
2669 14241 1
2685 14241 1
11950 14241 1
3786 14241 1
1139 14241 1
1196 14241 1
12245 14241 1
14240 14241 1
1296 14241 2
12203 14241 1
1312 14241 1
1300 14241 1
12340 14241 1
1239 14241 1
12165 14241 1
1174 14241 1
4866 14241 1
1605 14241 1
12141 14241 1
1384 14241 1
1504 14241 1
11977 14241 1
1126 14241 1
14363 14241 2
12291 14241 1
1523 14241 1
1672 14241 1
1792 14241 1
1447 14241 1
1175 14241 1
13959 14241 43
1474 14241 1
1307 14241 1
1037 14241 1
14043 14242 1
14242 14243 1
13959 14243 4
1192 14243 1
1685 14243 1
12140 14243 1
1685 14244 1
13959 14244 2
14242 14244 1
13970 14245 1
3740 14246 1
14248 14247 1
1735 14249 1
1049 14249 1
12207 14249 8
1527 14249 1
1270 14249 1
12041 14249 1
1047 14249 1
12003 14249 1
11962 14249 1
13971 14249 1
14247 14249 1
1384 14249 1
1126 14249 1
1573 14249 1
1139 14249 1
14250 14249 28
11900 14249 1
1266 14249 1
1498 14249 1
1311 14249 1
1108 14249 1
1174 14249 1
13972 14250 6
14043 14250 1
14248 14250 25
13959 14250 12
3798 14251 4
14250 14251 6
14247 14251 1
11962 14251 1
1239 14252 1
1638 14252 1
1139 14252 1
12306 14252 1
1108 14252 1
1311 14252 1
1266 14252 1
1573 14252 1
12165 14252 1
11900 14252 1
1049 14252 1
14250 14252 32
1126 14252 1
13971 14252 4
1498 14252 1
4852 14252 1
1270 14252 1
1527 14252 1
1174 14252 1
1735 14252 1
14247 14252 1
1599 14252 1
11962 14252 1
12003 14252 1
12041 14252 1
1447 14252 1
14198 14252 1
1384 14252 1
1059 14252 1
1047 14252 1
13978 14253 1
13967 14254 1
14256 14255 1
14255 14257 1
12265 14257 1
14008 14257 12
1393 14257 1
1294 14257 1
1687 14257 1
1791 14257 1
12177 14257 1
12171 14257 1
1041 14257 1
1671 14257 1
1317 14257 1
14259 14258 5
12177 14258 1
1294 14258 1
14255 14258 1
12171 14258 1
14256 14259 10
14010 14259 5
13978 14260 2
3740 14261 1
14032 14262 6
12024 14263 1
14264 14263 2
14032 14264 6
14002 14264 1
14130 14265 2
14022 14266 7
13978 14268 1
14269 14270 7
14270 14271 4
14270 14272 4
14269 14273 3
14269 14274 3
14269 14275 3
14269 14276 3
14043 14277 1
14130 14278 1
14280 14279 1
14279 14281 1
12028 14281 1
14280 14281 4
1232 14281 1
12064 14281 1
14309 14282 1
12131 14282 1
3741 14282 1
14365 14282 5
12261 14282 7
3744 14282 30
13968 14282 1
3747 14282 13
12305 14283 1
1067 14283 1
3744 14283 33
14282 14283 30
14283 14284 33
13959 14284 33
3744 14285 36
3774 14285 1
13968 14285 1
1082 14285 1
14283 14285 33
13971 14286 1
3741 14286 2
1210 14286 1
3794 14286 1
1726 14286 1
11958 14286 1
2714 14286 1
11900 14286 1
1273 14286 1
13968 14286 3
14319 14286 1
12280 14286 1
13959 14286 22
1208 14286 1
1082 14286 1
1689 14286 1
11914 14286 1
1424 14286 1
1327 14286 1
1780 14286 1
3740 14287 1
12147 14288 1
12323 14288 1
1614 14288 1
1381 14288 1
1322 14288 1
1620 14288 1
1112 14288 3
1163 14288 1
1186 14288 1
1696 14288 1
13971 14288 1
1607 14288 1
1076 14288 1
1397 14288 1
12329 14288 1
3744 14288 34
1172 14288 1
14287 14288 1
1676 14288 1
14341 14288 1
14317 14288 3
14312 14288 10
14002 14289 1
1328 14290 1
1096 14290 1
1473 14290 1
1288 14290 1
1379 14290 1
14032 14290 8
14380 14290 1
14289 14290 1
1753 14290 1
3740 14291 1
1153 14292 1
1217 14292 1
14293 14292 4
12324 14292 1
14367 14293 2
3788 14293 6
14127 14293 4
3740 14294 1
1254 14295 1
1485 14295 1
14352 14295 2
1090 14295 1
12303 14295 1
14294 14295 1
3742 14295 14
13971 14295 1
4874 14295 1
12313 14295 1
1481 14295 1
4873 14295 1
1776 14295 1
14130 14296 1
13970 14297 2
14315 14298 3
1413 14298 2
1361 14298 2
1587 14298 2
1088 14298 1
14297 14298 2
1443 14298 1
12002 14298 2
1253 14298 3
12202 14298 3
12047 14298 1
2727 14298 2
12156 14298 1
13971 14298 1
1075 14298 3
12078 14298 3
12257 14298 3
14308 14298 3
12238 14298 1
14349 14298 3
1705 14298 1
14299 14298 48
12058 14298 1
1314 14298 2
1775 14298 1
13970 14299 30
14130 14299 32
13962 14299 7
14230 14299 1
13972 14299 1
14106 14300 1
3813 14301 15
14301 14302 17
14302 14303 19
14303 14304 21
14304 14305 23
1785 14306 1
14008 14306 2
14130 14307 2
13970 14308 3
3740 14309 1
13967 14310 1
14130 14311 2
11951 14312 1
14311 14312 2
1629 14312 2
14299 14312 10
12247 14312 1
14373 14312 2
2730 14312 1
14314 14313 1
13970 14315 3
14130 14316 1
3740 14317 3
13994 14318 1
13967 14319 1
3740 14320 1
14106 14321 1
14324 14322 1
14322 14323 3
14322 14324 3
14322 14325 3
14325 14326 5
14230 14327 1
14049 14328 7
1233 14328 1
14327 14328 1
1178 14328 1
2727 14328 1
12058 14328 1
14130 14329 3
14329 14330 1
1068 14330 1
3797 14330 1
1307 14330 1
1231 14330 1
1296 14330 1
14049 14330 10
14192 14330 1
1272 14330 1
11913 14331 1
14332 14331 2
3757 14332 1
14083 14333 3
14331 14333 2
14331 14334 2
14083 14334 3
14083 14335 3
14331 14335 2
14083 14336 4
14331 14336 2
12136 14336 1
3740 14337 1
1362 14338 1
3742 14338 32
12272 14338 1
3747 14338 13
1390 14338 1
1762 14338 1
12261 14338 7
14337 14338 1
1529 14338 1
1411 14338 1
1511 14338 1
13971 14338 1
1635 14338 1
1492 14338 1
4873 14338 1
14130 14339 2
2727 14340 1
1158 14340 1
12156 14340 1
14049 14340 14
12172 14340 1
1178 14340 1
13971 14340 1
12058 14340 1
1433 14340 1
1775 14340 1
3740 14341 1
14049 14342 1
13982 14343 1
1276 14344 1
1799 14344 1
12245 14344 1
14343 14344 1
13996 14344 4
1462 14345 1
12245 14345 1
13996 14345 4
14343 14345 1
1297 14345 1
14343 14346 1
1409 14346 1
12245 14346 1
4879 14346 1
13996 14346 4
12065 14347 1
14343 14347 1
13996 14347 4
12245 14347 1
1199 14347 1
13996 14348 8
1605 14348 1
12290 14348 1
4866 14348 1
12291 14348 1
1432 14348 1
12245 14348 1
14343 14348 1
1778 14348 1
14130 14349 3
13978 14350 1
13970 14351 1
12037 14352 1
14008 14352 2
14352 14353 2
14008 14353 4
1226 14353 1
3793 14354 1
1489 14354 1
1265 14354 1
13971 14354 1
1762 14354 1
12178 14354 1
1164 14354 1
1577 14354 1
2666 14354 1
3747 14354 13
12328 14354 1
3742 14354 29
1746 14354 1
1160 14354 1
1391 14354 1
12272 14354 1
1198 14354 1
13978 14355 1
2723 14356 1
12060 14356 1
1702 14356 1
1256 14356 1
1561 14356 1
1528 14356 1
1513 14356 1
1367 14356 1
12268 14356 1
1208 14356 1
1503 14356 1
1222 14356 1
13971 14356 3
1726 14356 1
1082 14356 1
3802 14356 1
1631 14356 1
1181 14356 1
13962 14356 38
1158 14356 1
2687 14356 1
1651 14356 1
1581 14356 1
11999 14356 1
1731 14356 1
1351 14356 1
12071 14356 1
2674 14356 1
1502 14356 1
1264 14356 2
11927 14356 1
1304 14356 1
12304 14356 1
1392 14356 1
14355 14356 1
13978 14357 1
3740 14358 1
1690 14359 1
11975 14359 1
1050 14359 1
2708 14359 1
1617 14359 1
12261 14359 7
1028 14359 2
12081 14359 1
3744 14359 32
14358 14359 1
2684 14359 1
12173 14359 1
3747 14359 13
13959 14360 32
14359 14360 32
3740 14361 1
13978 14362 1
14230 14363 2
14002 14364 1
1329 14365 1
14010 14365 5
14364 14365 1
1036 14365 1
1323 14365 1
14367 14366 1
12241 14368 1
1626 14368 1
1301 14368 1
12324 14368 1
1642 14368 1
1310 14368 1
1349 14368 1
1538 14368 1
1674 14368 1
14115 14368 27
1153 14368 1
1214 14368 1
1703 14368 1
12091 14368 1
1290 14368 1
1407 14368 1
12053 14368 1
3787 14368 1
12074 14368 1
1516 14368 1
1217 14368 1
1582 14368 1
1402 14368 1
2689 14368 1
11923 14368 1
14366 14368 1
12186 14368 1
1402 14369 1
12186 14369 1
1674 14369 1
1516 14369 1
1642 14369 1
1795 14369 1
1626 14369 1
11923 14369 1
1217 14369 1
12053 14369 1
1349 14369 1
12074 14369 1
1301 14369 1
14366 14369 1
2689 14369 1
12241 14369 1
1310 14369 1
12324 14369 1
1407 14369 1
14115 14369 20
14366 14370 1
14115 14370 2
1766 14371 1
11923 14371 1
2690 14371 1
2689 14371 1
1217 14371 1
1290 14371 1
1795 14371 1
1658 14371 1
12324 14371 1
14366 14371 1
12091 14371 1
1626 14371 1
1402 14371 1
1703 14371 1
1153 14371 1
1138 14371 1
14115 14371 31
11903 14371 1
1538 14371 1
1674 14371 1
1505 14371 1
12241 14371 1
1642 14371 1
2705 14371 1
12179 14371 1
12053 14371 1
12186 14371 1
1349 14371 1
2679 14371 1
1582 14371 1
1310 14371 1
14130 14372 1
14130 14373 2
13978 14374 1
14002 14375 1
1544 14376 1
1766 14376 1
14377 14376 4
14375 14376 1
1671 14376 1
14002 14377 1
12038 14377 1
14256 14377 1
14115 14377 1
13978 14378 1
1025 14379 1
2673 14379 1
1114 14379 1
3742 14379 27
3747 14379 13
12169 14379 1
12261 14379 7
1522 14379 1
11931 14379 1
14002 14380 1
3740 14381 1
14381 14382 1
3747 14382 13
3742 14382 21
12183 14382 1
1292 14382 1
1257 14382 1
1127 14382 1
1363 14382 1
12278 14382 1
