4112 4061 2
4062 4061 4
12023 4062 8
4064 4063 1
4063 4065 1
4192 4065 1
4066 4065 2
11996 4066 3
4064 4066 7
4061 4066 1
4303 4067 1
11930 4067 1
4303 4068 1
4069 4068 2
11936 4068 9
4250 4068 1
4071 4070 2
11936 4070 9
4250 4070 1
11960 4070 1
4073 4072 2
4503 4072 1
4198 4072 2
4196 4072 1
4250 4072 1
11892 4074 1
12086 4075 2
12087 4075 2
12065 4077 1
4077 4078 1
12065 4078 2
4302 4078 1
12065 4079 2
4077 4079 1
4302 4079 1
4077 4080 1
12066 4080 1
11983 4081 1
4083 4082 1
4082 4084 1
4083 4084 1
4086 4085 3
4089 4088 1
4091 4090 2
4088 4090 1
4089 4091 1
12016 4092 4
12087 4093 1
4093 4094 1
12087 4094 2
4328 4094 1
4096 4095 1
11991 4097 1
11991 4098 1
4097 4098 1
4100 4099 4
11941 4101 1
4101 4102 1
12017 4102 1
11941 4103 1
4101 4103 1
4101 4104 1
11941 4104 1
11921 4106 1
11892 4107 1
4100 4109 4
4112 4111 1
4133 4112 1
4352 4113 1
4061 4113 2
4111 4113 1
11921 4114 1
4475 4115 1
4252 4115 1
11923 4115 6
4173 4115 2
4114 4115 1
4117 4116 6
4115 4116 6
11923 4117 6
11981 4118 6
4115 4118 6
4115 4119 6
12039 4119 7
4119 4120 7
12025 4120 7
4122 4121 2
4289 4121 1
12046 4126 2
4481 4126 1
12046 4127 2
4126 4127 2
4129 4128 1
4128 4130 1
4129 4130 3
4414 4130 1
4129 4131 3
4130 4131 3
4130 4132 3
4129 4132 3
11989 4135 1
4135 4136 1
4360 4136 2
11989 4136 3
4138 4137 3
4139 4137 1
4141 4140 1
12059 4142 3
4144 4143 1
4145 4143 1
4133 4146 1
4406 4148 1
4147 4148 1
4354 4148 2
4289 4149 1
4150 4149 2
4210 4151 1
4304 4151 1
4152 4151 3
4193 4152 1
12017 4152 1
11918 4152 1
12009 4152 1
4151 4153 3
4154 4153 3
12017 4154 1
4152 4154 3
11918 4154 1
11918 4155 1
4156 4155 3
11896 4157 1
11896 4158 4
4286 4158 1
4157 4158 1
4470 4158 1
4239 4158 1
11898 4159 1
4157 4159 1
4161 4160 3
4383 4162 3
11996 4162 4
4445 4163 1
4164 4163 2
4166 4165 1
4165 4167 1
4426 4167 1
12035 4167 2
4166 4168 2
4426 4168 1
4165 4168 1
4454 4169 1
12089 4169 2
4171 4170 4
4169 4170 2
4455 4170 2
4190 4170 1
12089 4171 2
12091 4171 2
4171 4172 4
4190 4172 1
4455 4172 2
4169 4172 2
4279 4173 1
12020 4173 2
11987 4175 3
11987 4176 3
11987 4177 3
11987 4178 3
11987 4179 3
4072 4180 1
12085 4181 1
4180 4181 1
4070 4182 1
4070 4183 1
4182 4183 1
4070 4184 1
4182 4184 1
11921 4185 1
4187 4186 2
4319 4186 1
11996 4188 5
12087 4188 1
11902 4188 1
11921 4189 1
4171 4190 1
4064 4192 1
4289 4193 1
4194 4193 2
11921 4195 1
4197 4196 1
4282 4197 1
11960 4198 1
4197 4198 1
4200 4201 4
11902 4202 1
12020 4203 1
11921 4204 1
4444 4205 1
4206 4205 2
12005 4207 2
4420 4207 1
12017 4210 1
4210 4211 1
12017 4211 1
4154 4212 2
4304 4212 1
4210 4212 1
4210 4213 1
4154 4213 1
4210 4214 1
4154 4214 1
12075 4215 1
4210 4215 1
4292 4218 1
4415 4218 1
4219 4218 2
11918 4220 1
4156 4220 3
4232 4222 1
11900 4222 1
11984 4222 1
4224 4223 2
4434 4223 1
11921 4229 1
11921 4230 1
4234 4233 1
4280 4234 3
4471 4235 1
4409 4235 1
4236 4235 5
4427 4235 1
4233 4235 1
4234 4236 4
4236 4237 1
4268 4238 1
4235 4238 1
4236 4238 4
4427 4238 1
4237 4238 1
4191 4239 1
11971 4240 1
4275 4240 1
4134 4241 1
4243 4242 1
4241 4242 1
4134 4243 1
4232 4244 1
4244 4245 1
11984 4245 1
11900 4246 1
4244 4246 1
12050 4248 1
4248 4249 1
12050 4249 1
11921 4252 1
4064 4254 1
4254 4255 1
4066 4255 1
4227 4256 1
4256 4257 1
4258 4257 1
4227 4258 2
4260 4259 1
4262 4261 2
4259 4261 1
4401 4261 1
4260 4262 1
4402 4262 1
4259 4263 1
4401 4263 1
4262 4263 2
4260 4264 1
4259 4264 1
11921 4265 1
4064 4266 1
4066 4267 1
4266 4267 1
4236 4268 1
4270 4269 1
4272 4271 5
4269 4271 1
4346 4271 4
11901 4272 4
4270 4272 1
11921 4273 1
4275 4274 1
4348 4275 1
4289 4275 1
4347 4275 2
11971 4275 1
4275 4276 1
4274 4276 1
4274 4277 1
4275 4277 1
4076 4279 1
11905 4281 1
4275 4284 1
4275 4285 1
4284 4285 1
4287 4286 1
11898 4287 1
4133 4287 1
4137 4288 1
4064 4290 1
4290 4291 1
4066 4291 5
4383 4291 3
4478 4291 1
4293 4292 2
4415 4292 1
11930 4295 2
4275 4296 1
4296 4297 1
4436 4297 1
4275 4297 2
4296 4298 1
4240 4298 1
4240 4299 2
4436 4299 1
4296 4299 1
4240 4300 1
4296 4300 1
4240 4301 1
4296 4301 1
12065 4302 1
4282 4303 1
11918 4304 1
11918 4305 1
4304 4305 1
4304 4306 1
4155 4306 1
4155 4307 1
4304 4307 1
4304 4308 1
4220 4308 1
4304 4309 1
4154 4309 1
11918 4310 1
4304 4310 1
4304 4311 1
11918 4311 1
12005 4312 2
4420 4312 1
11936 4313 1
12087 4314 1
4383 4315 3
4314 4315 1
4188 4315 4
12087 4316 2
4314 4316 1
12087 4317 2
4316 4317 2
4314 4318 1
12087 4318 2
12009 4320 1
12009 4321 1
4320 4321 1
4320 4322 1
4152 4322 1
4152 4323 1
4320 4323 1
11983 4325 1
4064 4326 1
4066 4327 2
4467 4327 1
4326 4327 1
12087 4328 1
12005 4330 1
12005 4331 1
4330 4331 1
12005 4332 5
4420 4332 1
4413 4332 2
4330 4332 1
4336 4332 3
4420 4333 1
4330 4333 1
4413 4333 2
4334 4333 4
12005 4334 4
12005 4336 3
4413 4336 2
12085 4337 1
4141 4338 1
12059 4339 3
4227 4342 1
4342 4343 1
4258 4343 1
11921 4344 1
11899 4345 1
4501 4346 1
11901 4346 4
4457 4346 1
4345 4346 1
4351 4350 2
4445 4350 1
4112 4352 1
4091 4355 1
4091 4356 1
4355 4356 1
4355 4357 1
4091 4357 1
4091 4358 2
4090 4358 1
4355 4358 1
4090 4359 1
4355 4359 1
4091 4359 2
4448 4360 1
11989 4360 2
11921 4361 1
12087 4362 1
12087 4363 1
4362 4363 1
4068 4365 1
4068 4366 1
4365 4366 1
11918 4367 1
4365 4367 1
4369 4368 1
4365 4368 1
4068 4369 1
4369 4370 1
4365 4370 1
4068 4371 1
4365 4371 1
4365 4372 1
4369 4372 1
4068 4373 1
4365 4373 1
4365 4374 1
4369 4374 1
11902 4375 1
4379 4376 3
4188 4376 4
4375 4376 1
4375 4377 1
4202 4377 1
11996 4378 1
4378 4379 1
11996 4379 3
4389 4379 1
4379 4380 3
4381 4380 3
11996 4381 3
4188 4382 3
4379 4382 3
4419 4383 1
11996 4383 3
4378 4383 1
4383 4384 3
4478 4384 1
11908 4384 4
4383 4385 3
11908 4385 4
4478 4385 1
4478 4386 1
11908 4386 4
4383 4386 3
4146 4389 1
4292 4390 1
4218 4391 1
4390 4391 1
4193 4394 1
4152 4395 1
4394 4395 1
4394 4396 1
4152 4396 1
4152 4397 1
4394 4397 1
4394 4398 1
4152 4398 1
4152 4399 1
4394 4399 1
4152 4400 1
4394 4400 1
4402 4401 1
4402 4403 1
4401 4403 1
4402 4404 1
4401 4404 1
4161 4405 3
4303 4407 1
4234 4409 1
12059 4410 3
12005 4413 2
4468 4413 1
4129 4414 1
11983 4416 1
4221 4417 1
4146 4419 1
12005 4420 1
11892 4421 1
4423 4422 1
4422 4424 1
4425 4424 1
4423 4425 1
4166 4426 1
4234 4427 1
11930 4428 1
4428 4429 1
4295 4429 1
12047 4430 1
4428 4430 1
11930 4431 1
12047 4432 1
4431 4432 1
4431 4433 1
4295 4433 1
12000 4435 1
11971 4436 1
4436 4437 1
11908 4437 1
11971 4438 1
4436 4438 1
12009 4439 1
4436 4439 1
11908 4440 1
4436 4440 1
11908 4441 1
4436 4441 1
4436 4442 1
11971 4442 1
11971 4443 1
4436 4443 1
11915 4446 1
11921 4447 1
4201 4448 1
4448 4449 1
4201 4449 1
12000 4450 1
4450 4451 1
12002 4451 1
11917 4452 1
4450 4452 1
12087 4454 1
12091 4455 2
4454 4455 1
12087 4456 1
4454 4456 1
11899 4457 1
4459 4458 1
4459 4460 1
4458 4460 1
12085 4461 1
4461 4462 1
4337 4462 1
4461 4463 1
4337 4463 1
4337 4464 1
4461 4464 1
4337 4465 1
4461 4465 1
4337 4466 1
4461 4466 1
4064 4467 1
12005 4468 1
12005 4469 2
4468 4469 1
4287 4470 1
4234 4471 1
12023 4472 1
4062 4473 1
4472 4473 1
11921 4475 1
4186 4476 1
4061 4478 1
12053 4481 1
4481 4482 1
12016 4482 1
4137 4483 1
4483 4484 1
12007 4484 1
4288 4485 1
4483 4485 1
11892 4486 1
4205 4487 1
4205 4488 1
4487 4488 1
4487 4489 1
4205 4489 1
4205 4490 1
4487 4490 1
4487 4491 1
4205 4491 1
11892 4493 1
4221 4494 1
12087 4495 1
4497 4496 1
4500 4498 1
4496 4498 1
4497 4498 2
11921 4499 1
4497 4500 1
11899 4501 1
11892 4502 1
11960 4503 1
4503 4504 1
11960 4504 1
4503 4505 1
11960 4505 1
4503 4506 1
11908 4506 1
4503 4507 1
11967 4507 1
4123 11892 1
4125 11892 1
11896 11892 1
4124 11892 1
11894 11893 7
4486 11893 1
4107 11893 1
4421 11893 1
4502 11893 1
4074 11893 1
4493 11893 1
11917 11894 4
11892 11894 6
11896 11895 10
11893 11895 7
4481 11895 1
4286 11895 1
12013 11896 1
4096 11896 1
11894 11896 7
12053 11896 1
12056 11896 1
4191 11896 1
4287 11896 2
11895 11897 10
4157 11897 1
11898 11897 11
11896 11898 11
4232 11900 1
11900 11901 4
11899 11901 3
11900 11902 4
11900 11903 4
11905 11904 1
11904 11906 1
4281 11906 1
11907 11906 2
11905 11907 2
11960 11908 1
4146 11908 1
4112 11908 1
11996 11908 3
11971 11908 1
11911 11908 3
11909 11908 3
11910 11908 3
11930 11908 1
4061 11908 1
11936 11913 9
11915 11914 1
11917 11916 3
12012 11916 1
4435 11916 1
11914 11916 1
12013 11917 1
12000 11917 6
11915 11917 2
4068 11918 1
4289 11918 1
11919 11918 2
11921 11920 1
4133 11921 1
12019 11922 1
11920 11922 1
4344 11922 1
11923 11922 4
11921 11923 18
12020 11923 6
11925 11924 11
12082 11924 7
11922 11924 4
11983 11925 3
12023 11925 7
11923 11925 11
11922 11926 4
4325 11926 1
12079 11926 1
4081 11926 1
12022 11926 7
11925 11926 12
11926 11927 12
12072 11927 17
11928 11927 24
11989 11928 5
4205 11928 1
11941 11928 1
11921 11928 5
4070 11928 1
4186 11928 1
4303 11928 1
11925 11928 12
4197 11928 1
12025 11928 17
12050 11928 1
12087 11928 4
11960 11928 1
11930 11929 1
11929 11931 1
4383 11931 3
11908 11931 6
4352 11931 1
4419 11931 1
4478 11931 1
4383 11932 3
4478 11932 1
11908 11932 6
11929 11932 1
4352 11932 1
4419 11932 1
11929 11933 1
4407 11933 1
4067 11933 2
4067 11934 1
11929 11934 1
11936 11935 9
11929 11935 1
12074 11935 2
4313 11935 1
4162 11935 4
4061 11936 2
11996 11936 4
11930 11936 1
11935 11937 9
11913 11937 9
11913 11938 9
11935 11938 9
11935 11939 9
11913 11939 9
11941 11940 9
11935 11940 9
11943 11941 10
11936 11941 9
4250 11941 1
4208 11941 2
11943 11942 9
11935 11942 9
11936 11943 9
11943 11944 9
11935 11944 9
11935 11945 9
11943 11945 9
11943 11946 10
11935 11946 9
11946 11947 10
4101 11947 1
11941 11947 11
11935 11948 9
11949 11948 10
4141 11949 2
11936 11949 9
11948 11950 10
11949 11950 10
11949 11951 12
11948 11951 10
4140 11951 1
4338 11952 1
11951 11952 12
11949 11952 13
4407 11953 1
4068 11953 10
11935 11953 9
11935 11954 9
11955 11954 10
4407 11954 1
4303 11955 1
11936 11955 9
11935 11956 9
11955 11956 10
4407 11956 1
4407 11957 1
11955 11957 10
11935 11957 9
4407 11958 1
11935 11958 9
11955 11958 10
11935 11959 9
11960 11959 9
11936 11960 9
4251 11960 2
4250 11960 1
11935 11961 9
11962 11961 9
11936 11962 9
11960 11962 1
11935 11963 9
11962 11963 9
11962 11964 10
11935 11964 9
4503 11964 1
4503 11965 1
4070 11965 10
11935 11965 9
11935 11966 9
11967 11966 9
11960 11967 1
11936 11967 9
4503 11968 1
11935 11968 9
11969 11968 10
11960 11969 1
11936 11969 9
11935 11970 9
11971 11970 9
4174 11971 2
11936 11971 9
4250 11971 1
11935 11972 9
11973 11972 10
4436 11972 1
11936 11973 9
11971 11973 1
11935 11974 9
11973 11974 9
11935 11975 9
4436 11975 1
11973 11975 10
4067 11976 1
11929 11976 1
4067 11977 1
11929 11977 1
11921 11978 1
11978 11979 1
11923 11979 11
4230 11979 1
12021 11979 4
4447 11979 1
4361 11979 1
4204 11979 1
4265 11979 1
11979 11980 11
11981 11980 11
4445 11981 1
11923 11981 21
4340 11981 2
4204 11982 1
4230 11982 1
4318 11982 2
4487 11982 1
11928 11982 16
4328 11982 1
4265 11982 1
11988 11982 4
12078 11982 1
4476 11982 1
4361 11982 1
11978 11982 1
4093 11982 1
11984 11983 1
4062 11983 1
11985 11984 4
12023 11984 7
4445 11984 1
4232 11984 1
11987 11986 3
4135 11988 1
4360 11988 2
11989 11988 4
4201 11989 1
11991 11990 1
11990 11992 1
11991 11992 2
11995 11992 2
11995 11993 2
11991 11993 3
11990 11993 1
11993 11994 3
11991 11994 3
11990 11995 1
11991 11995 2
4062 11996 4
11997 11996 1
4146 11996 2
12049 11998 1
12000 11999 3
4494 11999 1
4417 11999 1
12057 12000 3
4221 12000 2
11999 12001 3
4446 12001 1
12002 12001 4
12000 12002 4
11915 12002 1
11917 12003 4
11999 12003 3
4446 12003 1
12005 12004 1
4420 12006 1
12004 12006 1
4469 12006 2
12005 12006 4
4137 12007 1
12009 12008 1
4289 12009 1
4348 12009 1
4411 12009 2
11971 12009 1
12009 12010 1
12008 12010 1
12008 12011 1
12009 12011 1
12013 12012 1
4217 12013 3
12012 12014 1
12055 12014 1
4095 12014 1
4470 12014 1
11896 12014 4
12016 12015 4
12053 12016 2
4289 12017 1
11941 12017 1
12018 12017 2
12020 12019 1
4076 12020 1
4388 12020 3
12020 12021 4
12019 12021 1
4173 12021 2
4416 12022 1
4173 12022 2
12019 12022 1
4325 12022 1
12079 12022 1
12023 12022 7
11983 12023 3
12020 12023 3
12038 12024 12
12025 12024 12
12022 12024 7
12039 12025 20
11921 12025 2
11983 12025 4
12023 12025 7
12025 12026 8
4081 12026 1
12022 12026 7
12079 12027 1
12022 12027 7
12023 12027 7
11984 12028 7
12022 12028 7
12030 12029 9
4472 12029 1
12022 12029 7
4244 12029 1
4232 12030 1
12023 12030 8
4244 12031 1
12022 12031 7
12032 12031 9
4472 12031 1
4232 12032 1
12023 12032 8
12022 12033 7
4062 12033 7
12022 12034 7
12035 12034 7
4166 12035 2
12023 12035 7
12022 12036 7
4062 12036 7
12022 12037 7
12023 12037 7
12039 12038 12
12022 12038 7
4325 12038 1
4115 12038 6
11983 12039 1
4110 12039 1
11921 12039 3
4105 12039 2
4100 12039 4
12023 12039 7
11923 12039 12
4062 12040 7
12022 12040 7
4248 12041 1
11928 12041 7
4407 12041 1
4503 12041 1
4182 12041 1
4196 12041 1
4101 12041 1
12043 12042 8
12041 12042 7
11928 12043 7
12042 12044 8
12043 12044 8
11928 12045 7
12041 12045 7
12053 12046 1
11930 12047 2
4250 12050 1
12051 12050 2
12053 12052 1
11917 12053 4
12052 12054 1
12016 12054 1
12056 12055 1
12059 12058 3
12061 12060 1
12060 12062 1
12061 12062 1
12060 12063 1
12061 12063 1
12066 12065 4
12065 12066 1
12020 12067 1
4106 12068 1
12067 12068 1
4189 12068 1
4229 12068 1
4273 12068 1
11923 12068 6
11981 12069 6
12068 12069 6
11981 12070 6
12068 12070 6
12039 12071 13
4115 12071 6
4252 12071 1
4273 12071 1
12068 12071 6
4106 12071 1
12079 12072 1
12071 12072 13
4252 12072 1
4416 12072 1
4114 12072 1
12025 12072 17
4325 12072 1
12025 12073 17
12072 12073 17
4478 12074 1
4061 12074 2
12017 12075 1
12000 12076 1
11917 12077 1
12076 12077 1
11989 12078 1
11983 12079 1
4335 12080 1
12081 12080 2
4195 12082 1
4185 12082 1
4203 12082 1
4173 12082 2
11923 12082 7
4499 12082 1
4072 12083 1
12085 12084 1
12083 12084 1
4253 12085 2
4072 12085 2
4289 12085 1
12087 12086 2
4495 12086 1
12089 12088 2
12086 12088 2
12087 12089 3
4171 12089 4
12086 12090 2
12091 12090 2
12087 12091 3
4171 12091 4
