9767 9766 1
9770 9769 1
9777 9770 1
9806 9770 1
9799 9770 1
9772 9771 1
9769 9771 1
9770 9772 1
9779 9772 3
9774 9773 3
9767 9775 1
9777 9776 1
9778 9777 4
9815 9777 1
9823 9780 1
9767 9780 1
9781 9780 3
9783 9782 3
9767 9782 1
9785 9784 3
9807 9784 2
9814 9785 1
9813 9785 1
9812 9785 1
9811 9785 1
9810 9785 1
9809 9785 1
9801 9785 3
9784 9786 3
9787 9786 3
9785 9787 3
9787 9788 3
9784 9788 3
9787 9789 3
9784 9789 3
9787 9790 3
9784 9790 3
9767 9791 1
9793 9792 3
9776 9792 1
9767 9794 1
9797 9795 1
9796 9795 3
9798 9795 1
9767 9795 1
9800 9799 3
9815 9799 1
9803 9802 3
9793 9802 3
9779 9804 3
9808 9807 1
9785 9807 2
9785 9808 1
9810 9816 1
9809 9816 1
9776 9817 1
9817 9818 1
9792 9818 1
9817 9819 1
9792 9819 1
9817 9820 1
9792 9820 1
9817 9821 1
9792 9821 1
9767 9822 1
9823 9822 1
