3507 3350 2
3351 3350 3
3617 3351 1
3744 3351 1
3697 3351 1
3529 3351 1
3389 3351 2
3506 3351 2
3388 3351 1
3408 3351 2
3353 3352 1
3478 3354 3
3352 3354 1
3355 3354 5
3353 3355 1
11496 3355 3
3355 3356 7
3357 3356 5
3621 3356 1
3354 3356 5
3478 3357 3
3352 3357 1
3355 3357 5
3359 3358 1
11400 3359 4
11400 3360 1
3358 3360 1
11501 3361 2
11500 3361 1
11501 3362 2
11500 3362 1
11504 3363 4
3362 3363 2
3588 3363 2
3362 3364 2
11504 3364 4
3588 3364 2
3498 3365 1
3391 3365 2
3367 3366 2
3393 3367 4
3739 3368 1
3369 3368 4
3664 3368 1
3366 3368 1
3485 3369 4
3594 3369 2
3421 3369 5
3716 3369 1
3452 3369 3
3506 3369 1
3367 3369 2
3368 3370 4
3680 3370 1
3776 3370 1
3369 3370 18
3484 3370 1
3548 3370 3
3433 3370 12
3368 3371 4
3562 3371 1
3738 3371 1
3372 3371 7
3563 3372 1
3458 3372 4
3708 3372 3
3369 3372 4
3371 3373 7
11436 3373 8
3368 3373 4
3763 3373 1
3564 3374 5
3562 3374 1
3371 3374 7
3376 3374 8
3375 3374 12
3433 3374 2
3372 3375 12
3369 3375 2
3563 3375 1
3372 3376 8
3371 3376 7
3776 3377 1
11436 3377 9
3376 3377 8
3622 3378 1
11424 3378 10
3376 3378 8
3693 3378 1
3548 3379 3
3776 3379 1
3369 3379 18
3368 3379 4
3433 3379 12
3680 3379 1
3484 3379 1
3368 3380 4
3369 3380 4
3382 3381 1
3381 3383 1
3384 3383 3
3469 3383 1
3673 3383 1
11498 3384 1
11451 3384 1
3382 3384 1
3386 3385 1
11487 3386 4
3386 3387 1
3385 3387 1
11504 3388 4
3744 3389 2
11504 3389 4
3391 3390 3
3498 3390 1
3390 3392 1
3391 3395 3
3397 3396 3
11424 3397 4
3560 3398 1
3397 3398 6
3396 3398 3
3401 3400 1
11479 3402 18
3649 3402 1
3591 3402 1
3584 3402 1
3603 3402 4
3664 3402 1
3400 3402 1
3589 3402 1
3602 3402 2
3763 3402 1
3759 3402 1
3614 3402 1
3752 3402 1
3484 3402 1
3733 3402 1
3680 3402 1
3651 3402 1
3649 3403 1
3614 3403 1
3759 3403 1
3400 3403 1
3752 3403 1
3680 3403 1
3484 3403 1
3591 3403 1
11479 3403 10
3584 3403 1
3733 3403 1
3405 3404 2
3503 3404 1
3400 3404 1
3401 3405 1
3504 3405 1
3503 3406 1
3400 3406 1
3405 3406 2
3405 3407 2
3400 3407 1
3503 3407 1
3410 3409 1
3388 3409 1
3409 3410 4
3409 3411 4
3410 3411 1
3409 3412 4
3410 3412 1
3414 3413 1
3611 3414 2
3662 3414 1
3413 3415 1
3416 3415 1
3414 3416 1
3418 3417 2
3775 3417 1
3416 3419 4
3684 3419 1
3421 3420 2
3460 3422 2
3651 3422 1
3589 3422 1
3703 3422 1
3420 3422 2
3720 3422 1
3508 3422 4
3668 3422 1
11477 3422 18
3764 3422 1
3652 3422 1
3755 3422 1
3718 3422 1
3655 3422 1
3589 3423 1
3668 3423 1
3764 3423 1
3718 3423 1
3420 3423 2
3424 3423 8
3755 3423 1
3720 3423 1
3421 3424 10
11473 3424 1
3590 3424 2
3351 3424 4
3650 3424 1
3424 3425 12
3508 3425 4
3652 3425 1
3460 3425 2
3420 3425 2
3655 3425 1
3703 3425 1
3651 3425 1
3427 3426 6
3460 3426 2
3655 3426 1
3420 3426 2
3421 3427 5
3683 3428 1
11422 3428 10
3420 3428 2
3507 3428 2
3460 3428 2
3536 3428 2
3624 3428 1
3369 3429 4
3420 3429 2
3664 3429 1
3733 3430 1
3431 3430 18
3433 3430 12
3432 3430 4
3429 3430 4
3548 3430 3
3351 3431 2
3592 3431 3
3369 3431 19
3506 3431 1
3369 3432 4
3664 3432 1
3420 3432 2
3369 3433 12
3720 3433 1
3484 3433 1
3420 3433 2
3739 3433 1
3718 3433 1
3553 3433 3
3764 3433 1
3680 3433 1
3484 3434 1
3776 3434 1
3508 3434 4
3696 3434 1
3435 3434 19
3536 3434 2
3433 3434 11
3680 3434 1
3389 3435 2
3485 3435 2
3697 3435 1
3369 3435 11
3506 3435 1
3351 3435 4
3484 3436 1
3508 3436 4
3680 3436 1
3433 3436 10
3507 3436 2
3435 3436 14
3536 3437 2
3776 3437 1
3461 3437 1
3433 3437 12
3622 3437 1
3761 3437 1
3508 3437 4
3500 3437 1
3768 3437 1
3736 3437 1
3630 3437 1
3495 3437 4
3710 3437 1
3471 3437 1
11424 3437 36
3466 3437 5
3777 3437 1
3549 3437 2
3465 3437 2
3715 3438 2
11460 3438 18
3567 3438 1
3433 3438 12
3551 3438 2
3438 3439 18
11460 3439 19
3663 3439 1
3438 3440 18
11460 3440 18
3704 3441 1
11460 3441 19
3438 3441 18
3744 3442 1
11402 3442 4
3444 3443 1
3766 3445 1
11475 3445 5
3657 3445 1
11474 3445 1
3443 3445 1
11475 3446 6
3445 3446 5
11475 3447 6
3446 3447 6
3449 3448 1
3450 3448 1
3452 3451 1
3411 3452 2
3479 3452 2
3410 3452 1
3598 3452 1
3412 3452 2
3495 3453 4
3681 3453 1
3451 3453 1
11409 3453 6
11409 3454 3
3722 3454 2
3451 3454 1
3495 3455 4
3451 3455 1
3681 3455 1
11409 3455 6
3457 3456 1
3451 3456 1
3452 3457 5
3697 3457 1
3351 3457 4
3637 3458 1
3452 3458 2
3459 3458 2
3421 3460 2
3462 3461 1
3630 3463 1
3464 3463 2
3461 3463 1
3391 3464 3
3599 3464 3
3462 3464 2
3461 3465 1
3464 3465 2
3465 3466 2
3464 3466 5
3500 3466 1
3630 3466 1
3466 3467 5
3500 3467 1
3465 3467 2
3710 3467 1
11424 3467 6
3500 3468 1
11424 3468 13
3602 3468 1
3664 3468 1
3680 3468 1
3549 3468 2
3484 3468 1
3465 3468 2
3622 3468 1
3466 3468 5
3762 3468 1
11451 3469 1
3472 3471 1
3754 3473 1
3647 3473 1
3471 3473 1
11430 3473 4
3473 3474 4
3475 3474 5
11430 3475 4
3648 3475 2
3568 3475 1
3475 3476 5
3474 3476 5
3560 3478 2
11496 3478 3
3480 3479 2
11498 3481 1
3514 3482 4
3635 3482 1
3685 3482 1
3483 3482 3
3517 3482 1
3631 3482 1
3729 3482 1
3485 3484 1
3484 3486 1
3369 3486 1
3488 3487 7
3391 3487 7
3487 3489 1
3527 3490 1
3489 3490 1
11413 3491 1
3493 3492 2
3636 3492 1
3597 3494 1
11429 3494 5
3500 3494 1
3492 3494 2
3624 3495 1
3351 3495 4
3745 3495 1
3771 3495 1
3681 3496 1
3696 3496 1
3497 3496 7
3495 3496 4
3536 3496 2
3529 3497 1
3697 3497 1
3351 3497 4
3389 3497 2
3391 3499 2
3464 3500 1
3388 3501 1
3410 3501 1
11436 3502 1
3504 3503 1
3506 3505 1
3351 3507 2
3505 3507 1
3507 3508 2
3351 3508 4
3659 3508 1
3602 3509 2
3510 3509 7
3508 3509 4
3351 3510 4
3600 3510 2
3536 3511 2
3351 3511 7
3508 3511 4
3624 3511 1
3457 3512 4
3508 3512 4
3507 3513 2
3514 3513 3
3545 3514 1
3351 3514 2
3482 3515 3
3513 3515 3
3513 3516 3
3517 3516 3
3634 3517 2
3685 3517 2
3450 3517 2
3631 3517 2
3635 3517 2
3514 3517 4
3718 3518 1
3614 3518 1
3507 3518 2
3759 3518 1
3755 3518 1
3584 3518 1
3764 3518 1
3668 3518 1
3519 3518 11
3776 3518 1
3720 3518 1
3506 3519 1
3421 3519 5
3585 3519 3
3351 3519 2
3507 3520 2
3351 3520 2
3586 3521 1
3661 3521 1
3507 3521 2
3431 3521 6
3591 3521 1
3776 3521 1
3507 3522 2
3514 3522 3
3482 3523 3
3522 3523 3
3517 3524 4
3522 3524 3
3524 3525 4
3517 3525 4
3536 3526 2
3351 3526 4
3624 3526 1
3505 3526 1
3487 3527 5
3391 3527 5
3529 3528 1
3531 3530 3
3382 3532 1
11462 3533 1
11462 3534 2
3533 3534 1
11456 3535 2
3533 3535 1
3745 3536 1
3389 3536 2
3536 3537 2
11504 3537 2
3681 3538 1
3536 3538 2
3659 3538 1
3624 3538 1
3351 3538 5
3536 3539 2
3624 3539 1
3351 3539 3
3536 3540 2
3624 3540 1
3351 3540 3
3351 3541 3
3536 3541 2
3624 3541 1
3536 3542 2
3351 3542 3
3624 3542 1
3351 3543 3
3624 3543 1
3536 3543 2
3624 3544 1
3536 3544 2
3545 3544 5
3388 3545 1
3389 3545 2
3756 3546 1
3547 3546 6
3544 3546 5
3635 3547 1
3450 3547 1
3634 3547 1
3633 3547 1
3632 3547 1
3545 3547 7
3631 3547 1
3369 3548 3
3664 3548 1
3581 3548 1
11420 3549 2
3624 3550 1
3721 3550 1
3501 3550 3
11494 3551 2
3412 3552 2
3721 3552 1
3452 3553 3
3552 3553 2
3628 3554 3
3745 3554 1
11409 3554 9
3692 3554 1
3553 3554 3
3681 3554 1
3722 3554 2
3457 3555 5
3553 3555 3
3722 3555 2
3696 3555 1
3457 3556 3
3553 3556 3
3558 3557 1
11483 3558 4
3558 3559 1
3557 3559 1
3397 3560 2
3397 3561 6
3560 3561 1
3396 3561 1
3398 3561 1
3601 3561 3
3563 3562 1
3372 3564 5
3562 3564 1
3653 3564 3
3375 3565 5
3562 3565 1
3564 3565 5
3433 3565 1
11404 3566 4
11487 3566 4
3493 3567 1
3569 3568 2
3643 3568 1
3568 3570 1
3568 3571 1
3359 3574 2
11400 3575 3
3769 3575 1
3574 3575 2
11400 3576 2
3574 3576 2
3579 3578 1
3578 3580 1
3579 3580 2
3367 3581 1
3595 3582 1
3583 3582 2
3585 3584 1
3369 3586 1
3418 3588 2
3775 3588 1
3590 3589 1
3592 3591 1
3733 3593 1
3431 3593 3
3591 3593 1
3649 3593 1
3595 3596 1
11429 3597 1
3480 3598 3
3396 3601 1
3398 3601 1
3397 3601 3
3600 3602 2
3602 3603 2
11477 3603 4
11474 3603 1
11487 3604 4
3603 3604 4
3530 3607 1
3530 3608 1
3607 3608 1
3530 3609 1
3607 3609 1
3530 3610 1
3607 3610 1
3395 3612 1
11498 3613 1
3585 3614 1
3391 3615 5
3615 3616 1
3617 3618 1
3452 3619 1
3757 3620 1
3619 3620 1
3681 3620 1
11409 3620 6
3625 3620 3
3355 3621 1
11420 3622 1
3382 3623 1
3388 3624 1
3624 3625 1
3409 3625 3
3721 3625 1
3527 3626 3
3721 3627 1
3411 3627 2
3452 3628 3
3627 3628 2
11440 3629 1
11439 3629 1
3462 3630 1
3493 3636 1
3637 3638 1
3442 3640 4
3442 3641 2
3640 3641 2
3640 3642 4
3442 3642 4
11407 3644 1
3646 3645 3
3472 3647 1
3569 3648 2
3592 3649 1
3590 3651 1
11473 3652 1
3722 3653 2
3458 3653 3
3421 3655 1
11498 3656 1
3444 3657 1
3506 3659 1
3369 3661 1
11494 3663 1
3485 3664 1
3666 3665 1
3666 3667 2
3665 3667 1
3421 3668 1
11451 3670 1
11498 3671 1
11498 3673 1
3545 3674 1
3674 3675 1
3547 3675 1
3674 3676 1
3514 3676 1
3547 3677 1
3674 3677 1
3679 3678 1
3426 3678 1
3427 3679 1
3485 3680 1
3529 3681 1
11409 3682 3
3722 3682 2
3681 3682 1
3684 3683 1
3713 3686 1
11460 3686 2
3686 3687 2
11460 3687 2
3689 3688 1
3772 3690 1
3689 3690 2
3688 3690 1
3506 3692 1
11420 3693 1
3697 3696 1
3697 3698 2
3696 3698 1
3771 3698 1
3699 3700 1
3699 3701 1
3699 3702 1
3650 3703 1
11494 3704 1
3418 3705 2
3775 3705 1
3359 3706 1
3706 3707 1
11400 3707 1
3475 3710 1
3710 3711 1
3475 3711 1
11402 3712 1
11494 3713 1
11460 3714 1
3713 3714 1
3713 3715 1
11460 3715 2
3716 3717 1
3421 3718 1
3421 3720 1
3410 3721 1
3721 3722 1
3452 3722 2
3658 3723 1
3723 3724 1
3725 3724 1
3658 3725 2
3723 3726 1
3725 3726 2
3770 3726 1
3723 3727 1
3725 3727 2
3770 3727 1
3725 3728 2
3770 3728 1
3723 3728 1
3731 3729 1
3730 3729 1
3732 3729 1
3482 3729 1
3592 3733 1
3391 3735 3
3615 3735 3
3462 3736 1
11498 3737 1
3458 3738 2
3485 3739 1
3366 3740 1
3367 3740 1
3421 3742 1
11407 3743 1
3744 3745 1
3745 3746 1
3744 3746 1
3442 3747 1
3745 3747 1
3745 3748 1
3744 3748 2
3748 3749 2
3745 3749 1
11501 3749 2
3389 3750 2
3748 3750 2
11407 3751 1
3401 3752 1
3752 3753 1
11479 3753 1
11498 3754 1
3421 3755 1
3545 3756 1
11407 3757 1
3585 3759 1
3472 3761 1
3566 3762 1
3669 3763 1
3421 3764 1
3442 3765 1
3640 3765 1
3444 3766 1
11420 3768 1
3359 3769 1
3658 3770 1
3697 3771 1
3689 3772 1
3684 3773 1
3419 3774 1
3773 3774 1
3418 3775 1
3506 3776 1
11420 3777 1
3458 3778 1
3738 3778 1
3598 3779 1
3359 11400 5
3550 11401 3
3358 11401 1
3640 11401 3
3712 11401 1
3495 11401 4
3508 11401 4
3536 11401 2
11402 11401 16
3389 11402 2
3442 11402 3
3351 11402 8
3359 11402 1
3501 11402 3
3762 11403 1
11404 11403 2
3566 11404 1
11404 11405 2
11403 11405 2
11407 11406 1
3743 11408 1
3751 11408 1
3644 11408 1
3681 11408 1
3495 11408 4
3757 11408 1
11406 11408 1
11409 11408 10
3409 11409 3
3744 11409 1
3506 11409 1
11407 11409 5
3452 11409 8
3529 11409 1
3351 11409 4
3751 11410 1
3743 11410 1
3757 11410 1
11406 11410 1
11409 11410 4
3751 11411 1
3757 11411 1
11406 11411 1
3451 11411 1
11409 11411 5
3743 11411 1
3491 11412 1
11413 11412 2
11415 11414 2
3699 11414 1
11468 11414 1
11417 11416 3
11420 11419 1
3460 11421 2
3768 11421 1
3624 11421 1
11422 11421 15
3507 11421 2
11419 11421 1
3420 11421 2
3549 11421 2
3777 11421 1
3536 11421 2
3683 11421 1
3351 11422 2
11420 11422 5
3421 11422 4
3389 11422 2
3388 11422 1
3684 11422 1
11424 11423 11
3776 11423 1
3549 11423 2
11419 11423 1
3777 11423 1
3630 11423 1
3466 11423 5
3465 11423 2
3500 11423 1
3461 11423 1
3736 11423 1
3485 11424 3
3475 11424 1
3351 11424 8
3566 11424 1
3369 11424 12
3462 11424 3
11420 11424 7
3506 11424 1
3472 11424 2
3600 11424 1
3372 11424 8
3389 11424 2
3464 11424 5
3768 11425 1
3507 11425 2
3460 11425 2
3683 11425 1
3536 11425 2
3777 11425 1
11422 11425 15
3420 11425 2
3624 11425 1
11419 11425 1
3549 11425 2
11424 11426 21
3630 11426 1
3777 11426 1
3736 11426 1
3680 11426 1
3622 11426 1
11419 11426 1
3500 11426 1
3549 11426 2
3376 11426 8
3466 11426 5
3465 11426 2
3461 11426 1
3776 11426 1
3777 11427 1
11422 11427 5
3768 11427 1
11419 11427 1
3549 11427 2
3597 11428 1
3777 11428 1
3736 11428 1
11419 11428 1
3492 11428 2
11429 11428 8
3500 11428 1
3462 11429 1
3464 11429 1
11420 11429 2
3493 11429 2
11498 11430 1
3472 11430 2
11467 11432 1
11414 11432 2
11432 11433 2
11434 11433 3
3699 11434 1
11414 11434 2
11415 11434 2
11433 11435 3
11436 11435 3
3372 11436 8
11414 11436 2
11477 11436 6
3369 11436 4
11471 11436 1
3506 11436 1
11434 11436 3
11468 11436 1
3395 11436 1
3510 11436 7
3669 11436 1
3499 11436 2
3452 11436 1
3421 11436 2
11432 11437 2
11436 11437 3
11437 11438 3
11439 11438 3
11436 11439 3
3391 11439 3
11439 11440 2
11439 11441 2
11440 11441 2
11439 11442 2
11440 11442 2
11439 11443 2
11440 11443 2
11440 11444 2
11439 11444 2
11440 11445 2
11439 11445 2
11440 11446 2
11439 11446 2
11439 11447 2
11440 11447 2
11439 11448 2
11440 11448 1
11439 11449 2
11448 11449 2
3569 11450 2
11450 11451 3
3719 11451 1
11436 11452 1
3502 11453 1
11436 11453 2
11452 11453 1
11452 11454 1
3502 11454 1
11436 11454 2
3613 11455 1
11456 11455 3
3754 11455 1
11462 11456 10
11498 11456 6
3535 11457 2
11455 11457 3
3534 11457 2
3613 11457 1
11461 11457 8
11497 11457 1
11466 11457 5
3533 11457 1
3737 11457 1
3656 11457 1
11456 11457 13
11455 11458 3
11456 11458 7
3481 11458 1
11466 11458 5
3630 11459 1
11460 11459 23
3761 11459 1
3432 11459 4
11458 11459 7
11464 11459 1
3673 11459 1
3461 11459 1
3534 11459 2
3381 11459 1
3736 11459 1
3623 11459 1
3671 11459 1
3670 11459 1
3382 11460 2
3369 11460 14
3493 11460 1
11462 11460 2
3472 11460 1
11465 11460 1
3462 11460 3
11451 11460 1
11456 11460 7
11498 11460 2
11494 11460 6
11458 11461 7
11462 11461 8
3568 11462 1
11450 11462 2
11456 11462 7
11461 11463 8
3656 11463 1
11456 11463 9
11466 11463 5
3532 11464 1
3473 11464 4
11458 11464 7
11465 11464 12
3382 11465 1
11456 11465 7
11430 11465 4
11456 11466 5
11455 11466 3
3737 11466 1
11468 11467 1
11415 11468 2
3699 11468 1
11467 11469 1
11436 11469 1
11471 11470 1
3739 11472 1
11470 11472 1
3652 11472 1
11473 11472 5
3742 11472 1
11471 11473 1
3421 11473 1
3485 11473 1
11472 11474 5
3771 11474 1
3417 11474 2
3703 11474 1
3696 11474 1
3361 11474 2
11475 11474 13
3444 11475 3
3650 11475 1
11473 11475 5
3418 11475 2
11501 11475 2
3697 11475 2
3651 11476 1
3602 11476 2
3776 11476 1
3703 11476 1
3361 11476 2
3696 11476 1
3528 11476 1
3417 11476 2
11472 11476 5
3771 11476 1
3664 11476 1
11477 11476 20
3589 11476 1
11471 11477 1
11501 11477 2
3506 11477 1
3418 11477 2
11473 11477 5
3365 11477 2
3351 11477 4
3421 11477 10
3697 11477 2
3485 11477 1
3590 11477 2
11475 11477 1
3390 11477 1
3600 11477 2
3529 11477 1
3650 11477 1
3391 11477 3
11480 11478 6
11476 11478 20
11479 11478 23
3401 11479 2
3485 11479 3
3592 11479 3
11477 11479 23
3590 11479 2
11471 11479 1
3669 11479 1
3585 11479 3
3506 11479 1
3600 11479 2
11474 11480 1
11470 11480 1
11477 11480 6
3603 11480 4
11480 11481 6
3776 11481 1
3420 11481 2
3509 11481 7
11436 11481 14
11483 11482 2
11474 11482 1
11470 11482 1
11471 11483 1
11475 11483 1
11470 11484 1
11474 11484 1
11483 11484 2
11474 11485 1
11470 11485 1
11483 11485 2
11474 11486 1
11487 11486 8
3443 11486 1
3603 11486 4
3766 11486 1
3657 11486 1
11470 11486 1
11471 11487 1
3444 11487 3
11477 11487 4
11475 11487 1
11487 11488 8
11470 11488 1
11474 11488 1
3766 11488 1
3657 11488 1
3603 11488 4
3443 11488 1
3484 11489 1
3614 11489 1
3400 11489 1
3649 11489 1
3733 11489 1
3664 11489 1
3776 11489 1
3602 11489 2
3680 11489 1
11470 11489 1
3591 11489 1
3759 11489 1
3584 11489 1
11479 11489 14
11470 11490 1
11436 11490 2
3451 11490 1
11470 11491 1
11436 11491 2
3451 11491 1
3766 11492 1
3603 11492 4
3443 11492 1
11474 11492 1
11470 11492 1
3657 11492 1
11487 11492 8
11494 11493 1
3709 11494 2
3573 11494 1
11460 11495 19
3438 11495 18
11493 11495 1
3397 11496 2
11498 11497 1
11497 11499 1
11456 11499 3
3535 11499 2
11501 11500 1
3744 11501 2
11501 11502 2
11500 11502 1
11502 11503 2
11504 11503 4
3705 11503 2
3418 11504 3
11501 11504 3
3389 11504 2
