75 0 1
1002 0 1
4 0 4
1 0 2
3 1 1
2 1 2
993 4 1
5 4 4
451 6 1
7 6 4
8 7 4
10 9 3
281 11 1
1193 11 1
13 11 2
12 11 4
266 12 1
492 12 3
209 12 1
500 12 1
547 12 1
305 12 2
514 12 1
123 12 1
427 12 1
280 12 2
139 12 2
237 12 2
580 12 1
142 12 1
126 12 7
149 12 2
15 14 1
10 15 3
17 16 61
245 16 1
54 16 1
896 16 1
1148 16 1
426 16 1
785 16 1
469 16 1
14 16 1
1121 16 1
1077 16 1
1038 16 1
685 16 1
155 16 1
1262 16 1
1174 16 1
988 16 1
250 16 1
832 16 1
1157 16 1
1194 16 1
1258 16 1
1164 16 1
355 16 1
667 16 1
1264 16 1
1156 16 1
52 16 3
374 16 1
762 16 1
60 16 1
393 16 1
720 16 1
48 16 1
740 16 1
1041 16 1
608 16 1
301 16 1
875 16 1
884 16 1
213 16 5
893 16 1
574 16 1
610 16 1
1279 16 1
623 16 1
310 16 1
619 16 1
324 16 2
65 16 1
987 16 1
1161 16 1
1280 16 1
510 16 1
1036 16 1
1063 16 1
229 16 1
419 17 3
739 17 2
251 17 4
369 17 1
325 17 3
156 17 4
55 17 4
61 17 4
49 17 3
514 17 2
509 17 1
755 17 1
327 17 6
427 17 3
53 17 1
230 17 10
311 17 2
314 17 3
795 17 2
735 17 1
9 17 2
709 17 1
15 17 1
1174 18 1
245 18 1
740 18 1
1157 18 1
1148 18 1
667 18 1
1195 18 1
1164 18 1
1077 18 1
310 18 1
988 18 1
1063 18 1
1280 18 1
1194 18 1
1097 18 1
1121 18 1
893 18 1
610 18 1
355 18 1
426 18 1
734 18 1
48 18 1
1258 18 1
884 18 1
65 18 1
1038 18 1
1264 18 1
685 18 1
326 18 1
1036 18 1
469 18 1
785 18 1
875 18 1
393 18 1
155 18 1
301 18 1
14 18 1
17 18 37
20 19 4
311 20 2
223 20 1
465 20 1
739 20 2
488 20 1
273 20 1
205 20 1
514 20 2
419 20 3
472 20 2
156 20 4
795 20 2
296 20 3
369 20 1
23 20 1
275 20 1
509 20 2
477 20 1
61 20 2
230 20 3
337 20 3
755 20 2
492 20 4
71 20 1
68 20 5
123 20 5
427 20 2
518 20 1
126 20 12
389 20 1
200 20 3
53 20 1
410 20 1
545 20 1
149 20 2
735 20 4
547 20 1
451 21 1
22 21 4
8 22 4
508 23 2
117 23 1
633 23 1
21 23 4
222 24 1
224 24 1
223 24 1
25 24 3
993 26 1
27 26 4
117 28 1
643 28 1
31 28 4
29 28 2
3 29 2
30 29 2
451 31 1
32 31 4
8 32 4
451 33 1
34 33 4
8 34 4
36 35 2
703 36 2
59 36 1
12 36 1
701 36 2
196 36 1
137 36 7
35 37 2
571 37 4
219 37 3
702 37 2
708 37 3
36 37 14
451 39 1
40 39 4
8 40 4
635 41 1
42 41 2
117 41 1
6 41 4
3 42 2
30 42 2
44 43 4
993 43 1
684 45 2
75 45 1
43 45 4
1007 45 1
46 47 4
49 48 1
10 49 3
245 50 1
469 50 1
51 50 3
48 50 1
49 51 3
1161 52 1
725 52 1
17 52 3
10 53 3
55 54 1
10 55 3
57 56 1
244 58 1
382 58 1
118 58 1
405 58 5
312 58 1
59 58 11
56 58 1
764 58 1
406 59 7
703 59 1
57 59 16
61 60 1
343 61 2
1040 61 1
63 62 1
1039 64 1
62 64 1
63 64 2
61 65 1
68 67 3
524 67 1
710 67 1
75 68 1
412 68 2
413 68 4
1021 68 1
20 69 77
1104 69 1
667 69 1
623 69 1
799 69 1
1148 69 1
589 69 1
1197 69 1
155 69 1
685 69 1
981 69 1
893 69 1
185 69 1
1097 69 1
1041 69 1
458 69 1
1094 69 1
888 69 1
1098 69 1
199 69 1
1188 69 1
809 69 1
1087 69 1
171 69 1
754 69 1
1185 69 1
926 69 1
1115 69 1
1061 69 1
67 69 1
759 69 1
941 69 1
724 69 1
749 69 1
1121 69 1
416 69 1
725 69 1
975 69 1
989 69 1
710 69 1
1048 69 1
1030 69 1
832 69 1
826 69 1
1272 69 1
122 69 1
1085 69 1
1189 69 1
871 69 1
794 69 1
910 69 1
1043 69 1
1072 69 1
307 69 1
1195 69 1
476 69 1
1186 69 1
831 69 1
817 69 1
594 69 1
824 69 1
1169 69 1
1174 69 1
985 69 1
1091 69 1
835 69 1
473 69 2
1255 69 1
1068 69 1
1093 69 1
742 69 1
1135 69 1
1192 69 1
1032 69 1
1107 69 1
822 69 1
900 69 1
274 69 1
8 70 4
72 71 2
73 71 4
117 71 1
629 71 1
3 72 2
30 72 2
74 73 4
451 73 1
8 74 4
3 75 1
2 75 3
20 76 4
251 77 1
63 77 1
158 77 3
126 77 1
223 77 2
20 77 4
773 77 1
20 78 4
492 78 2
472 79 1
20 79 4
230 79 1
465 80 1
20 80 4
389 81 1
20 81 4
23 82 1
20 82 4
20 83 4
205 83 1
20 84 4
20 85 4
492 86 2
20 86 4
20 87 4
472 88 1
230 88 1
492 88 2
20 88 4
20 89 4
492 90 1
20 90 4
20 91 4
20 92 4
500 93 4
20 93 4
795 93 1
237 94 3
20 94 4
305 95 2
20 95 4
139 96 3
20 96 4
23 97 1
488 97 1
477 97 1
68 97 4
509 97 2
545 97 1
735 97 1
427 97 2
337 97 3
71 97 1
547 97 1
296 97 3
389 97 1
200 97 3
795 97 2
518 97 1
410 97 1
739 97 2
492 97 3
123 97 4
311 97 2
465 97 1
205 97 1
755 97 2
319 97 1
514 97 2
20 97 4
20 98 4
149 98 7
311 99 1
795 99 1
427 99 1
509 99 1
755 99 1
20 99 4
739 99 1
514 99 1
142 100 3
20 100 4
427 100 1
580 101 4
20 101 4
311 101 1
20 102 4
266 102 4
739 102 1
209 103 4
20 103 4
20 104 4
472 105 2
20 105 4
230 105 2
492 105 3
156 105 2
492 106 1
134 106 1
126 106 5
419 106 1
230 106 4
20 106 4
156 107 1
20 107 4
419 107 2
126 107 19
61 107 1
55 107 1
53 107 1
230 107 8
472 107 1
20 108 4
20 109 4
456 109 1
126 110 1
20 110 4
735 110 3
68 110 2
472 110 2
20 111 4
20 112 4
20 113 4
20 114 4
20 115 4
30 116 2
3 116 2
30 117 3
3 117 3
57 118 1
57 119 2
118 119 1
578 120 1
184 120 1
313 120 2
287 120 1
820 120 1
484 120 1
405 120 1
169 120 6
121 120 18
463 120 2
119 120 2
406 121 2
57 121 14
59 121 2
123 122 1
75 123 1
1013 123 1
386 123 4
385 123 2
993 124 1
125 124 4
75 126 1
1020 126 1
267 126 2
124 126 4
128 127 4
451 127 1
8 128 4
117 129 1
127 129 4
664 129 1
395 129 2
132 131 4
451 131 1
8 132 4
134 133 1
453 134 4
452 134 2
75 134 1
1019 134 1
1073 135 1
106 135 2
133 135 1
1032 136 1
133 136 1
137 136 2
134 137 1
877 137 2
247 137 3
123 137 1
139 138 1
455 139 2
1144 139 1
138 140 1
96 140 1
142 141 1
1257 142 2
976 142 4
75 142 1
1014 142 1
141 143 1
100 143 2
426 143 1
141 144 1
100 144 1
141 145 1
100 145 2
426 145 1
141 146 1
100 146 1
147 148 3
150 149 2
1012 149 1
151 149 4
75 149 1
2 150 2
3 150 1
152 151 4
993 151 1
154 153 2
993 153 1
156 155 1
10 156 3
158 157 1
666 158 2
328 158 4
1026 158 1
75 158 1
157 159 1
496 159 1
77 159 2
1094 160 1
157 160 1
77 160 3
416 160 1
345 161 2
347 161 1
346 161 1
344 161 2
10 161 2
1163 162 2
163 162 4
165 164 9
1120 164 1
162 164 4
986 164 1
882 164 1
423 164 4
163 165 8
165 166 3
162 166 1
423 166 1
1120 166 1
165 167 1
162 167 1
57 168 1
57 169 6
382 169 1
168 169 1
1158 169 1
812 169 1
1119 169 1
59 170 5
707 170 1
168 170 1
587 170 1
1028 170 1
1263 170 1
23 171 1
97 172 6
1107 172 1
1068 172 1
1032 172 1
171 172 1
989 172 1
941 172 1
171 173 1
97 173 6
1068 173 1
989 173 1
941 173 1
1107 173 1
1032 173 1
97 174 10
835 174 1
1072 174 1
1135 174 1
1107 174 1
458 174 1
1068 174 1
1030 174 1
171 174 1
476 174 1
1091 174 1
82 175 1
171 175 1
82 176 1
171 176 1
82 177 1
171 177 1
97 178 2
594 178 1
171 178 1
182 180 4
181 180 2
75 180 1
995 180 1
2 181 2
3 181 1
993 182 1
183 182 4
59 184 1
126 185 1
185 186 1
1197 186 1
1094 186 1
107 186 4
685 186 1
185 187 1
888 187 1
1094 187 1
1197 187 1
107 187 4
107 188 2
894 188 1
185 188 1
107 189 1
185 189 1
107 190 1
185 190 1
107 191 4
725 191 1
185 191 1
888 191 1
871 191 1
1174 192 1
185 192 1
107 192 2
725 193 1
1169 193 1
185 193 1
1077 193 1
1255 193 1
1104 193 1
1121 193 1
685 193 1
1174 193 1
1148 193 1
888 193 1
107 193 11
685 194 1
185 194 1
1255 194 1
106 194 3
106 195 2
185 195 1
1255 195 1
197 196 3
198 196 3
200 199 1
270 200 4
269 200 2
630 200 1
117 200 1
97 201 9
1093 201 1
1087 201 1
1115 201 1
742 201 1
941 201 1
199 201 1
989 201 1
1135 201 1
1032 201 1
742 202 1
831 202 1
203 202 6
1087 202 1
824 202 1
199 202 1
1115 202 1
296 203 2
200 203 2
337 203 2
1087 204 1
831 204 1
742 204 1
199 204 1
824 204 1
1115 204 1
203 204 6
206 205 2
207 205 4
117 205 1
634 205 1
3 206 2
30 206 2
451 207 1
208 207 4
8 208 4
210 209 2
75 209 1
1017 209 1
211 209 4
2 210 2
3 210 1
993 211 1
212 211 4
17 213 5
1131 213 1
1197 213 1
734 213 1
1116 213 1
215 214 2
216 214 4
996 214 1
75 214 1
2 215 2
3 215 1
217 216 4
993 216 1
137 218 1
137 219 3
978 219 1
218 219 1
288 220 1
36 220 4
219 220 3
273 223 2
24 223 2
314 223 1
227 226 3
2 228 2
3 228 1
230 229 1
10 230 3
107 231 5
1185 231 1
752 231 1
619 231 1
1156 231 1
229 231 1
1271 232 1
107 232 5
1255 232 1
619 232 1
229 232 1
1156 232 1
993 233 1
234 233 4
999 235 1
75 235 1
446 235 2
233 235 4
237 236 2
1114 236 1
731 237 2
786 237 4
75 237 1
1009 237 1
424 238 1
236 238 2
682 238 1
873 238 1
1190 238 1
1090 238 1
12 238 23
801 238 2
1061 238 1
1259 238 1
763 238 1
1254 238 1
351 238 1
830 238 2
1198 238 1
752 238 1
265 238 1
899 238 1
1185 238 1
738 238 2
236 239 2
738 239 2
873 239 1
899 239 1
752 239 1
1198 239 1
424 239 1
1061 239 1
265 239 1
1090 239 1
12 239 23
1190 239 1
1185 239 1
801 239 2
682 239 1
351 239 1
763 239 1
1254 239 1
830 239 2
1259 239 1
236 240 2
1254 240 1
763 240 1
738 240 2
241 240 6
492 241 3
149 241 2
305 241 2
209 241 1
158 241 2
237 241 2
580 241 1
142 242 1
242 243 1
100 243 1
57 244 1
49 245 1
247 246 1
247 248 2
246 248 1
939 249 1
248 249 2
979 249 2
137 249 8
570 249 3
251 250 1
10 251 3
253 252 4
993 252 1
252 254 4
1005 254 1
75 254 1
796 254 2
3 255 2
30 255 2
24 256 1
24 257 2
256 257 1
261 258 3
256 258 1
24 258 4
260 258 3
257 258 2
272 259 1
884 259 1
1272 259 1
223 259 5
257 259 2
257 260 2
24 260 3
256 261 1
24 261 3
257 261 2
24 262 3
261 262 3
24 263 1
256 263 1
2 264 2
3 264 1
266 265 1
396 266 4
348 266 2
75 266 1
1016 266 1
3 267 1
2 267 2
30 269 2
3 269 2
271 270 4
451 270 1
8 271 4
273 272 1
1088 273 3
223 273 2
275 274 1
572 275 3
278 276 4
277 276 2
648 276 1
117 276 1
3 277 2
30 277 2
451 278 1
279 278 4
8 279 4
993 282 1
283 282 4
30 284 2
3 284 2
1042 285 2
286 285 4
757 286 1
179 286 2
57 287 1
287 288 1
812 288 1
578 288 1
59 288 4
290 289 1
289 291 1
1149 291 1
290 291 4
487 291 2
294 292 4
293 292 2
117 292 1
649 292 1
30 293 2
3 293 2
451 294 1
295 294 4
8 295 4
297 296 2
117 296 1
642 296 1
298 296 4
3 297 2
30 297 2
299 298 4
451 298 1
8 299 4
230 300 1
55 301 1
303 302 1
301 302 1
55 303 1
26 305 4
1010 305 1
306 305 2
75 305 1
3 306 1
2 306 2
149 307 2
98 308 1
307 308 1
241 309 2
307 309 2
311 310 1
10 311 3
57 312 1
57 313 2
312 313 1
10 314 3
223 314 1
932 315 1
209 315 3
388 315 1
103 316 3
315 316 3
912 317 2
39 317 4
653 317 1
117 317 1
319 318 1
661 319 1
559 319 4
117 319 1
674 319 2
1115 320 1
338 320 1
941 320 1
981 320 1
900 320 1
1032 320 1
742 320 1
594 320 1
989 320 1
97 320 15
523 320 3
1087 320 1
318 320 1
1102 320 1
993 321 1
322 321 4
75 323 1
1001 323 1
505 323 2
321 323 4
725 324 1
325 324 2
419 325 1
327 326 1
1040 327 1
515 327 2
993 328 1
329 328 4
997 330 1
332 330 4
331 330 2
75 330 1
3 331 1
2 331 2
993 332 1
333 332 4
8 334 4
336 335 4
451 335 1
8 336 4
335 337 4
117 337 1
879 337 2
640 337 1
68 338 1
652 339 1
341 339 4
117 339 1
340 339 2
3 340 2
30 340 2
342 341 4
451 341 1
8 342 4
344 343 2
10 343 2
345 343 2
347 343 1
346 343 1
2 348 2
3 348 1
350 349 4
451 349 1
8 350 4
126 351 1
941 352 1
608 352 1
12 352 7
800 352 1
873 352 1
819 352 1
987 352 1
351 352 1
354 353 4
451 353 1
8 354 4
314 355 1
451 356 1
357 356 4
8 357 4
117 358 1
628 358 1
534 358 2
356 358 4
361 359 4
117 359 1
662 359 1
360 359 2
3 360 2
30 360 2
362 361 4
451 361 1
8 362 4
365 364 4
451 364 1
8 365 4
647 366 1
364 366 4
117 366 1
721 366 2
368 367 3
10 369 3
117 370 1
372 370 4
657 370 1
371 370 2
3 371 2
30 371 2
373 372 4
451 372 1
8 373 4
9 374 1
17 375 4
374 375 1
751 375 1
1116 375 1
585 375 1
139 376 1
96 377 1
376 377 1
139 378 2
376 378 1
378 379 2
96 379 2
96 380 1
376 380 1
96 381 1
376 381 1
57 382 1
384 383 4
993 383 1
3 385 1
2 385 2
993 386 1
387 386 4
209 388 1
390 389 2
632 389 1
391 389 4
117 389 1
30 390 2
3 390 2
451 391 1
392 391 4
8 392 4
327 393 1
230 394 1
30 395 2
3 395 2
397 396 4
993 396 1
654 398 1
400 398 4
117 398 1
399 398 2
3 399 2
30 399 2
401 400 4
451 400 1
8 401 4
223 402 1
402 403 1
223 403 2
403 404 2
223 404 2
416 405 1
406 405 5
914 405 1
402 405 1
223 406 2
158 406 1
77 407 1
402 407 1
914 408 1
416 408 1
77 408 3
402 408 1
33 410 4
117 410 1
637 410 1
411 410 2
30 411 2
3 411 2
3 412 1
2 412 2
993 413 1
414 413 4
3 415 2
30 415 2
223 416 1
77 417 1
416 417 1
273 418 1
416 418 1
10 419 3
451 420 1
421 420 4
8 421 4
420 422 4
284 422 2
117 422 1
660 422 1
163 423 4
1163 423 2
1162 423 1
142 424 1
8 425 4
427 426 1
10 427 3
1264 428 1
1164 428 1
97 428 8
1063 428 1
785 428 1
426 428 1
1157 428 1
1032 428 1
1258 428 1
426 429 1
1157 429 1
1164 429 1
1264 429 1
97 429 7
1063 429 1
1258 429 1
785 429 1
1164 430 1
611 430 1
1264 430 1
1157 430 1
1258 430 1
426 430 1
97 430 8
1063 430 1
785 430 1
1164 431 1
426 431 1
1264 431 1
1063 431 1
1157 431 1
1032 431 1
97 431 8
785 431 1
1258 431 1
97 432 7
1258 432 1
1264 432 1
1157 432 1
1063 432 1
1164 432 1
785 432 1
426 432 1
785 433 1
1264 433 1
1164 433 1
97 433 7
426 433 1
1258 433 1
1157 433 1
1063 433 1
1264 434 1
1258 434 1
785 434 1
426 434 1
1157 434 1
1164 434 1
1063 434 1
97 434 7
1258 435 1
426 435 1
1157 435 1
1164 435 1
1264 435 1
97 435 7
1063 435 1
785 435 1
426 436 1
97 436 7
1063 436 1
1264 436 1
1258 436 1
785 436 1
1164 436 1
1157 436 1
426 437 1
97 437 2
1030 437 1
1157 438 1
1258 438 1
989 438 1
1063 438 1
426 438 1
1164 438 1
734 438 1
20 438 11
1264 438 1
785 438 1
1032 438 1
799 438 1
426 439 1
97 439 3
1032 439 1
900 439 1
99 440 7
785 440 1
1164 440 1
1063 440 1
426 440 1
1157 440 1
1258 440 1
1264 440 1
99 441 7
785 441 1
1164 441 1
1063 441 1
426 441 1
1258 441 1
1264 441 1
1157 441 1
1258 442 1
785 442 1
1157 442 1
99 442 7
426 442 1
1063 442 1
1264 442 1
1164 442 1
426 443 1
1157 443 1
1258 443 1
1164 443 1
785 443 1
1264 443 1
99 443 7
1063 443 1
1063 444 1
1264 444 1
426 444 1
1258 444 1
99 444 7
785 444 1
1157 444 1
1164 444 1
1157 445 1
97 445 8
1164 445 1
1063 445 1
426 445 1
900 445 1
1258 445 1
1264 445 1
785 445 1
3 446 1
2 446 2
448 447 1
887 448 3
447 449 1
1029 449 1
448 449 4
908 449 1
448 450 4
449 450 4
8 451 3
3 452 1
2 452 2
454 453 4
993 453 1
457 456 4
337 458 1
97 459 9
742 459 1
1032 459 1
458 459 1
1115 459 1
989 459 1
826 459 1
941 459 1
1087 459 1
831 459 1
993 460 1
461 460 4
75 462 1
383 462 4
228 462 2
1000 462 1
764 463 1
57 463 2
467 465 4
631 465 1
117 465 1
466 465 2
3 466 2
30 466 2
451 467 1
468 467 4
8 468 4
49 469 1
451 470 1
471 470 4
8 471 4
117 472 1
722 472 2
470 472 4
656 472 1
472 473 2
1048 473 1
1048 474 1
1061 474 1
667 474 1
594 474 1
623 474 1
473 474 2
105 474 6
1040 475 1
161 475 2
477 476 1
353 477 4
638 477 1
117 477 1
494 477 2
476 478 1
97 478 2
1072 478 1
476 479 1
97 479 2
1072 479 1
480 481 3
483 482 2
1040 482 1
344 483 2
347 483 1
345 483 2
346 483 1
10 483 2
406 484 1
484 485 1
1119 485 1
59 485 2
290 486 1
486 487 1
290 487 2
490 488 4
489 488 2
117 488 1
641 488 1
30 489 2
3 489 2
451 490 1
70 490 4
456 491 1
126 491 2
1018 492 1
460 492 4
493 492 2
75 492 1
2 493 2
3 493 1
30 494 2
3 494 2
3 495 2
30 495 2
158 496 1
496 497 1
77 497 1
496 498 1
914 498 1
241 498 2
500 499 1
75 500 1
264 500 2
1008 500 1
617 500 4
499 501 1
93 501 2
1063 501 1
93 502 1
499 502 1
93 503 2
1063 503 1
499 503 1
499 504 1
93 504 1
2 505 2
3 505 1
209 506 1
103 507 1
506 507 1
3 508 2
30 508 2
10 509 3
251 510 1
510 511 1
77 511 1
77 512 1
510 512 1
510 513 1
77 513 1
10 514 3
10 515 2
344 515 2
347 515 1
345 515 2
346 515 1
126 516 1
107 517 1
516 517 1
519 518 2
636 518 1
117 518 1
520 518 4
3 519 2
30 519 2
334 520 4
451 520 1
522 521 4
1147 523 1
1043 523 1
68 523 3
68 524 1
1238 525 1
110 525 2
524 525 1
645 526 1
527 526 2
528 526 4
117 526 1
30 527 2
3 527 2
529 528 4
451 528 1
8 529 4
531 530 3
533 532 3
3 534 2
30 534 2
536 535 3
644 537 1
538 537 2
117 537 1
539 537 4
3 538 2
30 538 2
451 539 1
540 539 4
8 540 4
3 541 1
2 541 2
760 542 1
1191 542 1
491 542 3
491 543 6
1255 543 1
542 543 3
1171 543 1
760 543 1
1271 543 1
870 544 2
1191 544 1
542 544 3
491 544 4
925 545 2
131 545 4
639 545 1
117 545 1
117 546 1
1031 546 2
554 546 4
646 546 1
349 547 4
815 547 2
650 547 1
117 547 1
651 548 1
255 548 2
555 548 4
117 548 1
679 549 2
556 549 4
117 549 1
655 549 1
658 550 1
117 550 1
579 550 2
557 550 4
116 551 2
659 551 1
558 551 4
117 551 1
560 552 4
415 552 2
117 552 1
663 552 1
665 553 1
117 553 1
561 553 4
495 553 2
776 554 4
451 554 1
451 555 1
918 555 4
451 556 1
680 556 4
451 557 1
425 557 4
451 558 1
828 558 4
451 559 1
792 559 4
1027 560 4
451 560 1
613 561 4
451 561 1
563 562 3
8 562 3
75 564 1
282 564 4
565 564 2
994 564 1
2 565 2
3 565 1
533 566 3
568 567 3
137 569 1
940 570 1
569 570 1
137 570 3
137 571 4
570 571 3
3 573 1
2 573 2
251 574 1
223 575 1
577 576 1
575 576 1
223 577 2
57 578 1
3 579 2
30 579 2
581 580 2
582 580 4
1015 580 1
75 580 1
3 581 1
2 581 2
363 582 4
993 582 1
314 585 1
406 587 1
545 589 1
989 590 1
589 590 1
749 590 1
97 590 3
900 591 1
785 591 1
97 591 3
589 591 1
593 592 4
993 592 1
492 594 1
594 595 1
97 595 1
594 596 1
97 596 1
594 597 1
97 597 1
594 598 1
97 598 1
594 599 1
97 599 1
97 600 1
594 600 1
97 601 1
594 601 1
97 602 1
594 602 1
594 603 1
1107 603 1
97 603 2
1068 604 1
97 604 2
594 604 1
594 605 1
97 605 1
97 606 2
594 606 1
1098 606 1
532 607 1
427 608 1
588 609 4
993 609 1
55 610 1
123 611 1
989 612 1
1192 612 1
97 612 10
809 612 1
1093 612 1
754 612 1
826 612 1
1102 612 1
749 612 1
794 612 1
611 612 1
8 613 4
36 614 1
126 615 1
725 616 1
888 616 1
615 616 1
107 616 3
993 617 1
618 617 4
230 619 1
107 620 1
619 620 1
622 621 2
592 621 4
75 621 1
1022 621 1
2 622 2
3 622 1
156 623 1
625 624 1
625 626 2
624 626 1
625 627 2
626 627 2
451 628 1
451 629 1
451 630 1
451 631 1
451 632 1
451 633 1
451 634 1
451 635 1
451 636 1
451 637 1
451 638 1
451 639 1
451 640 1
451 641 1
451 642 1
451 643 1
451 644 1
451 645 1
451 646 1
451 647 1
451 648 1
451 649 1
451 650 1
451 651 1
451 652 1
451 653 1
451 654 1
451 655 1
451 656 1
451 657 1
451 658 1
451 659 1
451 660 1
451 661 1
451 662 1
451 663 1
451 664 1
451 665 1
2 666 2
3 666 1
156 667 1
107 668 3
667 668 1
1048 668 1
1174 668 1
1048 669 1
107 669 2
667 669 1
266 671 1
671 672 1
102 672 1
102 673 2
1160 673 1
671 673 1
3 674 2
30 674 2
677 675 4
676 675 2
1006 675 1
75 675 1
3 676 1
2 676 2
993 677 1
678 677 4
3 679 2
30 679 2
8 680 4
584 681 4
993 681 1
126 682 1
107 683 1
682 683 1
2 684 2
3 684 1
419 685 1
685 686 1
107 686 4
1094 686 1
1255 686 1
1168 686 1
685 687 1
106 687 1
106 688 1
685 688 1
685 689 1
106 689 1
106 690 1
685 690 1
685 691 1
106 691 1
106 692 1
685 692 1
685 693 1
106 693 1
106 694 1
685 694 1
685 695 1
106 695 1
106 696 1
685 696 1
685 697 1
106 697 1
685 698 1
107 698 1
106 699 1
685 699 1
107 700 1
685 700 1
916 702 1
703 702 2
701 703 1
1003 704 1
541 704 2
75 704 1
705 704 4
464 705 4
993 705 1
57 707 1
36 708 3
10 709 3
68 710 1
710 711 1
110 711 2
1048 711 1
710 712 1
110 712 1
110 713 1
710 713 1
710 714 1
110 714 1
710 715 1
110 715 1
710 716 1
110 716 1
110 717 2
1048 717 1
710 717 1
75 718 1
719 718 2
609 718 4
998 718 1
3 719 1
2 719 2
251 720 1
3 721 2
30 721 2
3 722 2
30 722 2
126 724 1
419 725 1
725 726 1
107 726 1
107 727 5
761 727 1
1184 727 1
822 727 1
1097 727 1
725 727 1
1161 728 1
107 728 2
725 728 1
500 729 1
729 730 1
93 730 2
1063 730 1
2 731 2
3 731 1
1040 732 1
733 732 2
10 733 2
345 733 2
347 733 1
346 733 1
344 733 2
735 734 1
10 735 3
97 736 1
734 736 1
305 737 1
305 738 2
737 738 1
10 739 3
739 740 1
200 742 1
941 743 1
1115 743 1
742 743 1
824 743 1
1030 743 1
1087 743 1
97 743 6
745 744 6
941 744 1
1030 744 1
742 744 1
824 744 1
1115 744 1
1087 744 1
200 745 1
296 745 3
492 745 1
337 745 1
824 746 1
1115 746 1
1030 746 1
1087 746 1
745 746 6
742 746 1
941 746 1
1115 747 1
1087 747 1
203 747 3
742 747 1
311 749 1
97 750 8
794 750 1
1192 750 1
989 750 1
1093 750 1
749 750 1
826 750 1
809 750 1
754 750 1
17 751 1
126 752 1
1174 753 1
107 753 4
1097 753 1
752 753 1
1185 753 1
755 754 1
10 755 3
757 756 1
286 758 3
756 758 1
1042 758 2
126 759 1
491 760 1
126 761 1
327 762 1
580 763 1
57 764 1
765 766 4
266 767 1
767 768 1
1264 768 1
102 768 2
102 769 1
767 769 1
767 770 1
1264 770 1
102 770 2
102 771 1
767 771 1
773 772 1
77 774 2
772 774 1
1039 774 1
772 775 1
77 775 2
1039 775 1
8 776 4
580 777 1
777 778 1
785 778 1
101 778 2
1273 779 1
777 779 1
580 779 3
779 780 3
101 780 3
777 781 1
101 781 1
777 782 1
101 782 2
785 782 1
101 783 1
777 783 1
311 785 1
993 786 1
787 786 4
347 788 1
344 788 2
345 788 2
346 788 1
10 788 2
149 789 1
928 790 1
149 790 2
789 790 1
98 791 2
928 791 1
789 791 1
8 792 4
514 794 1
10 795 3
2 796 2
3 796 1
266 797 1
102 798 2
1264 798 1
797 798 1
123 799 1
149 800 1
800 801 1
149 801 2
98 802 2
801 802 2
801 803 2
98 803 2
805 804 4
800 804 1
941 804 1
1061 804 1
819 804 1
149 805 1
492 805 2
126 805 1
492 806 1
1267 807 1
305 807 2
95 808 2
807 808 2
427 809 1
97 810 5
1032 810 1
941 810 1
809 810 1
989 810 1
985 810 1
57 812 1
500 813 1
93 814 1
813 814 1
3 815 2
30 815 2
735 817 1
110 818 3
1188 818 1
817 818 1
1189 818 1
126 819 1
59 820 1
126 822 1
110 823 2
822 823 1
1048 823 1
296 824 1
346 825 1
568 825 3
1183 825 1
739 826 1
2 827 2
3 827 1
8 828 4
139 829 1
139 830 2
829 830 1
337 831 1
156 832 1
500 833 1
833 834 1
93 834 1
488 835 1
941 836 1
989 836 1
835 836 1
97 836 4
1032 836 1
75 837 1
75 838 1
75 839 1
75 840 1
75 841 1
75 842 1
75 843 1
75 844 1
75 845 1
75 846 1
75 847 1
75 848 1
75 849 1
75 850 1
75 851 1
75 852 1
75 853 1
75 854 1
75 855 1
75 856 1
75 857 1
75 858 1
75 859 1
75 860 1
75 861 1
75 862 1
75 863 1
75 864 1
75 865 1
75 866 1
75 867 1
869 868 2
1004 868 1
681 868 4
75 868 1
2 869 2
3 869 1
491 870 2
1191 870 1
126 871 1
107 872 1
871 872 1
126 873 1
325 875 1
877 876 1
701 877 1
877 878 1
876 878 1
3 879 2
30 879 2
881 880 3
163 882 1
314 884 1
573 885 2
75 885 1
1023 885 1
886 885 4
784 886 4
993 886 1
126 888 1
888 889 1
107 889 1
888 890 1
1094 890 1
107 890 2
888 891 1
107 891 1
1255 892 1
1169 892 1
1104 892 1
888 892 1
106 892 4
419 893 1
126 894 1
894 895 1
107 895 1
230 896 1
57 897 1
973 898 1
897 898 1
59 898 3
1158 898 1
123 899 1
123 900 1
97 901 3
1032 901 1
1264 901 1
900 901 1
1032 902 1
97 902 3
900 902 1
1063 902 1
900 903 1
1032 903 1
97 903 2
900 904 1
1032 904 1
97 904 2
97 905 2
900 905 1
1032 905 1
1032 906 1
97 906 2
900 906 1
97 907 2
900 907 1
1032 907 1
448 908 1
68 910 1
3 912 2
30 912 2
492 913 1
158 914 1
914 915 1
77 915 1
701 916 1
701 917 2
916 917 1
8 918 4
532 919 1
919 920 1
607 920 1
919 921 1
607 921 1
607 922 1
919 922 1
919 923 1
607 923 1
607 924 1
919 924 1
3 925 2
30 925 2
126 926 1
107 927 1
926 927 1
149 928 1
98 929 1
928 929 1
409 931 4
993 931 1
209 932 1
932 933 1
103 933 1
932 934 1
103 934 1
103 935 1
932 935 1
932 936 1
103 936 1
938 937 3
247 939 1
137 940 1
492 941 1
241 942 3
1190 942 1
941 942 1
1061 942 1
12 943 1
941 943 1
806 944 1
941 944 1
806 945 1
941 945 1
941 946 1
97 946 1
941 947 1
913 947 1
941 948 1
97 948 1
941 949 1
90 949 1
941 950 1
806 950 1
941 951 1
97 951 1
941 952 1
88 952 2
1048 952 1
1048 953 1
88 953 2
941 953 1
955 954 1
941 954 1
492 955 1
941 956 1
97 956 1
97 957 1
941 957 1
941 958 1
86 958 1
97 959 1
941 959 1
78 960 1
941 960 1
941 961 1
97 961 1
941 962 1
97 962 1
97 963 1
941 963 1
941 964 1
97 964 1
97 965 1
941 965 1
941 966 1
97 966 1
1032 967 1
941 967 1
97 967 3
989 967 1
941 968 1
97 968 1
941 969 1
105 969 1
105 970 1
941 970 1
941 971 1
1048 971 1
105 971 2
941 972 1
97 972 1
57 973 1
68 975 1
993 976 1
977 976 4
137 978 1
917 979 1
877 979 2
36 980 2
492 981 1
981 982 1
88 982 1
981 983 1
86 983 1
78 984 1
981 984 1
518 985 1
163 986 1
514 987 1
427 988 1
547 989 1
1102 990 1
989 990 1
97 990 2
97 991 1
989 991 1
97 992 1
989 992 1
993 994 1
993 995 1
993 996 1
993 997 1
993 998 1
993 999 1
993 1000 1
993 1001 1
993 1002 1
993 1003 1
993 1004 1
993 1005 1
993 1006 1
993 1007 1
993 1008 1
993 1009 1
993 1010 1
993 1011 1
993 1012 1
993 1013 1
993 1014 1
993 1015 1
993 1016 1
993 1017 1
993 1018 1
993 1019 1
993 1020 1
993 1021 1
993 1022 1
993 1023 1
993 1024 1
931 1025 4
75 1025 1
1024 1025 1
827 1025 2
993 1026 1
8 1027 4
57 1028 1
448 1029 1
296 1030 1
30 1031 2
3 1031 2
123 1032 1
97 1033 1
1032 1033 1
97 1034 1
1032 1034 1
97 1035 1
1032 1035 1
230 1036 1
107 1037 2
1036 1037 1
1174 1037 1
327 1038 1
63 1039 1
346 1040 1
1237 1040 1
345 1040 3
10 1040 3
347 1040 1
344 1040 2
369 1041 1
1159 1042 1
179 1042 2
68 1043 1
1043 1044 1
68 1044 2
1147 1044 1
1043 1045 1
97 1045 1
701 1046 1
36 1047 3
1046 1047 1
1196 1047 1
917 1047 1
472 1048 1
1048 1049 1
107 1049 1
1048 1050 1
105 1050 1
1048 1051 1
105 1051 1
105 1052 1
1048 1052 1
1048 1053 1
105 1053 1
105 1054 1
1048 1054 1
105 1055 1
1048 1055 1
105 1056 1
1048 1056 1
1048 1057 1
79 1057 1
1048 1058 1
79 1058 1
1048 1059 1
79 1059 2
1131 1059 1
1048 1060 1
88 1060 2
1131 1060 1
492 1061 1
1061 1062 1
105 1062 1
795 1063 1
1063 1064 1
1164 1064 1
97 1064 3
1264 1064 1
1063 1065 1
97 1065 3
1164 1065 1
1264 1065 1
93 1066 1
1063 1066 1
1063 1067 1
93 1067 1
389 1068 1
1068 1069 1
81 1069 1
81 1070 1
1068 1070 1
81 1071 1
1068 1071 1
71 1072 1
492 1073 1
1148 1074 1
106 1074 3
1073 1074 1
1121 1074 1
237 1075 1
94 1076 1
1075 1076 1
230 1077 1
106 1078 3
1077 1078 1
1121 1078 1
1148 1078 1
106 1079 2
1174 1079 1
1077 1079 1
1081 1080 3
1077 1080 1
1121 1080 1
1148 1080 1
230 1081 3
1077 1082 1
300 1082 1
1077 1083 1
106 1083 3
1148 1083 1
1121 1083 1
106 1084 3
1121 1084 1
1148 1084 1
1077 1084 1
149 1085 1
98 1086 1
1085 1086 1
337 1087 1
126 1090 1
410 1091 1
1040 1092 1
788 1092 2
795 1093 1
126 1094 1
1094 1095 1
1255 1095 1
107 1095 2
61 1097 1
205 1098 1
83 1099 1
1098 1099 1
83 1100 1
1098 1100 1
1098 1101 1
83 1101 1
123 1102 1
126 1104 1
1104 1105 1
107 1105 3
1255 1105 1
1169 1105 1
465 1107 1
80 1108 1
1107 1108 1
1107 1109 1
80 1109 1
1107 1110 1
80 1110 1
304 1111 1
1111 1112 1
304 1112 1
304 1113 1
1111 1113 1
237 1114 1
296 1115 1
9 1116 1
149 1117 1
98 1118 1
1117 1118 1
57 1119 1
165 1120 1
230 1121 1
105 1122 2
1121 1122 1
1148 1122 1
1148 1123 1
105 1123 2
1121 1123 1
105 1124 2
1148 1124 1
1121 1124 1
105 1125 2
1148 1125 1
1121 1125 1
1148 1126 1
105 1126 2
1121 1126 1
105 1127 2
1148 1127 1
1121 1127 1
1148 1128 1
1121 1128 1
1081 1128 2
223 1129 1
577 1130 1
1129 1130 1
230 1131 1
88 1132 1
1131 1132 1
88 1133 1
1131 1133 1
1131 1134 1
79 1134 1
200 1135 1
237 1136 1
1136 1137 1
94 1137 1
237 1138 2
1136 1138 1
1138 1139 2
94 1139 2
1136 1140 1
94 1140 1
1136 1141 1
94 1141 1
268 1142 1
268 1143 1
1142 1143 1
580 1145 1
1145 1146 1
101 1146 1
68 1147 1
230 1148 1
290 1149 1
1040 1150 1
1040 1151 1
1040 1152 1
1040 1153 1
1040 1154 1
1040 1155 1
230 1156 1
755 1157 1
57 1158 1
179 1159 1
266 1160 1
55 1161 1
163 1162 1
163 1163 2
1162 1163 1
514 1164 1
97 1165 1
1164 1165 1
97 1166 1
1164 1166 1
1164 1167 1
97 1167 1
126 1168 1
126 1169 1
456 1171 1
1171 1172 1
109 1172 1
109 1173 1
1171 1173 1
230 1174 1
1174 1175 1
394 1175 1
1174 1176 1
106 1176 1
106 1177 1
1174 1177 1
1174 1178 1
106 1178 1
106 1179 1
1174 1179 1
106 1180 1
1174 1180 1
481 1181 1
1181 1182 1
481 1182 1
126 1184 1
126 1185 1
123 1186 1
735 1188 1
735 1189 1
492 1190 1
491 1191 1
509 1192 1
709 1194 1
61 1195 1
12 1196 1
53 1197 1
500 1198 1
117 1199 1
117 1200 1
117 1201 1
117 1202 1
117 1203 1
117 1204 1
117 1205 1
117 1206 1
117 1207 1
117 1208 1
117 1209 1
117 1210 1
117 1211 1
117 1212 1
117 1213 1
117 1214 1
117 1215 1
117 1216 1
117 1217 1
117 1218 1
117 1219 1
117 1220 1
117 1221 1
117 1222 1
117 1223 1
117 1224 1
117 1225 1
117 1226 1
117 1227 1
117 1228 1
117 1229 1
117 1230 1
117 1231 1
117 1232 1
117 1233 1
117 1234 1
117 1235 1
117 1236 1
472 1238 1
1238 1239 1
110 1239 1
1238 1240 1
110 1240 1
110 1241 1
1238 1241 1
1238 1242 1
110 1242 1
110 1243 1
1238 1243 1
110 1244 1
1238 1244 1
1238 1245 1
110 1245 1
110 1246 1
1238 1246 1
110 1247 1
1238 1247 1
110 1248 1
1238 1248 1
1238 1249 1
110 1249 1
1238 1250 1
110 1250 1
1238 1251 1
110 1251 1
1238 1252 1
110 1252 1
209 1254 1
126 1255 1
1271 1256 1
107 1256 2
1255 1256 1
2 1257 2
3 1257 1
509 1258 1
547 1259 1
1259 1260 1
1261 1260 1
547 1261 1
327 1262 1
703 1263 1
739 1264 1
1264 1265 1
102 1265 1
1264 1266 1
102 1266 1
305 1267 1
95 1268 1
1267 1268 1
95 1269 1
1267 1269 1
1267 1270 1
95 1270 1
126 1271 1
273 1272 1
580 1273 1
1277 1274 1
36 1274 2
142 1275 1
1275 1276 1
100 1276 1
196 1277 1
1277 1278 1
196 1278 1
327 1279 1
795 1280 1
