6649 6648 1
6680 6649 4
6651 6650 1
6648 6650 1
6693 6651 1
6649 6651 2
6669 6651 1
6827 6651 2
6653 6652 3
6774 6654 1
6654 6655 4
6649 6658 1
6658 6659 4
6661 6660 3
6789 6662 1
6800 6662 1
6662 6663 4
6664 6665 3
6664 6666 3
6653 6667 3
6718 6668 1
6814 6668 1
6668 6669 4
6653 6670 3
6672 6671 1
6653 6672 3
6675 6674 1
6674 6676 1
6677 6676 1
6675 6677 1
6653 6677 3
6677 6678 1
6674 6678 1
6653 6679 3
6682 6681 1
6755 6682 4
6684 6683 1
6681 6683 1
6682 6684 2
6744 6684 1
6760 6684 2
6887 6684 1
6687 6686 4
6877 6687 1
6689 6688 3
6865 6690 1
6690 6691 4
6653 6692 3
6849 6694 2
6693 6694 1
6718 6695 1
6693 6695 1
6786 6695 2
6663 6696 3
6693 6696 1
6720 6696 2
6698 6697 3
6653 6697 3
6700 6699 4
6707 6700 1
6653 6701 3
6703 6702 3
6887 6705 1
6706 6705 2
6709 6708 2
6887 6708 1
6686 6708 1
6653 6710 3
6712 6711 3
6653 6714 3
6716 6715 2
6887 6715 1
6653 6717 3
6719 6718 4
6805 6719 1
6663 6721 1
6721 6722 1
6696 6722 2
6839 6722 1
6669 6723 1
6669 6724 1
6723 6724 1
6726 6725 3
6730 6729 4
6870 6730 1
6732 6731 4
6669 6732 1
6735 6734 4
6653 6735 9
6649 6737 1
6737 6738 1
6658 6738 1
6686 6739 1
6708 6740 1
6739 6740 1
6718 6741 1
6741 6742 1
6695 6742 1
6744 6743 1
6783 6744 4
6743 6745 1
6898 6745 1
6746 6745 2
6744 6746 2
6887 6746 1
6842 6746 2
6653 6747 3
6748 6749 4
6751 6750 3
6751 6753 3
6682 6756 1
6756 6757 1
6684 6757 2
6862 6757 1
6759 6758 3
6655 6761 1
6763 6762 1
6761 6762 1
6887 6763 1
6768 6763 2
6655 6763 1
6707 6766 1
6766 6767 1
6700 6767 1
6711 6769 1
6711 6770 1
6769 6770 1
6653 6773 3
6777 6776 1
6777 6778 1
6776 6778 1
6777 6779 1
6776 6779 1
6838 6783 1
6675 6783 1
6653 6784 3
6653 6785 3
6816 6785 1
6883 6791 2
6790 6791 1
6653 6792 3
6774 6793 1
6793 6794 1
6654 6794 1
6873 6795 1
6797 6798 4
6800 6799 1
6662 6801 1
6799 6801 1
6653 6802 3
6697 6803 1
6805 6804 1
6719 6806 1
6804 6806 1
6808 6807 1
6653 6808 3
6653 6809 3
6653 6811 3
6815 6816 3
6669 6818 1
6818 6819 1
6732 6819 1
6747 6820 1
6816 6823 1
6785 6824 1
6823 6824 1
6677 6825 1
6649 6831 1
6831 6832 1
6651 6832 2
6840 6832 1
6809 6833 1
6834 6835 3
6675 6836 1
6783 6837 1
6836 6837 1
6663 6839 1
6669 6840 1
6653 6841 3
6784 6843 1
6653 6847 3
6838 6852 1
6783 6853 1
6852 6853 1
6735 6854 4
6735 6855 4
6653 6858 3
6653 6859 3
6744 6862 1
6865 6864 1
6864 6866 1
6690 6866 1
6870 6869 1
6869 6871 1
6730 6871 1
6663 6875 1
6875 6876 1
6696 6876 1
6785 6878 1
6814 6881 1
6668 6882 1
6881 6882 1
6877 6890 1
6687 6891 1
6890 6891 1
6789 6893 1
6893 6894 1
6662 6894 1
6718 6895 1
6895 6896 1
6668 6896 1
6668 6897 1
6895 6897 1
6744 6898 1
