700 33 2
295 33 1
35 34 2
286 34 1
281 35 4
733 35 3
37 36 2
34 36 2
35 37 2
745 39 4
745 40 4
745 41 4
43 42 1
745 43 1
42 44 1
45 44 1
43 45 2
314 46 1
47 46 2
42 46 1
74 47 1
51 47 3
43 47 1
698 47 1
76 47 4
50 49 4
51 50 7
94 50 1
743 52 1
743 53 1
55 54 2
56 54 1
272 54 1
733 57 1
57 58 1
700 58 2
743 59 1
731 60 1
60 61 1
745 61 2
43 62 2
77 62 1
62 63 2
667 63 1
43 63 3
771 64 1
780 64 1
65 64 3
88 64 1
66 64 2
698 67 1
51 68 3
50 68 4
714 69 5
65 70 2
691 70 2
101 72 1
73 72 2
743 75 2
51 76 5
745 77 1
78 79 3
733 80 1
690 81 2
694 81 1
693 81 1
692 81 1
691 81 2
96 82 2
83 82 3
84 85 3
87 86 2
56 86 1
88 86 3
743 89 1
43 90 1
90 91 1
45 91 1
65 92 3
709 94 2
736 94 1
83 95 1
95 96 1
83 96 2
743 97 1
743 98 1
733 99 1
35 99 1
722 104 1
104 105 1
722 105 1
743 106 1
733 107 1
109 108 1
107 108 1
733 109 1
111 110 1
294 111 2
110 112 1
111 112 2
280 112 1
690 113 3
743 115 1
767 268 2
115 268 1
282 268 1
743 269 1
690 270 3
743 271 1
733 273 1
286 274 1
99 274 3
273 274 1
276 275 6
278 277 2
313 277 1
743 279 1
111 280 1
743 282 1
35 286 1
286 287 1
37 287 1
289 288 1
286 288 1
35 289 1
286 290 1
35 290 1
743 291 1
275 294 5
702 294 1
733 295 1
719 296 1
743 297 1
65 298 3
56 299 1
686 301 2
314 301 1
704 302 2
301 302 2
733 303 1
303 304 1
35 304 1
743 305 1
743 306 1
69 307 4
111 308 1
308 309 1
111 309 1
702 310 1
294 311 2
310 311 1
111 312 2
311 312 2
698 314 1
743 316 1
94 317 1
317 318 1
50 318 1
733 660 1
660 661 1
665 661 1
35 661 2
743 662 1
745 663 1
743 664 1
733 665 1
43 667 1
667 668 1
745 668 1
64 669 1
743 673 1
743 674 1
687 686 4
698 686 1
704 686 1
716 687 3
689 688 5
693 689 5
694 689 5
692 689 5
690 689 11
691 689 12
696 697 6
697 698 5
696 699 3
733 700 3
699 700 3
696 701 6
701 702 5
686 704 2
703 704 5
706 705 1
693 706 1
708 707 2
705 707 1
706 707 2
705 708 1
706 708 2
738 709 2
293 709 1
737 709 2
711 710 4
713 712 4
714 713 6
690 715 3
690 717 3
780 717 1
691 718 6
779 719 1
689 719 1
771 719 1
81 719 2
713 719 1
718 719 5
719 720 1
720 721 1
722 721 1
719 722 1
689 723 2
689 724 5
689 725 5
689 726 2
689 727 5
691 728 4
65 728 3
728 729 2
691 730 6
780 731 1
779 731 1
770 731 1
778 731 1
689 731 1
771 731 1
772 731 1
730 731 5
769 731 2
691 732 3
35 733 1
671 733 1
732 733 3
71 733 2
37 733 4
70 733 2
728 733 1
659 733 1
735 734 3
738 736 4
737 736 2
93 736 1
293 736 1
736 739 2
741 740 1
743 742 1
782 744 1
305 744 1
742 744 1
662 744 1
783 744 8
59 744 1
274 744 3
98 744 1
53 744 1
279 744 1
745 744 36
291 744 1
89 744 1
316 744 1
106 744 1
297 744 1
664 744 1
115 744 1
97 744 1
311 744 2
673 744 1
52 744 1
271 744 1
269 744 1
674 744 1
75 744 2
282 744 1
38 745 9
294 745 2
43 745 1
743 745 25
64 745 1
99 745 3
731 745 1
80 746 1
58 746 2
700 746 4
746 747 4
700 747 7
33 747 2
749 748 9
747 748 7
751 749 1
687 749 4
700 749 7
751 750 9
748 750 9
749 751 9
748 766 8
767 766 8
686 767 2
719 767 1
700 767 7
743 767 3
698 767 2
749 767 8
747 768 7
767 768 12
53 768 1
301 768 2
314 768 1
67 768 1
296 768 1
690 769 2
691 769 2
693 769 1
694 769 1
692 769 1
743 782 1
61 783 2
745 783 8
669 783 1
782 783 1
663 783 1
306 783 1
