11347 11348 3
11490 11349 1
11476 11349 1
12810 11349 1
11350 11349 4
11626 11350 3
11556 11350 3
11491 11350 3
11462 11350 3
11533 11350 1
11706 11351 1
11349 11351 4
11503 11351 4
11617 11351 1
11350 11351 15
11687 11351 4
12570 11351 1
11353 11352 1
11355 11354 1
11352 11354 1
11416 11355 3
11653 11355 1
11491 11355 4
11462 11355 5
11353 11355 5
11411 11355 1
11357 11356 2
11511 11357 3
11356 11358 1
11357 11358 1
11346 11359 1
11359 11360 1
11370 11360 1
12811 11360 1
12825 11360 1
11361 11360 8
11872 11360 1
11346 11361 11
11498 11361 3
11363 11362 6
11360 11362 6
11482 11363 1
11618 11363 2
11361 11363 8
11710 11363 2
11360 11364 8
11365 11364 9
11361 11365 15
11367 11366 1
11369 11368 2
11475 11368 1
11366 11368 1
11665 11369 3
11367 11369 9
11664 11369 3
11346 11370 1
11370 11371 1
11876 11371 1
11372 11371 10
11606 11371 7
11650 11371 1
11361 11372 7
11395 11372 3
11346 11372 8
11365 11372 1
11619 11372 2
12825 11373 1
11372 11373 6
11370 11373 1
11364 11373 1
11674 11373 1
12815 11373 1
11872 11373 1
11650 11374 1
11876 11374 1
11372 11374 10
11370 11374 1
11606 11374 7
12815 11375 1
12825 11375 1
11372 11375 6
11364 11375 1
11872 11375 1
11370 11375 1
11674 11375 1
11650 11376 1
11876 11376 1
11372 11376 10
11606 11376 7
11370 11376 1
11364 11377 1
12815 11377 1
11872 11377 1
11674 11377 1
11370 11377 1
12825 11377 1
11372 11377 6
11379 11378 1
11895 11380 1
11497 11380 1
11633 11380 1
11696 11380 1
11632 11380 1
11870 11380 1
11589 11380 1
11449 11380 1
11668 11380 1
11474 11380 1
12590 11380 1
11378 11380 1
12595 11380 1
11620 11380 1
12612 11380 1
11480 11380 1
11877 11380 1
11545 11380 1
11396 11380 1
11888 11380 1
11499 11380 1
11381 11380 21
11530 11381 1
11379 11381 12
11397 11381 10
11416 11381 5
11870 11382 1
11696 11382 1
11668 11382 1
11895 11382 1
11396 11382 1
11383 11382 16
11589 11382 1
11499 11382 1
11633 11382 1
11888 11382 1
11378 11382 1
11632 11382 1
11474 11382 1
12612 11382 1
12590 11382 1
11545 11382 1
11877 11382 1
11379 11383 8
11381 11383 4
11397 11383 8
11633 11384 1
11888 11384 1
11668 11384 1
11545 11384 1
11589 11384 1
11474 11384 1
11870 11384 1
11378 11384 1
12590 11384 1
12595 11384 1
12612 11384 1
11632 11384 1
11480 11384 1
11449 11384 1
11895 11384 1
11497 11384 1
11620 11384 1
11877 11384 1
11499 11384 1
11381 11384 21
11696 11384 1
11396 11384 1
11633 11385 1
11632 11385 1
11396 11385 1
12595 11385 1
11499 11385 1
12612 11385 1
11888 11385 1
11696 11385 1
11381 11385 21
11870 11385 1
11589 11385 1
11895 11385 1
12590 11385 1
11877 11385 1
11545 11385 1
11480 11385 1
11620 11385 1
11474 11385 1
11449 11385 1
11668 11385 1
11378 11385 1
11497 11385 1
11396 11386 1
11480 11386 1
11381 11386 21
11696 11386 1
11895 11386 1
11499 11386 1
11449 11386 1
11474 11386 1
11497 11386 1
11632 11386 1
11545 11386 1
12595 11386 1
11877 11386 1
12612 11386 1
11620 11386 1
11378 11386 1
11668 11386 1
12590 11386 1
11888 11386 1
11589 11386 1
11870 11386 1
11633 11386 1
11632 11387 1
11668 11387 1
11633 11387 1
11870 11387 1
11589 11387 1
11449 11387 1
11474 11387 1
11480 11387 1
11396 11387 1
11499 11387 1
12612 11387 1
11497 11387 1
11895 11387 1
11620 11387 1
11378 11387 1
12590 11387 1
11381 11387 21
12595 11387 1
11696 11387 1
11888 11387 1
11545 11387 1
11877 11387 1
11668 11388 1
12595 11388 1
11378 11388 1
11449 11388 1
11696 11388 1
11589 11388 1
11381 11388 21
11870 11388 1
11877 11388 1
11633 11388 1
12590 11388 1
11480 11388 1
11499 11388 1
11620 11388 1
11545 11388 1
11396 11388 1
12612 11388 1
11895 11388 1
11632 11388 1
11497 11388 1
11474 11388 1
11888 11388 1
11632 11389 1
11499 11389 1
11696 11389 1
11381 11389 21
11633 11389 1
11545 11389 1
12612 11389 1
11870 11389 1
11589 11389 1
11497 11389 1
12595 11389 1
11620 11389 1
11895 11389 1
11396 11389 1
11668 11389 1
11474 11389 1
11877 11389 1
11378 11389 1
11449 11389 1
12590 11389 1
11888 11389 1
11480 11389 1
11497 11390 1
11545 11390 1
12612 11390 1
11396 11390 1
12595 11390 1
11888 11390 1
11895 11390 1
11381 11390 21
11449 11390 1
11696 11390 1
11877 11390 1
11632 11390 1
12590 11390 1
11474 11390 1
11378 11390 1
11633 11390 1
11499 11390 1
11870 11390 1
11589 11390 1
11480 11390 1
11620 11390 1
11668 11390 1
11698 11391 1
11559 11391 1
12602 11391 1
11480 11391 1
12821 11391 1
12595 11391 1
11558 11391 1
11668 11391 1
12818 11391 1
11642 11391 1
12614 11391 1
12560 11391 1
11593 11391 1
11632 11391 1
11378 11391 1
12612 11391 1
11543 11391 1
12809 11391 1
11499 11391 1
11396 11391 1
11900 11391 1
12610 11391 1
12598 11391 1
11888 11391 1
11898 11391 1
11877 11391 1
11590 11391 1
11492 11391 1
11659 11391 1
11474 11391 1
11538 11391 1
11392 11391 45
11497 11391 1
11633 11391 1
11881 11391 1
11620 11391 1
11589 11391 1
11895 11391 1
11870 11391 1
11545 11391 1
11696 11391 1
12590 11391 1
12564 11391 1
11600 11391 1
12816 11391 1
11524 11391 1
11442 11392 7
11493 11392 3
11901 11392 1
11471 11392 6
11884 11392 1
11539 11392 8
11397 11392 9
11379 11392 15
11416 11393 5
11552 11393 1
11395 11393 3
11394 11393 4
11379 11393 14
11436 11393 10
11507 11393 1
11491 11393 2
11381 11393 1
11493 11393 2
11397 11393 12
11519 11393 4
11530 11393 2
11556 11393 1
11639 11393 9
11462 11393 2
11395 11394 5
11381 11394 1
11639 11394 2
11397 11394 6
11397 11396 1
11461 11398 1
11895 11398 1
12822 11398 1
11449 11398 1
11524 11398 1
12558 11398 1
12828 11398 1
11396 11398 1
11698 11398 1
12559 11398 1
11690 11398 1
12612 11398 1
12570 11398 1
11393 11398 23
11553 11398 1
11512 11398 2
12827 11398 1
11673 11398 1
11480 11398 1
11499 11398 1
11415 11398 2
12579 11398 1
11506 11398 1
11895 11399 1
11499 11399 1
12612 11399 1
11393 11399 8
11480 11399 1
12828 11399 1
11449 11399 1
11396 11399 1
11589 11399 1
12828 11400 1
11396 11400 1
11499 11400 1
11589 11400 1
11449 11400 1
11393 11400 8
11895 11400 1
12612 11400 1
11480 11400 1
12612 11401 1
11415 11401 2
11667 11401 1
11480 11401 1
11620 11401 1
11477 11401 3
11871 11401 2
11393 11401 22
11512 11401 2
12828 11401 1
12584 11401 1
11449 11401 1
11497 11401 1
11589 11401 1
11396 11401 1
12572 11401 1
11895 11401 1
11437 11401 10
11435 11401 3
12601 11401 1
11905 11401 1
12612 11402 1
11449 11402 1
11895 11402 1
11589 11402 1
11480 11402 1
12828 11402 1
11499 11402 1
11396 11402 1
11393 11402 8
11480 11403 1
11589 11403 1
11437 11403 10
11449 11403 1
11396 11403 1
11393 11403 18
11499 11403 1
11895 11403 1
12828 11403 1
12612 11403 1
11404 11405 3
11407 11406 1
11409 11408 2
11883 11408 1
11406 11408 1
11679 11409 1
11405 11409 1
11407 11409 1
11411 11410 1
11410 11412 1
12570 11412 1
12588 11412 1
11413 11412 3
11482 11413 1
11670 11413 2
11411 11413 1
11556 11413 1
11507 11413 1
11416 11413 8
11410 11414 1
12570 11414 1
11413 11414 3
12599 11414 1
11416 11415 2
11410 11415 1
11411 11416 1
11556 11416 1
12589 11417 1
11898 11417 1
11593 11417 1
12558 11417 1
11393 11417 32
12601 11417 1
11620 11417 1
12582 11417 1
11415 11417 2
11663 11417 1
12827 11417 1
11524 11417 1
12578 11417 1
11602 11417 1
11551 11417 1
11497 11417 1
11589 11417 1
12581 11417 1
11636 11417 1
11698 11417 1
11714 11417 1
12584 11417 1
11905 11417 1
11574 11417 1
11480 11417 1
11499 11417 1
12595 11417 1
11893 11417 1
11523 11417 1
11667 11417 1
11512 11417 2
11578 11418 1
11636 11418 1
11512 11418 2
11546 11418 1
11381 11418 8
11415 11418 2
11668 11418 1
11523 11419 1
11512 11419 2
12581 11419 1
11393 11419 24
11663 11419 1
11893 11419 1
11714 11419 1
11480 11419 1
11415 11419 2
12582 11419 1
11499 11419 1
11698 11419 1
11524 11419 1
11593 11419 1
11551 11419 1
12827 11419 1
11898 11419 1
12578 11419 1
12589 11419 1
11589 11419 1
12595 11419 1
11620 11419 1
11497 11419 1
12581 11420 1
11393 11420 11
11574 11420 1
11636 11420 1
11512 11420 2
11589 11420 1
11551 11420 1
12578 11420 1
11415 11420 2
11499 11420 1
11668 11421 1
11578 11421 1
11696 11421 1
11480 11421 1
11636 11421 1
11415 11421 2
11512 11421 2
11546 11421 1
11381 11421 10
11499 11422 1
11393 11422 11
11574 11422 1
12578 11422 1
11415 11422 2
11551 11422 1
11589 11422 1
11636 11422 1
11512 11422 2
12581 11422 1
11578 11423 1
11696 11423 1
11636 11423 1
11480 11423 1
11381 11423 10
11668 11423 1
11512 11423 2
11546 11423 1
11415 11423 2
12584 11424 1
11551 11424 1
11497 11424 1
11620 11424 1
11512 11424 2
12595 11424 1
12827 11424 1
12601 11424 1
11593 11424 1
11667 11424 1
11523 11424 1
11574 11424 1
12578 11424 1
11636 11424 1
11524 11424 1
11698 11424 1
11663 11424 1
11905 11424 1
11589 11424 1
11499 11424 1
11602 11424 1
12581 11424 1
11415 11424 2
11893 11424 1
12589 11424 1
11393 11424 31
11714 11424 1
12582 11424 1
11480 11424 1
11898 11424 1
11696 11425 1
11578 11425 1
11636 11425 1
11546 11425 1
11381 11425 9
11512 11425 2
11480 11425 1
11415 11425 2
11415 11426 2
11636 11426 1
11393 11426 10
12578 11426 1
11589 11426 1
12581 11426 1
11499 11426 1
11574 11426 1
11512 11426 2
11696 11427 1
11636 11427 1
11512 11427 2
11381 11427 10
11415 11427 2
11480 11427 1
11546 11427 1
11668 11427 1
11578 11427 1
11667 11428 1
12584 11428 1
11905 11428 1
11574 11428 1
11512 11428 2
12581 11428 1
12578 11428 1
11415 11428 2
11636 11428 1
12601 11428 1
11393 11428 15
11589 11428 1
11551 11428 1
11499 11428 1
11578 11429 1
11636 11429 1
11480 11429 1
11512 11429 2
11415 11429 2
11381 11429 10
11668 11429 1
11546 11429 1
11696 11429 1
11898 11430 1
12581 11430 1
12582 11430 1
11497 11430 1
12559 11430 1
11393 11430 25
11551 11430 1
11712 11430 1
11873 11430 1
11415 11430 2
11705 11430 1
12827 11430 1
11589 11430 1
12826 11430 1
11620 11430 1
11714 11430 1
12578 11430 1
11512 11430 2
11593 11430 1
11499 11430 1
11480 11430 1
12595 11430 1
11685 11430 1
11636 11430 1
12827 11431 1
11415 11431 2
11393 11431 3
11433 11432 2
11415 11432 2
11416 11433 5
11639 11433 2
11415 11434 2
11574 11434 1
11393 11434 7
11578 11434 1
11512 11434 2
11636 11434 1
11410 11435 1
12601 11435 1
11436 11435 3
11411 11436 1
11556 11436 1
11519 11436 9
11477 11437 3
11435 11437 3
11436 11437 10
11871 11437 2
11905 11437 1
12616 11438 1
11437 11438 10
11436 11438 15
12571 11438 1
11634 11438 1
11684 11438 1
11518 11438 1
11367 11439 2
11369 11440 4
11486 11440 1
11439 11440 2
11697 11440 1
11442 11441 1
11441 11443 1
11590 11443 1
11880 11443 1
11891 11443 1
11550 11443 1
12600 11443 1
11444 11443 6
11442 11444 9
11395 11444 3
11703 11444 1
11462 11444 2
11491 11444 2
11446 11445 1
11576 11447 1
11520 11447 5
11565 11447 1
11445 11447 1
12615 11447 1
12593 11447 1
11448 11447 10
11604 11448 1
11446 11448 5
11570 11448 2
11521 11448 5
11397 11449 1
11449 11450 1
11499 11450 1
11474 11450 1
11895 11450 1
12612 11450 1
11696 11450 1
11381 11450 7
11589 11450 1
11589 11451 1
11696 11451 1
12612 11451 1
11499 11451 1
11449 11451 1
11381 11451 7
11668 11451 1
11895 11451 1
11499 11452 1
11589 11452 1
12612 11452 1
11381 11452 7
11895 11452 1
11449 11452 1
11696 11452 1
11668 11452 1
11895 11453 1
11701 11453 1
12828 11453 1
11393 11453 8
12607 11453 1
11499 11453 1
11449 11453 1
11589 11453 1
12612 11453 1
11499 11454 1
11895 11454 1
12612 11454 1
11449 11454 1
11393 11454 10
11480 11454 1
12827 11454 1
11589 11454 1
12599 11454 1
11506 11454 1
12828 11454 1
11394 11455 6
11499 11455 1
12612 11455 1
12828 11455 1
11895 11455 1
11589 11455 1
11449 11455 1
11449 11456 1
11895 11456 1
11499 11456 1
12612 11456 1
11578 11456 1
11589 11456 1
12828 11456 1
11394 11456 7
12612 11457 1
11449 11457 1
11499 11457 1
11895 11457 1
12828 11457 1
11589 11457 1
11394 11457 6
11394 11458 7
11589 11458 1
11499 11458 1
11449 11458 1
11895 11458 1
11578 11458 1
12828 11458 1
12612 11458 1
11480 11459 1
11506 11459 1
11449 11459 1
12828 11459 1
11393 11459 4
11462 11461 1
11461 11463 1
11464 11463 2
12579 11463 1
11640 11464 2
11462 11464 3
11482 11464 1
11466 11465 2
12579 11465 1
11461 11465 1
11395 11466 3
11473 11466 2
11539 11466 10
11462 11466 2
12579 11467 1
11690 11467 1
11461 11467 1
11444 11467 4
11553 11467 1
11689 11468 1
11502 11468 1
11461 11468 1
11479 11468 1
11894 11468 1
12591 11468 1
12579 11468 1
11476 11468 1
11641 11468 1
11355 11468 15
11553 11468 1
11490 11468 1
11690 11468 1
11896 11468 1
11546 11468 1
11675 11468 1
11357 11469 1
11356 11469 1
11471 11470 1
11478 11472 1
12562 11472 1
11535 11472 1
11564 11472 1
11473 11472 7
12810 11472 1
11470 11472 1
12610 11472 1
11395 11473 3
11703 11473 1
11626 11473 1
11471 11473 8
11466 11473 2
11397 11474 1
11367 11475 1
11462 11476 1
11436 11477 3
12570 11477 1
11667 11477 1
11471 11478 1
11353 11479 1
11379 11480 1
11589 11481 1
11893 11481 1
11480 11481 1
11698 11481 1
11506 11481 1
11524 11481 1
11685 11481 1
11499 11481 1
11663 11481 1
11393 11481 11
11523 11481 1
12589 11481 1
11482 11483 1
11671 11483 2
11491 11484 1
11482 11484 1
11644 11484 2
11711 11485 2
11482 11485 1
11367 11486 1
11353 11488 1
12557 11489 1
11355 11489 2
11488 11489 1
11491 11490 1
11493 11492 1
11492 11494 1
11593 11494 1
11898 11494 1
11495 11494 3
11493 11495 3
11495 11496 3
11593 11496 1
11492 11496 1
11898 11496 1
11379 11497 1
11397 11499 1
11589 11500 1
11668 11500 1
11895 11500 1
11499 11500 1
11696 11500 1
11381 11500 6
12612 11500 1
11696 11501 1
11589 11501 1
11499 11501 1
11381 11501 6
11895 11501 1
12612 11501 1
11668 11501 1
11491 11502 1
11699 11503 1
11350 11503 4
11502 11503 1
11894 11503 1
11505 11504 3
11507 11506 1
11635 11507 3
11413 11508 1
11506 11508 1
11413 11509 2
11651 11509 1
11506 11509 1
11511 11510 7
12570 11512 1
11416 11512 2
11578 11513 1
11696 11513 1
11546 11513 1
11668 11513 1
11381 11513 7
11636 11513 1
11512 11513 2
11433 11514 2
11512 11514 2
11512 11515 2
12826 11515 1
11873 11515 1
11524 11515 1
11685 11515 1
11393 11515 7
11698 11515 1
12599 11516 1
11512 11516 2
11685 11516 1
11433 11516 5
12826 11516 1
11873 11517 1
11524 11517 1
11685 11517 1
11512 11517 2
11698 11517 1
12826 11517 1
11393 11517 7
11519 11518 1
11887 11520 1
12823 11520 1
11662 11520 1
11521 11520 5
12824 11520 1
11570 11521 4
11700 11521 3
11448 11522 5
11520 11522 5
11379 11523 1
11379 11524 1
11524 11525 1
11526 11525 3
12809 11525 1
11698 11525 1
11379 11526 3
11698 11527 1
11524 11527 1
12826 11527 1
11393 11527 5
11685 11527 1
11873 11527 1
11526 11528 3
12809 11528 1
11524 11528 1
11698 11528 1
11698 11529 1
11524 11529 1
11526 11529 2
11466 11531 1
11531 11532 1
11473 11532 2
11874 11532 1
11534 11533 3
11473 11535 1
11491 11536 1
11536 11537 1
11484 11537 1
11539 11538 1
11538 11540 1
11466 11540 1
11542 11541 3
11471 11543 1
11543 11544 1
11473 11544 1
11379 11545 1
11416 11546 2
11578 11547 1
11381 11547 4
11696 11547 1
11636 11547 1
11546 11547 1
11546 11548 1
11636 11548 1
11668 11548 1
11381 11548 5
11578 11548 1
11696 11548 1
11462 11549 1
11556 11549 1
12569 11549 1
11626 11549 1
11656 11549 2
11442 11550 1
11552 11551 1
11491 11553 1
11510 11554 4
11556 11555 1
11655 11557 1
12819 11557 1
12591 11557 1
11549 11557 6
11555 11557 1
12568 11557 1
11625 11557 1
11442 11558 1
11539 11559 1
11571 11560 1
11875 11560 1
11466 11560 6
11559 11560 1
11897 11560 1
11693 11560 1
11654 11560 1
11466 11561 2
12614 11561 1
11559 11561 1
12614 11562 1
11559 11562 1
11466 11562 2
12614 11563 1
11559 11563 1
11466 11563 2
11471 11564 1
11446 11565 1
11567 11566 3
11511 11569 3
11539 11571 1
12597 11572 1
11573 11572 2
11392 11572 1
11379 11574 1
11446 11576 1
12615 11577 1
11661 11577 1
11603 11577 1
11448 11577 5
11887 11577 1
11576 11577 1
11397 11578 1
11899 11579 1
11578 11579 1
11701 11579 1
11393 11579 4
11636 11579 1
11578 11580 1
11394 11580 1
11394 11581 3
11712 11581 1
11578 11581 1
11705 11581 1
11578 11582 1
11394 11582 1
11578 11583 1
11394 11583 1
11668 11584 1
11381 11584 3
11578 11584 1
11696 11584 1
11696 11585 1
11668 11585 1
11381 11585 3
11578 11585 1
11668 11586 1
11381 11586 3
11578 11586 1
11696 11586 1
11381 11587 3
11578 11587 1
11668 11587 1
11696 11587 1
11381 11588 1
11578 11588 1
11397 11589 1
11442 11590 1
12564 11591 1
11590 11591 1
11444 11591 3
11702 11591 1
12564 11592 1
11590 11592 1
11444 11592 2
11493 11593 1
11495 11594 1
11593 11594 1
11567 11596 3
11597 11596 3
11598 11599 3
11539 11600 1
11600 11601 1
11466 11601 1
11397 11602 1
11604 11603 1
11346 11605 1
12613 11606 1
11605 11606 1
12815 11606 1
12808 11606 1
11361 11606 7
12594 11606 1
11674 11606 1
11365 11607 7
11606 11607 7
11372 11615 8
11876 11615 1
11606 11615 7
12815 11616 1
11674 11616 1
11372 11616 5
11605 11616 1
11364 11616 1
12594 11616 1
11556 11617 1
11656 11618 3
11379 11620 1
12563 11621 1
11364 11622 1
11365 11622 1
11672 11624 2
11623 11624 1
11626 11625 1
11533 11627 1
11627 11628 1
11350 11628 1
11395 11629 3
11703 11629 1
11530 11629 2
11381 11629 1
11397 11629 1
11416 11629 1
11395 11630 3
11397 11632 1
11379 11633 1
11519 11634 1
11530 11636 1
11530 11637 2
11636 11637 1
11629 11638 3
11637 11638 2
12812 11638 1
11416 11641 2
11471 11642 1
12610 11643 1
11642 11643 1
11702 11643 1
11473 11643 3
11473 11645 1
12583 11646 1
11466 11646 2
11645 11646 1
11510 11647 4
11511 11648 3
11511 11649 3
11619 11650 1
11416 11651 1
11652 11653 1
12577 11653 2
11466 11654 1
11656 11655 1
11618 11657 2
11655 11657 1
11363 11658 2
11657 11658 2
11442 11659 1
11444 11660 2
11659 11660 1
12600 11660 1
11570 11661 1
11570 11662 1
11379 11663 1
11363 11666 1
11360 11666 1
11519 11667 1
11379 11668 1
11383 11669 2
11696 11669 1
11668 11669 1
11397 11673 1
11346 11674 1
11416 11675 1
11656 11676 1
11618 11677 1
11676 11677 1
11680 11681 3
11392 11682 1
11572 11683 1
11682 11683 1
11519 11684 1
11639 11685 1
11626 11686 1
12579 11687 1
11350 11687 4
11686 11687 1
11690 11687 1
11411 11689 1
11491 11690 1
11416 11691 1
11691 11692 1
11413 11692 1
11539 11693 1
11693 11694 1
11701 11694 1
11392 11694 4
12562 11694 1
12600 11694 1
11693 11695 1
11466 11695 2
12818 11695 1
11379 11696 1
11367 11697 1
11379 11698 1
11626 11699 1
11397 11701 1
11703 11702 1
11702 11704 1
12828 11704 1
11629 11704 3
11906 11704 1
11639 11705 1
11556 11706 1
11416 11707 1
11413 11708 1
11707 11708 1
11639 11712 1
11379 11714 1
11379 11870 1
11436 11871 2
12584 11871 1
11346 11872 1
11639 11873 1
11466 11874 1
11539 11875 1
11346 11876 1
11397 11877 1
11879 11878 3
11442 11880 1
11442 11881 1
11881 11882 1
11444 11882 1
11405 11883 1
11367 11885 1
11369 11886 2
11885 11886 1
11892 11886 1
11570 11887 1
11379 11888 1
11353 11889 1
11355 11890 1
11889 11890 1
11444 11891 1
11367 11892 1
11379 11893 1
11462 11894 1
11397 11895 1
11653 11896 1
11539 11897 1
11493 11898 1
11530 11899 1
11901 11900 1
11903 11902 1
11900 11902 1
11901 11903 1
11903 11904 1
11900 11904 1
11519 11905 1
11416 11906 1
11353 12557 1
11639 12558 1
11639 12559 1
11471 12560 1
12560 12561 1
11473 12561 2
12562 12561 1
11471 12562 1
11442 12564 1
11416 12566 1
12566 12567 1
11413 12567 1
12569 12568 1
11556 12570 1
11519 12571 1
11639 12572 1
11619 12573 1
11372 12574 1
12573 12574 1
11416 12575 1
11413 12576 1
12575 12576 1
11397 12578 1
11462 12579 1
11639 12581 1
11379 12582 1
11473 12583 1
11519 12584 1
11679 12585 1
11409 12586 1
12585 12586 1
11416 12588 1
11379 12589 1
11379 12590 1
11462 12591 1
12591 12592 1
11464 12592 1
11446 12593 1
11346 12594 1
11379 12595 1
11539 12598 1
11416 12599 1
11442 12600 1
11519 12601 1
11442 12602 1
12602 12603 1
11444 12603 1
11363 12604 1
11360 12604 1
11360 12605 1
11363 12605 1
11393 12607 1
11367 12608 1
11369 12609 1
12608 12609 1
11471 12610 1
11641 12611 1
11413 12611 1
11397 12612 1
11346 12613 1
11539 12614 1
11446 12615 1
11519 12616 1
11346 12808 1
11379 12809 1
11626 12810 1
11346 12811 1
11397 12812 1
12812 12813 1
11629 12813 1
12812 12814 1
11629 12814 1
11346 12815 1
11539 12816 1
11466 12817 1
12816 12817 1
11539 12818 1
11656 12819 1
12819 12820 1
11618 12820 1
11471 12821 1
11397 12822 1
11570 12823 1
11570 12824 1
11346 12825 1
11639 12826 1
11379 12827 1
11381 12828 1
