18405 17057 1
19004 17058 1
18751 17059 1
17206 17060 1
18407 17060 2
18095 17062 1
18302 17063 1
18614 17065 1
18198 17066 1
18224 17067 1
18976 17068 1
18574 17069 1
17068 17069 1
17068 17070 1
18574 17070 1
18574 17071 1
17068 17071 1
17068 17072 1
18574 17072 1
18574 17073 1
17068 17073 1
17068 17074 1
18574 17074 1
19107 17075 2
17068 17075 1
17068 17076 1
19107 17076 2
18576 17077 1
17068 17077 1
18576 17078 1
17068 17078 1
17068 17079 1
18576 17079 1
18576 17080 1
17068 17080 1
17068 17081 1
18281 17081 1
18576 17082 1
17068 17082 1
18298 17083 1
18906 17084 1
18499 17085 1
18519 17086 1
18310 17087 1
17087 17088 1
18273 17088 1
18302 17089 1
19126 17090 1
19029 17091 1
17093 17092 3
18853 17092 1
18943 17095 1
17064 17096 1
18183 17097 1
18658 17098 1
18872 17099 1
18743 17100 1
18311 17102 4
18618 17103 1
18765 17104 1
18198 17105 1
18717 17106 1
18183 17107 1
18407 17108 1
18153 17109 1
17108 17109 1
19004 17110 1
18183 17111 1
18853 17112 1
18765 17114 1
18304 17115 1
17114 17115 1
19060 17116 1
19060 17117 1
17116 17117 1
18153 17118 1
17116 17118 1
18512 17119 1
17119 17120 1
18427 17120 1
19006 17121 1
18129 17122 1
17121 17122 1
18512 17123 1
19131 17124 1
18743 17125 1
18183 17126 1
18853 17128 1
17128 17129 1
17092 17129 1
17128 17130 1
18627 17130 1
18627 17131 1
17128 17131 1
18430 17132 1
18307 17133 1
18232 17135 1
17167 17136 1
18540 17136 2
18497 17137 1
18456 17138 1
18482 17139 1
18299 17140 2
17141 17140 2
17140 17141 2
18299 17141 2
18299 17142 2
17140 17142 2
18183 17143 1
18475 17144 1
18183 17145 1
18428 17146 1
19090 17147 1
18430 17148 1
18453 17149 1
18208 17150 1
18224 17151 1
18440 17152 1
18185 17153 1
18773 17154 1
18745 17155 1
18307 17156 1
19061 17157 1
18942 17158 1
18153 17159 1
17158 17159 1
18451 17160 1
17158 17160 1
18153 17161 1
17158 17161 1
17158 17162 1
18153 17162 1
18153 17163 1
17158 17163 1
17158 17164 1
18153 17164 1
18095 17165 1
19048 17166 1
18435 17167 1
18183 17168 1
18962 17169 1
18283 17170 1
18988 17172 1
18277 17173 1
19009 17174 1
18262 17175 1
17175 17176 1
18228 17176 1
17175 17177 1
18855 17177 1
18855 17178 1
17175 17178 1
18855 17179 1
17175 17179 1
18855 17180 1
17175 17180 1
18855 17181 1
17175 17181 1
18562 17182 1
17175 17182 1
17175 17183 1
18228 17183 1
18560 17184 2
17175 17184 1
18907 17185 2
17184 17185 2
18206 17186 1
17175 17186 1
17175 17187 1
18467 17187 1
18467 17188 1
17175 17188 1
18467 17189 1
17175 17189 1
17175 17190 1
18467 17190 1
17175 17191 1
18206 17191 1
17175 17192 1
18467 17192 1
17175 17193 1
18228 17193 1
17175 17194 1
18560 17194 1
17175 17195 1
18560 17195 1
18560 17196 1
17175 17196 1
17175 17197 1
18560 17197 1
18560 17198 1
17175 17198 1
17175 17199 1
19129 17199 1
18183 17200 1
18942 17201 2
17243 17201 1
18505 17202 2
17201 17202 2
18945 17203 1
19008 17204 1
17204 17205 1
18129 17205 1
18531 17206 1
18540 17207 1
17206 17207 1
18153 17208 1
17206 17208 1
18765 17210 1
19126 17211 1
19049 17212 1
17101 17213 1
18313 17214 1
18095 17215 1
18548 17216 1
18985 17217 1
17216 17217 1
17216 17218 1
19060 17218 1
18953 17219 1
18435 17220 1
18614 17221 1
18278 17222 1
18759 17223 1
18624 17224 1
18313 17225 1
19047 17226 1
18410 17227 1
17227 17228 1
18427 17228 1
18953 17229 1
18236 17230 1
18427 17231 1
17230 17231 1
18427 17232 1
17230 17232 1
19027 17233 1
17233 17234 1
18844 17234 1
18844 17235 1
17233 17235 1
18844 17236 1
17233 17236 1
18894 17237 1
17233 17237 1
17233 17238 1
18894 17238 1
18931 17239 1
18275 17240 1
18717 17241 1
18428 17242 1
18435 17243 1
18956 17244 1
17243 17244 1
18942 17245 1
17243 17245 1
19029 17247 1
18524 17248 1
18183 17249 1
19126 17250 1
18302 17251 1
18206 17252 1
18743 17253 1
17253 17254 1
18961 17254 1
18989 17255 1
18129 17256 1
17255 17256 1
18096 17257 1
18116 17257 1
18298 17258 1
19055 17259 1
17259 17260 1
18190 17260 1
18512 17261 1
18183 17262 1
17102 17264 1
17264 17265 1
18272 17265 1
17264 17266 1
18272 17266 1
19044 17267 1
17267 17268 1
18976 17268 1
18095 18094 1
17062 18096 1
18097 18096 44
18582 18096 1
17172 18096 1
18747 18096 1
18875 18096 1
18511 18096 1
17063 18096 1
18633 18096 1
19064 18096 1
18613 18096 1
18778 18096 1
17083 18096 1
17119 18096 1
17221 18096 1
17067 18096 1
18662 18096 1
18758 18096 1
18202 18096 1
18496 18096 1
19087 18096 1
19130 18096 1
18924 18096 1
19025 18096 1
18094 18096 1
17133 18096 1
18628 18096 1
17165 18096 1
17156 18096 1
18523 18096 2
18223 18096 1
18621 18096 1
18839 18096 1
18941 18096 1
18297 18096 1
18792 18096 4
18998 18096 1
18524 18097 3
18634 18097 1
18497 18097 3
18988 18097 5
18307 18097 2
18095 18097 4
18614 18097 2
19088 18097 2
18224 18097 6
18495 18097 1
18302 18097 1
18183 18097 1
19131 18097 2
18298 18097 3
18203 18097 2
18512 18097 2
18116 18115 175
18409 18115 1
18460 18115 1
18422 18115 1
18168 18115 66
18611 18115 1
17214 18115 1
17253 18115 1
17175 18115 1
19082 18115 1
18483 18115 1
18697 18115 1
18649 18115 1
17210 18115 1
18625 18115 4
18635 18115 3
18958 18115 1
18708 18115 1
18835 18115 1
17173 18115 1
18847 18115 1
18571 18115 2
19099 18115 10
18899 18115 1
17239 18115 1
18871 18115 1
17058 18115 1
19124 18115 1
18789 18115 1
18121 18115 52
19094 18115 1
19010 18115 10
19103 18115 13
18881 18115 1
18932 18115 1
18468 18115 1
18597 18115 1
18158 18115 61
17219 18115 1
18186 18115 40
18191 18115 65
17150 18115 1
19096 18115 10
17068 18115 1
18845 18115 1
17169 18115 1
18545 18115 1
18711 18115 4
17099 18115 1
18558 18115 1
17255 18115 1
18764 18115 1
18235 18115 1
18096 18115 44
17204 18115 1
18301 18115 1
19031 18115 1
17121 18115 1
18801 18115 1
17227 18115 1
19071 18115 1
19118 18115 4
18808 18115 1
17230 18115 1
18846 18115 1
18750 18115 1
18650 18115 4
17057 18115 1
19102 18115 11
18953 18116 1
19009 18116 2
18872 18116 2
18497 18116 1
18976 18116 1
18765 18116 2
18519 18116 2
18536 18116 6
18302 18116 1
18277 18116 1
18751 18116 1
18276 18116 1
19083 18116 2
18097 18116 44
18960 18116 1
18743 18116 2
18171 18116 6
18137 18116 54
18205 18116 2
18469 18116 2
19045 18116 1
19046 18116 1
19054 18116 1
18183 18116 1
18618 18116 2
19050 18116 1
18208 18116 1
18475 18116 1
18397 18116 10
18236 18116 2
18773 18116 2
19004 18116 1
18317 18116 5
18931 18116 1
18423 18116 1
18933 18116 1
18169 18116 66
18118 18116 132
18209 18116 13
19007 18116 1
19006 18116 1
18314 18116 2
18262 18116 1
18461 18116 1
18190 18116 1
18989 18116 1
19053 18116 1
18428 18116 1
19048 18116 1
18478 18116 3
18975 18116 1
18410 18116 2
18484 18116 1
18763 18116 1
18473 18116 1
18405 18116 1
19005 18116 1
18260 18116 1
18454 18116 1
18313 18116 1
18962 18116 2
19044 18116 1
19008 18116 2
18275 18116 4
18523 18117 2
18511 18117 1
17165 18117 1
18778 18117 1
18747 18117 1
17062 18117 1
19087 18117 1
17119 18117 1
18118 18117 50
19130 18117 1
18297 18117 1
18875 18117 1
18094 18117 1
18650 18117 4
18613 18117 1
19064 18117 1
18621 18117 1
18591 18117 9
18792 18117 4
19082 18117 1
17172 18117 1
18662 18117 1
17083 18117 1
18998 18117 1
18941 18117 1
17063 18117 1
18223 18117 1
17221 18117 1
18758 18117 1
17133 18117 1
17156 18117 1
18301 18117 1
18202 18117 1
18628 18117 1
17067 18117 1
18298 18118 3
18524 18118 3
18751 18118 1
18302 18118 2
18976 18118 1
18218 18118 1
18307 18118 2
19054 18118 1
18484 18118 2
18236 18118 2
18208 18118 1
18931 18118 5
19046 18118 1
19047 18118 1
18224 18118 6
19053 18118 3
18763 18118 1
18410 18118 2
19049 18118 1
18512 18118 2
18953 18118 1
18260 18118 1
18988 18118 5
18743 18118 2
18495 18118 1
18428 18118 1
19088 18118 2
18205 18118 2
18204 18118 1
19044 18118 1
19083 18118 1
19043 18118 1
19107 18118 4
19051 18118 1
18473 18118 1
19055 18118 1
19052 18118 1
18475 18118 1
18314 18118 1
18313 18118 1
18872 18118 1
18536 18118 7
18203 18118 2
18209 18118 32
19048 18118 1
18116 18118 53
19045 18118 1
19131 18118 2
18478 18118 4
18135 18118 53
18975 18118 1
18137 18118 54
18469 18118 2
18149 18118 1
18960 18118 1
18095 18118 4
18262 18118 1
18423 18118 2
18614 18118 2
19050 18118 1
18185 18118 27
18171 18118 4
18497 18118 4
19042 18118 1
18962 18118 2
18650 18119 4
18118 18119 51
18117 18119 50
18591 18119 9
19082 18119 1
18591 18120 9
18117 18120 50
19082 18120 1
18118 18120 51
18650 18120 4
18118 18121 52
18998 18121 1
17067 18121 1
17156 18121 1
18202 18121 1
18301 18121 1
18511 18121 1
18151 18121 52
17165 18121 1
18223 18121 1
18591 18121 9
18758 18121 1
18662 18121 1
18650 18121 4
17133 18121 1
18094 18121 1
19025 18121 1
19087 18121 1
17063 18121 1
17083 18121 1
18778 18121 1
18621 18121 1
17119 18121 1
17221 18121 1
18613 18121 1
18941 18121 1
19130 18121 1
18297 18121 1
18747 18121 1
19064 18121 1
18523 18121 2
17062 18121 1
19082 18121 1
18875 18121 1
18792 18121 4
17172 18121 1
18628 18121 1
18116 18122 52
18121 18122 52
18770 18123 1
17230 18123 1
18899 18123 1
18121 18123 52
18605 18123 1
18697 18123 1
18118 18123 127
17259 18123 1
18714 18123 1
17267 18123 1
18483 18123 1
18923 18123 1
17068 18123 1
17166 18123 1
18644 18123 1
18160 18123 53
18184 18123 27
17175 18123 1
17226 18123 1
19094 18123 1
18191 18123 65
18611 18123 1
19124 18123 1
18690 18123 1
18235 18123 1
18798 18123 1
18151 18123 52
18874 18123 1
18881 18123 1
19102 18123 11
17150 18123 1
17212 18123 1
18780 18123 1
18409 18123 1
17239 18123 1
18422 18123 1
18837 18123 1
18680 18123 4
18708 18123 1
18217 18123 1
17153 18123 1
19103 18123 13
18711 18123 4
18468 18123 1
18121 18124 52
18118 18124 75
18163 18124 75
18165 18125 53
18136 18125 54
18121 18125 52
18118 18125 56
18134 18125 53
18125 18126 56
18118 18126 56
18134 18126 53
18125 18127 56
18118 18127 56
18134 18127 53
18121 18128 52
18129 18128 52
19005 18129 1
18475 18129 1
19107 18129 5
18872 18129 2
18209 18129 13
18203 18129 2
18116 18129 11
18205 18129 2
18976 18129 1
19088 18129 2
18988 18129 5
19054 18129 1
18512 18129 2
18397 18129 10
18095 18129 4
19006 18129 1
18423 18129 1
18410 18129 2
18765 18129 2
18989 18129 1
19008 18129 1
18478 18129 3
18171 18129 5
19007 18129 1
19083 18129 2
18497 18129 1
18276 18129 1
18524 18129 3
18428 18129 1
18469 18129 1
18953 18129 1
18298 18129 3
18405 18129 1
19004 18129 1
19053 18129 1
19050 18129 1
18933 18129 1
18743 18129 2
18262 18129 1
19131 18129 2
18454 18129 1
18484 18129 1
18960 18129 1
18118 18129 131
18307 18129 2
18208 18129 1
18763 18129 1
18224 18129 6
18313 18129 1
18236 18129 2
19027 18129 1
18302 18129 1
18473 18129 1
19009 18129 1
18169 18129 66
18614 18129 2
18277 18129 1
18519 18129 2
18751 18129 1
18536 18129 5
18931 18129 1
18275 18129 4
18495 18129 1
18461 18129 1
18962 18129 2
18121 18130 52
18129 18130 52
18186 18131 40
18747 18131 1
17221 18131 1
18422 18131 1
18697 18131 1
18885 18131 3
18571 18131 2
19032 18131 2
17068 18131 1
18621 18131 1
19087 18131 1
18597 18131 1
17156 18131 1
19130 18131 1
18846 18131 1
17119 18131 1
17233 18131 1
17133 18131 1
18121 18131 52
17227 18131 1
18129 18131 107
18613 18131 1
17175 18131 1
18483 18131 1
18998 18131 1
18847 18131 1
17230 18131 1
18847 18132 1
18186 18132 40
19032 18132 2
18133 18132 95
18121 18132 52
19131 18133 2
19088 18133 2
18512 18133 1
18976 18133 1
18307 18133 2
18262 18133 1
18171 18133 1
18410 18133 1
18614 18133 2
18454 18133 1
19107 18133 3
19027 18133 1
18962 18133 1
18205 18133 2
18118 18133 92
18129 18133 26
18495 18133 1
18423 18133 1
18484 18133 1
19083 18133 1
18116 18133 2
18236 18133 1
18121 18134 52
18135 18134 53
18118 18135 92
18116 18135 2
18454 18135 1
18134 18136 53
18137 18136 54
18135 18137 53
19094 18138 1
18165 18138 53
18118 18138 61
17075 18138 2
18136 18138 54
17239 18138 1
17076 18138 2
18757 18138 1
18136 18139 54
18140 18139 54
18137 18140 54
18118 18141 135
18837 18141 1
18881 18141 1
18690 18141 1
18708 18141 1
18680 18141 4
17068 18141 1
18422 18141 1
19096 18141 10
18915 18141 1
19118 18141 4
19103 18141 13
18711 18141 4
18184 18141 27
18483 18141 1
18705 18141 1
18571 18141 2
18714 18141 1
18930 18141 5
17169 18141 1
18409 18141 1
19098 18141 3
17166 18141 1
17150 18141 1
18121 18141 52
18468 18141 1
18874 18141 1
18801 18141 1
18235 18141 1
18259 18141 1
18770 18141 1
19099 18141 10
18151 18141 52
18635 18141 3
18136 18141 54
19102 18141 11
18611 18141 1
17230 18141 1
18709 18141 4
17227 18141 1
18605 18141 1
17212 18141 1
18697 18141 1
19094 18141 1
17267 18141 1
18923 18141 1
18899 18141 1
17175 18141 1
18762 18141 1
18644 18141 1
19124 18141 1
17239 18141 1
17259 18141 1
17226 18141 1
18116 18142 56
18096 18142 1
18136 18142 54
18558 18142 1
18116 18143 66
18650 18143 4
17058 18143 1
18847 18143 1
18096 18143 1
17121 18143 1
17057 18143 1
17174 18143 1
17255 18143 1
19071 18143 1
19082 18143 1
18558 18143 1
19032 18143 2
18259 18143 1
18136 18143 54
18259 18144 1
19032 18144 2
18145 18144 64
17255 18144 1
18136 18144 54
18558 18144 1
18591 18144 9
18718 18144 1
18455 18144 3
18847 18144 1
19009 18145 1
18116 18145 49
19007 18145 1
18260 18145 1
18454 18145 1
18456 18145 3
18097 18145 1
18405 18145 1
18493 18145 1
18137 18145 54
18989 18145 1
19006 18145 1
19005 18145 1
19004 18145 1
18198 18145 2
18129 18146 53
18899 18146 1
18121 18146 52
18121 18147 52
18118 18147 52
17267 18148 1
17166 18148 1
18409 18148 1
17212 18148 1
18235 18148 1
18798 18148 1
18121 18148 52
18217 18148 1
18149 18148 60
19046 18149 1
18960 18149 1
18218 18149 1
18208 18149 1
19042 18149 1
18209 18149 1
18536 18149 4
18931 18149 1
18976 18149 1
18118 18149 52
18469 18149 1
18499 18149 1
18260 18149 1
18423 18149 1
18473 18149 1
19054 18149 1
19044 18149 1
19045 18149 1
18314 18149 1
19047 18149 1
19048 18149 1
18410 18149 1
19051 18149 1
18962 18149 1
19052 18149 1
19043 18149 1
18204 18149 1
19053 18149 1
18236 18149 1
19055 18149 1
19049 18149 1
18205 18149 1
18169 18149 66
18116 18149 53
18185 18149 1
19050 18149 1
18763 18149 1
18484 18149 1
18149 18150 74
18165 18150 53
18168 18150 66
18148 18150 60
18121 18151 52
18118 18151 52
18153 18152 169
19106 18152 14
18628 18152 1
18871 18152 1
18460 18152 1
18458 18152 9
18767 18152 1
19014 18152 1
17241 18152 1
18920 18152 1
18613 18152 1
18760 18152 1
18545 18152 1
17060 18152 2
18621 18152 1
18457 18152 4
18538 18152 1
18163 18152 75
17112 18152 1
18591 18152 9
17253 18152 1
19032 18152 2
18472 18152 3
18547 18152 1
17105 18152 1
17062 18152 1
18306 18152 1
18847 18152 1
18434 18152 1
19113 18152 16
17156 18152 1
18452 18152 1
18212 18152 1
18297 18152 1
18695 18152 1
18555 18152 2
17136 18152 2
17165 18152 1
18392 18152 7
18719 18152 1
18845 18152 1
19063 18152 1
18664 18152 1
18971 18152 1
17149 18152 1
18151 18152 52
17214 18152 1
18700 18152 1
17084 18152 1
18919 18152 1
19021 18152 1
17144 18152 1
18716 18152 1
18772 18152 1
18607 18152 1
17108 18152 1
17068 18152 1
18494 18152 1
18671 18152 2
18720 18152 1
19102 18152 11
17114 18152 1
17206 18152 1
18395 18152 7
17138 18152 1
18197 18152 1
19081 18152 1
17158 18152 1
17095 18152 1
17154 18152 1
18511 18152 1
17243 18152 1
18914 18152 1
18781 18152 1
17066 18152 1
18835 18152 1
18870 18152 1
17220 18152 1
19127 18152 1
18721 18152 2
17067 18152 1
18202 18152 1
18752 18152 2
19103 18152 13
17106 18152 1
18552 18152 2
18747 18152 1
18259 18152 1
18778 18152 1
18390 18152 7
18301 18152 1
18764 18152 1
18884 18152 1
18789 18152 1
18691 18152 2
18791 18152 1
18998 18152 1
18518 18152 1
18406 18152 2
18958 18152 1
17099 18152 1
18857 18152 2
18557 18152 2
17133 18152 1
17219 18152 1
19131 18153 2
18221 18153 2
18118 18153 77
18994 18153 2
18461 18153 1
18943 18153 1
18696 18153 1
18717 18153 4
18315 18153 1
18942 18153 3
18872 18153 4
18435 18153 7
18302 18153 2
19107 18153 19
18213 18153 2
18407 18153 6
18956 18153 3
18224 18153 2
18976 18153 1
18428 18153 1
19088 18153 2
18260 18153 1
18765 18153 3
18519 18153 3
18095 18153 3
18751 18153 3
18317 18153 9
18209 18153 11
18298 18153 2
18945 18153 2
19060 18153 2
18475 18153 3
18116 18153 11
18548 18153 1
18469 18153 1
18773 18153 4
18321 18153 10
18953 18153 1
18414 18153 4
18456 18153 10
18988 18153 2
18614 18153 2
18453 18153 1
18540 18153 5
18743 18153 2
18524 18153 3
18454 18153 1
18313 18153 1
19123 18153 4
18203 18153 2
18198 18153 9
18497 18153 1
18853 18153 1
18906 18153 1
18531 18153 1
19077 18153 4
18512 18153 2
18495 18153 3
19061 18153 3
18307 18153 4
18857 18154 2
18259 18154 1
18767 18154 1
17241 18154 1
18151 18154 52
18721 18154 2
18513 18154 1
18319 18154 4
17158 18154 1
18458 18154 9
18587 18154 5
18153 18154 74
18457 18154 4
18121 18155 52
18116 18155 52
18116 18156 52
18121 18156 52
18116 18157 52
18121 18157 52
17166 18158 1
18570 18158 3
18798 18158 1
18468 18158 1
18118 18158 61
17212 18158 1
18217 18158 1
18121 18158 52
18129 18159 61
18158 18159 61
18121 18160 52
18118 18160 53
18160 18161 53
18116 18161 56
18992 18161 1
18839 18161 1
18096 18161 1
18235 18162 1
19031 18162 1
18839 18162 1
19103 18162 13
18160 18162 53
18680 18162 4
18625 18162 4
19124 18162 1
18096 18162 2
18690 18162 1
18116 18162 78
18160 18163 53
18468 18163 1
18217 18163 1
18680 18163 4
18571 18163 2
18798 18163 1
17166 18163 1
19124 18163 1
19099 18163 10
18899 18163 1
17212 18163 1
18915 18163 1
18118 18163 75
18644 18163 1
18767 18164 1
18160 18164 53
18153 18164 55
17241 18164 1
18121 18165 52
18116 18165 53
18118 18166 53
18165 18166 53
18617 18167 1
17103 18167 1
18116 18167 54
18165 18167 53
18845 18168 1
18847 18168 1
19064 18168 1
18875 18168 1
18835 18168 1
18871 18168 1
18167 18168 54
18649 18168 1
17210 18168 1
18169 18168 66
18558 18168 1
18758 18168 1
17214 18168 1
18545 18168 1
18764 18168 1
18958 18168 1
17219 18168 1
17165 18168 1
17058 18168 1
18662 18168 1
17253 18168 1
17172 18168 1
18789 18168 1
18988 18169 4
18743 18169 2
18765 18169 2
18215 18169 21
19004 18169 1
18313 18169 1
18454 18169 1
18519 18169 2
18116 18169 63
18751 18169 1
18475 18169 1
18095 18169 2
18428 18169 1
18953 18169 1
19005 18169 1
18872 18169 1
18168 18170 66
18649 18170 1
17255 18170 1
18845 18170 1
18171 18170 67
18773 18171 1
18989 18171 1
18116 18171 4
18519 18171 2
18169 18171 66
18649 18172 1
18168 18172 66
18171 18172 67
17255 18172 1
18845 18172 1
18168 18173 66
19103 18173 13
18129 18173 79
18792 18174 4
18835 18174 1
17172 18174 1
18875 18174 1
18845 18174 1
18662 18174 1
18941 18174 1
18094 18174 1
18958 18174 1
18871 18174 1
17210 18174 1
17058 18174 1
18778 18174 1
18223 18174 1
17221 18174 1
18764 18174 1
18129 18174 66
17063 18174 1
18202 18174 1
19025 18174 1
18297 18174 1
18789 18174 1
18649 18174 1
17219 18174 1
18523 18174 2
19064 18174 1
18545 18174 1
18747 18174 1
18613 18174 1
17062 18174 1
17083 18174 1
18511 18174 1
19087 18174 1
18168 18174 66
18628 18174 1
17253 18174 1
18558 18174 1
18621 18174 1
17067 18174 1
17119 18174 1
17214 18174 1
17165 18174 1
19130 18174 1
18758 18174 1
18149 18175 66
18168 18175 66
18135 18176 54
19032 18176 2
18121 18176 52
18121 18177 52
18178 18177 52
18116 18178 2
18118 18178 52
18178 18179 52
18121 18179 52
18178 18180 52
18121 18180 52
18621 18181 1
17214 18181 1
17063 18181 1
18792 18181 4
18545 18181 1
17165 18181 1
17253 18181 1
18835 18181 1
18789 18181 1
19130 18181 1
17219 18181 1
17062 18181 1
18758 18181 1
17119 18181 1
17067 18181 1
19087 18181 1
18523 18181 2
18511 18181 1
18301 18181 1
17221 18181 1
18613 18181 1
18094 18181 1
18871 18181 1
18924 18181 1
18958 18181 1
18223 18181 1
18778 18181 1
19025 18181 1
18747 18181 1
18118 18181 33
18183 18182 1
17262 18184 1
18185 18184 27
17097 18184 1
18842 18184 1
18926 18184 1
17111 18184 1
18777 18184 1
18908 18184 1
17143 18184 1
18265 18184 1
17200 18184 1
17126 18184 1
17153 18184 1
19022 18184 1
17107 18184 1
18669 18184 1
18748 18184 1
18182 18184 1
18839 18184 1
17145 18184 1
19128 18184 1
18568 18184 1
18984 18184 1
17249 18184 1
17168 18184 1
19093 18184 1
18957 18184 1
18183 18185 25
18118 18185 8
18780 18186 1
18582 18186 1
19094 18186 1
18924 18186 1
18184 18186 27
18422 18186 1
17259 18186 1
18483 18186 1
18496 18186 1
17239 18186 1
19031 18186 1
18770 18186 1
17226 18186 1
18118 18186 40
18135 18187 40
18186 18187 40
18129 18188 40
18582 18188 1
18186 18188 40
18972 18189 1
18190 18189 30
18184 18189 27
18762 18189 1
18705 18189 1
18973 18190 1
18185 18190 27
18275 18190 2
18423 18190 1
19055 18190 1
18962 18190 1
19043 18190 1
18484 18190 1
19047 18190 1
18933 18190 1
18605 18191 1
17076 18191 2
17267 18191 1
18881 18191 1
17175 18191 1
19099 18191 10
18697 18191 1
18680 18191 4
18837 18191 1
18762 18191 1
17169 18191 1
18645 18191 2
18714 18191 1
17150 18191 1
18468 18191 1
17239 18191 1
17075 18191 2
18874 18191 1
18690 18191 1
18118 18191 65
18644 18191 1
19103 18191 13
17259 18191 1
18184 18191 27
19124 18191 1
17068 18191 1
19094 18191 1
18909 18191 3
17153 18191 1
18708 18191 1
17226 18191 1
17166 18191 1
18711 18191 4
18611 18191 1
18705 18191 1
18770 18191 1
19102 18191 11
18780 18191 1
18191 18192 65
18650 18192 4
18129 18192 82
19082 18192 1
17173 18192 1
18932 18192 1
18750 18192 1
18591 18192 9
18194 18193 3
17255 18195 1
18293 18195 1
18847 18195 1
18558 18195 1
17068 18195 1
18096 18195 1
18650 18195 4
19032 18195 2
18116 18195 13
18971 18196 1
18145 18196 15
18195 18196 13
18718 18196 1
18096 18196 1
18198 18197 1
18538 18199 1
18971 18199 1
18719 18199 1
18772 18199 1
17114 18199 1
17220 18199 1
18518 18199 1
18664 18199 1
17105 18199 1
18781 18199 1
18197 18199 1
18153 18199 25
18434 18199 1
19021 18199 1
17066 18199 1
18452 18199 1
18919 18199 1
18319 18199 4
18920 18199 1
19063 18199 1
18721 18199 2
19081 18199 1
18153 18200 83
18613 18200 1
18197 18200 1
18719 18200 1
18472 18200 3
17165 18200 1
18781 18200 1
18971 18200 1
17220 18200 1
17243 18200 1
18628 18200 1
18778 18200 1
18747 18200 1
19039 18200 18
18538 18200 1
17105 18200 1
18621 18200 1
17149 18200 1
19063 18200 1
18511 18200 1
17214 18200 1
17136 18200 2
18301 18200 1
18297 18200 1
18857 18200 2
17138 18200 1
17156 18200 1
18460 18200 1
18664 18200 1
18919 18200 1
18835 18200 1
18545 18200 1
18319 18200 4
19021 18200 1
17067 18200 1
18202 18200 1
18845 18200 1
18607 18200 1
17253 18200 1
18764 18200 1
17206 18200 1
18452 18200 1
17066 18200 1
18772 18200 1
17112 18200 1
18998 18200 1
18547 18200 1
18458 18200 9
18434 18200 1
18958 18200 1
17219 18200 1
19081 18200 1
18884 18200 1
18691 18200 2
17068 18200 1
19078 18201 6
17158 18201 1
18200 18201 83
18153 18201 88
19102 18201 11
18203 18202 1
18205 18204 5
18118 18205 12
18262 18206 1
18208 18207 6
18209 18208 11
18208 18209 1
18872 18209 2
18931 18209 1
18428 18209 1
18536 18209 7
18751 18209 1
18116 18209 9
19050 18209 1
18743 18209 2
18313 18209 1
18953 18209 1
19054 18209 1
18475 18209 1
18118 18209 28
19053 18209 1
18211 18210 4
19077 18211 2
18317 18211 5
18213 18212 1
18300 18213 3
18215 18214 5
18589 18215 6
18493 18215 4
19006 18215 2
18405 18215 2
19004 18215 2
19005 18215 2
18283 18215 2
19008 18215 2
19007 18215 1
19009 18215 2
18454 18215 1
18214 18215 2
18542 18215 5
18624 18215 2
18505 18215 8
18216 18215 36
19077 18216 2
18218 18217 1
18205 18218 5
18711 18219 4
17212 18219 1
18798 18219 1
18217 18219 1
18881 18219 1
18837 18219 1
19094 18219 1
18899 18219 1
17153 18219 1
18149 18219 19
18714 18219 1
18708 18219 1
18644 18219 1
18611 18219 1
17166 18219 1
17239 18219 1
18468 18219 1
17150 18219 1
18240 18220 18
18149 18220 39
18239 18220 27
18219 18220 19
18222 18221 3
18211 18221 4
18224 18223 1
18129 18225 15
17175 18225 1
18792 18225 4
18613 18225 1
17221 18225 1
18747 18225 1
19087 18225 1
18621 18225 1
18511 18225 1
19130 18225 1
17067 18225 1
18223 18225 1
18225 18226 15
19067 18226 11
18133 18226 26
17175 18226 1
18225 18227 15
18228 18227 15
18129 18228 26
18262 18228 1
19118 18229 4
18611 18229 1
17150 18229 1
18881 18229 1
18223 18229 1
18129 18229 12
18792 18229 4
18232 18231 1
18234 18233 1
18231 18233 1
18544 18234 4
18232 18234 1
18236 18235 1
18185 18236 5
17172 18237 1
18662 18237 1
18611 18237 1
19064 18237 1
18875 18237 1
18697 18237 1
18628 18237 1
18747 18237 1
18235 18237 1
17150 18237 1
19130 18237 1
18129 18237 11
18235 18238 1
18129 18238 1
17085 18239 1
18770 18239 1
18711 18239 4
19124 18239 1
18801 18239 1
18468 18239 1
17153 18239 1
17150 18239 1
18149 18239 27
18409 18239 1
18422 18239 1
18259 18239 1
18881 18239 1
18611 18239 1
17239 18239 1
19094 18239 1
18697 18239 1
18644 18239 1
18235 18239 1
18780 18239 1
18690 18239 1
18483 18239 1
17068 18239 1
17259 18239 1
18605 18240 1
18409 18240 1
18697 18240 1
18259 18240 1
17226 18240 1
18483 18240 1
18422 18240 1
18874 18240 1
17068 18240 1
19124 18240 1
17259 18240 1
18780 18240 1
18801 18240 1
18690 18240 1
17267 18240 1
18235 18240 1
18770 18240 1
18149 18240 18
18242 18241 12
19010 18241 10
17255 18241 1
18989 18242 1
18397 18242 10
18242 18243 12
18241 18243 12
18245 18244 1
18245 18246 1
18244 18246 1
18244 18247 1
18245 18247 1
18244 18248 1
18245 18248 2
18250 18249 2
18248 18249 2
18245 18250 2
18250 18251 2
18248 18251 2
18250 18252 2
18248 18252 2
18248 18253 2
18250 18253 2
18250 18254 2
18248 18254 2
18250 18255 2
18248 18255 2
18250 18256 2
18248 18256 2
18248 18257 2
18250 18257 2
18250 18258 1
18244 18258 1
18260 18259 1
19129 18260 4
18628 18261 1
18262 18261 7
18875 18261 1
17172 18261 1
19064 18261 1
18662 18261 1
18259 18261 1
18801 18261 1
18763 18262 1
18118 18262 4
18988 18262 5
18260 18262 1
17172 18263 1
18628 18263 1
18801 18263 1
19064 18263 1
18662 18263 1
18262 18263 7
18875 18263 1
18259 18263 1
18262 18264 1
18259 18264 1
18183 18265 1
18266 18267 15
18417 18267 7
18419 18267 7
18416 18267 7
18418 18267 7
18267 18268 8
18440 18268 3
18268 18269 5
18268 18270 5
18623 18271 1
18267 18271 4
18267 18272 4
17102 18272 1
18273 18272 2
18267 18273 4
18310 18273 1
18277 18275 1
18116 18275 4
18278 18275 1
18276 18275 1
18274 18275 9
18275 18276 4
18275 18277 4
18275 18278 4
18224 18279 1
17225 18280 1
17146 18280 1
17114 18280 1
18760 18280 1
18518 18280 1
17125 18280 1
17144 18280 1
18870 18280 1
18852 18280 1
18661 18280 1
18281 18280 25
18318 18280 2
18779 18280 1
17258 18280 1
17123 18280 1
18306 18280 1
18279 18280 1
18952 18280 1
17251 18280 1
17137 18280 1
18643 18280 1
17154 18280 1
18799 18280 1
18494 18280 1
18987 18280 1
18614 18281 1
19131 18281 1
18116 18281 2
19006 18281 1
18589 18281 6
18524 18281 1
18397 18281 10
18428 18281 1
18976 18281 1
18313 18281 1
18214 18281 1
19107 18281 3
18953 18281 1
18321 18281 6
18512 18281 1
18307 18281 1
18224 18281 1
18203 18281 1
18475 18281 1
18095 18281 1
18209 18281 11
18942 18281 2
18495 18281 1
18773 18281 1
18302 18281 1
18988 18281 1
18533 18281 8
18743 18281 1
18989 18281 1
18405 18281 1
19007 18281 1
18232 18281 4
18519 18281 1
18314 18281 1
19004 18281 1
18624 18281 1
18461 18281 1
18298 18281 1
18542 18281 1
18497 18281 1
18751 18281 1
18493 18281 1
19005 18281 1
18317 18281 2
18213 18281 1
19088 18281 1
18765 18281 1
18505 18281 6
18283 18281 1
18283 18282 1
18215 18283 5
18541 18284 4
17204 18284 1
18847 18284 1
17224 18284 1
17110 18284 1
18583 18284 1
18783 18284 1
18282 18284 1
18506 18284 7
18588 18284 6
18808 18284 1
18215 18284 31
19071 18284 1
17057 18284 1
18492 18284 3
18774 18284 1
18808 18285 1
18506 18285 7
17204 18285 1
18541 18285 4
19071 18285 1
18847 18285 1
18282 18285 1
17057 18285 1
18588 18285 6
18774 18285 1
18783 18285 1
17110 18285 1
18583 18285 1
17224 18285 1
18215 18285 31
18492 18285 3
18785 18286 1
18818 18286 1
17170 18286 1
19071 18286 1
17174 18286 1
18925 18286 1
18616 18286 1
18558 18286 1
18718 18286 1
18622 18286 1
17121 18286 1
18707 18286 6
17058 18286 1
18215 18286 20
18847 18286 1
18286 18287 20
18288 18287 20
18505 18288 6
18989 18288 1
19126 18288 4
19007 18288 1
18493 18288 1
18542 18288 1
19077 18288 2
18209 18288 11
18405 18288 1
19008 18288 1
18942 18288 1
18283 18288 1
18214 18288 1
18624 18288 1
18456 18288 1
19005 18288 1
18215 18288 20
19009 18288 1
18533 18288 8
19004 18288 1
19006 18288 1
18290 18289 1
18544 18290 4
17213 18291 1
18289 18291 1
17084 18291 1
18791 18291 1
18917 18291 1
17155 18291 1
18292 18291 8
19056 18291 1
17096 18291 1
17064 18292 1
18315 18292 1
18290 18292 1
18745 18292 1
18906 18292 1
19057 18292 1
17101 18292 1
18918 18292 1
18171 18293 1
18116 18294 26
18856 18294 1
18293 18294 1
17068 18294 1
18639 18294 3
19032 18294 2
18571 18294 2
18096 18294 1
19103 18294 13
19071 18294 1
17255 18294 1
19102 18294 11
18096 18295 1
18294 18295 26
18856 18295 1
18718 18295 1
18145 18295 53
18664 18295 1
18971 18295 1
18785 18295 1
17174 18295 1
18296 18295 43
19032 18296 2
19082 18296 1
18616 18296 1
18847 18296 1
17121 18296 1
18766 18296 1
18293 18296 1
18558 18296 1
19071 18296 1
17255 18296 1
18116 18296 43
18096 18296 1
18460 18296 1
17058 18296 1
19010 18296 10
18591 18296 9
19102 18296 11
18639 18296 3
18650 18296 4
17068 18296 1
18298 18297 1
18300 18299 3
18302 18301 1
18304 18303 10
18591 18303 9
18765 18304 1
18317 18304 4
18116 18304 9
18304 18305 16
18340 18305 5
17114 18305 1
18303 18305 10
18307 18306 1
18494 18308 1
17114 18308 1
18518 18308 1
17154 18308 1
18306 18308 1
18870 18308 1
18153 18308 10
18319 18308 4
17154 18309 1
18494 18309 1
18518 18309 1
18319 18309 4
18153 18309 10
18870 18309 1
18306 18309 1
17114 18309 1
18311 18310 4
17102 18311 1
18310 18311 1
18440 18311 3
18623 18311 1
18312 18311 11
18905 18314 1
18118 18314 4
18317 18316 1
18994 18317 1
18618 18317 3
18759 18317 1
18316 18318 1
18317 18318 2
18317 18319 4
18318 18319 2
18869 18319 1
18319 18320 4
18721 18320 2
18321 18320 6
19077 18321 2
18317 18321 4
18321 18322 6
18721 18322 2
18319 18322 4
18321 18323 6
18721 18323 2
18319 18323 4
18721 18324 2
18321 18324 6
18319 18324 4
18321 18325 4
18319 18325 4
18321 18326 6
18721 18326 2
18319 18326 4
18721 18327 2
18321 18327 6
18319 18327 4
18321 18328 6
18721 18328 2
18319 18328 4
18321 18329 6
18721 18329 2
18319 18329 4
18321 18330 6
18319 18330 4
18721 18330 2
18321 18331 6
18721 18331 2
18319 18331 4
18721 18332 2
18321 18332 6
18319 18332 4
18319 18333 4
18721 18333 2
18321 18333 6
18321 18334 6
18721 18334 2
18319 18334 4
18321 18335 4
18319 18335 4
18321 18336 6
18319 18336 4
18721 18336 2
18319 18337 4
18321 18337 4
18321 18338 4
18319 18338 4
18321 18339 4
18319 18339 4
18319 18340 4
18304 18340 5
18321 18341 6
18319 18341 4
18721 18341 2
18319 18342 4
18721 18342 2
18153 18342 6
17133 18343 1
18319 18343 4
17156 18343 1
18998 18343 1
18153 18343 8
17062 18343 1
18319 18344 4
18721 18344 2
18153 18344 6
18721 18345 2
18319 18345 4
18321 18345 6
18716 18346 1
18695 18346 1
18319 18346 4
17084 18346 1
18791 18346 1
18153 18346 10
18721 18346 2
18321 18347 6
18319 18347 4
18721 18347 2
18319 18348 4
18721 18348 2
18321 18348 6
18319 18349 4
18321 18349 4
18721 18350 2
18319 18350 4
18321 18350 6
18319 18351 4
19122 18351 4
18721 18351 2
18153 18351 10
18319 18352 4
18721 18352 2
18153 18352 6
18721 18353 2
18319 18353 4
18321 18353 6
18319 18354 4
18721 18354 2
18153 18354 6
18721 18355 2
18321 18355 6
18319 18355 4
18319 18356 4
18721 18356 2
18153 18356 6
18319 18357 4
18321 18357 6
18721 18357 2
18319 18358 4
18721 18358 2
18153 18358 6
18721 18359 2
18321 18359 6
18319 18359 4
18319 18360 4
18721 18360 2
18153 18360 6
18721 18361 2
18319 18361 4
18321 18361 6
18319 18362 4
18721 18362 2
18153 18362 6
18319 18363 4
18321 18363 6
18721 18363 2
18153 18364 6
18319 18364 4
18721 18364 2
18321 18365 6
18319 18365 4
18721 18365 2
18153 18366 6
18319 18366 4
18721 18366 2
18321 18367 6
18721 18367 2
18319 18367 4
18403 18368 6
18319 18368 4
18321 18368 8
18153 18369 14
18319 18369 4
19122 18369 4
17154 18369 1
18998 18369 1
18518 18369 1
17114 18369 1
17156 18369 1
17133 18369 1
19122 18370 4
18319 18370 4
17154 18370 1
17114 18370 1
18153 18370 11
18518 18370 1
18319 18371 4
18153 18371 4
18319 18372 4
18321 18372 4
18319 18373 4
17158 18373 1
18153 18373 5
18153 18374 5
17158 18374 1
18319 18374 4
18319 18375 4
18153 18375 4
18153 18376 4
18319 18376 4
18153 18377 5
18319 18377 4
18586 18377 1
18319 18378 4
18153 18378 4
17144 18379 1
17114 18379 1
19122 18379 4
18518 18379 1
18319 18379 4
17154 18379 1
18153 18379 14
18760 18379 1
18914 18379 1
18153 18380 8
18319 18380 4
19122 18380 4
18321 18381 4
18319 18381 4
18321 18382 4
18319 18382 4
18153 18383 4
18319 18383 4
18153 18384 8
18547 18384 1
18319 18384 4
18721 18384 2
18781 18384 1
18153 18385 6
18721 18385 2
18319 18385 4
18319 18386 4
18153 18386 4
18153 18387 16
18958 18387 1
17099 18387 1
18772 18387 1
17214 18387 1
17253 18387 1
18319 18387 4
17243 18387 1
18545 18387 1
18789 18387 1
17114 18387 1
18871 18387 1
17219 18387 1
18835 18387 1
18153 18388 4
18319 18388 4
18319 18389 4
18767 18389 1
17241 18389 1
18153 18389 6
18721 18390 2
18321 18390 7
18319 18390 4
18767 18391 1
18390 18391 7
18721 18391 2
17241 18391 1
18153 18391 10
18513 18391 1
18721 18392 2
18321 18392 7
18319 18392 4
18153 18393 13
19078 18393 6
18392 18393 7
17158 18393 1
19014 18393 1
18153 18394 9
18392 18394 7
19014 18394 1
17158 18394 1
18321 18395 7
18319 18395 4
18721 18395 2
18591 18396 9
18397 18396 13
18319 18396 4
18242 18397 4
18317 18397 4
18116 18397 9
18153 18398 4
18319 18398 4
18319 18399 4
18700 18399 1
19076 18399 2
18847 18399 1
18721 18399 2
18153 18399 11
17158 18399 1
18321 18400 5
18318 18400 2
18721 18400 2
18321 18401 6
18403 18401 6
18400 18401 5
18400 18402 5
18321 18402 5
18400 18403 5
18321 18403 6
17135 18404 1
18403 18404 6
18281 18404 10
18666 18404 1
18784 18404 1
18876 18404 1
18169 18405 6
18407 18406 2
17206 18406 1
18299 18407 2
18531 18407 1
18540 18407 1
18526 18407 2
18943 18407 1
18300 18407 3
17060 18408 2
18406 18408 2
18153 18408 3
18410 18409 1
18185 18410 5
18129 18411 1
18409 18411 1
18273 18412 2
17087 18412 1
18272 18413 2
18412 18413 2
18415 18414 4
18548 18414 1
18540 18415 3
19060 18415 2
18145 18420 1
18145 18421 1
18420 18421 1
18423 18422 1
18118 18423 4
18129 18424 1
18422 18424 1
17119 18425 1
18613 18425 1
17221 18425 1
18621 18425 1
19130 18425 1
18747 18425 1
19087 18425 1
18697 18425 1
18133 18425 12
17227 18425 1
18483 18425 1
17230 18425 1
18422 18425 1
18427 18426 1
18422 18426 1
18962 18427 1
18423 18427 1
18236 18427 1
18512 18427 1
18614 18427 2
18410 18427 1
19088 18427 2
18484 18427 1
19131 18427 2
18430 18429 1
18429 18431 1
18491 18431 1
18432 18431 7
17128 18431 1
18997 18431 1
18771 18431 1
17132 18431 1
17148 18431 1
18430 18432 6
18853 18432 1
18429 18433 1
18771 18433 1
18997 18433 1
18491 18433 1
18432 18433 7
17128 18433 1
17148 18433 1
17132 18433 1
18435 18434 1
18743 18438 1
18208 18438 6
18440 18439 1
18311 18440 4
18902 18441 1
18311 18441 7
18439 18441 1
17264 18441 1
19117 18441 1
17087 18441 1
17152 18441 1
18441 18442 7
18311 18442 8
19117 18443 1
18439 18443 1
18268 18443 4
17152 18443 1
18443 18444 4
18445 18444 4
17113 18445 1
18268 18445 4
18447 18446 1
18942 18447 4
18956 18447 5
18663 18447 2
18446 18448 1
18447 18448 2
18447 18449 2
18448 18449 2
18877 18450 1
18451 18450 5
18446 18450 1
17158 18450 1
17201 18450 2
18447 18451 1
18942 18451 3
18956 18451 1
18198 18452 1
18300 18453 3
18169 18454 6
19076 18455 2
18456 18455 3
18198 18456 4
18283 18456 1
19077 18456 4
18214 18456 1
18456 18457 4
18455 18457 3
17066 18458 1
18457 18458 4
17105 18458 1
19021 18458 1
18456 18458 9
19081 18458 1
18457 18459 4
18153 18459 4
18461 18460 1
19020 18461 4
19032 18462 2
17255 18462 1
18558 18462 1
19102 18462 11
18460 18462 1
18281 18462 18
17058 18462 1
18718 18462 1
18460 18463 1
18281 18463 4
17075 18463 2
18690 18463 1
17058 18464 1
18129 18464 3
18460 18464 1
17255 18464 1
18129 18465 14
19103 18465 13
18460 18465 1
19102 18466 11
18460 18466 1
18129 18466 12
18262 18467 1
18469 18468 1
18118 18469 4
18129 18470 1
18468 18470 1
18129 18471 1
18468 18471 1
17108 18472 1
18407 18472 3
18626 18472 1
18118 18473 4
18475 18474 1
17124 18476 1
18884 18476 1
18811 18476 1
17059 18476 1
18744 18476 1
17086 18476 1
17215 18476 1
17065 18476 1
18850 18476 1
18911 18476 1
17089 18476 1
17104 18476 1
18474 18476 1
18898 18476 1
17248 18476 1
18632 18476 1
19070 18476 1
18912 18476 1
17261 18476 1
17151 18476 1
18153 18476 20
17089 18477 1
17229 18477 1
18884 18477 1
17151 18477 1
17261 18477 1
17065 18477 1
18850 18477 1
17086 18477 1
18632 18477 1
18911 18477 1
18744 18477 1
17215 18477 1
19070 18477 1
17124 18477 1
18742 18477 1
17100 18477 1
18474 18477 1
17242 18477 1
19092 18477 1
17248 18477 1
18478 18477 29
17104 18477 1
18711 18477 4
19026 18477 1
18811 18477 1
18912 18477 1
18611 18477 1
18872 18478 1
18634 18478 2
19027 18478 1
18953 18478 1
18524 18478 1
18095 18478 1
18205 18478 1
19131 18478 1
18614 18478 1
18313 18478 1
19088 18478 1
18519 18478 1
18302 18478 1
18428 18478 1
18495 18478 1
18536 18478 4
18307 18478 1
18475 18478 1
19054 18478 1
18298 18478 1
18773 18478 1
18512 18478 1
18743 18478 1
18203 18478 1
18765 18478 1
18224 18478 1
18988 18478 1
18480 18479 6
18990 18481 7
18482 18481 14
17139 18481 1
18479 18481 6
18991 18482 7
18480 18482 6
18484 18483 1
18118 18484 4
18129 18485 1
18483 18485 1
18483 18486 1
18427 18486 1
18489 18488 1
18665 18489 3
18430 18491 1
18493 18492 3
18721 18492 2
19077 18493 2
18215 18493 5
18495 18494 1
18497 18496 1
18496 18498 1
18924 18498 1
18499 18498 4
18582 18498 1
19031 18498 1
18118 18499 4
18497 18499 4
18501 18500 1
18503 18502 5
18500 18502 1
18761 18502 1
19012 18502 1
18980 18502 1
18780 18502 1
19042 18503 1
18501 18503 4
18505 18504 1
18942 18505 5
18215 18505 5
18504 18506 1
18706 18506 5
18505 18506 7
18508 18507 9
18510 18509 9
18507 18509 9
18508 18510 9
18512 18511 1
18213 18513 1
18513 18514 1
18153 18514 1
18513 18515 1
18153 18515 1
18925 18516 1
18718 18516 1
18532 18516 8
17170 18516 1
18818 18516 1
17201 18516 2
19010 18516 10
18707 18516 6
18513 18516 1
17121 18516 1
18558 18516 1
18281 18516 38
17058 18516 1
19032 18516 2
18622 18516 1
19071 18516 1
18785 18516 1
18588 18516 6
18153 18517 3
17201 18517 2
18513 18517 1
18519 18518 1
17144 18520 1
17114 18520 1
18521 18520 7
18518 18520 1
18914 18520 1
17154 18520 1
18760 18520 1
18773 18521 1
18475 18521 1
18872 18521 1
18751 18521 1
18765 18521 1
18519 18521 1
18521 18522 7
18520 18522 7
18524 18523 2
18527 18525 2
18526 18525 2
18300 18526 3
18526 18527 2
18525 18527 2
18526 18528 2
18527 18528 2
18407 18529 5
17141 18529 2
18974 18529 1
18525 18529 2
17141 18530 2
18974 18530 1
18525 18530 2
18531 18530 5
18299 18531 2
18300 18531 3
18526 18531 2
18943 18531 1
18721 18532 2
18533 18532 8
17141 18532 2
18525 18532 2
18974 18532 1
19077 18533 2
18943 18533 1
18299 18533 2
18526 18533 2
18532 18534 8
18288 18534 10
17250 18534 1
18925 18534 1
18709 18535 4
18536 18535 5
19052 18536 1
18209 18536 11
18960 18536 1
19051 18536 1
18899 18537 1
18535 18537 5
18546 18537 19
18680 18537 4
17150 18537 1
18209 18537 34
19099 18537 10
19096 18537 10
18435 18538 1
17206 18539 1
18540 18539 3
17167 18539 1
18956 18540 1
18453 18540 1
18435 18540 2
18531 18540 1
18542 18541 4
18539 18541 3
18215 18542 5
18540 18542 5
18640 18542 1
18544 18543 4
18428 18545 1
18835 18546 1
18789 18546 1
18209 18546 19
18871 18546 1
18591 18546 9
17099 18546 1
17214 18546 1
17219 18546 1
18545 18546 1
18958 18546 1
17253 18546 1
18548 18547 1
18781 18549 1
18721 18549 2
18547 18549 1
18153 18549 4
18153 18550 1
18547 18550 1
18153 18551 1
18547 18551 1
18547 18552 1
18414 18552 2
18552 18553 2
18153 18553 2
18854 18554 1
18557 18554 2
18555 18554 2
17157 18554 1
18552 18554 2
18153 18554 7
18913 18554 1
18547 18555 1
18414 18555 2
18153 18556 2
18555 18556 2
18414 18557 2
18547 18557 1
19005 18558 1
18262 18560 1
18562 18561 2
18601 18561 1
18602 18562 1
18262 18562 1
18561 18563 2
18562 18563 2
18565 18564 1
18564 18566 1
18565 18566 2
18566 18567 2
18565 18567 2
18183 18568 1
19091 18569 4
18118 18570 3
18775 18570 2
18205 18571 2
18644 18571 1
17068 18572 1
18571 18572 2
18133 18572 3
18571 18573 2
18574 18573 2
18976 18574 1
18205 18574 2
18571 18575 2
18576 18575 2
18976 18576 1
18205 18576 2
18571 18577 2
19001 18577 2
18579 18578 2
18571 18578 2
18205 18579 2
18574 18580 2
18571 18580 2
18571 18581 2
19001 18581 2
18497 18582 1
18214 18583 1
18584 18585 1
17094 18585 2
18994 18586 1
18586 18587 1
18617 18587 1
17223 18587 1
18317 18587 5
17103 18587 1
18589 18588 6
18587 18588 5
18317 18589 5
18215 18589 5
18116 18590 6
17210 18590 1
18587 18590 5
18587 18591 5
18772 18591 1
17210 18591 1
18764 18591 1
18116 18591 9
18591 18592 9
18153 18592 9
18591 18593 9
17158 18593 1
18153 18593 10
18129 18594 9
18591 18594 9
18211 18595 6
18720 18595 1
18587 18595 5
18586 18596 1
18994 18596 1
19083 18597 1
18597 18598 1
18133 18598 2
18846 18598 1
18602 18601 1
18810 18602 2
19134 18602 1
18601 18603 1
18562 18603 1
18601 18604 1
18562 18604 1
19045 18605 1
18605 18606 1
18116 18606 4
18923 18606 1
18874 18606 1
17267 18606 1
19060 18607 1
19060 18608 1
18607 18608 1
18607 18609 1
19060 18609 2
18782 18610 3
18415 18610 5
18609 18610 2
19054 18611 1
19054 18612 2
18835 18612 1
18611 18612 1
18614 18613 1
18427 18615 2
17221 18615 1
18613 18615 1
19008 18616 1
18618 18617 1
17103 18619 1
18317 18619 2
18617 18619 1
18317 18620 2
17103 18620 1
18617 18620 1
19088 18621 1
18542 18622 1
18311 18623 4
18215 18624 5
18275 18625 4
18750 18625 1
17173 18625 1
17222 18625 1
18540 18626 1
18853 18627 1
18988 18628 1
17226 18629 1
17169 18629 1
17259 18629 1
18770 18629 1
18190 18629 5
18629 18630 5
18190 18630 6
18746 18630 1
18629 18631 5
18933 18631 5
19088 18632 1
18634 18633 1
18633 18635 1
18644 18635 1
18478 18635 3
18633 18636 1
18634 18636 1
18634 18637 2
18633 18637 1
18634 18638 2
18637 18638 2
17210 18639 1
18116 18639 3
18915 18639 1
18614 18643 1
18205 18644 1
18644 18645 1
18478 18645 2
18644 18646 1
18478 18646 1
18644 18647 1
18752 18647 2
19107 18647 3
19020 18648 1
18519 18649 1
18649 18650 1
18171 18650 4
18845 18650 1
18920 18650 1
18129 18651 3
18649 18651 1
18845 18651 1
18764 18651 1
18649 18652 1
18772 18652 1
18845 18652 1
18920 18652 1
17210 18652 1
18116 18652 6
18096 18652 1
18569 18653 1
19091 18654 2
17147 18654 1
18653 18654 1
18208 18655 1
18655 18656 1
18208 18656 2
17150 18656 1
18658 18657 2
17098 18657 1
18405 18658 1
18657 18659 2
18660 18659 2
18658 18660 2
18203 18661 1
18988 18662 1
18198 18664 1
18232 18666 1
18221 18667 1
18804 18668 1
18183 18669 1
18956 18671 2
17243 18671 1
18671 18672 2
18153 18672 2
18671 18673 2
18956 18673 3
18673 18674 3
18675 18674 3
18447 18675 7
18956 18675 3
17201 18676 2
18447 18676 7
18673 18676 3
18877 18676 1
18793 18676 1
18676 18677 7
18675 18677 7
18671 18678 2
18956 18678 2
18153 18679 2
18671 18679 2
18837 18680 1
18708 18680 1
18714 18680 1
18536 18680 4
18682 18681 4
18680 18681 4
18536 18682 4
18680 18683 4
18682 18683 4
18682 18684 4
18680 18684 4
18682 18685 4
18680 18685 4
18680 18686 4
18682 18686 4
18714 18687 1
18536 18687 4
18680 18687 4
18708 18687 1
18837 18687 1
18682 18688 4
18680 18688 4
18682 18689 4
18680 18689 4
18314 18690 1
18945 18691 2
17203 18691 1
17075 18692 2
17068 18692 1
19107 18692 3
19107 18693 3
18692 18693 3
18692 18694 3
19107 18694 3
18696 18695 1
18962 18697 1
18427 18698 1
18697 18698 1
18129 18699 1
18697 18699 1
18956 18700 1
18153 18701 1
18700 18701 1
18700 18702 1
18540 18702 1
18453 18703 1
18703 18704 1
18453 18704 1
18484 18705 1
18942 18706 5
18879 18706 4
17201 18706 2
18706 18707 5
18505 18707 6
18960 18708 1
18714 18709 1
18708 18709 1
18536 18709 4
18837 18709 1
18536 18710 3
18714 18710 1
18708 18710 1
18837 18710 1
18536 18711 4
18714 18711 1
18708 18711 1
18837 18711 1
18767 18713 1
18153 18713 3
17241 18713 1
19052 18714 1
18717 18716 1
18493 18718 1
18435 18719 1
19077 18720 1
19077 18721 2
18720 18721 1
18721 18722 2
18321 18722 2
18721 18723 2
18321 18723 2
18153 18724 2
18721 18724 2
18721 18725 2
18321 18725 2
18153 18726 2
18721 18726 2
18321 18727 2
18721 18727 2
18721 18728 2
18288 18728 3
17090 18728 1
18153 18729 2
18721 18729 2
18721 18730 2
18153 18730 2
18721 18731 2
18153 18731 2
18153 18732 2
18721 18732 2
18153 18733 3
18781 18733 1
18721 18733 2
18721 18734 2
18153 18734 2
18721 18735 2
18456 18735 2
18721 18736 2
18153 18736 2
18216 18737 2
18721 18737 2
17170 18738 1
18456 18738 4
18721 18738 2
18818 18738 1
18721 18739 2
18153 18739 2
18153 18740 2
18721 18740 2
18720 18740 1
18211 18741 2
18721 18741 2
18634 18742 1
18298 18744 1
18275 18746 1
19131 18747 1
18183 18748 1
18276 18750 1
17068 18752 1
19107 18752 2
18752 18753 2
18153 18753 4
18767 18753 1
17241 18753 1
18752 18754 2
18129 18754 2
18885 18755 3
18129 18755 5
18752 18755 2
18149 18757 1
18095 18758 1
18211 18759 4
18751 18760 1
18501 18761 1
18423 18762 1
19129 18763 4
18765 18764 1
18314 18766 1
18717 18767 1
18767 18768 1
18153 18768 2
17241 18768 1
19043 18770 1
18430 18771 1
18773 18772 1
19006 18774 1
18809 18775 1
18118 18775 2
18775 18776 2
18116 18776 2
18183 18777 1
18524 18778 1
19131 18779 1
19042 18780 1
18435 18781 1
18781 18782 1
18540 18782 3
17149 18782 1
19005 18783 1
18232 18784 1
18405 18785 1
18658 18786 1
18785 18786 1
18785 18787 1
18658 18787 1
18658 18788 1
18785 18788 1
18743 18789 1
18789 18790 1
18438 18790 1
18315 18791 1
18224 18792 4
18956 18793 1
18793 18794 1
18956 18794 1
18796 18795 1
18795 18797 1
18796 18797 1
18204 18798 1
19088 18799 1
18290 18800 1
18763 18801 1
18801 18802 1
18129 18802 1
18804 18803 1
18803 18805 1
18668 18805 2
18668 18806 3
18805 18806 2
18668 18807 3
18806 18807 3
19009 18808 1
18118 18809 1
18988 18811 1
18812 18813 4
18985 18814 2
17216 18814 1
18814 18815 2
18985 18815 2
18543 18816 1
18214 18818 1
18818 18819 1
18456 18819 2
17170 18819 1
17170 18820 1
18818 18820 1
18456 18820 2
18818 18821 1
18456 18821 2
17170 18821 1
18818 18822 1
17170 18822 1
18456 18822 2
18456 18823 2
18818 18823 1
17170 18823 1
18818 18824 1
17170 18824 1
18456 18824 2
18456 18825 2
17170 18825 1
18818 18825 1
17170 18826 1
18818 18826 1
18456 18826 2
18818 18827 1
18456 18827 1
18818 18828 1
18456 18828 1
17170 18829 1
18456 18829 2
18818 18829 1
18456 18830 2
18818 18830 1
17170 18830 1
18818 18831 1
18456 18831 1
18456 18832 2
18818 18832 1
17170 18832 1
18818 18833 1
18456 18833 1
18751 18835 1
19051 18837 1
18183 18839 1
18185 18840 1
18839 18840 1
18839 18841 1
18185 18841 1
18183 18842 1
19061 18843 1
19027 18844 1
19107 18844 3
18519 18845 1
18171 18846 1
18454 18847 1
18135 18848 1
18847 18848 1
18847 18849 1
18129 18849 1
18495 18850 1
18095 18852 1
19061 18854 1
18262 18855 1
18116 18856 1
18540 18857 2
17206 18857 1
17128 18858 1
18432 18858 2
18858 18859 2
18860 18859 2
18432 18860 2
18944 18861 1
18861 18862 1
17247 18862 1
18944 18862 2
18861 18863 1
18944 18863 1
18944 18864 1
18861 18864 1
17091 18865 1
18944 18865 2
18861 18865 1
18944 18866 1
18861 18866 1
18221 18867 1
18618 18869 1
18524 18870 1
18872 18871 1
17099 18873 1
18871 18873 1
19052 18873 2
19046 18874 1
18988 18875 1
18232 18876 1
18956 18877 1
18877 18878 1
18942 18878 1
18877 18879 1
17201 18879 2
18942 18879 4
18879 18880 4
18447 18880 4
17201 18880 2
19050 18881 1
18881 18882 1
18129 18882 2
17119 18882 1
19050 18883 2
18881 18883 1
17219 18883 1
18872 18884 1
17166 18885 1
19107 18885 3
17233 18885 1
18885 18886 3
18133 18886 3
17233 18886 1
18885 18887 3
17233 18887 1
18888 18887 3
19107 18888 3
19027 18888 1
18885 18889 3
18844 18889 3
18885 18890 3
18844 18890 3
18885 18891 3
18844 18891 3
18885 18892 3
18888 18892 3
17233 18892 1
18885 18893 3
18894 18893 3
19027 18894 1
19107 18894 3
18885 18895 3
18894 18895 3
18896 18897 3
18497 18898 1
18209 18899 1
18899 18900 1
18116 18900 1
18899 18901 1
19020 18901 1
18623 18902 1
18271 18903 1
18902 18903 1
18271 18904 1
18902 18904 1
18560 18907 2
18183 18908 1
17068 18909 1
19107 18909 3
17075 18909 2
18909 18910 3
18281 18910 3
18773 18911 1
18307 18912 1
18221 18913 1
18872 18914 1
18469 18915 1
18153 18916 2
18915 18916 1
17158 18916 1
18918 18917 1
18198 18919 1
18773 18920 1
18565 18921 1
18565 18922 1
18921 18922 1
18975 18923 1
18497 18924 1
18624 18925 1
18183 18926 1
18118 18927 19
18546 18927 19
17057 18928 1
17219 18928 1
19041 18928 1
17253 18928 1
18871 18928 1
18545 18928 1
18835 18928 1
18129 18928 10
18958 18928 1
18789 18928 1
17214 18928 1
18545 18929 1
18835 18929 1
18808 18929 1
17219 18929 1
18789 18929 1
18871 18929 1
18129 18929 8
18958 18929 1
17214 18929 1
18931 18930 5
18871 18930 1
18545 18930 1
17099 18930 1
17239 18930 1
18872 18931 2
18428 18931 1
18209 18931 5
18933 18932 1
18190 18933 5
18300 18933 3
18190 18934 1
18932 18934 1
18190 18935 1
18932 18935 1
18932 18936 1
18190 18936 1
18190 18937 1
18932 18937 1
18190 18938 1
18932 18938 1
17240 18939 1
18932 18939 1
18190 18939 2
17240 18940 1
18932 18940 1
18190 18940 2
18298 18941 1
18435 18942 1
18956 18942 1
18300 18942 3
18300 18943 3
19029 18944 3
18950 18944 1
18947 18944 1
18951 18944 1
18300 18944 3
18949 18944 1
18946 18944 1
18948 18944 1
18300 18945 3
18953 18952 1
18447 18956 4
18435 18956 1
19016 18956 5
18183 18957 1
18475 18958 1
18960 18959 1
18958 18959 1
18536 18960 6
18475 18960 1
18743 18961 1
18208 18961 6
18118 18962 4
18964 18963 2
17263 18963 1
18966 18965 2
18881 18965 1
19050 18966 1
18966 18967 2
18965 18967 2
18965 18968 2
18966 18968 2
18966 18969 3
18965 18969 2
18969 18970 3
18966 18970 3
18198 18971 1
18973 18972 1
18943 18974 1
18976 18975 5
18118 18976 12
19044 18976 1
18234 18977 1
18979 18978 3
18977 18978 1
18816 18978 1
18800 18978 1
18543 18979 1
18290 18979 1
18234 18979 1
18501 18980 1
18982 18981 1
18983 18981 1
18183 18984 1
18548 18985 1
18986 18985 3
18988 18987 1
18242 18989 4
18991 18990 7
18190 18992 1
18994 18993 1
18211 18994 4
18222 18994 3
18557 18995 2
18843 18995 1
18913 18995 1
18555 18995 2
18854 18995 1
17157 18995 1
18993 18995 1
18667 18995 1
18153 18995 9
18667 18996 1
18153 18996 2
18993 18996 1
18430 18997 1
18495 18998 1
18571 18999 2
17133 18999 1
18133 18999 7
17156 18999 1
18998 18999 1
19032 18999 2
19001 19000 5
18998 19000 1
17156 19000 1
17133 19000 1
19032 19000 2
18116 19001 2
18495 19001 1
18307 19001 2
18205 19001 2
18998 19002 1
17133 19002 1
18129 19002 4
17210 19002 1
17156 19002 1
18544 19003 4
18169 19004 6
18169 19005 6
18169 19006 6
18169 19007 6
18169 19008 6
18169 19009 6
18591 19010 9
18397 19010 10
19010 19011 10
18129 19011 10
18501 19012 1
18503 19013 2
19012 19013 1
18761 19013 1
18540 19014 1
19014 19015 1
19016 19015 1
18415 19016 10
18540 19016 1
17095 19017 1
19014 19017 1
18153 19017 2
18153 19018 1
19014 19018 1
19014 19019 1
18542 19019 1
18209 19020 1
18198 19021 1
18183 19022 1
18206 19023 2
17252 19023 1
18206 19024 2
19023 19024 2
18203 19025 1
19027 19026 1
19029 19028 1
19028 19030 1
18861 19030 1
18944 19030 2
18497 19031 1
18116 19032 2
18856 19032 1
19001 19033 2
19032 19033 2
19032 19034 2
18178 19034 2
18133 19035 2
19032 19035 2
19037 19036 2
19032 19036 2
18116 19037 2
19032 19038 2
18281 19038 2
18153 19039 18
18716 19039 1
19032 19039 2
19102 19039 11
19106 19039 14
18133 19040 2
19032 19040 2
17099 19041 1
18129 19041 2
18118 19042 4
18118 19043 4
18976 19044 5
18976 19045 5
18976 19046 5
18118 19047 4
18205 19048 5
18205 19049 5
18953 19050 1
18209 19050 5
18536 19051 6
18536 19052 6
18872 19052 2
18313 19053 1
18209 19053 5
18209 19054 5
18751 19054 1
18118 19055 4
19057 19056 1
18548 19060 1
18600 19060 3
18415 19060 4
19016 19061 5
19016 19062 5
18435 19063 1
18988 19064 1
19064 19065 1
18628 19065 1
17172 19065 1
18662 19065 1
18262 19065 5
18875 19065 1
18662 19066 1
19064 19066 1
18628 19066 1
17172 19066 1
18262 19066 5
18875 19066 1
17210 19067 1
18628 19067 1
18845 19067 1
18875 19067 1
18558 19067 1
18129 19067 11
17172 19067 1
18662 19067 1
17058 19067 1
19064 19067 1
18649 19067 1
18228 19068 11
19067 19068 11
18881 19069 1
18845 19069 1
18662 19069 1
18649 19069 1
18875 19069 1
18628 19069 1
18129 19069 10
17210 19069 1
18708 19069 1
17172 19069 1
19064 19069 1
18203 19070 1
19007 19071 1
18785 19072 1
17058 19072 1
18145 19072 7
18718 19072 1
18558 19072 1
19071 19072 1
17174 19072 1
17121 19072 1
17174 19073 1
18818 19073 1
17138 19073 1
19071 19073 1
17121 19073 1
18707 19073 6
19125 19073 1
17170 19073 1
18718 19073 1
18925 19073 1
18616 19073 1
17058 19073 1
18288 19073 21
18558 19073 1
17255 19073 1
18622 19073 1
18785 19073 1
19071 19074 1
18707 19074 6
17058 19074 1
18558 19074 1
18925 19074 1
18288 19074 14
17211 19074 1
17170 19074 1
18718 19074 1
18616 19074 1
19071 19075 1
18129 19075 1
19077 19076 2
18867 19076 1
18221 19077 1
18153 19078 6
19076 19078 2
18721 19078 2
17106 19078 1
19076 19079 2
18721 19079 2
18153 19079 4
18721 19080 2
18153 19080 4
19076 19080 2
18198 19081 1
19083 19082 1
18116 19083 4
18650 19084 4
19082 19084 1
18116 19084 5
19082 19085 1
18116 19085 5
18650 19085 4
19082 19086 1
18116 19086 10
18591 19086 9
19088 19087 1
18427 19089 2
18621 19089 1
19087 19089 1
19091 19090 4
18569 19091 1
19090 19091 1
18313 19092 1
18183 19093 1
19053 19094 1
18129 19095 17
19124 19095 1
18635 19095 3
19094 19095 1
18625 19095 4
17150 19095 1
18899 19095 1
18711 19095 4
17239 19095 1
17169 19095 1
18611 19096 1
19094 19096 1
18209 19096 10
18881 19096 1
18711 19096 4
17239 19096 1
17150 19096 1
18129 19097 10
19096 19097 10
19094 19098 1
19053 19098 3
17214 19098 1
18209 19099 10
19094 19099 1
18611 19099 1
17150 19099 1
18711 19099 4
18881 19099 1
17239 19099 1
18129 19100 10
19099 19100 10
18611 19101 1
18881 19101 1
19099 19101 10
18129 19101 10
17150 19101 1
19099 19102 10
18209 19102 11
19102 19103 11
18899 19103 1
18118 19103 13
18153 19104 13
19103 19104 13
18096 19105 1
17068 19105 1
18116 19105 17
19103 19105 13
18644 19105 1
17166 19105 1
19103 19106 13
19107 19106 14
19048 19107 1
18976 19107 1
18118 19107 13
18209 19107 11
19027 19107 1
18205 19107 1
18129 19108 13
19103 19108 13
19103 19109 13
18129 19109 13
18129 19110 13
19103 19110 13
19102 19111 11
18288 19111 12
17158 19111 1
19107 19112 11
19102 19112 11
19102 19113 11
17068 19113 1
19107 19113 16
18752 19113 2
17075 19113 2
18644 19113 1
17158 19114 1
18153 19114 17
19113 19114 16
17158 19115 1
18153 19115 17
19113 19115 16
18129 19116 11
19102 19116 11
18440 19117 1
18714 19118 1
18837 19118 1
18708 19118 1
18536 19118 4
19118 19119 4
18536 19119 4
18747 19120 1
18129 19120 9
19118 19120 4
18881 19120 1
18611 19120 1
19130 19120 1
17150 19120 1
19118 19121 4
18536 19121 4
18713 19122 3
19123 19122 4
18153 19123 3
18473 19124 1
19126 19125 1
18321 19127 1
18183 19128 1
18262 19129 1
19131 19130 1
19130 19132 1
18427 19132 2
18747 19132 1
