14782 10633 1
10634 10633 2
15612 10634 5
14781 10634 1
12257 10634 1
14783 10634 1
15665 10635 2
15613 10635 6
14643 10635 4
15806 10635 2
10636 10635 20
10795 10635 1
15608 10635 3
10633 10635 2
15661 10636 2
15609 10636 3
14641 10636 4
10634 10636 8
15807 10636 2
10633 10637 2
10638 10637 3
10634 10638 2
15660 10639 1
15641 10639 11
10637 10639 3
10640 10639 15
15609 10640 3
15642 10640 11
15661 10640 2
10638 10640 3
14741 10640 1
14641 10640 4
15626 10640 1
12860 10641 3
14704 10642 1
15809 10642 1
15663 10643 1
14780 10644 3
15787 10645 1
15781 10645 1
15739 10645 1
15624 10645 1
15770 10645 1
15791 10645 1
15679 10646 1
15648 10647 1
10646 10647 1
10646 10648 1
15668 10648 1
14680 10650 1
10652 10651 1
14693 10653 2
14685 10654 1
14687 10655 4
10654 10655 1
10774 10655 1
10757 10655 1
10654 10656 1
14693 10656 1
10658 10657 1
15637 10660 4
14676 10661 1
10705 10663 1
10667 10666 1
14780 10668 3
10735 10669 1
15648 10670 1
10672 10671 1
10672 10673 1
10671 10673 1
15698 10674 1
14680 10675 1
10790 10677 1
10649 10678 1
14712 10679 2
12267 10679 1
10678 10679 1
10681 10680 1
10683 10682 1
10680 10682 1
10681 10683 1
15734 10684 1
14731 10685 1
14687 10687 1
14680 10689 1
15640 10690 1
14778 10691 1
10691 10692 1
15653 10692 1
10694 10693 1
10748 10695 1
10696 10695 2
10698 10697 1
10662 10699 1
10699 10700 1
10804 10700 1
10701 10700 2
10662 10701 1
10693 10702 1
14695 10703 1
14695 10704 1
10703 10704 1
14697 10708 1
10708 10709 1
15796 10709 1
14780 10710 3
15644 10711 1
15644 10712 2
10787 10712 1
10711 10712 1
12263 10713 1
10714 10713 2
12262 10713 1
10715 10713 2
14680 10716 1
10719 10717 2
10718 10717 2
12263 10717 1
12262 10717 1
14764 10721 1
10721 10722 1
10803 10722 1
14764 10722 2
14747 10723 1
10634 10724 1
15684 10725 1
15684 10726 1
10725 10726 1
10725 10727 1
15684 10727 2
15684 10728 1
10725 10728 1
15726 10729 1
15648 10730 1
10729 10730 1
14770 10732 1
10705 10733 1
10663 10734 1
10733 10734 1
10735 10737 1
10669 10738 1
10737 10738 1
14737 10740 1
15654 10742 2
10787 10742 1
10698 10743 1
14737 10744 1
14647 10745 1
10698 10746 1
15686 10747 1
10696 10748 1
10696 10749 2
10748 10749 1
14747 10750 1
10774 10751 1
14693 10751 2
10751 10752 2
10653 10752 2
14685 10757 1
14693 10758 1
10757 10758 1
14753 10759 1
14685 10760 1
14781 10761 1
15626 10762 1
10762 10763 1
15626 10763 1
10762 10764 1
10640 10764 1
14680 10765 1
15767 10767 1
15697 10768 1
14680 10769 1
10705 10771 1
10771 10772 1
15609 10772 2
14735 10773 1
14685 10774 1
14786 10776 1
15640 10778 1
10781 10780 1
14737 10782 1
10710 10783 1
10783 10784 1
15807 10784 1
10731 10785 1
10785 10786 1
12242 10786 1
15626 10786 2
10777 10787 1
14680 10788 1
10790 10789 1
10789 10791 1
10677 10791 1
14704 10792 1
10789 10792 1
15734 10793 1
15679 10794 1
10636 10795 1
15672 10796 2
12244 10796 1
10796 10797 2
14761 10797 2
14747 10798 1
14770 10799 1
10693 10800 1
15640 10802 1
14762 10803 1
10701 10804 1
14770 10805 1
10770 10806 1
10806 10807 1
14647 10807 1
10741 10808 1
14712 10809 1
10808 10809 1
10739 10810 1
10688 10811 1
12263 10812 1
10814 10812 2
12262 10812 1
10813 10812 2
15672 10816 1
14783 10817 1
12244 10819 1
15672 10819 2
10766 10820 1
10820 10821 1
10766 10821 1
10731 12242 1
15626 12243 1
12242 12243 1
15672 12244 1
12244 12245 1
14761 12245 1
14680 12246 1
14735 12247 1
10667 12248 1
10698 12249 1
15679 12250 1
15711 12251 1
14705 12252 1
12251 12252 1
12251 12253 1
14705 12253 1
14705 12254 1
12251 12254 1
14705 12255 1
12251 12255 1
12257 12256 1
14680 12259 1
15691 12260 1
14680 12261 1
10815 12264 1
15640 12265 1
10698 12266 1
14781 12267 1
10761 12268 1
12267 12268 1
10667 12269 1
15681 12271 1
10698 12272 1
10652 12273 1
14680 12274 1
14680 12275 1
14747 12276 1
12862 12861 2
10778 12861 1
10634 12862 2
15702 12862 2
15640 12862 2
15679 12862 1
12861 12863 2
10799 12863 1
10732 12863 1
15687 12863 1
15670 12863 1
14769 12863 1
12864 12863 9
15630 12863 1
10805 12863 1
14770 12864 7
12862 12864 2
12976 12975 1
12975 12977 1
12978 12977 1
12976 12978 2
10693 12978 2
10698 12978 6
10634 12979 6
12981 12980 1
12980 14640 1
14641 14640 3
10811 14640 1
12981 14641 1
10688 14641 1
15664 14642 1
10772 14642 2
10640 14642 6
14640 14642 3
14641 14643 4
14640 14643 3
15665 14644 2
10640 14644 9
15608 14644 3
14643 14644 4
15665 14645 2
15608 14645 3
15806 14645 2
10636 14645 12
14643 14645 4
10697 14646 1
12249 14646 1
14647 14646 37
15608 14646 3
14719 14646 2
14714 14646 4
10661 14646 1
12271 14646 1
14776 14646 1
14713 14646 2
14708 14646 1
12266 14646 1
14718 14646 2
14690 14646 4
10747 14646 1
14643 14646 4
10743 14646 1
14655 14646 2
14720 14646 2
15703 14646 1
14675 14646 1
12272 14646 1
10685 14646 1
15665 14646 2
10711 14646 1
10804 14646 1
10806 14646 1
10746 14646 1
14656 14647 2
14709 14647 5
14774 14647 1
14691 14647 4
14731 14647 1
15681 14647 1
10770 14647 1
14715 14647 4
15686 14647 1
15661 14647 2
15704 14647 1
10701 14647 1
14676 14647 2
15609 14647 3
14641 14647 4
10698 14647 6
15644 14647 1
14647 14648 37
14646 14648 37
14646 14649 37
14647 14649 37
14647 14650 38
14646 14650 37
12266 14651 1
14647 14651 39
10743 14651 1
12272 14651 1
14776 14651 1
14650 14651 38
14714 14651 4
10747 14651 1
10697 14651 1
10746 14651 1
14708 14651 1
10745 14651 1
12271 14652 1
15703 14652 1
14647 14652 15
14776 14652 1
15608 14652 3
14643 14652 4
15665 14652 2
10685 14652 1
10711 14652 1
10804 14652 1
15641 14653 11
15608 14653 3
15665 14653 2
10640 14653 20
14643 14653 4
12981 14654 1
12980 14654 1
12980 14655 1
14656 14655 2
12981 14656 1
14655 14657 2
14658 14657 2
14656 14658 2
12981 14658 1
14655 14659 2
14658 14659 2
14658 14660 2
14655 14660 2
14662 14661 9
15680 14661 2
14730 14661 2
15705 14661 2
14655 14661 2
15681 14662 2
15704 14662 2
14656 14662 2
14731 14662 2
14661 14663 9
14664 14663 9
14662 14664 9
14647 14665 3
14655 14665 2
12272 14665 1
14658 14666 2
14655 14666 2
12980 14667 1
14658 14667 1
14668 14669 3
15611 14670 5
10634 14670 8
14782 14670 1
12267 14670 1
15787 14672 2
15739 14672 2
15624 14672 2
14671 14672 4
15791 14672 2
15781 14672 2
15770 14672 2
14673 14674 3
14676 14675 1
14678 14677 2
14675 14677 1
10661 14677 1
14676 14678 2
14680 14679 1
12275 14681 1
14679 14681 1
14682 14681 14
10689 14681 1
10675 14681 1
12259 14681 1
10765 14681 1
10716 14681 1
10650 14681 1
10788 14681 1
12274 14681 1
14683 14681 1
12261 14681 1
12246 14681 1
10769 14681 1
14680 14682 14
14680 14683 1
14685 14684 1
15693 14686 1
14684 14686 1
14687 14686 3
14685 14687 5
10760 14688 1
10646 14688 1
10768 14688 1
10729 14688 1
14686 14688 3
15602 14688 2
15594 14688 2
10699 14688 1
12269 14688 1
14782 14688 1
14684 14688 1
15601 14688 2
10789 14688 1
15733 14688 1
15639 14688 1
10666 14688 1
10684 14688 1
14723 14688 1
15725 14688 1
10787 14688 1
10654 14688 1
15701 14688 1
14696 14688 4
12248 14688 1
10802 14688 1
15696 14688 2
15662 14688 1
10774 14688 1
10708 14688 1
14689 14688 44
10778 14688 1
15693 14688 1
14742 14688 1
10690 14688 1
15730 14688 3
10793 14688 1
15688 14688 1
15671 14688 4
10794 14688 1
10780 14688 1
15809 14688 1
10790 14689 1
15640 14689 8
15697 14689 1
10662 14689 1
15672 14689 6
15654 14689 2
10634 14689 5
10777 14689 1
14685 14689 5
10781 14689 1
14697 14689 8
15734 14689 4
14743 14689 1
15702 14689 3
15726 14689 2
14783 14689 4
10667 14689 3
14687 14689 8
15679 14689 3
14691 14690 4
14686 14690 3
14687 14691 3
14684 14692 1
14693 14692 2
14685 14693 6
15694 14694 2
14684 14694 1
15693 14694 1
14695 14694 6
14692 14694 2
15633 14694 2
14693 14695 6
14685 14695 2
14697 14696 4
10757 14696 1
14684 14696 1
10654 14696 1
14685 14697 4
15662 14703 1
10760 14703 1
10708 14703 1
14742 14703 1
14684 14703 1
14696 14703 4
10684 14703 1
10654 14703 1
14723 14703 1
10768 14703 1
10774 14703 1
15696 14703 2
15693 14703 1
14704 14703 15
15688 14703 1
10781 14704 1
10634 14704 2
14743 14704 1
15640 14704 2
14685 14704 5
15734 14704 4
14697 14704 8
15672 14704 4
10790 14704 1
15697 14704 1
15702 14704 1
15711 14705 1
14707 14705 2
12262 14705 1
14706 14705 2
12263 14705 1
14709 14708 1
14709 14710 1
14708 14710 1
15798 14711 1
10808 14711 1
14712 14711 3
14708 14711 1
14781 14712 1
10741 14712 1
14709 14712 6
15799 14712 1
10649 14712 1
14709 14713 2
14708 14713 1
14718 14714 2
14715 14714 4
14713 14714 2
14709 14715 3
14714 14716 4
14715 14716 4
14720 14717 2
14712 14717 6
14718 14717 2
14721 14717 2
14713 14717 2
14719 14717 2
14708 14718 1
14709 14718 2
14709 14719 2
14708 14719 1
14708 14720 1
14709 14720 2
14709 14721 2
14708 14721 1
10634 14723 1
14725 14724 1
14724 14726 1
14725 14726 1
14724 14727 1
14725 14727 1
14724 14728 1
14725 14728 1
14724 14729 1
14725 14729 1
10685 14730 1
14731 14730 2
14733 14732 1
14735 14734 4
10790 14735 1
15726 14735 1
14687 14735 4
15679 14735 1
15654 14735 2
14737 14736 1
14739 14738 8
10740 14738 1
10744 14738 1
14736 14738 1
14748 14738 1
10782 14738 1
15659 14738 3
14778 14739 3
14737 14739 5
12979 14740 7
10779 14741 1
14743 14742 1
12263 14744 1
12262 14744 1
14745 14744 2
14746 14744 2
14737 14748 1
14747 14749 1
14749 14750 1
10750 14750 1
15749 14750 3
10798 14750 1
10723 14750 1
10695 14750 2
10748 14750 1
14751 14750 9
12276 14750 1
14747 14751 5
10696 14751 3
10723 14752 1
14751 14752 5
10798 14752 1
14749 14752 1
10750 14752 1
12276 14752 1
12860 14754 5
15734 14754 2
14754 14755 4
10634 14756 1
12250 14757 1
10724 14757 1
12265 14757 1
14756 14757 1
14689 14757 7
10778 14757 1
15736 14757 2
12250 14758 1
10724 14758 1
12265 14758 1
14756 14758 1
12862 14758 6
15736 14758 2
12250 14759 1
15736 14759 2
10819 14759 2
14689 14759 7
10796 14759 2
12244 14759 1
14756 14759 1
12250 14760 1
14761 14760 6
10819 14760 2
14756 14760 1
15736 14760 2
15702 14761 2
15672 14761 3
10634 14761 1
15679 14761 1
10803 14763 1
14764 14763 3
10721 14763 1
14762 14764 1
14766 14765 4
14763 14765 3
12264 14765 1
14764 14766 3
10815 14766 1
10803 14767 1
15688 14767 1
14763 14767 3
14768 14767 4
14764 14768 3
14762 14768 1
10634 14768 1
14770 14769 1
10666 14771 1
14772 14771 3
12248 14771 1
10667 14772 3
10662 14772 1
15640 14772 5
14783 14772 4
15726 14772 2
15679 14772 2
10777 14772 1
10670 14773 1
14771 14773 3
14774 14773 20
15590 14773 15
10778 14773 1
14772 14774 18
15648 14774 1
15640 14774 1
14774 14775 5
14771 14775 3
14774 14776 6
14775 14776 5
15648 14778 2
14780 14779 3
14783 14782 1
14782 14784 1
12248 14784 1
10729 14784 1
14689 14784 7
12269 14784 1
10666 14784 1
10780 14784 1
10687 14784 1
10776 14785 1
14786 14785 10
12269 14785 1
10729 14785 1
15797 14785 4
15592 14785 3
10666 14785 1
14782 14785 1
12248 14785 1
10667 14786 3
14687 14786 1
15726 14786 1
10781 14786 1
14783 14786 1
14788 14787 4
15594 14787 2
14782 14787 1
15601 14787 2
15602 14787 2
14783 14788 4
14782 14789 1
14788 14789 1
15602 15590 2
15601 15590 2
10699 15590 1
12269 15590 1
15639 15590 1
15725 15590 1
10787 15590 1
15730 15590 3
10690 15590 1
10729 15590 1
10794 15590 1
15594 15590 2
14772 15590 15
14782 15590 1
10646 15590 1
14774 15591 16
15590 15591 15
14782 15592 1
10687 15592 1
14786 15592 3
14782 15593 1
12256 15593 1
10634 15593 2
14783 15594 2
14782 15594 1
15611 15595 5
12267 15595 1
15596 15595 8
14782 15595 1
15613 15595 6
15612 15596 5
14783 15596 1
10634 15596 6
14781 15596 1
15613 15597 6
15611 15597 5
14782 15597 1
15596 15597 7
14782 15598 1
10634 15598 6
15611 15598 5
14782 15599 1
10634 15599 6
15611 15599 5
12267 15600 1
15596 15600 8
15611 15600 5
15613 15600 6
14782 15600 1
14783 15601 2
14782 15601 1
14783 15602 2
14782 15602 1
15604 15603 1
15692 15604 1
10680 15605 1
10643 15605 1
15798 15605 1
10767 15605 1
12256 15605 1
10817 15605 1
15603 15605 1
15606 15605 15
10674 15605 1
10759 15605 1
10803 15605 1
15735 15605 1
10810 15605 1
10816 15605 1
10657 15605 1
12260 15605 1
15604 15606 1
15663 15606 1
10681 15606 1
15698 15606 1
15672 15606 1
14762 15606 1
14783 15606 1
15691 15606 1
10739 15606 1
10658 15606 1
15799 15606 1
15767 15606 1
14753 15606 1
15702 15606 1
12257 15606 1
12256 15607 1
15735 15607 1
10803 15607 1
12260 15607 1
10810 15607 1
10643 15607 1
10767 15607 1
15798 15607 1
15603 15607 1
10674 15607 1
10816 15607 1
10657 15607 1
10759 15607 1
10680 15607 1
15606 15607 15
10817 15607 1
15609 15608 3
10772 15608 2
10705 15609 1
14647 15610 1
14776 15610 1
10643 15611 1
15612 15611 5
10780 15611 1
12260 15611 1
10803 15611 1
14762 15612 1
10781 15612 1
15691 15612 1
15663 15612 1
10634 15613 6
15611 15613 5
15615 15614 6
15613 15614 6
10634 15615 6
15617 15616 6
15613 15616 6
10634 15617 6
15613 15618 6
15619 15618 6
10634 15619 6
15613 15620 6
12979 15620 7
15620 15621 7
14740 15621 7
15623 15622 6
15613 15622 6
10634 15623 6
12241 15624 1
15778 15624 4
15779 15624 4
15625 15624 5
15777 15624 4
15776 15624 4
15780 15624 4
10731 15626 2
14772 15627 4
10770 15627 4
14691 15627 4
14704 15627 4
15629 15628 3
14770 15630 1
14761 15632 4
14693 15633 2
10760 15633 1
10634 15634 1
10724 15635 1
12265 15635 1
14689 15635 3
15634 15635 1
15637 15636 3
10724 15636 1
15634 15636 1
12265 15636 1
15640 15637 1
10634 15637 2
15634 15638 1
15637 15638 1
15640 15639 1
15726 15640 1
10777 15640 1
10794 15641 1
15725 15641 1
10690 15641 1
15639 15641 1
10787 15641 1
10778 15641 1
10646 15641 1
10729 15641 1
10699 15641 1
15642 15641 11
15730 15641 3
15726 15642 2
15679 15642 2
10777 15642 1
15640 15642 6
10662 15642 1
15644 15643 11
15641 15643 11
15642 15644 11
10777 15644 1
15731 15645 2
15641 15645 11
10646 15645 1
10699 15645 1
10794 15645 1
15649 15645 8
10787 15645 1
10729 15645 1
15725 15645 1
10778 15645 1
15642 15645 16
15646 15645 8
15651 15645 2
10787 15646 1
10729 15646 1
10794 15646 1
10646 15646 1
15639 15646 1
15642 15646 8
10699 15646 1
15648 15647 8
15646 15647 8
15642 15648 12
15679 15648 1
15726 15648 2
10699 15649 1
15642 15649 8
15639 15649 1
10729 15649 1
10787 15649 1
15725 15649 1
10646 15649 1
10794 15649 1
15648 15650 8
15649 15650 8
15642 15651 2
15639 15651 1
15648 15652 2
15651 15652 2
14778 15653 1
10777 15654 1
15656 15655 1
12862 15657 4
15648 15658 1
14778 15659 3
15658 15659 1
10670 15659 1
14741 15660 1
14697 15662 1
15661 15664 1
15661 15665 2
15664 15665 1
15668 15667 1
15679 15668 1
15667 15669 1
15668 15669 1
14770 15670 1
15672 15671 4
15736 15671 2
12244 15671 1
15702 15672 2
15701 15673 1
10802 15673 1
14704 15673 11
10778 15673 1
10780 15673 1
10789 15673 1
15671 15673 4
10793 15673 1
15733 15673 1
14786 15674 4
10778 15675 1
15591 15675 1
14774 15675 3
10670 15675 1
15656 15676 1
10651 15677 1
15676 15677 1
12273 15677 1
15678 15677 3
15656 15678 1
10652 15678 2
15681 15680 2
12271 15680 1
14780 15682 3
15684 15683 2
10725 15683 1
15683 15685 2
10725 15685 1
15684 15685 3
10727 15685 2
14770 15687 1
10634 15688 1
15803 15689 2
12267 15689 1
15690 15689 4
14781 15690 1
15799 15690 1
15692 15691 1
14780 15691 1
14685 15693 1
14693 15694 2
15693 15694 1
14695 15695 1
15693 15695 1
15693 15696 1
14697 15696 2
12976 15699 1
12978 15700 9
10702 15700 1
12272 15700 1
12249 15700 1
10746 15700 1
15699 15700 1
10743 15700 1
10697 15700 1
10800 15700 1
12266 15700 1
15702 15701 1
15704 15703 1
15704 15705 2
15703 15705 1
15707 15706 1
15744 15708 1
15709 15708 2
15706 15708 1
15707 15709 1
15711 15709 4
15706 15710 1
15711 15710 2
15707 15711 1
12251 15712 1
15710 15712 2
15709 15712 3
15711 15713 1
15706 15713 1
15706 15714 1
15715 15714 1
12262 15715 1
15707 15715 1
10754 15715 2
12263 15715 1
10755 15715 2
15706 15716 1
15715 15716 1
15715 15717 1
15706 15717 1
15715 15718 1
15706 15718 1
15715 15719 1
15706 15719 1
15706 15720 1
15715 15720 1
15706 15721 1
15715 15721 1
15706 15722 1
15715 15722 1
15715 15723 1
15706 15723 1
15715 15724 1
15706 15724 1
15726 15725 1
15725 15727 1
10789 15727 1
14689 15727 9
10742 15727 2
10646 15727 1
10655 15727 4
14735 15728 11
10655 15728 4
10646 15728 1
12247 15728 1
10789 15728 1
15725 15728 1
10773 15728 1
10742 15728 2
15648 15729 1
15725 15729 1
10787 15730 1
15640 15730 3
15725 15730 1
15725 15731 1
15642 15731 2
15648 15732 2
15731 15732 2
15734 15733 1
15702 15735 1
15702 15736 2
15735 15736 1
15738 15737 2
15736 15737 2
15702 15738 2
15740 15739 5
15741 15739 4
15743 15739 4
12241 15739 1
15742 15739 4
15711 15744 1
15746 15745 1
15745 15747 1
10702 15747 1
10800 15747 1
15748 15747 3
10693 15748 2
15746 15748 1
14751 15749 3
10749 15749 2
10775 15750 1
15755 15752 1
15763 15752 1
15764 15752 1
15758 15752 1
15756 15752 1
15759 15752 1
15762 15752 1
15761 15752 1
15757 15752 1
15760 15752 1
15765 15752 1
15754 15752 1
15753 15752 1
15766 15752 1
15769 15768 3
14672 15768 1
12241 15770 1
15774 15770 4
15775 15770 4
15771 15770 5
15772 15770 4
15773 15770 4
15782 15781 5
15784 15781 4
15785 15781 4
15786 15781 4
15783 15781 4
12241 15781 1
15789 15787 4
15788 15787 5
15790 15787 4
12241 15787 1
15792 15791 5
15795 15791 4
15794 15791 4
15793 15791 4
12241 15791 1
14697 15796 1
12860 15796 3
14786 15797 4
10780 15797 1
12248 15797 1
12269 15797 1
15799 15798 1
15798 15800 1
10657 15800 1
15606 15800 2
15798 15801 1
15802 15801 1
15799 15802 1
15690 15803 2
15798 15803 1
15682 15805 1
15805 15806 1
15807 15806 2
15682 15807 1
10710 15807 1
15734 15809 1
10684 15810 1
14754 15810 2
15809 15810 1
