17584 17506 1
17776 17506 1
17850 17506 1
17844 17506 1
17592 17506 1
17893 17506 1
17537 17506 5
17668 17506 2
17661 17506 1
17923 17506 1
17565 17506 6
17559 17506 6
17643 17506 2
17637 17506 2
17598 17506 1
18096 17506 1
17573 17506 1
17898 17506 1
17522 17506 34
17520 17506 1
17569 17506 3
17991 17506 2
17571 17506 5
17955 17506 1
17766 17506 1
17693 17506 1
17803 17506 1
17784 17506 1
17575 17506 1
17725 17506 3
17641 17506 2
17635 17506 6
18091 17506 5
17634 17506 5
18097 17507 9
17508 17507 56
17629 17507 1
18167 17507 1
17539 17507 45
17772 17507 1
17728 17507 1
17661 17508 1
17637 17508 1
17766 17508 1
17506 17508 90
17955 17508 1
17571 17508 1
18091 17508 3
17584 17508 1
17537 17508 5
17803 17508 1
17844 17508 1
17510 17509 1
18091 17509 3
17512 17511 2
18149 17511 1
17966 17512 1
17598 17512 1
17766 17512 1
17514 17512 4
17688 17512 10
17827 17513 1
17690 17513 13
17514 17513 28
17691 17513 13
17842 17513 1
17547 17513 9
17511 17513 2
17512 17514 3
17688 17514 16
17966 17514 1
17598 17514 1
17514 17515 30
17513 17515 28
18045 17515 2
17548 17515 10
17513 17516 28
17517 17516 28
17514 17516 30
18045 17516 2
17690 17517 13
17842 17517 1
17547 17517 9
17691 17517 13
17827 17517 1
17514 17517 28
17511 17517 2
18096 17518 4
17641 17518 1
17520 17519 1
17831 17520 3
18142 17521 1
17800 17521 3
18190 17521 1
17879 17521 1
18137 17521 1
17685 17521 1
17897 17521 1
17783 17521 3
18205 17521 1
18135 17521 1
17692 17521 1
17852 17521 1
18019 17521 1
18203 17521 1
18180 17521 1
17949 17521 1
18124 17521 1
17519 17521 1
18208 17521 1
17969 17521 1
18025 17521 1
18125 17521 1
17843 17521 1
17522 17521 38
18168 17521 1
17971 17521 1
18138 17521 1
17947 17521 1
17568 17521 1
17863 17521 1
17972 17521 1
17903 17521 1
17777 17521 1
18201 17521 1
18169 17521 1
17725 17522 3
17776 17522 1
17784 17522 4
17973 17522 2
17801 17522 3
17653 17522 15
17923 17522 1
17991 17522 2
17571 17522 10
18033 17522 2
18091 17522 8
17569 17522 10
17898 17522 1
17844 17522 3
17686 17522 4
17573 17522 1
17668 17522 3
17860 17522 1
17520 17522 3
17907 17522 1
17921 17522 1
17693 17522 2
17778 17522 3
18178 17523 1
18096 17523 2
17713 17524 1
17523 17524 2
17851 17524 1
18139 17524 1
17525 17524 7
18069 17524 1
18091 17525 9
18096 17525 2
17854 17525 1
17640 17525 2
17581 17525 4
17646 17525 1
17612 17525 1
17891 17525 1
17524 17526 7
18096 17526 8
17526 17527 8
17528 17527 9
17598 17528 2
18096 17528 19
18091 17528 18
17528 17529 15
17527 17529 9
17582 17529 6
17527 17530 9
17528 17530 11
17583 17530 2
17525 17531 2
17523 17531 2
17533 17532 2
17523 17532 2
17525 17533 1
17942 17533 2
18198 17533 1
18091 17533 3
18096 17533 2
17821 17533 2
17731 17534 12
17506 17534 13
17508 17535 55
18178 17535 1
17660 17535 1
17536 17535 1
18031 17535 2
17534 17535 13
17843 17535 1
17857 17535 1
17540 17535 33
17760 17535 1
17651 17535 1
18167 17535 1
17762 17535 1
17761 17535 1
17730 17535 1
18164 17535 1
18149 17535 1
18116 17535 1
17537 17536 1
17506 17538 2
17579 17538 1
17536 17538 1
18116 17539 1
17536 17539 1
17843 17539 1
17506 17539 45
18181 17539 1
17857 17539 1
17660 17539 1
18164 17539 1
18178 17539 1
17654 17539 34
18149 17539 1
17939 17539 1
17651 17539 1
17724 17540 3
18157 17540 1
17566 17540 6
18184 17540 1
17939 17540 1
18052 17540 1
18159 17540 1
17558 17540 1
18193 17540 1
18187 17540 1
18208 17540 1
18047 17540 2
17804 17540 1
18124 17540 1
18203 17540 1
17579 17540 1
17899 17540 1
17849 17540 1
18005 17540 1
17506 17540 33
17651 17540 1
17536 17540 1
18142 17540 1
17632 17540 1
17928 17540 1
17651 17541 1
18194 17541 1
17579 17541 1
17506 17541 5
17536 17541 1
17508 17542 12
17857 17542 1
17939 17542 1
17762 17542 1
17536 17542 1
17541 17542 5
18149 17542 1
18178 17542 1
17651 17542 1
18164 17542 1
18167 17542 1
17647 17543 40
17536 17543 1
18167 17543 1
17508 17543 42
18181 17544 1
18164 17544 1
18149 17544 1
17660 17544 1
17506 17544 9
18029 17544 1
18116 17544 1
17857 17544 1
17536 17544 1
17544 17545 9
17536 17545 1
17508 17545 9
17825 17547 1
17880 17547 1
17514 17547 9
18155 17547 1
18040 17547 1
18185 17547 1
18172 17547 1
17514 17548 10
17547 17548 9
17551 17550 4
17668 17552 1
17569 17552 3
17520 17552 1
17693 17552 1
18091 17553 3
17554 17553 3
17556 17555 1
18096 17556 1
17556 17557 1
17555 17557 1
17559 17558 1
18005 17560 1
17899 17560 1
17632 17560 1
18157 17560 1
18184 17560 1
17561 17560 6
17558 17560 1
17559 17561 6
18091 17561 15
18090 17562 4
18086 17563 4
17565 17564 1
17643 17565 1
17840 17566 1
17642 17566 1
17564 17566 1
17565 17566 6
18147 17566 1
17606 17566 1
17569 17568 1
17571 17570 2
17568 17570 1
17949 17570 1
17778 17571 3
17973 17571 2
17837 17571 1
17520 17571 1
17592 17571 1
18091 17571 10
17569 17571 5
17595 17571 4
17528 17571 11
17856 17571 6
17573 17571 2
17855 17571 6
18127 17571 1
17923 17571 1
17907 17571 1
17703 17571 1
17598 17571 6
17801 17571 3
17668 17571 1
17573 17572 1
17572 17574 1
17866 17574 1
17759 17574 1
17902 17574 1
17980 17574 1
17753 17574 1
17920 17574 1
18123 17574 1
17836 17574 1
18194 17574 1
17575 17574 12
18002 17574 1
17906 17574 1
17573 17575 3
17727 17575 1
17923 17575 1
17981 17575 2
17921 17575 1
17595 17575 17
17837 17575 2
17907 17575 1
17522 17575 6
17551 17575 1
17902 17576 1
17572 17576 1
17571 17576 2
17902 17577 1
17571 17577 2
17572 17577 1
17571 17578 5
17572 17578 1
17972 17578 1
18169 17578 1
17947 17578 1
17902 17578 1
18163 17579 1
18002 17579 1
17678 17579 1
17836 17579 1
17765 17579 1
18020 17579 1
17775 17579 1
17753 17579 1
17890 17579 1
17980 17579 1
18079 17579 1
17572 17579 1
18215 17579 1
17808 17579 1
18145 17579 1
17594 17579 1
17575 17579 27
17915 17579 1
17920 17579 1
17882 17579 1
17788 17579 1
18123 17579 1
18136 17579 1
17906 17579 1
17970 17579 1
17902 17579 1
18213 17579 1
17581 17580 1
17640 17581 1
17525 17581 4
18091 17581 7
18096 17582 6
17615 17582 4
17580 17582 1
17580 17583 1
18096 17583 2
17561 17584 4
17586 17585 1
17940 17587 1
17747 17587 1
17943 17587 1
17588 17587 4
17585 17587 1
18198 17588 1
17756 17588 2
18091 17588 3
17571 17588 1
17586 17588 3
17588 17589 1
17585 17589 1
17878 17590 1
17591 17590 2
17680 17590 1
17593 17592 3
17641 17592 1
18129 17592 1
18219 17592 1
18128 17592 1
17522 17592 1
17595 17594 1
18136 17596 1
17594 17596 1
17571 17596 5
17970 17596 1
17882 17596 1
17596 17597 5
17598 17597 5
17634 17598 9
18091 17598 9
17923 17598 1
17571 17598 6
17600 17599 1
18060 17601 1
17919 17601 1
17956 17601 1
18192 17601 1
18073 17601 1
17992 17601 1
17599 17601 1
18211 17601 1
17712 17601 1
18034 17601 1
18209 17601 1
17914 17601 1
17699 17601 2
18027 17601 1
17602 17601 19
18061 17601 1
17982 17601 1
17600 17602 16
18096 17604 1
17604 17605 1
17528 17605 1
17565 17606 1
17562 17607 1
17957 17608 1
17757 17608 1
17967 17608 1
18182 17608 1
18067 17608 1
17785 17608 1
18013 17608 1
18141 17608 1
17806 17608 1
18188 17608 1
17909 17608 1
17853 17608 1
17607 17608 1
17835 17608 1
18090 17608 18
18155 17608 1
17946 17608 1
17789 17608 1
17610 17609 25
17608 17609 18
18090 17609 29
18017 17609 3
17607 17610 1
17853 17610 1
17838 17610 1
18188 17610 1
18011 17610 1
18182 17610 1
17946 17610 1
17785 17610 1
18158 17610 1
17909 17610 1
18068 17610 1
18067 17610 1
18013 17610 1
17757 17610 1
17835 17610 1
18141 17610 1
17967 17610 1
17789 17610 1
17957 17610 1
18155 17610 1
18090 17610 25
17806 17610 1
17913 17610 1
18171 17610 1
17714 17610 1
17612 17611 1
18177 17613 1
17611 17613 1
17525 17613 3
17525 17614 3
17613 17614 3
17581 17615 4
17613 17615 3
17613 17616 3
17525 17616 3
17613 17617 3
18131 17617 1
17581 17617 4
17619 17618 4
18177 17618 1
17611 17618 1
17620 17618 4
17581 17619 4
17854 17619 1
18091 17619 3
17612 17619 1
17618 17620 4
17619 17620 4
17611 17621 1
17620 17621 4
18090 17621 4
18177 17621 1
18086 17623 4
18086 17624 4
18086 17625 4
18086 17626 4
18086 17627 4
18086 17628 6
17537 17629 1
17629 17630 1
18178 17630 1
17730 17630 7
17508 17630 9
17629 17631 1
17508 17631 1
17559 17632 1
17819 17633 1
17636 17635 7
17506 17637 5
18165 17638 1
17639 17638 2
17525 17640 4
17643 17642 1
17645 17644 2
17925 17644 1
17642 17644 1
17643 17645 2
17525 17646 4
18096 17646 9
17506 17647 40
17657 17647 36
17579 17647 1
17834 17647 2
17650 17649 3
17537 17651 1
17653 17652 1
18039 17654 1
18208 17654 1
18047 17654 2
17805 17654 1
17933 17654 1
17928 17654 1
17804 17654 1
18125 17654 1
18189 17654 1
17759 17654 1
17652 17654 1
18187 17654 1
18066 17654 1
18154 17654 1
18059 17654 1
18159 17654 1
18194 17654 1
17978 17654 1
17897 17654 1
18124 17654 1
17724 17654 3
17941 17654 2
17701 17654 1
18203 17654 1
17522 17654 34
17843 17654 1
18166 17654 1
18142 17654 1
18186 17654 1
17721 17654 1
18029 17655 1
17506 17655 36
17654 17655 34
17811 17655 1
17654 17656 34
17849 17656 1
17897 17656 1
17506 17656 39
17811 17656 1
18029 17656 1
17761 17656 1
17760 17656 1
17654 17657 34
17834 17657 1
17506 17657 36
17659 17658 1
17661 17660 1
17561 17661 4
18153 17662 1
17857 17662 1
18004 17662 1
18210 17662 1
18067 17662 1
17663 17662 13
17968 17662 1
17736 17662 4
17841 17662 1
18174 17662 1
17660 17662 1
18164 17662 1
17965 17663 1
17893 17663 1
17803 17663 1
17955 17663 1
17661 17663 1
17735 17663 9
17961 17664 1
17660 17664 1
17665 17664 2
17962 17665 1
17661 17665 1
17660 17666 1
17667 17666 2
17961 17666 1
17962 17667 1
17661 17667 1
17670 17668 1
17671 17668 1
17669 17668 3
17892 17672 1
17673 17672 2
18216 17674 1
17675 17674 2
17677 17676 1
17598 17676 1
17595 17678 1
17680 17679 1
18090 17680 4
17590 17681 1
17679 17681 1
17679 17682 1
17683 17682 1
17987 17683 1
17793 17683 2
17680 17683 1
17683 17684 1
17679 17684 1
17686 17685 1
17688 17687 1
18155 17689 1
17858 17689 1
17948 17689 2
17687 17689 1
17512 17689 13
17880 17689 1
17859 17689 1
17832 17689 2
17985 17689 1
18026 17689 1
18149 17689 1
18185 17689 1
17985 17690 1
18195 17690 1
18003 17690 1
17514 17690 13
18021 17690 1
17687 17690 1
17858 17690 1
17832 17690 2
17948 17690 2
17859 17690 1
18026 17690 1
18021 17691 1
17832 17691 2
17948 17691 2
18195 17691 1
18026 17691 1
18003 17691 1
17859 17691 1
17687 17691 1
17985 17691 1
17858 17691 1
17514 17691 13
17693 17692 1
18051 17693 1
17809 17693 3
17716 17694 1
17947 17694 1
17852 17694 1
17692 17694 1
17863 17694 1
18201 17694 1
17552 17694 6
17696 17695 2
17697 17695 3
18091 17695 3
18199 17695 1
18091 17698 3
17697 17698 4
17900 17699 1
17602 17699 2
17602 17700 3
17900 17700 2
17699 17700 2
17653 17701 1
17703 17702 1
17702 17704 1
17571 17704 1
17528 17704 4
17571 17704 1
17703 17704 1
17704 17705 1
17702 17705 1
17979 17706 1
17704 17706 2
17702 17706 1
17556 17707 1
17556 17708 6
17873 17708 1
18082 17708 1
17707 17708 1
18000 17708 2
18197 17708 1
17549 17709 1
17922 17710 1
17711 17710 3
17709 17710 1
18122 17710 1
17638 17711 1
17549 17711 2
17600 17712 1
17640 17713 1
17715 17714 1
18090 17715 4
17520 17716 1
17571 17717 6
18135 17717 1
17971 17717 1
18201 17717 1
17716 17717 1
17947 17717 1
17717 17718 6
18096 17718 7
17646 17719 7
17718 17719 7
18090 17720 4
17653 17721 1
17723 17722 1
18121 17724 1
17722 17724 1
17725 17724 3
17723 17725 2
17901 17725 3
17603 17725 2
18090 17726 4
17537 17728 1
17728 17729 1
17506 17729 1
17506 17730 7
18052 17730 1
17728 17730 1
17759 17730 1
18196 17730 1
17760 17731 3
17761 17731 3
17730 17731 5
17506 17731 12
18178 17731 1
17849 17731 1
17579 17731 1
17762 17731 1
18096 17732 1
17732 17733 1
17646 17733 1
17735 17734 1
17663 17736 4
18164 17736 1
18065 17736 1
17734 17736 1
17663 17737 4
17736 17737 4
17739 17738 1
17791 17740 1
17739 17740 2
17738 17740 1
17619 17741 1
17769 17742 3
18090 17742 4
17741 17742 1
17723 17743 1
17725 17744 1
17743 17744 1
18090 17745 4
18090 17746 4
17586 17747 1
17747 17748 1
17588 17748 1
17943 17749 1
17747 17749 1
17588 17749 2
17747 17750 1
17588 17750 1
18200 17751 1
17752 17751 2
18091 17751 3
17697 17751 4
17551 17753 1
17755 17754 3
18002 17754 1
17753 17754 1
18194 17754 1
17923 17755 1
17981 17755 1
17551 17755 1
17758 17757 1
18090 17758 4
17573 17759 1
17506 17760 4
17759 17760 1
17849 17760 1
17759 17761 1
17506 17761 4
17849 17761 1
17759 17762 1
17849 17762 1
17579 17762 1
17506 17762 5
17759 17763 1
17575 17763 1
17759 17764 1
18194 17764 1
17575 17764 2
17595 17765 1
17561 17766 4
18090 17767 4
17533 17768 4
18091 17768 3
18032 17769 2
17619 17769 3
18090 17770 3
17769 17770 3
18090 17771 4
17506 17772 1
18091 17773 3
17774 17773 1
17510 17773 1
17595 17775 1
17778 17777 1
17571 17779 6
18190 17779 1
17971 17779 1
17949 17779 1
17777 17779 1
18135 17779 1
17781 17780 3
17688 17782 6
17966 17782 1
17514 17782 4
17598 17782 1
17784 17783 3
18015 17783 1
17918 17783 1
17829 17784 2
18024 17784 3
17786 17785 1
18090 17786 4
17927 17787 1
17650 17787 3
17595 17788 1
17790 17789 1
18090 17790 4
17739 17791 1
17551 17792 4
17795 17794 2
17988 17794 1
17528 17796 4
18080 17796 1
17798 17797 1
17924 17798 3
18115 17798 1
17798 17799 1
17797 17799 1
18126 17800 1
17801 17800 3
17959 17800 1
17592 17801 1
18127 17801 1
18135 17802 1
18190 17802 1
17571 17802 6
18126 17802 1
18194 17802 1
17800 17802 3
17959 17802 1
17561 17803 4
17784 17804 1
17653 17805 1
17807 17806 1
18090 17807 4
17595 17808 1
17865 17810 1
17646 17810 1
17619 17810 3
17581 17810 2
17891 17810 1
18029 17811 1
17598 17811 3
18194 17811 1
17811 17812 1
17528 17812 1
17811 17813 1
17676 17813 1
17815 17814 2
17811 17814 1
17897 17814 1
17898 17815 1
17598 17815 1
17619 17816 1
17818 17817 1
17816 17817 1
18050 17818 2
17878 17818 1
17619 17818 1
18091 17819 4
17821 17820 1
17533 17822 4
17885 17822 1
17820 17822 1
18131 17822 1
17822 17823 4
17768 17823 5
18057 17823 1
17885 17824 1
17820 17824 1
17533 17824 2
17688 17825 1
17782 17826 8
18040 17826 1
17880 17826 1
17825 17826 1
18003 17826 1
18172 17826 1
18195 17826 1
18021 17826 1
18155 17826 1
17825 17827 1
17514 17827 3
17880 17827 1
17829 17828 1
17829 17830 1
17828 17830 1
17688 17832 2
17637 17833 1
17506 17834 5
17833 17834 1
18173 17834 1
17726 17835 1
17837 17836 1
17839 17838 1
18090 17839 4
17565 17840 1
17735 17841 1
17512 17842 1
17844 17843 1
18053 17845 2
17972 17845 1
17903 17845 1
17522 17845 6
17843 17845 1
18168 17845 1
17843 17846 1
17522 17846 3
17903 17846 1
18168 17846 1
18091 17847 3
17697 17847 4
18091 17848 3
17911 17848 1
17850 17849 1
17640 17851 1
17569 17852 1
17746 17853 1
17803 17857 1
17688 17858 1
17688 17859 1
17522 17860 1
17603 17861 1
18121 17862 1
17725 17862 2
17861 17862 1
17569 17863 1
17863 17864 1
17552 17864 1
18090 17865 4
17837 17866 1
17866 17867 1
17571 17867 1
17569 17868 1
17868 17869 1
17571 17869 1
17571 17870 4
17879 17870 1
17972 17870 1
17868 17870 1
18169 17870 1
18058 17871 1
17872 17871 2
17556 17873 1
17875 17874 1
17874 17876 1
17877 17876 1
17875 17877 1
17569 17879 1
17598 17880 1
17880 17881 1
17528 17881 1
17595 17882 1
17988 17883 1
17884 17883 2
17821 17885 1
17887 17886 6
17988 17886 1
17886 17888 4
17886 17889 4
17595 17890 1
17525 17891 4
17561 17893 4
18091 17894 3
17895 17896 1
18001 17896 2
17898 17897 1
17559 17899 1
17602 17900 2
17573 17902 1
17844 17903 1
17971 17904 1
17972 17904 1
17903 17904 1
17522 17904 4
18168 17904 1
18090 17905 4
17907 17906 1
17910 17909 1
18090 17910 4
17720 17913 1
17600 17914 1
17595 17915 1
17571 17916 1
17506 17917 4
17969 17917 1
17916 17917 1
18031 17917 2
17829 17918 1
17600 17919 1
17921 17920 1
17638 17922 1
17643 17925 1
17926 17927 3
17668 17928 1
18131 17930 1
18096 17930 2
17930 17931 2
17528 17931 2
18090 17932 4
17653 17933 1
18086 17934 1
18160 17935 1
18053 17935 2
18217 17935 1
18088 17935 5
17934 17935 1
17927 17936 1
17936 17937 1
17787 17937 1
17936 17938 1
17787 17938 1
17571 17939 1
17571 17940 1
17653 17941 2
17586 17943 1
17945 17944 3
17771 17946 1
17569 17947 1
17688 17948 2
17569 17949 1
17571 17950 2
17971 17950 1
17949 17950 1
17951 17952 3
17951 17953 3
17951 17954 3
17561 17955 4
17600 17956 1
17932 17957 1
18090 17958 4
17592 17959 1
18090 17960 4
17962 17961 1
18090 17963 4
18090 17964 4
18090 17965 4
18090 17966 4
17958 17967 1
17735 17968 1
17668 17969 1
17595 17970 1
17778 17971 1
17973 17972 1
18169 17974 1
17571 17974 2
17972 17974 1
17547 17975 2
17976 17975 2
18091 17976 3
17514 17976 2
17976 17977 2
17547 17977 2
17653 17978 1
17571 17979 1
17981 17980 1
17600 17982 1
17646 17983 1
17983 17984 1
17646 17984 1
17688 17985 1
17911 17986 1
18016 17989 2
17988 17989 1
18117 17991 2
17990 17991 1
17648 17991 1
17600 17992 1
18073 17993 1
17992 17993 1
18218 17993 1
17602 17993 4
18060 17993 1
18060 17994 1
17992 17994 1
18218 17994 1
18073 17994 1
17602 17994 4
18060 17995 1
17602 17995 4
17992 17995 1
18218 17995 1
18073 17995 1
17602 17996 4
18218 17996 1
17992 17996 1
18060 17996 1
18073 17996 1
18073 17997 1
18060 17997 1
17992 17997 1
18218 17997 1
17602 17997 4
18073 17998 1
17992 17998 1
17602 17998 5
18218 17998 1
18060 17998 1
17992 17999 1
17998 17999 5
18073 17999 1
18060 17999 1
17602 17999 5
18218 17999 1
17556 18000 2
18041 18000 1
17981 18002 1
17688 18003 1
17735 18004 1
17559 18005 1
18007 18006 1
18084 18008 1
18006 18008 1
18009 18008 2
18007 18009 2
18006 18010 1
18009 18010 1
17865 18011 1
18011 18012 1
18069 18012 1
18134 18012 2
18139 18012 1
17810 18012 5
17964 18013 1
17829 18015 1
17619 18017 3
18134 18017 2
18017 18018 3
17810 18018 3
17686 18019 1
17595 18020 1
17688 18021 1
18091 18022 3
17520 18025 1
17688 18026 1
17600 18027 1
18218 18028 1
17602 18028 2
18027 18028 1
17571 18029 3
17779 18029 1
17506 18030 1
18029 18030 1
17506 18031 2
18029 18031 1
17581 18032 2
18148 18032 1
17600 18034 1
17518 18036 1
18038 18037 1
18036 18037 1
17528 18038 4
17518 18038 1
17653 18039 1
17688 18040 1
18096 18041 1
17646 18042 1
18041 18042 1
18096 18043 1
18043 18044 1
17528 18044 1
17514 18045 2
17827 18045 1
17648 18046 1
18046 18047 1
17991 18047 2
17991 18048 1
18046 18048 1
17510 18049 1
18091 18049 3
17537 18052 1
18033 18053 2
18053 18054 2
18088 18054 2
18053 18055 2
18088 18055 2
18088 18056 2
18053 18056 2
17768 18057 1
17653 18059 1
17600 18060 1
17600 18061 1
18063 18062 1
18091 18063 3
18063 18064 1
18062 18064 1
17735 18065 1
17653 18066 1
17965 18067 1
17960 18068 1
17891 18069 1
18069 18070 1
17810 18070 1
18091 18071 3
17697 18072 1
17600 18073 1
17598 18074 1
17598 18075 1
18074 18075 1
17735 18076 1
17663 18077 2
18181 18077 1
18076 18077 1
17659 18078 1
17595 18079 1
17556 18082 1
18007 18084 1
18206 18085 1
18086 18085 2
17554 18086 19
18091 18086 19
17911 18086 1
18085 18087 2
17986 18087 1
18078 18087 1
18088 18087 6
17658 18087 1
18093 18087 1
18086 18088 3
18033 18088 2
18094 18088 2
17659 18088 3
17911 18088 1
18090 18089 4
17960 18090 1
17786 18090 1
17767 18090 1
17562 18090 1
17619 18090 11
17720 18090 2
17854 18090 1
18089 18090 1
17726 18090 1
17746 18090 1
17865 18090 1
17771 18090 1
17807 18090 1
17612 18090 1
17965 18090 1
17905 18090 1
17966 18090 1
17715 18090 2
17790 18090 1
17964 18090 1
17958 18090 1
17932 18090 1
17910 18090 1
17758 18090 1
17839 18090 1
17745 18090 1
17963 18090 1
18092 18090 26
18091 18090 53
18094 18093 1
18091 18094 3
18162 18094 3
18096 18095 1
17571 18096 6
17581 18096 5
17637 18096 1
18091 18096 5
17525 18096 8
17925 18097 1
17536 18097 1
17811 18097 1
18116 18097 1
17506 18097 9
17642 18097 1
18095 18097 1
18029 18097 2
17584 18116 1
17506 18118 1
17579 18118 1
17579 18119 1
17506 18119 1
17506 18120 1
17579 18120 1
17603 18121 1
17549 18122 1
17727 18123 1
17569 18124 1
17860 18125 1
18127 18126 1
18128 18127 1
18130 18127 1
17522 18127 1
17641 18127 1
17593 18127 3
18129 18127 1
17525 18131 1
17533 18132 1
18131 18132 1
18131 18133 1
17525 18133 1
18131 18134 1
17581 18134 2
17907 18135 1
17595 18136 1
17569 18137 1
17686 18138 1
17646 18139 1
17945 18140 3
17963 18141 1
17569 18142 1
18071 18143 1
18143 18144 1
18071 18144 1
17595 18145 1
17565 18147 1
17640 18148 1
17766 18149 1
17720 18150 1
18171 18151 1
18214 18151 1
18090 18151 3
18150 18151 1
18214 18152 1
18090 18152 2
18150 18152 1
17735 18153 1
17653 18154 1
17966 18155 1
17559 18157 1
17745 18158 1
17520 18159 1
17659 18160 1
17595 18163 1
17955 18164 1
17653 18166 1
17537 18167 1
17844 18168 1
17973 18169 1
17905 18171 1
17688 18172 1
17506 18173 1
17735 18174 1
18176 18175 3
17854 18177 1
17637 18178 1
17508 18179 1
18178 18179 1
17686 18180 1
17893 18181 1
17767 18182 1
17635 18183 1
17559 18184 1
17688 18185 1
17653 18186 1
17693 18187 1
18089 18188 1
17653 18189 1
17778 18190 1
17778 18191 1
18190 18191 1
17600 18192 1
17592 18193 1
17923 18194 1
17688 18195 1
17537 18196 1
17556 18197 1
17668 18201 1
17569 18203 1
17921 18205 1
17911 18206 1
18206 18207 1
17848 18207 1
17776 18208 1
17600 18209 1
17735 18210 1
17600 18211 1
17602 18212 1
18211 18212 1
17595 18213 1
17715 18214 1
17595 18215 1
18094 18217 1
17600 18218 1
