363 33 1
338 34 1
353 35 1
311 35 2
311 36 2
35 36 2
372 37 1
372 38 1
327 40 1
292 41 1
317 42 1
435 43 1
353 43 1
353 44 1
302 44 1
387 45 1
353 45 1
338 46 1
46 47 1
304 47 1
46 48 1
304 48 1
46 49 1
304 49 1
435 50 1
296 51 1
305 52 1
301 53 1
52 53 1
363 54 1
322 56 1
368 57 1
305 58 1
353 58 1
305 59 1
353 59 1
305 60 1
353 60 1
353 61 1
305 61 1
353 62 1
305 62 1
296 63 1
63 64 1
305 64 1
51 65 1
63 65 1
63 66 1
305 66 1
63 67 1
407 67 1
63 68 1
360 68 1
305 69 1
63 69 1
406 70 1
63 70 1
296 72 1
333 74 1
74 75 1
306 75 1
293 292 3
408 294 4
361 294 4
406 294 4
407 294 4
343 294 4
432 294 1
39 294 2
342 294 4
341 294 4
295 294 27
305 296 1
297 296 2
73 296 1
338 296 3
299 298 5
300 299 32
324 300 19
305 301 2
293 301 3
303 302 3
294 302 1
338 304 1
294 305 2
304 305 4
299 305 5
296 305 8
333 306 2
308 307 1
299 308 5
307 309 1
308 309 1
311 310 1
294 311 1
310 312 1
35 312 2
311 312 3
299 313 5
315 314 2
415 314 1
317 315 1
373 315 2
73 315 1
415 316 1
314 316 2
317 316 2
315 317 2
299 317 5
294 317 3
378 318 1
319 318 2
391 319 3
305 319 6
318 320 2
319 320 2
322 321 2
431 322 3
55 322 2
432 322 3
321 323 1
324 323 1
305 324 2
435 324 1
409 324 3
387 324 1
322 324 4
302 324 1
294 324 11
390 324 1
321 325 1
324 325 1
327 326 1
299 327 5
350 328 1
329 328 19
778 328 2
348 328 1
40 328 1
38 328 1
54 328 1
400 328 2
33 328 1
381 328 2
780 328 1
57 328 1
410 328 1
378 328 1
388 328 1
326 328 1
42 328 1
41 328 1
308 329 1
349 329 1
368 329 2
292 329 1
317 329 3
327 329 2
372 329 4
363 329 2
305 329 2
331 329 1
299 330 5
299 331 5
295 332 3
769 333 1
334 333 2
294 335 2
335 336 1
353 336 1
305 336 2
338 337 1
769 338 3
34 339 1
337 339 1
46 339 1
296 339 4
72 340 1
305 340 8
358 340 3
339 340 4
63 340 1
315 341 1
315 342 1
315 343 1
299 345 5
347 346 2
374 346 1
375 346 1
349 348 1
372 349 1
399 349 3
331 350 1
353 351 10
452 351 1
324 351 17
50 351 1
783 351 1
386 351 1
430 351 1
768 351 1
300 352 18
351 352 17
357 352 14
294 353 11
386 354 1
321 354 1
783 354 1
353 354 4
324 354 7
452 355 1
386 355 1
430 355 1
353 355 10
768 355 1
56 355 1
50 355 1
324 355 16
324 356 14
386 356 1
50 356 1
56 356 1
768 356 1
430 356 1
353 356 8
452 356 1
353 357 9
50 357 1
452 357 1
768 357 1
324 357 14
386 357 1
34 358 1
296 358 3
427 358 1
360 359 3
358 359 3
315 360 1
296 360 4
294 360 3
305 361 1
300 362 14
362 363 5
362 364 5
362 365 5
362 366 5
362 367 5
299 368 5
299 369 5
299 370 5
299 371 5
299 372 5
294 376 2
415 377 1
376 377 2
360 377 5
63 377 1
382 377 1
305 378 1
305 379 3
378 379 1
444 379 1
319 380 6
426 380 3
379 380 3
378 381 1
305 381 2
294 382 1
382 383 1
317 383 1
385 384 3
387 386 1
303 387 3
294 387 1
372 388 1
353 389 1
452 389 1
321 389 1
324 389 3
295 390 3
324 392 1
392 393 1
394 393 1
324 394 1
392 395 1
394 395 1
300 396 1
392 396 1
300 397 1
392 397 1
300 398 1
392 398 1
372 400 2
37 400 1
443 402 2
401 402 1
353 403 3
324 403 3
324 404 1
353 404 1
296 406 1
296 407 1
305 408 1
308 410 1
322 411 1
324 412 1
411 412 1
317 413 1
413 414 1
315 414 1
315 415 1
317 416 1
415 416 1
415 417 1
418 417 1
315 418 1
63 419 1
360 419 2
415 419 1
415 420 1
317 420 1
342 421 1
415 421 1
317 422 1
415 422 1
341 423 1
415 423 1
317 424 1
415 424 1
415 425 1
343 425 1
449 426 2
319 426 3
296 427 1
305 428 1
428 429 1
301 429 1
390 430 1
402 433 1
402 434 1
433 434 1
294 435 1
303 435 3
317 436 1
353 436 1
317 437 1
353 437 1
317 438 1
353 438 1
353 439 1
317 439 1
317 440 1
353 440 1
372 441 1
349 442 1
441 442 1
305 444 1
444 445 1
324 445 1
444 446 1
324 446 1
305 447 1
447 448 1
361 448 1
305 449 2
447 449 1
449 450 2
319 450 3
452 451 1
319 451 4
450 451 3
305 452 1
452 766 1
408 766 1
452 767 1
296 767 1
302 768 1
333 770 1
306 771 1
770 771 1
317 772 1
317 778 2
772 778 1
317 779 1
335 779 1
368 780 1
327 781 1
781 782 1
327 782 1
294 783 1
