1006 993 1
994 995 3
993 995 1
996 998 1
1004 999 1
1008 999 1
998 999 1
1021 999 1
1022 999 1
1000 999 6
1009 999 1
996 1000 6
1022 1001 1
1004 1001 1
998 1001 1
1008 1001 1
1000 1001 6
1021 1001 1
1009 1001 1
1004 1002 1
1000 1002 3
1021 1002 1
998 1002 1
996 1004 1
1004 1005 1
1021 1005 1
1000 1005 2
996 1008 1
996 1009 1
993 1010 1
1010 1011 1
995 1011 1
995 1012 1
1010 1012 1
995 1013 1
1010 1013 1
995 1014 1
1010 1014 1
995 1015 1
1010 1015 1
1006 1016 1
1016 1017 1
993 1017 1
996 1021 1
996 1022 1
