10189 10188 2
10191 10189 7
10192 10189 7
10190 10189 7
10194 10193 3
10196 10195 3
10731 10197 2
10198 10197 2
10757 10197 1
10200 10199 3
10736 10199 1
10783 10201 1
10202 10201 2
10208 10202 5
10723 10202 5
10736 10202 1
10727 10202 3
10740 10202 1
10201 10203 1
10202 10203 1
10202 10204 2
10201 10204 1
10202 10205 5
10204 10205 2
10784 10205 2
10205 10206 5
10202 10206 6
10208 10207 6
10206 10207 6
10202 10208 14
10202 10209 6
10205 10209 5
10208 10210 6
10209 10210 6
10266 10213 1
10212 10213 3
10189 10214 2
10216 10215 1
10215 10217 1
10218 10217 2
10814 10217 1
10216 10218 31
12617 10219 1
12638 10219 1
10275 10219 1
10814 10219 1
10215 10219 1
10764 10219 1
10808 10219 1
10809 10219 1
10253 10219 1
10218 10219 11
10758 10219 1
10808 10220 1
10215 10220 1
10764 10220 1
10275 10220 1
10809 10220 1
10758 10220 1
10218 10220 6
10218 10221 1
10215 10221 1
10770 10222 1
10806 10222 1
10218 10222 6
10717 10222 3
10224 10223 3
10276 10223 1
10222 10223 1
10240 10223 1
10218 10224 27
10755 10224 1
10216 10224 9
10276 10225 1
10240 10225 1
10222 10225 1
10224 10225 3
10222 10226 1
10240 10226 1
10276 10226 1
10224 10226 3
10222 10227 1
10276 10227 1
10224 10227 3
10227 10228 3
10224 10228 3
10276 10229 1
10222 10229 1
10224 10229 2
10222 10230 1
10276 10230 1
10224 10230 2
10262 10231 2
10811 10231 1
10222 10231 1
10254 10231 1
10240 10231 1
10224 10231 6
10242 10232 24
10222 10232 1
10224 10232 26
10240 10232 1
10224 10233 3
10276 10233 1
10240 10233 1
10222 10233 1
10224 10234 3
10276 10234 1
10240 10234 1
10222 10234 1
10240 10235 1
10276 10235 1
10224 10235 3
10222 10235 1
10240 10236 1
10224 10236 3
10222 10236 1
10276 10236 1
10222 10237 1
10224 10237 3
10240 10237 1
10276 10237 1
10189 10238 2
10216 10239 1
10239 10240 1
10254 10240 1
12652 10240 1
10716 10240 1
12638 10240 1
12653 10240 1
10811 10240 1
10800 10240 1
12645 10240 1
10261 10240 1
10218 10240 17
10788 10240 1
10810 10240 1
10778 10240 1
10258 10240 1
10241 10240 3
10218 10241 3
10239 10241 1
10717 10242 3
10262 10242 2
10241 10242 3
10807 10242 2
10218 10242 24
10260 10242 7
10239 10242 1
10806 10242 1
10716 10242 1
10808 10242 1
10764 10242 1
10254 10242 1
10743 10242 2
10261 10242 1
12653 10242 1
10218 10243 31
10779 10243 3
10260 10243 7
10778 10243 1
10242 10243 24
10262 10243 2
10721 10243 3
10751 10243 1
10260 10244 7
10779 10244 3
10262 10244 2
10242 10244 24
10245 10244 27
10216 10245 2
10218 10245 27
10224 10246 9
10717 10246 3
10254 10246 1
10241 10246 3
10764 10246 1
10811 10246 1
10241 10247 3
10254 10247 1
10224 10247 5
10811 10247 1
10241 10248 3
10807 10248 2
10743 10248 2
10239 10248 1
10224 10248 13
10717 10248 3
10808 10248 1
10811 10248 1
10254 10248 1
10224 10249 5
10754 10249 1
10241 10249 2
10717 10249 2
10241 10250 3
10224 10250 6
10717 10250 3
10717 10251 3
10806 10251 1
10716 10251 1
10254 10251 1
10811 10251 1
10224 10251 11
10770 10251 1
10276 10251 1
10241 10251 3
10216 10253 1
10216 10254 1
10716 10255 1
12639 10255 1
10718 10255 1
10811 10255 1
10254 10255 1
10806 10255 1
10770 10255 1
10765 10255 2
10256 10255 9
10744 10256 1
10216 10256 5
10719 10256 1
10218 10256 2
10770 10257 1
10806 10257 1
10224 10257 6
10254 10257 1
10716 10257 1
10764 10257 1
10811 10257 1
10216 10258 1
12617 10259 1
10788 10259 1
10801 10259 1
10810 10259 1
10818 10259 1
10800 10259 1
10262 10259 2
10258 10259 1
10808 10259 1
12645 10259 1
10751 10259 1
10738 10259 1
10778 10259 1
10218 10259 15
12652 10259 1
10810 10260 1
12645 10260 1
12652 10260 1
10218 10260 7
10258 10260 1
10800 10260 1
10788 10260 1
10216 10261 1
10218 10262 2
10261 10262 1
10224 10263 2
10262 10263 2
10261 10264 1
10224 10264 1
10266 10265 1
10753 10266 3
10213 10267 1
10265 10267 1
10265 10268 1
10213 10268 1
10270 10269 1
10265 10269 1
10266 10270 1
10265 10271 1
10213 10271 1
10265 10272 1
10270 10272 1
10189 10273 2
10189 10274 2
10216 10275 1
10808 10276 1
10218 10276 6
10809 10276 1
10814 10276 1
10764 10276 1
10275 10276 1
10711 10710 1
10757 10711 1
10821 10711 2
10745 10712 1
10791 10712 1
10710 10712 1
10713 10712 3
10746 10713 2
10711 10713 1
10726 10714 3
12644 10714 1
10202 10714 6
10783 10714 1
10714 10715 6
10208 10715 6
10216 10716 1
10716 10717 1
10218 10717 3
10719 10718 1
10216 10720 1
10720 10721 1
10218 10721 3
10818 10721 1
10723 10722 1
10725 10724 1
10802 10725 3
10724 10726 1
10782 10726 1
10727 10726 3
10725 10727 2
10202 10727 4
12644 10728 1
10783 10728 1
10202 10728 6
10726 10728 3
10728 10729 6
10208 10729 7
10797 10729 1
10731 10730 1
12651 10732 1
10730 10732 1
10197 10732 3
10734 10733 3
10730 10733 1
10732 10733 3
12651 10733 1
10731 10734 2
10197 10734 3
12651 10735 1
10732 10735 3
10730 10735 1
10734 10735 3
10202 10736 5
10199 10736 1
10737 10736 4
10216 10738 1
10751 10739 1
10738 10739 1
10245 10739 2
10796 10740 3
10195 10740 1
10795 10740 3
10202 10740 4
10794 10740 3
10189 10741 2
10224 10742 2
10276 10742 1
10240 10742 1
10218 10743 2
12653 10743 1
10736 10744 1
10746 10745 1
10745 10747 1
10791 10747 1
10713 10747 2
10713 10748 2
10745 10748 1
10791 10748 1
10216 10751 1
10755 10754 1
10216 10758 1
10216 10759 1
10194 10760 3
10216 10761 1
10763 10762 3
10216 10764 1
10764 10765 1
10218 10765 2
10759 10766 1
10764 10766 1
10759 10767 1
10764 10767 1
10764 10768 1
10759 10768 1
10759 10769 1
10764 10769 1
10216 10770 1
10770 10771 1
10224 10771 2
10806 10771 1
10806 10772 1
10224 10772 2
10770 10772 1
10774 10773 1
10774 10775 1
10773 10775 1
10776 10777 3
10216 10778 1
10218 10779 3
10792 10779 1
10778 10779 1
10199 10780 1
10199 10781 1
10780 10781 1
10736 10781 2
10725 10782 1
10740 10783 1
10783 10784 1
10202 10784 2
10820 10785 1
10202 10786 1
10202 10787 1
10786 10787 1
10216 10788 1
10746 10791 1
10216 10792 1
10218 10793 2
10801 10793 1
10792 10793 1
10208 10797 1
10216 10800 1
10216 10801 1
10195 10803 1
10740 10804 1
10803 10804 1
10189 10805 2
10216 10806 1
10218 10807 2
12638 10807 1
10216 10808 1
10216 10809 1
10216 10810 1
10216 10811 1
10202 10812 1
10208 10813 1
10812 10813 1
10216 10814 1
10761 10815 1
10814 10815 1
10761 10816 1
10814 10816 1
10216 10818 1
10216 12617 1
10216 12638 1
10744 12639 1
10820 12640 1
10785 12641 1
12640 12641 1
10785 12642 1
12640 12642 1
10736 12644 1
10216 12645 1
10761 12649 1
12649 12650 1
10761 12650 1
10731 12651 1
10216 12652 1
10216 12653 1
