7558 7528 1
7578 7528 1
7529 7528 2
7559 7529 2
7542 7529 11
7558 7530 1
7529 7530 2
7578 7530 1
7558 7531 1
7529 7531 2
7578 7531 1
7533 7532 1
7661 7533 3
7680 7533 4
7660 7533 3
7664 7534 1
7712 7534 1
7733 7534 1
7719 7534 1
7713 7534 1
7730 7534 1
7747 7534 1
7532 7534 1
7535 7534 8
7539 7535 1
7533 7535 2
7665 7535 5
7537 7536 3
7732 7536 1
7532 7536 1
7713 7536 1
7533 7537 2
7745 7537 1
7733 7538 1
7707 7538 1
7561 7538 3
7540 7539 3
7618 7541 6
7542 7541 10
7629 7541 1
7679 7541 1
7610 7542 5
7630 7542 1
7619 7542 7
7631 7543 2
7541 7543 10
7529 7543 11
7541 7544 10
7631 7544 2
7529 7544 11
7541 7545 10
7529 7545 11
7631 7545 2
7748 7546 1
7631 7546 2
7547 7546 13
7541 7546 10
7542 7547 12
7546 7548 13
7549 7548 13
7547 7549 13
7533 7551 1
7551 7552 1
7588 7552 1
7533 7552 5
7728 7552 1
7686 7552 1
7552 7553 5
7708 7553 1
7712 7553 1
7554 7553 7
7569 7554 5
7586 7554 1
7533 7554 5
7665 7554 5
7554 7555 5
7552 7555 5
7551 7556 1
7557 7556 1
7533 7557 1
7559 7558 1
7558 7560 1
7561 7560 4
7578 7560 1
7707 7560 1
7559 7561 2
7539 7561 1
7560 7562 4
7538 7562 3
7561 7562 7
7736 7562 1
7557 7563 1
7551 7563 1
7551 7564 1
7557 7564 1
7567 7566 1
7566 7568 1
7653 7568 1
7569 7568 4
7678 7568 1
7567 7569 3
7727 7570 1
7568 7570 4
7571 7570 5
7699 7571 1
7569 7571 6
7554 7572 10
7568 7572 4
7664 7572 1
7747 7572 1
7719 7572 1
7712 7572 1
7686 7572 1
7728 7572 1
7574 7573 2
7664 7573 1
7712 7573 1
7568 7573 4
7554 7573 7
7569 7574 2
7566 7574 1
7571 7575 2
7574 7575 2
7577 7576 3
7559 7578 1
7622 7579 7
7639 7580 2
7579 7580 4
7581 7582 3
7559 7583 1
7633 7584 1
7583 7584 1
7585 7584 3
7742 7584 1
7565 7585 2
7559 7585 1
7587 7586 3
7533 7588 1
7591 7590 2
7629 7590 1
7630 7591 1
7619 7591 6
7610 7591 5
7590 7592 2
7714 7592 2
7593 7592 4
7605 7593 2
7591 7593 9
7533 7593 2
7596 7593 1
7595 7594 3
7597 7596 3
7599 7598 1
7638 7600 1
7703 7600 1
7621 7600 7
7602 7600 1
7601 7600 12
7673 7600 1
7670 7600 1
7598 7600 1
7639 7601 2
7704 7601 1
7603 7601 1
7576 7601 1
7622 7601 7
7599 7601 1
7603 7602 1
7602 7604 1
7605 7604 2
7603 7605 1
7604 7606 2
7593 7606 4
7656 7606 1
7606 7607 4
7620 7607 7
7714 7607 2
7593 7607 10
7593 7608 4
7606 7608 4
7610 7609 5
7604 7609 2
7746 7609 1
7656 7609 1
7605 7610 3
7639 7610 2
7596 7610 2
7542 7611 6
7609 7611 5
7611 7612 6
7613 7612 6
7542 7613 6
7611 7614 6
7748 7614 1
7547 7614 8
7616 7615 8
7614 7615 8
7547 7616 9
7609 7617 5
7591 7617 5
7619 7618 6
7609 7618 5
7610 7619 9
7591 7620 7
7618 7620 6
7622 7621 7
7624 7621 2
7609 7621 5
7610 7622 5
7601 7622 2
7579 7623 7
7621 7623 7
7601 7624 2
7602 7624 1
7602 7625 1
7605 7625 2
7625 7626 2
7735 7626 1
7701 7626 1
7610 7626 5
7619 7627 5
7626 7627 5
7630 7629 1
7619 7630 1
7724 7630 3
7542 7631 2
7629 7631 1
7629 7632 1
7630 7632 2
7679 7632 1
7565 7633 1
7585 7634 2
7742 7634 1
7633 7634 1
7559 7635 1
7635 7636 1
7683 7636 1
7637 7636 2
7533 7637 2
7559 7637 2
7639 7638 1
7659 7639 3
7663 7639 3
7661 7639 3
7685 7639 1
7660 7639 3
7662 7639 3
7580 7639 1
7641 7640 5
7676 7640 3
7638 7640 1
7639 7641 4
7640 7642 5
7641 7642 5
7641 7643 5
7640 7643 5
7640 7644 5
7641 7644 5
7641 7645 5
7640 7645 5
7640 7646 5
7641 7646 5
7641 7647 5
7640 7647 5
7638 7648 1
7580 7648 3
7673 7648 1
7648 7649 3
7650 7649 3
7580 7650 3
7648 7651 3
7650 7651 3
7587 7652 3
7567 7653 1
7653 7654 1
7569 7654 2
7654 7655 2
7571 7655 2
7596 7656 1
7533 7657 3
7718 7657 2
7533 7658 3
7657 7658 3
7665 7664 1
7554 7666 2
7747 7666 1
7664 7666 1
7533 7668 2
7639 7669 1
7576 7670 1
7671 7672 3
7639 7673 1
7673 7674 1
7669 7674 1
7669 7675 1
7673 7675 1
7673 7676 1
7725 7676 1
7639 7676 3
7669 7677 1
7673 7677 1
7567 7678 1
7619 7679 1
7559 7683 1
7533 7686 1
7637 7687 1
7686 7687 1
7686 7688 1
7728 7688 1
7637 7688 2
7637 7689 2
7728 7689 1
7686 7689 1
7686 7690 1
7637 7690 1
7686 7691 1
7637 7691 2
7728 7691 1
7728 7692 1
7637 7692 2
7686 7692 1
7637 7693 2
7686 7693 1
7728 7693 1
7668 7694 2
7728 7694 1
7686 7694 1
7686 7695 1
7668 7695 2
7728 7695 1
7686 7696 1
7668 7696 2
7728 7696 1
7728 7697 1
7686 7697 1
7668 7697 2
7728 7698 1
7686 7698 1
7668 7698 2
7587 7699 3
7639 7701 1
7704 7703 1
7561 7707 1
7586 7708 1
7710 7709 1
7708 7709 1
7586 7710 1
7710 7711 1
7708 7711 1
7665 7712 1
7533 7713 1
7713 7714 1
7533 7714 2
7628 7715 1
7533 7717 1
7717 7718 1
7533 7718 2
7665 7719 1
7705 7720 1
7749 7721 1
7720 7721 1
7722 7721 2
7705 7722 2
7749 7723 1
7722 7723 2
7720 7723 1
7580 7725 1
7699 7727 1
7533 7728 1
7665 7730 1
7730 7731 1
7554 7731 1
7537 7732 1
7539 7733 1
7733 7734 1
7535 7734 1
7596 7735 1
7561 7736 1
7685 7737 1
7639 7738 1
7737 7738 1
7737 7739 1
7639 7739 1
7639 7740 1
7737 7740 1
7737 7741 1
7639 7741 1
7565 7742 1
7639 7746 1
7665 7747 1
7547 7748 1
7705 7749 1
7547 7750 1
7750 7751 1
7616 7751 1
