18439 17971 6
17971 17972 16
18533 17972 1
18711 17972 1
18610 17972 1
18717 17972 1
18444 17972 7
18335 17973 1
18438 17973 6
18441 17973 7
18667 17974 1
18335 17974 1
18438 17974 6
18439 17974 9
18326 17975 1
17974 17975 9
19092 17975 1
17976 17975 11
18205 17976 1
18439 17976 9
18335 17977 1
18438 17977 6
18667 17977 1
18441 17977 8
18335 17978 1
18441 17978 7
18438 17978 6
18679 17979 1
18438 17979 6
17980 17979 8
18335 17979 1
18582 17980 1
18248 17980 8
18299 17980 1
18172 17980 6
18075 17980 2
18510 17980 2
18224 17980 2
18439 17980 9
18441 17981 6
18438 17981 6
18438 17982 6
18441 17982 6
18438 17983 6
18441 17983 6
18550 17984 1
18551 17984 1
18441 17984 8
18438 17984 6
18441 17985 6
18438 17985 6
18526 17986 1
18441 17986 6
18436 17986 1
18327 17986 1
18538 17986 1
18438 17986 6
17988 17987 6
18438 17987 6
18439 17988 6
18667 17989 1
18438 17989 6
18250 17989 1
18441 17989 8
18438 17990 6
17988 17990 6
18438 17991 6
17992 17991 6
18084 17992 3
18439 17992 6
18438 17993 6
17988 17993 6
18438 17994 6
18034 17994 1
18635 17994 1
18328 17994 1
18655 17994 1
18383 17994 1
19093 17994 1
18716 17994 1
18479 17994 1
18366 17994 1
18009 17994 3
18507 17994 1
18393 17994 1
18583 17994 1
18410 17994 1
18005 17994 1
18541 17994 1
18194 17994 1
17995 17994 50
18400 17994 1
18629 17994 1
18653 17994 1
18574 17994 1
18609 17994 1
18250 17994 1
18488 17994 1
18594 17994 1
18473 17994 1
18584 17994 1
18430 17994 1
18474 17994 1
18323 17994 2
18539 17994 1
18381 17994 1
18718 17994 1
18585 17994 1
18308 17994 1
19087 17994 1
18454 17994 1
18458 17994 1
18602 17994 1
18720 17994 1
18595 17994 1
18667 17994 1
18401 17994 1
18309 17995 3
18038 17995 5
18010 17995 10
18245 17995 10
18195 17995 6
18035 17995 8
18008 17995 2
18439 17995 13
18296 17995 1
18084 17995 7
18187 17995 5
18560 17996 1
17980 17996 3
17996 17997 1
18489 17997 1
17980 17997 2
18000 17999 3
18423 18001 3
18605 18001 1
18002 18001 5
18075 18002 3
18002 18003 6
18004 18003 6
18001 18003 5
18001 18004 5
18002 18004 6
18439 18005 1
18454 18006 1
17995 18006 19
18539 18006 1
18400 18006 1
18005 18006 1
18436 18006 1
18551 18006 1
18594 18006 1
18379 18006 2
18323 18006 2
18250 18006 1
18718 18006 1
18327 18006 1
18383 18006 1
18186 18006 1
18653 18006 1
18150 18006 1
18541 18006 1
17995 18008 4
18007 18008 4
18010 18009 3
18381 18009 1
18366 18009 1
18158 18010 4
17995 18010 4
19093 18011 1
18653 18011 1
18574 18011 1
18323 18011 2
19087 18011 1
18400 18011 1
18009 18011 3
18194 18011 1
18690 18011 1
18474 18011 1
18327 18011 1
18583 18011 1
18150 18011 1
18538 18011 1
18458 18011 1
18186 18011 1
17995 18011 29
18060 18011 1
18595 18011 1
18366 18011 1
18379 18011 2
18719 18011 1
18551 18011 1
18507 18011 1
18716 18011 1
18718 18011 1
18367 18011 3
18013 18012 4
18033 18014 3
18015 18014 4
18014 18016 4
18015 18016 5
18291 18016 2
18016 18017 5
18018 18017 6
18015 18017 6
18016 18018 5
18015 18018 6
18051 18019 2
18286 18019 2
18000 18020 3
18022 18021 1
18348 18022 6
18075 18022 1
18245 18022 4
18021 18023 1
18262 18023 1
18022 18023 3
18022 18024 13
18262 18024 1
18021 18024 1
18355 18024 6
18403 18024 4
18311 18025 2
18026 18025 4
18614 18025 1
18312 18026 2
18026 18027 5
18311 18027 2
18025 18027 4
18032 18028 6
18026 18028 7
18027 18028 5
18032 18029 5
18026 18029 6
18027 18029 5
18027 18030 5
18026 18030 6
18032 18030 5
18032 18031 5
18026 18031 6
18027 18031 5
18025 18032 4
18026 18032 6
18015 18033 3
18291 18033 2
18035 18034 1
17995 18035 4
18549 18035 4
18051 18036 2
18050 18036 2
18049 18036 2
18187 18037 3
17995 18038 4
18039 18038 4
18000 18040 3
18466 18041 1
18713 18041 1
18042 18041 3
18042 18043 8
18475 18043 1
18395 18043 2
18468 18043 4
18041 18043 3
18677 18043 1
18000 18044 3
18000 18045 3
19095 18047 1
18048 18047 2
18050 18048 2
18049 18048 2
18051 18048 2
18054 18053 5
18200 18053 4
18199 18054 6
18053 18055 5
18056 18055 5
18000 18056 3
18080 18056 3
18054 18056 9
18053 18057 5
18056 18057 5
18059 18058 3
18038 18060 2
18060 18061 2
18062 18061 2
18038 18062 2
18010 18062 3
18060 18063 1
18062 18063 1
18015 18064 1
18064 18065 1
18015 18065 1
18067 18066 1
18325 18067 1
18066 18068 1
18067 18068 2
18067 18069 2
18068 18069 2
18067 18070 3
19086 18070 1
18066 18070 1
18633 18071 1
18070 18071 3
18067 18071 4
18712 18072 1
18058 18072 2
18072 18073 2
18058 18073 2
18626 18074 1
18075 18074 5
18283 18075 1
18170 18075 7
18299 18075 2
18248 18075 1
18582 18075 1
18002 18075 1
18074 18076 5
18180 18076 12
18075 18076 17
18078 18077 10
18318 18077 4
18074 18077 1
18386 18077 3
18180 18077 2
18319 18078 4
18387 18078 3
18075 18078 3
18080 18079 3
18081 18082 1
18259 18082 2
17995 18084 4
18085 18084 4
18087 18086 1
18089 18088 1
18086 18088 1
18087 18089 1
18089 18090 1
18086 18090 1
18092 18091 1
18086 18091 1
18087 18092 1
18086 18093 1
18092 18093 1
18092 18094 1
18086 18094 1
18086 18095 1
18092 18095 1
18092 18096 1
18086 18096 1
18092 18097 1
18086 18097 1
18092 18115 1
18086 18115 1
18086 18116 1
18092 18116 1
18092 18117 1
18086 18117 1
18119 18118 5
18548 18118 2
18300 18118 3
18086 18118 1
18299 18119 4
18087 18119 1
18086 18120 1
18092 18120 1
18086 18121 1
18092 18121 1
18092 18122 1
18086 18122 1
18092 18123 1
18086 18123 1
18086 18124 1
18125 18124 1
18008 18125 4
18087 18125 1
18125 18126 1
18086 18126 1
18086 18127 1
18125 18127 1
18086 18128 1
18125 18128 1
18329 18129 3
18125 18129 4
18086 18129 1
18086 18130 1
18131 18130 1
18087 18131 1
18086 18132 1
18131 18132 1
18134 18133 4
18000 18134 39
18137 18136 1
18136 18138 1
18137 18138 1
18134 18139 4
18141 18140 1
18141 18142 1
18140 18142 1
18141 18143 1
18140 18143 1
18146 18145 1
18269 18146 1
18268 18146 1
18145 18147 1
18346 18147 1
18149 18147 4
18148 18147 3
18146 18147 4
18346 18148 1
18145 18148 1
18146 18148 3
18146 18149 4
18148 18149 3
18035 18150 1
18150 18151 1
18424 18151 1
18152 18151 2
18187 18152 1
18035 18152 4
18152 18153 2
18150 18153 1
18424 18153 1
18152 18154 2
18150 18154 1
18424 18154 1
18150 18155 1
18152 18155 1
18424 18156 1
18152 18156 2
18150 18156 1
18152 18157 1
18150 18157 1
19095 18159 1
18160 18159 2
18050 18160 2
18051 18160 2
18049 18160 2
17980 18161 2
18163 18162 2
18500 18162 1
18162 18164 2
18500 18164 1
18163 18164 2
18166 18165 1
18010 18166 3
18168 18167 4
18170 18169 1
18172 18171 4
18556 18171 1
18169 18171 1
18622 18171 1
18170 18172 3
18299 18172 1
18492 18173 3
19129 18173 2
18171 18173 4
18560 18173 1
18178 18173 3
18493 18173 2
17980 18173 22
19121 18173 2
18247 18173 8
18489 18173 1
18508 18173 2
18171 18174 4
18250 18174 1
18612 18174 1
18178 18174 3
17980 18174 9
18667 18174 1
18172 18175 6
18178 18175 3
18171 18175 4
18171 18176 4
18172 18176 6
18178 18176 3
18172 18177 4
18171 18177 4
18172 18178 3
18169 18178 1
18626 18178 1
18178 18179 3
18172 18179 3
18556 18180 1
18531 18180 1
18622 18180 1
18365 18180 1
18630 18180 1
18169 18180 1
18611 18180 1
18075 18180 12
18580 18181 1
18182 18181 2
18182 18183 2
18181 18183 2
18000 18184 3
17992 18185 1
18187 18186 1
18409 18187 4
17995 18187 4
18152 18188 1
18186 18188 1
18152 18189 1
18186 18189 1
18573 18190 1
18186 18190 1
18037 18190 3
18454 18190 1
18573 18191 1
18186 18191 1
18037 18191 2
18186 18192 1
18573 18192 1
18037 18192 2
18134 18193 4
18195 18194 1
18334 18195 4
17995 18195 4
18195 18196 4
18000 18197 3
18199 18198 1
18199 18200 4
18394 18200 2
18198 18200 1
18054 18201 7
18333 18201 2
18200 18201 4
18201 18202 7
18056 18202 7
18200 18203 4
18054 18203 5
18340 18204 1
18554 18204 1
18205 18204 8
18203 18204 5
18397 18204 1
18054 18205 5
18199 18205 2
18260 18205 1
18056 18206 5
18203 18206 5
18000 18207 3
18134 18208 4
18134 18209 4
18134 18210 4
18134 18211 4
18134 18212 4
18134 18213 4
18134 18214 4
18134 18215 4
18524 18216 1
18134 18216 4
18134 18217 4
18666 18218 1
18134 18218 4
18134 18219 4
18360 18219 1
18134 18220 4
18134 18221 4
18134 18222 4
18000 18223 3
18000 18224 3
18000 18225 3
18000 18226 3
18000 18227 3
18000 18228 3
18000 18229 3
18000 18230 3
18000 18231 3
18000 18232 3
18000 18233 3
18000 18234 3
18235 18236 3
18239 18238 1
18631 18240 1
18238 18240 1
18241 18240 3
18590 18240 1
18461 18241 1
18239 18241 1
18324 18241 1
18518 18241 1
18238 18242 1
18575 18242 1
18241 18242 4
18590 18242 1
18631 18242 1
18241 18243 3
18238 18243 1
18590 18243 1
18631 18243 1
18245 18244 1
18536 18245 1
18456 18245 4
17995 18245 4
18042 18245 1
18509 18246 1
17995 18246 11
18721 18246 1
18244 18246 1
18335 18246 1
18624 18246 1
18551 18246 1
18460 18246 1
19119 18246 1
18484 18246 1
18402 18246 1
18550 18246 1
18244 18247 1
18356 18247 1
18248 18247 8
18624 18247 1
19119 18247 1
18612 18247 1
18679 18247 1
18681 18247 1
18299 18248 2
18582 18248 1
18439 18248 3
18245 18248 8
17980 18249 11
18508 18249 2
18560 18249 1
18247 18249 8
18439 18250 1
18252 18251 2
18313 18251 1
18250 18251 1
18309 18252 1
18439 18252 2
18441 18253 2
18667 18253 1
18250 18253 1
18667 18254 1
17980 18254 3
18250 18254 1
18612 18254 1
18667 18255 1
18551 18255 1
18250 18255 1
18441 18255 3
18441 18256 2
18667 18256 1
18250 18256 1
18250 18257 1
18441 18257 2
18667 18257 1
18260 18261 4
18075 18262 1
18262 18263 1
18264 18263 5
18625 18263 2
18452 18263 2
18075 18264 6
18267 18265 5
18264 18265 9
18263 18265 5
18280 18266 5
18264 18266 14
18265 18266 9
18416 18267 2
18673 18267 2
18262 18267 1
18264 18267 5
18271 18270 3
18056 18272 1
18540 18273 1
18274 18273 2
18272 18273 1
18056 18274 1
18560 18275 1
17980 18275 3
18275 18276 1
17980 18276 3
18489 18276 1
18588 18276 1
18278 18277 2
19095 18277 1
18050 18278 2
18051 18278 2
18049 18278 2
18682 18279 1
18264 18279 3
18297 18279 1
18279 18280 3
18264 18280 5
18264 18281 3
18279 18281 3
18283 18282 7
18049 18284 2
18051 18284 2
18050 18284 2
18286 18285 2
19107 18285 1
18051 18285 2
19111 18285 1
18285 18287 1
18285 18288 1
18015 18290 2
18291 18290 2
18015 18291 2
18290 18291 2
18284 18292 2
19095 18292 1
18294 18293 1
18296 18294 1
17995 18296 4
18295 18296 4
18264 18297 1
18299 18298 2
18612 18298 1
18298 18300 2
18299 18300 3
18298 18301 2
18248 18301 2
19095 18302 1
19110 18302 1
18304 18302 2
18303 18302 2
18050 18303 2
18049 18303 2
18051 18303 2
18306 18305 1
18305 18307 1
18306 18307 1
18309 18308 1
18396 18309 4
17995 18309 4
18010 18310 3
18439 18310 1
18597 18311 1
18312 18311 2
18309 18313 1
18313 18314 1
18667 18314 1
18252 18314 2
18477 18315 1
18316 18315 2
18316 18317 2
18315 18317 2
18319 18318 4
18321 18320 2
18318 18320 2
18319 18321 2
18199 18322 1
18035 18323 2
18424 18323 1
17976 18326 1
18439 18327 1
18008 18328 1
18328 18329 1
18609 18329 1
18008 18329 3
18125 18330 3
18329 18330 3
18329 18331 3
18125 18331 3
18125 18332 3
18329 18332 3
18340 18333 1
18199 18333 2
18439 18335 1
18441 18336 2
18335 18336 1
18667 18336 1
18550 18337 1
18248 18337 3
18335 18337 1
18551 18337 1
18339 18338 3
18199 18340 1
18554 18341 1
18342 18341 2
18340 18341 1
18199 18342 1
18260 18342 1
18146 18346 1
18600 18347 1
18348 18347 2
18418 18348 3
18348 18349 3
18347 18349 2
18349 18350 3
18348 18350 3
18348 18351 3
18349 18351 3
18348 18352 3
18349 18352 3
18349 18353 3
18348 18353 5
18354 18353 5
18348 18354 5
18349 18354 3
18353 18354 5
18353 18355 5
18354 18355 5
18348 18355 6
18248 18356 1
18681 18357 1
18679 18357 1
18248 18357 3
18356 18357 1
18359 18358 3
18385 18361 1
17998 18362 1
18364 18363 3
18170 18365 1
18010 18366 1
18458 18367 1
18010 18367 3
18366 18367 1
18062 18368 3
18367 18368 3
18367 18369 3
18310 18369 3
18367 18370 3
18166 18370 3
18166 18371 3
18367 18371 3
18367 18372 3
18166 18372 3
18374 18373 1
18373 18375 1
18374 18375 1
18373 18376 1
18374 18376 1
18378 18377 1
18035 18379 2
18379 18380 2
18152 18380 2
18010 18381 1
19095 18382 1
18036 18382 2
18439 18383 1
18385 18384 1
18383 18384 1
18439 18385 1
18387 18386 3
18504 18387 3
18195 18388 1
18479 18389 1
18388 18389 1
18196 18389 2
18388 18390 1
18196 18390 1
18388 18391 1
18196 18391 1
18542 18392 1
18479 18392 1
18196 18392 3
18388 18392 1
18038 18393 1
18199 18394 2
18678 18394 1
18042 18395 2
18466 18395 1
18199 18397 1
18339 18399 3
18084 18400 1
18010 18401 1
18245 18402 1
18460 18403 1
18245 18403 4
18509 18403 1
18402 18403 1
18402 18404 1
18460 18404 1
18248 18404 4
18509 18404 1
18624 18405 1
18404 18405 4
19119 18405 1
18248 18405 6
18402 18406 1
18460 18406 1
18248 18406 4
18509 18406 1
19119 18406 1
18509 18407 1
18402 18407 1
18248 18407 4
19119 18407 1
18460 18407 1
18624 18408 1
18402 18408 1
18460 18408 1
18248 18408 4
19119 18408 1
18195 18410 1
18540 18411 1
18274 18411 2
18540 18412 1
18274 18412 2
18411 18412 2
18415 18413 2
19110 18413 1
19095 18413 1
18414 18413 2
18050 18414 2
18049 18414 2
18051 18414 2
18679 18416 1
18075 18416 2
18049 18417 2
18051 18417 2
18050 18417 2
18419 18420 4
18023 18421 1
18022 18421 1
18023 18422 1
18022 18422 1
18673 18423 2
18075 18423 3
18035 18424 1
18424 18425 1
18152 18425 1
18152 18426 1
18424 18426 1
18424 18427 1
18152 18427 1
18310 18428 1
18051 18429 2
18050 18429 2
18049 18429 2
18296 18430 1
18015 18433 1
18433 18434 1
18015 18434 2
18015 18435 2
18434 18435 2
18433 18435 1
18439 18436 1
18538 18438 1
18675 18438 1
18439 18438 6
18327 18438 1
18436 18438 1
18526 18438 1
18343 18439 4
17995 18439 4
18667 18440 1
18441 18440 7
18438 18440 6
18439 18441 11
18441 18442 6
18438 18442 6
18438 18443 6
18441 18443 6
18438 18444 6
17971 18444 7
18322 18445 2
19130 18445 1
19133 18446 2
18445 18446 2
17998 18447 1
18084 18451 1
18679 18452 1
18075 18452 2
18452 18453 2
18075 18453 3
18673 18453 2
18187 18454 1
18037 18455 1
18454 18455 1
18010 18458 1
18667 18459 1
18458 18459 1
18310 18459 2
18245 18460 1
18462 18461 3
18296 18463 1
18294 18464 1
18463 18464 1
18294 18465 1
18463 18465 1
18042 18466 1
18042 18467 3
18713 18467 1
18466 18467 1
18042 18468 4
18467 18468 3
18312 18469 1
18469 18470 1
18312 18470 1
18469 18471 1
18312 18471 1
18312 18472 1
18469 18472 1
18309 18473 1
18010 18474 1
18042 18475 1
18475 18476 1
18042 18476 1
18316 18477 1
18316 18478 1
18477 18478 1
18195 18479 1
18196 18480 1
18479 18480 1
18542 18481 1
18479 18481 1
18586 18481 1
18196 18481 3
18542 18482 1
18196 18482 2
18479 18482 1
18092 18483 1
18245 18484 1
18484 18485 1
18721 18485 1
18248 18485 2
18051 18486 2
18049 18486 2
18050 18486 2
18205 18487 1
18035 18488 1
17980 18489 1
18489 18490 1
17980 18490 2
18560 18490 1
17980 18491 3
18657 18491 1
18560 18491 1
18489 18491 1
18489 18492 1
17980 18492 3
18560 18492 1
18489 18493 1
17980 18493 2
18560 18494 1
17980 18494 2
18489 18494 1
18489 18495 1
17980 18495 1
18489 18496 1
17980 18496 1
18049 18497 2
18051 18497 2
18050 18497 2
18163 18500 1
18163 18501 1
18500 18501 1
18500 18502 1
18163 18502 1
18205 18503 1
18195 18507 1
18224 18508 2
18245 18509 1
18344 18511 1
18511 18512 1
18344 18512 4
18050 18517 2
18051 18517 2
18049 18517 2
18205 18519 1
18008 18520 1
18520 18521 1
18125 18521 1
18306 18522 1
18306 18523 1
18522 18523 1
18439 18526 1
18196 18527 1
18078 18530 2
18386 18530 2
18170 18531 1
17971 18533 1
18534 18535 3
18062 18537 1
18439 18538 1
18245 18539 1
18274 18540 1
18195 18541 1
18195 18542 1
18542 18543 1
18196 18543 1
18196 18544 1
18542 18544 1
18542 18545 1
18196 18545 1
18542 18546 1
18196 18546 1
18260 18547 1
18299 18548 2
18612 18548 1
18439 18550 1
18439 18551 1
18441 18552 1
18551 18552 1
18441 18553 1
18551 18553 1
18260 18554 1
18547 18555 1
18554 18555 1
18170 18556 1
18580 18557 1
18182 18557 2
18182 18558 1
18557 18558 1
18286 18559 2
18051 18559 2
18510 18560 1
18275 18561 2
18588 18561 1
18560 18561 1
17980 18561 4
17996 18561 2
18560 18562 1
17980 18562 1
17980 18563 1
18560 18563 1
18560 18564 1
17980 18564 2
17980 18565 3
18564 18565 2
18560 18565 1
18565 18566 3
17980 18566 4
18676 18566 1
18172 18568 1
18172 18569 2
18568 18569 1
18569 18570 2
18172 18570 2
18037 18572 1
18187 18573 1
18195 18574 1
18461 18575 1
19128 18578 1
18578 18579 1
19128 18579 1
18182 18580 1
18125 18581 1
18010 18583 1
18038 18584 1
18309 18585 1
18195 18586 1
17980 18588 2
17998 18589 1
18324 18590 1
18245 18591 1
17995 18592 1
18591 18592 1
18591 18593 1
17995 18593 1
18187 18594 1
18038 18595 1
18312 18597 1
18348 18600 1
18084 18602 1
18451 18603 1
18602 18603 1
18451 18604 1
18602 18604 1
18002 18605 1
18002 18606 1
18605 18606 1
18248 18607 2
18681 18607 1
18607 18608 2
18248 18608 2
18681 18608 1
18008 18609 1
17971 18610 1
18170 18611 1
18299 18612 1
18612 18613 1
18299 18613 1
18026 18614 1
18152 18616 1
18451 18618 1
18385 18619 2
18637 18619 1
18089 18620 1
18051 18621 2
18050 18621 2
18049 18621 2
18170 18622 1
18245 18624 1
18075 18625 2
18679 18625 1
18299 18626 1
18626 18627 1
18299 18627 1
18252 18628 1
18010 18629 1
18170 18630 1
18518 18631 1
18067 18633 1
18187 18635 1
17988 18636 1
18385 18637 1
18637 18638 1
18361 18638 1
18385 18639 1
18637 18639 1
18385 18640 1
18637 18640 1
18385 18641 1
18637 18641 1
18637 18642 1
18385 18642 1
18361 18643 1
18637 18643 1
18637 18644 1
18385 18644 1
18385 18645 1
18637 18645 1
18637 18646 1
18385 18646 1
18361 18647 1
18637 18647 1
18051 18649 2
18049 18649 2
18050 18649 2
18587 18650 1
18650 18651 1
18587 18651 1
18650 18652 1
18587 18652 1
18084 18653 1
17998 18654 1
18187 18655 1
17980 18657 1
18510 18658 1
18658 18659 1
17980 18659 1
18306 18660 1
18660 18661 1
18306 18661 1
18660 18662 1
18306 18662 1
19124 18663 1
18024 18664 1
18022 18664 1
18024 18665 1
18022 18665 1
18439 18667 1
18667 18668 1
18441 18668 1
18667 18669 1
18310 18669 1
18667 18670 1
18310 18670 1
18567 18671 1
18567 18672 1
18671 18672 1
18075 18673 2
18679 18673 1
18441 18674 1
18439 18675 1
17980 18676 1
18042 18677 1
18199 18678 1
18582 18679 1
18248 18681 1
18264 18682 1
18322 18684 1
18684 18685 1
19133 18685 1
18137 18686 1
18686 18687 1
18137 18687 1
18137 18688 1
18686 18688 1
18137 18689 1
18686 18689 1
18084 18690 1
17992 18691 1
18690 18691 1
18690 18692 1
17992 18692 1
18205 18693 1
19095 18694 1
19095 18695 1
19095 18696 1
19095 18697 1
19095 18698 1
19095 18699 1
19095 18700 1
19095 18701 1
19095 18702 1
19095 18703 1
19095 18704 1
19095 18705 1
19095 18706 1
19095 18707 1
19095 18708 1
19095 18709 1
19095 18710 1
17971 18711 1
18058 18712 1
18042 18713 1
18713 18714 1
18042 18714 1
18038 18716 1
17971 18717 1
18084 18718 1
18084 18719 1
18035 18720 1
18245 18721 1
18131 19081 1
18205 19082 1
18519 19083 1
18503 19083 1
18693 19083 1
18487 19083 1
18205 19083 5
19082 19083 1
19085 19084 3
18067 19086 1
18084 19087 1
19087 19088 1
17992 19088 2
18719 19088 1
17992 19089 1
19087 19089 1
18205 19092 1
18010 19093 1
18050 19095 2
19094 19095 1
18051 19095 2
19111 19095 1
19106 19095 1
18049 19095 2
18429 19096 2
19095 19096 1
19110 19097 1
19095 19097 1
19114 19097 2
19113 19097 2
19116 19098 2
19110 19098 1
19115 19098 2
19095 19098 1
19095 19099 1
18649 19099 2
18417 19100 2
19110 19100 1
18448 19100 2
19095 19100 1
18517 19101 2
19095 19101 1
19095 19102 1
18621 19102 2
18486 19103 2
19095 19103 1
19110 19104 1
19117 19104 2
19118 19104 2
19095 19104 1
19110 19105 1
19095 19105 1
18497 19105 2
18498 19105 2
18559 19108 2
18285 19108 1
18019 19109 2
18285 19109 1
18013 19112 4
18051 19113 2
18049 19113 2
18050 19113 2
18050 19115 2
18051 19115 2
18049 19115 2
18050 19117 2
18049 19117 2
18051 19117 2
18245 19119 1
19119 19120 1
18248 19120 1
18612 19121 1
18075 19121 2
18075 19122 2
19121 19122 2
19124 19123 2
19121 19123 2
18075 19124 2
19124 19125 2
19121 19125 2
17980 19126 3
19121 19126 2
18489 19126 1
19124 19127 2
19121 19127 2
18339 19128 3
18489 19129 1
17980 19129 2
18199 19130 1
18322 19131 2
19130 19131 1
19133 19132 3
18445 19132 2
19131 19132 2
18322 19133 4
19131 19134 2
19133 19134 2
