1654 1653 1
1664 1654 3
1665 1654 4
1653 1655 1
1656 1655 1
1674 1656 3
1654 1656 11
1678 1658 1
1654 1658 2
1656 1659 2
1658 1659 2
1678 1660 1
1654 1660 2
1656 1661 2
1660 1661 2
1663 1662 3
1656 1665 2
1656 1666 1
1679 1667 2
1666 1667 1
1656 1667 3
1678 1668 1
1654 1668 2
1656 1669 2
1668 1669 2
1656 1671 1
1671 1672 1
1656 1672 1
1678 1676 1
1654 1676 2
1678 1677 1
1676 1677 2
1656 1677 2
1654 1678 1
1678 1679 1
1654 1679 2
1678 1680 1
1654 1680 2
1656 1681 2
1680 1681 2
1654 1682 2
1678 1682 1
1656 1683 2
1682 1683 2
1678 1684 1
1654 1684 1
1654 1685 2
1678 1685 1
1685 1686 2
1656 1686 2
1678 1766 1
1654 1766 1
1678 1767 1
1654 1767 2
1767 1768 2
1656 1768 2
1678 1769 1
1654 1769 1
1678 1770 1
1656 1770 1
1656 1836 1
1836 1837 1
1839 1837 1
1665 1837 2
1836 1838 1
1656 1838 1
1656 1839 1
