9601 9600 3
9603 9602 7
9615 9602 1
9604 9602 3
9608 9607 3
9610 9609 4
9608 9609 3
9611 9612 4
9614 9613 3
9608 9613 3
9608 9615 3
9616 9615 3
9602 9618 4
9620 9619 3
9631 9619 1
9612 9619 1
9621 9622 3
9626 9622 1
9625 9622 1
9623 9624 3
9612 9627 1
9647 9628 1
9627 9628 1
9619 9628 2
9627 9629 1
9619 9629 2
9647 9629 1
9619 9630 1
9627 9630 1
9632 9631 4
9610 9635 4
9604 9637 1
9602 9637 4
9615 9639 1
9641 9640 1
9639 9640 1
9615 9641 1
9641 9642 1
9639 9642 1
9641 9643 1
9639 9643 1
9641 9644 1
9639 9644 1
9602 9645 1
9639 9645 1
9631 9647 1
9649 9650 3
9626 9650 1
9651 9650 1
