6242 6200 2
6452 6200 4
6446 6201 1
6451 6201 4
6452 6201 5
6241 6202 2
6453 6202 1
6200 6202 6
6451 6202 3
6451 6203 4
6446 6203 1
6452 6203 5
6205 6204 4
6207 6206 2
6209 6208 6
6550 6208 1
6206 6208 2
6207 6209 3
6462 6210 1
6208 6210 6
6209 6210 8
6462 6211 1
6209 6211 7
6208 6211 6
6213 6212 7
6210 6212 1
6208 6212 4
6504 6212 2
6380 6213 2
6209 6213 5
6208 6214 6
6462 6214 1
6209 6214 7
6210 6215 1
6208 6215 4
6213 6215 7
6504 6215 2
6462 6216 1
6208 6216 6
6209 6216 7
6218 6217 3
6358 6219 1
6220 6219 2
6452 6220 1
6232 6220 1
6285 6220 1
6358 6221 1
6369 6221 2
6362 6221 2
6300 6221 1
6219 6221 2
6370 6221 2
6361 6221 1
6472 6221 1
6366 6221 2
6301 6221 5
6483 6221 1
6532 6221 1
6220 6221 16
6223 6222 4
6322 6222 3
6271 6223 1
6409 6224 3
6223 6224 12
6222 6224 4
6276 6224 5
6448 6225 3
6382 6225 1
6227 6226 2
6523 6226 1
6228 6229 1
6317 6229 2
6317 6230 2
6228 6230 1
6233 6232 3
6235 6234 3
6252 6234 6
6238 6237 2
6324 6238 1
6240 6239 2
6237 6239 2
6244 6240 5
6238 6240 16
6257 6240 1
6242 6241 2
6391 6242 1
6302 6242 3
6245 6243 3
6240 6243 4
6246 6243 3
6233 6247 3
6249 6248 1
6238 6250 1
6447 6251 3
6252 6251 5
6448 6252 3
6251 6253 5
6234 6253 6
6253 6254 6
6234 6254 6
6251 6255 5
6234 6255 6
6390 6255 1
6256 6257 3
6256 6258 3
6256 6259 5
6261 6260 1
6340 6261 2
6297 6261 4
6299 6261 1
6383 6261 1
6500 6261 1
6387 6261 2
6263 6262 3
6265 6264 4
6318 6264 1
6265 6266 4
6264 6266 4
6261 6268 1
6271 6270 1
6273 6272 1
6270 6272 1
6271 6273 1
6408 6274 1
6270 6274 1
6223 6274 3
6223 6275 4
6274 6275 3
6223 6276 5
6275 6276 4
6223 6277 7
6322 6277 3
6275 6277 4
6279 6278 1
6278 6280 1
6281 6280 1
6279 6281 1
6452 6282 1
6282 6283 1
6220 6283 1
6285 6284 1
6284 6286 1
6287 6286 1
6285 6287 1
6289 6288 1
6288 6290 1
6291 6290 1
6289 6291 1
6200 6292 4
6200 6293 4
6213 6294 4
6238 6295 1
6240 6296 3
6313 6296 2
6295 6296 1
6298 6297 6
6502 6297 1
6299 6297 4
6501 6299 1
6230 6299 1
6297 6299 4
6323 6299 2
6229 6299 1
6383 6299 1
6340 6299 1
6261 6299 2
6358 6300 1
6220 6300 2
6220 6301 5
6492 6301 1
6218 6303 3
6305 6304 1
6233 6305 3
6305 6306 1
6304 6306 1
6308 6307 1
6348 6308 4
6310 6309 5
6407 6309 1
6307 6309 1
6418 6309 3
6243 6310 3
6406 6310 1
6246 6310 3
6326 6310 1
6257 6310 1
6308 6310 2
6238 6310 1
6307 6311 1
6310 6311 2
6407 6311 1
6238 6313 2
6395 6314 1
6315 6314 2
6265 6318 1
6265 6319 1
6318 6319 1
6223 6321 2
6491 6321 1
6321 6322 2
6223 6322 3
6388 6324 1
6326 6325 1
6477 6326 1
6547 6326 1
6405 6327 1
6356 6327 1
6310 6327 3
6325 6327 1
6325 6328 1
6405 6328 1
6356 6328 1
6310 6328 3
6218 6330 3
6332 6331 3
6333 6331 4
6334 6333 5
6336 6335 5
6257 6337 1
6337 6338 1
6418 6338 1
6310 6338 2
6240 6339 1
6337 6339 1
6341 6340 3
6343 6342 3
6233 6342 3
6299 6344 1
6344 6345 1
6297 6345 2
6377 6345 1
6246 6346 3
6523 6348 1
6351 6348 4
6524 6348 1
6350 6348 5
6243 6348 1
6349 6348 4
6231 6352 1
6231 6353 1
6352 6353 1
6291 6354 2
6503 6355 1
6538 6355 1
6354 6355 2
6530 6355 1
6291 6355 5
6238 6356 1
6356 6357 1
6418 6357 1
6310 6357 2
6220 6358 1
6363 6359 2
6220 6359 2
6358 6359 1
6358 6360 1
6361 6360 1
6483 6360 1
6220 6360 3
6358 6361 1
6220 6361 2
6358 6362 1
6220 6362 2
6220 6363 2
6358 6363 1
6358 6364 1
6220 6364 1
6220 6365 1
6358 6365 1
6220 6366 2
6358 6366 1
6220 6367 1
6358 6367 1
6368 6368 2
6220 6368 2
6358 6368 1
6220 6369 2
6358 6369 1
6220 6370 2
6358 6370 1
6220 6371 1
6358 6371 1
6358 6372 1
6220 6372 1
6220 6373 1
6358 6373 1
6220 6374 1
6358 6374 1
6358 6375 1
6220 6375 1
6358 6376 1
6220 6376 1
6299 6377 1
6350 6379 2
6395 6379 1
6207 6380 1
6302 6380 3
6341 6383 3
6261 6384 1
6336 6388 3
6252 6390 1
6342 6396 1
6398 6397 1
6396 6397 1
6342 6398 1
6396 6399 1
6400 6399 3
6403 6399 2
6431 6400 3
6257 6400 1
6388 6400 1
6404 6400 2
6342 6400 1
6404 6403 2
6478 6403 1
6400 6404 1
6406 6405 1
6308 6407 1
6223 6408 2
6408 6409 1
6223 6409 3
6491 6409 1
6262 6410 1
6262 6411 1
6410 6411 1
6247 6412 1
6247 6413 1
6412 6413 1
6412 6414 1
6247 6414 2
6414 6415 2
6247 6415 2
6243 6418 3
6238 6419 3
6240 6420 3
6419 6420 3
6299 6421 1
6482 6422 1
6297 6422 2
6421 6422 1
6421 6423 1
6297 6423 2
6482 6423 1
6297 6424 2
6421 6424 1
6482 6424 1
6297 6425 2
6421 6425 1
6482 6425 1
6218 6426 3
6287 6427 1
6469 6428 2
6443 6428 1
6427 6428 1
6287 6428 5
6463 6428 1
6238 6429 1
6240 6430 2
6522 6430 1
6429 6430 1
6391 6432 1
6242 6433 1
6432 6433 1
6432 6434 1
6242 6434 1
6343 6435 5
6238 6437 3
6240 6438 3
6437 6438 3
6340 6440 1
6515 6441 1
6440 6441 1
6261 6441 3
6535 6441 1
6287 6443 1
6452 6446 1
6540 6447 1
6512 6447 1
6448 6447 3
6556 6449 1
6447 6449 3
6225 6449 4
6447 6450 3
6448 6450 3
6270 6451 1
6432 6451 1
6452 6451 4
6391 6452 1
6271 6452 1
6446 6453 1
6452 6453 6
6451 6453 4
6446 6454 1
6451 6454 4
6452 6454 5
6451 6455 3
6200 6455 6
6453 6455 1
6241 6455 2
6556 6461 1
6529 6461 1
6225 6461 5
6447 6461 3
6209 6462 1
6287 6463 1
6238 6464 2
6464 6465 2
6240 6465 2
6261 6466 1
6542 6467 1
6466 6467 1
6299 6467 4
6475 6467 1
6490 6467 1
6287 6469 2
6386 6470 1
6474 6471 1
6386 6471 2
6470 6471 1
6220 6472 1
6386 6474 1
6516 6475 1
6261 6475 2
6400 6478 3
6525 6478 1
6479 6478 1
6388 6479 1
6299 6482 1
6220 6483 1
6418 6484 1
6348 6484 1
6418 6485 1
6348 6485 1
6348 6486 1
6418 6486 1
6261 6487 1
6489 6488 3
6230 6490 1
6223 6491 2
6285 6492 1
6263 6493 3
6496 6495 1
6495 6497 1
6496 6497 2
6497 6498 2
6496 6498 2
6291 6503 1
6380 6504 2
6388 6505 1
6505 6506 1
6324 6506 1
6505 6507 1
6324 6507 1
6324 6508 1
6505 6508 1
6505 6509 1
6324 6509 1
6505 6510 1
6324 6510 1
6324 6511 1
6505 6511 1
6448 6512 1
6383 6515 1
6535 6516 1
6515 6516 1
6299 6516 3
6515 6517 1
6261 6517 1
6261 6518 1
6515 6518 1
6515 6519 1
6261 6519 1
6515 6520 1
6261 6520 1
6418 6521 1
6243 6521 1
6238 6522 1
6257 6525 1
6473 6526 1
6526 6527 1
6528 6527 1
6473 6528 1
6382 6529 1
6291 6530 1
6494 6531 1
6232 6532 1
6532 6533 1
6232 6533 1
6340 6535 1
6261 6536 1
6261 6537 1
6536 6537 1
6291 6538 1
6261 6539 1
6448 6540 1
6229 6542 1
6238 6543 1
6250 6544 1
6543 6544 1
6261 6546 1
6493 6548 1
6493 6549 1
6548 6549 1
6207 6550 1
6380 6551 1
6550 6551 1
6550 6552 1
6380 6552 1
6238 6553 1
6240 6554 1
6553 6554 1
6225 6556 1
6261 6557 1
