33 0 1
532 1 3
3 2 3
532 5 3
7 6 1
79 8 1
538 8 2
6 8 1
11 10 1
10 12 1
11 12 2
12 13 2
14 13 2
11 14 2
532 15 3
532 16 3
3 17 3
532 18 3
532 19 3
532 20 3
22 21 1
21 23 1
22 23 1
532 24 3
532 25 3
27 26 1
531 27 4
43 28 1
26 28 1
29 28 2
531 29 1
27 29 1
43 30 1
26 30 1
29 30 2
33 32 1
67 33 3
32 34 1
0 34 1
32 35 1
33 35 2
35 36 2
33 36 2
532 38 3
40 39 2
40 41 4
39 41 2
61 41 1
41 42 4
40 42 5
52 42 1
531 43 2
531 44 2
43 44 2
531 45 2
43 45 2
48 47 3
73 49 1
74 49 1
40 52 1
54 53 1
54 55 1
53 55 1
532 56 3
532 58 3
532 59 3
40 61 1
31 62 1
62 63 1
31 63 1
62 64 1
31 64 1
58 68 1
68 69 1
58 69 1
68 70 1
58 70 1
3 71 3
80 79 1
531 530 4
532 531 7
532 535 3
532 536 3
532 537 3
80 538 1
7 538 1
539 538 3
