1221 1205 4
1205 1206 4
1221 1206 4
1205 1207 4
1221 1207 4
1221 1208 4
1205 1208 4
1221 1209 4
1205 1209 4
1221 1210 4
1205 1210 4
1221 1211 4
1205 1211 4
1205 1212 4
1221 1212 4
1205 1213 4
1221 1213 4
1221 1214 4
1205 1214 4
1205 1215 4
1221 1215 4
1205 1216 4
1221 1216 4
1218 1217 3
1237 1217 1
1239 1219 1
1217 1219 3
1221 1220 4
1219 1220 3
1217 1221 3
1220 1222 4
1210 1222 4
1205 1223 4
1220 1223 4
1220 1224 4
1216 1224 4
1220 1225 4
1211 1225 4
1215 1226 4
1220 1226 4
1214 1227 4
1220 1227 4
1220 1228 4
1208 1228 4
1220 1229 4
1207 1229 4
1220 1230 4
1213 1230 4
1220 1231 4
1212 1231 4
1220 1232 4
1206 1232 4
1220 1233 4
1209 1233 4
1235 1234 2
1238 1234 1
1236 1237 3
1237 1239 1
