171 170 1
252 171 3
227 172 1
290 172 1
173 172 11
329 172 1
386 172 1
324 172 1
170 172 1
379 172 1
343 172 1
361 172 1
211 172 1
228 173 1
301 173 1
291 173 1
171 173 1
251 173 1
273 173 3
261 173 1
230 173 1
827 173 1
328 173 1
216 173 1
192 173 1
338 173 1
304 173 1
219 173 2
295 173 2
178 173 13
212 173 1
175 174 11
172 174 11
173 175 11
202 175 6
343 176 1
300 176 1
361 176 1
377 176 1
170 176 1
290 176 1
173 176 10
218 176 1
211 176 1
290 177 1
178 177 3
170 177 1
211 177 1
261 178 1
225 178 4
295 178 1
219 178 1
171 178 1
301 178 1
291 178 1
338 178 1
827 178 1
212 178 1
178 179 3
170 179 1
290 179 1
179 180 3
181 180 5
368 180 1
192 181 1
263 181 1
261 181 1
295 181 2
226 181 2
219 181 2
273 181 3
240 181 2
178 181 14
202 181 3
381 182 1
280 182 1
180 182 5
290 182 1
185 182 6
183 182 11
291 183 1
178 183 14
181 183 5
183 184 5
180 184 5
361 185 1
170 185 1
300 185 1
290 185 1
178 185 6
211 185 1
188 186 8
185 186 6
313 186 3
183 186 12
377 187 1
343 187 1
170 187 1
218 187 1
290 187 1
178 187 6
211 187 1
377 188 1
290 188 1
218 188 1
361 188 1
170 188 1
178 188 8
343 188 1
211 188 1
188 189 8
178 189 9
345 190 1
189 190 9
286 190 5
173 190 13
189 191 9
192 191 13
286 191 5
178 192 13
261 192 1
173 192 2
189 193 9
178 193 10
193 194 10
181 194 12
345 194 1
194 195 12
181 195 12
181 196 13
193 196 10
194 196 12
345 197 1
196 197 13
198 197 13
181 198 13
261 198 1
345 199 1
170 199 1
361 199 1
178 199 8
290 199 1
300 199 1
343 199 1
211 199 1
262 200 1
199 200 8
387 200 1
388 200 1
181 200 12
375 200 1
202 201 1
173 202 2
383 203 1
201 203 1
202 203 3
378 204 2
370 204 2
206 204 2
203 204 3
175 204 6
370 205 2
203 205 3
202 205 4
201 206 1
202 206 2
378 207 2
206 207 2
202 207 5
207 208 5
209 208 5
219 209 1
240 209 1
261 209 1
295 209 1
202 209 6
383 210 1
235 210 1
201 210 1
181 210 3
212 211 1
252 212 3
290 213 1
211 213 1
178 213 2
218 214 1
211 214 1
343 214 1
377 214 1
300 214 1
290 214 1
361 214 1
178 214 7
361 215 1
300 215 1
211 215 1
290 215 1
343 215 1
178 215 5
217 216 3
219 218 1
296 219 3
228 219 1
181 220 6
218 220 1
272 220 3
303 220 1
377 220 1
343 221 1
178 221 4
361 221 1
377 221 1
218 221 1
377 222 1
218 222 1
178 222 2
218 223 1
343 223 1
178 223 5
300 223 1
377 223 1
361 223 1
377 224 1
218 224 1
209 224 2
273 226 3
251 226 1
225 226 4
228 227 1
217 228 3
173 229 1
227 229 1
231 230 3
217 232 3
234 233 3
192 235 1
235 236 1
173 236 8
270 236 3
345 236 1
274 236 4
238 237 6
361 239 1
240 239 2
338 240 1
272 241 3
181 241 5
239 241 2
243 242 3
361 244 1
245 244 2
338 245 1
247 246 2
244 246 2
245 247 2
247 248 2
244 248 2
238 249 4
252 251 3
333 253 1
173 253 2
253 254 2
202 254 3
254 255 3
202 255 3
254 256 3
202 256 3
253 257 2
192 257 2
238 258 4
198 259 4
260 261 1
279 261 2
263 262 1
345 264 1
265 264 2
261 265 1
264 266 2
288 266 1
267 266 3
202 267 1
261 267 1
265 267 4
238 268 4
198 269 4
345 270 1
327 270 1
173 270 3
238 271 4
329 272 1
273 272 3
332 272 1
251 273 1
226 273 1
272 274 3
173 274 4
272 275 3
226 275 3
265 276 2
345 276 1
341 277 3
267 277 4
276 277 2
276 278 2
265 278 2
178 280 1
282 281 3
183 283 3
238 283 3
356 284 1
183 284 1
283 284 4
240 284 1
357 284 1
202 284 1
283 285 4
319 285 1
318 285 1
317 285 1
178 286 5
313 286 3
300 286 1
198 287 4
265 288 2
345 288 1
291 290 1
252 291 3
178 292 1
290 292 1
290 293 1
173 293 1
296 295 3
219 297 1
299 298 1
297 298 1
219 299 2
301 300 1
178 302 2
361 302 1
300 302 1
181 303 1
361 306 1
307 306 2
338 307 1
306 308 2
307 308 3
325 308 1
361 309 1
325 309 1
306 309 2
307 309 3
198 310 4
198 311 4
198 312 4
361 313 1
178 313 3
345 313 1
238 314 4
261 315 1
282 316 3
322 321 3
219 324 1
307 325 1
238 326 4
328 327 1
344 328 3
251 329 1
329 330 1
173 330 1
226 331 1
329 331 1
226 332 2
329 332 1
216 333 1
333 334 1
364 334 1
173 334 2
240 335 1
335 336 1
209 336 1
252 338 3
202 339 1
339 340 1
181 340 1
339 341 1
267 341 3
345 341 1
339 342 1
345 342 1
209 342 2
827 343 1
261 345 1
315 346 1
345 346 1
178 347 1
345 347 1
267 348 1
345 348 1
345 349 1
178 349 1
345 350 1
198 350 1
345 351 1
192 351 1
344 352 3
353 354 3
317 355 3
238 358 4
338 361 1
307 362 1
361 362 1
361 363 1
245 363 1
230 364 1
219 366 1
299 367 1
366 367 1
226 368 1
202 370 2
383 370 1
372 371 1
372 373 1
371 373 1
219 375 1
295 377 1
383 378 1
202 378 2
304 379 1
178 381 1
202 383 1
295 386 1
295 387 1
226 388 1
252 827 3
228 828 1
828 829 1
219 829 1
312 830 1
830 831 1
312 831 1
