11691 11589 3
11723 11589 3
11979 11589 1
11733 11589 2
11980 11589 1
11707 11589 3
11592 11589 2
11981 11589 1
11978 11589 1
11591 11590 3
11709 11592 3
11707 11592 1
11730 11592 2
11696 11592 1
12022 11592 1
12024 11592 1
12029 11592 1
12027 11592 1
12023 11592 1
12025 11592 1
12028 11592 1
12026 11592 1
11723 11592 5
11691 11592 5
11594 11593 3
11594 11594 2
11811 11595 3
11594 11595 9
11595 11595 1
11593 11595 3
11596 11597 3
11594 11598 3
11600 11599 6
11598 11599 3
12021 11600 1
11906 11600 4
11594 11600 3
11865 11600 2
11602 11601 12
11860 11601 3
11811 11601 3
11599 11601 6
11705 11602 3
11600 11602 6
11900 11602 1
11876 11602 3
11692 11602 5
11691 11602 7
11704 11602 2
11602 11602 2
11944 11602 1
11594 11602 9
11604 11603 1
11838 11604 1
11723 11604 3
11834 11604 1
11836 11604 1
11691 11604 3
11787 11604 3
11789 11604 2
11845 11604 2
11840 11604 1
11835 11604 1
11701 11604 2
11841 11604 1
11839 11604 1
11837 11604 1
11603 11605 1
11604 11605 2
11785 11606 2
11607 11606 15
11754 11606 6
11923 11606 2
11795 11606 2
11605 11606 2
11701 11607 2
11589 11607 2
11604 11607 2
11691 11607 3
11703 11607 2
11602 11607 6
11688 11687 15
11606 11687 15
11607 11688 15
11688 11689 15
11606 11689 15
11694 11693 2
12018 11693 1
11697 11696 3
11727 11698 1
11729 11699 1
11698 11699 1
11701 11700 1
11724 11701 2
11893 11701 1
11787 11701 1
11892 11701 1
11899 11701 1
11898 11701 1
11894 11701 1
11897 11701 1
11896 11701 1
11794 11701 1
11723 11701 3
11868 11701 3
11691 11701 3
11895 11701 1
11703 11702 4
11880 11702 1
11700 11702 1
12036 11702 1
11945 11702 1
11691 11703 3
11997 11703 1
11994 11703 1
11996 11703 1
11701 11703 2
11794 11703 3
11995 11703 1
11721 11703 2
11723 11703 3
11707 11706 1
11709 11707 2
11709 11708 1
11707 11709 2
11708 11710 1
11772 11710 1
11709 11710 3
11595 11711 3
11602 11711 4
11811 11711 1
11595 11712 3
11602 11712 3
11853 11713 1
11831 11714 1
11800 11714 1
11715 11714 4
11780 11714 1
11709 11715 1
11717 11716 1
11714 11716 1
11723 11717 3
11691 11717 3
11833 11717 1
11832 11717 1
11715 11717 3
11798 11717 2
11717 11718 1
11714 11718 1
11592 11719 2
11710 11719 1
11907 11720 1
11589 11720 4
11719 11720 2
11772 11720 1
12021 11721 1
11722 11721 2
11794 11721 1
11868 11724 1
11725 11724 2
12021 11724 1
11727 11726 1
11941 11727 1
11846 11727 2
11726 11728 1
11729 11728 1
11727 11729 2
12021 11730 1
11696 11730 1
11731 11730 2
11709 11730 1
11706 11732 1
11733 11732 2
11861 11733 2
12021 11733 1
11707 11733 1
11589 11734 4
11772 11734 1
11732 11734 2
11907 11734 1
11753 11752 3
11602 11754 6
11862 11754 3
11756 11755 12
11793 11755 2
11807 11755 4
11946 11755 2
11938 11756 2
11695 11756 2
11875 11756 1
11773 11756 6
11691 11756 7
11939 11756 2
11755 11757 12
11817 11757 6
11807 11757 4
11756 11757 18
11710 11758 1
11962 11758 1
11592 11758 2
11592 11759 4
11710 11759 1
11921 11759 2
11962 11759 1
11710 11760 1
11962 11760 1
11592 11760 2
11592 11761 2
11962 11761 1
11710 11761 1
11592 11762 2
11962 11762 1
11710 11762 1
11710 11763 1
11592 11763 2
11962 11763 1
11962 11764 1
11592 11764 2
11710 11764 1
11592 11765 2
11962 11765 1
11710 11765 1
11592 11766 2
11710 11766 1
11962 11766 1
11710 11767 1
11962 11767 1
11592 11767 2
11592 11768 2
11710 11768 1
11962 11768 1
11592 11769 2
11962 11769 1
11710 11769 1
11710 11770 1
11962 11770 1
11592 11770 2
11962 11771 1
11710 11771 1
11592 11771 2
11710 11772 1
11951 11772 1
11707 11772 3
11701 11774 1
11604 11775 4
11949 11775 1
11774 11775 1
11952 11775 1
12019 11775 1
11707 11776 4
11780 11776 1
11907 11776 1
12038 11776 1
11776 11777 1
11589 11777 1
11589 11778 1
11776 11778 1
11776 11779 1
11589 11779 1
11930 11780 1
11962 11780 1
11776 11780 1
11709 11780 4
11589 11781 2
11907 11781 1
11776 11781 1
11602 11782 1
11940 11783 1
11860 11783 3
11602 11783 8
11811 11783 3
11782 11783 1
11701 11784 1
11701 11785 2
11784 11785 1
11787 11786 1
11786 11788 1
11789 11788 2
11787 11789 1
11950 11789 2
12021 11789 1
11788 11790 2
12019 11790 1
11952 11790 1
11604 11790 4
11792 11791 2
11911 11791 1
11756 11793 2
11866 11795 1
11703 11795 2
11715 11796 1
11798 11797 2
11796 11797 1
11947 11798 2
11715 11798 1
12021 11798 1
11717 11799 4
11872 11799 1
11797 11799 2
11800 11799 1
11715 11800 1
11802 11801 1
11800 11801 1
11715 11802 1
11872 11803 1
11800 11803 1
11717 11803 2
11907 11804 1
11589 11804 2
11772 11804 1
11772 11805 1
11589 11805 2
11907 11805 1
11695 11806 2
11806 11807 2
11756 11807 4
11756 11808 4
11806 11808 2
11808 11809 4
11756 11809 4
11808 11810 4
11814 11810 4
11756 11810 8
11594 11811 3
11811 11812 3
11813 11812 3
11756 11813 2
11813 11813 1
11594 11813 3
11756 11814 4
11592 11815 4
11756 11816 2
11756 11817 6
11885 11817 2
11816 11817 2
11819 11818 3
11787 11820 1
11824 11820 1
11825 11820 1
11821 11820 1
11824 11821 3
11823 11821 3
11868 11821 1
11822 11821 3
11794 11826 1
11821 11826 1
11931 11829 2
11828 11829 1
11969 11830 2
11828 11830 1
11715 11831 1
11794 11842 1
12036 11843 1
11842 11843 1
11794 11843 3
11858 11844 1
12032 11847 1
11724 11847 2
11869 11848 1
11847 11848 2
11999 11848 1
11701 11848 4
11592 11849 1
11592 11850 1
11849 11850 1
11864 11851 1
11853 11852 1
11911 11853 1
11792 11853 2
11852 11854 1
11713 11854 1
11852 11855 1
11713 11855 1
11877 11856 1
11721 11856 2
11856 11857 2
11703 11857 4
12036 11857 1
11880 11857 1
11594 11860 6
11933 11860 3
11860 11860 1
11602 11862 3
12040 11864 1
11703 11866 1
11868 11867 1
11794 11868 2
11787 11868 2
11952 11869 1
11867 11869 1
11880 11869 1
11868 11869 4
11717 11870 1
11717 11871 1
11870 11871 1
11715 11872 2
11932 11872 1
12018 11873 1
11874 11873 2
11794 11877 1
11794 11880 2
11891 11880 1
11703 11881 2
11880 11881 1
12036 11881 1
11703 11882 2
12036 11882 1
11880 11882 1
12036 11883 1
11880 11883 1
11703 11883 2
11756 11885 2
11845 11886 1
11886 11887 1
11604 11887 1
11886 11888 1
11604 11888 1
11604 11889 1
11886 11889 1
11886 11890 1
11604 11890 1
11794 11891 1
11845 11901 1
11901 11902 1
11604 11902 2
11968 11902 1
11901 11903 1
11604 11903 2
11968 11903 1
11604 11904 2
11968 11904 1
11901 11904 1
11604 11905 1
11901 11905 1
11707 11907 1
11907 11908 1
11909 11908 1
11918 11909 2
11707 11909 1
11824 11909 2
11924 11910 1
11592 11910 3
11780 11910 1
11907 11910 1
11843 11912 1
11703 11912 1
11703 11913 1
11843 11913 1
11703 11914 1
11843 11914 1
11843 11915 1
11703 11915 1
12035 11916 1
11868 11916 5
11999 11916 1
11968 11916 1
11843 11916 1
11843 11917 1
11703 11917 2
12036 11917 1
11823 11918 2
11909 11918 2
11729 11918 2
11942 11918 2
11709 11918 1
11822 11918 2
11709 11920 1
11730 11921 2
11920 11921 1
11998 11923 1
11589 11923 2
11696 11924 1
11730 11925 1
11924 11925 1
11592 11926 1
11924 11926 1
11924 11927 1
11592 11927 2
11780 11927 1
11780 11928 1
11924 11928 1
11592 11928 2
11709 11930 1
11715 11932 1
11594 11933 3
11935 11934 1
11943 11935 1
11878 11935 1
11935 11936 2
11934 11936 1
11936 11937 2
11935 11937 2
11602 11940 1
11701 11945 1
11756 11946 2
11701 11949 1
11707 11951 1
12008 11952 1
11787 11952 2
11604 11953 2
11952 11953 1
12019 11953 1
11604 11954 2
12019 11954 1
11952 11954 1
11604 11955 2
11952 11955 1
12019 11955 1
11952 11956 1
11604 11956 2
12019 11956 1
12019 11957 1
11604 11957 2
11952 11957 1
12019 11958 1
11952 11958 1
11604 11958 2
12039 11959 1
11864 11959 2
11864 11960 2
11959 11960 2
11959 11961 2
11864 11961 2
11709 11962 1
11962 11963 1
11918 11963 1
11962 11964 1
11592 11964 2
11780 11964 1
11592 11965 1
11962 11965 1
11787 11967 1
12019 11968 1
11787 11968 3
11967 11968 1
11701 11970 4
11916 11970 1
12036 11970 1
12019 11970 1
11999 11970 1
11701 11971 1
11916 11971 1
11701 11972 1
11916 11972 1
11916 11973 1
11701 11973 1
11916 11974 1
11701 11974 1
11701 11975 1
11916 11975 1
11916 11976 1
11701 11976 1
11701 11977 2
11916 11977 1
11999 11977 1
11592 11982 1
11780 11982 1
11592 11983 1
11780 11983 1
11592 11984 1
11780 11984 1
11592 11985 1
11780 11985 1
11592 11986 1
11780 11986 1
11780 11987 1
11592 11987 1
11780 11988 1
11592 11988 1
11592 11989 1
11780 11989 1
11780 11990 1
11592 11990 1
11780 11991 1
11592 11991 1
11780 11992 1
11592 11992 1
11780 11993 1
11592 11993 1
11589 11998 1
11868 11999 1
11999 12000 1
11821 12000 1
11869 12001 1
11999 12001 1
11701 12001 2
11701 12002 2
11999 12002 1
11869 12002 1
11701 12003 2
11999 12003 1
11869 12003 1
11701 12004 2
11869 12004 1
11999 12004 1
11701 12005 2
11869 12005 1
11999 12005 1
11701 12006 2
11869 12006 1
11999 12006 1
11999 12007 1
11701 12007 2
11869 12007 1
11787 12008 1
11604 12009 1
11968 12009 1
11968 12010 1
11604 12010 1
11604 12011 1
11968 12011 1
11604 12012 1
11968 12012 1
11968 12013 1
11604 12013 1
11968 12014 1
11604 12014 1
11968 12015 1
11604 12015 2
12019 12015 1
11604 12016 2
11968 12016 1
12019 12016 1
11713 12017 1
11787 12019 1
12019 12020 1
11820 12020 1
11878 12030 1
11935 12031 1
12030 12031 1
11868 12032 1
11943 12033 1
12033 12034 1
11935 12034 1
11868 12035 1
11794 12036 1
12036 12037 1
11826 12037 1
11707 12038 1
12040 12039 1
