1891 1313 1
1891 1314 1
1891 1315 1
1891 1318 1
1891 1319 1
1909 1320 1
1893 1320 1
1891 1321 1
1891 1322 1
1891 1323 1
1891 1890 1
1905 1891 1
1897 1891 3
1898 1892 1
1322 1892 1
1319 1892 1
1900 1892 1
1323 1892 1
1318 1892 1
1893 1892 9
1890 1892 1
1315 1892 1
1904 1892 1
1891 1893 12
1893 1894 5
1890 1894 1
1901 1894 3
1902 1895 7
1894 1895 5
1893 1895 12
1896 1895 6
1898 1896 1
1900 1896 1
1890 1896 1
1893 1896 6
1322 1896 1
1321 1896 1
1891 1898 1
1898 1899 1
1893 1899 4
1901 1899 3
1891 1900 1
1314 1901 1
1900 1901 1
1893 1901 3
1909 1902 1
1893 1902 7
1901 1902 3
1322 1902 1
1313 1902 1
1319 1903 1
1893 1903 2
1900 1903 1
1891 1904 1
1908 1905 3
1906 1905 3
1907 1905 3
1316 1908 1
1317 1908 1
1893 1909 2
