9103 8269 7
9293 8269 4
9122 8269 1
9212 8269 1
9028 8269 6
9211 8269 4
9206 8269 3
9168 8269 1
9052 8269 10
9204 8269 2
9095 8269 6
9299 8269 2
9191 8269 3
9032 8269 7
8275 8269 6
9233 8269 5
9189 8269 2
9772 8270 8
8271 8270 8
9293 8271 4
8269 8271 27
8269 8272 1
8272 8273 1
8271 8273 1
8275 8274 1
8279 8274 1
8278 8274 1
8277 8274 1
9293 8275 4
8279 8275 1
9299 8275 5
8276 8275 8
8277 8279 2
8275 8279 2
9211 9028 4
8275 9028 1
9030 9029 1
9321 9031 1
9032 9031 7
9029 9031 1
9298 9031 1
9213 9031 1
9301 9031 3
9030 9032 6
9035 9032 15
8275 9032 3
9299 9032 1
9031 9033 7
9330 9033 4
9190 9033 3
9054 9033 10
8269 9033 17
9035 9034 8
9031 9034 7
9299 9035 1
8269 9035 9
8275 9035 12
9122 9035 1
9095 9035 4
9211 9035 1
9028 9035 6
9184 9035 5
9077 9035 4
9032 9035 7
9212 9035 1
9241 9036 1
9258 9036 5
9217 9036 1
9037 9036 9
9380 9036 1
9041 9036 32
9367 9036 1
9259 9036 6
9034 9036 8
9038 9036 15
9349 9036 6
9441 9036 1
9035 9036 45
9210 9036 1
9121 9036 1
9287 9036 1
9124 9036 3
9146 9036 8
9391 9037 1
9031 9037 7
8269 9037 9
9035 9038 15
9037 9038 9
9171 9038 2
9124 9038 3
9464 9039 1
9474 9039 1
9032 9039 18
9383 9039 1
9038 9039 15
9227 9040 7
9038 9040 15
9326 9040 1
9146 9040 8
9035 9040 27
9260 9040 7
9259 9040 6
9242 9041 9
9035 9041 32
9040 9041 27
9259 9041 6
9269 9041 2
9456 9041 1
9040 9042 27
9218 9042 1
9245 9042 1
9259 9042 6
9399 9042 1
9422 9042 1
9445 9042 1
9205 9042 3
9301 9042 3
9765 9042 36
9404 9043 1
9124 9043 3
9234 9043 1
9044 9043 23
9070 9043 10
9465 9043 1
9037 9043 9
9208 9043 5
9095 9044 3
9237 9044 9
9235 9044 1
9297 9044 2
9141 9044 5
8269 9044 17
9031 9045 7
9399 9045 1
8269 9045 8
9031 9046 7
9032 9046 8
9046 9047 8
9048 9047 8
9032 9048 8
9048 9049 7
9031 9049 7
9416 9050 1
9256 9050 1
9128 9050 3
8269 9050 12
9031 9050 7
9052 9051 10
9094 9051 3
9031 9051 7
9095 9052 4
9229 9052 4
8275 9052 2
9032 9052 7
9030 9052 1
9031 9053 7
9052 9053 7
9052 9054 10
9031 9054 7
9400 9054 2
9294 9055 1
9434 9055 1
9402 9055 1
9052 9055 14
9244 9055 1
9213 9055 1
9054 9055 10
8269 9056 14
9054 9056 10
9130 9056 3
9455 9056 1
9205 9057 3
9399 9057 1
9054 9057 10
8269 9057 15
9031 9057 7
9455 9057 1
9466 9057 1
9294 9058 1
9054 9058 10
9052 9058 11
9213 9058 1
9455 9059 1
9327 9059 1
9273 9059 6
9133 9059 3
9377 9059 1
9190 9059 3
9188 9059 1
9054 9059 10
8269 9059 24
9213 9060 1
9294 9060 1
9054 9060 10
9052 9060 11
9054 9061 10
8269 9061 12
9455 9061 1
9287 9061 1
9052 9062 9
9213 9062 1
9031 9062 7
9063 9062 9
9052 9063 9
9062 9063 9
8269 9064 8
9031 9064 7
9172 9064 1
8269 9065 7
9031 9065 7
9411 9066 1
9031 9066 7
9232 9066 1
8269 9066 9
9330 9067 4
9205 9067 3
9466 9067 1
9399 9067 1
9031 9067 7
8269 9067 16
9031 9068 7
9190 9068 3
8269 9068 10
8269 9069 7
9031 9069 7
9401 9070 1
9470 9070 1
9031 9070 7
8269 9070 10
9031 9071 7
9476 9071 1
8269 9071 8
9031 9072 7
8269 9072 7
9214 9074 2
9073 9074 1
9345 9075 1
9077 9076 1
9456 9078 1
9298 9078 1
9181 9078 1
9210 9078 1
9323 9078 3
9079 9078 15
9076 9078 1
9226 9078 1
9439 9078 1
9376 9078 1
9406 9078 1
9344 9078 1
9336 9078 1
9211 9079 1
9077 9079 9
9266 9079 3
9299 9079 2
9078 9080 15
9456 9080 1
9079 9080 15
9079 9081 15
9456 9081 1
9078 9081 15
9083 9082 3
9085 9084 1
8269 9085 1
9113 9085 1
9112 9085 1
9087 9086 10
9415 9086 1
9285 9086 1
9315 9086 1
9454 9086 1
9444 9086 1
9084 9086 1
9357 9086 1
9379 9086 1
9408 9086 1
9343 9087 1
9093 9087 2
9345 9087 2
9092 9087 1
9085 9087 2
9111 9087 1
9110 9087 2
9286 9087 2
9316 9087 2
9086 9088 10
9087 9088 11
9150 9089 1
9088 9089 11
9087 9089 21
9091 9089 18
9285 9090 1
9357 9090 1
9315 9090 1
9415 9090 1
9462 9090 1
9374 9090 1
9087 9090 13
9444 9090 1
9454 9090 1
9307 9090 1
9379 9090 1
9408 9090 1
9084 9090 1
9087 9091 18
9090 9091 13
9225 9091 4
9221 9091 1
9093 9092 4
9184 9092 1
9113 9093 9
9105 9093 1
9112 9093 9
8269 9093 9
9287 9094 1
9121 9094 1
9095 9094 3
9185 9095 4
9299 9095 2
8275 9095 3
9115 9095 12
8269 9095 4
9035 9095 4
9122 9095 1
9212 9095 1
9184 9095 4
9770 9096 1
9097 9096 1
9099 9098 8
9176 9098 3
8269 9099 9
9306 9099 3
9098 9100 5
9179 9101 3
9098 9101 5
9103 9102 1
8269 9104 4
9102 9104 1
9190 9104 3
9093 9105 10
9105 9106 5
9105 9107 5
9105 9108 5
9093 9109 4
9184 9109 1
9346 9110 1
9093 9110 4
9093 9111 4
9115 9114 1
9212 9115 1
9035 9115 1
8269 9115 1
9291 9116 1
9425 9116 1
9437 9116 1
9301 9116 3
9373 9116 1
9298 9116 1
9356 9116 1
9435 9116 1
9354 9116 1
9433 9116 1
9410 9116 1
9427 9116 1
9328 9116 1
9114 9116 1
9421 9116 1
9095 9116 16
9116 9117 16
9118 9117 16
9410 9117 1
9299 9118 2
9095 9118 16
9193 9118 1
9298 9119 1
9116 9119 16
9118 9119 16
9122 9121 1
9095 9122 4
9095 9123 2
9287 9123 1
9121 9123 1
9121 9124 1
9287 9124 1
9095 9124 3
9124 9125 3
8269 9125 3
9359 9126 1
9399 9126 1
9287 9126 1
9210 9126 1
9273 9126 6
8269 9126 17
9349 9126 6
9447 9126 1
9121 9126 1
9381 9126 1
8271 9127 17
9126 9127 17
9121 9128 1
9095 9128 3
9287 9128 1
9052 9129 3
9128 9129 3
9287 9130 1
9121 9130 1
9095 9130 3
9130 9131 3
9132 9131 9
9244 9131 1
9402 9131 1
9133 9131 3
9228 9131 1
9287 9131 1
9294 9131 1
9434 9131 1
9212 9132 1
9229 9132 5
9095 9132 4
9095 9133 3
9121 9133 1
9287 9133 1
9429 9134 1
9135 9134 2
8269 9136 1
9136 9137 1
8271 9137 5
9330 9137 4
9770 9138 4
9296 9138 1
9030 9139 3
9141 9140 1
9413 9142 1
9140 9142 1
9387 9142 2
9044 9142 4
9140 9143 1
9044 9143 1
9261 9144 6
9767 9144 7
9259 9145 6
9147 9145 9
9144 9145 7
9770 9145 11
9259 9146 6
9241 9146 1
9035 9146 8
9146 9147 8
9148 9147 9
9254 9148 1
9115 9148 1
9077 9148 1
9266 9148 2
9035 9148 12
9108 9149 1
9184 9149 1
9111 9150 1
9152 9151 3
9153 9154 3
9107 9156 1
9370 9157 1
9156 9157 1
9382 9157 1
9457 9157 1
9158 9157 5
9107 9158 4
9345 9158 2
9106 9158 1
9149 9158 1
9075 9158 1
9316 9158 2
9085 9158 2
9156 9159 1
9157 9159 5
9468 9159 1
9443 9159 1
9158 9159 13
9382 9159 1
9449 9159 1
9469 9159 1
9426 9159 1
9163 9159 3
9319 9159 1
9159 9160 13
9389 9160 1
9432 9160 1
9450 9160 1
9158 9160 16
9162 9161 17
9467 9161 1
9389 9161 1
9432 9161 1
9159 9161 13
9262 9161 2
9149 9162 2
9075 9162 1
9108 9162 1
9106 9162 1
9158 9162 13
9382 9163 1
9158 9163 3
9156 9163 1
9158 9164 3
9163 9164 3
9152 9165 3
9096 9166 1
9168 9167 1
9205 9169 3
9372 9169 1
8269 9169 4
9167 9169 1
9167 9170 1
8269 9170 1
8275 9171 2
9477 9171 1
9103 9172 1
9174 9173 1
9347 9175 1
9440 9175 1
9417 9175 1
9428 9175 1
9378 9175 1
9430 9175 1
9180 9175 4
9412 9175 1
9178 9175 1
9240 9175 1
9463 9175 1
9420 9175 1
9176 9175 25
9446 9175 1
9276 9175 1
9243 9175 1
9461 9175 1
9305 9175 1
9197 9175 1
9317 9175 1
9436 9175 1
9407 9175 1
9314 9175 1
9173 9175 1
9473 9175 1
9275 9175 1
9179 9176 3
9100 9176 1
9306 9176 3
9174 9176 17
9101 9176 4
9174 9177 1
9179 9178 1
9430 9180 1
9243 9180 1
9178 9180 1
9101 9180 4
9077 9181 1
9406 9182 1
9079 9182 5
9376 9182 1
9265 9182 1
9181 9182 1
9324 9182 1
9181 9183 1
9253 9183 1
9320 9183 1
9339 9183 1
9270 9183 1
9350 9183 1
9148 9183 7
9152 9186 3
9189 9188 1
9327 9190 1
9188 9190 1
9191 9190 3
9189 9191 2
9190 9192 3
8269 9192 3
9195 9194 3
9174 9197 1
9177 9198 1
9197 9198 1
9197 9199 1
9177 9199 1
9177 9200 1
9197 9200 1
9177 9201 1
9197 9201 1
9177 9202 1
9197 9202 1
9204 9203 1
9372 9205 1
9203 9205 1
9206 9205 3
9204 9206 2
9205 9207 3
8269 9207 3
9466 9208 1
8269 9208 5
9205 9208 3
9044 9209 16
9465 9209 1
9239 9209 9
9208 9209 5
9404 9209 1
9211 9210 1
9095 9212 5
9030 9213 1
9216 9215 1
9077 9217 1
9096 9218 1
9770 9219 4
9296 9220 1
9110 9221 1
9267 9222 1
9221 9222 1
9223 9222 2
9110 9223 3
9318 9224 1
9087 9224 3
9221 9224 1
9224 9225 3
9087 9225 4
9077 9226 1
9259 9227 6
9035 9227 7
9229 9228 1
9231 9230 3
9233 9232 1
9235 9234 1
9237 9236 6
9330 9236 4
9234 9236 1
9293 9237 4
9235 9237 2
9342 9237 3
9236 9238 6
9237 9238 7
9237 9239 9
9330 9239 4
9325 9239 1
9238 9239 7
9234 9239 1
9174 9240 1
9035 9241 5
9301 9241 3
9035 9242 9
9241 9242 1
9260 9242 7
9259 9242 6
9179 9243 1
9229 9244 1
9077 9245 1
8269 9246 5
9330 9246 4
9305 9247 1
9314 9247 1
9099 9247 12
9246 9247 5
9274 9247 8
9317 9247 1
9246 9248 5
9249 9248 9
9274 9248 8
8269 9249 9
9293 9249 4
9233 9250 1
9330 9251 4
9250 9251 1
9252 9251 5
9293 9252 4
9233 9252 1
9254 9253 1
9148 9255 4
9431 9255 1
9253 9255 1
9339 9255 1
9233 9256 1
8269 9257 1
8275 9257 1
9184 9257 1
9330 9258 4
8275 9258 5
9258 9259 5
9035 9259 6
9035 9260 7
9259 9260 6
9765 9261 6
9258 9261 5
9467 9262 1
9149 9262 2
9141 9263 1
9044 9264 1
9263 9264 1
9266 9265 1
9110 9267 1
9456 9269 1
8275 9269 2
9148 9270 1
9270 9271 1
9148 9271 1
9398 9272 1
9330 9273 4
8275 9273 6
9460 9273 1
9330 9274 4
8269 9274 8
9273 9274 6
9399 9274 1
9174 9275 1
9100 9276 1
9277 9278 3
9280 9279 5
8275 9281 1
9281 9282 1
9765 9282 1
9283 9284 3
9286 9285 1
8269 9286 1
9112 9286 1
9113 9286 1
9212 9287 1
9289 9288 2
9429 9288 1
9115 9291 1
8275 9292 2
9765 9292 2
8269 9292 2
9375 9293 1
9233 9293 1
9229 9294 1
9353 9297 1
9105 9297 1
9093 9297 1
9299 9298 1
9301 9300 3
9410 9300 1
9298 9300 1
9765 9300 3
9298 9301 1
8275 9301 3
9410 9301 1
9148 9302 4
9241 9302 4
9301 9303 3
9765 9303 3
9292 9304 1
9765 9304 1
9306 9305 1
9092 9307 1
9309 9308 1
9216 9310 1
9295 9311 1
9096 9312 1
9306 9314 1
9316 9315 1
8269 9316 1
9306 9317 1
9110 9318 1
9085 9319 1
9115 9320 1
9030 9321 1
9077 9322 1
9322 9323 1
9390 9323 1
9079 9323 3
9266 9324 1
9235 9325 1
9077 9326 1
9189 9327 1
9115 9328 1
9233 9329 1
9293 9330 4
9453 9330 2
9329 9330 1
9330 9331 4
9470 9331 1
8269 9331 6
9401 9331 1
8269 9332 4
9330 9332 4
9330 9333 4
9249 9333 4
9330 9334 4
8269 9334 4
9330 9335 4
9466 9335 1
8269 9335 5
9077 9336 1
9195 9337 3
9148 9339 1
9148 9340 2
9344 9340 1
9339 9340 1
9342 9343 3
8269 9343 1
9184 9343 1
9266 9344 1
9346 9345 1
8269 9345 1
9174 9347 1
9211 9348 1
9028 9349 6
9397 9349 1
9359 9349 1
9381 9349 1
9447 9349 1
9348 9349 1
9148 9350 1
9085 9351 1
9414 9352 1
9374 9352 1
9351 9352 1
9469 9352 1
9392 9352 1
9353 9352 5
9093 9353 1
9343 9353 1
9286 9353 1
9355 9353 2
9316 9353 1
9371 9353 1
9085 9353 1
9115 9354 1
9115 9356 1
9345 9357 1
9309 9358 1
9211 9359 1
9177 9360 1
9177 9361 1
9360 9361 1
9177 9362 1
9360 9362 1
9177 9363 1
9360 9363 1
9177 9364 1
9360 9364 1
9177 9365 1
9360 9365 1
9077 9367 1
9345 9368 1
9368 9369 1
9075 9369 1
9107 9370 1
9204 9372 1
9115 9373 1
9343 9374 1
9077 9376 1
9233 9377 1
9174 9378 1
9316 9379 1
9077 9380 1
9211 9381 1
9107 9382 1
9030 9383 1
9474 9384 1
9139 9384 3
9464 9384 1
9383 9384 1
9353 9385 1
9297 9386 1
9385 9386 1
9385 9387 1
9297 9387 2
9387 9388 2
9044 9388 3
9413 9388 1
9106 9389 1
9077 9390 1
9103 9391 1
9286 9392 1
9279 9394 4
9098 9395 1
9395 9396 1
9098 9396 1
8275 9397 1
9299 9399 1
9399 9400 1
8275 9400 2
9103 9401 1
9229 9402 1
9398 9403 1
9141 9404 1
9404 9405 1
9413 9405 1
9141 9405 3
9465 9405 1
9077 9406 1
9174 9407 1
9093 9408 1
9478 9409 1
9297 9409 2
9408 9409 1
9299 9410 1
9233 9411 1
9174 9412 1
9141 9413 1
9093 9414 1
9345 9415 1
9233 9416 1
9174 9417 1
9110 9418 1
9223 9419 1
9418 9419 1
9174 9420 1
9115 9421 1
9096 9422 1
9113 9423 1
9112 9423 1
9184 9423 1
9115 9425 1
9345 9426 1
9115 9427 1
9174 9428 1
9179 9430 1
9266 9431 1
9075 9432 1
9115 9433 1
9229 9434 1
9115 9435 1
9174 9436 1
9115 9437 1
9077 9439 1
9174 9440 1
9095 9441 1
9085 9443 1
9286 9444 1
9096 9445 1
9174 9446 1
9211 9447 1
9216 9448 1
9345 9449 1
9149 9450 1
9450 9451 1
9158 9451 1
9375 9452 1
9453 9453 2
9452 9453 1
9293 9453 2
9085 9454 1
9299 9455 1
9299 9456 1
9107 9457 1
9151 9458 1
9151 9459 1
9458 9459 1
9299 9460 1
9174 9461 1
9093 9462 1
9174 9463 1
9030 9464 1
9141 9465 1
9204 9466 1
9108 9467 1
9316 9468 1
9316 9469 1
9103 9470 1
9103 9471 1
8269 9472 1
9471 9472 1
9174 9473 1
9030 9474 1
9266 9475 1
9103 9476 1
8279 9477 1
9105 9478 1
9478 9479 1
9093 9479 1
9478 9480 1
9297 9480 1
9478 9481 1
9297 9481 1
9765 9764 5
9166 9764 1
9312 9764 1
9400 9764 2
9097 9765 3
9096 9765 5
9299 9765 3
9035 9765 27
8275 9765 11
9206 9765 3
9077 9765 1
9215 9766 1
9448 9766 1
9255 9766 4
9310 9766 1
9767 9766 19
9259 9766 6
9764 9766 5
9765 9767 11
9148 9767 4
9216 9767 3
9035 9767 6
9767 9768 20
9766 9768 19
9367 9769 1
9770 9769 73
9042 9769 36
9445 9769 1
9036 9769 45
9475 9769 1
9253 9769 1
9768 9769 20
9183 9769 7
9309 9770 2
9148 9770 18
9035 9770 45
9077 9770 1
9096 9770 1
9765 9770 40
9266 9770 1
9767 9770 22
9254 9770 1
9764 9771 5
9255 9771 4
9358 9771 1
9766 9771 19
9259 9771 6
9308 9771 1
9770 9771 21
8269 9772 8
9031 9772 7
