12727 12726 2
15806 12726 2
14811 12727 49
15805 12727 51
15803 12727 51
14836 12728 1
14981 12728 1
15806 12728 2
12729 12728 4
15803 12729 3
14863 12729 1
15805 12729 3
14811 12729 1
14837 12729 1
14930 12730 2
14897 12730 1
14949 12730 1
14973 12730 1
14945 12730 1
14933 12730 1
14877 12730 1
14836 12730 1
14986 12730 1
14979 12730 1
14916 12730 1
14929 12730 1
14894 12730 1
15806 12730 2
14981 12730 1
15808 12730 16
15806 12731 2
12732 12731 3
14867 12732 2
15805 12732 3
15803 12732 3
12731 14798 3
12732 14798 4
12732 14799 7
12731 14799 3
14800 14799 6
14798 14799 4
12732 14800 6
14886 14800 2
12731 14800 3
14969 14801 1
14979 14801 1
15806 14801 2
14802 14801 8
14945 14801 1
14930 14801 2
14851 14802 2
14856 14802 1
14849 14802 1
15802 14802 1
15803 14802 51
15805 14802 51
14802 14803 8
14801 14803 8
15806 14804 2
14805 14804 3
14828 14805 1
15805 14805 3
15803 14805 3
14829 14805 1
14805 14806 3
14804 14806 3
14808 14807 1
15805 14808 1
15803 14808 3
14807 14809 1
14808 14809 1
15803 14810 3
15805 14810 1
15805 14811 49
15803 14815 52
14816 14815 50
15805 14818 49
14825 14823 49
15805 14823 49
15803 14823 51
14824 14823 49
14802 14823 49
14816 14823 49
14866 14824 1
14855 14824 1
15803 14824 51
15805 14824 49
14816 14826 49
14802 14826 49
15803 14826 51
15805 14826 49
15803 14828 51
15805 14828 49
14805 14828 1
15805 14829 49
15803 14829 51
14834 14835 4
14841 14835 4
14837 14836 1
15805 14837 1
15803 14837 3
14843 14837 1
14836 14838 1
14837 14838 2
14838 14839 2
14837 14839 2
15805 14840 1
15803 14840 3
15805 14841 1
14822 14841 1
14835 14841 1
14819 14841 1
14821 14841 1
14832 14841 1
15803 14841 3
14824 14841 1
14845 14841 1
14817 14841 1
15805 14842 1
15803 14842 3
14811 14843 4
14829 14843 4
14816 14843 4
15803 14843 6
14824 14843 4
14802 14843 4
15805 14844 1
15803 14844 3
15805 14845 1
15803 14845 3
14825 14845 1
15803 14846 3
15805 14846 1
15803 14847 3
15805 14847 1
14829 14848 1
15805 14848 1
15803 14848 3
15803 14849 3
14825 14849 1
14802 14849 1
15803 14850 3
15805 14850 1
14821 14850 1
14816 14850 1
14825 14850 1
14820 14850 1
14817 14850 1
14975 14850 1
15805 14851 1
14820 14851 1
14825 14851 1
14824 14851 1
15803 14851 3
14822 14851 1
14989 14851 1
15805 14852 1
15803 14852 3
15803 14853 3
15805 14853 1
15805 14854 1
15803 14854 3
14824 14855 1
14823 14855 1
14811 14855 1
15803 14855 3
14802 14855 1
14825 14855 1
15805 14856 1
14948 14856 1
15803 14856 3
14947 14856 1
15805 14857 1
15803 14857 3
15805 14858 1
15803 14858 3
14831 14859 1
14830 14859 1
15803 14859 3
14860 14859 1
14817 14859 1
14832 14859 1
14824 14859 1
14975 14859 1
15805 14859 1
14820 14859 1
14821 14859 1
15805 14860 2
14820 14860 2
15803 14860 4
14802 14860 2
14817 14860 2
14824 14860 2
15805 14861 1
15803 14861 3
14824 14862 1
15805 14862 1
15803 14862 3
14843 14863 1
15803 14863 3
15805 14863 1
14914 14864 1
15803 14864 3
15805 14864 1
14825 14864 1
14978 14865 1
15805 14865 1
15803 14865 3
14811 14866 1
14823 14866 1
14825 14866 1
14802 14866 1
15803 14866 3
14824 14866 1
15803 14867 3
15805 14867 1
14825 14868 1
14843 14868 1
14811 14868 1
14818 14868 1
14824 14868 1
14829 14868 1
14816 14868 1
14802 14868 1
14823 14869 1
14823 14870 1
14869 14870 1
14840 14871 1
14871 14872 1
14840 14872 1
12727 14873 1
14873 14874 1
12727 14874 1
14858 14875 1
14875 14876 1
14858 14876 1
14857 14877 1
14877 14878 1
14857 14878 1
14943 14879 1
14824 14879 3
14915 14879 1
14879 14880 3
14824 14880 3
14861 14881 1
14861 14882 1
14881 14882 1
14815 14883 1
14815 14884 2
14883 14884 1
14884 14885 2
14815 14885 2
14883 14885 1
14888 14886 4
14867 14886 4
14968 14886 1
14886 14887 2
14867 14887 3
14968 14887 1
14887 14888 3
14867 14888 4
14886 14888 2
14981 14889 1
14863 14889 2
14863 14890 2
14889 14890 2
14835 14892 1
14892 14893 1
14835 14893 1
14842 14894 1
14894 14895 1
14842 14895 1
14894 14896 1
14842 14896 1
14898 14897 1
14829 14898 1
15805 14898 1
14900 14899 1
14899 14901 1
14900 14901 1
14899 14902 1
15805 14902 2
14902 14903 2
15805 14903 2
14844 14904 1
14904 14905 1
14844 14905 1
14912 14906 1
14841 14906 2
14906 14907 2
14939 14907 2
14841 14907 4
14972 14907 1
14906 14908 2
14835 14908 2
14835 14909 4
14906 14909 2
14939 14909 2
14906 14910 2
14841 14910 2
14811 14911 1
14824 14911 1
14818 14911 1
14825 14911 1
14845 14912 1
14845 14913 1
14912 14913 1
14855 14915 1
14862 14916 1
14862 14917 1
14916 14917 1
12729 14918 1
14918 14919 1
12729 14919 1
14826 14920 1
14826 14921 1
14920 14921 1
14852 14922 1
14852 14923 1
14922 14923 1
14810 14924 1
14924 14925 1
14810 14925 1
14843 14926 1
14843 14927 2
14926 14927 1
14927 14928 2
14843 14928 2
14851 14929 1
14851 14930 2
14929 14930 1
14930 14931 2
14851 14931 2
14851 14932 1
14929 14932 1
14859 14933 1
14853 14934 1
14934 14935 1
14853 14935 1
14860 14936 1
14860 14937 1
14936 14937 1
14936 14938 1
14860 14938 1
14972 14939 1
14841 14939 2
14939 14940 2
14841 14940 2
14939 14941 2
14835 14941 2
14939 14942 2
14841 14942 2
14866 14943 1
14866 14944 1
14943 14944 1
15802 14945 1
15802 14946 1
14945 14946 1
14846 14949 1
14846 14967 1
14949 14967 1
14867 14968 1
14849 14969 1
14854 14970 1
14970 14971 1
14854 14971 1
14841 14972 1
14805 14973 1
14828 14974 1
14973 14974 1
14847 14976 1
14976 14977 1
14847 14977 1
14856 14979 1
14856 14980 1
14979 14980 1
14863 14981 1
14859 14982 1
14859 14983 1
14982 14983 1
14829 14984 1
14829 14985 1
14984 14985 1
14864 14986 1
14864 14987 1
14986 14987 1
14850 14990 1
14850 14991 1
14990 14991 1
14850 14992 1
14990 14992 1
14865 14993 1
14865 14994 1
14993 14994 1
15805 15802 49
15803 15802 51
14820 15802 49
15805 15804 1
14900 15805 1
15802 15805 49
14828 15805 49
14833 15805 49
14802 15805 49
14830 15805 49
14813 15805 51
14815 15805 49
14821 15805 49
14818 15805 49
15808 15805 49
14812 15805 50
14817 15805 49
14831 15805 49
14819 15805 49
14824 15805 49
14811 15805 49
14832 15805 49
14829 15805 49
14814 15805 49
14826 15805 49
14823 15805 49
14820 15805 49
14827 15805 49
12727 15805 49
14822 15805 49
14891 15805 1
15805 15806 2
15804 15806 1
15806 15807 2
14981 15807 1
14949 15807 1
14933 15807 1
14973 15807 1
15808 15807 16
14894 15807 1
14979 15807 1
14934 15807 1
14877 15807 1
14875 15807 1
14836 15807 1
14916 15807 1
14986 15807 1
14897 15807 1
14929 15807 1
14856 15808 1
14863 15808 1
14898 15808 1
14805 15808 1
14857 15808 1
14858 15808 1
14846 15808 1
14853 15808 1
14862 15808 1
14851 15808 2
14837 15808 1
14864 15808 1
15805 15808 51
14842 15808 1
14859 15808 1
15802 15808 1
14916 15809 1
14897 15809 1
14949 15809 1
14836 15809 1
14933 15809 1
14877 15809 1
14894 15809 1
14945 15809 1
14973 15809 1
14930 15809 2
15806 15809 2
14986 15809 1
15808 15809 18
14934 15809 1
14979 15809 1
14929 15809 1
14981 15809 1
14875 15809 1
14981 15810 1
14877 15810 1
14929 15810 1
14916 15810 1
15808 15810 18
14933 15810 1
14836 15810 1
14897 15810 1
14979 15810 1
14973 15810 1
14949 15810 1
14875 15810 1
14986 15810 1
15806 15810 2
14934 15810 1
14894 15810 1
14945 15810 1
14930 15810 2
