1685 1039 3
1041 1040 1
1109 1041 3
1186 1042 1
1130 1042 1
1159 1042 1
1151 1042 1
1070 1042 1
1040 1042 1
1043 1042 9
1113 1042 1
1050 1042 1
1165 1042 1
1672 1043 1
1091 1043 1
1071 1043 1
1657 1043 1
1041 1043 3
1668 1043 1
1039 1043 1
1668 1044 1
1668 1045 4
1147 1045 3
1044 1045 1
1047 1046 2
1170 1046 1
1110 1047 1
1046 1048 2
1049 1048 2
1047 1049 2
1110 1049 1
1069 1049 3
1041 1050 1
1054 1051 2
1052 1051 3
1055 1052 8
1678 1053 3
1051 1053 3
1075 1054 1
1055 1054 2
1142 1055 1
1076 1055 1
1052 1056 8
1153 1056 2
1136 1056 1
1054 1056 2
1167 1056 1
1112 1056 2
1067 1056 2
1112 1057 2
1054 1057 2
1055 1057 6
1150 1057 3
1106 1058 1
1060 1059 3
1656 1059 1
1656 1061 1
1658 1061 2
1138 1061 1
1185 1062 1
1063 1062 2
1160 1064 1
1066 1065 3
1039 1065 1
1136 1067 1
1055 1067 2
1682 1068 2
1093 1068 1
1071 1070 1
1103 1071 4
1656 1071 1
1666 1072 1
1072 1073 1
1074 1073 3
1151 1073 1
1130 1073 1
1657 1074 1
1059 1074 1
1666 1074 4
1091 1074 1
1061 1074 1
1076 1075 1
1109 1076 3
1126 1077 1
1078 1077 3
1075 1077 1
1151 1077 1
1127 1078 1
1091 1078 1
1076 1078 1
1075 1079 1
1055 1079 2
1666 1080 1
1187 1081 1
1074 1081 2
1080 1081 1
1076 1082 1
1082 1083 1
1084 1083 3
1076 1084 1
1084 1085 2
1083 1085 2
1087 1086 1
1138 1087 1
1656 1087 1
1658 1087 2
1116 1088 1
1151 1088 1
1086 1088 1
1089 1088 4
1130 1088 1
1657 1089 1
1139 1089 1
1061 1089 1
1091 1089 2
1076 1089 1
1110 1089 1
1142 1089 1
1087 1089 1
1091 1090 1
1656 1091 1
1138 1091 1
1658 1091 2
1176 1092 1
1089 1092 3
1090 1092 1
1151 1092 1
1049 1093 1
1093 1094 1
1682 1094 1
1039 1095 1
1095 1096 1
1065 1096 1
1098 1097 3
1061 1099 1
1059 1099 1
1091 1099 1
1142 1099 1
1657 1099 1
1055 1100 1
1052 1101 1
1100 1101 1
1061 1103 1
1657 1103 1
1656 1106 1
1658 1106 2
1138 1106 1
1109 1110 3
1142 1111 1
1176 1112 1
1055 1112 2
1672 1113 1
1663 1115 1
1061 1116 1
1151 1117 1
1130 1117 1
1116 1117 1
1099 1117 4
1187 1117 1
1130 1118 1
1116 1118 1
1089 1118 3
1151 1118 1
1074 1119 2
1116 1119 1
1146 1119 1
1116 1120 1
1103 1120 1
1122 1121 3
1123 1124 3
1656 1125 1
1071 1125 1
1127 1126 1
1129 1128 3
1657 1130 1
1174 1131 1
1130 1131 1
1151 1131 1
1074 1131 3
1130 1132 1
1103 1132 1
1103 1133 1
1130 1133 1
1123 1134 2
1083 1135 1
1084 1135 1
1055 1136 1
1144 1139 1
1656 1139 1
1658 1139 2
1138 1139 1
1145 1139 1
1142 1140 1
1670 1141 1
1669 1141 1
1656 1142 1
1134 1142 1
1124 1142 1
1123 1142 1
1666 1146 1
1668 1147 3
1163 1147 2
1139 1148 1
1148 1149 1
1176 1149 1
1151 1149 1
1089 1149 3
1153 1150 2
1055 1150 3
1091 1151 1
1055 1153 2
1176 1153 1
1110 1154 1
1089 1155 2
1154 1155 1
1155 1156 2
1089 1156 3
1168 1156 1
1106 1157 1
1058 1158 1
1157 1158 1
1039 1159 1
1071 1161 1
1125 1162 1
1161 1162 1
1166 1163 1
1668 1163 2
1668 1164 2
1163 1164 2
1041 1165 1
1668 1166 1
1052 1167 1
1076 1168 1
1110 1170 1
1170 1171 1
1049 1171 1
1170 1172 1
1047 1172 1
1170 1173 1
1047 1173 1
1666 1174 1
1142 1176 1
1176 1177 1
1140 1177 1
1099 1178 1
1176 1178 1
1176 1179 1
1099 1179 1
1099 1180 1
1176 1180 1
1176 1181 1
1111 1181 1
1176 1182 1
1111 1182 1
1176 1183 1
1111 1183 1
1176 1184 1
1111 1184 1
1668 1186 1
1059 1187 1
1655 1654 4
1656 1654 1
1658 1657 2
1138 1657 1
1130 1659 1
1116 1659 1
1660 1659 3
1657 1660 1
1061 1660 1
1659 1661 3
1660 1661 3
1663 1662 1
1662 1664 1
1176 1664 1
1115 1664 1
1665 1664 3
1142 1665 1
1663 1665 3
1668 1667 2
1044 1667 1
1656 1668 1
1674 1668 4
1123 1668 1
1124 1668 1
1670 1669 3
1667 1669 2
1668 1670 2
1656 1670 1
1672 1671 1
1114 1672 1
1058 1672 4
1108 1672 1
1070 1673 1
1674 1673 2
1671 1673 1
1071 1674 1
1672 1674 1
1672 1675 1
1671 1675 1
1671 1676 1
1677 1676 1
1672 1677 1
1052 1678 3
1680 1679 3
1093 1681 1
1682 1681 3
1068 1681 2
1107 1682 3
1049 1682 1
1663 1683 1
1665 1684 2
1176 1684 1
1683 1684 1
