6843 6842 1
7093 6844 1
7037 6844 1
7056 6844 1
7048 6844 1
7080 6844 1
6845 6844 8
7052 6844 1
6842 6844 1
9498 6844 1
6996 6845 1
6843 6845 2
7038 6845 3
7078 6845 1
7049 6845 1
6986 6845 1
7053 6845 1
7094 6845 1
7080 6846 1
6847 6846 3
6842 6846 1
6992 6847 7
6843 6847 2
7029 6848 1
9499 6848 1
7039 6848 4
6849 6848 10
7058 6848 1
6846 6848 3
7038 6849 3
6847 6849 3
7028 6849 2
7051 6849 3
6843 6849 2
7010 6849 1
6991 6849 4
6992 6849 2
7037 6850 1
6849 6850 7
6842 6850 1
9499 6850 1
9498 6850 1
7033 6850 1
7080 6850 1
7056 6850 1
6852 6851 3
7004 6851 1
7093 6851 1
7094 6852 1
7018 6852 7
6993 6852 7
6854 6853 3
6851 6853 3
6996 6854 1
6852 6854 3
6854 6855 9
7101 6855 1
7065 6855 2
6851 6855 3
7032 6855 1
6855 6856 9
6857 6856 14
7012 6856 4
6854 6857 13
6979 6978 14
6856 6978 14
6854 6979 2
7082 6979 2
6857 6979 14
6855 6980 9
6857 6980 9
9496 6981 1
6852 6981 4
6851 6981 3
6983 6982 5
6992 6983 1
7051 6983 3
6982 6984 4
6983 6984 6
6986 6985 7
6984 6985 6
6982 6985 1
6983 6986 7
6852 6986 1
7010 6986 1
6847 6986 1
7057 6987 1
6988 6987 2
7044 6988 3
6987 6989 2
6988 6989 2
7023 6990 2
7038 6991 3
7001 6991 3
6992 6991 7
6993 6992 11
7028 6992 5
9494 6992 1
6996 6992 4
6998 6992 8
6997 6992 11
6999 6992 4
6991 6992 4
7000 6992 4
6994 6993 20
6996 6993 9
6986 6993 9
6992 6993 1
6995 6994 30
7019 6994 1
6994 6997 12
7000 7002 1
7003 7002 1
6852 7004 1
7006 7005 3
7049 7007 1
6993 7007 5
6852 7008 7
7018 7009 5
7053 7009 1
6993 7009 5
6992 7010 7
6854 7012 4
9506 7012 2
7012 7013 4
6857 7013 4
6992 7014 1
7014 7015 1
6993 7015 1
6994 7016 4
6994 7017 4
6994 7018 10
6994 7019 4
7047 7020 1
7021 7020 2
7023 7022 2
7006 7024 3
7025 7026 3
7028 7027 1
7033 7029 2
7027 7029 1
7058 7029 1
6992 7029 6
9505 7029 1
7027 7030 1
6849 7030 1
6854 7032 1
7028 7033 2
7033 7034 1
7056 7034 1
9498 7034 1
6849 7034 4
7037 7034 1
7033 7035 1
6849 7035 1
7006 7036 3
7038 7037 1
6991 7039 4
7056 7039 1
7037 7039 1
9498 7039 1
6992 7040 6
7039 7040 4
7055 7040 1
7029 7040 1
6849 7041 4
7039 7041 4
7039 7042 4
6849 7042 4
7029 7043 1
6849 7043 5
7039 7043 4
7046 7045 3
7049 7048 1
7048 7050 1
7007 7050 1
7053 7052 1
7009 7054 1
7052 7054 1
7028 7055 1
7038 7056 1
6988 7057 1
6992 7058 1
7058 7059 1
6983 7059 1
6983 7060 1
7058 7060 1
7070 7061 1
7062 7061 3
6982 7061 1
6984 7061 1
6996 7062 1
6983 7062 2
6854 7062 1
6847 7063 1
7063 7064 1
6847 7064 1
6854 7065 2
7010 7066 1
7066 7067 1
7010 7067 1
7051 7068 3
6854 7070 1
6979 7071 4
7023 7072 2
7074 7073 3
6847 7075 1
6986 7076 3
7075 7076 1
9501 7076 1
9496 7076 1
7078 7077 3
9496 7077 1
7075 7077 1
9501 7077 1
6852 7078 1
7099 7078 4
6847 7078 1
7010 7078 1
7075 7079 1
6847 7079 1
6843 7080 1
7006 7083 3
7085 7084 1
7084 7086 1
7085 7086 1
7085 7087 1
7084 7087 1
7085 7088 1
7084 7088 1
7090 7089 2
7102 7089 1
7094 7093 1
7006 7095 3
7006 7096 3
9504 7097 1
7098 7097 2
6854 7101 1
7090 7102 2
7102 7103 2
7090 7103 3
7103 9491 3
7090 9491 3
7002 9492 1
7002 9493 1
9492 9493 1
6852 9496 1
9496 9497 1
6852 9497 1
7038 9498 1
7010 9499 1
6854 9500 1
7010 9501 1
7002 9502 1
9502 9503 1
7002 9503 1
7028 9505 1
6854 9506 2
6979 9507 2
9506 9507 2
7031 9509 1
9509 9510 1
7031 9510 1
6849 9512 1
7029 9512 1
