9717 9294 1
10152 9294 12
9814 9294 1
9466 9294 1
9355 9294 7
10155 9294 21
10153 9295 16
10152 9295 12
9949 9295 1
10012 9295 1
9761 9295 1
9621 9295 1
9543 9296 6
9297 9296 22
10041 9296 1
10152 9296 12
9680 9296 2
9739 9297 8
10103 9297 1
9740 9297 8
9377 9297 2
10104 9297 1
9476 9297 9
9387 9297 1
10153 9297 12
9542 9297 6
10152 9298 12
9543 9298 6
9299 9298 18
10153 9299 12
9542 9299 6
10127 9299 1
9350 9299 8
9698 9300 1
9547 9300 1
9663 9300 1
9301 9300 36
9884 9300 1
9702 9300 1
9535 9300 1
9678 9300 1
9624 9300 1
10032 9300 1
9982 9300 1
10152 9300 12
9490 9300 1
9773 9300 1
9951 9300 1
9792 9300 1
9552 9300 1
9654 9300 1
9493 9300 1
9557 9300 7
9743 9300 1
9909 9300 1
9727 9301 1
9461 9301 1
9352 9301 1
10153 9301 12
9371 9301 20
9603 9301 2
9389 9301 7
9994 9302 1
9303 9302 38
9300 9302 36
9301 9303 37
9322 9303 4
9371 9303 2
9753 9303 4
9355 9304 7
10073 9304 1
9563 9304 1
9302 9304 38
10155 9304 47
9981 9304 1
10118 9305 1
9526 9305 1
9302 9305 38
9948 9305 1
10047 9305 1
9674 9305 1
10066 9305 1
9306 9305 47
9736 9305 1
9414 9305 1
9371 9306 2
9415 9306 8
9303 9306 44
9322 9306 4
9801 9306 1
9301 9306 1
9308 9307 47
9305 9307 47
9707 9308 1
9598 9308 3
9306 9308 47
9303 9308 38
9842 9308 1
9732 9308 2
9310 9309 49
9417 9309 3
9305 9309 47
9980 9309 1
9464 9310 2
9306 9310 49
9801 9310 1
9415 9310 1
9727 9310 13
9371 9310 1
9304 9311 1
10155 9311 49
9305 9311 47
9313 9312 50
9311 9312 49
9536 9313 2
10155 9313 49
9476 9313 9
10183 9314 1
9305 9314 47
9315 9314 49
9682 9315 8
9306 9315 48
9317 9316 63
9314 9316 49
9381 9316 14
9382 9317 14
9476 9317 5
9315 9317 49
9324 9318 39
9306 9318 46
9302 9318 38
10140 9318 1
9918 9318 1
9797 9318 1
9898 9318 1
10102 9318 3
9308 9319 38
9302 9319 38
9303 9320 38
9302 9320 38
9825 9321 2
9954 9321 1
9322 9321 54
9324 9321 39
9868 9321 1
10025 9321 2
9557 9321 7
9807 9321 1
10102 9321 3
9526 9321 1
9560 9321 8
9951 9321 1
9333 9321 14
9948 9321 1
9302 9321 38
9654 9321 1
9554 9321 4
9487 9321 1
9885 9321 1
9665 9322 1
9303 9322 43
9512 9322 1
9886 9322 1
9301 9322 22
9339 9322 3
9415 9322 2
9371 9322 2
9754 9323 2
9303 9323 46
9918 9323 1
9324 9323 39
9797 9323 1
10102 9323 3
9302 9323 38
9303 9324 39
9302 9324 38
9303 9325 39
9324 9325 39
9324 9326 39
9303 9326 39
9303 9327 39
9324 9327 39
9303 9328 41
9324 9328 39
10101 9328 2
9303 9329 40
9324 9329 39
9954 9329 1
9324 9330 39
9303 9330 41
10101 9330 2
9324 9331 39
9918 9331 1
9797 9331 1
9754 9331 2
9422 9331 3
10140 9331 1
9306 9331 47
9301 9332 38
9333 9332 14
9300 9332 36
9554 9332 4
9560 9332 8
9301 9333 14
9300 9333 1
10152 9333 12
9624 9334 1
9490 9334 1
9773 9334 1
9372 9334 10
9487 9334 1
9535 9334 1
9654 9334 1
10140 9334 1
9493 9334 1
9663 9334 1
9951 9334 1
9602 9334 2
9982 9334 1
9554 9334 4
9792 9334 1
9301 9334 39
9333 9334 14
9884 9334 1
9678 9334 1
9333 9335 14
9303 9335 15
9963 9336 1
9816 9336 5
9557 9336 7
10065 9336 1
9738 9336 1
9854 9336 1
9625 9336 1
10022 9336 1
9337 9336 34
10028 9336 1
9333 9336 14
9815 9336 2
9626 9337 4
9834 9337 3
9301 9337 20
9700 9337 5
9542 9337 2
9339 9338 35
9336 9338 34
9301 9339 7
9834 9339 4
9322 9339 4
9337 9339 34
9339 9340 37
9338 9340 35
9825 9340 2
9333 9341 14
9303 9341 14
9892 9342 1
9788 9342 1
10153 9342 17
9805 9342 1
9649 9342 1
10152 9342 12
10153 9343 18
9892 9343 1
9805 9343 1
9649 9343 1
9342 9343 17
9788 9343 1
10018 9344 1
9343 9344 18
9345 9344 29
9459 9344 10
9348 9345 10
10153 9345 18
9774 9345 1
9761 9346 1
10153 9346 20
9788 9346 1
10012 9346 1
9342 9346 17
9892 9346 1
9664 9346 1
9564 9346 1
9348 9347 15
10143 9347 1
9807 9347 1
10152 9347 12
10146 9347 1
9665 9348 1
9667 9348 1
9607 9348 5
9461 9348 9
9458 9348 6
9875 9348 1
10153 9348 12
9299 9349 4
9671 9349 2
9352 9351 1
9510 9352 1
9881 9353 1
9851 9353 1
10096 9353 1
9656 9353 1
10000 9353 1
9644 9353 1
10126 9353 1
9513 9353 1
10153 9353 24
9866 9353 1
10148 9353 1
9664 9353 1
9351 9353 1
9988 9353 1
9784 9353 2
10142 9353 1
10147 9353 1
9882 9353 1
9768 9353 1
9794 9353 1
9848 9353 1
10122 9353 1
9530 9353 1
9521 9353 1
9644 9354 1
9351 9354 1
10153 9354 3
10042 9355 1
9530 9355 1
9351 9355 1
9354 9355 3
10147 9355 1
10153 9355 7
9644 9355 1
9357 9356 1
9360 9358 6
9356 9358 1
9366 9358 1
10005 9358 2
9359 9358 6
9464 9359 2
9357 9359 3
9359 9360 6
10005 9360 2
9366 9360 1
9356 9360 1
9745 9360 1
9721 9361 1
9362 9361 2
9858 9362 3
9713 9362 2
9865 9363 1
9361 9363 2
9934 9363 1
9364 9363 5
9940 9363 1
9796 9364 1
9486 9364 2
9798 9364 3
9362 9364 2
10010 9365 1
10153 9365 4
9628 9365 1
9929 9365 1
9357 9366 1
10069 9367 1
9623 9367 3
9368 9367 40
9652 9367 1
9335 9367 1
9698 9367 1
9423 9367 32
9653 9368 4
9371 9368 1
10155 9368 31
9315 9368 15
9306 9368 8
9796 9368 1
9303 9368 1
9368 9369 43
9367 9369 40
9991 9369 1
9940 9369 1
9371 9370 1
9510 9371 1
9301 9372 10
9370 9372 1
9918 9372 1
9557 9372 7
9301 9373 2
9370 9373 1
9918 9373 1
9352 9375 1
9375 9376 1
9377 9376 1
9352 9377 3
9388 9377 3
10153 9378 1
9352 9379 1
9920 9380 1
9857 9380 1
9759 9380 1
9379 9380 1
9939 9380 1
9711 9380 1
10153 9380 11
10118 9380 1
9804 9380 1
9974 9380 1
9827 9380 1
9380 9381 11
10107 9381 1
9382 9381 14
9990 9381 1
9527 9382 2
10153 9382 11
9384 9383 11
9380 9383 11
10153 9384 11
10153 9385 13
10072 9385 1
9380 9385 11
10153 9386 15
9385 9386 13
10060 9386 1
9507 9386 1
9388 9387 3
9322 9389 10
9464 9390 2
9840 9390 6
9646 9390 4
9392 9390 1
9391 9390 1
9838 9390 3
9393 9394 3
9396 9395 2
9856 9395 1
9799 9396 2
9352 9396 3
10127 9396 1
9749 9397 1
9722 9397 1
9529 9397 3
10155 9397 9
9610 9397 1
9395 9397 2
9399 9398 1
9398 9400 1
9401 9400 1
9477 9401 3
9399 9401 1
9352 9402 1
9402 9403 1
10153 9403 2
10125 9403 1
10114 9404 1
10153 9404 2
9402 9404 1
10125 9405 1
10153 9405 4
10012 9405 1
9761 9405 1
9402 9405 1
10012 9406 1
10153 9406 4
10114 9406 1
9761 9406 1
9402 9406 1
10096 9407 1
9408 9407 2
9514 9408 1
9769 9409 3
9524 9409 3
9410 9409 12
9407 9409 2
9987 9409 2
9525 9409 2
9849 9409 2
9408 9410 3
9517 9410 9
9352 9411 1
10153 9412 1
9411 9412 1
9411 9413 1
9761 9413 1
10153 9413 3
10012 9413 1
9415 9414 1
9510 9415 1
9414 9416 1
9736 9416 1
9306 9416 2
9414 9417 1
10047 9417 1
9306 9417 3
9417 9418 3
10005 9418 2
9983 9418 1
9726 9418 1
9422 9418 3
9310 9418 9
10066 9418 1
9310 9419 6
9417 9419 3
9944 9419 1
9422 9419 3
9310 9420 4
9417 9420 3
10027 9420 1
9422 9421 3
9983 9421 1
9310 9421 6
9417 9421 3
9414 9422 1
9306 9422 3
10066 9422 1
9676 9423 12
9427 9423 31
9675 9423 6
9422 9423 3
9368 9423 32
9368 9424 33
9423 9424 32
9855 9424 1
9846 9425 1
10027 9425 1
9944 9425 1
9913 9425 1
9422 9425 3
9860 9425 1
9941 9425 1
9675 9425 6
9983 9425 1
10124 9425 1
9979 9425 1
9426 9425 24
10083 9425 1
9980 9425 1
10079 9425 1
10056 9425 1
9726 9425 1
9933 9425 1
9844 9426 1
9727 9426 15
9306 9426 8
9310 9426 8
9425 9427 24
9676 9427 12
10155 9427 31
9675 9427 6
9429 9428 24
9425 9428 24
9426 9429 24
9464 9429 2
9753 9429 1
9429 9430 24
9425 9430 24
9752 9431 1
9425 9431 24
9429 9431 25
9429 9432 26
10005 9432 2
9425 9432 24
9425 9433 24
9429 9433 24
9429 9434 24
9425 9434 24
9425 9435 24
9429 9435 24
9425 9436 24
9429 9436 24
9429 9437 24
9425 9437 24
10124 9438 1
9439 9438 24
9425 9438 24
9979 9438 1
9476 9439 5
9727 9439 2
9374 9439 1
9426 9439 25
9979 9440 1
10124 9440 1
9425 9440 24
9439 9440 24
9422 9441 3
9950 9441 1
9675 9441 6
9491 9441 1
9442 9441 12
10115 9441 1
9306 9442 8
9666 9442 4
9492 9442 3
9442 9443 12
9441 9443 12
9549 9444 1
9675 9444 6
9977 9444 1
9422 9444 3
10064 9444 1
9445 9444 12
9666 9445 4
9550 9445 3
9306 9445 8
9444 9446 12
10157 9446 14
9724 9446 1
9444 9447 12
9445 9447 12
9947 9448 1
9449 9448 7
10181 9448 1
9422 9448 3
10068 9448 1
10017 9448 1
9306 9449 3
9893 9449 5
9422 9450 3
9962 9450 1
9449 9450 4
10066 9451 1
9414 9451 1
9306 9451 2
9426 9452 5
9727 9452 1
9454 9453 1
9453 9455 1
9456 9455 1
9454 9456 1
9299 9456 4
9458 9457 1
10145 9459 1
9538 9459 5
9915 9459 1
9348 9459 10
10095 9459 1
9457 9459 1
9615 9459 1
9537 9459 1
9460 9459 5
9915 9460 1
9461 9460 5
9457 9460 1
9615 9460 1
10178 9460 1
9458 9461 6
9301 9461 6
9915 9462 1
9460 9462 5
9537 9462 1
9348 9462 9
9538 9462 5
9658 9464 1
9322 9464 4
9601 9465 6
9299 9465 4
9467 9466 1
9510 9467 1
9469 9468 1
9510 9469 1
10100 9470 1
9655 9470 1
9609 9470 1
9800 9470 1
9816 9470 5
10137 9470 1
10141 9470 1
9673 9470 1
9468 9470 1
10180 9470 1
9850 9470 1
9471 9470 28
9560 9470 8
9508 9470 1
9938 9470 1
9554 9470 4
9942 9470 1
9750 9470 1
9756 9471 2
9301 9471 8
9469 9471 15
9891 9471 1
9700 9471 5
9473 9472 29
9470 9472 28
9476 9473 7
9471 9473 28
9472 9474 29
9473 9474 30
9313 9475 4
10021 9475 1
9479 9478 1
9510 9479 1
9478 9480 1
9481 9480 1
9607 9481 5
9479 9481 3
9704 9482 3
9762 9482 1
10153 9482 5
9631 9484 6
9844 9485 1
9426 9485 5
9464 9485 2
9510 9486 1
9301 9487 1
9301 9488 1
9487 9488 1
9487 9489 1
9301 9489 1
9371 9490 1
9492 9491 1
9371 9493 1
9494 9495 3
9494 9496 3
9498 9497 1
9510 9498 1
9744 9499 1
9932 9499 1
9497 9499 1
9500 9499 3
9858 9500 3
9498 9500 4
9776 9501 1
10153 9501 2
9503 9502 2
9501 9502 2
9771 9503 1
10153 9503 2
9677 9503 2
9503 9504 2
9501 9504 2
9503 9505 2
9501 9505 2
9503 9506 2
9501 9506 2
9352 9507 1
9469 9508 1
9510 9509 1
9756 9511 3
9473 9511 4
9510 9512 1
9514 9513 1
9510 9514 1
10000 9515 1
9768 9515 1
9848 9515 1
10153 9515 5
9513 9515 1
9564 9515 1
9794 9516 1
9848 9516 1
9513 9516 1
9768 9516 1
9517 9516 7
10000 9516 1
9521 9516 1
9826 9516 1
9514 9517 7
9826 9518 1
9517 9518 2
9513 9518 1
9520 9519 3
9514 9521 1
10096 9522 1
9794 9522 1
9564 9522 1
9521 9522 1
10153 9522 4
9521 9523 1
10096 9523 1
10153 9523 3
9564 9523 1
9521 9524 1
9794 9524 1
9517 9524 3
9517 9525 2
9521 9525 1
9415 9526 1
9510 9527 1
9352 9528 1
9528 9529 1
10019 9529 1
9396 9529 3
9352 9530 1
9998 9532 2
9531 9532 1
9534 9533 3
9371 9535 1
9510 9536 1
9458 9537 1
9537 9538 1
10178 9538 1
10145 9538 1
9461 9538 5
10095 9538 1
9540 9539 1
9510 9540 1
9539 9541 1
9679 9541 1
9715 9541 1
9542 9541 5
9984 9541 1
9695 9541 1
9483 9542 3
9509 9542 1
9540 9542 9
9484 9542 4
9916 9543 1
9715 9543 1
9539 9543 1
9650 9543 1
9984 9543 1
9542 9543 6
10085 9544 1
9542 9544 7
9715 9544 1
9543 9544 6
9543 9545 6
9542 9545 6
9650 9546 1
9916 9546 1
9539 9546 1
9542 9546 3
9371 9547 1
9317 9548 4
9550 9549 1
9297 9551 1
9371 9552 1
9301 9553 2
9552 9553 1
10178 9553 1
9698 9554 1
9909 9554 1
9301 9554 4
9552 9554 1
9557 9555 7
9573 9555 2
9554 9555 4
10105 9555 1
9816 9555 5
9770 9555 1
9556 9555 16
9700 9556 5
9301 9556 7
10153 9556 2
9542 9556 1
9426 9556 1
10178 9557 1
9554 9557 4
10148 9557 1
9301 9557 7
9963 9558 1
9854 9558 1
10028 9558 1
9557 9558 7
9339 9558 10
9557 9559 7
9301 9559 7
9301 9560 8
9557 9560 7
9301 9561 7
9557 9561 7
9301 9562 7
9557 9562 7
9536 9563 1
9352 9564 1
9784 9565 2
9564 9565 1
10153 9565 3
10153 9566 3
9564 9566 1
10012 9566 1
9761 9566 1
9784 9567 2
10153 9567 4
9564 9567 1
10148 9567 1
10012 9568 1
9564 9568 1
9761 9568 1
10153 9568 3
10153 9569 1
9564 9569 1
9761 9570 1
10153 9570 3
9564 9570 1
10012 9570 1
10153 9571 1
9564 9571 1
10153 9572 3
9564 9572 1
10012 9572 1
9761 9572 1
9564 9573 1
10153 9573 2
10012 9574 1
9564 9574 1
10153 9574 3
9761 9574 1
10153 9575 1
9564 9575 1
10012 9576 1
9761 9576 1
9564 9576 1
10153 9576 3
10012 9577 1
9564 9577 1
9761 9577 1
10153 9577 3
9564 9578 1
10153 9578 1
9761 9579 1
9564 9579 1
10012 9579 1
10153 9579 3
10153 9580 3
9564 9580 1
9784 9580 2
10012 9581 1
9564 9581 1
9761 9581 1
10153 9581 3
9784 9582 2
9564 9582 1
10153 9582 3
10153 9583 3
9564 9583 1
10012 9583 1
9761 9583 1
9784 9584 2
10153 9584 3
9564 9584 1
9761 9585 1
10153 9585 3
9564 9585 1
10012 9585 1
10153 9586 1
9564 9586 1
9564 9587 1
10153 9587 2
10012 9587 1
9664 9588 1
10153 9588 2
9564 9588 1
10153 9589 3
9564 9589 1
10012 9589 1
9761 9589 1
10153 9590 3
10131 9590 1
10126 9590 1
9564 9590 1
10153 9591 2
9564 9591 1
10012 9591 1
9564 9592 1
10153 9592 3
9784 9592 2
10153 9593 3
10012 9593 1
9761 9593 1
9564 9593 1
9564 9594 1
10153 9594 1
10153 9595 3
10012 9595 1
9564 9595 1
9761 9595 1
9564 9596 1
10153 9596 1
10153 9597 2
10012 9597 1
9564 9597 1
9599 9598 3
9707 9598 1
9601 9600 1
9603 9602 2
9600 9602 1
9297 9603 4
9601 9603 1
9643 9603 3
9602 9604 2
9605 9604 3
9603 9605 2
9297 9605 4
9643 9605 3
9607 9606 4
9741 9606 1
9604 9606 3
9463 9607 1
9322 9607 8
9603 9607 2
9605 9607 3
9607 9608 2
9602 9608 2
9469 9609 1
9387 9610 1
9612 9611 1
9992 9613 1
9611 9613 1
9747 9613 1
9614 9613 6
9616 9613 1
10011 9613 1
10130 9613 1
9748 9614 1
9612 9614 1
9737 9614 1
9527 9614 1
9653 9614 1
9467 9614 1
9458 9615 1
9467 9616 1
9618 9617 1
9510 9618 1
9620 9619 4
9867 9619 1
10112 9619 1
9617 9619 1
9910 9619 1
9618 9620 4
9384 9620 4
9352 9621 1
9988 9622 1
10153 9622 6
9866 9622 1
10148 9622 1
9949 9622 1
10122 9622 1
9621 9622 1
9711 9623 1
9315 9623 3
10046 9623 1
9371 9624 1
9626 9625 1
9510 9626 1
9626 9627 1
9625 9627 1
9629 9628 1
9628 9630 1
9631 9630 2
9648 9631 3
9629 9631 2
9630 9632 2
9484 9632 2
9634 9633 1
9636 9635 3
10005 9635 2
9633 9635 1
9634 9636 11
9464 9636 2
9601 9637 1
9791 9638 1
9637 9638 1
9925 9638 1
9465 9638 6
10020 9638 1
10081 9638 1
10016 9638 1
9514 9639 1
9641 9640 3
9642 9640 3
9643 9640 3
9352 9644 1
9646 9645 1
9969 9647 6
9847 9647 1
10110 9647 1
9390 9647 8
10111 9647 1
10005 9647 2
9645 9647 1
9968 9647 1
9352 9649 1
9540 9650 1
9542 9651 2
9650 9651 1
9916 9651 1
9653 9652 1
9510 9653 1
9371 9654 1
9469 9655 1
9352 9656 1
9656 9657 1
9882 9657 1
9761 9657 1
10142 9657 1
10153 9657 5
10012 9657 1
9322 9658 4
9660 9659 1
9510 9660 1
9662 9661 6
9775 9661 1
9659 9661 1
10005 9661 2
10184 9661 1
10001 9661 1
9464 9662 2
9660 9662 4
9371 9663 1
9665 9664 1
9510 9665 1
10005 9668 2
9485 9668 4
10029 9668 1
9485 9669 4
9668 9669 4
9671 9670 1
9349 9672 2
9670 9672 1
9742 9672 1
9469 9673 1
9415 9674 1
10118 9675 1
9948 9675 1
10047 9675 1
9306 9675 6
10066 9675 1
9674 9675 1
9759 9676 1
9675 9676 6
9804 9676 1
9315 9676 12
9857 9676 1
9920 9676 1
9681 9676 1
9371 9678 1
9540 9679 1
9377 9680 2
9719 9680 1
9682 9681 1
9510 9682 1
9315 9683 4
9804 9683 1
9681 9683 1
9759 9683 1
9711 9683 1
9681 9684 1
9759 9684 1
9315 9684 4
9711 9684 1
9804 9684 1
9857 9685 1
9759 9685 1
9315 9685 5
9804 9685 1
9711 9685 1
9681 9685 1
9759 9686 1
9315 9686 3
9711 9686 1
9681 9686 1
9681 9687 1
9315 9687 3
9711 9687 1
9759 9687 1
9467 9689 1
9689 9690 1
10155 9690 2
10178 9690 1
9692 9691 1
9510 9692 1
9694 9693 3
10119 9693 1
9971 9693 1
9691 9693 1
9692 9694 3
9313 9694 4
9509 9695 1
9697 9696 3
9371 9698 1
9700 9699 1
9542 9700 2
9512 9700 2
9389 9700 5
9699 9701 1
9868 9701 1
9700 9701 3
10082 9701 1
9371 9702 1
9704 9703 1
9781 9704 1
9760 9704 3
9703 9705 1
9482 9705 1
9707 9706 1
9510 9707 1
9598 9708 2
9706 9708 1
9708 9709 2
9970 9709 1
9308 9709 4
9308 9710 6
9709 9710 4
10138 9710 1
9682 9711 1
9713 9712 1
9510 9713 1
9712 9714 1
9362 9714 1
9540 9715 1
9542 9716 1
9715 9716 1
9467 9717 1
9677 9718 2
9771 9718 1
9352 9719 1
9439 9720 4
9931 9720 2
9713 9721 1
9723 9722 1
9900 9723 2
10127 9723 1
9612 9724 1
9989 9725 1
9859 9725 1
10155 9725 5
9815 9725 2
9727 9726 1
9510 9727 1
9860 9728 1
9944 9728 1
10056 9728 1
9983 9728 1
10083 9728 1
9980 9728 1
10027 9728 1
9310 9728 9
9726 9728 1
10079 9728 1
9726 9729 1
9452 9729 1
9452 9730 1
9726 9730 1
10079 9731 1
9913 9731 1
9979 9731 1
10124 9731 1
9944 9731 1
10083 9731 1
10005 9731 2
10056 9731 1
10027 9731 1
9933 9731 1
9980 9731 1
9310 9731 15
9726 9731 1
9983 9731 1
9860 9731 1
9612 9733 1
9735 9734 2
10127 9734 1
9415 9736 1
9626 9738 1
9463 9741 1
9671 9742 1
9371 9743 1
9498 9744 1
9357 9745 1
9748 9747 1
9467 9749 1
9469 9750 1
9313 9751 4
9753 9752 1
9510 9753 1
9752 9754 1
9303 9754 2
9756 9755 1
9510 9756 1
9964 9757 1
9511 9757 3
9755 9757 1
9964 9758 1
9471 9758 3
10052 9758 1
9755 9758 1
9682 9759 1
9762 9761 1
10153 9763 2
10012 9763 1
9761 9763 1
9482 9764 1
9761 9764 1
9761 9765 1
9482 9765 1
9482 9766 1
9761 9766 1
9482 9767 1
9761 9767 1
9514 9768 1
10000 9769 1
9768 9769 1
9517 9769 3
9426 9770 1
9352 9772 1
9845 9772 2
9771 9772 1
9371 9773 1
9660 9775 1
9352 9776 1
9710 9777 1
9308 9777 1
9710 9778 1
9308 9778 1
9710 9779 1
9308 9779 1
9781 9780 1
9510 9781 1
9780 9782 1
9704 9782 1
9704 9783 1
9780 9783 1
9704 9784 2
9780 9784 1
9482 9785 2
9784 9785 2
9482 9786 2
9784 9786 2
9866 9787 1
10153 9787 5
9784 9787 2
9988 9787 1
10148 9787 1
9352 9788 1
9646 9789 1
9789 9790 1
9390 9790 4
10005 9790 2
10034 9790 1
9601 9791 1
9371 9792 1
10153 9793 1
9514 9794 1
9841 9796 2
9795 9796 1
9371 9797 1
9469 9800 1
9634 9802 1
9927 9803 4
9636 9803 6
10055 9803 1
9802 9803 1
9682 9804 1
9352 9805 1
9931 9806 1
9720 9806 2
9665 9807 1
9348 9808 1
9807 9808 1
9807 9809 1
9348 9809 1
9807 9810 1
9348 9810 1
9348 9811 1
9807 9811 1
9348 9812 1
9807 9812 1
10143 9813 1
9807 9813 1
9348 9813 2
9467 9814 1
9943 9815 1
9542 9815 2
10082 9816 1
9868 9816 1
9700 9816 5
9815 9816 2
9816 9817 5
9700 9817 5
9815 9818 2
9700 9818 2
9859 9819 1
9815 9819 2
9989 9819 1
9542 9819 4
10026 9820 1
10153 9820 2
9820 9821 2
10026 9821 1
10153 9821 2
9823 9822 3
10024 9825 1
9339 9825 2
9514 9826 1
9352 9827 1
9723 9828 1
9658 9829 1
9829 9830 1
9658 9830 2
9833 9831 2
9658 9831 3
9830 9831 2
9658 9832 1
9829 9832 1
9829 9833 1
9658 9833 2
9510 9834 1
9542 9835 1
9542 9836 1
9835 9836 1
9838 9837 1
9840 9839 3
9853 9839 1
10061 9839 1
9837 9839 1
9392 9840 1
9838 9840 8
9464 9840 2
9658 9840 1
9727 9846 1
9646 9847 1
9514 9848 1
9848 9849 1
9517 9849 2
9469 9850 1
9352 9851 1
10042 9852 1
10122 9852 1
9881 9852 1
10148 9852 1
10147 9852 1
10153 9852 8
9851 9852 1
10131 9852 1
10126 9852 1
9838 9853 1
9834 9854 1
9653 9855 1
9352 9856 1
9682 9857 1
9542 9859 1
9727 9860 1
9913 9861 1
9983 9861 1
10124 9861 1
9933 9861 1
9979 9861 1
9860 9861 1
9310 9861 6
9980 9862 1
9310 9862 7
9860 9862 1
10056 9862 1
10083 9862 1
10079 9862 1
9944 9862 1
10027 9862 1
9983 9863 1
9995 9863 1
9860 9863 1
10027 9863 1
10079 9863 1
9310 9863 10
10083 9863 1
9918 9863 1
9944 9863 1
10056 9863 1
9980 9863 1
10056 9864 1
9913 9864 1
9983 9864 1
9860 9864 1
9980 9864 1
9944 9864 1
10027 9864 1
9933 9864 1
9979 9864 1
10079 9864 1
10124 9864 1
10083 9864 1
9310 9864 12
9486 9865 1
9352 9866 1
9618 9867 1
9512 9868 1
9868 9869 1
9700 9869 1
9700 9870 1
9868 9870 1
9868 9871 1
9700 9871 1
9700 9872 1
9868 9872 1
9868 9873 1
9700 9873 1
9875 9874 1
9874 9876 1
10132 9876 1
9877 9876 3
9985 9876 1
9875 9877 3
9874 9878 1
10132 9878 1
9877 9878 3
9985 9878 1
9877 9879 3
9985 9879 1
9874 9879 1
10132 9879 1
10132 9880 1
9985 9880 1
9877 9880 3
9874 9880 1
9352 9881 1
9352 9882 1
9823 9883 3
9371 9884 1
9886 9885 1
9643 9886 3
9297 9886 4
9536 9887 1
9313 9888 2
9887 9888 1
10074 9888 1
9394 9889 1
10153 9890 1
9889 9890 1
9352 9892 1
9510 9893 1
9634 9894 1
9894 9895 1
10071 9895 1
9636 9895 3
10113 9895 1
10002 9896 1
9999 9896 1
9840 9896 3
10004 9897 1
9840 9897 4
9896 9897 3
9306 9898 1
9898 9899 1
9306 9899 1
9352 9901 1
10153 9902 1
9901 9902 1
9548 9903 1
10123 9904 1
10109 9904 1
10155 9904 4
9903 9904 1
9965 9904 1
9891 9906 1
9473 9906 4
9939 9907 1
10070 9907 1
9631 9907 3
9484 9908 3
9907 9908 3
9727 9909 1
9618 9910 1
9598 9911 1
9598 9912 2
10108 9912 1
9911 9912 1
9727 9913 1
9310 9914 4
9913 9914 1
9979 9914 1
10124 9914 1
9933 9914 1
9458 9915 1
9540 9916 1
9542 9917 1
9916 9917 1
9371 9918 1
10066 9919 1
9995 9919 1
9306 9919 3
9918 9919 1
9682 9920 1
9364 9921 1
9921 9922 1
9364 9922 1
9364 9923 1
9921 9923 1
9303 9924 1
9658 9924 1
9601 9925 1
9634 9926 1
9930 9927 1
10182 9927 1
9636 9927 4
9926 9927 1
9301 9928 1
9801 9928 3
9352 9929 1
9634 9930 1
9498 9932 1
9727 9933 1
9486 9934 1
9978 9936 2
9935 9936 1
9978 9937 2
9935 9937 1
9469 9938 1
9629 9939 1
9796 9940 1
9727 9941 1
9469 9942 1
9540 9943 1
9727 9944 1
9946 9945 3
9464 9945 2
9401 9945 1
9893 9947 1
9415 9948 1
9352 9949 1
9492 9950 1
9371 9951 1
9498 9952 1
9500 9953 1
9952 9953 1
9303 9954 1
9954 9955 1
9993 9955 1
9924 9955 2
9954 9956 1
9303 9956 1
9303 9957 1
9954 9957 1
9303 9958 1
9954 9958 1
9303 9959 1
9954 9959 1
9352 9960 1
9960 9961 1
9377 9961 1
9893 9962 1
9834 9963 1
9756 9964 1
9467 9965 1
9469 9966 1
9966 9967 1
9471 9967 1
9838 9968 1
9840 9969 6
10110 9969 1
10111 9969 1
9968 9969 1
10005 9969 2
9707 9970 1
9692 9971 1
9973 9972 2
10103 9972 1
9352 9974 1
10062 9975 1
9720 9975 2
9975 9976 2
9806 9976 2
9550 9977 1
9727 9979 1
9727 9980 1
9467 9981 1
9371 9982 1
9727 9983 1
9540 9984 1
9875 9985 1
9510 9986 1
9408 9987 2
10096 9987 1
9352 9988 1
9542 9989 1
9527 9990 1
9653 9991 1
9653 9992 1
9658 9993 1
9753 9994 1
9801 9995 1
9928 9996 1
9995 9996 1
10078 9997 1
10140 9997 1
9928 9997 3
9995 9997 1
9838 9999 1
9514 10000 1
9660 10001 1
9838 10002 1
10002 10003 1
9840 10003 1
9658 10004 1
10004 10005 1
9464 10005 2
9464 10006 2
10005 10006 2
10005 10007 2
9945 10007 2
10005 10008 2
9945 10008 2
9352 10010 1
9527 10011 1
9352 10012 1
10153 10013 1
10012 10013 1
9479 10014 1
10014 10015 1
9481 10015 1
9601 10016 1
9893 10017 1
9774 10018 1
9352 10019 1
9601 10020 1
9510 10021 1
9626 10022 1
10049 10023 1
9834 10024 1
9339 10025 2
10024 10025 1
9352 10026 1
9727 10027 1
9834 10028 1
9844 10029 1
10029 10030 1
9426 10030 1
10029 10031 1
9426 10031 1
9371 10032 1
9646 10034 1
9634 10035 1
9636 10036 2
10035 10036 1
10139 10036 1
10021 10037 1
9475 10038 1
10037 10038 1
9756 10039 1
10039 10040 1
9511 10040 2
9387 10041 1
9352 10042 1
9772 10043 1
10042 10043 1
10131 10044 1
10153 10044 2
10042 10044 1
10153 10045 2
10131 10045 1
10042 10045 1
9682 10046 1
9415 10047 1
10049 10048 1
10048 10050 1
10023 10050 1
10023 10051 1
10048 10051 1
9891 10052 1
10052 10053 1
9906 10053 1
9471 10054 1
10052 10054 1
9634 10055 1
9727 10056 1
10056 10057 1
9310 10057 1
9479 10058 1
9481 10059 1
10058 10059 1
9352 10060 1
9838 10061 1
9931 10062 1
10062 10063 1
9806 10063 1
9550 10064 1
9626 10065 1
9415 10066 1
9306 10067 1
10066 10067 1
9893 10068 1
9653 10069 1
9631 10070 1
9634 10071 1
9352 10072 1
9467 10073 1
9536 10074 1
9801 10075 1
10075 10076 1
10078 10076 1
10140 10076 1
9928 10076 3
10140 10077 1
9928 10077 2
10075 10077 1
9801 10078 1
9727 10079 1
9310 10080 1
10079 10080 1
9601 10081 1
9512 10082 1
9727 10083 1
9310 10084 1
10083 10084 1
9540 10085 1
9542 10086 1
10085 10086 1
10085 10087 1
9542 10087 1
9542 10088 1
10085 10088 1
10085 10089 1
9542 10089 3
10106 10089 1
10089 10090 3
10106 10090 1
9542 10090 3
9542 10091 1
10085 10091 1
10085 10092 1
9542 10092 1
9542 10093 1
10085 10093 1
10085 10094 1
9542 10094 1
9458 10095 1
9514 10096 1
10096 10097 1
9408 10097 1
10096 10098 1
9408 10098 1
10096 10099 1
9639 10099 1
9469 10100 1
9753 10101 2
9303 10102 3
10101 10102 2
9542 10105 1
9540 10106 1
9527 10107 1
9598 10108 1
9548 10109 1
9838 10110 1
9838 10111 1
9618 10112 1
9634 10113 1
9352 10114 1
9492 10115 1
9931 10116 1
10116 10117 1
9720 10117 1
9415 10118 1
9692 10119 1
10121 10120 2
10127 10120 1
9352 10122 1
9548 10123 1
9727 10124 1
9352 10125 1
9352 10126 1
9426 10128 1
9439 10129 2
10177 10129 1
10128 10129 1
9737 10130 1
9352 10131 1
9875 10132 1
9631 10133 1
9484 10134 1
10133 10134 1
9352 10135 1
10135 10136 1
10153 10136 1
9469 10137 1
9598 10138 1
9634 10139 1
9301 10140 1
9469 10141 1
9352 10142 1
9875 10143 1
10143 10144 1
9348 10144 1
9458 10145 1
9667 10146 1
9352 10147 1
9352 10148 1
9301 10149 1
10148 10149 1
10148 10150 1
9301 10150 1
9401 10151 1
10131 10152 1
9866 10152 1
9664 10152 1
9988 10152 1
10147 10152 1
9851 10152 1
10153 10152 12
10122 10152 1
10148 10152 1
10126 10152 1
10042 10152 1
9881 10152 1
9762 10153 1
9415 10153 1
9682 10153 5
9394 10153 1
9629 10153 2
9352 10153 40
9704 10153 2
9514 10153 7
9665 10153 1
9484 10153 6
9483 10153 5
10155 10154 38
9365 10154 4
9793 10154 1
9380 10154 11
10152 10154 12
9422 10154 3
9335 10154 1
9355 10154 7
9315 10155 12
9396 10155 5
9303 10155 39
9542 10155 4
9536 10155 1
9461 10155 1
9306 10155 49
9387 10155 1
9548 10155 3
10153 10155 33
9723 10155 1
9467 10155 8
9426 10155 24
9296 10156 22
9397 10156 9
9757 10156 3
10154 10156 38
9709 10156 4
10157 10156 177
9474 10156 30
9676 10156 12
9427 10156 31
9889 10156 1
9733 10156 1
9316 10156 63
9446 10156 14
9294 10156 21
10040 10156 2
9551 10156 1
9828 10156 1
9378 10156 1
9369 10156 43
9725 10156 5
9312 10156 50
9511 10157 5
9315 10157 12
9313 10157 50
9612 10157 2
9473 10157 30
9445 10157 12
9297 10157 23
10153 10157 1
9317 10157 63
9394 10157 1
9723 10157 1
9368 10157 43
9308 10157 4
10155 10157 79
10151 10176 1
9945 10176 1
9374 10177 1
9461 10178 1
10178 10179 1
9301 10179 1
9469 10180 1
9893 10181 1
9634 10182 1
9682 10183 1
9660 10184 1
