6978 6979 1
9504 6980 1
7081 6980 1
6982 6981 9
6983 6984 1
7070 6985 1
6992 6985 1
6983 6985 1
6988 6987 1
6987 6989 1
7097 6989 1
9496 6989 2
6990 6989 6
7067 6989 1
7084 6989 1
7068 6990 1
7066 6990 2
6988 6990 1
7081 6990 1
7098 6990 1
6992 6991 1
6987 6991 1
6988 6992 1
6990 6993 4
7067 6993 1
9496 6993 2
6987 6993 1
6981 6994 1
6995 6994 1
6996 6994 1
6982 6996 7
7005 6998 2
6995 6999 1
7000 6999 5
6982 6999 1
7020 7000 1
7031 7000 1
7001 7000 28
7007 7000 1
7003 7002 1
6998 7002 1
7004 7003 2
7000 7006 5
6995 7006 1
6982 7006 1
7073 7007 1
7008 7007 4
7036 7007 1
7094 7007 1
7029 7007 1
7029 7008 2
7000 7009 6
6995 7009 2
6997 7009 2
6982 7009 2
7011 7010 4
7048 7011 2
7013 7012 1
7013 7014 5
7035 7014 1
9493 7014 1
7080 7014 1
7012 7014 1
7019 7014 1
6982 7016 1
6995 7016 1
7001 7016 4
6995 7017 1
6982 7017 1
7000 7017 5
7018 7017 1
7013 7019 1
6996 7020 1
7029 7020 2
7094 7020 1
7073 7020 1
7013 7020 2
7036 7020 1
6995 7020 1
7008 7020 4
7094 7021 1
7036 7021 1
7008 7021 4
6996 7021 1
7073 7021 1
7028 7022 1
7008 7022 3
7102 7022 1
7022 7023 3
7008 7023 4
9525 7023 1
7008 7024 3
7022 7024 3
7000 7025 1
9502 7026 1
7000 7026 5
7077 7026 1
7025 7026 1
9491 7026 1
7040 7026 1
7029 7028 1
9506 7030 1
7020 7030 4
7028 7030 1
7078 7030 1
9498 7030 1
7000 7031 5
6982 7031 1
9501 7031 1
7009 7031 1
7000 7032 5
6982 7032 1
6995 7032 1
7034 7033 1
7098 7033 1
7013 7035 1
6982 7036 6
7038 7037 1
7020 7040 1
7042 7041 1
7074 7043 1
7044 7043 2
7041 7043 1
7042 7044 1
7075 7044 1
6995 7045 1
6982 7045 1
7000 7045 5
7048 7047 1
7044 7048 4
7047 7049 1
7011 7049 1
6995 7050 1
7000 7050 5
6982 7050 1
7098 7051 1
7081 7051 1
7051 7052 1
7000 7053 5
6982 7053 1
6995 7053 1
7029 7055 1
6995 7055 1
7059 7058 1
9499 7060 1
9526 7060 1
7059 7060 7
7058 7060 1
7083 7060 2
9520 7060 1
9503 7060 1
7083 7061 3
7059 7061 9
9499 7061 1
7058 7061 1
9526 7061 1
9520 7061 2
9503 7061 1
7063 7062 1
6995 7063 1
9500 7063 1
9516 7063 1
9521 7064 1
7062 7064 1
7063 7064 2
7027 7066 1
7068 7067 1
7067 7069 1
9496 7069 2
7070 7069 3
7066 7070 2
7068 7070 1
6981 7073 4
6997 7073 4
7075 7074 1
7044 7075 4
6981 7076 1
6996 7076 1
6995 7076 1
7007 7077 1
7029 7078 1
7038 7079 1
7013 7080 1
7059 7082 1
7082 7083 1
7059 7083 3
7081 7084 1
7051 7085 1
7084 7085 1
6980 7086 1
7084 7086 1
7000 7087 5
6995 7087 1
6997 7087 1
6982 7087 1
6990 7091 1
6982 7092 1
7000 7092 5
6995 7092 1
6997 7092 1
6982 7093 1
7000 7093 5
6995 7093 1
7038 7096 1
7098 7097 1
7097 7099 1
7051 7099 1
7033 7100 1
7097 7100 1
7044 7101 4
7029 7102 2
7007 7103 1
7102 7103 1
7031 9491 1
7013 9493 1
7027 9495 1
7066 9496 2
9495 9496 1
7013 9498 1
7059 9499 1
7055 9500 1
7000 9502 1
7059 9503 1
6997 9505 1
6982 9505 1
6995 9505 1
7001 9505 4
7013 9506 1
7048 9508 1
7011 9509 1
9508 9509 1
9508 9510 1
7011 9510 1
6981 9511 1
6995 9511 1
7036 9511 1
6996 9511 1
9512 9511 1
9515 9514 3
6995 9516 1
6981 9516 1
6996 9516 1
7036 9516 1
7055 9518 1
9500 9519 1
9518 9519 1
7059 9520 2
9516 9521 1
7055 9524 1
7102 9524 1
7008 9525 1
7059 9526 1
