3381 3207 1
3208 3207 3
3255 3207 2
3218 3207 2
3242 3207 3
3210 3209 2
3553 3211 2
3329 3211 4
3574 3211 1
3212 3211 8
3218 3212 10
3345 3212 3
3551 3212 6
3220 3212 12
3532 3213 2
3419 3213 1
3211 3213 8
3212 3213 13
3334 3213 8
3215 3214 3
3513 3216 1
3208 3216 3
3218 3216 10
3218 3217 2
3507 3217 1
3466 3218 1
3441 3218 1
3257 3218 3
3402 3218 2
3233 3218 3
3513 3218 4
3577 3218 3
3209 3218 1
3483 3219 1
3220 3219 9
3489 3219 3
3270 3219 1
3589 3219 1
3217 3219 2
3485 3220 2
3586 3220 1
3218 3220 22
3381 3222 1
3208 3222 3
3218 3223 3
3553 3223 2
3426 3224 1
3223 3224 3
3608 3224 1
3220 3224 6
3227 3226 3
3220 3226 2
3274 3226 2
3357 3226 1
3225 3226 3
3447 3226 2
3218 3228 2
3605 3228 1
3228 3229 2
3230 3229 3
3431 3229 1
3586 3230 1
3567 3230 2
3218 3230 20
3208 3231 3
3233 3232 1
3210 3233 2
3218 3234 2
3232 3234 1
3236 3235 2
3234 3235 2
3208 3236 9
3218 3236 5
3255 3236 2
3220 3236 2
3259 3236 9
3233 3236 1
3381 3236 1
3242 3236 3
3234 3237 2
3238 3237 2
3218 3238 2
3234 3239 2
3236 3239 2
3238 3240 2
3234 3240 2
3434 3241 2
3242 3241 4
3234 3241 2
3586 3242 1
3428 3242 2
3218 3242 7
3546 3244 2
3243 3244 1
3253 3245 2
3243 3245 1
3243 3246 1
3358 3246 2
3243 3247 1
3542 3247 2
3249 3248 3
3251 3250 3
3218 3252 1
3230 3252 4
3208 3252 3
3255 3254 4
3263 3254 1
3385 3255 1
3260 3255 6
3254 3255 5
3236 3255 6
3262 3255 6
3258 3255 5
3470 3255 3
3261 3255 6
3381 3255 3
3210 3257 2
3263 3258 1
3255 3258 4
3208 3260 9
3274 3260 8
3218 3260 2
3254 3260 1
3258 3260 2
3470 3260 3
3255 3260 2
3208 3261 9
3258 3261 2
3220 3261 5
3402 3261 2
3255 3261 2
3218 3261 16
3261 3264 1
3266 3265 2
3264 3265 1
3608 3265 1
3258 3266 4
3218 3266 1
3261 3266 1
3255 3266 2
3470 3266 1
3208 3266 7
3254 3266 1
3264 3267 1
3608 3267 1
3266 3267 2
3264 3268 1
3269 3268 1
3470 3269 1
3266 3269 4
3208 3269 3
3261 3269 1
3255 3269 2
3258 3269 4
3254 3269 1
3218 3270 1
3329 3271 4
3270 3271 1
3488 3271 1
3553 3271 2
3453 3271 2
3535 3271 1
3431 3271 1
3261 3271 13
3483 3271 1
3270 3272 1
3618 3272 1
3535 3272 1
3488 3272 1
3261 3272 4
3270 3273 1
3274 3273 2
3449 3274 3
3218 3274 11
3226 3275 2
3273 3275 2
3274 3276 5
3273 3276 2
3512 3276 2
3276 3277 5
3260 3277 5
3220 3278 2
3270 3278 1
3226 3279 2
3278 3279 2
3219 3280 1
3212 3280 13
3536 3280 2
3289 3280 10
3270 3280 1
3589 3280 1
3511 3281 1
3282 3281 2
3270 3281 1
3586 3282 1
3218 3282 2
3531 3282 2
3608 3283 1
3386 3283 2
3270 3283 1
3589 3283 1
3261 3283 5
3589 3284 1
3287 3284 4
3270 3284 1
3261 3284 4
3261 3285 4
3589 3285 1
3270 3285 1
3386 3285 2
3511 3286 1
3589 3286 1
3261 3286 3
3270 3286 1
3511 3287 1
3220 3287 4
3589 3287 1
3270 3287 1
3329 3288 4
3261 3288 9
3287 3288 4
3535 3288 1
3458 3289 3
3212 3289 10
3287 3289 4
3487 3289 2
3287 3290 4
3261 3290 4
3233 3291 1
3218 3292 2
3291 3292 1
3292 3293 2
3305 3293 1
3242 3293 3
3292 3294 2
3386 3294 2
3301 3294 3
3207 3294 5
3386 3295 2
3292 3295 2
3207 3295 5
3568 3295 1
3308 3296 4
3292 3296 2
3434 3296 2
3297 3296 7
3218 3297 5
3296 3298 7
3299 3298 7
3297 3299 7
3292 3300 2
3207 3300 5
3301 3300 3
3386 3300 2
3292 3301 2
3242 3301 3
3236 3302 5
3386 3302 2
3301 3302 3
3301 3303 3
3434 3303 2
3386 3303 2
3236 3303 7
3434 3304 2
3591 3304 2
3236 3304 5
3291 3304 1
3218 3305 1
3307 3306 1
3305 3306 1
3208 3307 3
3218 3307 1
3381 3307 1
3305 3308 1
3297 3308 4
3434 3308 2
3308 3309 4
3297 3309 4
3308 3310 4
3299 3310 4
3312 3311 4
3308 3311 4
3297 3312 4
3312 3313 4
3308 3313 4
3308 3314 4
3315 3314 4
3297 3315 4
3297 3316 4
3308 3316 4
3429 3317 1
3308 3317 4
3318 3317 5
3297 3318 5
3305 3319 1
3307 3319 1
3434 3320 2
3305 3320 1
3236 3320 4
3578 3320 1
3305 3321 1
3322 3321 1
3586 3322 1
3218 3322 3
3503 3322 2
3305 3323 1
3322 3323 2
3323 3324 2
3325 3324 2
3208 3325 3
3322 3325 2
3218 3325 3
3305 3326 1
3323 3326 2
3325 3326 2
3325 3327 1
3305 3327 1
3218 3328 2
3543 3328 1
3328 3329 2
3218 3329 4
3543 3329 1
3331 3330 4
3329 3330 4
3258 3331 1
3218 3331 4
3208 3331 3
3254 3331 4
3385 3331 1
3261 3332 5
3329 3332 4
3514 3332 1
3329 3333 4
3220 3333 5
3535 3334 1
3212 3334 8
3329 3334 4
3553 3334 2
3431 3335 1
3608 3335 1
3261 3335 10
3453 3335 2
3329 3335 4
3553 3335 2
3453 3336 2
3329 3336 4
3553 3336 2
3220 3336 9
3608 3336 1
3338 3337 6
3553 3337 2
3329 3337 4
3218 3338 8
3577 3338 1
3208 3338 3
3553 3339 2
3329 3339 4
3338 3339 6
3329 3340 4
3553 3340 2
3338 3340 6
3329 3341 4
3261 3341 6
3553 3341 2
3329 3342 4
3338 3342 6
3553 3342 2
3338 3343 6
3329 3343 4
3553 3343 2
3553 3344 2
3329 3344 4
3345 3344 6
3586 3345 1
3452 3345 2
3218 3345 11
3329 3346 4
3453 3346 2
3553 3346 2
3216 3346 8
3329 3347 4
3453 3347 2
3618 3347 1
3386 3347 2
3261 3347 11
3553 3347 2
3329 3348 4
3553 3348 2
3216 3348 8
3453 3348 2
3453 3349 2
3329 3349 4
3216 3349 8
3553 3349 2
3553 3350 2
3216 3350 8
3329 3350 4
3453 3350 2
3329 3351 4
3553 3351 2
3216 3351 8
3453 3351 2
3329 3352 4
3553 3352 2
3453 3352 2
3216 3352 8
3216 3353 8
3329 3353 4
3553 3353 2
3453 3353 2
3230 3354 4
3329 3354 4
3356 3355 3
3215 3357 3
3360 3359 3
3218 3361 1
3252 3362 1
3361 3362 1
3252 3363 1
3361 3363 1
3361 3364 1
3252 3364 1
3230 3365 4
3430 3365 2
3361 3365 1
3252 3366 5
3365 3366 4
3366 3367 5
3365 3367 4
3252 3367 5
3366 3368 5
3365 3368 4
3252 3368 5
3252 3369 5
3365 3369 4
3252 3370 5
3369 3370 5
3365 3370 4
3369 3371 5
3252 3371 5
3365 3371 4
3365 3372 4
3252 3372 4
3258 3373 1
3552 3374 1
3528 3374 1
3373 3374 1
3501 3374 1
3386 3374 2
3266 3374 8
3618 3374 1
3534 3374 1
3528 3375 1
3618 3375 1
3255 3375 13
3534 3375 1
3552 3375 1
3373 3375 1
3569 3375 1
3568 3375 1
3604 3375 1
3578 3375 1
3386 3375 2
3501 3375 1
3388 3375 4
3386 3376 2
3528 3376 1
3269 3376 8
3552 3376 1
3618 3376 1
3501 3376 1
3373 3376 1
3534 3376 1
3604 3377 1
3386 3377 2
3569 3377 1
3534 3377 1
3618 3377 1
3528 3377 1
3578 3377 1
3384 3377 1
3477 3377 1
3255 3377 17
3373 3377 1
3568 3377 1
3501 3377 1
3561 3377 1
3552 3377 1
3614 3377 1
3450 3377 1
3377 3378 17
3562 3378 1
3573 3378 1
3255 3378 22
3582 3378 3
3255 3379 22
3378 3379 22
3373 3380 1
3578 3380 1
3561 3380 1
3401 3380 1
3255 3380 6
3569 3380 1
3528 3380 1
3255 3381 4
3263 3381 1
3218 3382 2
3602 3382 1
3230 3383 2
3382 3383 2
3385 3384 1
3263 3385 1
3255 3385 4
3255 3386 2
3384 3386 1
3207 3387 3
3568 3387 1
3386 3387 2
3255 3388 4
3386 3388 2
3568 3388 1
3236 3389 2
3386 3389 2
3569 3390 1
3516 3390 3
3528 3390 1
3501 3390 1
3386 3390 2
3604 3390 1
3260 3390 9
3260 3391 9
3604 3391 1
3569 3391 1
3501 3391 1
3528 3391 1
3386 3391 2
3516 3391 3
3260 3392 2
3386 3392 2
3488 3393 1
3618 3393 1
3608 3393 1
3534 3393 1
3386 3393 2
3260 3393 6
3552 3394 1
3261 3394 4
3603 3394 1
3386 3394 2
3401 3395 1
3384 3395 1
3255 3395 3
3528 3395 1
3331 3396 6
3384 3396 1
3450 3396 1
3561 3396 1
3552 3396 1
3528 3396 1
3477 3396 1
3331 3397 1
3384 3397 1
3384 3398 1
3331 3398 1
3561 3399 1
3477 3399 1
3528 3399 1
3552 3399 1
3331 3399 6
3450 3399 1
3384 3399 1
3534 3400 1
3604 3400 1
3618 3400 1
3255 3400 6
3568 3400 1
3450 3400 1
3384 3400 1
3258 3401 1
3210 3402 2
3218 3419 1
3230 3420 1
3419 3420 1
3419 3421 1
3216 3421 1
3431 3422 1
3419 3422 1
3216 3422 2
3208 3423 3
3208 3424 3
3218 3426 1
3220 3427 1
3426 3427 1
3297 3429 1
3218 3430 2
3451 3430 1
3218 3431 1
3216 3432 1
3431 3432 1
3230 3433 1
3431 3433 1
3218 3434 2
3601 3434 1
3434 3435 2
3242 3435 2
3434 3436 2
3578 3436 1
3437 3436 3
3381 3437 1
3218 3437 2
3208 3437 3
3437 3438 2
3434 3438 2
3434 3439 2
3437 3439 2
3210 3440 2
3442 3441 3
3444 3443 1
3208 3444 3
3218 3444 1
3443 3445 1
3444 3445 1
3444 3446 1
3443 3446 1
3448 3447 2
3613 3447 1
3254 3450 1
3209 3451 1
3571 3453 1
3218 3453 2
3453 3454 2
3345 3454 3
3594 3455 1
3454 3455 3
3212 3455 4
3599 3456 1
3454 3456 3
3212 3456 4
3550 3457 1
3212 3457 4
3454 3457 3
3220 3458 3
3453 3458 2
3453 3459 2
3345 3459 2
3230 3460 4
3553 3460 2
3453 3460 2
3338 3461 2
3453 3461 2
3463 3462 2
3453 3462 2
3208 3463 3
3218 3463 2
3338 3464 2
3453 3464 2
3466 3465 1
3476 3466 1
3529 3466 2
3465 3467 1
3218 3467 2
3467 3468 2
3322 3468 2
3467 3469 2
3325 3469 2
3255 3470 4
3263 3470 1
3274 3471 3
3509 3471 2
3473 3472 3
3471 3472 3
3274 3473 3
3357 3474 1
3598 3475 1
3226 3475 3
3505 3475 1
3474 3475 1
3254 3477 1
3501 3478 1
3552 3478 1
3618 3478 1
3255 3478 5
3528 3478 1
3477 3478 1
3618 3479 1
3528 3479 1
3480 3479 3
3477 3479 1
3254 3480 2
3258 3480 1
3477 3481 1
3255 3481 1
3208 3482 3
3218 3482 1
3218 3483 1
3608 3484 1
3488 3484 1
3483 3484 1
3261 3484 3
3218 3486 1
3486 3487 1
3220 3487 2
3218 3488 1
3488 3489 1
3218 3489 3
3507 3489 1
3260 3490 4
3488 3490 1
3516 3490 3
3488 3491 1
3444 3491 1
3488 3492 1
3608 3492 1
3516 3492 3
3260 3492 4
3444 3493 1
3488 3493 1
3444 3494 1
3488 3494 1
3488 3495 1
3444 3495 1
3488 3496 1
3482 3496 1
3444 3497 1
3488 3497 1
3488 3498 1
3525 3498 2
3274 3498 3
3586 3499 1
3500 3499 2
3470 3501 1
3501 3502 1
3552 3502 1
3614 3502 1
3255 3502 3
3447 3505 1
3505 3506 1
3447 3506 1
3402 3507 2
3257 3508 1
3218 3509 2
3508 3509 1
3274 3510 2
3509 3510 2
3218 3511 1
3218 3512 2
3611 3512 1
3210 3513 2
3402 3514 1
3218 3515 1
3608 3516 1
3274 3516 3
3515 3516 1
3254 3517 1
3255 3518 1
3517 3518 1
3356 3519 3
3521 3520 3
3218 3522 1
3522 3523 1
3345 3523 1
3345 3524 1
3522 3524 1
3218 3525 2
3572 3525 1
3526 3527 1
3533 3527 2
3254 3528 1
3208 3530 3
3617 3532 1
3212 3532 2
3258 3534 1
3218 3535 1
3535 3536 1
3220 3536 2
3535 3537 1
3617 3537 1
3600 3537 1
3574 3537 1
3212 3537 4
3208 3538 3
3218 3538 2
3245 3539 1
3541 3540 1
3539 3540 1
3245 3541 1
3356 3541 3
3513 3543 2
3208 3544 3
3266 3544 4
3218 3544 1
3258 3544 1
3208 3545 3
3244 3545 1
3513 3547 1
3547 3548 1
3218 3548 2
3230 3549 2
3548 3549 2
3551 3550 1
3258 3552 1
3218 3553 2
3606 3553 1
3553 3554 2
3538 3554 2
3553 3555 2
3538 3555 2
3538 3556 2
3553 3556 2
3553 3557 2
3538 3557 2
3553 3558 2
3538 3558 2
3553 3559 2
3338 3559 2
3338 3560 2
3553 3560 2
3254 3561 1
3255 3562 1
3564 3563 3
3244 3565 1
3565 3566 1
3545 3566 1
3381 3568 1
3470 3569 1
3441 3571 1
3257 3572 1
3255 3573 1
3551 3574 1
3218 3575 1
3274 3576 1
3575 3576 1
3210 3577 2
3381 3578 1
3578 3579 1
3437 3579 1
3437 3580 1
3578 3580 1
3437 3581 1
3578 3581 1
3618 3582 1
3255 3582 3
3578 3582 1
3578 3583 1
3307 3583 1
3578 3584 1
3236 3584 1
3578 3585 1
3307 3585 1
3612 3587 1
3218 3587 2
3345 3588 2
3587 3588 2
3218 3589 1
3220 3590 1
3589 3590 1
3220 3591 2
3589 3591 1
3261 3592 2
3591 3592 2
3589 3593 1
3261 3593 2
3608 3593 1
3551 3594 1
3218 3595 1
3230 3596 1
3595 3596 1
3260 3597 1
3447 3598 1
3551 3599 1
3551 3600 1
3233 3601 1
3577 3602 1
3402 3603 1
3470 3604 1
3513 3605 1
3577 3606 1
3338 3607 1
3606 3607 1
3218 3608 1
3608 3609 1
3544 3609 1
3608 3610 1
3544 3610 1
3257 3611 1
3577 3612 1
3381 3614 1
3222 3615 1
3614 3615 1
3543 3616 1
3216 3616 1
3551 3617 1
3258 3618 1
3618 3619 1
3544 3619 1
3618 3620 1
3266 3620 1
