12230 11589 6
11918 11589 1
12224 11589 7
12224 11590 7
11918 11590 1
12230 11590 6
11592 11591 7
12230 11591 6
12231 11592 6
12298 11593 1
12284 11593 1
12316 11593 1
12244 11593 1
11918 11593 1
12150 11593 1
12275 11593 1
11594 11593 36
12043 11593 1
12251 11593 1
12245 11593 1
12306 11593 1
12003 11593 1
12076 11593 2
12086 11593 2
12315 11593 1
11772 11593 1
11591 11593 7
12089 11593 1
12308 11593 1
11880 11593 3
11785 11593 1
12008 11593 1
11936 11593 1
11910 11593 3
11701 11594 1
12220 11594 3
11722 11594 10
11881 11594 5
11713 11594 1
11921 11594 1
12224 11594 1
11592 11594 7
11955 11594 6
11919 11594 1
12230 11595 6
12224 11595 8
11918 11595 1
11595 11596 8
11597 11596 8
11837 11597 10
11756 11597 2
11720 11597 4
11826 11597 3
11946 11597 3
11787 11597 1
11863 11597 3
11932 11597 2
11924 11597 3
12224 11597 8
12230 11598 6
11599 11598 11
11858 11598 3
12050 11598 1
11929 11598 1
12232 11599 1
11703 11599 1
11701 11599 1
11779 11599 3
12267 11599 1
11850 11599 4
12231 11599 6
11819 11599 1
11860 11599 1
11833 11599 1
12231 11600 12
12188 11600 3
12230 11600 6
12083 11600 1
12259 11601 1
12178 11601 1
11798 11601 1
11602 11601 29
12038 11601 1
12125 11601 1
12213 11601 1
12046 11601 1
12268 11601 1
12142 11601 2
12137 11601 1
12030 11601 1
11600 11601 12
11893 11601 1
12246 11601 1
11934 11601 1
11701 11602 7
11969 11602 3
11713 11602 37
11942 11602 5
11754 11602 37
12231 11602 12
11894 11602 17
11835 11602 14
11602 11603 119
11601 11603 29
11715 11603 90
11906 11603 9
12330 11603 1
11605 11604 5
11607 11604 5
11606 11604 5
11687 11604 5
12229 11688 10
11947 11688 1
11963 11688 1
12212 11688 1
12042 11688 1
12296 11688 1
12177 11688 1
11688 11689 1
11694 11689 1
11690 11689 1
12229 11689 6
12228 11689 2
12228 11690 1
11689 11690 6
12229 11690 8
11690 11691 8
12229 11691 8
11693 11692 1
12220 11693 5
11970 11694 1
11928 11694 1
12312 11694 1
12117 11694 1
12057 11694 1
12229 11694 26
12004 11694 1
12285 11694 1
11820 11694 1
11872 11694 1
12297 11694 1
11948 11694 1
12148 11694 1
11871 11694 1
11692 11694 1
11909 11694 1
12077 11694 1
11780 11694 1
12155 11694 1
12168 11694 1
12081 11694 1
12171 11694 1
12111 11694 1
11909 11695 1
12273 11695 1
12177 11695 1
12004 11695 1
12042 11695 1
12106 11695 1
11692 11695 1
11947 11695 1
11820 11695 1
12285 11695 1
12220 11695 20
12168 11695 1
12148 11695 1
12111 11695 1
11970 11695 1
11871 11695 1
12292 11695 1
12171 11695 1
12296 11695 1
12312 11695 1
12149 11696 1
11695 11696 20
12316 11696 1
11936 11696 1
12251 11696 1
12001 11696 1
11772 11696 1
12315 11696 1
12150 11696 1
12104 11696 1
11907 11696 1
11697 11696 40
12245 11696 1
11785 11696 1
12211 11696 1
12306 11696 1
12122 11696 1
12008 11696 1
11798 11696 1
11775 11696 1
11721 11696 1
12144 11696 1
11921 11697 1
11873 11697 1
11693 11697 1
12220 11697 27
11701 11697 7
12227 11697 2
11722 11697 21
12285 11698 1
12171 11698 1
11820 11698 1
11692 11698 1
12111 11698 1
12220 11698 7
11970 11698 1
12149 11699 1
12104 11699 1
11697 11699 14
11698 11699 7
11907 11699 1
12001 11699 1
12125 11699 1
12178 11699 1
12211 11699 1
11701 11700 5
11803 11701 3
11597 11701 8
11697 11701 3
11702 11702 1
11703 11702 1
11818 11704 1
11599 11704 4
12218 11704 1
12266 11704 1
11702 11704 1
11706 11705 1
12063 11707 1
12283 11707 1
11708 11707 12
11821 11707 1
12145 11707 1
12313 11707 1
12009 11707 1
11705 11707 1
11974 11707 1
12010 11707 1
12274 11707 1
11967 11707 1
12311 11707 1
11833 11708 15
11816 11708 3
11873 11708 3
11693 11708 3
11722 11708 27
11843 11708 1
11887 11708 3
11758 11708 2
11759 11708 1
11964 11708 1
12227 11708 4
12000 11708 3
12052 11708 1
11604 11708 2
11783 11708 3
11706 11708 3
12114 11708 1
11693 11709 1
12191 11710 1
12025 11710 1
12220 11710 6
11945 11710 1
11709 11710 1
12106 11710 1
11888 11711 1
12043 11711 1
11710 11711 6
12241 11711 1
11697 11711 9
11713 11712 1
11873 11713 1
11815 11713 1
12227 11713 2
11722 11713 24
11706 11713 1
11697 11713 4
12013 11714 1
11712 11714 1
11602 11714 63
11834 11714 3
12133 11714 1
12071 11714 2
12115 11714 1
12068 11714 1
12087 11714 1
11941 11714 1
12019 11714 1
12088 11714 3
12192 11714 1
11968 11714 1
12110 11714 1
12022 11714 3
12189 11714 3
11978 11714 1
11949 11714 1
12039 11714 2
11723 11714 30
12125 11715 1
12268 11715 1
12287 11715 1
12307 11715 1
11753 11715 37
11602 11715 90
11768 11715 3
11714 11715 63
12227 11716 1
12222 11718 4
11950 11718 2
12091 11718 1
11718 11719 4
11720 11719 4
12222 11720 4
11693 11720 1
11788 11720 4
11885 11720 1
11895 11720 2
12231 11720 2
12272 11720 1
11722 11721 1
11817 11722 4
12183 11723 1
11721 11723 1
12144 11723 1
12092 11723 1
12027 11723 1
12001 11723 1
12316 11723 1
12315 11723 1
12104 11723 1
11772 11723 1
12008 11723 1
11865 11723 1
12304 11723 1
11840 11723 1
12211 11723 1
12241 11723 1
11936 11723 1
12012 11723 1
11713 11723 32
11785 11723 1
11907 11723 1
12306 11723 1
12122 11723 1
12167 11723 2
11775 11723 1
12245 11723 1
12251 11723 1
12150 11723 1
12149 11723 1
12331 11724 1
12241 11724 1
12329 11724 1
12239 11724 1
11958 11724 1
11840 11724 1
12315 11724 1
12006 11724 1
12283 11724 1
12251 11724 1
12254 11724 1
12183 11724 1
12237 11724 1
12245 11724 1
12316 11724 1
12157 11724 1
12306 11724 1
12021 11724 1
12274 11724 1
12008 11724 1
11865 11724 1
11772 11724 1
12104 11724 1
12176 11724 1
11708 11724 51
11821 11724 1
11721 11724 1
12150 11724 1
11775 11724 1
12206 11724 1
11785 11724 1
12144 11724 1
12332 11724 1
12122 11724 1
12172 11724 1
12024 11724 1
12211 11724 1
12080 11724 1
12092 11724 1
12256 11724 1
12304 11724 1
12242 11724 1
12037 11724 2
11907 11724 1
11936 11724 1
12167 11724 2
12001 11724 1
12149 11724 1
12195 11724 1
12302 11724 1
11708 11725 54
11821 11725 1
11785 11725 1
12006 11725 1
12211 11725 1
12021 11725 1
12239 11725 1
12283 11725 1
12027 11725 1
12315 11725 1
11772 11725 1
12037 11725 2
12274 11725 1
12001 11725 1
12306 11725 1
12172 11725 1
12092 11725 1
12316 11725 1
11721 11725 1
12332 11725 1
11832 11725 1
11936 11725 1
12256 11725 1
12206 11725 1
11775 11725 1
12167 11725 2
11958 11725 1
12251 11725 1
12157 11725 1
12150 11725 1
12331 11725 1
12080 11725 1
12143 11725 1
12024 11725 1
12254 11725 1
12183 11725 1
12195 11725 1
12122 11725 1
12104 11725 1
11840 11725 1
12242 11725 1
11907 11725 1
12241 11725 1
11865 11725 1
12008 11725 1
12176 11725 1
12149 11725 1
12304 11725 1
12237 11725 1
12245 11725 1
12302 11725 1
12144 11725 1
12329 11725 1
12008 11752 1
11840 11752 1
12167 11752 2
12283 11752 1
12211 11752 1
12306 11752 1
11708 11752 30
11865 11752 1
12316 11752 1
11775 11752 1
12144 11752 1
12092 11752 1
11785 11752 1
11907 11752 1
11821 11752 1
11936 11752 1
12304 11752 1
12241 11752 1
12122 11752 1
11721 11752 1
12150 11752 1
12104 11752 1
12149 11752 1
12183 11752 1
12027 11752 1
12315 11752 1
12001 11752 1
12251 11752 1
12245 11752 1
11772 11752 1
12194 11753 1
12008 11753 1
12167 11753 1
12251 11753 1
12245 11753 1
11785 11753 1
12144 11753 1
12316 11753 1
12306 11753 1
11775 11753 1
11754 11753 37
12149 11753 1
11797 11753 14
11936 11753 1
12164 11753 1
11907 11753 1
12001 11753 1
12211 11753 1
12150 11753 1
11721 11753 1
11772 11753 1
12012 11753 1
12315 11753 1
12104 11753 1
12227 11754 1
12173 11754 1
11843 11754 5
11701 11754 3
11815 11754 1
11759 11754 1
11796 11754 1
11964 11754 3
11927 11754 2
11722 11754 19
12052 11754 2
11873 11754 1
11756 11755 2
12094 11755 1
12272 11756 1
11915 11756 2
11788 11756 4
12095 11756 1
12100 11756 1
12222 11756 3
11755 11757 2
11597 11757 2
11605 11758 2
11606 11758 2
11607 11758 2
11687 11758 2
11758 11759 4
11761 11760 1
12315 11762 1
11778 11762 3
12150 11762 1
11763 11762 37
11772 11762 1
12008 11762 1
12314 11762 1
12106 11762 1
12112 11762 2
12160 11762 1
12134 11762 1
11830 11762 1
11995 11762 2
12251 11762 1
11780 11762 1
12078 11762 1
11936 11762 1
12308 11762 1
11973 11762 1
12245 11762 1
12328 11762 1
12316 11762 1
11760 11762 1
12290 11762 1
11768 11762 3
11785 11762 1
12125 11762 1
11892 11762 2
12196 11762 2
12043 11762 1
11701 11763 1
12224 11763 1
11722 11763 9
11761 11763 15
11921 11763 1
12227 11763 4
11713 11763 1
12231 11763 3
11896 11763 2
11816 11763 1
11760 11764 1
11936 11764 1
11763 11764 2
11706 11765 1
12203 11766 1
12253 11766 1
11765 11766 1
12118 11766 1
12185 11766 1
12257 11766 1
12238 11766 1
12059 11766 1
11975 11766 1
11982 11766 1
12295 11766 1
12327 11766 1
12181 11766 1
12180 11766 1
11767 11766 19
12156 11766 1
12271 11766 1
12217 11766 1
11706 11767 17
12271 11768 1
11765 11768 1
12231 11768 3
11763 11769 10
11892 11769 1
12316 11769 1
11778 11769 3
12196 11769 2
11768 11769 3
12083 11770 1
11768 11770 3
11771 11770 4
12231 11771 4
11722 11772 1
11936 11773 1
12125 11773 1
12316 11773 1
11910 11773 3
11697 11773 17
12251 11773 1
12306 11773 1
12004 11773 1
11772 11773 1
11785 11773 1
12030 11773 1
12008 11773 1
12150 11773 1
12245 11773 1
12315 11773 1
12043 11773 1
11772 11774 1
11763 11774 1
11722 11775 1
11776 11777 3
12227 11778 3
12231 11779 1
12227 11780 1
12008 11781 1
12328 11781 1
11763 11781 3
11780 11781 1
11783 11782 1
12220 11783 5
12288 11784 1
12011 11784 1
11708 11784 12
12310 11784 1
12138 11784 1
11836 11784 1
11782 11784 1
12162 11784 1
12055 11784 1
12234 11784 1
12184 11784 1
11997 11784 1
12036 11784 1
11722 11785 1
11763 11786 2
12290 11786 1
11785 11786 1
11789 11787 2
12222 11787 2
12272 11787 1
11790 11787 1
11788 11787 4
11597 11788 11
11791 11790 5
11706 11792 1
11794 11793 2
12253 11793 1
11792 11793 1
11706 11794 16
11796 11795 1
11927 11796 1
12229 11796 1
11833 11796 4
11963 11797 1
11842 11797 1
12081 11797 1
12193 11797 1
12294 11797 1
11754 11797 14
12051 11797 1
12163 11797 1
12056 11797 1
12002 11797 1
12291 11797 1
11795 11797 1
12214 11797 1
12007 11797 1
11701 11798 1
11800 11799 2
11798 11799 1
11963 11799 1
11964 11800 3
11701 11800 1
11843 11800 3
11759 11800 1
12052 11800 2
11791 11800 18
11798 11801 1
11754 11801 2
11965 11801 1
11798 11802 1
11803 11802 1
12220 11803 2
11701 11803 4
11921 11803 1
12136 11804 1
11798 11804 1
11599 11804 2
12030 11805 1
12125 11805 1
11798 11805 1
11803 11805 3
11983 11806 6
11688 11806 1
11798 11806 1
11694 11806 1
12228 11806 1
11807 11806 10
12229 11807 9
11868 11807 4
11701 11807 1
11875 11807 4
11800 11808 1
11798 11808 1
12051 11809 1
12081 11809 1
12163 11809 1
12294 11809 1
12007 11809 1
11798 11809 1
11800 11809 8
11963 11809 1
12002 11809 1
11800 11810 4
11798 11810 1
12163 11810 1
12193 11810 1
11842 11810 1
11798 11811 1
11800 11811 1
11798 11812 1
11813 11812 1
11701 11813 1
11803 11814 5
11798 11814 1
12190 11814 1
12043 11814 1
12250 11814 1
12178 11814 1
12220 11816 5
11687 11817 15
11819 11818 1
11818 11818 1
11783 11820 1
11604 11821 1
11823 11822 2
11822 11824 1
12222 11824 3
12205 11824 1
11826 11825 3
11824 11825 3
12229 11826 1
12272 11826 1
11895 11826 2
11823 11826 1
11693 11826 1
11788 11826 4
12093 11826 1
12222 11826 3
11694 11827 1
11826 11827 4
11824 11827 3
11822 11828 1
12205 11828 1
11826 11828 3
11952 11829 4
11828 11829 3
12116 11829 3
11597 11829 13
12035 11829 3
11761 11830 1
11936 11831 1
11830 11831 1
11763 11831 2
11833 11832 2
11817 11833 4
12256 11834 1
12304 11834 1
12021 11834 1
12080 11834 1
12237 11834 1
12143 11834 1
12332 11834 1
12329 11834 1
12172 11834 1
12206 11834 1
12176 11834 1
12183 11834 1
12239 11834 1
12302 11834 1
11865 11834 1
12006 11834 1
12037 11834 2
12012 11834 1
11958 11834 1
11835 11834 26
11832 11834 2
12157 11834 1
11887 11835 1
11803 11835 4
11815 11835 1
11783 11835 1
11816 11835 1
12227 11835 1
11706 11835 1
12000 11835 1
11833 11835 14
11873 11835 1
11693 11835 1
11979 11835 4
11758 11836 1
11838 11837 2
12231 11837 3
12227 11837 1
11873 11837 1
11788 11837 4
11839 11837 1
12272 11837 1
12220 11837 3
11919 11837 1
11791 11839 5
11722 11840 1
12194 11841 1
11934 11841 1
12167 11841 1
12164 11841 1
11697 11841 5
11840 11841 1
11843 11842 1
11604 11843 4
11845 11844 4
11846 11845 11
11706 11847 1
11847 11848 1
11975 11848 1
12257 11848 1
11794 11848 5
12156 11848 1
12238 11848 1
11850 11849 1
11849 11851 1
11599 11851 2
12274 11851 1
12231 11852 1
11854 11853 1
11852 11853 1
12231 11854 1
11854 11855 1
11852 11855 1
11852 11856 1
11854 11856 1
11852 11857 1
11779 11857 3
12146 11857 1
11779 11858 3
11857 11858 1
11852 11858 1
11860 11859 1
11859 11861 1
12028 11861 1
12222 11861 2
11863 11862 3
11859 11862 1
12028 11862 1
12220 11863 1
11788 11863 4
11956 11863 2
11860 11863 1
12272 11863 1
12101 11863 1
11862 11864 3
11597 11864 3
12227 11865 1
11868 11866 2
11867 11866 2
11713 11868 1
11869 11868 4
11944 11868 1
11693 11871 1
11873 11872 1
12220 11873 5
12190 11874 1
11872 11874 1
12028 11874 1
12075 11874 1
12141 11874 1
11875 11874 7
12297 11874 1
12250 11874 1
12220 11875 5
12227 11875 1
11873 11875 1
12075 11876 1
12222 11876 9
12277 11876 1
12188 11876 3
11872 11876 1
12141 11876 1
12129 11876 1
12297 11876 1
12075 11877 1
12297 11877 1
12188 11877 3
12277 11877 1
12141 11877 1
11872 11877 1
12129 11877 1
11837 11877 9
11837 11878 10
12075 11878 1
12129 11878 1
12188 11878 3
11872 11878 1
12297 11878 1
12277 11878 1
12141 11878 1
11878 11879 10
11597 11879 10
11881 11880 3
12220 11882 1
11884 11883 5
11875 11883 4
11701 11883 1
11875 11884 10
11886 11885 7
11800 11886 17
11869 11886 9
12220 11887 5
11701 11888 1
11888 11889 1
11890 11889 1
11875 11890 4
11701 11890 1
11761 11892 2
11894 11893 1
12209 11896 1
11897 11896 2
11706 11896 1
11898 11897 2
11900 11897 2
12066 11898 3
12065 11898 3
11899 11898 8
12064 11898 3
12222 11898 3
11607 11898 3
11899 11900 4
11901 11900 4
12265 11902 1
11903 11902 2
12082 11904 1
11905 11904 2
11602 11906 9
11913 11906 1
12018 11906 2
12019 11906 1
11926 11906 1
11834 11906 2
12046 11906 1
11722 11907 1
12043 11908 1
12246 11908 1
11697 11908 3
11907 11908 1
11693 11909 1
12220 11910 3
11909 11910 1
12106 11910 1
11912 11911 13
11954 11911 1
12004 11911 1
12030 11911 1
11910 11911 3
12003 11911 1
12298 11911 1
12275 11911 1
12268 11911 1
12089 11911 1
12076 11911 2
11713 11912 1
11693 11912 1
11701 11912 2
12220 11912 3
11921 11912 1
11955 11912 7
11894 11913 1
11901 11914 2
11899 11914 3
12208 11914 1
11850 11916 1
11599 11917 1
11916 11917 1
11919 11918 1
12224 11920 1
11918 11920 1
11701 11921 5
12222 11922 3
12289 11922 1
12053 11922 1
11924 11923 3
11922 11923 3
11823 11924 1
12229 11924 1
12102 11924 1
12222 11924 3
11788 11924 4
11895 11924 2
11693 11924 1
12272 11924 1
11688 11925 1
11922 11925 3
11924 11925 4
11894 11926 1
11817 11927 4
12227 11928 1
11860 11929 1
11929 11930 1
12222 11930 3
12028 11930 1
11930 11931 3
11932 11931 3
11860 11932 1
12099 11932 1
11788 11932 4
12222 11932 3
12272 11932 1
12132 11932 2
12220 11932 1
11932 11933 1
11929 11933 1
11701 11934 1
11883 11935 1
11934 11935 1
11722 11936 1
11763 11937 2
11973 11937 1
11936 11937 1
11763 11938 2
12314 11938 1
11936 11938 1
11940 11939 1
12109 11941 1
11942 11941 4
11939 11941 1
12005 11941 1
11783 11942 1
11940 11942 3
11979 11942 4
12005 11943 1
11939 11943 1
11942 11943 3
12109 11943 1
11817 11944 4
11783 11945 1
12222 11946 3
11788 11946 4
12229 11946 7
11823 11946 1
12272 11946 1
11959 11946 1
11895 11946 2
11693 11946 1
11783 11947 1
12227 11948 1
11894 11949 1
12231 11950 2
12118 11950 1
11950 11951 2
12231 11951 2
11950 11952 2
11720 11952 4
12091 11952 1
11701 11953 1
11884 11953 5
11875 11953 4
11955 11954 1
11701 11957 1
11875 11957 4
11833 11958 1
11886 11959 7
11791 11959 5
12220 11960 1
11815 11960 1
11706 11960 1
11932 11961 2
12028 11961 1
11961 11962 2
11597 11962 2
11964 11963 1
11604 11964 4
11927 11965 1
12239 11966 1
11688 11966 1
12176 11966 1
11796 11966 6
12206 11966 1
11965 11966 1
12037 11966 1
11722 11967 1
11969 11968 1
11815 11969 1
11979 11969 4
12000 11969 1
11693 11970 1
11846 11972 3
11761 11973 1
11816 11974 1
11706 11975 1
11845 11977 4
11969 11978 1
11981 11980 2
12125 11980 1
11866 11981 4
11701 11981 1
11875 11981 4
11706 11982 1
12118 11983 1
12181 11983 1
12185 11983 1
12295 11983 1
11982 11983 1
12229 11983 6
11983 11984 6
12293 11984 1
12091 11984 1
12053 11984 1
12107 11984 5
11985 11984 14
12233 11985 1
12229 11985 9
11817 11985 4
11693 11985 4
12228 11986 1
11983 11986 6
11946 11986 10
12074 11986 3
12074 11987 3
12228 11987 1
11983 11987 6
11946 11987 10
12228 11988 1
11946 11988 8
12293 11988 1
11983 11988 6
12228 11989 1
11946 11989 7
11983 11989 6
11946 11990 7
11983 11990 6
12228 11990 1
12118 11991 1
11982 11991 1
12181 11991 1
12295 11991 1
12185 11991 1
11992 11991 5
11706 11992 5
12295 11993 1
11992 11993 5
12181 11993 1
12118 11993 1
11982 11993 1
12185 11993 1
11794 11994 1
11982 11994 1
11896 11995 2
11982 11995 1
12315 11996 1
11763 11996 10
12106 11996 1
11995 11996 2
12125 11996 1
12078 11996 1
12245 11996 1
12160 11996 1
12043 11996 1
12150 11996 1
12227 11997 1
11999 11998 2
11723 11998 2
11713 11999 2
12220 12000 5
11722 12001 1
11759 12002 1
11955 12003 1
11693 12004 1
11940 12005 1
11816 12006 1
11964 12007 1
11722 12008 1
11783 12009 1
12000 12010 1
11693 12011 1
11815 12012 1
11713 12013 3
12012 12013 1
12241 12013 1
12183 12014 1
12012 12014 1
12029 12014 1
11960 12014 3
11960 12015 3
12029 12015 1
12012 12015 1
12183 12015 1
12183 12016 1
11960 12016 4
12029 12016 1
12012 12016 1
12067 12017 1
12222 12017 5
12016 12017 4
12012 12018 1
11835 12018 2
12080 12019 1
11969 12019 4
12012 12019 1
11845 12020 4
11833 12021 1
12157 12022 1
12021 12022 1
11835 12022 3
12237 12023 1
11835 12023 3
12176 12023 1
12021 12023 1
11722 12024 1
11887 12025 1
11884 12026 5
11701 12026 1
11875 12026 4
11722 12027 1
12220 12028 1
12220 12029 1
11701 12030 1
12125 12031 1
11754 12031 3
12210 12031 1
12030 12031 1
11957 12032 1
12030 12032 1
11957 12033 1
12030 12033 1
12289 12035 1
12053 12035 1
11924 12035 3
11887 12036 1
11833 12037 2
12206 12038 1
12176 12038 1
12037 12038 2
12329 12038 1
12239 12038 1
11835 12038 7
11942 12039 2
12109 12039 1
11898 12040 2
12040 12041 2
12209 12041 1
12049 12041 2
12000 12042 1
11921 12043 1
12089 12044 1
12043 12044 1
11912 12044 2
12043 12045 1
11912 12045 2
12089 12045 1
11835 12046 1
11899 12048 1
12048 12049 1
11914 12049 1
11850 12050 1
12052 12051 1
11604 12052 4
11693 12053 1
12053 12054 1
11688 12054 1
11924 12054 2
12000 12055 1
11843 12056 1
12227 12057 1
11706 12059 1
12147 12060 1
11794 12060 3
12059 12060 1
12327 12060 1
12059 12061 1
11794 12061 1
11693 12063 1
11960 12067 1
11713 12068 1
11835 12071 2
12237 12071 1
11894 12072 1
12166 12073 1
11834 12073 1
12072 12073 1
12019 12073 1
11602 12073 4
12293 12074 1
11822 12074 1
12222 12074 3
12220 12075 1
11955 12076 2
12227 12077 1
11761 12078 1
12078 12079 1
12150 12079 1
11763 12079 2
12000 12080 1
11964 12081 1
12231 12083 1
12083 12084 1
12231 12084 1
11845 12085 4
11594 12086 2
12125 12086 1
11713 12087 1
11894 12088 3
11955 12089 1
12089 12090 1
11912 12090 1
11693 12091 1
11722 12092 1
11886 12093 7
12095 12094 1
12190 12096 1
12222 12096 3
12094 12096 1
12096 12097 3
11756 12097 3
12096 12098 3
11756 12098 3
11791 12099 5
11791 12100 5
11791 12101 5
11886 12102 7
11791 12103 5
11722 12104 1
12178 12105 1
11697 12105 2
12104 12105 1
11816 12106 1
12205 12107 1
11985 12107 5
11688 12107 1
11694 12107 1
12228 12107 1
11946 12108 1
12228 12108 1
11940 12109 1
11942 12110 4
12109 12110 1
12332 12110 1
11693 12111 1
11761 12112 2
11763 12113 2
12112 12113 2
11942 12115 1
12293 12116 1
11822 12116 1
11946 12116 3
12227 12117 1
11706 12118 1
12120 12119 2
12202 12119 1
11722 12122 1
11701 12125 1
11912 12126 1
12125 12126 1
12125 12127 1
11981 12127 1
12125 12128 1
11981 12128 1
11919 12129 1
12129 12130 1
12188 12130 3
11837 12130 4
12188 12131 3
12129 12131 1
11837 12131 4
12013 12133 1
11713 12133 2
11761 12134 1
12251 12135 1
11763 12135 2
12134 12135 1
11850 12136 1
11894 12137 1
11816 12138 1
12165 12140 2
12139 12140 1
12220 12141 1
11835 12142 2
12172 12142 1
11833 12143 1
11722 12144 1
11887 12145 1
11779 12146 1
11706 12147 1
12000 12148 1
11722 12149 1
11722 12150 1
11826 12151 1
11694 12151 1
11694 12152 1
11826 12152 1
11694 12153 1
11826 12153 1
11694 12154 1
11826 12154 1
12227 12155 1
11706 12156 1
11833 12157 1
11761 12160 1
11833 12162 1
12052 12163 1
11873 12164 1
11894 12166 1
11722 12167 2
11887 12168 1
11846 12170 5
11887 12171 1
11887 12172 1
11604 12173 4
11944 12174 1
11868 12175 2
12268 12175 1
12174 12175 1
11833 12176 1
11887 12177 1
11701 12178 1
12178 12179 1
12026 12179 1
11706 12180 1
11706 12181 1
12235 12182 1
11794 12182 2
12181 12182 1
11706 12183 1
11873 12184 1
11706 12185 1
11706 12187 1
12295 12188 1
12187 12188 1
12231 12188 3
11894 12189 3
12220 12190 1
12000 12191 1
11713 12192 1
11843 12193 1
12227 12194 1
11759 12195 1
11761 12196 2
11706 12197 1
11794 12198 1
12197 12198 1
12170 12199 4
11846 12200 3
11964 12201 1
11706 12203 1
11794 12204 1
12203 12204 1
11693 12205 1
11833 12206 1
12206 12207 1
12239 12207 1
11835 12207 2
11900 12209 2
11914 12209 1
11898 12209 3
11927 12210 1
11722 12211 1
12227 12212 1
11894 12213 1
12173 12214 1
11787 12215 1
12215 12216 1
11597 12216 1
11706 12217 1
12232 12218 1
12218 12218 1
11882 12219 1
12220 12219 2
11697 12220 8
11816 12220 1
11693 12220 10
11783 12220 4
12222 12220 8
11887 12220 4
12000 12220 4
11964 12220 3
11817 12220 18
11803 12220 8
12222 12221 8
12219 12221 1
11918 12221 1
12230 12221 6
11693 12222 4
11860 12222 2
12220 12222 6
11823 12222 3
11919 12222 2
12095 12222 1
11873 12222 1
11960 12222 5
12227 12222 1
12231 12222 11
12219 12223 1
12230 12223 6
11918 12223 1
12224 12223 8
11919 12224 1
12272 12224 1
12231 12224 6
12103 12224 1
12220 12224 1
11788 12224 4
12070 12224 2
12219 12225 1
12220 12225 7
12007 12225 1
12250 12225 1
12141 12225 1
12081 12225 1
11963 12225 1
12075 12225 1
12227 12226 1
12220 12227 5
11785 12228 1
11775 12228 1
12273 12228 1
12316 12228 1
11842 12228 1
12251 12228 1
12051 12228 1
12056 12228 1
12163 12228 1
12144 12228 1
12306 12228 1
12007 12228 1
11907 12228 1
12193 12228 1
12226 12228 1
12245 12228 1
12315 12228 1
12008 12228 1
12002 12228 1
12229 12228 43
11936 12228 1
12122 12228 1
12149 12228 1
11716 12228 1
12294 12228 1
12150 12228 1
12201 12228 1
12291 12228 1
12211 12228 1
12001 12228 1
11721 12228 1
12106 12228 1
12292 12228 1
12104 12228 1
11772 12228 1
11778 12228 3
11759 12229 1
11706 12229 5
12052 12229 2
12227 12229 14
11873 12229 1
11817 12229 4
11783 12229 3
11816 12229 1
11843 12229 5
11887 12229 3
12000 12229 3
11964 12229 4
11693 12229 9
11722 12229 19
11995 12230 2
12231 12230 6
11768 12230 3
11896 12231 2
11706 12231 5
11604 12234 1
11706 12235 1
11833 12237 1
11706 12238 1
11833 12239 1
12227 12241 1
12052 12242 1
11881 12244 1
11722 12245 1
11701 12246 1
11953 12247 1
12246 12247 1
11706 12248 1
12248 12249 1
11794 12249 1
12220 12250 1
11722 12251 1
11706 12253 1
11964 12254 1
11835 12255 1
11693 12256 1
11706 12257 1
11594 12258 2
11880 12258 1
12268 12258 1
11701 12259 1
11979 12260 1
11979 12261 1
12260 12261 1
12260 12262 1
11979 12262 1
12266 12266 1
12267 12266 1
11713 12268 1
11763 12269 1
12268 12269 1
11706 12271 1
11693 12273 1
11833 12274 1
11955 12275 1
12220 12277 1
12277 12278 1
12222 12278 2
12278 12279 2
11787 12279 2
12278 12280 2
11787 12280 2
11787 12281 2
12278 12281 2
12278 12282 2
11787 12282 2
11758 12283 1
11881 12284 1
12000 12285 1
11834 12286 1
12255 12286 1
11894 12287 1
11706 12288 1
11823 12289 1
11761 12290 1
11843 12291 1
11693 12292 1
11693 12293 1
11843 12294 1
11706 12295 1
11693 12296 1
12227 12297 1
11955 12298 1
11688 12299 1
11924 12299 1
11688 12300 1
11924 12300 1
11924 12301 1
11688 12301 1
11833 12302 1
12302 12303 1
11835 12303 1
11873 12304 1
11722 12306 1
11894 12307 1
12224 12308 1
11722 12310 1
11873 12311 1
11783 12312 1
12227 12313 1
11761 12314 1
11722 12315 1
11722 12316 1
12272 12317 1
12272 12318 1
12272 12319 1
12272 12320 1
12272 12321 1
12272 12322 1
12272 12323 1
12272 12324 1
12272 12325 1
12272 12326 1
11706 12327 1
11761 12328 1
11833 12329 1
11894 12330 1
11843 12331 1
11783 12332 1
