46 33 9
48 33 3
37 33 3
74 33 2
35 34 1
68 35 1
67 35 3
37 36 3
65 36 1
34 36 1
35 37 1
66 37 1
45 38 3
36 38 3
33 38 15
47 38 3
69 38 2
86 38 2
79 38 2
76 38 1
75 38 1
65 39 1
40 39 4
36 39 3
66 40 1
37 40 3
42 41 10
39 41 4
80 41 3
70 41 3
40 42 4
81 42 3
71 42 3
39 43 4
40 43 4
39 44 4
40 44 4
34 45 1
46 45 3
91 45 1
35 46 1
78 46 4
90 47 1
48 47 3
34 47 1
35 48 1
89 48 1
47 49 3
50 49 4
90 49 1
48 50 3
89 50 1
50 51 4
49 51 4
50 52 4
49 52 4
49 53 4
50 53 4
50 54 4
49 54 4
50 55 4
49 55 4
49 56 4
50 56 4
49 57 4
50 57 4
49 58 4
50 58 4
49 59 4
50 59 4
50 60 4
49 60 4
62 61 3
47 61 3
48 62 3
64 63 3
47 63 3
48 64 3
66 65 1
46 69 2
77 69 1
71 70 3
69 70 2
77 70 1
78 71 1
46 71 2
71 72 3
70 72 3
71 73 3
70 73 3
74 75 1
74 76 1
78 77 1
88 79 1
46 79 2
88 80 1
79 80 2
81 80 3
78 81 1
46 81 2
80 82 3
81 82 3
80 83 3
81 83 3
80 84 3
81 84 3
87 86 1
46 86 2
78 87 1
78 88 1
89 90 1
78 91 1
