1338 1336 2
1341 1336 2
1337 1336 4
1446 1336 1
1340 1336 2
1339 1336 2
1343 1342 2
1460 1342 1
1336 1344 3
1344 1345 2
1336 1345 2
1344 1346 3
1336 1346 4
1336 1440 5
1346 1440 4
1336 1441 5
1440 1441 5
1336 1442 6
1453 1442 1
1440 1442 5
1440 1443 5
1453 1443 1
1336 1443 6
1453 1444 1
1440 1444 5
1336 1444 6
1446 1445 1
1457 1446 2
1336 1446 1
1464 1446 1
1463 1446 2
1336 1447 1
1445 1447 1
1336 1448 2
1452 1448 1
1445 1448 1
1445 1449 1
1336 1449 2
1336 1450 3
1449 1450 2
1462 1450 1
1336 1451 2
1452 1451 1
1445 1451 1
1336 1452 1
1336 1453 1
1453 1454 1
1336 1454 1
1465 1455 1
1336 1455 2
1336 1456 2
1455 1456 2
1457 1458 1
1460 1461 1
1343 1461 2
1336 1462 1
1336 1465 1
