1782 1024 1
1783 1024 2
1752 1025 1
1660 1026 1
1687 1027 1
1642 1028 1
1722 1029 1
1660 1030 1
1730 1031 1
1646 1032 1
1031 1032 1
1684 1033 1
1706 1034 1
1722 1035 1
1752 1037 1
1655 1040 1
1660 1041 1
1752 1042 1
1783 1043 1
1693 1044 1
1043 1044 1
1752 1046 1
1671 1047 1
1046 1047 1
1046 1048 1
1693 1048 1
1642 1641 1
1753 1643 1
1747 1643 1
1694 1643 1
1726 1643 1
1686 1643 1
1779 1643 1
1751 1643 1
1761 1643 1
1728 1643 1
1781 1643 1
1709 1643 1
1042 1643 1
1764 1643 1
1644 1643 26
1762 1643 1
1701 1643 1
1717 1643 1
1027 1643 1
1780 1643 1
1756 1643 1
1040 1643 1
1028 1643 1
1033 1643 1
1641 1643 1
1741 1643 1
1683 1643 1
1689 1643 1
1655 1644 2
1687 1644 10
1684 1644 3
1768 1644 1
1682 1644 1
1729 1644 1
1752 1644 2
1642 1644 5
1713 1644 1
1026 1645 1
1034 1645 1
1756 1645 1
1782 1645 1
1668 1645 1
1641 1645 1
1041 1645 1
1698 1645 9
1033 1645 1
1762 1645 1
1763 1645 1
1708 1645 1
1646 1645 23
1043 1645 1
1717 1645 1
1046 1645 1
1671 1646 6
1706 1646 2
1783 1646 3
1669 1646 2
1752 1646 2
1699 1646 9
1687 1646 10
1660 1646 2
1642 1646 4
1684 1646 3
1730 1646 1
1652 1647 1
1753 1647 1
1646 1647 4
1780 1647 1
1641 1647 1
1782 1648 1
1764 1648 1
1726 1648 1
1646 1648 4
1641 1648 1
1650 1649 3
1642 1652 1
1655 1654 1
1697 1656 1
1773 1656 1
1657 1656 8
1654 1656 1
1739 1656 1
1701 1656 1
1040 1656 1
1732 1656 1
1767 1656 1
1658 1657 1
1655 1657 7
1660 1659 1
1783 1660 2
1030 1661 1
1659 1661 1
1041 1661 1
1770 1661 2
1660 1661 6
1661 1662 6
1663 1662 6
1660 1663 9
1665 1664 2
1659 1664 1
1668 1664 1
1660 1665 1
1669 1665 1
1668 1666 1
1665 1666 2
1659 1666 1
1663 1667 5
1770 1667 2
1026 1667 1
1659 1667 1
1030 1667 1
1669 1668 1
1708 1670 1
1671 1670 3
1763 1670 1
1668 1670 1
1706 1671 2
1752 1671 4
1669 1671 2
1673 1672 3
1663 1674 1
1669 1675 1
1675 1676 1
1677 1676 1
1669 1677 2
1706 1677 2
1679 1678 2
1675 1678 1
1026 1678 1
1669 1679 1
1660 1679 1
1681 1680 2
1750 1680 1
1684 1683 1
1689 1685 1
1027 1685 1
1757 1685 2
1760 1685 4
1646 1685 13
1694 1685 1
1756 1685 1
1709 1685 1
1686 1685 1
1683 1685 1
1687 1686 1
1646 1688 5
1686 1688 1
1756 1688 1
1689 1688 1
1694 1688 1
1027 1688 1
1687 1689 1
1042 1690 1
1689 1690 1
1646 1690 4
1757 1690 2
1646 1691 2
1689 1691 1
1709 1691 1
1650 1692 3
1783 1693 1
1650 1693 3
1752 1693 1
1687 1694 1
1694 1695 1
1646 1695 2
1741 1695 1
1655 1697 1
1732 1698 1
1697 1698 1
1699 1698 9
1767 1698 1
1773 1698 1
1040 1698 1
1739 1698 1
1701 1698 1
1721 1698 1
1658 1699 1
1655 1699 6
1722 1699 2
1646 1700 9
1698 1700 9
1655 1701 1
1657 1702 2
1040 1702 1
1701 1702 1
1701 1703 1
1657 1703 1
1029 1704 1
1699 1704 3
1701 1704 1
1040 1704 1
1706 1705 1
1677 1707 1
1705 1707 1
1669 1708 1
1687 1709 1
1660 1710 2
1782 1710 1
1710 1711 2
1663 1711 2
1713 1712 1
1748 1714 2
1715 1714 6
1029 1714 1
1712 1714 1
1721 1714 1
1035 1714 1
1722 1715 3
1713 1715 2
1642 1717 1
1672 1718 1
1718 1719 1
1720 1719 1
1672 1720 1
1722 1721 1
1650 1723 3
1725 1724 2
1750 1724 1
1687 1726 1
1726 1727 1
1024 1727 2
1764 1727 1
1646 1727 4
1729 1728 1
1731 1730 4
1655 1732 1
1732 1733 1
1767 1733 1
1773 1733 1
1657 1733 3
1669 1734 1
1734 1735 1
1677 1735 1
1734 1736 1
1737 1736 2
1030 1736 1
1660 1737 1
1669 1737 1
1658 1739 1
1650 1740 3
1687 1741 1
1650 1742 3
1650 1743 3
1650 1744 3
1650 1745 3
1650 1746 3
1713 1747 1
1715 1748 2
1747 1748 1
1752 1751 1
1758 1752 1
1687 1753 1
1706 1754 1
1754 1755 1
1677 1755 1
1642 1756 1
1671 1757 2
1034 1757 1
1752 1759 1
1759 1760 1
1025 1760 1
1037 1760 1
1671 1760 4
1682 1761 1
1684 1762 1
1706 1763 1
1687 1764 1
1660 1765 2
1752 1765 1
1655 1767 1
1043 1770 1
1660 1770 2
1765 1771 3
1046 1771 1
1770 1771 2
1770 1772 2
1765 1772 3
1046 1772 1
1655 1773 1
1773 1774 1
1657 1774 1
1776 1777 1
1045 1777 2
1768 1779 1
1687 1780 1
1642 1781 1
1783 1782 1
