7916 7915 5
7917 7918 3
7919 7920 3
7922 7921 3
7924 7923 3
7982 7923 1
7927 7926 1
7926 7928 1
7927 7928 1
7930 7929 1
7926 7929 1
7927 7930 1
8011 7932 2
7920 7932 3
7932 7933 3
8011 7933 2
7920 7933 4
7933 7934 4
7920 7934 5
7934 7935 5
7920 7935 6
7937 7936 6
7935 7936 6
7920 7936 7
7920 7937 6
7934 7937 5
8081 7938 1
7939 7938 2
7986 7940 1
7941 7940 2
7943 7942 1
7942 7944 1
7945 7944 1
7943 7945 1
7942 7946 1
7947 7946 1
7943 7947 1
7947 7948 1
7942 7948 1
7942 7949 1
7947 7949 1
7952 7950 4
7951 7950 4
8028 7951 1
7940 7951 1
8005 7951 5
7950 7952 4
8072 7952 2
7951 7952 4
7955 7954 3
7956 7954 1
7922 7958 3
7960 7959 4
7967 7959 1
7959 7961 4
8068 7961 1
7915 7963 4
7965 7964 3
7965 7966 3
7971 7968 1
7968 7969 4
7971 7970 1
7968 7972 1
7970 7972 1
7970 7973 1
7974 7973 1
7971 7974 1
7976 7975 1
7978 7977 1
7975 7977 1
7982 7978 1
7976 7978 1
7951 7979 1
7981 7980 3
7979 7980 1
7951 7980 3
7980 7981 3
7951 7981 3
7947 7982 4
7984 7985 1
7986 7987 1
7978 7989 4
7992 7991 6
7940 7991 1
7993 7992 13
7995 7994 3
8047 7994 2
8004 7995 4
8040 7995 2
7994 7996 3
7995 7996 4
7995 7997 4
7996 7997 4
7995 7998 4
7996 7998 4
7995 7999 4
7996 7999 4
8000 8001 1
8001 8002 1
8017 8002 4
7966 8004 1
7992 8005 6
7993 8005 5
8007 8008 3
8049 8008 1
8009 8010 3
7918 8010 1
7920 8011 2
8084 8011 1
8015 8014 1
8023 8015 3
8014 8016 1
8015 8016 1
8018 8017 4
8000 8017 1
7991 8020 5
8028 8020 1
8021 8020 5
7992 8021 6
8025 8024 4
8026 8025 5
7924 8027 3
7984 8028 1
8029 8028 2
8067 8033 2
8032 8033 1
7918 8034 1
8010 8035 1
8034 8035 1
8037 8036 3
7966 8040 1
7993 8042 3
7940 8042 1
7993 8043 3
7958 8045 1
7958 8046 1
8045 8046 1
8089 8047 1
8040 8047 2
8028 8050 1
8052 8051 1
8050 8051 1
8028 8052 1
7927 8052 1
8050 8053 1
7951 8053 1
8050 8054 1
8052 8054 1
8050 8055 1
7951 8055 1
8050 8056 1
8020 8056 1
7964 8057 1
8089 8058 1
8057 8058 1
8059 8058 2
7964 8059 1
7966 8059 1
7982 8060 1
8060 8061 1
7923 8061 1
7982 8062 1
8060 8062 1
8060 8063 1
7923 8063 1
7923 8064 1
8060 8064 1
7967 8068 1
7940 8069 1
8069 8070 1
8042 8070 1
8069 8071 1
7951 8071 1
8069 8072 1
7951 8072 2
8069 8073 1
8042 8073 1
8069 8074 1
8042 8074 1
7951 8075 1
8069 8075 1
8042 8076 1
8069 8076 1
7991 8077 1
8069 8077 1
7991 8078 1
8069 8078 1
8042 8079 1
8069 8079 1
8081 8082 1
7920 8084 1
7966 8089 1
8004 8090 1
8089 8090 1
8089 8091 1
8004 8091 1
8032 8093 1
7989 8094 1
7989 8095 1
8094 8095 1
7927 8096 1
7927 8097 1
8096 8097 1
8096 8098 1
8099 8098 1
7927 8099 1
7927 8100 1
8096 8100 1
8102 8101 1
8096 8101 1
7927 8102 1
8096 8103 1
7927 8103 1
8096 8104 1
8052 8104 1
7982 8156 1
8156 8157 1
7978 8157 1
7915 8159 1
7915 8160 1
8159 8160 1
8162 8161 1
8159 8161 1
7915 8162 1
7915 8163 1
8159 8163 1
8165 8164 1
8159 8164 1
7915 8165 1
