9411 7134 2
19134 7134 1
9517 7135 1
7136 7135 3
19125 7137 1
7137 7138 1
7139 7138 1
19125 7139 1
8447 7141 1
8336 7142 1
8348 7144 1
9540 7146 1
7146 7147 1
9540 7147 2
9540 7148 1
7150 7149 1
11897 7150 1
7161 7150 1
8336 7150 1
7304 7150 1
8551 7150 1
8390 7150 1
9480 7150 3
11896 7150 1
8546 7150 1
7149 7151 1
8353 7151 2
7241 7152 1
8447 7152 5
7165 7152 1
7238 7152 1
7151 7152 2
7149 7153 1
8336 7153 1
9428 7155 1
9428 7156 1
7155 7156 1
7286 7159 2
7158 7159 1
8336 7163 1
8488 7164 2
7163 7164 1
7166 7165 1
8447 7167 3
7165 7167 1
7238 7167 1
7241 7167 1
7293 7168 1
7220 7168 1
7165 7168 1
8393 7168 3
7165 7169 1
7293 7169 1
8393 7169 2
8393 7170 2
7165 7170 1
7293 7170 1
8393 7171 2
7165 7171 1
7293 7171 1
7165 7172 1
8393 7172 2
7293 7172 1
7165 7173 1
8393 7173 2
7293 7173 1
7293 7174 1
8393 7174 2
7165 7174 1
7165 7175 1
8393 7175 2
7293 7175 1
7293 7176 1
8393 7176 2
7165 7176 1
8393 7177 2
7293 7177 1
7165 7177 1
7165 7178 1
7293 7178 1
8393 7178 2
9461 7180 1
8483 7180 1
8473 7181 2
7341 7181 1
7331 7182 1
7355 7182 1
7181 7182 2
8447 7182 4
11855 7183 1
8432 7184 1
8432 7185 5
7360 7185 2
7377 7185 1
7207 7185 1
7184 7185 1
7184 7186 1
8432 7186 4
7202 7186 2
9570 7187 4
7186 7187 4
7190 7189 3
7191 7189 3
9480 7189 3
9455 7192 4
8507 7194 1
8393 7195 1
7194 7195 1
7194 7196 1
8393 7196 1
7236 7197 1
8393 7197 4
7194 7197 1
7377 7197 1
19114 7197 1
8393 7198 1
7194 7198 1
8393 7199 1
7194 7199 1
8512 7200 1
7200 7201 1
8457 7201 1
7358 7202 1
8432 7202 2
11833 7203 1
7250 7204 1
8377 7204 2
7204 7205 2
8353 7205 2
8407 7206 3
7204 7206 2
8432 7207 1
8419 7209 1
8386 7210 1
8327 7211 1
7210 7211 1
7210 7212 1
7213 7212 1
8386 7213 1
7210 7214 1
8327 7214 1
11824 7219 1
8507 7220 1
11783 7221 1
8497 7222 1
8517 7223 1
9428 7226 1
11746 7227 1
7227 7228 1
11746 7228 1
8481 7229 1
9471 7230 2
7229 7230 1
9575 7231 1
9575 7232 1
7231 7232 1
8323 7233 1
11776 7236 1
8336 7237 1
8419 7238 1
8447 7239 2
7238 7239 1
7241 7239 1
7238 7240 1
8447 7240 2
7241 7240 1
7242 7241 1
8512 7245 1
8353 7246 1
7245 7246 1
9421 7247 1
8377 7248 1
8390 7249 1
8336 7250 3
7250 7251 1
8336 7251 2
7252 7253 3
8470 7254 1
11825 7255 1
7255 7256 1
11825 7256 1
8336 7258 1
8507 7261 1
8507 7262 3
7261 7262 1
7285 7262 1
8353 7264 1
9411 7265 1
8459 7266 1
7266 7267 1
8505 7267 1
11824 7268 1
11809 7269 1
7268 7269 1
9539 7270 1
9539 7271 1
7270 7271 1
7371 7272 1
7385 7272 1
9483 7272 3
8533 7273 1
7309 7274 1
7273 7274 1
8490 7274 2
8490 7275 1
7273 7275 1
11776 7276 1
7276 7277 1
8353 7277 1
7377 7278 1
8432 7278 2
8481 7279 1
8481 7281 1
7281 7282 1
8481 7282 1
8343 7283 1
7283 7284 1
8348 7284 1
8507 7285 1
11754 7287 1
7289 7288 1
7287 7288 1
11754 7289 1
9499 7290 1
7287 7290 1
7287 7291 1
7289 7291 1
8507 7293 1
8393 7294 1
7293 7294 1
8393 7295 1
7293 7295 1
8533 7297 1
7301 7300 3
9455 7302 1
9455 7303 1
7302 7303 1
8554 7306 1
8554 7307 1
7306 7307 1
8353 7308 1
8533 7309 1
8470 7313 1
9590 7317 1
11778 7318 1
8377 7319 1
8377 7320 1
7319 7320 1
8498 7321 1
9417 7322 1
9489 7325 1
9489 7326 1
7325 7326 1
8377 7327 1
7330 7329 3
8419 7331 1
7331 7332 1
8447 7332 1
8407 7333 1
8500 7334 1
8442 7335 1
8395 7336 1
7336 7337 1
8457 7337 1
7336 7338 1
8353 7338 1
8457 7339 1
7336 7339 1
19125 7340 1
7336 7340 1
8470 7341 1
8407 7342 1
8447 7343 1
7343 7344 1
8507 7344 1
9517 7345 1
7135 7346 1
7345 7346 1
7345 7347 1
7135 7347 1
7370 7348 1
11856 7348 2
8528 7349 2
7348 7349 2
9575 7350 1
7350 7351 1
8457 7351 1
11778 7352 1
8419 7353 1
9513 7354 1
8336 7355 1
7355 7356 1
7150 7356 1
8377 7357 2
7355 7357 1
8432 7358 1
7358 7359 1
11751 7359 1
8432 7360 2
7377 7360 1
7145 7362 1
8336 7363 1
11726 7365 1
8442 7366 1
9517 7369 1
8353 7370 1
9483 7371 1
8459 7372 1
8505 7373 1
7372 7373 1
8323 7375 1
8353 7376 1
8432 7377 1
8517 7378 1
9482 7379 1
7378 7379 1
7378 7380 1
9482 7380 1
9540 7381 1
7147 7381 1
7147 7382 1
7148 7382 1
7150 7383 1
8507 7384 1
9483 7385 1
8323 7386 1
8325 7387 1
7386 7387 1
8318 8317 1
8318 8319 1
8317 8319 1
8321 8320 2
11823 8320 1
8323 8322 1
11858 8323 1
7218 8323 2
8528 8323 4
7386 8324 1
8325 8324 2
8322 8324 1
8323 8325 5
8470 8325 2
8336 8325 2
8466 8325 1
7150 8325 1
8447 8325 7
8327 8326 1
8390 8327 1
19124 8327 3
8386 8327 1
8329 8328 3
8326 8328 1
11735 8328 1
11736 8329 1
8327 8329 1
8328 8330 3
8331 8330 3
8470 8331 2
8466 8331 1
8329 8331 3
8424 8331 3
8497 8331 2
8336 8331 1
8331 8332 3
8328 8332 3
8331 8333 3
8328 8333 3
8331 8334 3
8328 8334 3
8336 8335 1
7150 8336 1
8442 8336 2
8377 8336 2
7314 8336 1
7315 8336 1
9526 8336 1
8505 8336 4
8501 8336 4
7260 8336 2
8504 8336 1
8338 8336 5
8503 8336 1
7259 8336 2
7258 8337 1
7278 8337 2
8338 8337 4
8335 8337 1
9523 8338 3
8544 8338 3
9428 8338 3
8336 8338 3
8442 8338 2
8386 8338 3
8496 8338 7
8502 8338 8
8432 8338 2
8390 8338 3
7149 8339 1
8335 8339 1
8340 8339 9
11844 8339 1
8336 8339 9
11806 8339 1
7237 8339 1
8336 8340 9
8339 8340 9
7142 8340 1
7250 8340 1
8335 8340 1
7250 8341 1
7149 8341 1
9533 8341 1
8403 8341 3
11806 8341 1
8340 8341 9
8387 8341 13
7335 8341 1
19131 8341 1
8336 8341 17
8343 8342 11
8340 8342 9
7283 8342 1
8390 8343 1
8542 8343 3
8336 8343 16
8548 8343 1
8544 8343 1
8442 8343 1
8535 8343 3
8551 8343 1
8543 8343 1
7150 8343 1
8549 8343 1
8550 8343 1
8547 8343 1
8546 8343 1
11746 8343 1
11745 8344 1
8345 8344 12
8342 8344 11
8343 8345 11
8377 8345 1
8343 8346 13
8340 8346 9
7283 8346 1
7250 8346 1
7149 8346 1
9533 8346 1
8346 8347 13
8348 8347 14
11771 8348 3
8343 8348 15
8364 8349 17
8351 8349 15
11735 8349 1
8347 8349 14
7204 8349 2
8350 8349 28
8406 8349 6
8433 8349 5
11736 8350 1
8348 8350 18
8407 8350 6
8377 8350 2
8353 8350 5
8347 8351 14
8348 8351 15
8353 8352 18
8351 8352 15
7149 8352 1
7181 8352 2
7254 8352 1
8554 8353 1
8432 8353 5
8348 8353 18
8430 8353 2
7150 8353 1
8494 8353 3
8512 8353 1
8497 8353 2
7166 8353 1
9585 8353 2
8407 8353 17
9406 8353 1
8442 8353 2
8336 8353 2
8338 8353 3
8377 8353 2
8481 8353 5
8395 8353 1
8320 8353 1
11736 8353 1
8470 8353 1
9421 8353 2
8424 8353 5
11776 8353 1
8473 8353 2
7323 8353 1
7204 8354 2
8364 8354 17
8406 8354 6
8347 8354 14
8433 8354 5
8350 8354 28
11735 8354 1
8351 8354 15
8351 8355 15
8433 8355 5
8364 8355 17
11735 8355 1
8350 8355 29
8347 8355 14
7204 8355 2
8406 8355 6
8355 8356 29
8350 8356 29
8355 8357 29
8350 8357 29
8355 8358 29
8350 8358 29
8350 8359 29
8355 8359 29
8351 8360 15
8353 8360 15
8353 8361 15
8351 8361 15
8351 8362 15
8353 8362 15
8351 8363 15
8353 8363 15
8348 8364 17
8404 8364 5
8347 8364 14
8364 8365 17
8353 8365 18
11735 8366 1
8365 8366 18
8552 8366 1
8353 8366 21
8353 8367 22
8366 8367 21
8368 8367 18
8353 8368 18
8364 8368 17
8364 8369 17
8353 8369 18
7264 8370 1
11737 8370 2
8369 8370 18
7181 8370 2
7336 8370 1
8353 8370 24
8364 8371 17
8348 8371 18
8373 8372 18
8371 8372 18
8348 8373 18
8543 8373 3
8335 8374 1
7250 8374 1
19131 8374 1
8336 8374 12
8340 8374 9
7149 8374 1
8335 8375 1
7363 8375 1
9567 8375 1
7149 8375 1
7355 8375 1
7251 8375 2
8340 8375 9
8336 8375 22
7250 8375 1
7335 8375 1
11753 8375 3
11760 8375 1
8374 8375 12
8387 8375 13
7357 8376 2
8377 8376 15
8374 8376 12
7310 8377 1
7312 8377 1
9488 8377 1
8336 8377 18
8386 8377 1
7150 8377 1
8550 8377 1
8535 8377 3
9517 8377 2
8544 8377 1
7311 8377 1
8442 8377 3
8406 8378 6
9445 8378 12
8519 8378 4
7313 8378 1
8379 8378 38
8376 8378 15
9481 8378 2
7333 8378 1
7254 8378 1
8470 8379 2
8517 8379 4
8377 8379 15
8407 8379 7
9482 8379 2
8353 8379 12
8340 8380 9
11780 8380 2
9533 8380 1
8441 8380 1
8343 8380 14
8343 8381 14
8380 8381 14
8377 8382 9
8340 8382 9
8339 8383 9
8384 8383 13
8387 8383 13
8537 8384 3
8336 8384 13
8386 8385 12
11826 8385 2
8339 8385 9
7210 8385 1
8407 8386 9
8432 8386 3
8336 8386 9
9421 8386 2
7237 8387 1
8339 8387 9
9567 8387 1
7250 8387 3
8336 8387 13
8343 8388 13
8387 8388 13
11800 8389 2
8390 8389 7
8335 8389 1
9556 8389 2
8465 8389 1
7250 8389 1
8545 8390 13
8470 8390 2
8331 8390 13
8466 8390 1
8497 8390 3
8336 8390 3
8544 8390 13
8335 8391 1
8353 8391 2
8444 8392 10
9442 8392 9
7377 8392 1
11900 8392 1
7207 8392 1
8391 8392 2
7194 8392 1
7342 8392 1
7384 8392 1
8393 8392 30
11734 8392 1
9445 8392 12
7360 8392 2
11857 8392 1
8335 8392 1
7236 8392 1
9553 8392 2
8432 8393 5
11824 8393 1
8554 8393 1
9406 8393 1
8459 8393 4
11776 8393 1
8353 8393 27
8507 8393 10
8407 8393 11
8336 8393 5
7166 8393 1
9409 8393 2
7145 8393 1
8395 8394 2
11735 8394 1
8335 8394 1
19124 8395 3
8336 8395 1
11736 8395 1
8335 8396 1
8397 8396 2
8336 8397 1
8396 8398 2
8335 8398 1
8397 8398 3
8400 8399 10
7341 8399 1
8513 8399 6
8398 8399 3
8470 8400 1
8320 8400 1
8453 8400 19
9575 8400 1
9531 8400 1
8397 8400 3
8512 8400 3
8396 8401 2
8400 8401 3
9574 8401 1
8335 8402 1
8353 8402 1
8335 8403 1
8336 8403 3
7142 8403 1
8403 8404 3
11806 8404 1
8343 8404 5
7357 8405 2
8377 8405 5
8335 8405 1
7248 8405 1
8407 8406 6
8405 8406 5
7298 8407 2
9517 8407 1
8336 8407 1
8377 8407 9
8442 8407 1
7143 8407 1
8406 8408 6
8409 8408 6
8407 8409 6
8406 8410 6
8429 8410 2
8353 8410 10
7204 8410 2
8406 8411 6
8438 8411 2
8353 8411 8
8377 8412 3
8335 8412 1
11760 8412 1
7149 8412 1
8377 8413 2
11760 8413 1
8335 8413 1
7355 8414 1
8335 8414 1
8353 8414 2
8335 8415 1
8325 8415 2
8415 8416 2
8445 8416 15
7262 8416 3
8506 8416 5
8417 8416 25
9415 8416 2
8447 8417 4
7216 8417 3
8325 8417 4
8393 8417 17
8507 8417 6
8419 8417 6
8419 8418 2
8415 8418 2
7208 8419 2
8325 8419 2
11858 8419 1
8528 8419 4
8335 8420 1
8353 8420 1
7194 8421 1
8393 8421 3
8335 8421 1
9458 8421 1
8331 8422 4
9490 8422 3
8335 8422 1
9490 8423 3
8335 8423 1
8424 8423 5
8526 8424 2
11756 8424 1
8336 8424 1
8353 8425 6
8423 8425 5
7165 8425 1
11735 8426 1
8427 8426 6
9556 8426 2
11800 8426 2
8335 8426 1
11736 8427 1
8497 8427 2
8390 8427 6
8470 8427 2
8336 8427 1
8377 8428 1
8430 8429 2
8428 8429 1
8377 8430 1
8432 8431 5
9502 8431 3
8429 8431 2
8338 8432 5
8430 8432 2
8544 8432 1
9525 8432 1
9488 8432 1
8517 8432 6
8377 8432 3
9526 8432 1
8429 8433 2
8353 8433 5
7204 8433 2
8429 8434 2
8353 8434 3
8434 8435 3
8353 8435 6
7204 8435 2
8436 8435 3
8429 8436 2
8353 8436 3
8429 8437 2
8353 8437 2
8407 8438 2
8428 8438 1
8407 8439 2
7327 8439 1
8428 8439 1
8442 8441 1
9508 8442 1
9507 8442 1
9506 8442 1
7251 8443 2
7369 8443 1
11753 8443 3
11772 8443 1
11760 8443 1
8377 8443 10
8441 8443 1
7366 8443 1
7345 8443 1
11772 8444 1
8441 8444 1
8353 8444 10
9529 8444 2
7185 8444 5
11846 8444 1
7236 8445 1
11901 8445 2
8393 8445 15
7377 8445 1
19114 8445 1
8444 8445 10
7181 8446 2
7354 8446 1
7355 8446 1
7331 8446 1
7236 8446 1
8447 8446 20
11810 8446 2
8444 8446 10
11901 8446 2
11824 8447 1
8353 8447 12
8432 8447 1
7166 8447 1
9585 8447 2
8419 8447 10
8393 8447 6
11903 8447 3
8466 8447 1
8459 8447 2
8336 8447 1
8473 8447 2
7150 8447 1
11776 8447 1
7242 8447 1
9513 8447 1
19114 8448 1
11730 8448 1
7236 8448 1
11901 8448 2
8444 8448 10
8393 8448 16
7377 8448 1
7194 8448 1
9553 8449 2
8393 8449 13
7194 8449 1
8444 8449 10
7194 8450 1
11900 8450 1
8444 8450 10
11901 8450 2
8393 8450 13
19114 8451 1
8444 8451 10
7331 8451 1
7377 8451 1
8447 8451 15
11901 8451 2
7355 8451 1
9554 8452 3
8444 8452 10
8455 8452 19
9573 8452 2
11793 8452 1
8453 8452 19
9529 8452 2
8538 8452 1
8400 8453 2
8459 8453 2
8353 8453 10
8338 8453 2
11888 8453 3
9539 8453 2
8400 8454 21
8452 8454 19
11875 8454 2
8452 8455 19
8453 8455 19
8457 8456 19
8455 8456 19
8512 8457 1
9575 8457 2
8338 8457 1
8453 8457 19
8395 8457 1
11736 8457 1
9471 8457 8
9438 8458 1
11753 8458 3
7206 8458 3
11730 8458 1
9439 8458 4
8459 8458 14
9442 8458 9
8441 8458 1
11772 8458 1
8442 8459 2
7243 8459 1
9486 8459 2
9487 8459 1
9484 8459 2
9488 8459 1
8551 8459 1
9510 8459 1
8546 8459 1
7190 8459 1
8377 8459 1
8407 8459 10
8550 8459 1
9485 8459 2
8336 8459 4
9529 8460 2
8338 8460 4
7377 8460 1
11772 8460 1
8441 8460 1
8338 8461 3
11772 8461 1
8441 8461 1
8338 8462 3
8461 8462 3
8464 8463 2
7215 8463 1
8466 8465 1
8541 8466 2
11823 8466 1
8465 8467 1
8468 8467 1
8466 8468 1
8465 8469 1
8470 8469 2
7304 8470 1
8550 8470 1
8390 8470 1
7305 8470 1
8496 8470 3
9526 8470 1
7161 8470 1
8466 8470 1
8470 8471 2
8469 8471 2
8473 8472 1
8465 8472 1
8470 8473 1
8466 8473 1
8465 8474 1
8331 8474 1
8465 8475 1
8331 8475 1
8465 8476 1
8325 8476 3
7375 8476 1
7355 8476 1
7375 8477 1
7233 8477 1
9556 8477 2
8325 8477 12
8465 8477 1
7149 8477 1
8525 8477 7
9556 8478 2
8465 8478 1
8331 8478 3
8465 8479 1
7331 8479 1
9566 8479 1
8447 8479 9
8508 8479 6
9466 8480 5
9461 8480 1
8481 8480 6
11729 8481 3
7296 8481 1
8483 8482 7
11790 8482 1
8480 8482 6
9483 8483 5
8481 8483 9
9411 8483 6
8485 8484 1
8485 8486 1
8484 8486 1
11881 8487 1
8484 8487 1
8488 8487 3
11746 8488 1
9585 8488 1
8500 8488 1
8336 8488 1
8499 8488 1
8338 8488 1
8348 8488 1
9417 8488 3
11824 8488 1
8485 8488 1
8498 8488 1
8470 8488 1
11854 8489 1
7164 8489 2
8488 8489 14
11768 8489 1
9416 8489 1
8487 8489 3
9425 8489 6
8533 8490 4
8492 8491 3
11735 8493 1
8494 8493 2
11736 8494 1
8353 8495 2
8493 8495 2
8390 8497 1
9428 8497 1
11897 8497 1
7160 8497 1
7162 8497 1
8544 8497 1
8496 8497 3
7161 8497 1
8551 8497 1
8546 8497 1
9435 8498 1
8496 8498 3
8544 8499 1
8496 8499 3
8336 8500 1
8544 8500 1
9526 8500 1
8496 8500 3
8407 8502 1
8459 8505 2
7285 8506 1
9437 8506 3
8507 8506 5
8447 8507 1
8528 8507 4
7235 8507 2
11858 8507 1
8506 8508 5
8393 8508 6
9527 8509 1
7265 8509 1
8483 8509 3
8509 8510 3
8483 8510 8
9461 8510 1
9466 8510 5
7378 8511 1
7245 8511 1
8512 8511 3
8517 8512 1
8537 8512 3
7245 8513 1
8511 8513 3
8400 8513 6
11874 8513 2
8512 8514 3
8511 8514 3
8432 8515 1
8517 8516 1
8515 8516 1
8432 8517 2
8544 8517 1
9487 8517 1
8535 8517 3
8551 8517 1
11809 8517 4
9488 8517 1
8517 8518 2
8515 8518 1
8518 8519 2
9559 8519 1
8517 8519 4
8519 8520 4
8432 8520 4
7209 8521 1
8419 8521 2
8521 8522 2
8419 8522 3
8419 8523 5
9477 8523 1
8522 8523 3
8417 8524 9
8523 8524 5
7141 8524 1
11728 8524 2
9478 8524 3
7149 8525 1
8523 8525 5
8447 8525 7
8528 8527 2
7183 8527 1
11855 8528 1
11856 8528 2
11786 8528 2
7154 8528 3
8323 8529 2
8527 8529 2
8527 8530 2
8419 8530 2
8507 8531 2
8527 8531 2
8533 8532 2
8527 8532 2
7179 8533 2
11858 8533 1
8528 8533 4
8535 8534 3
8544 8534 1
8537 8536 3
8453 8538 1
11830 8539 1
8393 8539 2
7343 8540 1
8417 8540 3
8539 8540 2
8338 8552 1
11735 8553 1
8552 8553 1
8554 8553 2
11736 8554 1
8338 8554 1
8544 8554 1
9501 8554 3
8457 8555 1
8552 8555 1
8552 8556 1
8457 8556 2
11735 8556 1
8552 9405 1
8457 9405 1
9408 9407 3
8427 9407 7
19134 9410 1
9411 9410 2
8483 9411 4
9579 9412 2
7134 9412 2
7385 9412 1
7272 9412 3
9410 9412 2
19134 9412 1
8483 9412 9
9412 9413 9
9414 9413 9
19134 9413 1
9411 9414 1
8483 9414 10
8447 9415 2
7353 9415 1
9417 9416 1
9506 9417 1
9507 9417 1
8544 9417 1
8400 9418 5
9420 9418 5
9418 9419 5
8400 9419 5
9419 9420 5
8400 9420 5
11875 9420 2
9422 9421 3
8544 9421 1
8499 9423 1
7334 9424 1
7321 9424 1
9423 9424 1
7254 9424 1
11822 9424 1
8488 9424 5
7334 9425 1
7254 9425 1
9423 9425 1
7321 9425 1
8488 9425 6
11822 9425 1
9428 9427 1
9522 9428 5
9520 9428 5
9521 9428 5
8427 9428 7
9519 9428 7
9428 9429 2
9427 9429 1
7226 9429 1
9431 9432 3
8500 9433 1
19131 9434 1
9433 9434 1
8500 9434 2
7261 9436 1
8507 9436 2
9436 9437 2
8507 9437 3
8407 9438 1
8407 9439 4
7204 9439 2
9438 9439 1
7194 9440 1
9439 9440 4
11901 9440 2
8393 9440 12
7185 9440 5
7360 9440 2
7165 9441 1
11804 9441 2
9439 9441 4
8393 9441 10
7360 9441 2
7293 9441 1
7366 9442 1
7369 9442 1
8407 9442 9
7206 9442 3
7204 9442 2
7327 9442 1
9439 9442 4
8393 9443 20
9445 9443 12
7185 9443 5
7207 9443 1
11769 9443 1
7236 9443 1
11901 9443 2
7194 9443 1
7206 9443 3
9442 9443 9
7293 9444 1
9442 9444 9
11860 9444 2
7165 9444 1
11769 9444 1
7360 9444 2
8393 9444 16
9442 9445 9
7360 9445 2
8353 9445 12
9439 9445 4
8393 9446 12
9445 9446 12
9445 9447 12
7194 9447 1
8393 9447 13
7377 9448 1
7360 9448 2
8386 9448 12
9442 9448 9
9439 9448 4
7207 9448 1
11901 9449 2
8459 9449 11
9442 9449 9
9439 9450 4
8459 9450 6
11901 9450 2
9438 9451 1
8459 9451 1
8459 9452 1
9438 9452 1
8502 9453 1
9438 9453 1
8502 9454 1
9438 9454 1
9457 9455 2
9456 9455 5
9406 9458 1
8353 9459 7
9458 9459 1
9466 9459 5
11769 9459 1
9458 9460 1
7194 9460 1
8393 9460 2
8481 9461 4
9461 9462 1
9463 9462 1
8481 9463 1
9461 9464 1
9466 9464 5
8481 9464 5
11790 9465 1
9464 9465 5
8483 9465 6
9461 9466 1
9464 9466 5
7229 9466 1
8481 9466 5
7229 9467 1
9466 9467 5
8483 9467 10
7272 9467 3
7279 9467 1
11820 9467 1
8483 9468 6
9466 9468 5
9461 9468 1
7229 9469 1
9466 9469 5
8483 9469 5
9466 9470 5
9471 9470 5
8481 9471 6
9466 9472 5
9471 9472 6
7230 9473 2
9528 9473 1
8457 9473 8
9472 9473 6
8483 9474 5
9466 9474 5
9417 9475 1
9517 9475 1
11778 9475 1
9457 9475 4
7374 9476 1
8419 9477 1
7209 9478 1
8419 9478 3
9477 9478 1
9480 9479 3
9421 9479 1
7302 9481 1
9482 9481 2
9455 9482 1
8517 9482 1
9562 9483 2
8483 9483 4
7157 9483 1
8424 9490 3
9498 9490 3
8353 9491 4
9490 9491 3
9491 9492 4
8353 9492 4
9490 9493 3
8353 9493 3
9490 9494 3
8353 9494 3
9490 9495 3
8353 9495 3
8331 9496 3
9490 9496 3
8424 9497 3
9490 9497 3
9490 9498 3
9497 9498 3
8424 9498 3
11754 9499 1
9500 9499 3
8377 9502 3
7204 9502 2
9504 9505 3
9510 9509 3
9488 9509 1
11876 9512 2
9511 9512 1
11736 9512 1
11831 9513 1
9514 9513 2
8537 9515 3
9517 9516 1
9507 9517 1
9506 9517 1
8544 9517 1
8390 9517 1
7352 9518 1
9516 9518 1
7322 9518 1
9475 9518 3
9524 9523 6
9539 9523 1
9411 9527 1
9471 9528 1
7377 9529 1
8338 9529 2
11793 9530 1
8453 9530 3
9529 9530 2
11831 9531 1
9532 9531 2
8336 9533 1
9535 9534 3
8338 9536 1
9536 9537 1
8338 9537 3
7250 9537 1
9537 9538 3
9539 9538 3
8551 9539 1
11895 9539 1
11897 9539 1
11896 9539 1
8338 9539 3
8546 9539 1
11893 9539 1
11898 9539 1
9488 9539 1
8535 9539 3
11892 9539 1
11894 9539 1
9541 9540 3
8517 9542 1
8517 9543 2
9542 9543 1
7207 9543 1
8497 9544 1
11800 9545 2
7249 9545 1
9544 9545 1
11806 9545 1
8390 9545 6
9545 9546 6
8390 9546 7
9548 9547 8
7317 9547 1
9545 9547 6
9546 9547 7
9590 9548 1
8390 9548 7
8427 9549 7
9545 9549 6
9549 9550 7
9428 9550 7
9549 9551 7
9407 9551 7
8497 9552 3
11800 9552 2
9544 9552 1
8459 9553 2
11900 9553 1
8453 9554 3
9553 9554 2
8470 9555 1
9555 9556 1
8470 9556 2
9556 9557 2
8470 9557 2
9556 9558 2
8470 9558 2
8517 9559 1
8517 9560 3
7378 9560 1
9559 9560 1
9560 9561 3
7186 9561 4
8432 9561 7
7358 9561 1
9564 9563 2
7188 9563 1
9506 9565 1
8419 9566 1
8336 9567 1
8336 9568 2
9567 9568 1
19133 9568 1
9567 9569 1
9570 9569 1
8336 9570 1
8432 9570 4
8377 9571 2
9567 9571 1
9571 9572 2
8336 9572 2
11803 9573 1
8400 9573 2
9575 9574 1
9480 9575 3
8336 9575 1
8517 9575 1
9574 9576 1
9575 9576 1
9574 9577 1
8457 9577 1
9483 9578 1
9483 9579 2
9578 9579 1
8348 9580 1
9580 9581 1
8348 9581 6
9587 9581 6
9580 9582 1
8348 9582 1
8348 9583 1
9580 9583 1
9585 9584 6
7144 9584 1
11901 9584 2
7383 9584 1
9580 9584 1
8395 9585 1
7150 9585 1
8348 9585 2
8459 9585 2
9580 9586 1
8348 9586 2
8348 9587 6
9586 9587 2
11750 9587 3
9584 9588 1
8488 9588 3
9580 9588 1
19114 9588 1
8390 9590 4
11774 9590 1
9592 9591 1
11726 9592 4
11726 11725 1
9591 11725 1
9592 11726 1
8323 11727 1
11727 11728 1
8325 11728 2
8336 11730 1
7223 11731 1
11730 11731 1
9575 11731 2
11730 11732 1
7194 11732 1
19114 11732 1
11753 11732 3
7377 11732 1
8393 11732 7
8353 11734 1
11736 11735 1
11899 11736 3
8544 11736 1
8390 11736 1
8494 11737 2
11735 11737 1
7165 11738 1
8353 11738 3
11737 11738 2
8353 11739 4
11810 11739 2
11737 11739 2
7149 11740 1
8353 11740 3
11737 11740 2
11742 11741 2
11735 11741 1
11736 11742 1
11742 11743 2
11741 11743 2
11735 11744 1
9512 11744 1
8377 11745 1
8485 11746 4
8481 11747 1
7229 11748 1
11747 11748 1
9471 11748 2
8348 11749 1
8348 11750 3
11749 11750 1
7144 11750 1
11752 11751 3
8432 11751 1
11765 11751 1
8336 11753 3
19131 11753 1
7366 11753 1
11755 11754 2
11823 11754 1
8550 11757 1
7244 11757 1
11759 11758 3
8336 11760 1
8407 11761 1
11760 11761 1
11760 11762 1
8407 11762 1
8407 11763 1
11760 11763 1
11760 11764 1
8407 11764 1
8353 11766 1
11766 11767 1
8353 11767 1
9417 11768 1
8554 11769 1
11769 11770 1
8554 11770 1
8442 11772 1
11774 11773 1
11859 11774 4
9590 11774 1
9517 11774 1
11778 11774 1
11848 11775 1
7318 11775 1
11774 11775 4
7317 11775 1
11773 11775 1
11777 11776 2
11835 11776 1
8390 11778 1
11779 11778 1
8343 11780 2
7250 11780 1
11881 11781 1
11780 11781 2
8343 11781 3
11783 11782 1
11784 11783 6
11785 11784 9
11787 11786 5
11855 11786 1
8498 11788 1
11788 11789 1
11817 11789 1
8498 11789 2
8483 11790 1
11790 11791 1
7229 11791 1
8483 11791 2
8483 11792 3
11790 11792 1
9461 11792 1
7229 11792 1
9539 11793 2
11784 11794 4
11813 11795 1
11785 11795 3
11726 11796 1
11726 11797 2
11796 11797 1
7365 11797 1
9428 11798 1
9428 11799 1
11798 11799 1
8497 11800 2
7222 11800 1
11800 11801 2
8353 11801 4
11871 11801 1
7165 11801 1
11800 11802 2
8331 11802 2
9531 11803 1
7376 11804 1
8353 11804 2
7165 11805 1
8393 11805 4
11804 11805 2
7293 11805 1
8336 11806 1
8517 11807 1
7207 11808 1
11807 11808 1
8517 11808 2
11824 11809 1
7336 11810 1
9585 11810 2
11810 11811 2
8353 11811 4
7355 11811 1
7149 11811 1
7238 11812 1
11810 11812 2
8447 11812 3
11815 11816 3
8498 11817 1
11819 11818 3
9411 11820 1
11833 11821 1
8338 11822 1
11755 11824 2
11823 11824 1
8459 11824 2
9488 11825 3
7247 11826 1
9421 11826 2
11826 11827 2
8353 11827 2
11829 11828 4
8507 11830 1
11833 11832 1
8447 11834 1
8459 11836 2
11900 11836 1
7327 11837 1
8459 11837 3
11836 11837 2
7183 11838 1
11786 11838 2
8528 11839 3
11838 11839 2
11839 11840 3
8323 11840 3
11839 11841 3
8419 11841 3
11839 11842 3
8507 11842 3
8533 11843 3
11839 11843 3
8336 11844 1
11829 11845 4
8353 11846 1
9517 11848 1
9517 11849 1
11848 11849 1
8533 11850 1
8490 11851 2
7297 11851 1
11850 11851 1
8490 11852 1
11850 11852 1
9417 11854 1
11786 11855 4
8353 11856 1
8459 11857 1
8353 11860 2
7308 11860 1
7293 11861 1
8393 11861 4
7165 11861 1
11860 11861 2
8550 11862 1
11863 11862 1
9479 11864 1
7247 11865 1
9479 11865 2
11864 11865 1
11833 11866 1
11825 11868 1
11825 11869 1
11868 11869 1
8320 11871 1
11871 11872 1
11873 11872 1
8320 11873 1
11824 11873 1
8459 11873 2
8395 11873 1
8400 11874 2
11871 11874 1
11871 11875 1
8400 11875 2
8419 11877 1
8447 11878 4
7238 11878 1
7165 11878 1
7241 11878 1
11877 11878 1
9525 11880 1
11746 11881 1
11883 11882 1
11881 11882 1
11746 11883 1
11881 11884 1
11883 11884 1
11883 11885 1
11881 11885 1
11881 11886 1
11883 11886 1
11881 11887 1
11746 11887 1
9540 11890 1
11890 11891 1
9540 11891 1
8407 11900 1
8459 11901 2
11900 11901 1
11903 11902 3
11901 11902 2
8459 11903 2
8517 11903 1
11902 11904 3
7331 11904 1
7236 11904 1
8447 11904 5
11903 11905 5
11902 11905 3
7378 11905 1
11903 11906 5
11905 11906 5
7194 11907 1
8393 11907 5
7377 11907 1
11901 11907 2
19114 11907 1
11901 11908 2
8393 11908 5
7194 11908 1
7236 11908 1
19114 11908 1
19114 19113 1
11901 19113 2
11873 19113 4
7336 19113 1
11901 19114 2
7219 19114 1
11824 19114 4
11900 19115 1
8459 19115 1
9539 19116 1
9523 19117 1
19116 19117 1
9523 19118 1
19116 19118 1
9539 19119 2
19116 19119 1
19121 19120 2
19119 19120 2
9539 19121 2
9539 19122 1
19116 19122 1
8395 19125 1
19126 19125 3
19128 19127 3
8483 19129 3
19134 19129 1
7385 19129 1
9414 19130 3
19129 19130 3
8336 19131 1
8343 19132 1
19131 19132 1
8336 19133 1
9411 19134 1
