5287 4096 2
5175 4096 1
6681 4096 1
5692 4096 1
5959 4096 2
5012 4096 13
5395 4096 1
5010 4096 5
5287 4097 2
5010 4097 5
6681 4097 1
5957 4097 1
5962 4097 3
5692 4097 1
5395 4097 1
5012 4097 13
5010 4098 5
5012 4098 12
6713 4098 1
6267 4098 1
5395 4098 1
6681 4098 1
5692 4098 1
5287 4098 2
5287 4099 2
5962 4099 3
5395 4099 1
6681 4099 1
5010 4099 5
5692 4099 1
6713 4099 1
5012 4099 14
5012 4100 11
5692 4100 1
5287 4100 2
5010 4100 5
6681 4100 1
5808 4100 1
5395 4100 1
5287 4101 2
5012 4101 11
5010 4101 5
5692 4101 1
6681 4101 1
5808 4101 1
5395 4101 1
5692 4102 1
5287 4102 2
5010 4102 5
6681 4102 1
6267 4102 1
5395 4102 1
5012 4102 14
5962 4102 3
5012 4103 10
5010 4103 5
6681 4103 1
5692 4103 1
5395 4103 1
5287 4103 2
5692 4104 1
5012 4104 10
6681 4104 1
5010 4104 5
5395 4104 1
5287 4104 2
6681 4105 1
5395 4105 1
5010 4105 5
5012 4105 10
5287 4105 2
5692 4105 1
5010 4106 5
6681 4106 1
5692 4106 1
5012 4106 9
5287 4106 2
5395 4107 1
5287 4107 2
5692 4107 1
5012 4107 10
6681 4107 1
5010 4107 5
5287 4108 2
5010 4108 5
5012 4108 10
5395 4108 1
6681 4108 1
5692 4108 1
4874 4109 2
5012 4109 20
5287 4109 2
5698 4109 1
5395 4109 1
5331 4109 1
6021 4109 1
6001 4109 1
6069 4109 1
5611 4109 1
6681 4109 1
6523 4109 1
5010 4109 5
6497 4109 1
5692 4109 1
5395 4110 1
5808 4110 1
6681 4110 1
5010 4110 5
5692 4110 1
5012 4110 11
5287 4110 2
5395 4111 1
5010 4111 5
5012 4111 11
5287 4111 2
5692 4111 1
6681 4111 1
5808 4111 1
5692 4112 1
5010 4112 5
5395 4112 1
5012 4112 10
6681 4112 1
5287 4112 2
5010 4113 5
5287 4113 2
5395 4113 1
5692 4113 1
5962 4113 3
5012 4113 13
6681 4113 1
5611 4114 1
5287 4114 2
6713 4114 1
6010 4114 2
5012 4114 18
5962 4114 3
5692 4114 1
6069 4114 1
5395 4114 1
5010 4114 5
5957 4114 1
6681 4114 1
5959 4115 2
5012 4115 12
5692 4115 1
5010 4115 5
6681 4115 1
5287 4115 2
5395 4115 1
5012 4116 10
5395 4116 1
5692 4116 1
5010 4116 5
5287 4116 2
6681 4116 1
6681 4117 1
5692 4117 1
5012 4117 10
5010 4117 5
5395 4117 1
5287 4117 2
5012 4118 20
4889 4118 11
5287 4118 2
5959 4118 2
6681 4118 1
5692 4118 1
5010 4118 5
5395 4118 1
5395 4119 1
5287 4119 2
5692 4119 1
5012 4119 10
6681 4119 1
5010 4119 5
6681 4120 1
5395 4120 1
5287 4120 2
5010 4120 5
5692 4120 1
5012 4120 10
6267 4121 1
6069 4121 1
6681 4121 1
5395 4121 1
5692 4121 1
5012 4121 12
5010 4121 5
5287 4121 2
4123 4122 4
5740 4124 4
4125 4124 5
4778 4125 1
5741 4125 5
4374 4125 2
5470 4125 2
4559 4125 2
5082 4125 8
5481 4125 1
4127 4126 152
4549 4126 3
4563 4126 43
5794 4126 4
6694 4126 1
5540 4126 9
4597 4126 12
5449 4126 3
6971 4126 1
5530 4126 11
5482 4126 3
6958 4126 1
5599 4126 6
4513 4126 16
4929 4126 14
4124 4126 5
5888 4126 2
4857 4126 12
4410 4126 1
4927 4126 15
5417 4126 12
5536 4126 9
5890 4126 2
6981 4126 1
5497 4126 10
5499 4126 11
5502 4126 9
6438 4126 1
4223 4126 14
4554 4126 5
5531 4126 11
4925 4126 10
4431 4126 3
4558 4126 3
6008 4126 2
5600 4126 4
6287 4126 2
5601 4126 6
4315 4126 14
6036 4126 2
4452 4126 20
4774 4126 3
5918 4126 1
5585 4126 10
5255 4126 14
5817 4126 3
4414 4126 2
6840 4126 2
5493 4126 11
6035 4126 3
6993 4126 1
6775 4126 2
6777 4126 3
6762 4126 1
5532 4126 10
5878 4126 1
5492 4126 10
5811 4126 2
5881 4126 2
6712 4126 1
5507 4126 10
5740 4126 4
4993 4126 6
5823 4126 4
4316 4126 15
5613 4126 4
4843 4126 10
6539 4126 1
5592 4126 11
5347 4126 14
6050 4126 1
4432 4127 17
5741 4127 6
4309 4127 14
4559 4127 4
5481 4127 4
4491 4127 18
4643 4127 12
5953 4127 1
4449 4127 17
4209 4127 10
5607 4127 5
4398 4127 10
5219 4127 1
4312 4127 1
5448 4127 10
5117 4127 5
5513 4127 11
4264 4127 6
4181 4127 1
4374 4127 5
4307 4127 18
4564 4127 43
4425 4127 13
4188 4127 2
4665 4127 13
4990 4127 1
4555 4127 5
4601 4127 4
5345 4127 10
4194 4127 45
4512 4127 11
4460 4127 6
4325 4127 6
5503 4127 9
5605 4127 2
5515 4127 10
4408 4127 24
4411 4127 2
5609 4127 2
5602 4127 7
4994 4127 7
5593 4127 11
5095 4127 12
4125 4127 33
4416 4127 18
4192 4127 16
4224 4127 24
4385 4127 10
4326 4127 11
4129 4128 1
5087 4129 4
4128 4130 1
4129 4130 2
5091 4131 2
5614 4131 1
6403 4131 1
5340 4131 1
4139 4131 1
6906 4131 1
5690 4131 3
6306 4131 1
6865 4131 1
6718 4131 1
4200 4131 8
6612 4131 1
4895 4131 1
6318 4131 1
6365 4131 1
4130 4131 2
6867 4131 1
6859 4131 1
5472 4131 8
4611 4131 8
6139 4131 1
6948 4131 1
6617 4131 1
5913 4131 1
5262 4131 1
6725 4131 2
6711 4131 1
4132 4131 46
5128 4132 1
4199 4132 21
5807 4132 1
5109 4132 3
5151 4132 8
4129 4132 15
4134 4133 11
5532 4133 10
4903 4134 2
4408 4134 10
4136 4135 161
6241 4135 1
5894 4135 2
5000 4135 1
4524 4135 15
5560 4135 11
4452 4135 20
5873 4135 1
4435 4135 22
6117 4135 1
4904 4135 13
6917 4135 1
4861 4135 11
4516 4135 7
4672 4135 6
4922 4135 3
4444 4135 23
6726 4135 1
6810 4135 1
7018 4135 1
6790 4135 1
4845 4135 12
6811 4135 1
5285 4135 1
6398 4135 1
6333 4135 5
6315 4135 1
5115 4135 1
4428 4135 24
6552 4135 1
6663 4135 1
4186 4135 1
5516 4135 11
6330 4135 1
5255 4135 14
5565 4135 11
5969 4135 1
4133 4135 11
6391 4135 1
4549 4135 3
5344 4135 11
6551 4135 1
6263 4135 1
6964 4135 1
5567 4135 11
6804 4135 1
5512 4135 10
4844 4135 11
4584 4135 21
4614 4135 1
4488 4135 5
4905 4135 1
6397 4135 1
5502 4135 9
5492 4135 10
4445 4135 44
4862 4135 11
4777 4135 1
6947 4135 1
5463 4135 1
6853 4135 1
4869 4135 11
5679 4135 1
6337 4135 1
5772 4135 1
6813 4135 1
4431 4135 3
5536 4135 9
6788 4135 1
4659 4135 1
6480 4135 1
4328 4135 1
5196 4135 4
4891 4135 1
4902 4135 1
5545 4135 13
5497 4135 10
5561 4135 11
5505 4135 10
4530 4135 5
4604 4135 1
6321 4135 1
6033 4135 1
5514 4135 10
6946 4135 1
5499 4135 11
5395 4135 1
5538 4135 10
6820 4135 1
4389 4135 1
4407 4135 28
5207 4135 1
4843 4135 10
4985 4135 1
6675 4135 1
4425 4136 11
4903 4136 2
4643 4136 9
5513 4136 12
5448 4136 11
4289 4136 1
6290 4136 1
5503 4136 11
4394 4136 1
4408 4136 78
5079 4136 1
4615 4136 1
4894 4136 2
5286 4136 1
5470 4136 1
4778 4136 2
4290 4136 13
5735 4136 1
4390 4136 12
4401 4136 14
4125 4136 3
4430 4136 1
4309 4136 3
4398 4136 12
4432 4136 17
5517 4136 11
4134 4136 17
5345 4136 12
4906 4136 1
4329 4136 27
6221 4136 1
5515 4136 12
4187 4136 1
4290 4137 13
4138 4137 27
4129 4139 1
4139 4154 1
4129 4154 1
4156 4155 3
6617 4155 1
4139 4155 1
5139 4156 3
4199 4156 1
5807 4156 1
4803 4156 3
4129 4156 7
4155 4157 3
4158 4157 4
6926 4157 1
4335 4158 4
4156 4158 5
5109 4158 3
4160 4159 1
4775 4160 4
5461 4161 1
4160 4161 2
4159 4161 1
5849 4162 2
6718 4162 1
6692 4162 1
6703 4162 1
4159 4162 1
6223 4162 2
5335 4162 1
5835 4162 1
6487 4162 1
6849 4162 1
4163 4162 11
4217 4162 1
5109 4163 3
4199 4163 21
4218 4163 1
5477 4163 3
5128 4163 1
5151 4163 12
4293 4163 1
4968 4163 2
4160 4163 14
4129 4163 2
5807 4163 1
4159 4164 1
4160 4164 2
4166 4165 2
4164 4165 2
4160 4166 3
4164 4167 2
4166 4167 2
4166 4168 2
4164 4168 2
4164 4169 2
4166 4169 2
4164 4170 2
4166 4170 2
4166 4171 2
4164 4171 2
4164 4172 2
6908 4172 1
4173 4172 3
5162 4173 1
4160 4173 3
4333 4173 1
4893 4173 2
6145 4173 3
4164 4174 2
4166 4174 2
4164 4175 2
4173 4175 2
4166 4176 2
4164 4176 2
4609 4177 1
6159 4177 1
5835 4177 1
6068 4177 1
4160 4177 7
5461 4177 1
4159 4177 1
4177 4178 7
6160 4178 1
6727 4178 1
6447 4178 1
4179 4178 11
5992 4178 1
6161 4179 1
5150 4179 1
5083 4179 4
4160 4179 7
4218 4179 1
6160 4180 1
4177 4180 7
6447 4180 1
6727 4180 1
5992 4180 1
4179 4180 11
4182 4181 4
5117 4182 2
5481 4182 2
4184 4183 5
4185 4184 34
5907 4185 1
4187 4186 1
4512 4187 11
6290 4187 1
4467 4187 3
6221 4187 1
4903 4187 1
4290 4187 1
4615 4187 1
4906 4187 1
4778 4187 2
4309 4187 3
5448 4187 10
4460 4187 25
4894 4187 1
5470 4187 1
6007 4188 1
4138 4189 1
4190 4189 4
4619 4190 2
4192 4191 5
5396 4191 4
4138 4192 27
5828 4192 1
4220 4192 31
4408 4192 10
5286 4192 1
5228 4192 4
4290 4192 17
5481 4192 3
5168 4193 11
4191 4193 5
6922 4193 1
5396 4193 4
5203 4193 13
4630 4193 13
5762 4193 1
4814 4193 15
4230 4193 13
4194 4193 45
5197 4193 6
5533 4193 12
6178 4193 1
5729 4193 1
4408 4194 1
4813 4194 18
4192 4194 35
5744 4195 5
5811 4195 2
4127 4195 68
6993 4195 1
5492 4195 10
4193 4195 45
5606 4195 4
5499 4195 11
6058 4195 1
5878 4195 1
5740 4195 4
4515 4195 4
6980 4195 1
5533 4195 12
4847 4195 11
4431 4195 3
4558 4195 3
4414 4195 2
6438 4195 1
4197 4196 4
4199 4198 1
4388 4199 4
5761 4200 2
4199 4200 8
6078 4200 3
4198 4200 1
6982 4200 1
5725 4201 2
4200 4201 8
6718 4201 1
4163 4201 43
6617 4201 1
6711 4201 1
5262 4201 1
6365 4201 1
5835 4201 1
6859 4201 1
6948 4201 1
5472 4201 8
4611 4201 8
5849 4201 2
6795 4201 1
6316 4201 2
6612 4201 1
5913 4201 1
6487 4201 1
6403 4201 1
6850 4201 1
6924 4201 1
6317 4201 1
6139 4201 1
6223 4201 2
6219 4202 1
6982 4202 1
4203 4202 7
4610 4202 1
6846 4202 1
4198 4202 1
5471 4202 1
6257 4202 1
4160 4203 10
4968 4203 4
5109 4203 3
4570 4203 3
4199 4203 6
4803 4203 3
4619 4203 2
5139 4203 3
4129 4203 1
4335 4203 4
5128 4203 1
4205 4204 1
4210 4205 4
6461 4206 1
6882 4206 1
4204 4206 1
4207 4206 4
4995 4206 1
4205 4207 4
4529 4208 2
4326 4208 2
4493 4208 2
5609 4208 2
4264 4208 6
4374 4208 5
5119 4208 2
4325 4208 4
4325 4209 3
4264 4209 7
5609 4209 2
5787 4209 1
4208 4209 4
4212 4211 1
6479 4213 1
6537 4213 1
6525 4213 1
6662 4213 1
4211 4213 1
6233 4213 1
6587 4213 1
4214 4213 9
5126 4213 1
6361 4213 1
5406 4214 2
4212 4214 9
6943 4214 1
6233 4215 1
5126 4215 1
6537 4215 1
6587 4215 1
4214 4215 10
6479 4215 1
6662 4215 1
6525 4215 1
6361 4215 1
4211 4215 1
4214 4216 10
4215 4216 10
4218 4217 1
4632 4218 5
4217 4219 1
5849 4219 2
4163 4219 3
5835 4219 1
4125 4220 3
4401 4220 13
5096 4220 14
4221 4220 62
5117 4220 6
4408 4220 42
4467 4220 3
4385 4220 10
4643 4220 9
4416 4220 14
4307 4220 10
4425 4221 11
4432 4221 10
5503 4221 9
4307 4221 1
5117 4221 5
4643 4221 11
5602 4221 4
4408 4221 76
4125 4221 3
4416 4221 14
4309 4221 3
4401 4221 10
4224 4223 14
5502 4223 9
5512 4223 10
5497 4223 10
5514 4223 10
4843 4223 10
4398 4224 12
5503 4224 11
5513 4224 12
5448 4224 12
4138 4224 10
4307 4224 9
5095 4224 10
5345 4224 12
5515 4224 12
4127 4225 99
5565 4225 11
6050 4225 1
6532 4225 1
6382 4225 1
5347 4225 14
4450 4225 16
5744 4225 5
5373 4225 13
5788 4225 1
5600 4225 4
6775 4225 2
6008 4225 2
5518 4225 11
5606 4225 4
4843 4225 10
5507 4225 10
6871 4225 1
6712 4225 1
5502 4225 9
4554 4225 5
5531 4225 11
5532 4225 10
5599 4225 6
6750 4225 2
5449 4225 3
6035 4225 3
4223 4225 14
6539 4225 1
5499 4225 11
5530 4225 11
4809 4225 14
5562 4225 11
5417 4225 12
5215 4225 3
6036 4225 2
6755 4225 5
5492 4225 10
5482 4225 3
5536 4225 9
4922 4225 3
6971 4225 1
6577 4225 2
4414 4225 2
5545 4225 13
6981 4225 1
6513 4225 2
6958 4225 1
4431 4225 3
5514 4225 10
4927 4225 15
4549 4225 3
6287 4225 2
5740 4225 4
5881 4225 2
6207 4225 1
4448 4225 4
5592 4225 11
5722 4225 2
5493 4225 11
4866 4226 12
4227 4226 13
4309 4227 20
4307 4227 19
4229 4228 15
4226 4228 13
5587 4228 11
4227 4229 16
4309 4229 19
5894 4230 2
5532 4230 10
4192 4230 13
4232 4231 1
4576 4232 4
4231 4233 1
4232 4233 2
6187 4234 1
4232 4234 4
4233 4234 2
7006 4235 1
6165 4235 1
6740 4235 1
6363 4235 1
5619 4235 1
6257 4235 1
5331 4235 1
6862 4235 1
5038 4235 1
4236 4235 33
6267 4235 1
5755 4235 1
5440 4235 3
6760 4235 1
6190 4235 3
6583 4235 1
6857 4235 1
6814 4235 1
4233 4235 2
5001 4235 1
6968 4235 1
6069 4235 1
5774 4235 1
6064 4235 1
4234 4235 4
6305 4235 1
6861 4235 1
5422 4235 1
5441 4236 5
4570 4236 3
5128 4236 1
4232 4236 22
5376 4236 1
4335 4236 1
4352 4236 3
5009 4236 1
5139 4236 3
4803 4236 3
4661 4236 9
4370 4236 52
4129 4236 1
4267 4236 6
4646 4236 16
4365 4236 1
6084 4236 1
4233 4237 2
4238 4237 3
6140 4237 1
5109 4238 3
4232 4238 2
5376 4238 1
4233 4239 2
6140 4239 1
4238 4239 3
4238 4240 3
4233 4240 2
6140 4240 1
6069 4241 1
5428 4241 3
4569 4241 3
6995 4241 1
5103 4241 1
4242 4241 17
4233 4241 2
5774 4241 1
6267 4241 1
4351 4241 1
6542 4241 1
6450 4241 1
6090 4241 2
4189 4242 1
4352 4242 9
4232 4242 10
4570 4242 3
5477 4242 3
4803 4242 3
4129 4242 2
4365 4242 1
4233 4243 2
4244 4243 2
4232 4244 2
4246 4245 3
6545 4245 1
4233 4245 2
5109 4246 3
4232 4246 3
5376 4246 1
4233 4247 2
4246 4247 2
4233 4248 2
4246 4248 2
4246 4249 2
4233 4249 2
4246 4250 2
4233 4250 2
4246 4251 2
4233 4251 2
4246 4252 3
6545 4252 1
4233 4252 2
4246 4253 2
4233 4253 2
4233 4254 2
4246 4254 2
4246 4255 2
4233 4255 2
4351 4256 1
6995 4256 1
6187 4256 1
4231 4256 1
5092 4256 1
4242 4256 12
6267 4256 1
6069 4256 1
4233 4256 2
5774 4256 1
6257 4256 1
6519 4256 1
6021 4256 1
4351 4257 1
4233 4257 2
5619 4257 1
4258 4257 5
4335 4258 4
4352 4258 8
4267 4258 1
4370 4258 1
4232 4258 3
4258 4259 24
6519 4259 1
4357 4259 3
4257 4259 5
5331 4259 1
4361 4259 4
4343 4259 6
4334 4259 3
5104 4259 2
4336 4259 7
4351 4259 1
5619 4259 1
6485 4259 1
6857 4259 1
6862 4259 1
6816 4260 2
4236 4260 4
6064 4260 1
4231 4260 1
6187 4261 1
5103 4261 1
4231 4261 1
4242 4261 4
6519 4261 1
4242 4262 6
6519 4262 1
4231 4262 1
4586 4262 1
6187 4262 1
5103 4262 1
6538 4262 1
4968 4263 3
5128 4263 1
5807 4263 1
4265 4264 2
6328 4264 1
5609 4264 2
4325 4264 3
5780 4266 1
4267 4266 2
5714 4267 4
4678 4268 9
4269 4268 11
4266 4268 2
4267 4269 11
4232 4269 3
4268 4270 11
4269 4270 11
4236 4271 69
6090 4271 2
5968 4271 1
6802 4271 1
5733 4271 1
6664 4271 1
6801 4271 1
6190 4271 3
6681 4271 1
6550 4271 1
5331 4271 1
6497 4271 1
6547 4271 1
6483 4271 1
7019 4271 1
6665 4271 1
5692 4271 1
5905 4271 1
6690 4271 1
6696 4271 1
5440 4271 3
4872 4271 1
6718 4271 1
6349 4271 1
6450 4271 1
6995 4271 1
6835 4271 1
6001 4271 1
6520 4271 3
5774 4271 1
6515 4271 1
6523 4271 1
6164 4271 1
4369 4271 1
6383 4271 1
5619 4271 1
4606 4271 1
5978 4271 1
5965 4271 1
5175 4271 1
6676 4271 1
5038 4271 1
5263 4271 1
6434 4271 1
5704 4271 1
6904 4271 1
5428 4271 3
5927 4271 1
7003 4271 1
5224 4271 1
6570 4271 1
6237 4271 1
6230 4271 2
4266 4271 2
5939 4271 2
6926 4271 1
6968 4271 1
6536 4271 1
6589 4271 1
4660 4271 1
4569 4271 3
6905 4271 1
5698 4271 1
4875 4272 3
4269 4272 16
4274 4272 13
4266 4272 2
4269 4273 4
5619 4273 1
4266 4273 2
4269 4274 13
6802 4274 1
4273 4274 4
6459 4274 1
4673 4274 1
4919 4274 1
4682 4274 4
4279 4274 6
4266 4275 2
5661 4275 2
4276 4275 4
4267 4276 4
4278 4277 4
4266 4277 2
5661 4277 2
4267 4278 5
6230 4279 2
4266 4279 2
6092 4279 1
4269 4279 6
4276 4280 2
4266 4280 2
4276 4281 2
4266 4281 2
4266 4282 2
5619 4282 1
6459 4282 1
6456 4282 1
4919 4282 1
4673 4282 1
4283 4282 8
6518 4282 1
4267 4283 8
4283 4284 8
4919 4284 1
6518 4284 1
4673 4284 1
5619 4284 1
4266 4284 2
6456 4284 1
6459 4284 1
4286 4285 1
4346 4286 5
4350 4286 7
4349 4286 7
4288 4287 1
4285 4287 1
4348 4288 6
6379 4288 1
4286 4288 1
6378 4288 3
4290 4289 4
5286 4290 2
4561 4290 17
4138 4290 26
4332 4290 26
4137 4290 26
4331 4290 26
4192 4290 26
4292 4291 5
4293 4292 18
4775 4293 32
4295 4294 1
4290 4295 4
5012 4296 159
6661 4296 1
4635 4296 1
6544 4296 1
6811 4296 1
6616 4296 1
5969 4296 1
6510 4296 1
6524 4296 1
6480 4296 1
6434 4296 1
6547 4296 1
4614 4296 1
6243 4296 1
6143 4296 1
4777 4296 1
6892 4296 1
6545 4296 1
4916 4296 1
6665 4296 1
6391 4296 1
6092 4296 1
6810 4296 1
5927 4296 1
6583 4296 1
6336 4296 1
4905 4296 1
5226 4296 1
6345 4296 1
4985 4296 1
5216 4296 1
4377 4296 2
6369 4296 1
6536 4296 1
6368 4296 1
6957 4296 1
4792 4296 1
6699 4296 1
6349 4296 1
6690 4296 1
6550 4296 1
6845 4296 1
4842 4296 1
6967 4296 1
7005 4296 1
6836 4296 1
4748 4296 1
6083 4296 1
6968 4296 1
6010 4296 2
6362 4296 1
6184 4296 1
5392 4296 1
5618 4296 1
6821 4296 1
6820 4296 1
6530 4296 1
4989 4296 1
5923 4296 1
6340 4296 1
6392 4296 1
6255 4296 1
4902 4296 1
5175 4296 1
6121 4296 1
6947 4296 1
6397 4296 1
6244 4296 1
6522 4296 1
6352 4296 1
5950 4296 1
6611 4296 1
6237 4296 1
5806 4296 1
6581 4296 1
6064 4296 1
4640 4296 1
6659 4296 1
6807 4296 1
5994 4296 1
6305 4296 1
6085 4296 1
5000 4296 1
6835 4296 1
5704 4296 1
5285 4296 1
6499 4296 1
6473 4296 1
7001 4296 1
5617 4296 1
6676 4296 1
6664 4296 1
6080 4296 1
6853 4296 1
4389 4296 1
5873 4296 1
5224 4296 1
5144 4296 1
6422 4296 1
5733 4296 1
5266 4296 1
6117 4296 1
7003 4296 1
6483 4296 1
6740 4296 1
6320 4296 1
6548 4296 1
5734 4296 1
6133 4296 1
4606 4296 1
6516 4296 1
5922 4296 1
6356 4296 1
6073 4296 1
6794 4296 1
6844 4296 1
6869 4296 1
6552 4296 1
7019 4296 1
5334 4296 1
6800 4296 1
6337 4296 1
6790 4296 1
5956 4296 1
5269 4296 1
7018 4296 1
6570 4296 1
5263 4296 1
5875 4296 1
5931 4296 1
6478 4296 1
4369 4296 1
4872 4296 1
4294 4296 1
6804 4296 1
6904 4296 1
5425 4296 1
6124 4296 1
5753 4296 1
6917 4296 1
5755 4296 1
6165 4296 1
5773 4296 1
6295 4296 1
6229 4296 1
5679 4296 1
6589 4296 1
6432 4296 1
5978 4296 1
6809 4296 1
5929 4296 1
6424 4296 1
7016 4296 1
5968 4296 1
6696 4296 1
5905 4296 1
6572 4296 1
5210 4296 1
5012 4297 84
6073 4297 1
6516 4297 1
6810 4297 1
6143 4297 1
5734 4297 1
6917 4297 1
5617 4297 1
5956 4297 1
6092 4297 1
5618 4297 1
7018 4297 1
6524 4297 1
6255 4297 1
6345 4297 1
6699 4297 1
6807 4297 1
4902 4297 1
5144 4297 1
6184 4297 1
5969 4297 1
6581 4297 1
6790 4297 1
6121 4297 1
6356 4297 1
4985 4297 1
6085 4297 1
6478 4297 1
5950 4297 1
4614 4297 1
5873 4297 1
6083 4297 1
6572 4297 1
4640 4297 1
6544 4297 1
6397 4297 1
6499 4297 1
6422 4297 1
6340 4297 1
6947 4297 1
5175 4297 1
6432 4297 1
6244 4297 1
6117 4297 1
6369 4297 1
6552 4297 1
5266 4297 1
6530 4297 1
6661 4297 1
6892 4297 1
4294 4297 1
6124 4297 1
6337 4297 1
6295 4297 1
6010 4297 2
6967 4297 1
5875 4297 1
4748 4297 1
5285 4297 1
4777 4297 1
5679 4297 1
4389 4297 1
6391 4297 1
6480 4297 1
6804 4297 1
6853 4297 1
6811 4297 1
5000 4297 1
5923 4297 1
4905 4297 1
7005 4297 1
5773 4297 1
5392 4297 1
4989 4297 1
6320 4297 1
5962 4297 3
6473 4297 1
6820 4297 1
7016 4297 1
6836 4297 1
6352 4297 1
5269 4297 1
5012 4298 93
5216 4298 1
6844 4298 1
6544 4298 1
5873 4298 1
6244 4298 1
4902 4298 1
6957 4298 1
6305 4298 1
5969 4298 1
5950 4298 1
5734 4298 1
6811 4298 1
6499 4298 1
6345 4298 1
6337 4298 1
4989 4298 1
6524 4298 1
6836 4298 1
7018 4298 1
6255 4298 1
6810 4298 1
6340 4298 1
6820 4298 1
6661 4298 1
6352 4298 1
6117 4298 1
6530 4298 1
6790 4298 1
6184 4298 1
6510 4298 1
4985 4298 1
6143 4298 1
6968 4298 1
5923 4298 1
6545 4298 1
6581 4298 1
5144 4298 1
6853 4298 1
6473 4298 1
4389 4298 1
5266 4298 1
6124 4298 1
6397 4298 1
6121 4298 1
4377 4298 2
4614 4298 1
5269 4298 1
5618 4298 1
4748 4298 1
6947 4298 1
6010 4298 2
6552 4298 1
5773 4298 1
6320 4298 1
6083 4298 1
6892 4298 1
6391 4298 1
4777 4298 1
6356 4298 1
5392 4298 1
6917 4298 1
7005 4298 1
5679 4298 1
6080 4298 1
6432 4298 1
6478 4298 1
5000 4298 1
5617 4298 1
6092 4298 1
6807 4298 1
7016 4298 1
6516 4298 1
5956 4298 1
6073 4298 1
4294 4298 1
6369 4298 1
6699 4298 1
4905 4298 1
6229 4298 1
5175 4298 1
6572 4298 1
5875 4298 1
6085 4298 1
4640 4298 1
6967 4298 1
6480 4298 1
6804 4298 1
6295 4298 1
6422 4298 1
6869 4298 1
5285 4298 1
5012 4299 77
6516 4299 1
6143 4299 1
6836 4299 1
7018 4299 1
5269 4299 1
5956 4299 1
6083 4299 1
6820 4299 1
6422 4299 1
4985 4299 1
6661 4299 1
5969 4299 1
5266 4299 1
5000 4299 1
6117 4299 1
6967 4299 1
6184 4299 1
6947 4299 1
6337 4299 1
5734 4299 1
6345 4299 1
5392 4299 1
7005 4299 1
4777 4299 1
5679 4299 1
6892 4299 1
6124 4299 1
6478 4299 1
4389 4299 1
4294 4299 1
5285 4299 1
5618 4299 1
6844 4299 1
6853 4299 1
5950 4299 1
5923 4299 1
6073 4299 1
6530 4299 1
6810 4299 1
6499 4299 1
6473 4299 1
6713 4299 1
6524 4299 1
6356 4299 1
6807 4299 1
5873 4299 1
4905 4299 1
4614 4299 1
5144 4299 1
6010 4299 2
6295 4299 1
6917 4299 1
6544 4299 1
6869 4299 1
6121 4299 1
5773 4299 1
6244 4299 1
6480 4299 1
5875 4299 1
6255 4299 1
6391 4299 1
6552 4299 1
6699 4299 1
4748 4299 1
6790 4299 1
6811 4299 1
4902 4299 1
7016 4299 1
6352 4299 1
4989 4299 1
6085 4299 1
6432 4299 1
5175 4299 1
6397 4299 1
4640 4299 1
6369 4299 1
5012 4300 75
4777 4300 1
4748 4300 1
6853 4300 1
5175 4300 1
5269 4300 1
6337 4300 1
6516 4300 1
6340 4300 1
6530 4300 1
5618 4300 1
6552 4300 1
6545 4300 1
6092 4300 1
6184 4300 1
5875 4300 1
6244 4300 1
6345 4300 1
4640 4300 1
6397 4300 1
6010 4300 2
6391 4300 1
6255 4300 1
6820 4300 1
6117 4300 1
5144 4300 1
6480 4300 1
5000 4300 1
5285 4300 1
6073 4300 1
6295 4300 1
6432 4300 1
5923 4300 1
6083 4300 1
6524 4300 1
4294 4300 1
5617 4300 1
6661 4300 1
6499 4300 1
6124 4300 1
6810 4300 1
6790 4300 1
4614 4300 1
4905 4300 1
5773 4300 1
6572 4300 1
6917 4300 1
5956 4300 1
6811 4300 1
6947 4300 1
5873 4300 1
6844 4300 1
6699 4300 1
6085 4300 1
4389 4300 1
7016 4300 1
6422 4300 1
5950 4300 1
4989 4300 1
7005 4300 1
5266 4300 1
6473 4300 1
5969 4300 1
6836 4300 1
7018 4300 1
6356 4300 1
6807 4300 1
4377 4300 2
4985 4300 1
6478 4300 1
5734 4300 1
6804 4300 1
4902 4300 1
6892 4300 1
5012 4301 82
6499 4301 1
5392 4301 1
6790 4301 1
6345 4301 1
6422 4301 1
6917 4301 1
6473 4301 1
6356 4301 1
6143 4301 1
6530 4301 1
6083 4301 1
5873 4301 1
4389 4301 1
6699 4301 1
6892 4301 1
6121 4301 1
6391 4301 1
4777 4301 1
6092 4301 1
6820 4301 1
5144 4301 1
4985 4301 1
6811 4301 1
6337 4301 1
5618 4301 1
7018 4301 1
6397 4301 1
6478 4301 1
6807 4301 1
6124 4301 1
6073 4301 1
6947 4301 1
4989 4301 1
4294 4301 1
6967 4301 1
4377 4301 2
6804 4301 1
6117 4301 1
4614 4301 1
6255 4301 1
5950 4301 1
6244 4301 1
5175 4301 1
5269 4301 1
5875 4301 1
6836 4301 1
6661 4301 1
6010 4301 2
6552 4301 1
6572 4301 1
6810 4301 1
6085 4301 1
5734 4301 1
5000 4301 1
5773 4301 1
6432 4301 1
5956 4301 1
4748 4301 1
4902 4301 1
6480 4301 1
6853 4301 1
5285 4301 1
5679 4301 1
6295 4301 1
6844 4301 1
7005 4301 1
6352 4301 1
6524 4301 1
6184 4301 1
6516 4301 1
5969 4301 1
6581 4301 1
7016 4301 1
5617 4301 1
5266 4301 1
5923 4301 1
6545 4301 1
4905 4301 1
6340 4301 1
4640 4301 1
4294 4302 1
6295 4302 1
4905 4302 1
6917 4302 1
7018 4302 1
6790 4302 1
6010 4302 2
5392 4302 1
5012 4302 22
6811 4302 1
6480 4302 1
7016 4302 1
6820 4302 1
5679 4302 1
6092 4302 1
6337 4302 1
5969 4302 1
4985 4302 1
6810 4302 1
5175 4302 1
5000 4302 1
6255 4302 1
4304 4303 4
4305 4304 7
4847 4306 11
4307 4306 12
5502 4306 9
5095 4307 11
4416 4307 13
5452 4307 1
4665 4307 10
4990 4307 1
5228 4307 1
4512 4307 11
4629 4307 1
4309 4307 16
5448 4307 11
4398 4307 11
4467 4307 18
5515 4307 1
4425 4307 19
5358 4307 1
4432 4307 10
4463 4307 12
4460 4307 16
4264 4307 1
5096 4307 1
5481 4307 3
4427 4307 1
4643 4307 9
5503 4307 9
4138 4307 31
4306 4308 12
4513 4308 16
4866 4308 12
4309 4308 19
5741 4309 1
4411 4309 2
4264 4309 1
5095 4309 10
4416 4309 22
4398 4309 10
5452 4309 2
4209 4309 2
5448 4309 10
5358 4309 3
4326 4309 7
4325 4309 2
5481 4309 3
4374 4309 1
4307 4309 28
5503 4309 9
4467 4309 9
4512 4309 9
4425 4309 9
4227 4309 10
4432 4309 9
4463 4309 19
4460 4309 9
5117 4309 9
4327 4309 15
4227 4310 12
4306 4310 12
4311 4312 3
5481 4312 3
4160 4313 2
4311 4313 3
4922 4314 3
6373 4314 1
4125 4314 12
6771 4314 1
4777 4314 1
5722 4314 2
6804 4314 1
5081 4314 1
5617 4314 1
4125 4315 14
5215 4315 3
4314 4315 12
4125 4316 15
4315 4316 14
4210 4317 4
4414 4319 2
4309 4319 13
5497 4319 10
4319 4320 13
5510 4320 11
4227 4320 18
4414 4320 2
4859 4320 11
4855 4320 11
4319 4321 13
4229 4321 13
4319 4322 13
4309 4322 13
4309 4323 15
4319 4323 13
4652 4323 2
4319 4324 13
4309 4324 15
4652 4324 2
4326 4325 6
5118 4326 5
4374 4326 3
4325 4326 4
4309 4326 11
4329 4328 1
5503 4329 9
4398 4329 10
4290 4330 4
4292 4333 5
4335 4334 3
6719 4334 2
5807 4335 1
5759 4335 2
5128 4335 1
6926 4336 1
4351 4336 1
5619 4336 1
4258 4336 7
4334 4336 3
5428 4337 3
6190 4337 3
6316 4337 2
6718 4337 1
4334 4337 3
4203 4337 17
4967 4337 3
5844 4337 2
4569 4337 3
5995 4337 1
6876 4337 1
6926 4337 1
6926 4338 1
4334 4338 3
4158 4338 4
4203 4339 14
5428 4339 3
5763 4339 1
4569 4339 3
5849 4339 2
5835 4339 1
6316 4339 2
6157 4339 1
4334 4339 3
6190 4339 3
4158 4340 4
4334 4340 3
6926 4340 1
4335 4341 4
6926 4341 1
4334 4341 3
4158 4342 4
6926 4342 1
4334 4342 3
4334 4343 3
5103 4343 1
4258 4343 6
4351 4343 1
4345 4344 4
4347 4346 14
5757 4348 5
4346 4348 13
4348 4349 8
4348 4350 8
4352 4351 1
5204 4352 4
6485 4353 1
6538 4353 1
6069 4353 1
6519 4353 1
5103 4353 1
4351 4353 1
5407 4353 1
4352 4353 10
5774 4353 1
6857 4353 1
4586 4353 1
4355 4354 1
4351 4354 1
4631 4355 1
5109 4355 3
4352 4355 2
4355 4356 1
4351 4356 1
4351 4357 1
4258 4357 3
6519 4357 1
4351 4358 1
4242 4358 4
5428 4358 3
4351 4359 1
4355 4359 1
4355 4360 1
4351 4360 1
4351 4361 1
5407 4361 1
6538 4361 1
4258 4361 4
4351 4362 1
4355 4362 1
4355 4363 1
4351 4363 1
4351 4364 1
6267 4364 1
4365 4364 2
4160 4365 1
4729 4365 1
4232 4365 1
5162 4365 1
4352 4365 1
4667 4365 1
4351 4366 1
4355 4366 1
4355 4367 1
4351 4367 1
4351 4368 1
4355 4368 1
4370 4369 1
5257 4370 1
4372 4371 4
5811 4373 2
4374 4373 3
4326 4374 6
5209 4374 1
5208 4374 1
4208 4375 3
4373 4375 3
4370 4377 2
4377 4378 2
5994 4378 1
6548 4378 1
6010 4378 2
5962 4378 3
5012 4378 10
5210 4378 1
6516 4379 1
5962 4379 3
6548 4379 1
6424 4379 1
6352 4379 1
4377 4379 2
6124 4379 1
6524 4379 1
5210 4379 1
6010 4379 2
6661 4379 1
6892 4379 1
5012 4379 16
4381 4380 1
4573 4381 4
4803 4381 3
4381 4382 1
4380 4382 1
4561 4383 21
4987 4383 1
4385 4384 10
5540 4384 9
4427 4385 5
4138 4385 1
4307 4385 9
4384 4386 10
4220 4386 31
4428 4386 24
4992 4386 2
4922 4386 3
6946 4386 1
4849 4386 14
6050 4387 1
5823 4387 4
4499 4387 5
5536 4387 9
6513 4387 2
5143 4387 9
6058 4387 1
6606 4387 1
4431 4387 3
6750 4387 2
5097 4387 10
4127 4387 59
6764 4387 4
4922 4387 3
6035 4387 3
4490 4387 9
5480 4387 2
6370 4387 1
5166 4387 2
4523 4387 4
4414 4387 2
4384 4387 10
4847 4387 11
6755 4387 5
6962 4387 1
5878 4387 1
6036 4387 2
6971 4387 1
4390 4389 1
4290 4390 4
6811 4391 1
6947 4391 1
6820 4391 1
6480 4391 1
4392 4391 37
6917 4391 1
4389 4391 1
6337 4391 1
5285 4391 1
4985 4391 1
5873 4391 1
4905 4391 1
5679 4391 1
5000 4391 1
7018 4391 1
6810 4391 1
5969 4391 1
6790 4391 1
4478 4391 20
4894 4392 1
6290 4392 1
5079 4392 1
4906 4392 1
4390 4392 12
5286 4392 1
4432 4392 21
4394 4393 38
4985 4393 1
7018 4393 1
5873 4393 1
4478 4393 20
6947 4393 1
6811 4393 1
4905 4393 1
4431 4393 3
4389 4393 1
6480 4393 1
5285 4393 1
5969 4393 1
5000 4393 1
6820 4393 1
5679 4393 1
6917 4393 1
6810 4393 1
6790 4393 1
6337 4393 1
6290 4394 1
4432 4394 21
4894 4394 1
5079 4394 1
4906 4394 1
5286 4394 1
4390 4394 12
6991 4395 1
7018 4395 1
6810 4395 1
6480 4395 1
5679 4395 1
5392 4395 1
4389 4395 1
5969 4395 1
6811 4395 1
5000 4395 1
6917 4395 1
6337 4395 1
4777 4395 1
6790 4395 1
5285 4395 1
4396 4395 19
6391 4395 1
4985 4395 1
5873 4395 1
6820 4395 1
5393 4396 1
5079 4396 1
4390 4396 12
5286 4396 1
4894 4396 2
4330 4396 1
4290 4396 12
4778 4396 1
4398 4397 1
5096 4398 5
4138 4398 1
5491 4398 10
6642 4399 1
6705 4399 1
4397 4399 1
4307 4399 5
6495 4399 1
6414 4399 1
4444 4400 23
4452 4400 20
4524 4400 15
6205 4400 1
4445 4400 44
6949 4400 1
6946 4400 1
4397 4400 1
4435 4400 22
4488 4400 5
5545 4400 13
5540 4400 9
6333 4400 4
4407 4400 27
6220 4400 1
4401 4400 81
4584 4400 20
4664 4400 10
4530 4400 5
5373 4400 13
4428 4400 24
5532 4400 10
4516 4400 7
4398 4401 11
4416 4401 63
4307 4401 11
4629 4401 1
4408 4401 75
4325 4401 2
5228 4401 5
5358 4401 1
4665 4401 14
4467 4401 3
4209 4401 2
5452 4401 1
4643 4401 9
4397 4402 1
4307 4402 12
5518 4402 11
4397 4403 1
5258 4403 10
5463 4403 1
4307 4403 12
4397 4404 1
5463 4404 1
5550 4404 10
4307 4404 12
4307 4405 17
5550 4405 10
5976 4405 1
4847 4405 11
4397 4405 1
4664 4405 10
5463 4405 1
5551 4405 10
5477 4406 1
5545 4407 13
5493 4407 11
4478 4407 20
4408 4407 28
5554 4408 13
4460 4408 25
4512 4408 11
4449 4408 18
4425 4408 25
4416 4408 4
4467 4408 3
4463 4408 22
4307 4408 9
4432 4408 27
4220 4409 31
5536 4409 9
4862 4409 11
4407 4409 28
4845 4409 12
4411 4410 1
4138 4411 1
4591 4411 3
4413 4412 1
4410 4412 1
5680 4413 2
4411 4413 1
4309 4414 2
4410 4414 1
4414 4415 2
4416 4415 24
6825 4415 1
4476 4415 17
4466 4415 3
6067 4415 1
4515 4415 4
4523 4415 4
4425 4416 11
5358 4416 3
4460 4416 7
4467 4416 17
4209 4416 2
5228 4416 5
4307 4416 9
4309 4416 13
5095 4416 1
5448 4416 10
4326 4416 5
4411 4416 1
5452 4416 1
4398 4416 10
4665 4416 13
4427 4416 14
4415 4417 24
4401 4417 24
4419 4418 31
4415 4418 24
4922 4418 3
4545 4418 15
5540 4418 9
5536 4418 9
5610 4418 4
4125 4419 3
4643 4419 9
4181 4419 2
4416 4419 28
4307 4419 10
4415 4420 24
4401 4420 29
5610 4420 4
5536 4420 9
5540 4420 9
4545 4420 15
4415 4421 24
5976 4421 1
4414 4421 2
4422 4421 25
4416 4422 24
4643 4422 9
4309 4422 2
4125 4422 3
5095 4422 1
4415 4423 24
5976 4423 1
4414 4423 2
4422 4423 25
4476 4424 17
4425 4424 18
4414 4424 2
5448 4425 10
4398 4425 10
4467 4425 17
4427 4425 14
4309 4425 2
4307 4425 9
5571 4426 13
5499 4426 11
5256 4426 1
4427 4426 64
4585 4426 11
5501 4426 11
5255 4426 14
5500 4426 12
4450 4426 16
5498 4426 11
5542 4426 11
4544 4426 3
4867 4426 12
5570 4426 10
4515 4426 4
4487 4426 4
4481 4426 18
4847 4426 11
4455 4426 4
4451 4426 16
5569 4426 10
4478 4426 20
4431 4426 3
4523 4426 4
6436 4426 1
4459 4426 15
5568 4426 10
6331 4426 2
4462 4426 4
5493 4426 11
4448 4426 4
5572 4426 13
6474 4426 2
4509 4426 13
5553 4426 10
4424 4426 18
5452 4427 1
4227 4427 1
4408 4427 21
4309 4427 3
4220 4427 21
4425 4427 25
4325 4427 2
4467 4427 3
4432 4427 27
5554 4427 13
4374 4427 2
4401 4427 21
4463 4427 22
4307 4427 32
4460 4427 27
4629 4427 1
4416 4427 4
5358 4427 1
4683 4427 35
4449 4427 18
4509 4428 13
4424 4428 18
4847 4428 11
4462 4428 4
4408 4428 24
4430 4429 27
6578 4429 1
4544 4429 3
4481 4429 18
5500 4429 12
6436 4429 1
4847 4429 11
4585 4429 11
4424 4429 18
5497 4429 10
4290 4430 2
4460 4430 12
5448 4430 10
4425 4430 24
4414 4431 2
4432 4431 3
5095 4432 12
5448 4432 10
4427 4432 14
4307 4432 9
4425 4432 18
4309 4432 2
4467 4432 17
4431 4433 3
4434 4433 3
4432 4434 3
4515 4435 4
4847 4435 11
5570 4435 10
4431 4435 3
4450 4435 16
4408 4435 22
4922 4436 3
4435 4436 22
6036 4436 2
4220 4436 25
4431 4437 3
4434 4437 3
4431 4438 3
4439 4438 4
4590 4439 10
4432 4439 3
5797 4439 1
4439 4440 9
5006 4440 4
4438 4440 4
5255 4441 14
4408 4441 28
5499 4441 11
4452 4441 20
4431 4441 3
6178 4441 1
5258 4442 10
4221 4442 35
4549 4442 3
6040 4442 3
6205 4442 1
6036 4442 2
6454 4442 1
4441 4442 28
4392 4443 3
4431 4443 3
4408 4444 23
4459 4444 1
4431 4444 3
5493 4444 11
4544 4444 3
5256 4444 1
5569 4444 10
4847 4444 11
5568 4444 10
6436 4444 1
4509 4445 13
5500 4445 12
5501 4445 11
5545 4445 13
4450 4445 16
4444 4445 23
4466 4445 3
4408 4445 44
5498 4445 11
4481 4445 18
4585 4445 11
4455 4445 4
5536 4446 9
6704 4446 1
4849 4446 14
5538 4446 10
6036 4446 2
4221 4446 50
4847 4446 11
4445 4446 44
4444 4447 23
6036 4447 2
6035 4447 3
4516 4447 7
4922 4447 3
5600 4447 4
5502 4447 9
5536 4447 9
4221 4447 33
4431 4448 3
4449 4448 4
4138 4449 1
4307 4449 9
4432 4449 3
4427 4449 5
4463 4449 10
5345 4449 10
4449 4450 16
4448 4450 4
5492 4450 10
5541 4450 10
4449 4451 16
4448 4451 4
5492 4451 10
5540 4451 9
5541 4451 10
4451 4452 16
4509 4452 13
4408 4452 20
4452 4453 20
4454 4453 20
4408 4454 20
4432 4455 4
4431 4455 3
5532 4456 10
4431 4456 3
4457 4456 14
4432 4457 3
4408 4457 10
4456 4458 14
4457 4458 14
4460 4459 15
5497 4459 10
4431 4459 3
4138 4460 10
5448 4460 10
4307 4460 9
4432 4460 3
4398 4460 10
4309 4460 2
5358 4460 1
4427 4460 14
4523 4461 4
4515 4461 4
4187 4461 26
4549 4461 3
6436 4461 1
4459 4461 14
5497 4461 10
4466 4461 3
5501 4461 11
6391 4461 1
4905 4461 1
6947 4461 1
6804 4461 1
4431 4462 3
4463 4462 4
4432 4463 3
4990 4463 1
4629 4463 1
4307 4463 9
4427 4463 14
5097 4464 10
5547 4464 10
4414 4464 2
4416 4464 14
4401 4465 14
4464 4465 14
4467 4466 3
4414 4466 2
4307 4467 9
4427 4467 14
5358 4467 1
4512 4467 11
4398 4467 10
4309 4467 2
4466 4468 3
4469 4468 3
4309 4469 2
4209 4469 2
4467 4469 3
4475 4469 1
4374 4469 1
4325 4469 1
4466 4470 3
6912 4470 1
4427 4470 4
4469 4471 3
4466 4471 3
4466 4472 3
4416 4472 4
4472 4473 4
4401 4473 4
4475 4474 3
4466 4474 3
4325 4475 1
4326 4475 1
4209 4475 2
4467 4475 3
4309 4475 2
4374 4475 1
4469 4475 8
4460 4475 3
4843 4476 10
5518 4476 11
5357 4476 1
4467 4476 17
4466 4476 3
4307 4477 20
4476 4477 17
5497 4477 10
4481 4477 18
5976 4477 1
5497 4478 10
4432 4478 20
4476 4478 17
4481 4478 18
4476 4479 17
4414 4479 2
5497 4479 10
4416 4479 19
4401 4480 19
4479 4480 19
4476 4481 17
4425 4481 18
4466 4482 3
4475 4482 3
4469 4483 3
4466 4483 3
4416 4484 4
4466 4484 3
4484 4485 4
4401 4485 4
4469 4486 3
4466 4486 3
4466 4487 3
4416 4487 4
4487 4488 4
4408 4488 5
4488 4489 5
4922 4489 3
4849 4489 14
4221 4489 21
4491 4490 9
6088 4490 2
5800 4490 1
4487 4490 4
4564 4491 14
4188 4491 2
5680 4491 2
4416 4491 4
5741 4491 4
5593 4491 11
5481 4491 1
4994 4491 3
4807 4491 8
4466 4492 3
4493 4492 3
5741 4493 5
4325 4493 2
4209 4493 4
4475 4493 7
4460 4493 5
4467 4493 3
4374 4493 3
4326 4493 3
4493 4494 3
4466 4494 3
5540 4495 9
4220 4495 12
4466 4495 3
4466 4496 3
4493 4496 3
6220 4497 1
4220 4497 8
4922 4497 3
6205 4497 1
4466 4497 3
6166 4498 2
4510 4498 3
4475 4498 7
6539 4498 1
4466 4498 3
4414 4498 2
6495 4499 1
4416 4499 5
4466 4499 3
6495 4500 1
4499 4500 5
4401 4500 5
4499 4501 5
4416 4501 18
4414 4501 2
4857 4501 12
4501 4502 18
4401 4502 18
6993 4503 1
4475 4503 8
6539 4503 1
4466 4503 3
6762 4503 1
6166 4503 2
5814 4504 6
4466 4504 3
4401 4504 9
4493 4505 3
4466 4505 3
4466 4506 3
4307 4506 15
5518 4506 11
6705 4506 1
4309 4507 2
4414 4507 2
6789 4508 1
4414 4508 2
5227 4508 1
6962 4508 1
4416 4508 8
6202 4508 2
4425 4509 13
4414 4509 2
5497 4509 10
4414 4510 2
4460 4510 3
4843 4511 10
4510 4511 3
4512 4511 13
4427 4512 14
5116 4512 10
4460 4512 6
4138 4512 10
4398 4512 10
5515 4512 10
4307 4513 16
4510 4513 3
4414 4513 2
4867 4513 12
4227 4514 16
4513 4514 16
4460 4515 4
4510 4515 3
4523 4516 4
4515 4516 4
4408 4516 7
4515 4517 4
4902 4517 1
6552 4517 1
4777 4517 1
5498 4517 11
4523 4517 4
4671 4517 1
4187 4517 23
6397 4517 1
6804 4517 1
4512 4518 5
4515 4518 4
4520 4519 7
4533 4519 4
4518 4519 5
4512 4520 19
5109 4520 3
4460 4520 4
4309 4521 3
4549 4521 3
4414 4521 2
4414 4522 2
4460 4522 3
4522 4523 3
4460 4523 4
5553 4524 10
4408 4524 15
4523 4524 4
4221 4525 34
4584 4525 21
4530 4525 5
6036 4525 2
5545 4525 13
4524 4525 15
4922 4525 3
4523 4526 4
4493 4526 5
4533 4526 4
6606 4527 1
4493 4527 8
4652 4527 2
4523 4527 4
4533 4527 4
4652 4528 2
4529 4528 8
6606 4528 1
4523 4528 4
4533 4528 4
4460 4529 5
4212 4529 6
5741 4529 4
5109 4529 5
4326 4529 3
4523 4530 4
4408 4530 5
4459 4531 1
6397 4531 1
4187 4531 6
4523 4531 4
4459 4532 1
4523 4532 4
4187 4532 5
4460 4533 4
4522 4533 3
4512 4534 4
4533 4534 4
4520 4535 4
4533 4535 4
4529 4536 6
4533 4536 4
4652 4536 2
4533 4537 4
5881 4537 2
4416 4537 7
4537 4538 7
4401 4538 7
4520 4539 4
4533 4539 4
4533 4540 4
4493 4540 4
4520 4541 4
4533 4541 4
4512 4542 5
4533 4542 4
4520 4543 5
4542 4543 5
4414 4544 2
4425 4544 3
5585 4545 10
5097 4545 10
4414 4545 2
4416 4545 15
5976 4545 1
6041 4546 1
4469 4546 5
4414 4546 2
6166 4546 2
4416 4547 3
4414 4547 2
4547 4548 3
4401 4548 3
4309 4549 3
4414 4549 2
4427 4550 3
4549 4550 3
4229 4551 2
4414 4551 2
4414 4552 2
4475 4552 2
4309 4553 4
5784 4553 1
6962 4553 1
6870 4553 1
4410 4553 1
5734 4554 1
4555 4554 5
6265 4554 1
7005 4554 1
5618 4554 1
6511 4555 1
4181 4555 2
5828 4555 1
5938 4555 1
5205 4555 3
4557 4556 1
4556 4558 1
7017 4558 1
4559 4558 3
5741 4559 4
6254 4559 3
4557 4559 1
4561 4560 1
4290 4561 4
6614 4562 1
5247 4562 1
6367 4562 1
5914 4562 1
6218 4562 1
6791 4562 1
5736 4562 1
6798 4562 1
6002 4562 1
6347 4562 1
6389 4562 1
5997 4562 1
4560 4562 1
6909 4562 1
6346 4562 1
6649 4562 1
6472 4562 1
4383 4562 19
6494 4562 1
6032 4563 3
5592 4563 11
4670 4563 1
6358 4563 2
5337 4563 1
5200 4563 4
5739 4563 5
4564 4563 43
4562 4563 19
6008 4563 2
4383 4564 29
5593 4564 11
4188 4564 2
5199 4565 1
6389 4565 1
5997 4565 1
6649 4565 1
5914 4565 1
6367 4565 1
6925 4565 1
6791 4565 1
6002 4565 1
6346 4565 1
6494 4565 1
5736 4565 1
6614 4565 1
6472 4565 1
6909 4565 1
6700 4565 1
6347 4565 1
4560 4565 1
6394 4565 1
6798 4565 1
4566 4565 22
6218 4565 1
5247 4565 1
4383 4566 1
4561 4566 21
6346 4567 1
6347 4567 1
6925 4567 1
4560 4567 1
5199 4567 1
6791 4567 1
4566 4567 9
6614 4567 1
5736 4567 1
6394 4567 1
6389 4568 1
5914 4568 1
6649 4568 1
4560 4568 1
6218 4568 1
5997 4568 1
6002 4568 1
6909 4568 1
6347 4568 1
5736 4568 1
6472 4568 1
6791 4568 1
5285 4568 1
6494 4568 1
4290 4568 15
6367 4568 1
4570 4569 3
5758 4569 2
5807 4570 1
5128 4570 2
5759 4570 2
4203 4571 8
6190 4571 3
6876 4571 1
4569 4571 3
5428 4571 3
4573 4572 7
4569 4572 3
5428 4572 3
6190 4572 3
4803 4573 3
5139 4573 4
4570 4573 3
4771 4573 1
5807 4573 1
4573 4574 9
6190 4574 3
5428 4574 3
5781 4574 1
5138 4574 2
4569 4574 3
4576 4575 3
4569 4575 3
5139 4576 3
4570 4576 3
5725 4577 2
4569 4577 3
4242 4577 6
5916 4577 1
4579 4578 4
6837 4578 2
6759 4578 1
5990 4579 2
4871 4579 7
5386 4579 1
4578 4580 4
4581 4580 5
4579 4581 11
4580 4582 5
4581 4582 5
5572 4584 13
5518 4584 11
5571 4584 13
4867 4584 12
4408 4584 21
5497 4585 10
4460 4585 11
4352 4586 1
4586 4587 1
4258 4587 1
5407 4588 1
6857 4588 1
4242 4588 3
4586 4588 1
4590 4589 4
4805 4590 1
4592 4590 11
4594 4590 11
5454 4590 1
4589 4590 1
5453 4590 2
4439 4590 11
5005 4590 1
4593 4590 11
5120 4590 1
5456 4590 1
4591 4590 23
4595 4590 11
4714 4590 4
4589 4593 1
5120 4593 1
4826 4593 1
4822 4593 1
5005 4593 1
5424 4593 1
4590 4593 2
5465 4593 1
6325 4593 1
5455 4593 1
4871 4593 6
5383 4593 1
4803 4595 3
4590 4595 1
5411 4596 1
5414 4596 1
5547 4597 10
4416 4597 12
4843 4597 10
5497 4598 10
5502 4598 9
5482 4598 3
5507 4598 10
4843 4598 10
4307 4598 15
4857 4598 12
4597 4598 12
4309 4599 12
4597 4599 12
4601 4600 1
6158 4602 1
4603 4602 2
4600 4602 1
4601 4603 6
6000 4603 2
5727 4603 1
4329 4604 1
4370 4606 1
4608 4607 5
5787 4607 1
4185 4608 8
4160 4609 1
4199 4610 1
5912 4611 2
4199 4611 8
6079 4611 3
6846 4611 1
4610 4611 1
5972 4612 2
4613 4612 2
5284 4612 1
4615 4614 1
4290 4615 4
5923 4616 1
5210 4616 1
5012 4616 9
6548 4616 1
6092 4616 1
6010 4616 2
5175 4616 1
5773 4616 1
4614 4616 1
4614 4617 1
5518 4617 11
4187 4617 12
6686 4618 1
4619 4618 2
4751 4619 4
4190 4620 2
4618 4620 2
4203 4621 6
5763 4621 1
5835 4621 1
6157 4621 1
6264 4621 1
4618 4621 2
6157 4622 1
4618 4622 2
6264 4622 1
4203 4622 6
5835 4622 1
5763 4622 1
4624 4623 3
6371 4625 1
5751 4625 1
6514 4625 1
4626 4625 4
5084 4626 3
4196 4626 1
6812 4627 1
4626 4627 5
4625 4627 4
4626 4628 5
6812 4628 1
4625 4628 4
4591 4629 3
5396 4630 4
4192 4630 13
6922 4630 1
6231 4630 1
4672 4630 6
4632 4631 5
4293 4632 46
6215 4633 1
4579 4633 2
4581 4634 2
4633 4634 2
4370 4635 1
6583 4636 1
6522 4636 1
6659 4636 1
5263 4636 1
6362 4636 1
6545 4636 1
6165 4636 1
6616 4636 1
6920 4636 1
4842 4636 1
6523 4636 1
6835 4636 1
6740 4636 1
6689 4636 1
6497 4636 1
5012 4636 33
6760 4636 1
5425 4636 1
6368 4636 1
5931 4636 1
6064 4636 1
6794 4636 1
6133 4636 1
5929 4636 1
5927 4636 1
6809 4636 1
5175 4636 1
5698 4636 1
5755 4636 1
6001 4636 1
6821 4636 1
6713 4636 1
6968 4636 1
4635 4636 1
6021 4637 1
5428 4637 3
6190 4637 3
6616 4637 1
5874 4637 3
5917 4637 3
5038 4637 1
6069 4637 1
6740 4637 1
6920 4637 1
6760 4637 1
6968 4637 1
6681 4637 1
4635 4637 1
6542 4637 1
6267 4637 1
5619 4637 1
6305 4637 1
6522 4637 1
5931 4637 1
6689 4637 1
6282 4637 3
6279 4637 3
5929 4637 1
5263 4637 1
4236 4637 31
5268 4637 3
6835 4637 1
4639 4638 4
4786 4638 1
4788 4638 1
4784 4638 1
4641 4640 1
4290 4641 4
5269 4642 1
6473 4642 1
6356 4642 1
6085 4642 1
4643 4642 5
4640 4642 1
4641 4643 5
5117 4643 11
5222 4644 1
4160 4644 1
6816 4645 2
6815 4645 1
6660 4645 1
6963 4645 1
6817 4645 1
5038 4645 1
4646 4645 18
6905 4645 1
5698 4645 1
5135 4645 1
4660 4645 1
6814 4645 1
6001 4645 1
5993 4645 1
5954 4645 1
4661 4646 13
5899 4646 1
4648 4647 6
6264 4647 1
5010 4647 1
5763 4647 1
4645 4647 2
6157 4647 1
5009 4648 1
5109 4648 3
4160 4648 5
4646 4648 2
4650 4649 2
4645 4649 2
4189 4650 1
4646 4650 2
4645 4651 2
4650 4651 2
4326 4652 2
6539 4652 1
4652 4653 2
4529 4653 2
4652 4654 2
4655 4654 2
4326 4655 2
4990 4655 1
4665 4655 11
4629 4655 1
5554 4655 13
5513 4655 11
4652 4656 2
4655 4656 2
4655 4657 2
4652 4657 2
4652 4658 2
4655 4658 2
4329 4659 1
4661 4660 1
5869 4661 4
6230 4662 2
5833 4662 1
4236 4662 28
5263 4662 1
6496 4662 1
6713 4662 1
5931 4662 1
5331 4662 1
7013 4662 1
4645 4662 16
6862 4662 1
6844 4662 1
5929 4662 1
4288 4663 1
5540 4664 9
4665 4664 10
4427 4665 5
4307 4665 13
4138 4665 1
4667 4666 1
4632 4667 5
4666 4668 1
6579 4668 1
4365 4668 3
6584 4668 1
4383 4670 1
4290 4671 1
5195 4672 3
6578 4672 1
4290 4672 6
4671 4672 1
4267 4673 1
4675 4674 1
4673 4674 1
5159 4675 1
4267 4675 3
6893 4676 1
4675 4676 3
5619 4676 1
4673 4676 1
4675 4677 2
6893 4677 1
4673 4677 1
4267 4678 9
5780 4678 1
6092 4678 1
4919 4678 1
5619 4678 1
6456 4678 1
6802 4678 1
4673 4678 1
6459 4678 1
4673 4679 1
4680 4679 1
4267 4680 8
4675 4681 2
6893 4681 1
4673 4681 1
4269 4682 4
5619 4682 1
4919 4682 1
4673 4682 1
4181 4684 1
4684 4685 1
4181 4685 1
4181 4686 1
4684 4686 1
4684 4687 1
4181 4687 1
4684 4688 1
4181 4688 2
4688 4689 2
4555 4689 2
4684 4690 1
4181 4690 2
4419 4691 2
4690 4691 2
4693 4692 3
4690 4692 2
4181 4693 2
4692 4694 3
4693 4694 3
4690 4695 2
4693 4695 3
4697 4696 3
4695 4696 3
4422 4697 4
4693 4697 10
4693 4698 3
4690 4698 2
4697 4699 3
4698 4699 3
4693 4700 3
4690 4700 2
4700 4701 3
4697 4701 3
4690 4702 2
4693 4702 3
4697 4703 3
4702 4703 3
4693 4704 3
4690 4704 2
4697 4705 3
4704 4705 3
4690 4706 2
4693 4706 3
4697 4707 3
4706 4707 3
4693 4708 2
4690 4708 2
4690 4709 2
4693 4709 3
4697 4710 3
4709 4710 3
4693 4711 3
4690 4711 2
4711 4712 3
4697 4712 3
5831 4713 3
4714 4713 4
4830 4714 1
4590 4714 4
4940 4715 2
4713 4715 4
4590 4715 7
4717 4716 7
4715 4716 7
4822 4717 1
4590 4717 25
4416 4717 14
4593 4717 2
4439 4717 14
5990 4717 2
4232 4717 4
5005 4717 1
5386 4717 1
4370 4717 3
5383 4717 1
4714 4717 1
4826 4717 1
4425 4717 11
5424 4717 1
5465 4717 1
5453 4717 1
6594 4717 2
6742 4718 1
4715 4718 7
4988 4718 4
5796 4718 1
4719 4718 13
4593 4719 4
5456 4719 1
5453 4719 1
4589 4719 1
5797 4719 1
4805 4719 1
4830 4719 1
4714 4719 2
5454 4719 1
4590 4719 13
4932 4720 1
6086 4720 1
6961 4720 1
4988 4720 4
4719 4720 15
4715 4720 7
6742 4720 1
6534 4720 1
6742 4721 1
4941 4721 3
4723 4721 8
4715 4721 7
4940 4721 2
6961 4721 1
4722 4721 17
4988 4721 4
6086 4721 1
6534 4721 1
4590 4722 10
4593 4722 4
5454 4722 1
4805 4722 1
5456 4722 1
5797 4722 1
4714 4722 1
4715 4723 7
4590 4723 8
5796 4724 1
4723 4724 8
4715 4724 7
6742 4724 1
4722 4724 10
6742 4725 1
4719 4725 18
4941 4725 3
6707 4725 1
6086 4725 1
6329 4725 1
4942 4725 3
6534 4725 1
4940 4725 2
4715 4725 7
6181 4725 1
6961 4725 1
5006 4725 4
6742 4726 1
4719 4726 14
4932 4726 1
6707 4726 1
5796 4726 1
6534 4726 1
4988 4726 4
4715 4726 7
5796 4727 1
4941 4727 3
6742 4727 1
4722 4727 14
4715 4727 7
4988 4727 4
4729 4728 1
4632 4729 5
6963 4730 1
6230 4730 2
7020 4730 1
4728 4730 1
6660 4730 1
6817 4730 1
4731 4730 9
6816 4730 2
4661 4731 5
4267 4731 2
4729 4731 2
4733 4732 1
4728 4732 1
4729 4733 2
6890 4734 1
4733 4734 2
4728 4734 1
6845 4735 1
4736 4735 3
6049 4735 1
4728 4735 1
4232 4736 1
4729 4736 1
6366 4736 1
4728 4737 1
4733 4737 1
5808 4738 1
4889 4738 11
4739 4738 17
5957 4738 1
6554 4738 1
6681 4738 1
6713 4738 1
6728 4738 1
4728 4738 1
5731 4738 2
6049 4738 1
4729 4739 1
5809 4739 1
5292 4739 1
4232 4739 14
4741 4740 1
4728 4740 1
4729 4741 1
4728 4742 1
4741 4742 1
4741 4743 1
4728 4743 1
6267 4744 1
6713 4744 1
6995 4744 1
6069 4744 1
4745 4744 16
6681 4744 1
6010 4744 2
5962 4744 3
6025 4744 1
5957 4744 1
5959 4744 2
4728 4744 1
5693 4744 7
4729 4745 1
4232 4745 9
5706 4745 1
5012 4745 7
4365 4745 1
4352 4745 1
4728 4746 1
4741 4746 1
4741 4747 1
4728 4747 1
4289 4748 1
5110 4749 4
4396 4749 5
6647 4750 2
4749 4750 5
4396 4750 8
5080 4750 1
4595 4752 4
5676 4753 10
5964 4753 12
4754 4753 23
6120 4754 1
5109 4754 3
5771 4754 1
5139 4754 3
5159 4754 1
5949 4754 1
6119 4754 3
4232 4754 7
4754 4755 24
4753 4755 23
4754 4756 24
4755 4756 24
4754 4757 24
4755 4757 24
4755 4758 24
4754 4758 24
4763 4759 25
4755 4759 24
4754 4759 25
4755 4760 24
4754 4760 25
4754 4761 25
4760 4761 25
4754 4762 25
4763 4762 25
4755 4762 24
4755 4763 24
4754 4763 25
4764 4765 3
5787 4766 1
4764 4766 3
4764 4767 3
4764 4768 3
6797 4769 1
4156 4769 3
6617 4769 1
4771 4770 8
4769 4770 3
6190 4770 3
5138 4770 2
5781 4770 1
4573 4771 4
4156 4771 3
5139 4771 4
4773 4772 4
5149 4773 3
4209 4774 3
6750 4774 2
4293 4775 1
4371 4776 4
5477 4776 1
4778 4777 1
4290 4778 4
5175 4779 1
6117 4779 1
6552 4779 1
6397 4779 1
6092 4779 1
5012 4779 11
6422 4779 1
6010 4779 2
4777 4779 1
6073 4779 1
6853 4779 1
4125 4780 11
4777 4780 1
6804 4780 1
5215 4780 3
5617 4780 1
4922 4780 3
4926 4780 8
5722 4780 2
4638 4781 1
4638 4782 2
4781 4782 1
4784 4783 2
4782 4783 2
4832 4784 3
4638 4784 2
4781 4785 1
4786 4785 1
4638 4786 2
4832 4786 3
4781 4787 1
6856 4787 1
4788 4787 2
4638 4788 4
4832 4788 4
4788 4789 2
4781 4789 1
6856 4789 1
6856 4790 1
4788 4790 2
4781 4790 1
4370 4792 1
4192 4793 1
4795 4794 15
4793 4794 1
4809 4794 14
4192 4795 18
6509 4795 4
4795 4796 15
4793 4796 1
4809 4796 14
4795 4797 15
4809 4797 14
4793 4797 1
4793 4798 1
4809 4798 14
4795 4798 15
4192 4799 1
4793 4799 1
4729 4800 1
4802 4801 3
6374 4801 1
4800 4801 1
6938 4801 1
5981 4802 2
4729 4802 1
6018 4802 3
5148 4802 1
5128 4803 2
5807 4803 1
5759 4803 2
5084 4804 2
4624 4804 5
4292 4804 1
4632 4804 1
5237 4804 2
4590 4805 4
4807 4806 1
6050 4808 1
5594 4808 14
4491 4808 16
4806 4808 1
6265 4809 1
6420 4809 2
4192 4809 14
5532 4809 10
6971 4809 1
6883 4810 1
4795 4810 15
4809 4810 14
4795 4811 16
4809 4811 14
5202 4811 12
4813 4812 16
5202 4812 12
4809 4812 14
4192 4813 16
4809 4814 14
4813 4814 15
4809 4815 14
4795 4815 16
5202 4815 12
4795 4816 14
4809 4816 14
4809 4817 14
4795 4817 14
4795 4818 14
4809 4818 14
4795 4819 14
4809 4819 14
4821 4820 4
4823 4822 4
4824 4823 19
4826 4825 1
4823 4826 4
4825 4827 1
4593 4827 1
4825 4828 1
4593 4828 1
4825 4829 1
4593 4829 1
4590 4830 4
6613 4831 1
4832 4831 2
4788 4832 1
6526 4832 1
4784 4832 1
4786 4832 1
5086 4832 4
4839 4832 1
4841 4832 1
4836 4832 1
4832 4833 3
4831 4833 2
6245 4834 3
4833 4834 3
6854 4834 1
6312 4834 1
6683 4834 1
4832 4834 8
4836 4835 8
4834 4835 8
5206 4836 7
4832 4836 8
4987 4836 1
4786 4837 4
6910 4837 1
4833 4837 3
4839 4838 3
4833 4838 3
4832 4839 3
4833 4840 3
4841 4840 3
4832 4841 3
4370 4842 1
4398 4843 10
5490 4843 9
4329 4844 11
4843 4844 10
4401 4845 12
6858 4845 1
4843 4845 10
5551 4846 10
5678 4846 1
4843 4846 10
4307 4846 12
4425 4847 11
4843 4847 10
4847 4848 11
6182 4848 4
4717 4848 17
5939 4848 2
4857 4849 12
4847 4849 11
4416 4849 14
4401 4850 14
4849 4850 14
4916 4851 1
4949 4851 10
4875 4851 3
6676 4851 1
4717 4851 30
4849 4851 14
5939 4851 2
7004 4851 1
4949 4852 10
4875 4852 3
5939 4852 2
4717 4852 28
4941 4852 3
4849 4852 14
4416 4853 12
4847 4853 11
4401 4854 12
4853 4854 12
4309 4855 11
4843 4855 10
4855 4856 11
4229 4856 11
4416 4857 12
5547 4857 10
4843 4857 10
4857 4858 12
4309 4858 12
4843 4859 10
4309 4859 11
4229 4860 11
4859 4860 11
4329 4861 11
4843 4861 10
4843 4862 10
4401 4862 11
4307 4863 12
5357 4863 1
5451 4863 1
4843 4863 10
5363 4864 3
5357 4864 1
4843 4864 10
6205 4864 1
4401 4864 14
4401 4865 12
6205 4865 1
4843 4865 10
5357 4865 1
4843 4866 10
4307 4866 12
5357 4866 1
4460 4867 12
5357 4867 1
4843 4867 10
4867 4868 12
5518 4868 11
4187 4868 14
4329 4869 11
4843 4869 10
4843 4870 10
4401 4870 10
4583 4871 1
4160 4871 2
4370 4872 1
4292 4873 5
4232 4874 2
4232 4875 3
5939 4875 2
5939 4876 2
4875 4876 3
4877 4876 3
4232 4877 3
4875 4878 3
5939 4878 2
4877 4878 3
4290 4879 2
6999 4879 1
6798 4880 1
4879 4880 2
4290 4880 3
4882 4881 3
6881 4881 1
4879 4881 2
4290 4882 7
4210 4882 2
5326 4882 6
6420 4883 2
4879 4883 2
4137 4883 5
5261 4883 2
4184 4884 5
4214 4886 1
4214 4887 1
4886 4887 1
4232 4888 1
5959 4889 2
6827 4889 1
6713 4889 1
4888 4889 1
6531 4889 3
5958 4889 2
4232 4889 11
6681 4889 1
6728 4889 1
5957 4889 1
4292 4890 5
4329 4891 1
4892 4893 4
4290 4894 4
4129 4895 1
5835 4896 1
4871 4896 3
6806 4896 1
4579 4897 7
4896 4897 3
6837 4897 2
6759 4897 1
4581 4898 7
4897 4898 7
4581 4899 7
4897 4899 7
4896 4900 3
6759 4900 1
4579 4900 7
6837 4900 2
4581 4901 7
4900 4901 7
4903 4902 1
4290 4903 4
4902 4904 1
4134 4904 13
5532 4904 10
6807 4904 1
4906 4905 1
4290 4906 4
4985 4907 1
5000 4907 1
6244 4907 1
6010 4907 2
6811 4907 1
5969 4907 1
5012 4907 18
7018 4907 1
6790 4907 1
6820 4907 1
5175 4907 1
6092 4907 1
6810 4907 1
4905 4907 1
6480 4907 1
7016 4907 1
6917 4907 1
6554 4907 1
4909 4908 1
6081 4909 4
6425 4910 1
4908 4910 1
4911 4910 2
4909 4911 4
4911 4912 2
4908 4912 1
6425 4912 1
4908 4913 1
6425 4913 1
7002 4913 1
4911 4913 3
4590 4914 13
4940 4914 2
5033 4914 4
6961 4914 1
6534 4914 1
6086 4914 1
5831 4914 3
4717 4915 13
4914 4915 13
4370 4916 1
5796 4917 1
4440 4917 1
5036 4917 8
4439 4917 11
4917 4918 11
4950 4918 3
4717 4918 13
4267 4919 1
4680 4920 1
4919 4920 1
6893 4921 1
4675 4921 2
4919 4921 1
4992 4922 2
4125 4922 3
5081 4923 1
4125 4923 7
4922 4923 3
5215 4923 3
4922 4924 3
4422 4924 3
6842 4925 1
5215 4925 3
4125 4925 10
5722 4925 2
6771 4925 1
4922 4925 3
5722 4926 2
4922 4926 3
4125 4926 8
6438 4926 1
5215 4926 3
4929 4927 14
4125 4927 15
4926 4927 8
4928 4927 9
4125 4928 9
4926 4928 8
4125 4929 14
4928 4929 9
5740 4929 4
4929 4930 14
4125 4930 14
4590 4932 1
4932 4933 1
4590 4933 2
6384 4933 1
4593 4934 1
4932 4934 1
4593 4935 1
4932 4935 1
4590 4936 2
4932 4936 1
4717 4937 5
6843 4937 1
6837 4937 2
4936 4937 2
4932 4938 1
4590 4938 2
4932 4939 1
4938 4939 2
4590 4939 2
4590 4940 2
4932 4940 1
4940 4941 2
4590 4941 3
4590 4942 3
4940 4942 2
4932 4943 1
4942 4943 3
4719 4943 10
6329 4943 1
6961 4943 1
6707 4943 1
5006 4943 4
6742 4944 1
4942 4944 3
4722 4944 5
5796 4944 1
4932 4944 1
4932 4945 1
4942 4945 3
5796 4945 1
6742 4945 1
4722 4945 5
4932 4946 1
5796 4946 1
4942 4946 3
4722 4946 5
6742 4946 1
4940 4947 2
5033 4947 4
4590 4947 10
5831 4947 3
4947 4948 10
4717 4948 15
5611 4948 1
6593 4948 2
4949 4948 10
6821 4948 1
4590 4949 10
4940 4949 2
5033 4949 4
5831 4949 3
4439 4950 3
4932 4950 1
5796 4950 1
4950 4951 3
4932 4951 1
4439 4951 3
4932 4952 1
4439 4952 2
4952 4953 2
4717 4953 2
4717 4954 2
4952 4954 2
4932 4955 1
4593 4955 1
4593 4956 1
4932 4956 1
6181 4957 1
4593 4957 2
4932 4957 1
4593 4958 2
4932 4958 1
6181 4958 1
4593 4959 1
4932 4959 1
5841 4960 6
4593 4960 7
4932 4960 1
4595 4961 1
4932 4961 1
7004 4962 1
4932 4962 1
4719 4962 5
6181 4962 1
5796 4962 1
6707 4962 1
7004 4963 1
6534 4963 1
6329 4963 1
6707 4963 1
4932 4963 1
4719 4963 6
6181 4963 1
4932 4964 1
6181 4964 1
7004 4964 1
4719 4964 5
6707 4964 1
5796 4964 1
5006 4965 4
6181 4965 1
4932 4965 1
6707 4965 1
7004 4965 1
4719 4965 8
4932 4966 1
6707 4966 1
4719 4966 5
7004 4966 1
6181 4966 1
5796 4966 1
4968 4967 3
6448 4967 2
5759 4968 3
5807 4968 1
5128 4968 1
4970 4969 3
4967 4969 3
5109 4970 3
5128 4970 1
4156 4970 7
4968 4970 3
4335 4970 1
5441 4970 3
4967 4971 3
4970 4971 3
4970 4972 6
4967 4972 3
5616 4972 3
4967 4973 3
4970 4973 3
4263 4974 3
4967 4974 3
4967 4975 3
4263 4975 3
4967 4976 3
4977 4976 3
4156 4977 5
4968 4977 5
4967 4978 3
4977 4978 3
4977 4979 3
4967 4979 3
4977 4980 3
4967 4980 3
6440 4981 2
4619 4981 3
4983 4982 3
4981 4982 3
4619 4983 3
4624 4984 3
4390 4985 1
6478 4986 1
6820 4986 1
6794 4986 1
6432 4986 1
6811 4986 1
5175 4986 1
6790 4986 1
6010 4986 2
6143 4986 1
6581 4986 1
6369 4986 1
6352 4986 1
6544 4986 1
6480 4986 1
5000 4986 1
7018 4986 1
6844 4986 1
6572 4986 1
6305 4986 1
5392 4986 1
6345 4986 1
5012 4986 27
6967 4986 1
6121 4986 1
4985 4986 1
5969 4986 1
6917 4986 1
4290 4987 4
6203 4988 1
5004 4988 1
4593 4988 4
6919 4988 1
4641 4989 1
4991 4990 3
4138 4990 1
4125 4992 2
6971 4992 1
6036 4993 2
5600 4993 4
4994 4993 6
5117 4994 7
4205 4995 1
6461 4996 1
4207 4996 2
4995 4996 1
4207 4997 1
4995 4997 1
4995 4998 1
4207 4998 1
5477 4999 1
4390 5000 1
4232 5001 1
4236 5002 2
5001 5002 1
6165 5002 1
4246 5003 1
5001 5003 1
5005 5004 1
4590 5005 4
6915 5006 1
5004 5006 1
6203 5006 1
4590 5006 4
5006 5007 4
4717 5007 4
5009 5008 2
6923 5008 1
6323 5009 1
4931 5009 4
6496 5010 1
6818 5010 1
5009 5010 6
5008 5010 2
5959 5011 2
5833 5011 1
4905 5011 1
5956 5011 1
6397 5011 1
6184 5011 1
6305 5011 1
5962 5011 3
6085 5011 1
5875 5011 1
6295 5011 1
6010 5011 2
6073 5011 1
5010 5011 5
5773 5011 1
6611 5011 1
5618 5011 1
6255 5011 1
6689 5011 1
4640 5011 1
6516 5011 1
6356 5011 1
6844 5011 1
5715 5011 1
4777 5011 1
6681 5011 1
4294 5011 1
5923 5011 1
6800 5011 1
6713 5011 1
4874 5011 1
4748 5011 1
5012 5011 53
6499 5011 1
5692 5011 1
4989 5011 1
5734 5011 1
5287 5011 2
6728 5011 1
6069 5011 1
6083 5011 1
6827 5011 1
5269 5011 1
5395 5011 1
6862 5011 1
7005 5011 1
6473 5011 1
5957 5011 1
4232 5012 24
4661 5012 3
5393 5012 4
6290 5012 1
5951 5012 2
4295 5012 3
5079 5012 1
5267 5012 1
6366 5012 1
4729 5012 1
4344 5012 1
4903 5012 3
5707 5012 3
6221 5012 1
4778 5012 2
4894 5012 2
5211 5012 2
4619 5012 1
5944 5012 1
5292 5012 1
6084 5012 1
4290 5012 3
5286 5012 1
4352 5012 1
4289 5012 2
5009 5012 5
5809 5012 1
5205 5012 3
5426 5012 1
4390 5012 16
4641 5012 8
5470 5012 3
4267 5012 1
5131 5012 2
5376 5012 1
5735 5012 2
4906 5012 1
4370 5012 91
4615 5012 3
5109 5012 5
5395 5013 1
6681 5013 1
5957 5013 1
5175 5013 1
5962 5013 3
6267 5013 1
5012 5013 18
5692 5013 1
5287 5013 2
4728 5013 1
6069 5013 1
6713 5013 1
5959 5013 2
5010 5013 5
5006 5032 4
4590 5032 4
6915 5033 1
4590 5033 4
5004 5033 1
6203 5033 1
5033 5034 4
4590 5034 8
5831 5034 3
5034 5035 8
4717 5035 8
5033 5036 4
5831 5036 3
4590 5036 8
5036 5037 8
4717 5037 8
4661 5038 1
5040 5039 2
5038 5039 1
6572 5039 1
5131 5040 2
4661 5040 1
5040 5041 2
6572 5041 1
5038 5041 1
5038 5042 1
5040 5042 1
5040 5043 2
5038 5043 1
6572 5043 1
5038 5044 1
6572 5044 1
5040 5044 2
5046 5045 1
5038 5045 1
5131 5046 2
4661 5046 1
5046 5047 1
5038 5047 1
5038 5048 1
5046 5048 1
5046 5049 1
5038 5049 1
5038 5050 1
5046 5050 1
5038 5051 1
5046 5051 1
6572 5052 1
5046 5052 2
5038 5052 1
5046 5053 1
5038 5053 1
5038 5054 1
5046 5054 1
5046 5055 1
5038 5055 1
5038 5056 1
5046 5056 1
5046 5057 1
5038 5057 1
5038 5058 1
5046 5058 1
5046 5059 1
5038 5059 1
5046 5060 1
5038 5060 1
5046 5061 1
5038 5061 1
5038 5062 1
5046 5062 1
5038 5063 1
5046 5063 1
5038 5064 1
5046 5064 1
5038 5065 1
5046 5065 1
5038 5066 1
5046 5066 1
5038 5067 1
5046 5067 1
5038 5068 1
5046 5068 1
5046 5069 1
5038 5069 1
5038 5070 1
6572 5070 1
5040 5070 2
5443 5071 4
6257 5071 1
5038 5071 1
4236 5071 6
5038 5072 1
5073 5072 1
5131 5073 2
4661 5073 1
6257 5074 1
4236 5074 6
5444 5074 4
5038 5074 1
5073 5075 1
5038 5075 1
5038 5076 1
5073 5076 1
5073 5077 1
5038 5077 1
6572 5078 1
5073 5078 2
5038 5078 1
4290 5079 4
4396 5080 1
5082 5081 2
4836 5083 4
4632 5086 3
5089 5088 3
4129 5090 1
4129 5091 2
5090 5091 1
4189 5092 1
5533 5093 12
6593 5093 2
5092 5093 1
5094 5093 15
4189 5094 1
4192 5094 12
6594 5094 2
5096 5095 5
5491 5095 10
4220 5096 9
4401 5096 9
5095 5096 12
4224 5096 9
4683 5096 20
4307 5096 9
4309 5097 10
5489 5097 9
4227 5098 10
5097 5098 10
5097 5099 10
4307 5099 10
4227 5100 10
5097 5100 10
4309 5101 10
5097 5101 10
4227 5102 10
5097 5102 10
4352 5103 1
4258 5104 2
5103 5104 1
4292 5106 5
5109 5108 3
4290 5110 4
5285 5110 1
5915 5110 2
6826 5111 1
6420 5111 2
5171 5111 3
4137 5111 9
5110 5111 4
5915 5111 2
4184 5112 5
5113 5112 1
4430 5115 1
4290 5117 1
4326 5117 2
4463 5117 11
5779 5117 3
4643 5117 1
4307 5117 9
5481 5117 3
4325 5117 2
4590 5120 4
6066 5121 1
6377 5121 1
5122 5121 3
4632 5122 2
6135 5122 1
4290 5122 3
5946 5122 2
5121 5123 3
5947 5123 4
5124 5123 9
6136 5123 2
5122 5124 14
5124 5125 3
5121 5125 3
4212 5126 1
5126 5127 1
6479 5127 1
6587 5127 1
6662 5127 1
4529 5127 10
6233 5127 1
5740 5127 4
6537 5127 1
5129 5128 4
5131 5130 1
4210 5131 4
5130 5132 1
6572 5132 1
5979 5132 1
5133 5132 3
5131 5133 9
6970 5134 1
7021 5134 1
5130 5134 1
5225 5134 1
5133 5134 8
5979 5134 1
5253 5134 1
5235 5134 1
6240 5134 1
4661 5135 1
6461 5136 1
5137 5136 3
5135 5136 1
6884 5136 1
4205 5137 1
4661 5137 1
4873 5137 1
5139 5138 2
6718 5138 1
5807 5139 1
5759 5139 2
5128 5139 2
5138 5140 2
6190 5140 3
4771 5140 4
5376 5141 7
4292 5141 1
4804 5141 4
4807 5142 2
6008 5143 2
5142 5143 2
5242 5143 1
6338 5143 1
6132 5143 1
4491 5143 9
4903 5144 1
4136 5145 10
5536 5145 9
5144 5145 1
4632 5147 5
4632 5148 5
4632 5149 5
5710 5150 1
4632 5150 5
4632 5151 5
4632 5152 5
4632 5153 5
4632 5154 5
4632 5155 5
4729 5156 3
4632 5157 5
4632 5158 5
4632 5159 5
4632 5160 5
4632 5161 5
4632 5162 5
4632 5163 5
4632 5164 5
4307 5166 2
5878 5166 1
5489 5167 9
5166 5167 2
4427 5167 11
4192 5168 11
5532 5168 10
4184 5169 5
4561 5170 1
4290 5171 3
5285 5171 1
5170 5171 1
5171 5172 3
4882 5172 3
5171 5173 3
5122 5173 4
5173 5174 4
5124 5174 5
5928 5174 1
4232 5175 1
5175 5176 1
6092 5176 1
6010 5176 2
5012 5176 4
5012 5177 4
6010 5177 2
5175 5177 1
6092 5177 1
5175 5178 1
6092 5178 1
6010 5178 2
5012 5178 4
6340 5179 1
6581 5179 1
5012 5179 9
6121 5179 1
6967 5179 1
6010 5179 2
5175 5179 1
5392 5179 1
6073 5179 1
6010 5180 2
5210 5180 1
6548 5180 1
5012 5180 6
6092 5180 1
5175 5180 1
5679 5181 1
5175 5181 1
5012 5181 6
6010 5181 2
6548 5181 1
5210 5181 1
6548 5182 1
5210 5182 1
5012 5182 5
5175 5182 1
6010 5182 2
5012 5183 4
5175 5183 1
6010 5183 2
6392 5183 1
5175 5184 1
5618 5184 1
7005 5184 1
6010 5184 2
5012 5184 6
5734 5184 1
5012 5185 5
6092 5185 1
5175 5185 1
6010 5185 2
6572 5185 1
6722 5186 1
5175 5186 1
6010 5186 2
5012 5186 5
6092 5186 1
6572 5187 1
5012 5187 4
5175 5187 1
6010 5187 2
5175 5188 1
5012 5188 7
6010 5188 2
6548 5188 1
5210 5188 1
6844 5188 1
6092 5188 1
5012 5189 4
5175 5189 1
6010 5189 2
6092 5189 1
6713 5190 1
6968 5190 1
5175 5190 1
6305 5190 1
5012 5190 5
6545 5190 1
5175 5191 1
5012 5191 3
6010 5191 2
4290 5192 1
4290 5193 2
5192 5193 1
5285 5193 1
5285 5194 1
5192 5194 1
4290 5194 2
4290 5195 3
5192 5195 1
5285 5195 1
4290 5196 4
5195 5196 3
5323 5197 2
5285 5197 1
5196 5197 4
4192 5197 6
4184 5198 5
4561 5199 1
4383 5200 4
5736 5200 1
6791 5200 1
5199 5200 1
4832 5201 4
4196 5201 1
5147 5201 1
5237 5201 1
4773 5201 4
4192 5202 12
5532 5202 10
6353 5202 1
5482 5202 3
5202 5203 12
4813 5203 13
4619 5204 2
4290 5205 4
5128 5206 2
4160 5206 1
4329 5207 1
5211 5210 1
6545 5212 1
6968 5212 1
5213 5212 5
6713 5212 1
6548 5212 1
5210 5212 1
5376 5213 1
4370 5213 3
5211 5213 2
4661 5213 2
4232 5213 5
5012 5213 4
6681 5214 1
6713 5214 1
6548 5214 1
6010 5214 2
5012 5214 6
5210 5214 1
4125 5215 3
5722 5215 2
4370 5216 1
5741 5218 4
5754 5218 1
5217 5218 3
5217 5219 3
4209 5220 2
5217 5220 3
5221 5222 4
4305 5223 5
4370 5224 1
5131 5225 1
4370 5226 1
5228 5227 1
5357 5229 1
5227 5229 1
6789 5229 1
6205 5229 1
4401 5229 4
6789 5230 1
4401 5230 4
6205 5230 1
5227 5230 1
5357 5230 1
5227 5231 1
6202 5231 2
4192 5231 4
6789 5231 1
6789 5232 1
6202 5232 2
5233 5232 7
5227 5232 1
5482 5232 3
5481 5233 3
4990 5233 1
4307 5233 10
5228 5233 4
6202 5234 2
6789 5234 1
4192 5234 4
5227 5234 1
5131 5235 1
5237 5236 1
4804 5238 6
6847 5238 1
6371 5238 1
6066 5238 1
5996 5238 1
5236 5238 1
6514 5238 1
5109 5239 3
5240 5241 4
4807 5242 1
4283 5243 2
5780 5243 1
4283 5244 2
5243 5244 2
5464 5245 1
4717 5245 2
4717 5246 2
5245 5246 2
4561 5247 1
4371 5248 1
5248 5249 1
4776 5249 4
6350 5249 1
6830 5249 1
6773 5249 1
5285 5250 1
4290 5250 4
6956 5250 1
6455 5250 1
4396 5251 6
6952 5251 1
5250 5251 4
4396 5252 8
5251 5252 6
5382 5252 1
6808 5252 1
5131 5253 1
5012 5254 1
5253 5254 1
5507 5255 10
5562 5255 11
4432 5255 14
4460 5256 1
4432 5258 10
5540 5258 9
5258 5259 10
5423 5259 10
4307 5259 11
6642 5260 1
5258 5260 10
4307 5260 12
6712 5260 1
6913 5261 1
4137 5261 2
5151 5262 1
4370 5263 1
5213 5264 2
5931 5264 1
5263 5264 1
5213 5265 3
5331 5265 1
5263 5265 1
5931 5265 1
5267 5266 1
4290 5267 4
4236 5268 3
6968 5268 1
6267 5268 1
4641 5269 1
5481 5270 1
4680 5271 2
5149 5272 1
5274 5273 3
5336 5273 1
6833 5273 1
5272 5273 1
4773 5274 4
5149 5274 3
6833 5275 1
5272 5275 1
5336 5275 1
5274 5275 3
5336 5276 1
6833 5276 1
5274 5276 3
5272 5276 1
5336 5277 1
5272 5277 1
5274 5277 2
5336 5278 1
5272 5278 1
4773 5278 2
4773 5279 2
5336 5279 1
5272 5279 1
5272 5280 1
5336 5280 1
4773 5280 2
5336 5281 1
5272 5281 1
4773 5281 3
6833 5281 1
5272 5282 1
5336 5282 1
4773 5282 2
4292 5283 1
5286 5285 1
4290 5286 4
4290 5287 2
5285 5287 1
5012 5288 6
5395 5288 1
5287 5288 2
6681 5288 1
5692 5288 1
6069 5288 1
5692 5289 1
5395 5289 1
5287 5289 2
6681 5289 1
5012 5289 5
5957 5290 1
5692 5290 1
5808 5290 1
5395 5290 1
6815 5290 1
5012 5290 12
5331 5290 1
5962 5290 3
5287 5290 2
6681 5290 1
6728 5290 1
5287 5291 2
5292 5291 2
5426 5292 1
4290 5292 4
5292 5293 2
5287 5293 2
5287 5294 2
5292 5294 2
5292 5295 2
5287 5295 2
5287 5296 2
5292 5296 2
5292 5297 2
5287 5297 2
5292 5298 2
5287 5298 2
5292 5299 2
5287 5299 2
5292 5300 2
5287 5300 2
5287 5301 2
5292 5301 2
5292 5302 2
5287 5302 2
5287 5303 2
5292 5303 2
5287 5304 2
5292 5304 2
5292 5305 2
5287 5305 2
5292 5306 2
5287 5306 2
5292 5307 2
5287 5307 2
5292 5308 2
5287 5308 2
5292 5309 2
5287 5309 2
5287 5310 2
5292 5310 2
5287 5311 2
5292 5311 2
5287 5312 2
5292 5312 2
5292 5313 2
5287 5313 2
5287 5314 2
5292 5314 2
5292 5315 2
5287 5315 2
5287 5316 2
5292 5316 2
5287 5317 2
5292 5317 2
5287 5318 2
5292 5318 2
5287 5319 2
5292 5319 2
5287 5320 2
5292 5320 2
5287 5321 2
5292 5321 2
5287 5322 2
5292 5322 2
5285 5323 1
4192 5323 2
5285 5324 1
4290 5324 2
5330 5325 4
5326 5325 6
5324 5325 2
4290 5326 5
5757 5326 1
4882 5327 6
5325 5327 6
4290 5328 1
5285 5328 1
6002 5329 1
5914 5329 1
6494 5329 1
6389 5329 1
5285 5329 1
4290 5329 6
6649 5329 1
6956 5330 1
6455 5330 1
5285 5330 1
4290 5330 4
4232 5331 1
5692 5332 1
5808 5332 1
5957 5332 1
5331 5332 1
5962 5332 3
6681 5332 1
5012 5332 7
6190 5333 3
4236 5333 6
6926 5333 1
6862 5333 1
5331 5333 1
4370 5334 1
4129 5335 1
5149 5336 1
4383 5337 1
4290 5338 1
5338 5339 1
4137 5339 2
6353 5339 1
4129 5340 1
5340 5341 1
4129 5341 1
4156 5342 3
6617 5342 1
5340 5342 1
4970 5343 3
5342 5343 3
5345 5344 11
5557 5344 10
4138 5345 1
5096 5345 5
5491 5345 10
4224 5346 13
5497 5346 10
5344 5346 11
4224 5347 14
5346 5347 13
5222 5348 1
5348 5349 1
4644 5349 1
4644 5350 1
5348 5350 1
6068 5351 1
4644 5351 2
5348 5351 1
5348 5352 1
4644 5352 1
5348 5353 1
4644 5353 1
5348 5354 1
4644 5354 1
5348 5355 1
4644 5355 2
6068 5355 1
6068 5356 1
4644 5356 2
5348 5356 1
5358 5357 1
5680 5358 5
6962 5359 1
6825 5359 1
6067 5359 1
5813 5359 5
6912 5359 1
5881 5359 2
5451 5359 1
5357 5359 1
4309 5359 14
5784 5359 1
5357 5360 1
4416 5360 2
4401 5361 6
5360 5361 2
5357 5361 1
6205 5361 1
5785 5361 3
5878 5362 1
5451 5362 1
5357 5362 1
4309 5362 3
5357 5363 1
5784 5363 1
4416 5363 3
4401 5364 3
5357 5364 1
6205 5364 1
4508 5364 1
5357 5365 1
4508 5365 1
6205 5365 1
4401 5365 3
6532 5366 1
6958 5366 1
5451 5366 1
4427 5366 4
5357 5366 1
5357 5367 1
4309 5367 1
4309 5368 1
5357 5368 1
6202 5369 2
6205 5369 1
4401 5369 5
5357 5369 1
6789 5369 1
5357 5370 1
6205 5370 1
4401 5370 15
5451 5370 1
5374 5370 14
5451 5371 1
5357 5371 1
6205 5371 1
4401 5371 3
5357 5372 1
4307 5372 3
5451 5372 1
5372 5373 3
4665 5373 13
5540 5373 9
4416 5374 14
5373 5374 13
5376 5375 1
6528 5377 1
6545 5377 1
5375 5377 1
5760 5377 1
6741 5377 1
6793 5377 1
5141 5377 8
6541 5377 1
5868 5377 1
5379 5378 1
4824 5379 3
5378 5380 1
5379 5380 1
4624 5381 3
4290 5382 1
4823 5383 4
5384 5385 4
4823 5386 4
6718 5388 1
5206 5388 2
5836 5389 3
5206 5389 6
5388 5389 2
5389 5390 6
4836 5390 8
5732 5390 1
5391 5390 3
5206 5391 3
5388 5391 2
5393 5392 1
4290 5393 4
5213 5394 2
6681 5394 1
4290 5395 1
6964 5396 1
5395 5396 1
6321 5396 1
4192 5396 4
4632 5397 2
6666 5398 1
5397 5398 2
4632 5398 3
5397 5399 2
5086 5399 2
4184 5400 5
5109 5401 3
5403 5402 1
5109 5403 3
6026 5403 2
4232 5403 1
6294 5403 1
5402 5404 1
5403 5404 1
5938 5405 1
4352 5407 1
5150 5408 1
6610 5409 1
6512 5409 1
5408 5409 1
4179 5409 3
6610 5410 1
5408 5410 1
4179 5410 2
5412 5411 3
5414 5413 1
5412 5414 3
6745 5415 1
5413 5415 1
4596 5415 2
4596 5416 3
6527 5416 2
5413 5416 1
4224 5417 12
5492 5417 10
5497 5417 10
6245 5418 3
4832 5418 4
5418 5419 4
6847 5419 1
5201 5419 5
6312 5420 1
5201 5420 4
6854 5420 1
5418 5420 4
6245 5421 3
5201 5421 4
5418 5421 4
4232 5422 1
4463 5423 10
5540 5423 9
4823 5424 4
4370 5425 1
4290 5426 4
5481 5427 3
4803 5428 3
5832 5428 2
6257 5429 1
5428 5429 3
4242 5429 7
6021 5429 1
6267 5429 1
6069 5429 1
4381 5430 3
5428 5430 3
5428 5431 3
6617 5431 1
4156 5431 4
6617 5432 1
6190 5432 3
5428 5432 3
4573 5432 6
4573 5433 6
6190 5433 3
5428 5433 3
6617 5433 1
4573 5434 5
5428 5434 3
6190 5434 3
6190 5435 3
4573 5435 5
5428 5435 3
5428 5436 3
4595 5436 3
4573 5437 6
5781 5437 1
5428 5437 3
6190 5437 3
4381 5438 3
5428 5438 3
4624 5439 3
5441 5440 3
6720 5440 2
5759 5441 3
5807 5441 1
5128 5441 1
4970 5442 3
5440 5442 3
5441 5443 4
5440 5443 3
5440 5444 3
5441 5444 4
5440 5445 3
4970 5445 3
5440 5446 3
4970 5446 3
5440 5447 3
4970 5447 3
5096 5448 5
5491 5448 10
4138 5448 1
6036 5449 2
4994 5449 3
6050 5450 1
5823 5450 4
5592 5450 11
5449 5450 3
5142 5450 1
4491 5450 20
6792 5450 1
5452 5451 1
5680 5452 5
4590 5453 4
4590 5454 4
4590 5455 4
4590 5456 4
5005 5457 1
5611 5458 1
4717 5458 6
6821 5458 1
6837 5458 2
6843 5458 1
5457 5458 1
4267 5459 1
5459 5460 1
4680 5460 1
4160 5461 1
5461 5462 1
4173 5462 1
5448 5463 1
5465 5464 1
4823 5465 4
4593 5466 1
5464 5466 1
5465 5467 1
5464 5467 1
4593 5468 1
5464 5468 1
4184 5469 5
4290 5470 4
4199 5471 1
6147 5472 2
4199 5472 8
5690 5472 3
6219 5472 1
5471 5472 1
5477 5476 1
5756 5477 4
4776 5478 1
5476 5478 1
6971 5480 1
5481 5480 2
4290 5481 1
5480 5482 2
5481 5482 3
5427 5483 3
5482 5483 3
5482 5484 3
6712 5484 1
5233 5484 4
4307 5485 4
5482 5485 3
5489 5486 9
4665 5486 11
5485 5486 4
4665 5487 11
5486 5487 11
6712 5488 1
5565 5488 11
5486 5488 11
4655 5488 14
5482 5489 3
5540 5489 9
5502 5489 9
4307 5489 9
5489 5490 9
5491 5490 9
5096 5491 5
4307 5491 9
5345 5492 10
5490 5492 9
5492 5493 10
5489 5493 9
4449 5493 11
5493 5494 11
4408 5494 12
5494 5495 12
4220 5495 13
5600 5495 4
4224 5496 12
5507 5496 10
5492 5496 10
5497 5496 10
5448 5497 10
5490 5497 9
4460 5498 11
5497 5498 10
4425 5499 11
5497 5499 10
5499 5500 11
4425 5500 12
5497 5501 10
4460 5501 11
5490 5502 9
5503 5502 9
4138 5503 1
5491 5503 10
5096 5503 5
4309 5504 9
5502 5504 9
5482 5504 3
5502 5505 9
4329 5505 10
5502 5506 9
4309 5506 9
5490 5507 9
5095 5507 10
5096 5508 11
5507 5508 10
4220 5509 11
5508 5509 11
5507 5510 10
4309 5510 11
4229 5511 11
5510 5511 11
5490 5512 9
5513 5512 10
5491 5513 10
4138 5513 1
5096 5513 5
5490 5514 9
5515 5514 10
5491 5515 10
5096 5515 5
4138 5515 1
5514 5516 10
5517 5516 11
5515 5517 10
5514 5518 10
4512 5518 11
5518 5519 11
4520 5519 11
4187 5520 11
5518 5520 11
5518 5521 11
4520 5521 11
4187 5522 11
5518 5522 11
4520 5523 11
5518 5523 11
4520 5524 11
5518 5524 11
4187 5525 11
5518 5525 11
4520 5526 11
5518 5526 11
5489 5527 9
4432 5527 9
5489 5528 9
4416 5528 9
5489 5529 9
4224 5529 10
5529 5530 10
4224 5530 11
5529 5531 10
4224 5531 11
5489 5532 9
4408 5532 10
4192 5533 12
5532 5533 10
6033 5533 1
5532 5534 10
6704 5534 1
4136 5534 11
5489 5535 9
5117 5535 9
4643 5536 9
5535 5536 9
5536 5537 9
4422 5537 9
5536 5538 9
4401 5538 10
5536 5539 9
4307 5539 9
4307 5540 9
5536 5540 9
4463 5541 10
5540 5541 9
4463 5542 11
5541 5542 10
4307 5543 11
5542 5543 11
5117 5544 11
5542 5544 11
4408 5545 13
5570 5545 10
5542 5545 11
5541 5546 10
4309 5546 10
4416 5547 10
5540 5547 9
5540 5548 9
4416 5548 9
4427 5549 9
5540 5549 9
5540 5550 9
4467 5550 10
4460 5551 10
5540 5551 9
4425 5552 9
5540 5552 9
5554 5553 10
5540 5553 9
4427 5554 5
4307 5554 9
4629 5554 1
4655 5555 12
6474 5555 2
5553 5555 10
6331 5556 2
4655 5556 12
5553 5556 10
5540 5557 9
5491 5557 10
5557 5558 10
5448 5558 11
4224 5559 15
5560 5559 11
5558 5559 11
5567 5559 11
5561 5559 11
5565 5559 11
5557 5560 10
5503 5560 11
4398 5561 11
5557 5561 10
5557 5562 10
5095 5562 11
5562 5563 11
5096 5563 12
4220 5564 12
5563 5564 12
5557 5565 10
5513 5565 11
5565 5566 11
4655 5566 11
5515 5567 11
5557 5567 10
5540 5568 9
4463 5568 10
4463 5569 10
5540 5569 9
5540 5570 9
4463 5570 10
6712 5571 1
5570 5571 10
6949 5571 1
4463 5571 13
4463 5572 13
6712 5572 1
5570 5572 10
6949 5572 1
4309 5573 9
5540 5573 9
5540 5574 9
4309 5574 9
5540 5575 9
4309 5575 9
4309 5576 9
5540 5576 9
5540 5577 9
4309 5577 9
4309 5578 9
5540 5578 9
4309 5579 9
5540 5579 9
5540 5580 9
4309 5580 9
4309 5581 9
5540 5581 9
4309 5582 9
5540 5582 9
5540 5583 9
4309 5583 9
4309 5584 9
5540 5584 9
5540 5585 9
4309 5585 10
5585 5586 10
4229 5586 10
5585 5587 10
4227 5587 11
6673 5588 1
4229 5588 12
5587 5588 11
4229 5589 11
5587 5589 11
5585 5590 10
4309 5590 13
6993 5590 1
6762 5590 1
4307 5591 13
5590 5591 13
5536 5592 9
6831 5592 1
5480 5592 2
5593 5592 11
6007 5593 1
5481 5593 2
4643 5593 9
5592 5594 11
4564 5594 14
6008 5594 2
6607 5595 1
5592 5595 11
6008 5595 2
5596 5595 14
6608 5596 1
5593 5596 11
4188 5596 2
4624 5596 3
5489 5597 9
5233 5597 9
5482 5598 3
5117 5598 4
4643 5599 6
6039 5599 2
5598 5599 4
5117 5600 4
5482 5600 3
5600 5601 4
5602 5601 6
6036 5601 2
5117 5602 5
4312 5603 3
5482 5603 3
5605 5604 3
5482 5604 3
4138 5605 1
5481 5605 3
5607 5606 4
5482 5606 3
5481 5607 3
5482 5608 3
5609 5608 3
5481 5609 3
4325 5609 1
5482 5610 3
4307 5610 4
4232 5611 1
5082 5612 1
4125 5613 4
7017 5613 1
5612 5613 1
6373 5613 1
4129 5614 1
4129 5615 1
5614 5615 1
5614 5616 1
4156 5616 3
6617 5616 1
5470 5617 1
5205 5618 1
4267 5619 1
5619 5620 1
5621 5620 1
4267 5621 1
5621 5622 1
5619 5622 1
5619 5623 1
5621 5623 1
5619 5624 1
5621 5624 1
5619 5625 1
5621 5625 1
5619 5626 1
5621 5626 1
5619 5627 1
5621 5627 1
5619 5628 1
5621 5628 1
4675 5629 1
5619 5629 1
5619 5630 1
5631 5630 1
4267 5631 1
5631 5632 1
5619 5632 1
4680 5633 2
5619 5633 1
5635 5634 2
5633 5634 2
4680 5635 2
4267 5635 1
5633 5636 2
5271 5636 2
5633 5637 2
5638 5637 2
4680 5638 2
5633 5639 2
5635 5639 2
5633 5640 2
5638 5640 2
5633 5641 2
5635 5641 2
5633 5642 2
5638 5642 2
5633 5643 2
5635 5643 2
5633 5644 2
5638 5644 2
5633 5645 2
5635 5645 2
5638 5646 2
5633 5646 2
5635 5647 1
5619 5647 1
5619 5648 1
5635 5648 1
5619 5649 1
5635 5649 1
5635 5650 1
5619 5650 1
5635 5651 1
5619 5651 1
5619 5652 1
4675 5652 1
4675 5653 1
5619 5653 1
4675 5654 1
5619 5654 1
5619 5655 1
4675 5655 1
4675 5656 1
5619 5656 1
4675 5657 1
5619 5657 1
4675 5658 1
5619 5658 1
4675 5659 1
5619 5659 1
5619 5660 1
4675 5660 1
4267 5661 2
5619 5661 1
5663 5662 2
5661 5662 2
4267 5663 2
5661 5664 2
5663 5664 2
5661 5665 2
4278 5665 2
4278 5666 2
5661 5666 2
5663 5667 2
5661 5667 2
4278 5668 2
5661 5668 2
5663 5669 2
5661 5669 2
5663 5670 2
5661 5670 2
5661 5671 2
4278 5671 2
5661 5672 2
5663 5672 2
5661 5673 2
4276 5673 2
5619 5674 1
5663 5674 1
5685 5676 9
4754 5676 10
5676 5677 10
4754 5677 10
5515 5678 1
5079 5679 1
4309 5680 3
4138 5680 3
4229 5680 8
5165 5681 1
5681 5682 1
5683 5682 4
6050 5682 1
6036 5682 2
5165 5683 1
5481 5683 1
5117 5683 2
5692 5684 1
5983 5684 1
4754 5684 3
6190 5685 3
5684 5685 3
4754 5685 9
6702 5685 1
6217 5685 1
6217 5686 1
4754 5686 10
5685 5686 9
6702 5686 1
5964 5686 1
5685 5687 9
4754 5687 9
4199 5689 1
5689 5690 1
6077 5690 1
4199 5690 3
6617 5691 1
4132 5691 4
5690 5691 3
4232 5692 2
5012 5693 7
5957 5693 1
5692 5693 2
6713 5693 1
6681 5693 1
6227 5693 1
5693 5694 7
5957 5694 1
6010 5694 2
4745 5694 13
6995 5694 1
5962 5694 3
6267 5694 1
5692 5694 1
5962 5695 3
6995 5695 1
5693 5695 7
6681 5695 1
5692 5695 1
5957 5695 1
4745 5695 12
6713 5695 1
6010 5695 2
5692 5696 1
4754 5696 6
6190 5696 3
5964 5696 1
5983 5696 1
6681 5697 1
5692 5697 1
5012 5697 2
4661 5698 1
5698 5699 1
5213 5699 5
6001 5699 1
6523 5699 1
6497 5699 1
6713 5699 1
6497 5700 1
5213 5700 5
6713 5700 1
6523 5700 1
6001 5700 1
5698 5700 1
5117 5701 2
6022 5701 1
4994 5702 2
5701 5702 2
4370 5704 1
4292 5705 5
4292 5706 5
4290 5707 4
6359 5708 1
4349 5708 2
4349 5709 2
5708 5709 2
5710 5711 3
4290 5712 1
6022 5713 1
5712 5713 1
4396 5713 2
4619 5715 1
4893 5716 1
4893 5717 2
5716 5717 1
4173 5718 7
6404 5718 1
6144 5718 1
6588 5718 1
5717 5718 2
6772 5718 1
6908 5718 1
6908 5719 1
6772 5719 1
4173 5719 7
5717 5719 2
6144 5719 1
6404 5719 1
6588 5719 1
6404 5720 1
4173 5720 5
6588 5720 1
6908 5720 1
5717 5720 2
4374 5722 2
6994 5722 1
5722 5723 2
4427 5723 3
6949 5723 1
5722 5724 2
4374 5724 2
6983 5725 1
5477 5725 2
6487 5726 1
5725 5726 2
5835 5726 1
6744 5726 1
4163 5726 8
5849 5726 2
6692 5726 1
6703 5726 1
6000 5728 2
6018 5728 3
5727 5728 1
4192 5729 1
4232 5731 2
6021 5731 1
4987 5732 1
4370 5733 1
5205 5734 1
4290 5735 4
4561 5736 1
6472 5737 1
6389 5737 1
6798 5737 1
6367 5737 1
6649 5737 1
6218 5737 1
6791 5737 1
5914 5737 1
6494 5737 1
6346 5737 1
6909 5737 1
5738 5737 16
5736 5737 1
6002 5737 1
6347 5737 1
6614 5737 1
5997 5737 1
4561 5738 16
5997 5739 1
6925 5739 1
4383 5739 5
5736 5739 1
6367 5739 1
5817 5740 3
5741 5740 4
4374 5741 3
5740 5742 4
4493 5742 5
5744 5742 5
4529 5743 4
5740 5743 4
5740 5744 4
5741 5744 5
5817 5744 3
5740 5745 4
5218 5745 4
4559 5746 4
5740 5746 4
4493 5747 6
5881 5747 2
5740 5747 4
5740 5748 4
4529 5748 4
4559 5749 4
5740 5749 4
5740 5750 4
4559 5750 4
4196 5751 1
5201 5752 1
5751 5752 1
4370 5753 1
4370 5755 1
5759 5758 2
6718 5758 1
5807 5759 1
5128 5759 2
5376 5760 1
6146 5761 1
4199 5761 2
4192 5762 1
4160 5763 1
6157 5764 1
4160 5764 3
5763 5764 1
6718 5765 1
6876 5765 1
5995 5765 1
5835 5765 1
4163 5765 12
6060 5765 2
6291 5765 1
5764 5765 3
5849 5765 2
6744 5765 1
4648 5766 3
5763 5766 1
6264 5766 1
6157 5766 1
4648 5767 3
5763 5767 1
6157 5767 1
6264 5767 1
6264 5768 1
4648 5768 3
5763 5768 1
6157 5768 1
5763 5769 1
6264 5769 1
6157 5769 1
4648 5769 3
5770 5771 4
4329 5772 1
4615 5773 1
4352 5774 1
5776 5775 1
5774 5775 1
4352 5776 1
5774 5777 1
5776 5777 1
5774 5778 1
5776 5778 1
4325 5779 2
4267 5780 1
4771 5781 1
4771 5782 1
5781 5782 1
4771 5783 4
5781 5783 1
6190 5783 3
5358 5784 1
5784 5785 1
4508 5785 1
4416 5785 3
4309 5786 2
6912 5786 1
5784 5786 1
4325 5788 1
5779 5789 3
5788 5789 1
6532 5789 1
5117 5790 4
5789 5790 3
6958 5790 1
5789 5791 3
5779 5791 3
5788 5792 1
5117 5792 1
5817 5793 3
5788 5793 1
4208 5793 4
5788 5794 1
6532 5794 1
6958 5794 1
4326 5794 4
4326 5795 5
5794 5795 4
6539 5795 1
5797 5796 1
5799 5798 2
5796 5798 1
6806 5798 1
5797 5799 3
4583 5799 3
5680 5800 1
4413 5801 1
5800 5801 1
4413 5802 1
5800 5802 1
4413 5803 1
5800 5803 1
4717 5804 2
6590 5804 1
4717 5805 2
5804 5805 2
4370 5806 1
5809 5808 1
5981 5810 1
4374 5811 2
6993 5811 1
5811 5812 2
4374 5812 3
4326 5813 5
5812 5813 3
6762 5813 1
4416 5814 6
5813 5814 5
5811 5815 2
4374 5815 3
4208 5816 3
5815 5816 3
5811 5817 2
4374 5817 3
4208 5818 3
5817 5818 3
6762 5819 1
5817 5819 3
4493 5819 4
6775 5820 2
5817 5820 3
6750 5820 2
4208 5820 8
5878 5820 1
4208 5821 3
5817 5821 3
4208 5822 3
5817 5822 3
5741 5823 4
5817 5823 3
6413 5824 1
4125 5824 5
5823 5824 4
4208 5825 2
5811 5825 2
5878 5826 1
4208 5826 3
5811 5826 2
5828 5827 1
5827 5829 1
5828 5829 1
5411 5830 1
6329 5831 1
4714 5831 3
6707 5831 1
5759 5832 2
6718 5832 1
4370 5833 1
4160 5835 1
5835 5836 1
5206 5836 3
6641 5836 1
5836 5837 3
5206 5837 3
4871 5838 4
5835 5838 1
5849 5838 2
6806 5838 1
5838 5839 4
4871 5839 5
5835 5839 1
5839 5840 5
4579 5840 5
5838 5840 4
4593 5841 6
5839 5841 5
5838 5841 4
5835 5842 1
4160 5842 1
5835 5843 1
4160 5843 1
4160 5844 2
5835 5844 1
4203 5845 3
6223 5845 2
5835 5845 1
4203 5846 1
5835 5846 1
5835 5847 1
6223 5847 2
4203 5847 3
5835 5848 1
5849 5848 2
6223 5848 2
4163 5848 4
5835 5849 1
4160 5849 2
5849 5850 2
4163 5850 3
4163 5851 3
5850 5851 3
5849 5852 2
4163 5852 2
4163 5853 2
5849 5853 2
5849 5854 2
4163 5854 2
5849 5855 2
4163 5855 2
4648 5856 2
5849 5856 2
5858 5857 2
5849 5857 2
4160 5858 3
5849 5859 2
5858 5859 3
6063 5859 1
5849 5860 2
4163 5860 2
4313 5861 2
5849 5861 2
5849 5862 2
4163 5862 2
4163 5863 2
5849 5863 2
5849 5864 2
4163 5864 2
5849 5865 2
4163 5865 2
5835 5866 1
4166 5866 1
4163 5867 1
5835 5867 1
4292 5868 1
4454 5870 1
4454 5871 1
4454 5872 1
4894 5873 1
6968 5874 1
4236 5874 3
6267 5874 1
4641 5875 1
4173 5876 2
6588 5876 1
4624 5877 3
4264 5878 1
4208 5879 6
5878 5879 1
6750 5879 2
6755 5879 5
4208 5880 1
5878 5880 1
5878 5881 1
4209 5881 2
5881 5882 2
4209 5882 3
6423 5882 1
5881 5883 2
5220 5883 2
4209 5884 2
5881 5884 2
5881 5885 2
4209 5885 2
5881 5886 2
5220 5886 2
4209 5887 1
5878 5887 1
5878 5888 1
4209 5888 2
5878 5889 1
4209 5889 1
5878 5890 1
4209 5890 2
5878 5891 1
4209 5891 1
4209 5892 1
5878 5892 1
4290 5893 1
4290 5894 2
5893 5894 1
5893 5895 1
4430 5895 1
4583 5896 1
5896 5897 1
6482 5897 1
5799 5897 2
5899 5898 1
6005 5899 4
5898 5900 1
5901 5900 1
5899 5901 1
5898 5902 1
5901 5902 1
5901 5903 1
5898 5903 1
5901 5904 1
5898 5904 1
4370 5905 1
5907 5906 1
4184 5907 5
5909 5908 1
5906 5908 1
5907 5909 1
4209 5909 2
5109 5909 3
5906 5910 1
4185 5910 1
6943 5911 1
5393 5911 1
5406 5911 2
6146 5912 1
4199 5912 2
5151 5913 1
4561 5914 1
5914 5915 1
4290 5915 2
5477 5916 1
6968 5917 1
4236 5917 3
6267 5917 1
4181 5918 1
6492 5919 1
4185 5919 1
6318 5920 1
4156 5920 3
6617 5920 1
4158 5921 3
5920 5921 3
4370 5922 1
4615 5923 1
5981 5924 1
5797 5925 1
5925 5926 1
5799 5926 2
7022 5926 1
4370 5927 1
5122 5928 1
4370 5929 1
4383 5930 1
4370 5931 1
5128 5932 1
5932 5933 1
6190 5933 3
5934 5933 4
5139 5934 3
5128 5934 1
6190 5935 3
5932 5935 1
5934 5935 4
4293 5936 4
4608 5937 5
4138 5937 1
5938 5937 1
4232 5939 2
5957 5939 1
5939 5940 2
4877 5940 2
4717 5941 6
6742 5941 1
5939 5941 2
6593 5941 2
7004 5941 1
5939 5942 2
4877 5942 2
4877 5943 2
5939 5943 2
4290 5944 4
5946 5945 2
6600 5946 1
6322 5946 2
5945 5947 2
5122 5947 4
4184 5948 5
5949 5948 1
5951 5950 1
4290 5951 4
5953 5952 2
5950 5952 1
6530 5952 1
5951 5953 2
5481 5953 2
6580 5953 3
4661 5954 1
5707 5956 1
4232 5957 1
4232 5958 2
5957 5958 1
4232 5959 2
5957 5959 1
5959 5960 2
4745 5960 4
6010 5960 2
5959 5961 2
6010 5961 2
6713 5961 1
4745 5961 7
6681 5961 1
6069 5961 1
4232 5962 3
5959 5962 2
6450 5963 1
6743 5963 1
5962 5963 3
4754 5963 8
6010 5963 2
6998 5964 1
5963 5964 8
6289 5964 1
4754 5964 12
4370 5965 1
5117 5966 1
5966 5967 1
4220 5967 1
4370 5968 1
4390 5969 1
4210 5971 4
4612 5972 1
6723 5972 1
5973 5972 2
4313 5974 1
4313 5975 1
5095 5976 1
4138 5977 1
4370 5978 1
5131 5979 1
5981 5980 2
6938 5980 1
6648 5982 1
6601 5982 1
4802 5982 5
5980 5982 2
6017 5982 1
5771 5983 1
5983 5984 1
5985 5984 1
5771 5985 1
5985 5986 1
5983 5986 1
5983 5987 1
5985 5987 1
5985 5988 1
5983 5988 1
6215 5989 1
5990 5989 2
6324 5990 1
4871 5990 1
5990 5991 3
5989 5991 2
6860 5991 1
5083 5992 1
5899 5993 1
4370 5994 1
4160 5995 1
4292 5996 1
4561 5997 1
4232 5998 1
5998 5999 4
4232 5999 1
4661 6001 1
4561 6002 1
5738 6003 1
6002 6003 1
6002 6004 1
5738 6004 1
6007 6006 1
4188 6008 2
6006 6008 1
4232 6010 2
6863 6010 1
6012 6011 3
6815 6011 1
6010 6011 2
4232 6012 2
4661 6012 1
6010 6013 2
4232 6013 2
6010 6014 2
6815 6014 1
6012 6014 3
6012 6015 3
6815 6015 1
6010 6015 2
6010 6016 2
6713 6016 1
6681 6016 1
5012 6016 5
6305 6016 1
6018 6017 1
6017 6019 1
6601 6019 1
6648 6019 1
5728 6019 3
5728 6020 3
6648 6020 1
6017 6020 1
6601 6020 1
4232 6021 1
4290 6022 1
6022 6023 1
5481 6023 1
4179 6024 1
5706 6025 1
4290 6027 1
5292 6028 3
6516 6028 1
6701 6028 1
6027 6028 1
6027 6029 1
5292 6029 2
6701 6029 1
6701 6030 1
6027 6030 1
4290 6030 2
4619 6031 3
6700 6032 1
4383 6032 3
6798 6032 1
4290 6033 1
6036 6035 2
5602 6035 3
5117 6036 2
6971 6036 1
6036 6037 2
4221 6037 2
6148 6038 1
6036 6038 2
4182 6038 3
5117 6039 2
6971 6039 1
4643 6040 3
6039 6040 2
4475 6041 1
6041 6042 1
6762 6042 1
6166 6042 2
4469 6042 5
6993 6042 1
4469 6043 5
6166 6043 2
6993 6043 1
6041 6043 1
6762 6043 1
6865 6044 1
4156 6044 3
6617 6044 1
4977 6045 3
6044 6045 3
4313 6046 1
4313 6047 2
6046 6047 1
6646 6047 1
6646 6048 1
4313 6048 2
6046 6048 1
4232 6049 1
5481 6050 1
6050 6051 1
6052 6051 1
5481 6052 1
6148 6053 1
6050 6053 1
4182 6053 2
6055 6054 1
6050 6054 1
4624 6055 3
5481 6055 1
4832 6056 1
4773 6056 4
4773 6057 4
4312 6058 1
6058 6059 1
4312 6059 1
4160 6060 2
6264 6060 1
5858 6063 1
4370 6064 1
4184 6065 5
4632 6066 1
5452 6067 1
4160 6068 1
4352 6069 1
6069 6070 1
6071 6070 2
6305 6070 1
4352 6071 1
6084 6071 1
6305 6072 1
6069 6072 1
6071 6072 2
5944 6073 1
5220 6074 1
6076 6075 2
6074 6075 1
6805 6075 1
5220 6076 1
5218 6076 1
4199 6077 1
6077 6078 1
6797 6078 1
4199 6078 3
4199 6079 3
6228 6079 1
6077 6079 1
4370 6080 1
4184 6082 5
5707 6083 1
4641 6085 1
4805 6086 1
4807 6088 2
4232 6090 2
6827 6090 1
4267 6092 1
4278 6093 1
6092 6093 1
6092 6094 1
4278 6094 1
4278 6095 1
6092 6095 1
4278 6096 1
6092 6096 1
6092 6097 1
4278 6097 1
4288 6099 1
6099 6100 1
4663 6100 1
6099 6101 1
4663 6101 1
6099 6102 1
4663 6102 1
6104 6103 1
6104 6105 1
6103 6105 1
6104 6106 1
6103 6106 1
6103 6107 1
6104 6107 1
6103 6108 1
6104 6108 1
6104 6109 1
6103 6109 1
6103 6110 1
6104 6110 1
6104 6111 1
6103 6111 1
6103 6112 1
6104 6112 1
6103 6113 1
6104 6113 1
7023 6114 1
6103 6114 1
6104 6114 2
6104 6115 1
6103 6115 1
4820 6116 1
5735 6117 1
4469 6118 4
4475 6118 1
5393 6121 1
6121 6122 1
5911 6122 1
5911 6123 1
6121 6123 1
4370 6124 1
5477 6125 1
4999 6126 1
6125 6126 1
6125 6127 1
4999 6127 1
4999 6128 1
6125 6128 1
6125 6129 1
4999 6129 1
6125 6130 1
4999 6130 1
4999 6131 1
6125 6131 1
4807 6132 1
4370 6133 1
6135 6134 1
5730 6135 1
6437 6135 3
5122 6136 2
6134 6136 1
6136 6137 2
5947 6137 1
5124 6137 3
5151 6139 1
5376 6140 1
5198 6141 1
5198 6142 1
6141 6142 1
4370 6143 1
6145 6144 1
4210 6145 4
4199 6146 1
4199 6147 2
6146 6147 1
4182 6148 1
4182 6149 1
6148 6149 1
6148 6150 1
4182 6150 1
6148 6151 1
4182 6151 1
4182 6152 1
6148 6152 1
6148 6153 1
4182 6153 1
6971 6154 1
6148 6154 1
4182 6154 2
4182 6155 2
6971 6155 1
6148 6155 1
6971 6156 1
6148 6156 1
4182 6156 2
4160 6157 1
4601 6158 1
4160 6159 1
6161 6160 1
4304 6163 4
4267 6164 1
4370 6165 1
4209 6166 2
6532 6166 1
5909 6167 2
6166 6167 2
5909 6168 2
6166 6168 2
5909 6169 2
6166 6169 2
6166 6170 2
4469 6170 2
5909 6171 2
6166 6171 2
5909 6172 2
6166 6172 2
5909 6173 2
6166 6173 2
6166 6174 2
5909 6174 2
6532 6175 1
6166 6175 2
4493 6175 2
6166 6176 2
4401 6176 3
6311 6176 1
4209 6177 2
6166 6177 2
4408 6178 1
6180 6179 1
6178 6179 1
4408 6180 1
4589 6181 1
7004 6182 1
4590 6182 4
6707 6182 1
6181 6182 1
4719 6183 2
6707 6183 1
6181 6183 1
5707 6184 1
6186 6185 4
6594 6186 2
4232 6187 1
4236 6188 3
6187 6188 1
6740 6188 1
6660 6188 1
5759 6189 2
6718 6189 1
5139 6190 3
6189 6190 2
4236 6191 3
6190 6191 3
4771 6192 3
6190 6192 3
4771 6193 3
6190 6193 3
6190 6194 3
4771 6194 3
6190 6195 3
4771 6195 3
6617 6196 1
4156 6196 4
6190 6196 3
6190 6197 3
4771 6197 3
6190 6198 3
4771 6198 3
4576 6199 3
6190 6199 3
6190 6200 3
4771 6200 3
4771 6201 3
6190 6201 3
5228 6202 2
5120 6203 1
4307 6205 1
6205 6206 1
5233 6206 1
4601 6207 1
6980 6208 1
6370 6208 1
6694 6208 1
6207 6208 1
4603 6208 4
6694 6209 1
6207 6209 1
4603 6209 4
6980 6209 1
6370 6209 1
4350 6210 1
4350 6211 1
6210 6211 1
4350 6212 2
6210 6212 1
6212 6213 2
4350 6213 2
4871 6215 1
4593 6216 2
6215 6216 1
6784 6216 1
4754 6217 1
4561 6218 1
4199 6219 1
4408 6220 1
4290 6221 4
4160 6223 2
6849 6223 1
6718 6224 1
5759 6224 2
6224 6225 2
4968 6225 3
4977 6226 3
6225 6226 3
4344 6227 1
4199 6228 1
4370 6229 1
6802 6230 1
4267 6230 2
4290 6231 1
4212 6233 1
4203 6234 1
4203 6235 3
6234 6235 1
6918 6235 1
4370 6237 1
4184 6239 5
5131 6240 1
4329 6241 1
4370 6243 1
4390 6244 1
4832 6245 3
6854 6245 1
6312 6245 1
6245 6246 3
4784 6246 3
4788 6247 3
6245 6247 3
4184 6248 5
4184 6249 5
5949 6250 1
4184 6250 5
6785 6250 1
5223 6251 4
4160 6252 1
5858 6253 1
6252 6253 1
4295 6255 1
4680 6256 2
4129 6257 1
6390 6258 1
6523 6258 1
6257 6258 1
6267 6258 1
4242 6258 4
6926 6259 1
4236 6259 2
6257 6259 1
4236 6260 2
6926 6260 1
6257 6260 1
4236 6261 1
6257 6261 1
4329 6263 1
4160 6264 1
5828 6265 1
4192 6266 1
6265 6266 1
4232 6267 1
4236 6268 1
6267 6268 1
6267 6269 1
5403 6269 1
5403 6270 1
6267 6270 1
5403 6271 1
6267 6271 1
5403 6272 1
6267 6272 1
6267 6273 1
5403 6273 1
6267 6274 1
5403 6274 1
5403 6275 1
6267 6275 1
5403 6276 1
6267 6276 1
6267 6277 1
5403 6277 1
6267 6278 1
5403 6278 1
4236 6279 3
6267 6279 1
6968 6279 1
4242 6280 1
6267 6280 1
5403 6281 1
6267 6281 1
4236 6282 3
6968 6282 1
6267 6282 1
5403 6283 1
6267 6283 1
6267 6284 1
6968 6284 1
6760 6284 1
6926 6284 1
4236 6284 4
4754 6285 1
6285 6286 1
4754 6286 1
6958 6287 1
4326 6287 2
5117 6288 2
6287 6288 2
4754 6289 1
4290 6290 4
4160 6291 1
5109 6292 3
5109 6293 3
4129 6293 1
4295 6295 1
4820 6296 1
6296 6297 1
6116 6297 1
6116 6298 1
6296 6298 1
6116 6299 1
6296 6299 1
6296 6300 1
6116 6300 1
6296 6301 1
6116 6301 1
6116 6302 1
6296 6302 1
6296 6303 1
6116 6303 1
6116 6304 1
6296 6304 1
6084 6305 1
4129 6306 1
6306 6307 1
4129 6307 1
6293 6308 1
6306 6308 1
6306 6309 1
6293 6309 1
5010 6310 1
4648 6310 1
4416 6311 1
4832 6312 1
6056 6313 1
6312 6313 1
6312 6314 1
6056 6314 1
4394 6315 1
6718 6316 1
4968 6316 2
5151 6317 1
4129 6318 1
6318 6319 1
4129 6319 1
4370 6320 1
4290 6321 1
4823 6324 4
4823 6325 4
4830 6329 1
4329 6330 1
6949 6331 1
5554 6331 2
4655 6332 2
6331 6332 2
6474 6333 2
6331 6333 2
4408 6333 5
6333 6334 5
4221 6334 5
4370 6336 1
4390 6337 1
5680 6338 1
6338 6339 1
4413 6339 1
5470 6340 1
6341 6342 4
6344 6343 3
4370 6345 1
4561 6346 1
4561 6347 1
4370 6349 1
4371 6350 1
4776 6351 2
6830 6351 1
6350 6351 1
4370 6352 1
4290 6353 1
6353 6354 1
4290 6354 2
4882 6355 3
6354 6355 2
6786 6355 1
4641 6356 1
4987 6357 1
4383 6358 2
6357 6358 1
4349 6359 1
4349 6360 1
6359 6360 1
4212 6361 1
4370 6362 1
4370 6363 1
5151 6365 1
4561 6367 1
4370 6368 1
4370 6369 1
4601 6370 1
5084 6371 1
4210 6372 4
5082 6373 1
5148 6374 1
6761 6375 1
4593 6375 2
6761 6376 1
4717 6376 2
6375 6376 2
4632 6377 1
4638 6380 1
6380 6381 1
4788 6381 2
6856 6381 1
4224 6382 1
4370 6383 1
4590 6384 1
6384 6385 1
4593 6385 1
6384 6386 1
4593 6386 1
6384 6387 1
4593 6387 1
4593 6388 1
6384 6388 1
4561 6389 1
4129 6390 1
4894 6391 1
4370 6392 1
4383 6394 1
5930 6395 1
6394 6395 1
6394 6396 1
5930 6396 1
4778 6397 1
4329 6398 1
6400 6399 1
6521 6400 4
6400 6401 1
6399 6401 1
4199 6402 1
6402 6403 1
4199 6403 2
5162 6404 1
5828 6405 1
6405 6406 1
5828 6406 1
5089 6408 3
5481 6409 1
6409 6410 1
5953 6410 2
6921 6410 1
5082 6413 1
5096 6414 1
4307 6415 2
6705 6415 1
6414 6415 1
4307 6416 2
6414 6416 1
6705 6416 1
4307 6417 2
6705 6417 1
6414 6417 1
6414 6418 1
4307 6418 1
6414 6419 1
5096 6419 1
4290 6420 2
6999 6420 1
4137 6421 2
6420 6421 2
5735 6422 1
4264 6423 1
4370 6424 1
4909 6425 1
4911 6426 2
6425 6426 1
7002 6426 1
4911 6427 1
6425 6427 1
4911 6428 1
6425 6428 1
6425 6429 1
4911 6429 1
4911 6430 1
6425 6430 1
4305 6431 3
4370 6432 1
4232 6433 1
4370 6434 1
4460 6436 1
4559 6438 1
6438 6439 1
4559 6439 1
6686 6440 1
4619 6440 2
6440 6441 2
4619 6441 3
6441 6442 3
6443 6442 3
4619 6443 3
4619 6444 3
6440 6444 2
6444 6445 3
6031 6445 3
4203 6446 1
6235 6446 1
5083 6447 1
5759 6448 2
6718 6448 1
6448 6449 2
5441 6449 2
4232 6450 1
6452 6451 1
6450 6451 1
4232 6452 1
4138 6452 1
6450 6453 1
6452 6453 1
5602 6454 1
4561 6455 1
4267 6456 1
4680 6457 2
6456 6457 1
6256 6458 2
6457 6458 2
4267 6459 1
6459 6460 1
4680 6460 1
4205 6461 1
6461 6462 1
4207 6462 1
6461 6463 1
5137 6463 2
6884 6463 1
4207 6464 1
6461 6464 1
6884 6465 1
5137 6465 2
6461 6465 1
6461 6466 1
4207 6466 1
5137 6467 1
6461 6467 1
6461 6468 1
4207 6468 1
6461 6469 1
6884 6469 1
5137 6469 2
6470 6471 1
6691 6471 2
4561 6472 1
4641 6473 1
5554 6474 2
6949 6474 1
6474 6475 2
4655 6475 2
4619 6476 2
6686 6476 1
5204 6477 2
6476 6477 2
4370 6478 1
4212 6479 1
4390 6480 1
4232 6481 1
5797 6482 1
4370 6483 1
4305 6484 3
4352 6485 1
4355 6486 2
6834 6486 1
6485 6486 1
4293 6487 1
6487 6488 1
4775 6488 1
6487 6489 1
4775 6489 1
4293 6490 1
6487 6490 1
6492 6491 1
6491 6493 1
5919 6493 1
4561 6494 1
5228 6495 1
5009 6496 1
4232 6497 1
4641 6499 1
5379 6500 1
5379 6501 1
5379 6502 1
5379 6503 1
5379 6504 1
5379 6505 1
5379 6506 1
5379 6507 1
5379 6508 1
4370 6510 1
5083 6512 1
5607 6513 2
6971 6513 1
5084 6514 1
4370 6515 1
5426 6516 1
6516 6517 1
5292 6517 1
4267 6518 1
4352 6519 1
4236 6520 3
6968 6520 1
6995 6520 1
4370 6522 1
4232 6523 1
4370 6524 1
4212 6525 1
4596 6527 2
6745 6527 1
5376 6528 1
5951 6530 1
6713 6531 1
6863 6531 1
4232 6531 3
4325 6532 1
6532 6533 1
6958 6533 1
4401 6533 2
5454 6534 1
4370 6536 1
4212 6537 1
4352 6538 1
4326 6539 1
6539 6540 1
4493 6540 1
5376 6541 1
4232 6542 1
4242 6543 1
6542 6543 1
4370 6544 1
5376 6545 1
6545 6546 1
4246 6546 1
4370 6547 1
5211 6548 1
4370 6550 1
4134 6551 1
6221 6552 1
5292 6554 1
6718 6557 1
5128 6557 2
5759 6558 2
6557 6558 2
6557 6559 2
5139 6559 2
6557 6560 2
5139 6560 2
5139 6561 2
6557 6561 2
5759 6562 2
6557 6562 2
6557 6563 2
4570 6563 2
5759 6564 2
6557 6564 2
6557 6565 2
4803 6565 2
5759 6566 2
6557 6566 2
6557 6567 2
5759 6567 2
6557 6568 2
5759 6568 2
6557 6569 2
5759 6569 2
4370 6570 1
5131 6572 1
5133 6573 1
6572 6573 1
5133 6574 1
6572 6574 1
5133 6575 1
6572 6575 1
6572 6576 1
5133 6576 1
6971 6577 1
5605 6577 2
4290 6578 1
5162 6579 1
5393 6581 1
4370 6583 1
4729 6584 1
5385 6585 1
6585 6586 1
5385 6586 2
6944 6586 1
4212 6587 1
6145 6588 1
4370 6589 1
4822 6590 1
4593 6591 1
6590 6591 1
6590 6592 1
4822 6592 1
6594 6593 2
6590 6593 1
4822 6594 1
4717 6595 2
6593 6595 2
6593 6596 2
6186 6596 2
6593 6597 2
4717 6597 2
4717 6598 2
6593 6598 2
4593 6599 1
6590 6599 1
6018 6601 1
6601 6602 1
5728 6602 1
4802 6603 1
6601 6603 1
4802 6604 1
6601 6604 1
6601 6605 1
4802 6605 1
4326 6606 1
6608 6607 1
5596 6609 1
6607 6609 1
5083 6610 1
4370 6611 1
5151 6612 1
4832 6613 1
4561 6614 1
5738 6615 1
6614 6615 1
4370 6616 1
5807 6617 1
6617 6618 1
6718 6618 1
5759 6618 2
6718 6619 1
6617 6619 1
5441 6619 2
6718 6620 1
6617 6620 1
5759 6620 2
4335 6621 1
6617 6621 1
5759 6622 2
6617 6622 1
6718 6622 1
6617 6623 1
4263 6623 2
6718 6623 1
6718 6624 1
4263 6624 2
6617 6624 1
6617 6625 1
5759 6625 2
6718 6625 1
6617 6626 1
4968 6626 1
6718 6627 1
6617 6627 1
5759 6627 2
6617 6628 1
5139 6628 1
6617 6629 1
5759 6629 1
6617 6630 1
4803 6630 1
5759 6631 1
6617 6631 1
6617 6632 1
4570 6632 1
4335 6633 1
6617 6633 1
4335 6634 1
6617 6634 1
6617 6635 1
6718 6635 1
4335 6635 2
4335 6636 2
6718 6636 1
6617 6636 1
4156 6637 3
6867 6637 1
6617 6637 1
6637 6638 3
4977 6638 3
6906 6639 1
6617 6639 1
4156 6639 3
6639 6640 3
4970 6640 3
5128 6641 1
4629 6642 1
6642 6643 1
4307 6643 1
4189 6644 1
6644 6645 1
4650 6645 1
4313 6646 1
4396 6647 2
6018 6648 1
4561 6649 1
4643 6650 1
6650 6651 1
5117 6651 1
5117 6652 1
6650 6652 1
4185 6653 1
5919 6654 1
6653 6654 1
5919 6655 1
6653 6655 1
5919 6656 1
6653 6656 1
5919 6657 1
6653 6657 1
6653 6658 1
5919 6658 1
4370 6659 1
4661 6660 1
4370 6661 1
4212 6662 1
4134 6663 1
4370 6664 1
4370 6665 1
4632 6666 1
6666 6667 1
5086 6667 1
5383 6668 1
4717 6669 1
6668 6669 1
4593 6670 1
6668 6670 1
4593 6671 1
6668 6671 1
4717 6672 1
6668 6672 1
4227 6673 1
4329 6675 1
4370 6676 1
4475 6677 1
6118 6678 1
6677 6678 1
6677 6679 1
6118 6679 1
6677 6680 1
6118 6680 1
4232 6681 1
6681 6682 1
6713 6682 1
4739 6682 2
4832 6683 1
6706 6684 1
4788 6684 2
6683 6684 1
4619 6686 1
5972 6687 1
6687 6688 1
4612 6688 1
4370 6689 1
4370 6690 1
4160 6692 1
6876 6693 1
4160 6693 2
6692 6693 1
4601 6694 1
4370 6696 1
5911 6697 1
5911 6698 1
6697 6698 1
4390 6699 1
4561 6700 1
4290 6701 1
4754 6702 1
5477 6703 1
4408 6704 1
4427 6705 1
4638 6706 1
4714 6707 1
5147 6708 1
5201 6709 1
6708 6709 1
6708 6710 1
5201 6710 1
5151 6711 1
4990 6712 1
4232 6713 1
4232 6714 2
6863 6714 1
6713 6714 1
6713 6715 1
5213 6715 1
5213 6716 1
6713 6716 1
4745 6717 1
6713 6717 1
5128 6718 1
6718 6719 1
5759 6719 2
6718 6720 1
5759 6720 2
6718 6721 1
4970 6721 1
4370 6722 1
4129 6724 1
6724 6725 1
4129 6725 2
4329 6726 1
4218 6727 1
4232 6728 1
5998 6729 1
6728 6729 1
6728 6730 1
5999 6730 1
6433 6731 1
6728 6731 1
6728 6732 1
6433 6732 1
6728 6733 1
6481 6733 1
6433 6734 1
6728 6734 1
6728 6735 1
6433 6735 1
6728 6736 1
6481 6736 1
5998 6737 1
6728 6737 1
6728 6738 1
5998 6738 1
6728 6739 1
5998 6739 1
4370 6740 1
5376 6741 1
4714 6742 1
5159 6743 1
4129 6744 1
5411 6745 1
4596 6746 1
6745 6746 1
6748 6747 1
6745 6747 1
5411 6748 1
6745 6749 1
5830 6749 1
6762 6750 1
5609 6750 2
4264 6751 2
6750 6751 2
6755 6752 5
6762 6752 1
6750 6752 2
4264 6752 5
6750 6753 2
4264 6753 5
6755 6753 5
6750 6754 2
4209 6754 2
6775 6755 2
6750 6755 2
4264 6755 5
4209 6756 5
6755 6756 5
6775 6756 2
6755 6757 5
4209 6757 5
5386 6759 1
4370 6760 1
5424 6761 1
4325 6762 1
6762 6763 1
4326 6763 3
6993 6763 1
4326 6764 4
6763 6764 3
4325 6765 1
6762 6765 1
4264 6766 1
6762 6766 1
6762 6767 1
4264 6767 1
6762 6768 1
4208 6768 1
5083 6769 1
6769 6770 1
5083 6770 2
6787 6770 1
5082 6771 1
6145 6772 1
4371 6773 1
4325 6774 1
4325 6775 2
6774 6775 1
6775 6776 2
4209 6776 2
6775 6777 2
4209 6777 3
4292 6779 1
5283 6780 1
6779 6780 1
4416 6781 1
6781 6782 1
4401 6782 1
6325 6784 1
4210 6786 1
5083 6787 1
4134 6788 1
5228 6789 1
4390 6790 1
4561 6791 1
4807 6792 1
5376 6793 1
4370 6794 1
5151 6795 1
4754 6796 1
5964 6796 1
4199 6797 1
4561 6798 1
4290 6799 1
6798 6799 1
4370 6800 1
4232 6801 1
4267 6802 1
6802 6803 1
4680 6803 1
5470 6804 1
5218 6805 1
4583 6806 1
4903 6807 1
4290 6808 1
4370 6809 1
4390 6810 1
4390 6811 1
6969 6812 1
4626 6812 2
4329 6813 1
4661 6814 1
4661 6815 1
6815 6816 1
4661 6816 2
4661 6817 1
6323 6818 1
4390 6820 1
4370 6821 1
5911 6822 1
6822 6823 1
5911 6823 1
5358 6825 1
4290 6826 1
4232 6827 1
6827 6828 1
4232 6828 2
6828 6829 2
4232 6829 2
4371 6830 1
6007 6831 1
5149 6833 1
4631 6834 1
4370 6835 1
4390 6836 1
5990 6837 2
6860 6837 1
6837 6838 2
4717 6838 3
6875 6838 1
5082 6839 1
4125 6840 2
6839 6840 1
5082 6842 1
4826 6843 1
4370 6844 1
6366 6845 1
4199 6846 1
5237 6847 1
6847 6848 1
5201 6848 1
4160 6849 1
5151 6850 1
5730 6851 1
6135 6852 1
6851 6852 1
4289 6853 1
4832 6854 1
4638 6856 1
4352 6857 1
4401 6858 1
5151 6859 1
6324 6860 1
4370 6861 1
4370 6862 1
4232 6863 1
4129 6865 1
4129 6866 1
6865 6866 1
4129 6867 1
4129 6868 1
6867 6868 1
4370 6869 1
5741 6870 1
5953 6871 1
4909 6872 1
6872 6873 1
4911 6873 1
6872 6874 1
4911 6874 1
5386 6875 1
4160 6876 1
4365 6877 1
6876 6877 1
4203 6878 1
6876 6878 1
6876 6879 1
4203 6879 1
4203 6880 1
6876 6880 1
4210 6881 1
4205 6882 1
4192 6883 1
4873 6884 1
5137 6885 1
6884 6885 1
5137 6886 1
6884 6886 1
5137 6887 1
6884 6887 1
6884 6888 1
5137 6888 1
5137 6889 1
6884 6889 1
4729 6890 1
6890 6891 1
4733 6891 1
4370 6892 1
5159 6893 1
6893 6894 1
4675 6894 1
4675 6895 1
6893 6895 1
6893 6896 1
4675 6896 1
6893 6897 1
4675 6897 1
6893 6898 1
4675 6898 1
4675 6899 1
6893 6899 1
4675 6900 1
6893 6900 1
6893 6901 1
4675 6901 1
6893 6902 1
4675 6902 1
6893 6903 1
4675 6903 1
4370 6904 1
4661 6905 1
4129 6906 1
6906 6907 1
4129 6907 1
4333 6908 1
4561 6909 1
4638 6910 1
4227 6912 1
4290 6913 1
5453 6915 1
4390 6917 1
4203 6918 1
5455 6919 1
4370 6920 1
5481 6921 1
4192 6922 1
5009 6923 1
5151 6924 1
4561 6925 1
4335 6926 1
4158 6927 1
6926 6927 1
6926 6928 1
4158 6928 1
6926 6929 1
4158 6929 1
4158 6930 1
6926 6930 1
6926 6931 1
4970 6931 1
4970 6932 1
6926 6932 1
6926 6933 1
4970 6933 1
4970 6934 1
6926 6934 1
4158 6935 1
6926 6935 1
4158 6936 1
6926 6936 1
6926 6937 1
4158 6937 1
5981 6938 1
4802 6939 1
6938 6939 1
5810 6940 1
6938 6940 1
5924 6941 1
6938 6941 1
6938 6942 1
5981 6942 1
5385 6944 1
6944 6945 1
5385 6945 1
4408 6946 1
6290 6947 1
5151 6948 1
4629 6949 1
4655 6950 1
6949 6950 1
4655 6951 1
6949 6951 1
4290 6952 1
6342 6953 1
6342 6954 1
6953 6954 1
6953 6955 1
6342 6955 1
5286 6956 1
4370 6957 1
4325 6958 1
6958 6959 1
4309 6959 1
4309 6960 1
6958 6960 1
5456 6961 1
4411 6962 1
4661 6963 1
4290 6964 1
5972 6965 1
4612 6966 1
6965 6966 1
5393 6967 1
4370 6968 1
5084 6969 1
5131 6970 1
5481 6971 1
5270 6972 1
6971 6972 1
6971 6973 1
5609 6973 1
4192 6974 1
6971 6974 1
5117 6975 1
6971 6975 1
5117 6976 1
6971 6976 1
6971 6977 1
5117 6977 1
5270 6978 1
6971 6978 1
5270 6979 1
6971 6979 1
4601 6980 1
5219 6981 1
4199 6982 1
5477 6983 1
6983 6984 1
4406 6984 1
6983 6985 1
4406 6985 1
6983 6986 1
4406 6986 1
4406 6987 1
6983 6987 1
6983 6988 1
4406 6988 1
4406 6989 1
6983 6989 1
4406 6990 1
6983 6990 1
4330 6991 1
4374 6993 1
4374 6994 1
4365 6995 1
4612 6996 1
6996 6997 1
5972 6997 1
4754 6998 1
4290 6999 1
4290 7000 1
6999 7000 1
4370 7001 1
4909 7002 1
4370 7003 1
5453 7004 1
5205 7005 1
4370 7006 1
5131 7007 1
7007 7008 1
5040 7008 1
7007 7009 1
5040 7009 1
5046 7010 1
7007 7010 1
5040 7011 1
7007 7011 1
5073 7012 1
7007 7012 1
5376 7013 1
4267 7014 1
4680 7015 1
7014 7015 1
4390 7016 1
4559 7017 1
4390 7018 1
4370 7019 1
4729 7020 1
5131 7021 1
4583 7022 1
6104 7023 1
7023 7024 1
6104 7024 1
6104 7025 1
7023 7025 1
6104 7026 1
7023 7026 1
7023 7027 1
6104 7027 1
6104 7028 1
7023 7028 1
7023 7029 1
6104 7029 1
7023 7030 1
6104 7030 1
7023 7031 1
6104 7031 1
