4703 4680 3
4681 4680 4
4691 4681 7
4680 4682 4
4683 4682 4
4681 4683 4
4680 4684 4
4685 4684 4
4681 4685 4
4687 4686 4
4680 4686 4
4681 4687 4
4688 4689 1
4695 4689 2
4691 4689 3
4708 4691 2
4694 4691 1
4693 4691 1
4707 4691 2
4690 4691 3
4690 4692 3
4692 4696 1
4696 4697 1
4698 4697 1
4692 4698 1
4691 4699 1
4699 4700 1
4681 4700 1
4699 4701 1
4681 4701 1
4691 4702 1
4691 4703 3
4722 4703 1
4702 4703 1
4689 4704 3
4703 4704 3
4703 4705 3
4681 4705 3
4692 4706 1
4692 4709 1
4709 4710 1
4706 4710 1
4706 4711 1
4709 4711 1
4706 4712 1
4709 4712 1
4709 4713 1
4706 4713 1
4706 4714 1
4709 4714 1
4706 4715 1
4709 4715 1
4706 4716 1
4709 4716 1
4706 4717 1
4709 4717 1
4709 4718 1
4706 4718 1
4691 4719 1
4719 4720 1
4691 4720 2
4723 4721 1
4720 4721 2
4681 4721 3
4691 4722 1
4691 4723 1
