8443 7698 1
7699 7698 5
8502 7698 1
8363 7698 1
8081 7699 1
7860 7699 4
7957 7699 12
8366 7700 2
8232 7700 5
8243 7700 1
7698 7700 4
8297 7700 4
8080 7700 1
7699 7700 15
8502 7700 1
8365 7700 1
8356 7700 1
7702 7701 1
8187 7703 1
7704 7703 8
8519 7703 1
7701 7703 1
7859 7703 4
7903 7704 1
7918 7704 1
8045 7704 1
8742 7704 9
8749 7704 2
7912 7704 1
7921 7704 1
14643 7704 7
7702 7704 1
7856 7704 9
7941 7704 7
11991 7704 1
12977 7704 1
8061 7704 1
7943 7704 1
12856 7704 1
8022 7704 1
8037 7704 1
7870 7704 1
11994 7704 1
7816 7704 1
8114 7704 1
7831 7704 1
8038 7704 1
7940 7704 1
8323 7705 1
7703 7705 8
12576 7705 1
8416 7705 1
7857 7705 2
12585 7705 1
14685 7705 1
8464 7705 2
8172 7705 1
8518 7705 1
12852 7705 1
8044 7705 1
8139 7705 1
7855 7705 1
7704 7705 54
8427 7705 2
8510 7705 1
8072 7705 1
8495 7705 1
14665 7705 2
8228 7705 1
11973 7705 28
8263 7705 2
8157 7705 1
8262 7705 1
7707 7706 1
7709 7708 1
8110 7709 1
8167 7709 1
8011 7710 1
7969 7710 1
8322 7710 1
7711 7710 7
8017 7710 1
7708 7710 1
8432 7710 1
12854 7710 1
8012 7711 1
7709 7711 6
12854 7712 1
7708 7712 1
7969 7712 1
7711 7712 5
8011 7712 1
8017 7712 1
7816 7815 2
8415 7815 1
7950 7816 5
7955 7816 1
7953 7816 1
7954 7816 1
12558 7816 1
7952 7816 1
7816 7817 3
7815 7817 2
7819 7818 3
7817 7818 3
8034 7819 1
7816 7819 3
7863 7819 4
7817 7820 3
8368 7820 1
8391 7820 1
12855 7820 1
8211 7820 2
7821 7820 8
8016 7821 2
7816 7821 3
8214 7821 1
11991 7821 1
12558 7821 1
7823 7821 1
14653 7821 2
7885 7821 1
12856 7821 1
8247 7821 1
7825 7821 1
7827 7821 1
7925 7821 1
7932 7821 1
8114 7821 3
7819 7821 1
7817 7822 3
7823 7822 3
7816 7823 3
7863 7823 4
8034 7823 1
7817 7824 3
7825 7824 3
8034 7825 1
7816 7825 3
7863 7825 4
7883 7825 1
7827 7826 3
7817 7826 3
8034 7827 1
7816 7827 3
7863 7827 4
7829 7828 1
8307 7830 1
7828 7830 1
8514 7830 1
8476 7830 1
8136 7830 1
8327 7830 1
7884 7830 1
8500 7830 1
7831 7830 11
8231 7830 1
7885 7831 9
14666 7831 3
14678 7831 2
7829 7831 5
8346 7832 1
7830 7832 11
7833 7832 12
14678 7833 1
7831 7833 11
8327 7834 1
8500 7834 1
7831 7834 7
8171 7834 3
7828 7834 1
8514 7834 1
8476 7834 1
7882 7835 1
7881 7835 1
7880 7835 1
7874 7835 1
7878 7835 1
7873 7835 1
7837 7836 3
7990 7836 2
7839 7838 1
11998 7839 3
7937 7839 1
7841 7840 54
8078 7840 1
8182 7840 1
8332 7840 1
8249 7840 1
8349 7840 1
8506 7840 1
8372 7840 1
8489 7840 1
8006 7840 1
8197 7840 1
8512 7840 1
8426 7840 1
8092 7840 1
8482 7840 1
8374 7840 1
8457 7840 1
7977 7840 1
8412 7840 1
14660 7840 1
11960 7840 1
8112 7840 1
8070 7840 1
11961 7840 1
8460 7840 1
8486 7840 1
8741 7840 1
8409 7840 1
7838 7840 1
8461 7840 1
8200 7840 1
8040 7840 1
7866 7840 1
8387 7840 1
8089 7840 1
8433 7840 1
8335 7840 1
12575 7840 1
7843 7840 1
8248 7840 1
8014 7840 1
7934 7840 1
8191 7840 1
8334 7840 1
12559 7840 1
8390 7840 1
14692 7840 1
8436 7840 1
8361 7840 1
8467 7840 1
8479 7840 1
8521 7840 1
8264 7840 1
8144 7840 1
7978 7841 8
7897 7841 2
8007 7841 3
7833 7841 1
12977 7841 1
14679 7841 3
8106 7841 1
8069 7841 1
12561 7841 1
7935 7841 21
14662 7841 1
7986 7841 1
7839 7841 13
7841 7842 57
8425 7842 1
7896 7842 1
7840 7842 54
8250 7842 2
7833 7843 1
7844 7845 8
12562 7845 6
7848 7846 1
8097 7846 1
7844 7846 11
7978 7846 1
7867 7846 1
7868 7846 9
7848 7847 1
7846 7848 1
7847 7849 1
8009 7849 1
8121 7849 1
7850 7849 5
8235 7849 1
11999 7849 1
7930 7850 4
7868 7850 1
7848 7850 20
7847 7851 1
8180 7851 1
8420 7851 1
7902 7851 1
14690 7851 1
8417 7851 1
7852 7851 26
8193 7851 1
8108 7851 1
8009 7851 1
8165 7851 1
8188 7851 1
8502 7851 1
8356 7851 1
11999 7851 1
8058 7851 1
8407 7851 1
8336 7851 1
8235 7851 1
8014 7851 1
8121 7851 1
7700 7851 1
8062 7851 1
8089 7851 1
8201 7851 1
8080 7851 1
8405 7851 1
7935 7852 1
8063 7852 2
14682 7852 2
7975 7852 1
7699 7852 4
7903 7852 1
8304 7852 2
7957 7852 2
8081 7852 1
8019 7852 1
8744 7852 4
8109 7852 1
7848 7852 11
8132 7852 1
7978 7852 1
7847 7853 1
8180 7853 1
7854 7853 6
8080 7853 1
8235 7853 1
8483 7853 1
8503 7853 1
8081 7854 1
8309 7854 3
7699 7854 3
14682 7854 2
7848 7854 4
14645 7854 1
7978 7854 1
7903 7854 1
7957 7854 1
8744 7854 4
7856 7855 1
8110 7856 1
7855 7857 1
7704 7857 2
7856 7858 1
7858 7859 1
11979 7859 1
7704 7859 4
8400 7859 1
12002 7860 1
8109 7860 1
12860 7860 1
8019 7860 1
7862 7861 1
8106 7862 1
7881 7862 2
7699 7862 18
12002 7862 1
7850 7862 4
7935 7862 22
12581 7862 1
8744 7862 5
7980 7862 9
7852 7862 2
8026 7863 1
7864 7863 10
7878 7864 5
7873 7864 5
7882 7864 5
7874 7864 5
7881 7864 5
7880 7864 5
7863 7865 1
8034 7865 1
7839 7866 1
7846 7867 1
11996 7870 1
7869 7870 4
8026 7871 1
7872 7871 2
7883 7871 1
7880 7872 1
7874 7872 1
7882 7872 1
7873 7872 1
7878 7872 1
7881 7872 1
7957 7874 3
7876 7874 21
7875 7874 21
7877 7874 21
7879 7878 13
7885 7884 1
11998 7885 3
8525 7886 1
8351 7886 1
8501 7886 1
14683 7886 1
8267 7886 1
7884 7886 1
8370 7886 1
8511 7886 1
7831 7886 9
8470 7887 1
8499 7887 3
14683 7887 1
8136 7887 1
7831 7887 12
7886 7887 9
7889 7888 1
7884 7888 1
7885 7889 1
7889 7890 1
7884 7890 1
7884 7891 1
7889 7891 1
7889 7892 1
7884 7892 1
7884 7893 1
7889 7893 1
7895 7894 1
7930 7895 1
11998 7895 3
7897 7896 7
8331 7896 1
8523 7896 1
8074 7896 1
8503 7896 1
7894 7896 1
7870 7897 3
8159 7897 1
14697 7897 1
8106 7897 1
7841 7897 4
8309 7897 1
7895 7897 4
14662 7897 2
12977 7897 1
14666 7897 1
14696 7897 2
14663 7898 3
7897 7898 10
7896 7898 6
7898 7899 10
7897 7899 13
7971 7899 2
7897 7900 14
8202 7900 1
7899 7900 13
7897 7901 10
7898 7901 10
7903 7902 1
7950 7903 5
8041 7903 1
14645 7903 5
8420 7904 1
8089 7904 1
7852 7904 7
8407 7904 1
7700 7904 1
8058 7904 1
8260 7904 1
7902 7904 1
8407 7905 1
7852 7905 4
7700 7905 1
7902 7905 1
8356 7905 1
14644 7906 1
8175 7906 1
7903 7906 7
8389 7906 1
14667 7906 1
8515 7906 1
7902 7906 1
7903 7907 7
7906 7907 7
8318 7908 1
8211 7908 2
7906 7908 7
8406 7908 1
7909 7908 14
8380 7908 1
8391 7908 1
8042 7908 1
7903 7909 7
7854 7909 3
14653 7909 1
14645 7909 4
11991 7909 1
8045 7909 1
8114 7909 2
11997 7909 1
7816 7909 1
12856 7909 1
7902 7910 1
7852 7910 4
8188 7910 1
8407 7910 1
7700 7910 1
8080 7911 1
7854 7911 10
7902 7911 1
8108 7911 1
8243 7911 1
8165 7911 1
7958 7911 3
8014 7911 1
8298 7911 1
7913 7912 4
8128 7912 3
7980 7914 9
12595 7914 2
7848 7914 13
8022 7914 2
7916 7915 1
8345 7917 1
8192 7917 1
8371 7917 1
8747 7917 1
8161 7917 1
7915 7917 1
7918 7917 7
12976 7918 4
7916 7918 5
8162 7918 1
7920 7919 8
8393 7919 1
7917 7919 7
8208 7920 2
8162 7920 1
8022 7920 2
8394 7920 1
8241 7920 2
8404 7920 2
12000 7920 1
7918 7920 7
7922 7921 4
7925 7924 1
7883 7925 1
14653 7925 1
14654 7925 2
8114 7925 3
8239 7926 1
8079 7926 1
8492 7926 1
8098 7926 1
8268 7926 1
7821 7926 7
8430 7926 1
7924 7926 1
7928 7927 1
8188 7929 1
7930 7929 4
8463 7929 1
14680 7929 1
7927 7929 1
11992 7930 11
7928 7930 1
7975 7930 1
7873 7930 8
8019 7930 1
7916 7930 1
8097 7930 1
7980 7930 9
8022 7930 2
12595 7930 2
7943 7930 1
8061 7930 1
7932 7931 1
8045 7932 1
8166 7932 2
8026 7932 1
7821 7933 2
12855 7933 1
7931 7933 1
7935 7934 1
7845 7935 1
8361 7936 1
8182 7936 1
8191 7936 1
8218 7936 1
8486 7936 1
14692 7936 1
8436 7936 1
7934 7936 1
8412 7936 1
8467 7936 1
8512 7936 1
8349 7936 1
8521 7936 1
8144 7936 1
8334 7936 1
8112 7936 1
8461 7936 1
8433 7936 1
11961 7936 1
7937 7936 20
8092 7936 1
11992 7937 8
12561 7937 1
7980 7937 9
7935 7937 20
8106 7937 1
8361 7938 1
7862 7938 24
8335 7938 1
8475 7938 1
8182 7938 1
8112 7938 1
7934 7938 1
8248 7938 1
8089 7938 1
8218 7938 1
8349 7938 1
8521 7938 1
11961 7938 1
8433 7938 1
8092 7938 1
8412 7938 1
8334 7938 1
14692 7938 1
8144 7938 1
8461 7938 1
8486 7938 1
8467 7938 1
7938 7938 24
8436 7938 1
8191 7938 1
7934 7939 1
8467 7939 1
8361 7939 1
8218 7939 1
7979 7939 9
7937 7939 13
7941 7940 4
7704 7941 5
8388 7941 1
14666 7941 1
7942 7941 11
7885 7941 1
8076 7943 1
7944 7943 2
7945 7943 4
7945 7946 4
8076 7946 1
7947 7946 2
7848 7948 1
8039 7949 1
8414 7949 1
7846 7949 4
8379 7949 1
7948 7949 1
7876 7950 8
14678 7950 1
7816 7950 1
7951 7950 8
7875 7950 8
7873 7950 8
7916 7950 2
12856 7950 1
7975 7950 1
8045 7950 1
7874 7950 17
7877 7950 8
8114 7950 2
11991 7950 1
8749 7950 2
8146 7950 1
7957 7956 1
7845 7957 1
8140 7958 1
7699 7958 3
7956 7958 1
8391 7959 1
7958 7959 3
8406 7959 1
7960 7959 9
8211 7959 2
8380 7959 1
8045 7960 1
8458 7960 1
8114 7960 2
11991 7960 1
8745 7960 3
7816 7960 1
7699 7960 3
7959 7961 9
7960 7961 9
7958 7962 3
7963 7962 3
14678 7963 1
7699 7963 3
7950 7963 14
11984 7963 4
7958 7964 3
8119 7964 1
7965 7964 4
8745 7965 3
8120 7965 1
7699 7965 3
7852 7966 4
7958 7966 3
8303 7966 1
7700 7967 1
7958 7967 3
8456 7967 1
7698 7967 1
8451 7967 1
8297 7967 4
8073 7967 4
7968 7967 4
12978 7967 1
12591 7967 7
8405 7967 1
8232 7967 1
7862 7967 36
7979 7967 9
8111 7967 3
8344 7967 1
8067 7967 1
8296 7968 1
7699 7968 4
8343 7968 1
7709 7969 1
7711 7970 3
8017 7970 1
7969 7970 1
8322 7970 1
7897 7971 2
8307 7971 1
7973 7972 1
7973 7974 1
7972 7974 1
7976 7975 2
7837 7976 4
7978 7977 1
7846 7978 1
7937 7978 1
14660 7979 1
7977 7979 1
7980 7979 9
8409 7979 1
11960 7979 1
8078 7979 1
8482 7979 1
8489 7979 1
8014 7979 1
8488 7980 2
14648 7980 4
7978 7980 8
7945 7980 4
8075 7980 1
8092 7981 1
7979 7981 9
8112 7981 1
8487 7981 1
7937 7981 12
12594 7982 2
8301 7982 2
7930 7982 13
7979 7982 9
7914 7983 11
7979 7983 9
8481 7983 1
12577 7983 1
7979 7984 9
8301 7984 2
7914 7984 11
8412 7985 1
11961 7985 1
8486 7985 1
7979 7985 9
8461 7985 1
8144 7985 1
7937 7985 20
8521 7985 1
8512 7985 1
8349 7985 1
8436 7985 1
8334 7985 1
8191 7985 1
7943 7986 1
7987 7986 3
7846 7988 1
7990 7989 2
8148 7989 1
14648 7990 4
8749 7990 4
7976 7990 2
7989 7991 2
7836 7991 2
7836 7992 2
7989 7992 2
7941 7993 1
7704 7994 2
8207 7994 1
7993 7994 1
7881 7995 1
7874 7995 1
7873 7995 1
7880 7995 1
7878 7995 1
7882 7995 1
7997 7996 2
14675 7998 2
7996 7998 2
7997 7998 5
7997 7999 5
7998 7999 5
8001 8000 2
8504 8000 1
8316 8002 1
8314 8002 1
8310 8002 1
8317 8002 1
8312 8002 1
8313 8002 1
8178 8002 1
8138 8002 1
8315 8002 1
14684 8002 1
8311 8002 1
8145 8002 1
8007 8006 1
7860 8007 1
11998 8007 3
8110 8007 1
7930 8007 1
14641 8008 1
7848 8009 1
7854 8010 2
8180 8010 1
8009 8010 1
8012 8011 1
8011 8013 1
7711 8013 1
7978 8014 1
8016 8015 1
7709 8017 1
8019 8018 1
8020 8020 4
8021 8020 4
8424 8020 1
8018 8020 1
8066 8020 1
8019 8021 2
8241 8021 1
7841 8021 1
7873 8022 1
8023 8022 2
8075 8022 1
7945 8022 4
7867 8022 1
8025 8024 1
7873 8026 1
7878 8026 1
7881 8026 1
7880 8026 1
7882 8026 1
7874 8026 1
8026 8027 1
8026 8028 1
8026 8029 1
8026 8030 1
8030 8031 1
8030 8032 1
8026 8033 1
8026 8034 1
8036 8037 3
8036 8038 3
7867 8039 1
7839 8040 1
11997 8042 1
7942 8043 3
8045 8044 1
7950 8045 5
8025 8046 1
8477 8047 1
8478 8047 1
7850 8048 1
8050 8049 2
8048 8049 1
8169 8050 1
7850 8050 3
7943 8051 1
7986 8052 1
8051 8052 1
8051 8053 1
7930 8053 1
14693 8054 1
8056 8055 1
8056 8056 1
8055 8056 1
8055 8057 1
8056 8057 1
7848 8058 1
7852 8059 5
8188 8059 1
8260 8059 1
8407 8059 1
8058 8059 1
7700 8059 1
8061 8060 1
8063 8062 1
7846 8063 1
8407 8064 1
7852 8064 6
8062 8064 1
8405 8064 1
7700 8064 1
8089 8064 1
8235 8064 1
8062 8065 1
8089 8065 1
7852 8065 3
8407 8065 1
8021 8066 1
12581 8067 1
8069 8068 2
8067 8068 1
8520 8068 1
7935 8069 1
7841 8069 1
12581 8069 2
7862 8069 1
8199 8069 1
7923 8069 1
8007 8070 1
7850 8071 1
7918 8072 1
7850 8073 4
8201 8073 1
8462 8073 1
7895 8074 1
7978 8078 1
7825 8079 1
8081 8080 1
7873 8081 1
7845 8081 1
7699 8082 2
8243 8082 1
8080 8082 1
8083 8084 1
8186 8084 2
14687 8085 1
7965 8086 2
7897 8087 1
8187 8088 1
7841 8088 3
8105 8088 1
8087 8088 1
7935 8089 1
8407 8090 1
7852 8090 5
8420 8090 1
8089 8090 1
8491 8090 1
7700 8090 1
8089 8091 1
7852 8091 4
7700 8091 1
8407 8091 1
8260 8091 1
7935 8092 1
14649 8094 1
8094 8095 1
12000 8095 1
8094 8096 1
12000 8096 2
7846 8097 1
7819 8098 1
8205 8102 1
7850 8102 2
8050 8103 2
8102 8103 2
8106 8105 1
14682 8108 1
8110 8109 1
7845 8109 1
8396 8111 1
8419 8111 1
7699 8111 3
7935 8112 1
14653 8114 2
8115 8114 1
7950 8114 5
11975 8117 3
7846 8118 1
8120 8119 1
12980 8120 4
7848 8121 1
8121 8122 1
7914 8122 1
7914 8123 3
8121 8123 1
8193 8123 1
8413 8123 1
8142 8124 1
7920 8124 2
8124 8125 2
7920 8125 2
8128 8127 1
7912 8128 1
8484 8129 1
7912 8129 3
8127 8129 1
8217 8129 1
8127 8130 1
8217 8130 1
7912 8130 3
8484 8130 1
8007 8131 1
8134 8133 2
8378 8133 1
7829 8136 1
14653 8137 1
7912 8139 1
7957 8140 1
14687 8141 1
7920 8142 1
7935 8144 1
8749 8148 1
12581 8149 1
8149 8150 1
8151 8150 1
8199 8151 1
12581 8151 1
8149 8152 1
8151 8152 1
7986 8153 1
7986 8154 1
8153 8154 1
8153 8155 1
7841 8155 2
8249 8155 1
8153 8156 1
7841 8156 1
7816 8157 1
8162 8161 1
8474 8163 1
8301 8163 2
8161 8163 1
7920 8163 4
14682 8165 1
7878 8166 1
7874 8166 1
7882 8166 1
7873 8166 1
7881 8166 1
7880 8166 1
8169 8168 1
14678 8170 1
7831 8171 3
8500 8171 1
8170 8171 1
8742 8172 1
7704 8173 1
11998 8173 3
7921 8173 1
14645 8175 1
7909 8176 2
8298 8176 1
8175 8176 1
8175 8177 1
7909 8177 2
8298 8177 1
7848 8180 1
8308 8181 1
7854 8181 2
8180 8181 1
7935 8182 1
7848 8183 1
7914 8184 1
8183 8184 1
8022 8185 1
12977 8187 1
7975 8188 1
8188 8189 1
7950 8189 1
7930 8190 1
8188 8190 1
7935 8191 1
7916 8192 1
7848 8193 1
7839 8197 1
7839 8198 1
8197 8198 1
14679 8200 1
7848 8201 1
8507 8202 1
7870 8202 3
8097 8203 1
8203 8204 1
7930 8204 1
7848 8205 1
7854 8206 1
7704 8207 1
14653 8209 1
8444 8210 1
8114 8210 2
8209 8210 1
8114 8211 2
8209 8211 1
8368 8212 1
8444 8212 1
8211 8212 2
7925 8212 4
8368 8213 1
8444 8213 1
8214 8213 4
8211 8213 2
8259 8214 2
14653 8214 1
7883 8214 1
8114 8214 3
8061 8215 1
7930 8216 1
8215 8216 1
8128 8217 1
7935 8218 1
8220 8219 3
11991 8219 1
7883 8219 1
8229 8219 2
7831 8221 1
8266 8223 1
8224 8223 2
14687 8225 1
11991 8228 1
8026 8229 1
11991 8229 1
8306 8229 1
7835 8229 2
14666 8231 1
7699 8232 5
8502 8232 1
8443 8232 1
8363 8232 1
7950 8233 1
7950 8234 1
8233 8234 1
7848 8235 1
8235 8236 1
7852 8236 2
8356 8236 1
7852 8237 2
8235 8237 1
7700 8237 1
8235 8238 1
7854 8238 1
7827 8239 1
8239 8240 1
12557 8240 1
8016 8242 1
7957 8243 1
8243 8244 1
7854 8244 1
8243 8245 1
7854 8245 1
7854 8246 1
8243 8246 1
7935 8248 1
7841 8249 1
7841 8250 2
8249 8250 1
8229 8252 2
11991 8252 1
8251 8252 3
7883 8252 1
8356 8253 1
7700 8253 1
7852 8253 2
7852 8254 3
8260 8254 1
7700 8254 1
8407 8254 1
7700 8255 1
7852 8255 2
8356 8255 1
7852 8256 2
7700 8256 1
8407 8256 1
7852 8257 2
7700 8257 1
8407 8257 1
7852 8258 1
7700 8258 1
14655 8259 2
8109 8260 1
8260 8261 1
7860 8261 1
7856 8262 1
8262 8263 1
7704 8263 2
7839 8264 1
8037 8265 1
7885 8267 1
8214 8268 1
7957 8296 1
8343 8297 1
8296 8297 1
8363 8297 1
7699 8297 4
7854 8298 1
14669 8299 2
8298 8299 1
8389 8299 1
7909 8300 1
8298 8300 1
8302 8301 1
8022 8301 2
7867 8302 1
8304 8303 1
8019 8305 1
14666 8307 1
8309 8308 1
11998 8309 3
7930 8309 1
12856 8318 1
8318 8319 1
8746 8319 1
8110 8320 1
11998 8320 3
7903 8321 1
7709 8322 1
7943 8323 1
7833 8324 1
8324 8325 1
14648 8325 1
7885 8327 1
8329 8328 1
8428 8330 1
8505 8330 1
8329 8330 3
8328 8330 1
7895 8331 1
7839 8332 1
7935 8334 1
7935 8335 1
8132 8336 1
8007 8337 1
8337 8338 1
8131 8338 1
8337 8339 1
8131 8339 1
8337 8340 1
8131 8340 1
8337 8341 1
8131 8341 1
8131 8342 1
8337 8342 1
7957 8343 1
7699 8344 3
8502 8344 1
8443 8344 1
7916 8345 1
14678 8346 1
7950 8347 2
8346 8347 1
8435 8347 1
7963 8348 2
8346 8348 1
7935 8349 1
8349 8350 1
7937 8350 1
7885 8351 1
8229 8352 2
8391 8352 1
8391 8353 1
8352 8353 2
8219 8353 2
8391 8354 1
8252 8354 2
8352 8354 2
8038 8355 1
7957 8356 1
8502 8357 1
8356 8357 1
8365 8357 1
7874 8357 3
7699 8358 1
8356 8358 1
7921 8359 2
8471 8359 1
7921 8360 2
8359 8360 2
7935 8361 1
7957 8363 1
8363 8364 1
7699 8364 1
7957 8365 1
8365 8366 1
7699 8366 2
8174 8367 1
8114 8368 1
7925 8369 1
8368 8369 1
7885 8370 1
7916 8371 1
8007 8372 1
14687 8373 1
14679 8374 1
7852 8375 1
7988 8377 1
7978 8379 1
8045 8380 1
7932 8381 1
8380 8381 1
7932 8382 1
8380 8382 1
7950 8383 1
8380 8383 1
8380 8384 1
7932 8384 1
7860 8386 1
7930 8386 1
11998 8386 3
7839 8387 1
14645 8389 1
7839 8390 1
11991 8391 1
8391 8392 1
7821 8392 1
8394 8393 1
11966 8395 1
7957 8396 1
14689 8397 3
8326 8397 1
8513 8397 1
8241 8398 1
7920 8399 4
7856 8400 1
8219 8401 1
8403 8402 1
8401 8402 1
8252 8403 1
8219 8403 1
7852 8405 1
7816 8406 1
8063 8407 1
7852 8408 2
8407 8408 1
8491 8408 1
7978 8409 1
8326 8410 1
8397 8411 1
8410 8411 1
7935 8412 1
7848 8413 1
8097 8414 1
12558 8415 1
12856 8416 1
7848 8417 1
7957 8419 1
8019 8420 1
7852 8421 1
8420 8421 1
8420 8422 1
7852 8422 1
8420 8423 1
8305 8423 1
8019 8424 1
7841 8425 1
14679 8426 1
8439 8427 1
7941 8427 2
8329 8428 1
7823 8430 1
7709 8432 1
7935 8433 1
8069 8434 1
8433 8434 1
8146 8435 1
7935 8436 1
7829 8437 1
8437 8438 1
7831 8438 1
8388 8439 1
8439 8440 1
7941 8440 1
8439 8441 1
7941 8441 1
7940 8442 1
7957 8443 1
14653 8444 1
7821 8445 1
8444 8445 1
7945 8448 1
7945 8449 1
7852 8451 1
12573 8452 1
8025 8453 1
8746 8454 1
8453 8454 1
8106 8456 1
8459 8457 1
8069 8457 2
8069 8459 1
7839 8460 1
7935 8461 1
7848 8462 1
8019 8463 1
8749 8464 2
8252 8465 1
8465 8466 1
8403 8466 1
7935 8467 1
7848 8469 1
14678 8470 1
7921 8471 1
8471 8472 1
7921 8472 1
8471 8473 1
7921 8473 1
12000 8474 1
7862 8475 1
7885 8476 1
14662 8479 1
7848 8481 1
7978 8482 1
8309 8483 1
8128 8484 1
7912 8485 1
8484 8485 1
7935 8486 1
7935 8487 1
7978 8489 1
7848 8490 1
8304 8491 1
8247 8492 1
7821 8493 1
8492 8493 1
7856 8495 1
8497 8496 1
8496 8498 1
8497 8498 1
8511 8499 1
8501 8499 1
7831 8499 3
7829 8500 1
14666 8501 1
7957 8502 1
8309 8503 1
8329 8505 1
7839 8506 1
11996 8507 1
8202 8508 2
7897 8508 2
8002 8509 1
7903 8510 1
7885 8511 1
12561 8512 1
7829 8514 1
14645 8515 1
8398 8516 1
8398 8517 1
8516 8517 1
8114 8518 1
7856 8519 1
12581 8520 1
7935 8521 1
11966 8522 1
7895 8523 1
7885 8524 1
7885 8525 1
7839 8741 1
8743 8742 4
7941 8742 5
14693 8742 1
8746 8744 6
8745 8744 12
7873 8744 6
14649 8746 1
8025 8746 3
12856 8746 1
12588 8746 1
7877 8746 7
7916 8747 1
8371 8748 1
8749 8748 3
8747 8748 1
7945 8749 4
7916 8749 2
7837 8749 3
14648 8749 4
8748 8750 3
7990 8750 3
7950 8751 5
8188 8751 1
14680 8751 1
14681 8751 4
8435 8751 1
8747 8751 1
8744 8752 4
11957 11956 2
11957 11958 3
11956 11958 2
11958 11959 3
11957 11959 3
7978 11960 1
7935 11961 1
8334 11962 1
11961 11962 1
7937 11962 2
8092 11963 1
8334 11963 1
11961 11963 1
8105 11963 1
8461 11963 1
8112 11963 1
8182 11963 1
7937 11963 13
8144 11963 1
8512 11963 1
8349 11963 1
8433 11963 1
14692 11963 1
8436 11963 1
7937 11964 8
8334 11964 1
8521 11964 1
11961 11964 1
8486 11964 1
8349 11964 1
8412 11964 1
8191 11964 1
8144 11964 1
11966 11965 1
11965 11967 1
8395 11967 1
8522 11967 1
11966 11967 3
8439 11968 1
8307 11968 1
7941 11968 4
8524 11968 1
7941 11969 5
11968 11969 4
11969 11970 5
11972 11970 8
8742 11970 8
11971 11970 7
8742 11971 7
8054 11971 1
11969 11971 5
11971 11972 7
8742 11972 8
14685 11973 1
12852 11973 1
14642 11973 3
14651 11973 4
8265 11973 1
8355 11973 1
11969 11973 5
8185 11973 1
12585 11973 1
8323 11973 1
7704 11973 28
8060 11973 1
8187 11973 1
8221 11973 1
11993 11973 1
11972 11973 8
8442 11973 1
11975 11974 3
7885 11976 1
11976 11977 1
8137 11977 1
8415 11977 1
7821 11977 5
8242 11977 1
8015 11977 1
11976 11978 1
7821 11978 1
7856 11979 1
8188 11980 1
7950 11980 2
12584 11981 1
8148 11981 1
7950 11981 14
14681 11981 4
11980 11981 2
8318 11981 1
8211 11981 2
8380 11981 1
8391 11981 1
8406 11981 1
14680 11981 1
8188 11981 1
7963 11982 15
11981 11982 14
11982 11983 15
11984 11983 16
7963 11984 17
11983 11985 16
8348 11985 2
11984 11985 18
7950 11986 3
8233 11986 1
11980 11986 2
11989 11988 1
11988 11990 1
11989 11990 1
7950 11991 5
11994 11993 1
7922 11994 3
11975 11995 3
7870 11996 1
11998 11997 3
7950 11997 1
7848 11999 1
14649 12000 1
8745 12000 3
12001 12000 3
12001 12002 3
7860 12002 1
8194 12557 1
12003 12557 3
7827 12557 1
7839 12559 1
11998 12560 3
7845 12561 1
12564 12563 1
14686 12565 1
8225 12565 1
8085 12565 1
12566 12565 6
8373 12565 1
12563 12565 1
8141 12565 1
12564 12566 1
14687 12566 5
8143 12566 1
12563 12567 1
12566 12567 3
8085 12567 1
12569 12568 3
12567 12568 3
12566 12569 3
8135 12570 1
12571 12570 2
12573 12572 1
7995 12573 2
8026 12573 1
12573 12574 2
8452 12574 1
12572 12574 1
7839 12575 1
7870 12576 1
7848 12577 1
8009 12578 1
8413 12578 1
8490 12578 1
8417 12578 1
12857 12578 1
8183 12578 1
8048 12578 1
8058 12578 1
8193 12578 1
7850 12578 14
8121 12578 1
14676 12578 1
8481 12578 1
12577 12578 1
8205 12578 1
8009 12579 1
12594 12579 2
7914 12579 14
14676 12579 1
8183 12579 1
12577 12579 1
8413 12579 1
8490 12579 1
8205 12579 1
8417 12579 1
8121 12579 1
8193 12579 1
12857 12579 1
8058 12579 1
12581 12580 1
7937 12581 4
12583 12582 2
12580 12582 1
8092 12582 1
11975 12583 3
7935 12583 1
12581 12583 1
8749 12584 1
7856 12585 1
12588 12587 2
8377 12587 1
7873 12588 1
7988 12588 1
8024 12589 1
8046 12589 1
8746 12589 3
12587 12589 1
12587 12590 1
8746 12590 2
8094 12590 1
8396 12591 1
8296 12591 1
8419 12591 1
7699 12591 7
8363 12591 1
8343 12591 1
8083 12592 1
12593 12592 2
12595 12594 2
8203 12594 1
8097 12595 1
8100 12595 3
7930 12595 1
8301 12596 2
8058 12596 1
12594 12596 2
8417 12596 1
7914 12596 6
7973 12849 1
12849 12850 1
12851 12850 5
8298 12850 1
14675 12850 1
8509 12850 1
8435 12850 1
8146 12851 1
7854 12851 1
7973 12851 1
8002 12851 1
7997 12851 1
7856 12852 1
7709 12854 1
12856 12855 1
7950 12856 5
7848 12857 1
12857 12858 1
7914 12858 4
8413 12858 1
8301 12858 2
12860 12859 1
8463 12861 1
7860 12861 2
12859 12861 1
12863 12862 1
12864 12862 1
12975 12862 1
14649 12976 1
8022 12976 2
12000 12976 1
7873 12977 1
12002 12978 1
12980 12979 4
8435 12979 1
12978 12979 1
8096 12979 2
12002 12980 1
8146 12980 1
12000 12980 2
7860 12981 1
12978 12981 1
14641 14640 1
7846 14641 1
14643 14642 3
8008 14642 1
14640 14642 1
7850 14643 1
14641 14643 2
7873 14643 1
12000 14643 2
8104 14643 1
14645 14644 1
7854 14646 2
14644 14646 1
7909 14647 9
8175 14647 1
14667 14647 1
8211 14647 2
14646 14647 2
8209 14647 1
8515 14647 1
8298 14647 1
8389 14647 1
7833 14648 1
7945 14649 4
14648 14649 4
8093 14649 2
8076 14649 1
8446 14650 2
8077 14650 1
14648 14650 4
7945 14650 4
8071 14651 1
8096 14651 2
14643 14651 4
11998 14652 3
14655 14654 2
7878 14655 2
7882 14655 2
7881 14655 2
7873 14655 2
7880 14655 2
7874 14655 2
8226 14656 1
14657 14656 2
14659 14658 1
7978 14660 1
14662 14661 1
8479 14663 1
14661 14663 1
7897 14663 3
7897 14664 4
8087 14664 1
8105 14664 1
8187 14664 1
14661 14664 1
7704 14665 2
8495 14665 1
11998 14666 3
14645 14667 1
14667 14668 1
8389 14668 1
14669 14668 3
8298 14668 1
7854 14669 1
8227 14669 1
14645 14669 2
8389 14670 1
14669 14670 3
14667 14670 1
8298 14670 1
7903 14671 1
14671 14672 1
8321 14672 1
7903 14672 2
14649 14673 1
14673 14674 1
12976 14674 4
8474 14674 1
8301 14674 2
7997 14675 2
7848 14676 1
14676 14677 1
8413 14677 1
7914 14677 2
7930 14679 1
7937 14679 1
7916 14680 1
8435 14681 1
14680 14681 1
8188 14681 1
7950 14681 4
7885 14683 1
7921 14685 1
14687 14686 1
14689 14688 3
7848 14690 1
8462 14691 1
14690 14691 1
7850 14691 5
8469 14691 1
8193 14691 1
8201 14691 1
7935 14692 1
7941 14693 4
7941 14694 4
7941 14695 4
