153 152 2
204 153 1
202 153 1
162 154 2
152 154 2
197 154 4
165 154 2
173 154 2
155 154 20
198 154 2
153 155 10
163 155 2
170 155 2
155 156 20
154 156 20
152 157 2
158 157 4
165 157 2
153 158 4
205 160 2
207 160 1
161 160 10
198 160 2
162 160 2
154 160 2
203 160 1
155 161 2
163 161 2
172 161 2
204 161 1
202 161 1
170 161 2
163 162 2
201 163 5
155 164 2
162 164 1
198 164 1
153 165 2
167 166 7
169 168 2
171 170 5
155 172 1
171 172 3
153 173 2
166 174 4
166 175 4
153 197 4
207 197 1
203 197 1
170 198 2
201 202 3
202 203 1
171 204 3
208 205 1
172 205 3
205 206 1
172 206 1
204 207 1
155 208 1
