6901 6587 2
10163 6587 2
10163 6588 2
6901 6588 2
6869 6589 1
6869 6592 2
6887 6594 1
6900 6595 1
6869 6596 1
6598 6599 3
6936 6600 1
6600 6601 1
6936 6601 1
6902 6602 1
6885 6603 2
6623 6603 1
6885 6604 3
6603 6604 2
6885 6605 3
6603 6605 2
6883 6606 1
6608 6607 2
6632 6607 1
6906 6609 2
6640 6609 1
6609 6610 2
6906 6610 2
6966 6611 1
6883 6612 1
6614 6613 2
6615 6613 2
6613 6615 2
6614 6615 2
6968 6617 1
6617 6618 1
6968 6618 1
6869 6620 3
6621 6622 3
6883 6623 1
6904 6624 1
6904 6625 2
6624 6625 1
6625 6626 2
6904 6626 2
6953 6627 1
6627 6628 1
6953 6628 1
6864 6629 1
6869 6633 1
6861 6634 1
6946 6635 1
6876 6637 1
6858 6638 1
6638 6639 1
6858 6639 1
6906 6640 1
6966 6641 1
6641 6642 1
6611 6642 1
7109 6643 1
6643 6644 1
6914 6644 1
6869 6645 1
6947 6649 1
6887 6651 1
6869 6652 1
6903 6653 1
6901 6654 1
6905 6655 1
6655 6656 1
6905 6656 1
6599 6657 1
7111 6658 1
6657 6658 1
6910 6659 1
6657 6659 1
7111 6660 1
6657 6660 1
6910 6661 1
6657 6661 1
6657 6662 1
6910 6662 1
6657 6663 1
6910 6663 1
6910 6664 1
6657 6664 1
6657 6665 1
6910 6665 1
6657 6666 1
6910 6666 1
6859 6858 4
6861 6860 6
6862 6861 9
6910 6861 2
6863 6862 14
6889 6862 1
6865 6864 8
6629 6866 1
6864 6866 2
6864 6867 2
6866 6867 2
6889 6868 1
6962 6868 1
6869 6870 1
6596 6871 1
6589 6871 1
6592 6871 2
6872 6871 12
6645 6871 1
6940 6871 1
6633 6871 1
6870 6871 1
6652 6871 1
6620 6871 3
6869 6872 12
6977 6873 1
6596 6873 1
6940 6873 1
6592 6873 1
6620 6873 3
6633 6873 1
6874 6873 11
6645 6873 1
6870 6873 1
6589 6873 1
6869 6874 11
6926 6875 2
6876 6875 3
6619 6876 3
6875 6877 3
6876 6877 3
6876 6878 3
6875 6878 3
6876 6879 3
6875 6879 3
6875 6880 3
6876 6880 3
6883 6882 1
6593 6883 2
6882 6884 1
6885 6884 7
6960 6884 1
6606 6884 1
6623 6884 1
6949 6884 1
6603 6884 2
6612 6884 1
6883 6885 5
6887 6886 1
6928 6887 1
6631 6887 1
6929 6887 1
6630 6887 1
6594 6888 1
6886 6888 1
6651 6888 1
6961 6888 1
6889 6888 5
6887 6889 5
6962 6889 1
6974 6889 1
6889 6890 7
6963 6890 3
6888 6890 5
6888 6891 5
6889 6891 5
6893 6892 10
6963 6892 3
6944 6892 3
6888 6892 5
6915 6892 1
6974 6893 1
6889 6893 10
6915 6894 1
6889 6894 6
6888 6894 5
6888 6895 5
6896 6895 6
6915 6895 1
6889 6896 6
6898 6897 6
6888 6897 5
6862 6898 5
6889 6898 5
6898 6899 6
6897 6899 6
6864 6900 4
6864 6901 4
6864 6902 4
6864 6903 4
6864 6904 4
6864 6905 4
6864 6906 4
6915 6907 1
6868 6907 2
6868 6908 2
6907 6908 2
6910 6909 2
6657 6909 1
6599 6910 1
6909 6911 2
6634 6911 1
6861 6911 3
6902 6912 2
6602 6912 1
6912 6913 2
6902 6913 2
7109 6914 1
6889 6915 1
6896 6916 1
6915 6916 1
6915 6917 1
6896 6917 1
6915 6918 1
6862 6918 2
6932 6918 1
6896 6919 1
6915 6919 1
7104 6920 1
6915 6920 1
6868 6920 3
6961 6920 1
6860 6921 1
6921 6922 1
6860 6922 1
6924 6923 1
6945 6924 3
6924 6925 1
6923 6925 1
6876 6926 2
6637 6926 1
6928 6927 4
6931 6930 3
6862 6932 1
6935 6933 2
6934 6933 2
6933 6935 2
6934 6935 2
6861 6936 6
6938 6937 1
6859 6938 14
6938 6939 1
6937 6939 1
6869 6940 1
6653 6941 1
6903 6941 2
6941 6942 2
6903 6942 2
6887 6943 1
6943 6944 1
6961 6944 1
6889 6944 3
6947 6946 6
6948 6947 1
6946 6947 1
6938 6947 9
6947 6948 6
6885 6949 1
6603 6950 2
6949 6950 1
6885 6950 3
6949 6951 1
6885 6951 3
6603 6951 2
6938 6952 5
6938 6953 5
6948 6954 1
6954 6955 1
6649 6955 1
6947 6955 3
6635 6955 1
6595 6956 1
6900 6956 2
6956 6957 2
6900 6957 2
6956 6958 2
6900 6958 2
6862 6959 5
6883 6960 1
6962 6961 1
6961 6963 1
6889 6963 3
6967 6963 1
6965 6964 2
6647 6964 1
6887 6967 1
6863 6968 4
6648 6969 1
6970 6969 2
6647 6969 1
6971 6969 2
6972 6973 4
6976 6975 3
6869 6977 1
6868 7104 1
7106 7105 1
6945 7106 3
7106 7107 1
7105 7107 1
7105 7108 1
7106 7108 1
6590 7111 2
6599 7111 1
7113 7111 4
7110 7111 1
6591 7111 2
7112 7111 1
7115 7114 1
6603 7116 2
6885 7116 3
6885 7117 5
6604 7117 3
6605 7117 3
7116 7117 3
6646 7118 1
7119 7118 2
6901 10163 2
6654 10163 1
