14602 14466 72
15120 14466 3
14624 14466 1
14976 14466 2
15143 14466 1
14689 14466 3
14494 14466 1
14491 14466 1
14599 14466 11
14648 14466 4
14629 14466 15
14488 14466 3
14568 14466 2
14980 14466 2
14978 14466 1
14565 14466 2
14639 14466 2
14848 14466 1
14525 14466 3
14666 14466 1
14537 14466 4
14971 14466 1
15313 14467 1
14606 14467 96
15249 14467 1
14524 14467 3
15338 14467 5
14872 14467 6
15253 14467 1
14466 14467 124
14788 14467 21
14913 14467 2
14665 14467 1
15380 14467 2
15042 14467 1
14481 14467 22
14597 14468 72
15220 14468 1
14744 14468 1
14875 14468 1
15390 14468 1
14812 14468 1
15128 14468 1
14914 14468 1
14663 14468 1
14866 14468 1
15417 14468 1
15300 14468 1
15141 14468 1
15037 14468 1
14594 14468 1
14860 14468 1
14845 14468 1
15458 14468 1
14796 14468 1
15374 14468 1
15204 14468 1
15041 14468 1
15222 14468 1
14862 14468 1
15049 14468 1
15368 14468 1
14634 14468 1
15293 14468 1
14899 14468 1
14956 14468 1
15283 14468 1
14816 14468 1
15322 14468 1
15273 14468 1
15003 14468 1
15349 14468 1
15433 14468 1
15414 14468 1
14907 14468 1
14633 14468 1
15225 14468 1
14966 14468 1
15268 14468 1
14531 14468 1
14717 14468 1
15050 14468 1
15282 14468 1
15295 14468 1
14547 14468 1
14509 14468 1
15166 14468 1
15096 14468 1
14623 14468 1
14694 14468 1
15457 14468 1
14739 14468 1
15442 14468 1
15203 14468 1
15462 14468 1
15264 14468 1
15304 14468 1
14864 14468 1
15409 14468 1
15200 14468 1
15348 14468 1
15079 14468 1
14915 14468 1
15432 14468 1
15199 14468 1
15247 14468 1
14828 14468 1
15156 14468 1
14634 14469 1
15282 14469 1
15283 14469 1
15050 14469 1
15049 14469 1
15268 14469 1
14597 14469 42
15462 14469 1
14866 14469 1
15199 14469 1
14547 14469 1
15156 14469 1
14907 14469 1
14899 14469 1
15273 14469 1
15264 14469 1
15349 14469 1
14623 14469 1
15293 14469 1
14694 14469 1
15348 14469 1
15442 14469 1
15128 14469 1
14812 14469 1
14739 14469 1
15432 14469 1
15200 14469 1
14594 14469 1
15374 14469 1
14914 14469 1
15166 14469 1
15433 14469 1
14828 14469 1
15096 14469 1
14816 14469 1
15458 14469 1
15247 14469 1
14845 14469 1
14875 14469 1
14864 14469 1
14633 14469 1
14862 14469 1
14509 14469 1
15037 14470 1
15128 14470 1
14907 14470 1
15273 14470 1
15203 14470 1
14914 14470 1
15374 14470 1
14966 14470 1
15348 14470 1
15295 14470 1
15458 14470 1
14828 14470 1
14663 14470 1
14864 14470 1
15293 14470 1
15225 14470 1
15432 14470 1
14594 14470 1
15349 14470 1
15264 14470 1
15079 14470 1
14744 14470 1
14694 14470 1
14875 14470 1
14796 14470 1
14860 14470 1
15268 14470 1
15199 14470 1
14633 14470 1
15222 14470 1
14597 14470 40
14509 14470 1
15204 14470 1
15041 14470 1
15462 14470 1
15322 14470 1
15220 14470 1
15141 14470 1
15156 14470 1
14845 14470 1
14547 14470 1
14472 14471 5
14473 14472 16
14474 14473 21
14477 14475 4
14476 14475 2
14930 14475 1
14479 14478 4
14730 14478 3
14725 14479 3
14729 14479 3
14478 14480 4
14479 14480 4
14567 14481 1
14466 14481 22
14524 14481 3
15194 14481 1
15125 14481 1
14847 14481 1
14635 14481 11
14649 14481 3
14483 14482 1
14537 14483 3
15262 14484 1
14905 14484 1
14964 14484 1
14482 14484 1
14485 14484 20
14839 14484 1
14768 14484 15
15031 14485 1
15022 14485 1
14754 14485 1
14965 14485 1
14629 14485 15
14486 14485 1
15007 14485 1
14809 14485 1
14483 14485 1
14840 14485 1
14806 14485 1
14716 14485 1
15038 14485 1
14876 14485 1
14852 14485 4
15173 14485 1
14639 14485 3
14746 14485 1
14906 14485 1
14795 14485 1
15277 14485 1
14741 14485 1
14549 14485 1
14489 14488 4
14980 14488 7
14629 14489 15
14492 14491 4
14490 14491 4
15120 14491 3
14639 14492 3
15022 14492 1
14629 14492 15
14978 14492 1
14719 14492 1
14806 14492 1
14809 14492 1
14852 14492 4
14689 14492 5
14831 14492 1
15080 14493 1
14494 14493 2
14786 14494 1
14767 14494 2
14493 14495 2
14496 14495 3
15290 14496 1
14494 14496 5
14779 14496 4
15291 14496 1
15081 14497 3
14496 14497 6
14495 14497 3
14910 14498 1
14497 14498 6
14496 14498 7
14985 14499 3
14785 14499 19
14497 14499 6
15428 14499 1
14910 14499 1
14500 14499 28
14496 14500 6
14786 14500 19
14488 14500 4
14494 14500 1
14602 14501 4
15329 14501 3
14503 14502 3
15027 14504 1
14804 14504 1
15013 14504 1
14878 14504 1
14958 14504 1
15272 14504 1
15157 14504 1
15102 14504 2
14502 14504 2
15211 14504 1
15184 14504 1
15396 14504 1
15097 14504 1
15121 14504 1
15011 14504 1
15099 14504 1
15113 14504 1
14710 14504 1
14637 14504 1
15435 14504 1
15455 14504 1
15451 14504 1
14557 14504 1
14948 14504 1
15245 14504 1
14801 14504 1
14921 14504 1
14563 14504 1
14793 14504 3
14505 14504 35
15059 14504 1
15327 14504 1
14537 14505 5
14549 14505 22
14541 14505 1
14483 14505 1
14848 14505 1
14590 14505 3
14513 14505 29
15020 14505 2
14877 14505 1
14503 14505 31
14752 14505 2
15014 14505 1
14505 14506 58
15122 14506 1
15401 14506 1
15269 14506 1
14955 14506 1
15280 14506 1
15157 14506 1
14668 14506 1
15274 14506 1
15027 14506 1
14507 14506 1
14803 14506 1
15083 14506 1
14819 14506 1
15306 14506 1
15360 14506 1
14878 14506 1
14563 14506 1
15309 14506 1
14502 14506 3
15326 14506 1
14637 14506 1
15169 14506 1
14720 14506 1
15168 14506 1
14558 14506 1
15256 14506 1
15449 14506 1
14706 14506 1
15447 14506 1
15221 14506 1
15121 14506 1
15013 14506 1
14904 14506 1
15375 14506 1
14959 14506 1
14842 14506 1
15346 14506 1
15099 14506 1
15183 14506 1
15373 14506 1
15286 14506 1
14560 14506 1
15160 14506 1
15201 14506 1
15102 14506 3
14698 14506 1
15317 14506 1
14691 14506 1
15357 14506 1
15364 14506 1
14627 14506 1
15324 14506 1
14512 14506 1
15325 14506 2
14503 14507 1
14510 14509 1
14597 14510 1
14500 14511 3
14555 14511 3
14890 14511 3
14513 14512 1
14515 14514 1
14817 14515 1
14517 14515 1
14517 14516 53
15459 14516 1
14514 14516 1
15112 14516 1
14790 14516 1
15250 14516 1
15198 14516 1
15314 14516 1
15377 14516 1
15356 14516 1
14538 14516 1
15429 14516 1
14631 14516 1
14882 14516 1
14928 14516 1
15255 14516 1
14830 14516 1
15384 14516 1
15116 14516 1
14708 14516 1
14970 14516 1
15289 14516 1
15254 14516 1
15351 14516 1
15073 14516 1
15210 14516 1
15174 14516 1
14911 14516 1
15416 14516 1
14738 14516 1
14868 14516 1
15065 14516 1
15060 14516 1
15136 14516 1
15281 14516 1
15297 14516 1
15275 14516 1
14810 14516 1
14562 14516 1
14865 14516 1
15393 14516 1
15042 14516 1
15207 14516 1
15425 14516 1
15423 14516 1
14681 14516 1
14881 14516 1
15307 14516 1
15372 14516 1
15019 14516 1
15421 14516 1
15195 14516 1
14743 14516 1
15192 14516 1
14685 14517 2
14641 14517 1
14844 14517 1
14535 14517 15
15175 14517 2
14929 14517 1
14811 14517 2
14971 14517 2
15178 14517 1
14565 14517 11
14515 14517 5
14539 14517 26
15000 14517 3
15210 14518 1
14790 14518 1
14911 14518 1
15198 14518 1
15356 14518 1
15297 14518 1
15275 14518 1
15393 14518 1
15459 14518 1
15116 14518 1
15207 14518 1
15423 14518 1
15314 14518 1
15351 14518 1
15060 14518 1
15416 14518 1
15073 14518 1
14562 14518 1
14868 14518 1
14631 14518 1
15250 14518 1
15307 14518 1
15195 14518 1
14738 14518 1
15281 14518 1
14519 14518 34
14865 14518 1
15384 14518 1
14743 14518 1
15019 14518 1
14881 14518 1
15289 14518 1
14538 14518 1
14514 14518 1
15192 14518 1
15178 14519 1
14929 14519 1
14515 14519 5
15175 14519 2
14811 14519 2
15000 14519 3
14565 14519 10
14685 14519 1
14539 14519 25
14971 14519 2
14844 14519 1
14517 14520 53
14881 14520 1
15393 14520 1
15459 14520 1
15356 14520 1
14631 14520 1
14790 14520 1
15042 14520 1
15060 14520 1
15425 14520 1
15421 14520 1
15019 14520 1
15254 14520 1
14830 14520 1
15423 14520 1
15192 14520 1
14738 14520 1
14865 14520 1
14708 14520 1
15112 14520 1
14810 14520 1
15281 14520 1
14882 14520 1
15065 14520 1
14970 14520 1
15297 14520 1
15136 14520 1
15195 14520 1
15275 14520 1
15307 14520 1
15314 14520 1
15198 14520 1
15210 14520 1
14514 14520 1
15250 14520 1
15255 14520 1
15416 14520 1
15351 14520 1
14562 14520 1
14538 14520 1
15377 14520 1
15429 14520 1
14868 14520 1
15384 14520 1
15174 14520 1
15289 14520 1
14911 14520 1
14743 14520 1
15372 14520 1
14681 14520 1
15073 14520 1
15116 14520 1
15207 14520 1
14517 14521 2
15060 14521 1
14514 14521 1
15060 14522 1
14708 14522 1
14514 14522 1
15255 14522 1
14868 14522 1
15254 14522 1
14540 14522 37
15429 14522 1
14928 14522 1
14517 14522 45
14911 14523 1
15060 14523 1
15112 14523 1
14514 14523 1
15393 14523 1
15250 14523 1
14517 14523 6
15354 14524 2
14525 14524 3
14568 14525 2
14680 14525 4
14725 14525 3
14527 14526 4
15343 14526 1
14524 14526 3
14525 14527 3
14679 14527 1
14871 14528 1
14524 14528 3
14985 14528 3
15344 14528 1
14466 14528 9
15254 14528 1
14530 14529 4
14524 14529 3
14525 14530 3
14532 14531 1
14597 14532 1
14534 14533 1
14535 14534 5
14533 14534 3
14573 14534 1
14579 14534 5
14629 14536 15
14537 14536 3
14539 14538 1
14953 14539 1
14517 14539 1
15019 14540 1
14881 14540 1
15377 14540 1
14681 14540 1
15459 14540 1
14810 14540 1
15042 14540 1
14517 14540 37
15275 14540 1
14830 14540 1
14911 14540 1
14790 14540 1
14882 14540 1
15289 14540 1
15356 14540 1
14738 14540 1
14743 14540 1
15250 14540 1
15393 14540 1
15423 14540 1
15416 14540 1
15195 14540 1
15297 14540 1
15192 14540 1
14970 14540 1
15207 14540 1
15073 14540 1
15136 14540 1
14865 14540 1
15065 14540 1
15384 14540 1
14538 14540 1
15425 14540 1
15281 14540 1
15307 14540 1
14562 14540 1
15351 14540 1
14542 14541 4
14537 14541 3
14505 14541 4
15259 14544 1
15323 14544 1
15288 14544 1
15452 14544 1
15397 14544 1
15418 14544 1
15318 14544 1
14543 14544 1
15202 14544 1
14544 14545 10
15359 14545 4
15398 14545 3
15323 14546 1
14974 14546 1
15259 14546 1
15418 14546 1
15318 14546 1
14758 14546 1
15002 14546 1
15407 14546 1
14856 14546 1
15452 14546 1
14543 14546 1
15397 14546 1
15202 14546 1
15288 14546 1
14638 14546 1
14510 14547 1
14549 14548 1
15053 14550 1
15162 14550 1
15357 14550 1
15221 14550 1
15461 14550 1
15059 14550 1
14548 14550 1
15436 14550 1
15211 14550 1
15083 14550 1
15324 14550 1
15209 14550 1
14691 14550 1
15160 14550 1
15097 14550 1
14560 14550 1
14819 14550 1
15274 14550 1
14959 14550 1
14751 14550 1
14921 14550 1
15449 14550 1
14958 14550 1
15245 14550 1
14711 14550 1
15328 14550 1
14551 14550 39
14948 14550 1
15455 14550 1
15105 14550 1
14698 14550 1
15346 14550 1
15272 14550 1
15013 14550 1
14995 14550 1
14793 14550 3
15325 14550 2
15014 14551 1
14629 14551 15
14712 14551 1
14752 14551 5
14503 14551 1
14513 14551 1
14549 14551 22
15020 14551 2
14877 14551 1
14590 14551 3
14483 14551 1
14553 14552 39
14550 14552 39
14551 14553 39
14548 14554 1
14505 14554 3
14637 14554 1
14691 14554 1
14556 14555 4
14488 14555 3
14503 14557 1
14503 14558 1
14549 14560 1
14517 14561 1
14539 14562 1
14513 14563 1
14565 14564 1
15406 14565 1
14517 14565 1
15405 14565 1
14770 14565 1
15118 14565 1
15116 14566 1
14517 14566 4
15284 14566 1
15421 14566 1
14564 14566 1
14568 14567 1
15193 14568 1
15285 14569 1
15070 14569 1
15350 14569 1
14602 14569 14
15125 14569 1
15353 14569 1
15212 14569 1
15150 14569 1
14567 14569 1
15292 14569 1
14686 14569 1
14584 14569 1
15115 14569 1
14916 14569 1
14533 14570 1
14570 14571 1
15399 14571 1
14534 14571 8
15294 14571 1
14957 14571 1
14902 14571 1
15408 14571 1
14620 14571 1
14578 14571 1
14570 14572 1
14902 14572 1
14957 14572 1
15294 14572 1
14578 14572 1
15408 14572 1
15399 14572 1
14573 14572 7
14533 14573 3
14579 14573 5
14957 14574 1
15408 14574 1
15294 14574 1
15399 14574 1
14570 14574 1
14573 14574 7
14902 14574 1
14578 14574 1
14578 14575 1
15399 14575 1
14957 14575 1
15294 14575 1
14570 14575 1
14573 14575 8
14620 14575 1
15408 14575 1
14902 14575 1
14620 14576 1
15399 14576 1
15408 14576 1
14957 14576 1
14570 14576 1
15294 14576 1
14578 14576 1
14902 14576 1
14577 14576 8
14579 14577 5
14573 14577 1
14533 14577 3
14579 14578 1
14534 14579 1
15408 14580 1
15294 14580 1
15399 14580 1
14902 14580 1
14578 14580 1
14534 14580 6
14580 14581 6
14534 14581 7
15408 14581 1
15100 14581 1
14568 14584 1
14586 14585 1
14641 14586 1
14980 14586 2
14587 14586 5
14586 14587 1
14537 14588 3
15236 14588 1
14589 14588 2
14537 14590 3
14592 14591 1
15402 14593 1
14912 14593 1
14591 14593 1
14667 14593 1
14917 14593 1
14802 14593 1
14943 14593 1
15344 14593 1
15426 14593 1
14615 14593 12
15148 14593 1
15413 14593 1
14695 14593 1
14595 14594 1
14597 14595 1
14597 14596 65
15166 14596 1
15374 14596 1
15199 14596 1
15282 14596 1
14956 14596 1
15414 14596 1
14907 14596 1
15300 14596 1
15458 14596 1
14633 14596 1
14531 14596 1
15273 14596 1
15041 14596 1
15096 14596 1
14862 14596 1
14866 14596 1
15322 14596 1
15442 14596 1
15037 14596 1
14547 14596 1
14828 14596 1
14623 14596 1
14915 14596 1
15049 14596 1
14694 14596 1
15432 14596 1
14864 14596 1
15268 14596 1
14860 14596 1
14796 14596 1
14816 14596 1
14594 14596 1
15156 14596 1
15304 14596 1
15200 14596 1
14914 14596 1
15222 14596 1
15433 14596 1
15050 14596 1
14744 14596 1
14634 14596 1
15247 14596 1
15220 14596 1
15293 14596 1
15295 14596 1
15390 14596 1
14663 14596 1
14845 14596 1
15079 14596 1
14717 14596 1
14739 14596 1
15462 14596 1
15225 14596 1
15264 14596 1
15003 14596 1
14812 14596 1
15141 14596 1
15128 14596 1
15409 14596 1
15349 14596 1
15283 14596 1
15348 14596 1
14875 14596 1
14509 14596 1
14899 14596 1
14624 14597 21
14535 14597 8
14532 14597 11
14664 14597 9
14510 14597 12
14595 14597 18
15458 14598 1
15166 14598 1
15300 14598 1
14860 14598 1
14594 14598 1
15322 14598 1
14509 14598 1
14599 14598 42
14623 14598 1
14907 14598 1
14717 14598 1
14875 14598 1
15432 14598 1
15096 14598 1
14634 14598 1
15349 14598 1
14915 14598 1
14956 14598 1
14914 14598 1
14864 14598 1
14899 14598 1
15200 14598 1
15293 14598 1
15156 14598 1
14547 14598 1
15409 14598 1
15268 14598 1
14739 14598 1
15247 14598 1
14633 14598 1
15462 14598 1
15283 14598 1
15264 14598 1
15348 14598 1
14694 14598 1
14828 14598 1
15128 14598 1
15273 14598 1
14862 14598 1
15390 14598 1
15374 14598 1
14583 14599 1
14510 14599 12
14532 14599 8
14664 14599 9
14466 14599 1
14624 14599 18
14582 14599 1
14595 14599 18
14599 14600 66
14509 14600 1
15349 14600 1
15041 14600 1
14694 14600 1
14907 14600 1
14634 14600 1
15433 14600 1
14914 14600 1
14956 14600 1
15220 14600 1
15128 14600 1
15096 14600 1
15200 14600 1
14663 14600 1
15199 14600 1
15390 14600 1
14594 14600 1
14531 14600 1
15458 14600 1
14828 14600 1
15264 14600 1
15247 14600 1
14739 14600 1
14744 14600 1
14864 14600 1
15414 14600 1
15037 14600 1
14915 14600 1
15462 14600 1
15432 14600 1
14633 14600 1
15225 14600 1
15293 14600 1
14816 14600 1
15003 14600 1
15268 14600 1
15050 14600 1
15300 14600 1
15222 14600 1
15348 14600 1
15273 14600 1
15282 14600 1
14623 14600 1
15156 14600 1
15079 14600 1
15049 14600 1
14796 14600 1
14547 14600 1
15283 14600 1
15295 14600 1
14875 14600 1
15304 14600 1
14812 14600 1
15442 14600 1
14717 14600 1
14845 14600 1
15409 14600 1
14860 14600 1
14862 14600 1
14899 14600 1
14866 14600 1
15374 14600 1
15166 14600 1
15322 14600 1
15141 14600 1
14604 14601 71
14675 14601 3
14871 14601 1
14569 14601 1
14602 14601 80
14524 14601 3
15278 14601 4
14600 14601 66
15120 14602 3
14565 14602 4
14809 14602 1
14687 14602 1
14971 14602 1
14494 14602 1
14657 14602 1
14475 14602 1
14530 14602 4
14568 14602 7
14670 14602 1
14949 14602 1
14765 14602 3
14806 14602 1
15022 14602 1
14539 14602 23
15031 14602 1
14525 14602 3
14599 14602 66
14538 14603 1
14569 14603 1
14830 14603 1
15192 14603 1
14600 14603 66
14790 14603 1
15073 14603 1
15278 14603 4
15042 14603 1
14562 14603 1
14818 14603 1
14602 14603 108
14681 14603 1
15254 14603 1
15207 14603 1
15393 14603 1
15297 14603 1
15307 14603 1
15384 14603 1
14501 14603 4
15416 14603 1
14911 14603 1
15250 14603 1
14524 14603 3
14675 14603 3
14903 14603 1
14881 14603 1
15275 14603 1
14743 14603 1
15351 14603 1
14738 14603 1
15459 14603 1
15019 14603 1
15289 14603 1
15356 14603 1
15423 14603 1
14529 14603 4
14524 14604 3
14600 14604 66
14602 14604 71
14764 14604 1
14524 14605 3
14970 14605 1
14602 14605 81
15411 14605 1
15329 14605 3
14600 14605 66
14675 14605 3
14604 14605 71
15278 14605 4
14569 14605 1
14466 14606 96
14871 14606 1
14604 14606 71
15129 14606 1
14768 14606 15
15230 14606 2
14847 14606 1
14985 14606 3
14970 14606 1
14592 14615 11
14689 14615 1
14912 14616 1
14617 14616 11
15142 14616 1
14695 14616 1
14917 14616 1
15426 14616 1
14943 14616 1
15148 14616 1
14802 14616 1
15413 14616 1
14591 14616 1
14667 14616 1
15143 14617 2
14906 14617 1
14592 14617 11
14591 14618 1
15194 14618 1
15413 14618 1
14943 14618 1
15402 14618 1
14617 14618 6
14912 14618 1
14533 14620 1
14621 14622 3
14624 14623 1
14597 14624 1
14474 14625 3
14513 14627 1
14767 14629 14
14630 14629 4
14565 14631 1
15065 14632 1
15372 14632 1
15198 14632 1
14681 14632 1
15210 14632 1
14684 14632 1
15174 14632 1
14631 14632 1
14517 14632 10
15314 14632 1
15254 14632 1
14595 14633 1
14624 14634 1
14899 14635 1
14739 14635 1
15166 14635 1
14599 14635 11
15268 14635 1
14634 14635 1
14717 14635 1
14915 14635 1
14862 14635 1
15247 14635 1
15304 14635 1
14503 14636 1
14636 14637 1
15328 14637 1
14847 14637 1
15266 14637 1
15370 14637 1
15209 14637 1
14846 14637 1
14505 14637 15
15321 14637 1
15245 14637 1
15424 14637 1
15461 14637 1
14630 14639 4
14641 14640 1
14539 14641 5
15175 14641 2
15179 14641 6
14929 14641 1
14640 14642 1
14517 14642 1
15084 14643 1
14925 14643 1
14998 14643 1
14841 14643 1
14644 14643 10
14640 14643 1
14985 14643 3
14979 14643 1
14891 14643 1
15428 14643 1
14488 14644 6
14980 14644 2
14541 14644 1
14537 14644 3
14641 14644 1
15428 14645 1
15387 14645 1
14985 14645 3
15305 14645 1
15410 14645 1
15391 14645 1
14768 14645 15
14785 14645 19
14646 14645 28
14640 14645 1
14641 14646 1
14786 14646 19
14980 14646 1
14629 14646 15
14488 14646 5
14537 14646 3
14936 14646 1
14640 14647 1
14651 14647 2
14648 14647 3
14517 14648 2
14641 14648 1
14648 14649 3
14651 14649 2
14640 14649 1
14517 14650 1
14640 14650 1
14640 14651 1
14517 14651 2
14651 14652 2
14648 14652 2
14654 14653 3
14640 14653 1
14520 14653 1
14800 14654 3
14517 14654 1
14641 14654 1
14653 14655 3
14654 14655 3
14640 14655 1
15377 14656 1
15425 14656 1
14640 14656 1
14657 14656 4
15065 14656 1
14811 14657 2
14565 14657 2
14602 14657 6
14685 14657 1
14515 14657 2
14971 14657 2
14641 14657 1
14561 14657 1
14539 14657 1
15000 14657 3
14586 14658 2
15161 14658 1
14640 14658 1
14640 14659 1
14660 14659 1
14587 14660 4
15271 14660 1
14641 14660 1
14662 14661 2
14930 14661 1
14664 14663 1
14597 14664 1
14666 14665 1
14592 14667 1
14503 14668 1
14670 14669 1
14477 14670 4
14672 14671 5
15212 14671 1
15171 14671 1
15292 14671 1
15378 14671 1
14669 14671 1
14661 14672 1
14760 14672 1
14876 14672 1
14806 14672 3
14949 14672 2
14809 14672 1
15023 14672 1
14831 14672 1
14852 14672 4
14639 14672 3
14670 14672 1
14820 14672 6
14475 14672 2
15120 14672 3
14762 14672 5
15018 14672 1
15022 14672 1
15045 14672 4
15212 14673 1
15448 14673 1
15460 14673 1
15292 14673 1
14669 14673 1
14674 14673 9
15378 14673 1
15123 14673 1
15446 14673 1
15171 14673 1
14670 14674 1
15023 14674 1
14831 14674 1
14475 14674 2
15018 14674 1
14661 14674 1
14949 14674 2
14669 14675 1
15415 14675 1
14602 14675 3
14541 14676 1
14676 14677 1
14798 14677 1
15257 14677 1
14678 14677 8
15004 14677 1
14841 14677 1
15154 14677 1
14941 14677 1
15265 14677 1
14980 14678 2
14541 14678 7
14488 14678 6
14680 14679 4
15120 14680 3
14565 14681 1
14519 14682 7
15425 14682 1
15254 14682 1
15255 14682 1
15377 14682 1
14681 14682 1
15065 14682 1
14970 14682 1
14657 14683 11
14830 14683 1
15136 14683 1
14882 14683 1
14681 14683 1
15254 14683 1
15195 14683 1
14865 14683 1
14810 14683 1
15308 14683 1
14970 14683 1
15281 14683 1
14685 14684 1
14517 14685 1
14687 14686 1
14474 14687 3
15120 14687 3
15379 14688 1
14689 14688 2
14837 14689 4
15143 14689 3
15371 14690 1
15129 14690 1
14688 14690 2
14492 14690 6
15103 14690 4
14549 14691 1
14980 14693 7
14880 14693 1
14488 14693 9
14510 14694 1
14592 14695 1
15194 14696 1
15426 14696 1
15066 14696 1
14917 14696 1
14695 14696 1
15413 14696 1
15148 14696 1
14617 14696 7
14890 14697 2
14500 14697 2
14549 14698 1
14700 14699 4
14474 14700 13
14702 14701 8
14537 14703 3
14474 14703 3
14705 14704 5
14672 14705 10
14852 14705 1
14503 14706 1
14539 14708 1
15112 14709 1
14830 14709 1
14708 14709 1
15174 14709 1
14810 14709 1
14519 14709 12
15042 14709 1
15421 14709 1
14882 14709 1
14928 14709 1
15429 14709 1
15136 14709 1
15372 14709 1
14513 14710 1
14712 14711 1
14587 14712 4
14702 14713 6
14701 14713 7
14715 14714 5
14713 14714 6
14702 14715 6
14624 14717 1
14907 14718 1
14915 14718 1
14717 14718 1
15300 14718 1
15304 14718 1
14719 14718 6
14956 14718 1
14624 14719 9
14513 14720 1
14537 14721 3
14472 14722 5
14724 14723 2
15241 14723 1
14537 14723 3
14624 14726 1
14719 14727 1
14726 14727 1
14729 14728 1
14729 14730 3
14942 14730 1
14728 14730 1
14732 14731 4
14730 14731 3
15101 14732 3
14729 14732 3
14732 14733 3
14730 14733 3
14730 14734 3
14732 14734 3
14732 14735 3
14730 14735 3
14732 14736 3
14730 14736 3
14730 14737 3
14732 14737 3
14539 14738 1
14624 14739 1
14741 14740 1
14485 14742 4
15006 14742 1
15276 14742 1
14740 14742 1
14794 14742 1
14539 14743 1
14532 14744 1
14746 14745 1
14745 14747 1
14898 14747 1
15218 14747 1
15172 14747 1
14794 14747 1
14485 14747 5
14586 14748 1
14586 14750 1
14752 14751 1
14537 14752 3
14817 14753 1
14755 14754 4
15120 14755 3
14754 14756 1
14485 14757 3
14756 14757 1
15315 14757 1
15358 14757 1
14760 14759 1
14672 14760 4
14759 14761 1
14762 14761 2
14674 14762 4
14760 14762 2
15285 14763 1
15036 14763 2
15229 14763 1
15316 14763 2
15150 14763 1
14977 14763 3
15155 14763 1
15232 14763 2
14761 14763 2
14851 14763 4
14672 14763 20
14853 14763 7
14765 14764 1
14657 14765 5
14767 14766 1
15040 14767 1
14901 14768 1
14629 14768 15
15296 14768 1
14766 14768 1
15167 14768 1
15420 14768 1
15342 14768 1
15369 14768 1
15450 14768 1
14972 14768 1
15361 14768 1
15456 14768 1
15080 14768 1
15352 14768 1
15392 14768 1
15125 14769 1
15304 14769 1
15254 14769 1
15230 14769 2
14770 14769 20
14768 14769 15
14565 14770 2
14719 14770 1
14639 14770 2
14629 14770 15
14806 14770 3
14624 14770 1
14725 14770 6
14475 14770 1
14513 14770 1
14503 14770 1
14809 14770 1
14568 14770 1
15022 14770 1
15031 14770 2
14949 14770 1
14805 14771 1
15185 14771 2
15150 14771 1
15460 14771 1
14492 14771 26
14768 14771 15
14851 14771 4
15232 14771 2
15285 14771 1
14551 14772 15
14768 14772 15
15123 14773 1
14770 14773 27
15053 14773 1
15287 14773 1
15436 14773 1
15070 14773 1
14977 14773 3
15446 14773 1
15427 14773 1
14768 14773 15
15419 14773 1
14996 14773 1
14768 14774 15
14775 14774 24
15248 14774 2
15074 14774 1
15428 14774 1
15005 14774 5
14767 14775 2
14488 14775 13
14629 14775 15
14880 14775 1
14980 14775 1
14768 14776 15
14536 14776 15
15440 14777 1
14775 14777 16
14768 14777 15
14779 14778 18
14768 14778 15
15391 14778 1
15138 14778 1
15161 14778 1
14786 14779 19
14488 14779 4
14980 14779 5
14936 14779 1
14629 14779 15
14485 14780 15
14768 14780 15
14768 14781 15
14536 14781 15
14768 14782 15
14489 14782 15
14489 14783 15
14768 14783 15
14768 14784 15
14492 14784 15
14786 14785 19
15084 14785 1
14768 14785 15
15062 14785 1
14857 14785 1
14629 14786 15
14488 14786 3
15303 14787 1
14785 14787 19
14985 14787 3
14979 14787 1
15428 14787 1
14998 14787 1
14779 14787 24
15444 14788 1
14768 14788 15
14871 14788 1
14569 14788 1
14466 14788 21
15194 14788 1
14539 14790 1
15351 14791 1
15192 14791 1
14790 14791 1
15174 14791 1
14881 14791 1
14641 14791 8
15356 14791 1
14928 14791 1
15372 14791 1
14590 14793 3
14795 14794 1
14532 14796 1
14474 14797 3
14541 14798 1
14958 14799 1
14793 14799 1
14798 14799 1
14505 14799 3
14503 14801 1
14592 14802 1
14513 14803 1
14513 14804 1
14806 14805 1
14832 14806 2
14930 14806 1
14477 14806 4
14976 14806 2
14485 14807 1
14805 14807 1
14805 14808 1
14485 14808 1
14477 14809 4
14476 14809 3
14811 14810 1
14517 14811 1
14624 14812 1
14674 14813 4
14815 14814 3
14595 14816 1
14765 14818 1
14549 14819 1
15120 14820 3
15045 14820 4
14639 14820 2
14485 14820 4
14644 14821 1
14644 14822 1
14821 14822 1
14980 14823 1
15118 14823 1
14725 14823 3
14824 14823 2
14582 14823 1
14693 14823 14
14940 14826 1
14700 14827 4
14510 14828 1
14767 14829 2
14488 14829 3
14539 14830 1
14832 14831 2
14930 14831 1
14834 14833 1
14836 14835 1
14833 14835 1
14834 14836 1
14978 14837 1
14906 14837 1
14840 14839 1
14541 14841 1
14503 14842 1
14700 14843 4
15290 14844 1
14517 14844 1
14624 14845 1
14513 14846 1
15257 14847 1
14848 14847 2
14541 14848 1
14850 14849 1
14849 14851 1
15441 14851 1
14852 14851 5
15388 14851 1
14630 14852 4
14725 14852 3
14850 14852 3
14672 14853 7
15185 14853 2
14851 14853 4
14485 14854 6
15185 14854 2
14851 14854 4
14472 14855 5
14488 14857 1
14767 14858 1
14858 14859 1
14775 14859 1
14595 14860 1
15390 14861 1
14966 14861 1
15322 14861 1
14860 14861 1
15203 14861 1
15003 14861 1
15204 14861 1
14597 14861 7
14595 14862 1
14595 14864 1
14685 14865 1
14595 14866 1
14597 14867 4
15283 14867 1
15268 14867 1
15096 14867 1
14866 14867 1
14539 14868 1
14500 14869 1
14870 14869 1
14494 14871 1
14466 14872 6
15381 14872 1
14975 14872 1
15303 14872 1
14871 14872 1
14979 14872 1
14716 14873 1
14485 14874 2
15030 14874 1
14873 14874 1
14510 14875 1
14755 14876 4
14503 14878 1
14485 14879 1
14779 14880 4
14539 14881 1
14515 14882 1
14473 14884 4
14472 14885 5
14472 14886 5
14472 14887 5
14473 14888 4
14779 14889 1
14489 14889 1
14536 14889 1
14644 14891 1
14892 14893 3
14892 14894 3
15044 14895 4
14820 14895 5
14820 14896 6
14895 14896 5
15310 14896 1
15358 14897 1
15260 14897 1
14895 14897 5
14672 14897 9
15329 14897 3
15044 14897 4
15316 14897 2
14486 14898 1
14595 14899 1
14767 14901 1
14579 14902 1
14657 14903 1
14503 14904 1
14906 14905 1
14624 14907 1
14907 14908 1
15300 14908 1
14719 14908 4
15433 14908 1
15200 14908 1
14770 14909 4
14494 14910 1
14565 14911 1
14592 14912 1
14466 14913 2
15304 14913 1
14510 14914 1
14624 14915 1
14568 14916 1
14592 14917 1
14920 14919 1
14483 14919 1
14549 14921 1
14923 14922 2
14921 14922 1
15097 14922 1
14503 14923 4
14513 14923 3
14549 14923 4
14921 14924 1
14923 14924 2
15430 14924 1
14488 14925 1
15084 14926 1
14925 14926 1
14985 14926 3
15428 14926 1
14775 14926 6
15428 14927 1
15084 14927 1
14678 14927 6
14985 14927 3
14925 14927 1
14929 14928 1
14641 14929 1
14517 14929 1
14930 14931 1
14930 14932 1
14930 14933 1
14930 14934 1
14930 14935 1
14587 14936 4
14500 14936 1
14980 14936 2
14587 14937 4
14587 14938 4
14511 14938 1
14697 14939 1
14587 14939 4
14587 14940 4
14826 14940 1
14541 14941 1
14729 14942 1
14592 14943 1
14511 14945 1
14573 14946 1
14577 14947 1
14946 14947 1
14752 14948 1
14477 14949 4
14707 14949 2
14930 14949 1
14700 14950 4
14503 14955 1
14624 14956 1
14533 14957 1
14549 14958 1
14549 14959 1
14961 14960 1
14474 14961 3
14960 14962 1
14963 14962 1
14961 14963 1
14965 14964 1
14624 14966 1
14968 14967 1
14537 14968 3
14617 14968 4
14968 14969 1
14967 14969 1
14971 14970 1
14517 14971 1
14767 14972 1
14972 14973 1
14829 14973 5
15392 14973 1
14985 14973 3
14976 14975 1
14806 14977 3
14975 14977 1
15381 14977 1
14980 14979 1
15040 14980 1
15004 14981 1
15138 14981 1
15303 14981 1
15410 14981 1
15305 14981 1
15428 14981 1
15074 14981 1
15161 14981 1
15005 14981 5
14998 14981 1
15248 14981 2
14979 14981 1
14693 14981 14
14823 14982 14
14981 14982 14
14823 14983 14
14981 14983 14
14823 14984 14
15004 14984 1
14981 14984 14
14488 14985 3
15303 14985 1
14979 14985 1
14985 14986 3
14555 14986 3
14678 14987 1
14979 14987 1
14488 14989 2
14880 14989 1
15118 14989 1
14991 14990 3
14537 14990 3
14994 14993 2
14537 14993 3
15235 14993 1
14752 14995 1
14809 14996 1
14980 14998 1
14998 14999 1
14488 14999 1
14517 15000 1
14624 15003 1
14980 15004 1
15138 15005 1
14488 15005 5
15161 15005 1
15004 15005 1
15007 15006 1
14705 15009 5
14513 15011 1
15113 15012 1
14505 15012 6
15309 15012 1
15447 15012 1
15011 15012 1
15160 15012 1
14637 15012 1
15014 15013 1
14602 15015 1
14602 15016 1
14539 15019 1
14477 15021 4
14832 15021 3
14477 15022 4
14476 15022 3
14477 15023 4
15025 15026 3
14513 15027 1
14767 15028 1
14775 15029 1
15028 15029 1
15031 15030 1
15240 15033 1
15034 15033 2
14537 15033 3
14537 15035 3
15061 15036 1
14762 15036 2
14532 15037 1
14664 15041 1
14565 15042 1
15329 15044 3
15045 15044 4
15120 15045 3
15229 15046 1
15044 15046 4
14820 15046 5
15047 15048 3
14664 15049 1
14664 15050 1
14503 15051 1
15219 15052 1
15051 15052 1
14923 15052 2
14513 15053 1
15436 15054 1
15053 15054 1
14923 15054 2
15056 15055 1
15053 15055 1
14513 15056 1
15053 15057 1
15058 15057 1
14513 15058 1
14549 15059 1
14515 15060 1
14760 15061 1
14488 15062 1
14537 15063 3
15237 15063 1
15064 15063 2
15000 15065 1
14906 15066 1
15066 15067 1
14837 15067 1
15066 15068 1
14837 15068 2
15129 15068 1
15031 15070 1
14537 15071 3
14963 15072 4
14539 15073 1
14880 15074 1
14693 15075 1
15074 15075 1
15074 15076 1
14989 15076 1
15248 15077 2
14989 15077 3
15074 15077 1
14693 15078 1
15074 15078 1
14664 15079 1
14767 15080 1
15080 15081 1
14494 15081 3
15361 15081 1
14494 15082 2
15080 15082 1
15361 15082 1
14549 15083 1
14488 15084 1
15085 15086 1
15085 15087 1
15085 15088 1
15085 15089 1
15085 15090 1
15085 15091 1
15085 15092 1
15085 15093 1
15085 15094 1
15085 15095 1
14595 15096 1
14549 15097 1
14923 15098 1
15097 15098 1
14503 15099 1
14573 15100 1
14513 15102 3
14492 15103 4
15380 15103 2
15371 15103 1
15129 15104 1
15103 15104 4
15158 15104 2
14492 15104 6
15380 15104 2
14752 15105 1
15120 15106 3
14637 15107 1
14505 15107 1
14637 15108 1
15430 15108 1
14505 15108 3
15162 15108 1
15245 15109 1
15327 15109 1
14505 15109 4
15357 15109 1
14637 15109 1
14680 15110 1
14492 15111 1
14515 15112 1
14503 15113 1
14806 15115 1
14844 15116 1
15118 15117 1
15114 15119 1
14597 15120 1
14503 15121 1
14513 15122 1
14949 15123 1
14672 15124 5
15460 15124 1
15446 15124 1
15123 15124 1
15448 15124 1
15378 15124 1
14568 15125 1
15125 15126 1
15210 15126 1
14770 15126 2
14770 15127 1
15125 15127 1
14510 15128 1
14978 15129 1
14837 15130 1
15129 15130 1
15129 15131 1
14837 15131 1
15129 15132 1
14837 15132 1
15129 15133 1
14837 15133 1
15129 15134 1
14837 15134 1
14811 15136 1
14762 15137 1
14980 15138 1
14586 15139 1
15138 15139 1
15161 15140 1
15138 15140 1
14936 15140 2
14532 15141 1
15143 15142 1
14492 15143 1
15347 15143 1
15142 15144 1
15194 15144 1
14689 15144 2
15142 15145 1
14689 15145 2
15194 15145 1
14689 15146 2
15142 15146 1
15194 15146 1
14689 15147 2
15142 15147 1
15194 15147 1
14592 15148 1
15120 15149 3
15022 15150 1
15150 15151 1
15285 15151 1
15358 15151 1
14485 15151 3
14541 15154 1
14820 15155 1
14595 15156 1
14513 15157 1
15379 15158 1
14689 15158 2
14549 15160 1
14980 15161 1
14549 15162 1
15211 15163 1
14923 15163 2
15162 15163 1
15162 15164 1
15211 15164 1
14923 15164 3
15430 15164 1
14595 15166 1
14767 15167 1
14503 15168 1
14513 15169 1
14474 15170 3
15023 15171 1
15173 15172 1
15175 15174 1
15252 15175 1
14517 15175 1
14705 15177 5
14641 15178 1
15180 15178 1
14517 15178 1
14573 15182 1
14513 15183 1
14503 15184 1
15229 15185 1
14639 15185 2
14700 15187 4
14500 15189 1
15190 15189 1
15191 15189 1
14539 15192 1
15143 15194 1
14515 15195 1
14474 15196 3
14565 15198 1
14624 15199 1
14624 15200 1
14503 15201 1
14624 15203 1
14624 15204 1
15035 15206 1
14539 15207 1
14503 15208 1
14549 15209 1
14565 15210 1
14549 15211 1
14475 15212 1
14705 15213 1
15213 15214 1
14705 15214 2
15213 15215 1
15214 15215 2
14705 15215 2
15213 15216 1
14705 15216 1
14851 15217 1
15226 15217 1
14705 15217 2
15038 15218 1
14513 15219 1
14664 15220 1
14549 15221 1
14664 15222 1
14586 15224 1
14664 15225 1
14705 15226 1
14586 15227 1
15227 15228 1
14587 15228 1
14639 15229 1
15229 15230 1
14639 15230 2
15230 15231 2
14820 15231 2
14639 15232 2
15229 15232 1
14485 15233 2
15232 15233 2
14537 15239 3
15238 15239 1
15385 15239 2
14474 15242 3
14474 15243 3
14474 15244 3
14483 15245 1
15245 15246 1
14919 15246 1
14624 15247 1
15305 15248 1
14488 15248 2
14466 15249 1
14539 15250 1
14466 15253 1
14565 15254 1
14565 15255 1
14503 15256 1
14541 15257 1
14762 15260 1
15260 15261 1
15137 15261 1
14549 15262 1
14510 15264 1
14541 15265 1
14503 15266 1
14624 15268 1
14513 15269 1
14976 15270 1
14752 15272 1
14510 15273 1
14549 15274 1
14539 15275 1
15277 15276 1
14602 15278 4
15329 15278 3
14513 15280 1
14971 15281 1
14595 15282 1
14595 15283 1
14539 15284 1
14809 15285 1
14503 15286 1
14719 15287 1
14539 15289 1
14949 15292 1
14510 15293 1
14579 15294 1
14532 15295 1
14767 15296 1
14539 15297 1
14624 15300 1
14940 15301 1
14826 15302 1
15301 15302 1
14980 15303 1
14624 15304 1
14980 15305 1
14513 15306 1
14539 15307 1
14561 15308 1
14503 15309 1
14820 15310 1
15312 15311 1
15310 15311 1
14820 15312 1
14491 15313 1
14565 15314 1
14485 15315 1
15463 15316 1
14672 15316 2
14513 15317 1
14513 15321 1
14595 15322 1
15020 15324 1
15324 15325 1
15020 15325 2
14513 15326 1
14503 15327 1
14549 15328 1
14468 15329 1
15395 15329 1
15120 15329 3
15329 15330 3
15149 15330 3
15329 15331 3
15332 15331 3
15120 15332 3
14680 15333 3
15329 15333 3
14820 15334 3
15329 15334 3
15329 15335 3
14820 15335 3
15329 15336 3
14491 15336 3
15329 15337 3
14491 15337 3
14466 15338 5
15344 15338 1
15329 15338 3
14687 15339 3
15329 15339 3
15106 15340 3
15329 15340 3
15329 15341 3
14755 15341 3
14767 15342 1
14679 15343 1
14689 15344 1
14492 15345 1
15344 15345 1
14549 15346 1
14510 15348 1
14595 15349 1
14568 15350 1
14539 15351 1
14767 15352 1
14568 15353 1
15353 15354 1
14568 15354 2
14525 15355 2
15354 15355 2
14539 15356 1
14549 15357 1
14876 15358 1
15418 15359 1
15452 15359 1
15397 15359 1
14513 15360 1
14767 15361 1
14646 15362 1
14646 15363 1
15362 15363 1
14513 15364 1
15364 15365 1
15401 15365 1
14923 15365 2
14532 15368 1
14767 15369 1
14503 15370 1
14719 15371 1
15175 15372 1
14503 15373 1
14595 15374 1
14503 15375 1
15000 15377 1
15018 15378 1
15143 15379 1
15379 15380 1
14689 15380 2
14976 15381 1
15381 15382 1
15270 15382 1
14539 15384 1
14503 15386 1
14646 15387 1
14850 15388 1
14624 15390 1
14936 15391 1
14767 15392 1
14539 15393 1
15120 15395 1
14513 15396 1
15397 15398 1
15452 15398 1
14579 15399 1
14503 15401 1
14592 15402 1
15114 15403 1
15119 15404 1
15403 15404 1
14579 15408 1
14532 15409 1
14488 15410 1
14765 15411 1
14592 15413 1
14532 15414 1
14568 15415 1
14539 15416 1
14532 15417 1
15022 15419 1
14767 15420 1
15178 15421 1
14539 15423 1
14513 15424 1
15000 15425 1
14592 15426 1
15031 15427 1
14488 15428 1
14565 15429 1
14503 15430 1
15430 15431 1
14923 15431 1
14595 15432 1
14624 15433 1
14503 15435 1
14503 15436 1
15436 15437 1
15208 15437 1
15386 15438 1
15436 15438 1
14980 15440 1
14850 15441 1
14664 15442 1
14648 15444 1
14485 15445 1
14475 15446 1
14513 15447 1
14661 15448 1
14877 15449 1
14767 15450 1
14513 15451 1
14823 15453 1
14823 15454 1
15453 15454 1
14549 15455 1
14767 15456 1
14532 15457 1
14510 15458 1
14539 15459 1
14831 15460 1
14549 15461 1
14595 15462 1
14760 15463 1
