1501 1339 1
1340 1339 2
1409 1340 4
1340 1341 2
1339 1341 2
1343 1342 1
1351 1343 4
1456 1343 1
1413 1343 1
1356 1343 2
1438 1343 6
1402 1343 1
1350 1343 3
1467 1343 1
1410 1343 1
1345 1343 14
1376 1343 3
1459 1343 1
1435 1344 1
1535 1344 1
1342 1344 1
1345 1344 5
1455 1344 1
1413 1345 1
1343 1345 10
1376 1345 3
1356 1345 2
1350 1345 3
1467 1345 1
1410 1345 1
1459 1345 1
1456 1345 1
1344 1346 5
1343 1346 9
1366 1346 1
1437 1346 4
1344 1347 5
1437 1347 4
1343 1347 8
1350 1348 17
1345 1348 25
1461 1348 1
1402 1348 1
1409 1348 2
1340 1349 1
1348 1349 6
1349 1350 5
1348 1351 4
1348 1352 4
1345 1353 1
1348 1354 13
1353 1354 1
1558 1354 1
1474 1354 1
1385 1354 10
1356 1355 1
1411 1356 3
1358 1357 13
1434 1357 1
1460 1357 1
1384 1357 8
1355 1357 1
1536 1357 1
1351 1358 16
1343 1358 15
1345 1358 13
1356 1358 1
1461 1358 1
1434 1359 1
1357 1359 13
1358 1359 13
1484 1360 2
1343 1360 3
1355 1360 1
1343 1361 2
1355 1361 1
1546 1362 1
1377 1362 1
1417 1362 8
1433 1362 1
1536 1362 1
1498 1362 1
1358 1362 33
1540 1362 1
1374 1362 3
1361 1362 2
1424 1362 1
1431 1362 1
1478 1362 2
1355 1362 1
1415 1362 8
1428 1362 3
1406 1362 6
1405 1362 6
1355 1363 1
1343 1363 1
1343 1364 5
1355 1364 1
1437 1364 4
1355 1365 1
1425 1365 1
1561 1365 1
1470 1365 1
1541 1365 1
1343 1365 7
1435 1366 1
1355 1366 1
1365 1366 7
1345 1366 16
1415 1366 8
1455 1366 1
1343 1367 1
1355 1367 1
1355 1368 1
1478 1368 2
1358 1368 3
1343 1369 5
1437 1369 4
1355 1369 1
1484 1370 2
1355 1370 1
1343 1370 3
1484 1371 2
1343 1371 3
1355 1371 1
1343 1372 4
1355 1372 1
1407 1372 3
1437 1373 4
1355 1373 1
1343 1373 5
1500 1374 1
1355 1374 1
1343 1374 3
1340 1375 1
1343 1377 1
1377 1378 1
1343 1378 1
1343 1379 1
1377 1379 1
1536 1380 1
1377 1380 1
1519 1380 1
1358 1380 3
1345 1381 2
1476 1381 1
1562 1382 1
1348 1382 13
1381 1382 2
1474 1382 1
1385 1382 10
1340 1383 1
1414 1384 7
1345 1384 8
1348 1385 10
1384 1385 8
1543 1385 1
1385 1386 10
1474 1386 1
1466 1386 4
1348 1386 15
1556 1386 1
1348 1387 12
1385 1387 10
1464 1387 1
1474 1387 1
1385 1388 10
1499 1388 1
1465 1388 1
1474 1388 1
1348 1388 13
1534 1389 1
1482 1389 2
1474 1389 1
1385 1389 10
1348 1389 13
1474 1390 1
1348 1390 13
1559 1390 1
1385 1390 10
1468 1390 3
1385 1391 10
1474 1391 1
1458 1391 2
1523 1391 1
1348 1391 13
1480 1392 2
1474 1392 1
1554 1392 1
1385 1392 10
1348 1392 13
1385 1393 10
1422 1393 1
1474 1393 1
1525 1393 1
1348 1393 13
1513 1394 1
1423 1394 1
1348 1394 13
1385 1394 10
1474 1394 1
1524 1395 1
1474 1395 1
1348 1395 13
1385 1395 10
1518 1395 1
1385 1396 10
1557 1396 1
1348 1396 13
1533 1396 1
1474 1396 1
1474 1397 1
1385 1397 10
1348 1397 13
1531 1397 1
1560 1397 1
1545 1398 1
1385 1398 10
1477 1398 2
1348 1398 13
1474 1398 1
1544 1399 1
1385 1399 10
1474 1399 1
1348 1399 13
1479 1399 2
1348 1400 13
1385 1400 10
1478 1400 2
1511 1400 1
1474 1400 1
1434 1401 1
1343 1401 9
1384 1401 8
1403 1402 3
1351 1404 1
1463 1405 1
1551 1405 1
1526 1405 1
1404 1405 1
1528 1405 1
1351 1405 6
1526 1406 1
1463 1406 1
1551 1406 1
1351 1406 6
1528 1406 1
1404 1406 1
1484 1407 2
1343 1407 3
1409 1408 1
1411 1410 3
1413 1412 1
1411 1413 3
1412 1414 1
1530 1414 1
1345 1414 7
1500 1414 1
1561 1414 1
1476 1414 1
1541 1414 1
1561 1415 1
1541 1415 1
1471 1415 1
1565 1415 1
1520 1415 1
1530 1415 1
1412 1415 1
1345 1415 8
1343 1416 3
1412 1416 1
1484 1416 2
1343 1417 8
1541 1417 1
1530 1417 1
1471 1417 1
1476 1417 1
1412 1417 1
1457 1417 1
1561 1417 1
1431 1418 1
1428 1418 3
1358 1418 11
1417 1418 8
1417 1419 8
1536 1419 1
1420 1419 9
1343 1420 9
1530 1421 1
1345 1421 3
1475 1421 1
1412 1421 1
1345 1422 1
1345 1423 1
1351 1424 1
1350 1425 1
1409 1426 1
1409 1427 1
1431 1428 1
1564 1428 1
1351 1428 3
1343 1429 5
1484 1429 2
1428 1429 3
1484 1430 2
1343 1430 5
1428 1430 3
1351 1431 1
1358 1432 2
1519 1432 1
1431 1432 1
1351 1433 1
1351 1434 1
1356 1435 1
1435 1436 1
1343 1436 3
1474 1436 1
1438 1437 4
1436 1437 3
1343 1438 4
1437 1439 4
1343 1439 4
1343 1440 4
1437 1440 4
1343 1441 4
1437 1441 4
1343 1442 4
1437 1442 4
1437 1443 4
1343 1443 4
1343 1444 4
1437 1444 4
1343 1445 4
1437 1445 4
1437 1446 4
1343 1446 4
1343 1447 4
1437 1447 4
1437 1448 4
1343 1448 4
1343 1449 4
1437 1449 4
1343 1450 4
1437 1450 4
1437 1451 4
1343 1451 4
1343 1452 4
1437 1452 4
1343 1453 4
1437 1453 4
1343 1454 4
1437 1454 4
1343 1455 1
1411 1456 3
1350 1457 1
1345 1458 2
1476 1458 1
1411 1459 3
1461 1460 1
1411 1461 3
1514 1462 1
1460 1462 1
1348 1462 2
1351 1463 1
1350 1464 1
1345 1465 1
1478 1466 2
1481 1466 2
1476 1466 1
1345 1466 4
1411 1467 3
1345 1468 3
1500 1468 1
1476 1468 1
1409 1469 1
1350 1470 1
1376 1471 1
1340 1472 1
1340 1473 1
1402 1474 1
1350 1475 1
1456 1476 1
1345 1477 2
1476 1477 1
1476 1478 1
1345 1478 2
1476 1479 1
1345 1479 2
1345 1480 2
1476 1480 1
1345 1481 2
1476 1481 1
1476 1482 1
1345 1482 2
1343 1483 1
1438 1484 2
1483 1484 1
1484 1485 2
1343 1485 2
1343 1486 2
1484 1486 2
1484 1487 2
1343 1487 2
1484 1488 2
1343 1488 2
1343 1489 2
1484 1489 2
1343 1490 2
1484 1490 2
1343 1491 2
1484 1491 2
1343 1492 2
1484 1492 2
1343 1493 2
1484 1493 2
1484 1494 2
1343 1494 2
1484 1495 2
1343 1495 2
1484 1496 2
1343 1496 2
1343 1497 2
1484 1497 2
1343 1498 1
1350 1499 1
1376 1500 1
1340 1501 1
1349 1502 2
1501 1502 1
1349 1503 2
1502 1503 2
1349 1504 2
1502 1504 2
1502 1505 2
1349 1505 2
1502 1506 2
1349 1506 2
1349 1507 2
1502 1507 2
1502 1508 2
1349 1508 2
1502 1509 2
1349 1509 2
1502 1510 2
1349 1510 2
1350 1511 1
1340 1512 1
1350 1513 1
1409 1514 1
1543 1515 1
1514 1515 1
1409 1515 3
1409 1516 3
1515 1516 3
1409 1517 1
1345 1518 1
1351 1519 1
1376 1520 1
1520 1521 1
1343 1521 1
1340 1522 1
1350 1523 1
1350 1524 1
1350 1525 1
1351 1526 1
1409 1527 1
1351 1528 1
1409 1529 1
1467 1530 1
1350 1531 1
1409 1532 1
1345 1533 1
1350 1534 1
1343 1535 1
1343 1536 1
1409 1537 1
1350 1538 1
1538 1539 1
1541 1539 1
1345 1539 3
1561 1539 1
1351 1540 1
1410 1541 1
1409 1542 1
1409 1543 1
1350 1544 1
1350 1545 1
1351 1546 1
1409 1547 1
1409 1548 1
1409 1549 1
1409 1550 1
1351 1551 1
1409 1552 1
1340 1553 1
1350 1554 1
1350 1556 1
1350 1557 1
1350 1558 1
1350 1559 1
1345 1560 1
1459 1561 1
1350 1562 1
1409 1563 1
1351 1564 1
1350 1565 1
1409 1566 1
