4051 0 1
5624 0 2
8798 0 2
10954 1 1
10954 2 1
1 2 1
11252 3 2
5611 4 1
5614 5 1
4 5 1
670 6 1
670 7 1
6 7 1
10903 8 1
8 9 1
4816 9 1
10918 11 1
10918 12 1
953 13 1
954 14 2
13 14 1
14 15 2
11076 15 2
13 16 1
11179 16 2
13 17 1
955 17 2
10881 18 1
11325 19 1
10936 20 1
19 20 1
10817 21 1
21 22 1
5780 22 1
24 23 1
21 23 1
10817 24 1
8571 25 1
21 25 1
27 26 1
21 26 1
10817 27 1
21 28 1
27 28 1
21 29 1
27 29 1
8594 30 1
11046 31 1
10908 32 1
11258 33 1
11074 42 1
744 43 1
744 44 1
43 44 1
10962 47 1
11054 48 1
4835 49 1
48 49 1
956 50 1
10944 51 1
908 54 1
908 55 1
54 55 1
614 613 1
10911 614 3
8369 614 2
10916 614 2
10906 614 4
10915 614 1
10892 614 4
3988 615 1
613 615 1
11186 615 1
3943 615 1
831 615 1
2975 615 1
10801 615 22
5747 615 11
8386 615 2
4843 615 2
5757 615 1
5811 615 1
2904 616 1
8731 616 1
617 616 3
10990 617 3
924 617 3
5709 618 1
11076 618 7
616 618 3
8797 618 2
2945 618 2
5710 619 2
8475 619 1
616 619 3
627 619 2
776 619 2
11076 619 10
10990 620 1
8378 621 1
620 621 1
8731 621 1
617 621 3
623 622 1
11255 623 4
4034 624 1
2907 624 4
622 624 1
625 624 6
5675 625 1
1018 625 1
623 625 1
10900 625 3
11129 626 1
11076 627 2
4773 627 1
8691 629 1
3998 629 1
5751 629 1
4086 629 1
628 629 1
3019 629 1
8754 629 1
631 630 3
10848 632 1
634 633 3
636 633 2
632 633 1
10848 634 5
954 634 1
956 634 2
10817 634 1
955 634 2
11076 635 4
633 635 3
634 636 2
632 636 1
636 637 2
634 637 3
4075 637 1
634 638 7
8561 638 2
2993 638 1
666 638 1
636 638 2
17 638 2
636 639 2
11076 639 3
2965 639 1
641 640 2
8343 640 1
11315 641 3
840 641 4
10838 641 3
641 642 5
8530 642 2
8547 642 1
640 642 2
644 643 3
11199 643 2
10829 643 2
11342 643 5
11110 643 4
11341 645 1
11030 647 2
649 648 3
10883 650 1
643 650 2
652 651 1
8585 652 4
5893 652 4
11307 652 1
735 652 1
959 652 1
8486 652 1
10845 652 4
944 652 4
5660 652 5
5905 652 4
8554 652 4
10847 652 5
10890 653 2
651 653 1
880 654 1
11307 654 3
653 654 2
11030 655 3
651 655 1
880 655 1
8385 655 1
5600 656 2
880 656 1
11030 656 5
651 656 1
10888 657 7
4037 657 1
656 657 5
4080 658 1
5853 658 2
656 658 5
11036 658 8
5819 659 1
658 659 8
10882 659 9
10882 660 11
658 660 8
4047 660 1
4882 660 1
10884 661 11
660 661 11
663 662 8
658 662 8
11036 663 8
656 664 5
10954 664 5
651 665 1
11258 665 1
10848 666 1
634 667 3
5560 667 1
666 667 1
667 668 3
14 668 2
11076 668 6
634 669 1
666 669 1
671 670 2
11113 670 3
36 670 1
11169 672 2
5562 672 1
710 673 2
8552 673 1
5843 673 1
5842 673 1
4898 673 1
672 673 2
11169 673 14
32 673 1
895 673 1
989 673 1
5885 673 1
821 673 2
720 673 4
10900 674 3
672 674 2
10900 675 5
674 675 3
4898 675 1
5559 675 2
11169 676 1
676 677 1
10900 677 1
787 678 1
679 678 2
652 679 2
681 680 3
678 680 2
679 681 4
678 682 2
11154 682 5
5853 682 2
682 683 5
880 683 1
8667 683 1
3913 683 1
8350 683 1
5896 683 3
8487 683 1
11277 683 16
5634 683 3
4015 683 1
4069 684 1
880 684 1
2966 684 1
5843 684 1
5602 684 5
875 684 2
5600 684 2
5653 684 1
11156 684 25
683 684 16
683 685 16
11156 685 16
687 686 16
683 686 16
11277 687 16
687 688 16
683 688 16
678 689 2
690 689 2
10888 690 7
679 690 2
8340 690 2
901 690 1
11036 690 1
11030 690 2
652 690 2
8506 691 1
690 691 17
900 691 1
2895 691 1
5853 691 2
1002 691 7
880 691 1
966 691 1
8473 691 1
678 691 2
10948 693 1
10877 694 10
8424 694 2
8451 694 3
8581 694 1
5757 694 1
8578 694 1
693 694 1
5771 695 1
10877 695 11
694 695 10
8581 695 1
5757 695 1
8424 695 2
8578 695 1
8451 695 3
697 696 4
11074 696 1
10842 696 4
4790 699 1
8657 699 1
698 699 1
8342 699 1
5599 699 1
5773 699 1
8430 699 1
36 700 1
701 700 2
3014 700 1
10842 700 3
10918 702 1
4777 703 1
702 703 1
11199 703 2
8345 704 1
705 704 2
11301 705 2
10854 706 1
11325 707 1
709 708 2
2969 708 1
707 708 1
10936 709 2
11325 709 6
10908 710 2
3889 710 1
712 711 2
710 711 2
10833 712 3
10908 712 6
712 713 2
710 713 2
710 714 2
10900 714 2
710 715 2
712 715 2
710 716 2
712 716 4
5842 716 1
10834 717 4
716 717 4
10834 718 6
725 718 3
716 718 4
10910 719 7
3981 719 1
718 719 6
710 720 2
11169 720 4
989 720 1
720 721 4
10900 721 4
4898 722 1
723 722 5
720 722 4
11169 723 7
11169 724 2
710 724 2
712 725 3
710 725 2
4761 727 4
10819 727 5
2987 728 1
727 728 5
10819 728 6
10819 729 5
727 729 5
727 730 5
4819 730 3
10819 730 10
8653 730 3
5774 730 3
727 731 5
8651 731 2
43 731 1
10819 731 12
5656 731 1
8386 731 2
4819 731 3
652 732 1
10854 733 3
732 733 1
2966 733 1
735 734 1
732 734 1
10833 735 4
652 735 2
11113 737 3
652 739 1
10972 740 3
787 740 1
4062 740 1
739 740 1
787 741 1
742 741 5
8446 741 2
739 741 1
5819 741 1
11065 742 1
10838 742 2
652 742 2
652 744 1
743 744 3
10960 745 1
650 748 1
650 749 1
748 749 1
888 750 1
751 752 3
10964 753 1
10964 754 2
753 754 1
754 755 2
10964 755 2
10964 756 2
754 756 2
11030 757 2
11113 757 3
10829 758 1
10867 759 1
859 760 4
10819 760 5
759 760 1
10880 761 1
10841 762 1
4050 763 2
764 763 2
10832 765 4
10817 766 1
634 767 3
2965 767 1
766 767 1
2993 767 1
10824 768 3
775 774 1
10847 775 5
4799 775 1
8500 775 1
11060 775 1
4852 775 1
774 776 1
11076 776 2
11346 777 4
8506 777 1
774 777 1
5757 777 1
8790 778 2
11156 778 5
2966 778 1
5843 778 1
778 779 1
880 779 1
8487 779 1
10890 779 6
8667 779 1
981 779 3
10951 780 2
769 781 1
935 781 1
780 781 4
10951 781 4
10847 782 5
785 784 1
10849 785 3
11000 785 1
10845 785 4
10943 785 1
784 786 1
785 786 1
652 787 1
789 788 2
2990 788 1
791 790 1
828 791 4
10847 791 5
11342 792 5
10833 792 3
795 794 1
5871 795 2
794 796 1
3960 796 1
10890 796 2
795 797 1
794 797 1
795 798 2
794 798 1
10882 799 4
4047 799 1
4882 799 1
798 799 2
4882 800 1
4047 800 1
3943 800 1
10882 800 6
798 800 2
10884 801 7
8549 801 1
800 801 6
803 802 2
21 802 1
957 803 2
652 803 4
10817 803 2
4877 804 1
8779 804 3
5833 804 4
802 804 2
10890 804 11
914 805 4
5843 805 1
804 805 11
10890 805 16
11169 806 1
806 807 1
11143 807 1
5844 808 2
809 808 4
806 808 1
11169 809 1
10900 809 2
5700 810 1
808 810 4
809 810 5
806 811 1
10900 811 1
11143 812 1
806 812 1
10900 813 2
806 813 1
11135 814 3
813 814 2
11137 815 3
814 815 3
814 816 3
11137 816 3
10895 817 1
10895 818 9
8461 818 1
5851 818 2
817 818 1
8761 818 1
2976 818 1
3004 818 2
5776 818 1
820 819 1
11346 820 4
10908 821 2
989 821 1
821 822 2
712 822 3
10834 823 3
822 823 3
821 824 2
10900 824 5
5842 824 1
4898 824 1
824 825 5
10900 825 7
8355 825 1
825 826 7
11135 826 7
649 829 3
614 831 1
831 832 1
614 832 1
4047 833 1
10890 833 3
831 833 1
8568 833 1
10890 834 2
5703 834 1
10890 835 2
834 835 2
10882 836 1
10884 837 1
836 837 1
11097 838 1
11097 839 2
838 839 1
1054 839 1
10946 840 2
10906 841 1
8561 842 2
17 842 2
3994 842 1
4042 842 1
841 842 1
11217 842 7
8617 842 1
11165 843 1
4083 844 1
8721 844 1
843 844 1
11167 844 5
5646 844 1
11325 845 1
10936 846 1
845 846 1
845 847 1
709 847 1
845 848 1
709 848 1
845 849 1
709 849 1
709 850 1
845 850 1
709 851 1
845 851 1
709 852 1
845 852 1
845 853 1
709 853 1
709 854 1
845 854 1
709 855 1
845 855 1
11078 856 1
858 857 3
5810 857 1
856 857 1
11078 858 1
11095 858 1
857 859 3
10819 859 4
8574 860 1
857 860 3
11178 860 4
8574 861 1
857 861 3
11178 861 4
857 862 3
11178 862 4
8574 862 1
11178 863 4
8574 863 1
857 863 3
11178 864 4
857 864 3
8574 864 1
8574 865 1
11178 865 4
857 865 3
11178 866 4
8574 866 1
857 866 3
11178 867 4
8574 867 1
857 867 3
8574 868 1
857 868 3
11178 868 4
11080 869 3
857 869 3
871 870 3
652 872 1
11030 872 2
10954 872 3
11046 872 1
11022 873 1
873 874 1
11024 874 1
8645 875 1
11030 875 2
8651 876 2
8581 876 1
5600 876 2
8386 876 2
8650 876 2
11217 876 13
875 876 2
4042 876 1
2967 876 1
8648 876 2
8649 876 2
876 877 13
11217 877 13
875 878 2
11156 878 4
5600 878 2
11255 879 4
11262 879 1
11169 879 1
652 880 2
11030 881 2
880 881 1
11243 882 2
881 882 2
8581 883 1
5567 883 1
4016 883 1
8569 883 1
4011 883 1
10877 883 6
4011 884 1
883 884 6
8581 884 1
4016 884 1
10877 884 6
5567 884 1
5661 885 1
886 885 4
885 887 4
5871 888 2
11255 889 8
8507 890 2
11105 890 3
11262 891 1
891 892 1
879 892 2
4898 892 1
879 893 2
4898 893 1
891 893 1
11060 894 1
10908 895 1
895 896 1
897 896 3
8355 896 1
10908 897 2
896 898 3
899 898 3
897 899 4
901 900 1
4853 901 1
4852 901 1
10848 901 4
10845 901 4
900 902 1
4759 902 1
10819 902 2
11236 903 5
4761 903 4
900 903 1
905 904 3
8476 907 1
908 907 2
10847 908 5
10845 908 4
5567 909 1
5832 909 1
5566 909 1
907 909 2
11076 909 8
4821 909 1
995 909 1
11076 910 8
909 910 8
907 911 2
8506 911 1
912 911 3
908 912 2
652 912 1
8506 913 1
907 913 2
11076 913 3
10943 914 4
907 914 2
918 914 1
11105 915 2
5598 915 1
11000 918 1
918 919 1
1025 919 2
10819 919 3
10819 920 3
918 920 1
1025 920 2
11183 922 1
10845 922 4
10918 922 2
5712 925 3
926 925 4
11315 926 3
10946 926 3
928 927 4
925 927 4
926 928 4
11074 929 1
11074 930 1
929 930 1
696 931 1
929 931 1
696 932 1
929 932 1
42 933 1
3995 933 1
11175 933 4
5906 933 1
929 933 1
781 935 1
5590 936 2
11167 936 4
5733 936 1
2956 936 1
5734 937 3
938 937 5
5590 937 2
936 937 4
11167 938 5
938 939 4
936 939 4
936 940 4
938 940 4
8519 941 2
11307 941 3
11076 942 5
941 942 3
5562 942 1
941 943 3
944 943 3
11307 944 3
946 945 2
10978 946 1
5702 947 3
945 947 2
11024 947 5
949 948 1
8688 949 1
4800 949 2
951 950 1
948 950 1
949 951 4
948 952 1
951 952 1
11181 953 4
11181 954 4
953 954 1
5903 954 1
5903 955 1
11180 955 6
953 955 1
10845 955 4
953 956 1
8496 956 1
11180 956 6
953 957 1
11180 957 6
54 958 1
959 958 2
652 959 4
908 959 2
644 959 4
5750 960 2
10923 960 4
958 960 2
10895 961 1
630 963 1
11180 964 3
50 964 1
5703 964 1
963 964 1
11065 965 3
5853 966 2
11036 966 6
965 966 3
968 967 1
968 969 1
967 969 1
968 970 1
967 970 1
967 971 1
968 971 1
968 972 1
967 972 1
967 973 1
968 973 1
11022 974 1
11024 975 1
974 975 1
977 976 3
978 976 1
979 978 1
10890 981 3
8471 981 2
10863 982 1
10863 983 1
982 983 1
10951 984 1
984 985 1
8752 985 1
10951 985 4
3971 985 1
984 986 1
10951 986 3
3971 986 1
780 987 1
984 987 1
780 988 1
984 988 1
10908 989 1
989 990 1
991 990 2
11169 990 2
11169 991 2
989 991 1
989 992 1
10900 992 1
11192 993 1
908 995 1
995 996 1
10801 996 5
5811 996 1
8757 996 1
8485 996 2
1001 1000 5
5877 1000 3
8385 1000 1
11113 1001 3
4816 1001 4
652 1001 1
657 1002 1
1000 1002 5
10888 1002 7
1000 1003 5
10888 1003 8
8447 1003 3
1004 1005 1
8535 1005 1
8589 1005 1
10946 1006 1
840 1007 1
1006 1007 1
11162 1008 2
1006 1008 1
1008 1009 2
1010 1009 2
11162 1010 3
3898 1011 1
1006 1011 1
10837 1011 2
1006 1012 1
11162 1012 1
11095 1014 1
10823 1015 4
10824 1015 3
889 1016 5
5920 1016 3
5920 1017 3
889 1017 5
11255 1018 4
1023 1022 4
8471 1022 2
8645 1022 1
652 1023 2
10819 1024 1
10819 1025 2
1024 1025 1
10819 1026 4
8505 1026 2
1025 1026 2
1024 1027 1
10819 1027 2
8365 1027 1
1024 1028 1
10819 1028 1
5672 1029 3
1024 1029 1
10819 1029 4
8470 1030 6
4066 1030 1
1024 1030 1
10819 1030 10
8546 1030 2
1024 1031 1
4065 1031 1
10819 1031 2
4065 1032 1
10819 1032 6
5573 1032 4
1024 1032 1
10819 1033 4
8616 1033 3
1024 1033 1
1024 1034 1
8366 1034 4
10819 1034 5
10819 1035 5
1024 1035 1
8366 1035 4
8366 1036 4
10819 1036 5
1024 1036 1
1024 1037 1
10819 1037 5
8366 1037 4
1024 1038 1
8366 1038 4
10819 1038 5
8366 1039 4
1024 1039 1
10819 1039 5
1024 1040 1
8366 1040 4
10819 1040 5
10819 1041 5
8366 1041 4
1024 1041 1
1024 1042 1
8366 1042 4
10819 1042 5
1024 1043 1
8366 1043 4
10819 1043 5
8366 1044 4
1024 1044 1
10819 1044 5
8366 1045 4
1024 1045 1
10819 1045 5
8366 1046 4
10819 1046 5
1024 1046 1
1024 1047 1
8366 1047 4
10819 1047 5
10819 1048 2
1024 1048 1
3028 1048 1
10872 1049 1
1049 1050 1
8786 1050 1
8579 1050 2
5771 1050 1
10876 1050 5
795 1051 1
10996 1051 1
1051 1052 4
11325 1053 1
11074 1054 1
1054 1055 1
11078 1055 1
1054 1056 1
11078 1056 1
1054 1057 1
11078 1057 1
11097 1058 1
1054 1058 1
1054 1059 1
11078 1059 2
2900 1060 1
8501 1060 1
8761 1060 1
1054 1060 1
10895 1060 4
4044 1061 1
8386 1061 2
10819 1061 7
8407 1061 1
1054 1061 1
8510 1061 2
1063 1062 1
1054 1062 1
5790 1063 3
11074 1063 1
1063 1064 1
1054 1064 1
1063 1065 1
1054 1065 1
11097 1066 1
1054 1066 1
10996 1067 1
11103 1068 1
3030 1069 1
1068 1069 1
1070 1069 2
11307 1070 4
4862 1070 1
11103 1070 1
1068 1071 1
3030 1071 1
1070 1071 2
1072 1073 3
10829 1075 1
10833 1075 3
1078 1077 1
4863 1078 3
5596 1078 3
955 1079 1
10838 2893 1
11142 2894 1
8340 2895 1
11163 2897 4
954 2899 1
704 2900 1
775 2901 1
1078 2902 1
10886 2903 1
617 2904 1
11199 2905 1
3002 2906 2
10900 2906 3
625 2907 4
2906 2907 3
4051 2908 1
5624 2908 2
10960 2909 1
10962 2910 1
956 2911 1
11199 2912 1
11095 2914 1
2914 2915 1
1014 2915 1
949 2918 1
951 2919 1
2918 2919 1
2977 2920 1
11252 2920 2
2920 2921 2
3 2921 2
10962 2923 1
11112 2924 1
11046 2925 1
10888 2926 1
2925 2926 1
10888 2927 1
2925 2927 1
5597 2930 1
4772 2931 1
5666 2935 2
3988 2935 1
2935 2936 2
10996 2936 2
5801 2937 2
4100 2937 1
4775 2938 2
2937 2938 2
785 2939 1
3001 2942 1
4850 2942 3
3943 2942 1
5570 2943 3
2942 2943 3
11329 2944 5
2975 2944 1
3904 2944 1
2942 2944 3
11076 2945 2
2965 2945 1
10895 2947 1
10876 2948 1
2947 2948 1
10895 2949 2
2991 2949 1
2947 2949 1
10890 2951 2
4006 2951 1
10890 2952 2
2951 2952 2
4004 2954 1
10936 2954 2
2954 2955 2
709 2955 2
11167 2956 1
872 2957 1
10900 2959 1
11137 2960 1
2959 2960 1
2959 2961 1
8567 2961 1
10841 2964 1
954 2965 1
652 2966 1
652 2967 1
4793 2968 1
11325 2969 1
2969 2970 1
5583 2970 1
2969 2971 1
5583 2971 1
8376 2973 1
10846 2975 1
10895 2976 1
4874 2977 1
2977 2978 1
11252 2978 1
2977 2979 1
11252 2979 1
2977 2980 1
11252 2980 1
2977 2981 1
11252 2981 1
2977 2982 1
11252 2982 1
3982 2984 1
11105 2984 2
785 2987 1
10895 2991 1
11199 2992 1
10848 2993 1
11065 2996 1
5595 2997 1
4816 2998 1
2997 2998 1
4850 3001 1
4001 3002 1
11169 3002 2
10895 3003 1
10895 3004 2
3003 3004 1
5596 3007 1
3007 3008 1
1078 3008 1
4874 3009 1
10960 3010 1
11192 3011 1
4067 3012 1
3011 3012 1
10888 3012 2
3014 3013 1
934 3014 3
3930 3014 2
700 3015 1
3013 3015 1
3013 3016 1
700 3016 1
11151 3017 1
4859 3020 1
922 3021 1
3919 3024 1
11039 3024 2
4862 3025 2
3024 3025 2
4811 3028 1
870 3029 1
4862 3030 1
11198 3876 1
959 3877 1
10873 3878 1
10877 3879 1
3878 3879 1
10978 3880 1
10817 3881 1
3880 3881 1
8571 3882 2
3880 3882 1
11022 3883 2
3882 3883 2
3880 3884 1
11024 3884 1
946 3885 1
3880 3885 1
3880 3886 1
10931 3886 2
10931 3887 2
3886 3887 2
3933 3888 1
5597 3889 1
908 3894 1
3943 3895 1
11076 3895 2
10838 3896 1
3896 3897 1
11112 3897 1
4835 3898 1
8345 3899 1
8345 3900 1
8345 3901 1
8345 3902 1
8345 3903 1
781 3904 1
11325 3906 1
643 3907 1
11148 3908 1
781 3909 2
3971 3909 1
11329 3910 2
3909 3910 2
8749 3913 1
10838 3914 1
10854 3915 1
10976 3915 1
11065 3916 1
3916 3917 1
11036 3917 1
11183 3918 1
5574 3918 1
11103 3919 1
3919 3920 1
11105 3920 1
901 3921 1
11298 3922 1
10906 3923 1
10886 3924 1
3923 3924 1
5639 3925 1
757 3926 1
10908 3927 1
11192 3928 1
10 3932 2
4089 3932 1
872 3935 1
3935 3936 1
10953 3936 1
3935 3937 1
10953 3937 1
10953 3938 1
3935 3938 1
3933 3939 1
3939 3940 1
5808 3940 1
3888 3941 1
3939 3941 1
5808 3942 1
3939 3942 1
11046 3943 1
10888 3944 1
3943 3944 1
3943 3945 1
10888 3945 1
3943 3946 1
4850 3946 1
3943 3947 1
10888 3947 1
10888 3948 1
3943 3948 1
10882 3949 1
3943 3949 1
775 3952 1
10846 3954 1
10918 3956 1
10903 3957 1
888 3960 1
750 3961 1
3960 3961 1
750 3962 1
3960 3962 1
10993 3964 1
949 3965 1
951 3966 1
3965 3966 1
11180 3967 1
10960 3968 1
11307 3970 1
781 3971 1
781 3973 1
8607 3974 1
10847 3975 1
10847 3976 1
3975 3976 1
8440 3977 1
11162 3978 1
3978 3979 1
1010 3979 1
10944 3980 1
10834 3981 1
11103 3982 1
10831 3983 1
3988 3984 1
10831 3984 2
3983 3984 1
11243 3985 1
10954 3986 1
10829 3988 1
8414 3989 1
3988 3989 1
8414 3990 1
3988 3990 1
8414 3991 1
3988 3991 1
8414 3992 1
3988 3992 1
3988 3993 1
1075 3993 1
4763 3994 1
976 3995 1
10882 3996 1
10873 3999 1
3999 4000 1
10877 4000 2
4097 4000 1
10908 4001 1
11022 4002 1
4002 4003 1
11024 4003 1
11325 4004 1
8596 4006 1
11256 4007 1
4006 4007 1
5841 4011 1
8440 4013 1
10906 4014 1
8596 4015 1
5792 4016 1
11074 4017 1
11078 4018 1
4017 4018 1
10886 4019 1
10888 4020 1
4019 4020 1
5666 4021 1
10940 4023 1
955 4025 1
10848 4026 1
11076 4027 2
4026 4027 1
10946 4028 1
4028 4029 1
840 4029 1
10993 4030 1
775 4033 1
1018 4034 1
949 4035 1
4035 4036 1
951 4036 1
10838 4037 1
5893 4038 1
4037 4038 1
11329 4039 1
4859 4040 1
652 4042 1
4042 4043 1
803 4043 1
11165 4044 1
10882 4047 1
5624 4051 1
4051 4052 1
5624 4052 1
5666 4053 1
11325 4054 1
4054 4055 1
709 4055 1
652 4059 1
10854 4060 1
4059 4060 1
872 4061 1
4059 4061 1
652 4062 1
901 4065 1
8459 4066 1
10888 4067 1
4767 4068 1
11140 4069 1
11180 4070 1
11165 4073 1
10848 4075 1
791 4077 1
11065 4080 1
11180 4081 1
10906 4083 1
614 4084 1
4083 4084 1
11058 4085 1
1078 4088 1
10 4089 1
11148 4093 1
11339 4094 1
11339 4095 1
4094 4095 1
10841 4096 1
10996 4097 1
10873 4098 1
10978 4099 1
5801 4100 1
14 4759 2
50 4759 1
2965 4759 1
8419 4759 6
1079 4759 1
10819 4759 13
4777 4761 1
922 4761 4
5698 4761 2
4763 4762 1
10848 4763 4
10845 4763 4
4762 4764 1
3921 4764 1
11000 4764 4
4081 4764 1
2987 4765 1
5718 4765 1
4764 4765 4
11000 4765 6
4767 4766 4
4764 4766 4
2985 4767 2
3972 4767 1
10817 4767 1
11000 4767 4
4764 4768 4
4767 4768 4
3921 4769 1
11000 4769 3
4081 4769 1
4762 4769 1
3921 4770 1
4081 4770 1
4065 4770 1
4762 4770 1
3021 4770 1
5573 4770 4
11183 4770 11
3994 4770 1
5574 4770 1
11000 4771 3
3921 4771 1
4762 4771 1
4081 4771 1
10875 4772 3
11060 4772 1
908 4773 1
11076 4774 6
8477 4774 2
8402 4774 1
4773 4774 1
8693 4774 1
2892 4775 1
8742 4775 1
4776 4775 2
5801 4775 2
10918 4777 1
10918 4778 2
4777 4778 1
4778 4779 2
10832 4779 2
4778 4780 2
10832 4780 3
765 4781 3
4780 4781 3
10854 4782 1
10854 4783 1
4782 4783 1
11301 4785 2
11046 4786 1
11046 4787 1
4786 4787 1
4789 4788 1
4786 4788 1
4828 4789 3
11046 4789 1
4792 4791 3
10847 4793 5
4794 4793 2
39 4793 1
10826 4795 1
10826 4796 2
4795 4796 1
5904 4796 1
773 4797 3
4799 4798 3
3953 4801 1
10846 4801 1
4802 4801 2
11192 4803 3
8386 4803 2
4803 4804 3
11192 4804 3
8386 4805 2
3928 4805 1
11192 4805 7
4803 4805 3
8431 4805 3
8568 4805 1
8431 4806 3
5648 4806 1
11192 4806 9
4803 4806 3
4864 4806 1
11192 4807 9
4806 4807 9
8679 4808 1
5648 4808 1
10895 4808 7
4803 4808 3
3943 4808 1
2975 4809 1
8723 4809 2
10895 4809 12
8386 4809 2
5566 4809 1
8761 4809 1
3943 4809 1
4808 4809 7
10895 4810 9
8761 4810 1
4803 4810 3
8388 4810 4
5631 4810 3
5629 4810 1
649 4811 3
10846 4812 1
10819 4812 1
744 4813 1
4821 4814 1
11076 4814 4
4813 4814 1
8539 4814 1
4816 4815 1
5667 4816 3
5595 4816 1
10903 4816 3
4815 4817 1
1001 4817 1
8651 4819 2
10867 4819 3
4819 4820 3
5906 4820 1
10867 4820 4
652 4821 1
4821 4822 1
10876 4822 4
8506 4822 1
5769 4822 1
8786 4822 1
614 4823 1
11201 4824 1
4826 4824 2
4825 4824 3
11198 4829 4
11295 4830 1
11295 4831 2
4830 4831 1
8353 4832 2
4831 4832 2
10890 4832 4
4835 4834 2
48 4834 1
11113 4835 3
11054 4835 2
11163 4836 2
4834 4836 2
4834 4837 2
10928 4837 2
4839 4838 1
5917 4839 3
5607 4840 7
4838 4840 1
4856 4840 1
10819 4840 10
8534 4840 1
10831 4841 2
4838 4841 1
3983 4842 1
3988 4842 1
10831 4842 4
4841 4842 2
10996 4843 2
4838 4843 1
4843 4844 2
4098 4844 1
10873 4844 3
4843 4845 2
5911 4845 2
4846 4845 4
5912 4846 2
10996 4846 2
11076 4847 2
4843 4847 2
966 4848 1
2937 4848 2
4843 4848 2
10890 4848 6
4882 4848 1
10876 4849 17
2987 4849 1
8522 4849 3
4838 4849 1
5747 4849 11
8786 4849 1
8506 4849 1
11046 4850 1
10833 4850 3
773 4851 3
10928 4854 1
11056 4855 2
5567 4855 1
4854 4855 1
4857 4856 1
8345 4857 1
4785 4857 2
4859 4858 1
10849 4859 3
8417 4860 1
5754 4860 1
3010 4860 1
11346 4860 15
2901 4860 1
4873 4860 1
3894 4860 1
8745 4860 1
2987 4860 1
4858 4860 1
5662 4860 1
5719 4860 1
5814 4860 1
11 4860 1
5665 4860 1
4858 4861 1
8581 4861 1
11217 4861 5
8617 4861 1
8386 4861 2
4863 4862 3
11039 4862 3
11192 4864 1
4864 4865 1
4866 4865 1
11192 4866 1
11109 4867 1
4864 4867 1
3927 4868 1
11169 4868 2
4868 4869 2
10900 4869 2
723 4870 2
4868 4870 2
10900 4871 2
4868 4871 2
4868 4872 2
723 4872 2
4874 4873 1
11252 4874 1
10848 4874 4
11252 4875 2
4873 4875 1
11252 4876 2
4875 4876 2
803 4877 1
11065 4878 1
11036 4879 1
4878 4879 1
649 4881 3
10882 4882 1
10882 4883 1
4882 4883 1
4882 4884 1
3943 4884 1
4047 4884 1
10882 4884 4
10882 4885 2
4882 4885 1
4047 4885 1
4047 4886 1
4882 4886 1
10882 4886 2
4888 4887 3
922 4889 1
10978 4890 1
11076 4891 1
4890 4891 1
4893 4892 1
4890 4892 1
10978 4893 1
4893 4894 1
4890 4894 1
8435 4895 1
10978 4895 2
11169 4898 1
10900 5556 1
4898 5556 1
4898 5557 1
10900 5557 2
4898 5558 1
10900 5558 2
4898 5559 1
10900 5559 2
10848 5560 1
10908 5562 1
1078 5563 3
4088 5563 1
2902 5563 1
901 5564 1
10870 5565 3
3988 5566 1
643 5566 4
5568 5567 4
5566 5567 3
5801 5568 4
643 5568 3
8723 5569 2
5570 5569 7
5566 5569 2
2942 5569 3
643 5570 4
4850 5570 3
5832 5571 2
5566 5571 3
4021 5571 1
10923 5571 10
2935 5571 2
3943 5571 1
5571 5572 10
5771 5572 1
11038 5572 12
5715 5572 1
17 5573 2
8561 5573 2
11180 5573 4
4051 5574 1
5573 5574 4
4065 5574 1
11183 5574 11
2908 5574 2
3994 5574 1
5573 5575 4
17 5575 2
11000 5575 5
3994 5575 1
5573 5576 4
11000 5576 6
3994 5576 1
4065 5576 1
5573 5577 4
10819 5577 6
3994 5577 1
4759 5577 1
10900 5578 1
5580 5579 1
10842 5580 3
8643 5580 2
10843 5580 2
771 5580 1
36 5580 1
10845 5580 4
770 5580 1
5679 5581 2
5727 5581 2
10877 5581 5
5579 5581 1
5792 5582 2
11325 5583 1
10931 5584 1
10890 5586 2
5721 5586 1
11065 5587 1
5587 5588 1
11038 5588 1
5587 5589 1
11036 5589 1
2956 5590 1
11167 5590 2
5733 5591 1
11167 5591 3
5590 5591 2
5652 5592 1
10906 5592 2
614 5593 2
5592 5593 2
10846 5594 1
11113 5594 3
10903 5595 7
10847 5596 5
10845 5596 4
8363 5596 4
10847 5597 5
10908 5597 1
11103 5598 1
8645 5600 1
11030 5600 2
5600 5601 2
8581 5601 1
10846 5601 4
3943 5601 1
5600 5602 2
8506 5602 1
11030 5602 5
8385 5602 1
880 5603 1
5602 5603 5
11156 5603 6
5606 5604 6
10980 5604 15
5626 5604 1
5602 5604 5
8521 5604 4
3935 5604 1
11199 5605 1
8409 5606 1
8618 5606 1
2992 5606 1
8787 5606 1
11199 5606 6
5605 5606 1
5608 5607 7
5606 5607 6
5614 5608 4
11199 5608 6
5607 5609 7
11076 5609 8
5606 5610 6
5611 5610 6
5614 5611 4
11199 5611 6
5606 5612 6
11294 5612 7
5612 5613 7
5614 5613 7
5611 5614 1
11294 5614 7
5614 5615 7
5612 5615 7
5612 5616 7
5614 5616 7
5612 5617 7
5614 5617 7
5612 5618 7
5614 5618 7
5612 5619 7
5606 5619 6
11294 5619 7
5612 5620 7
5614 5620 7
5622 5621 7
5612 5621 7
11294 5622 7
5606 5623 6
4051 5623 1
5624 5623 7
11199 5624 6
11156 5625 4
5869 5625 3
11103 5626 3
5626 5627 3
10888 5627 4
11129 5628 8
5895 5628 4
5627 5628 4
5630 5629 1
10940 5630 1
5629 5631 1
4023 5631 1
5630 5631 3
5630 5632 1
5629 5632 1
5629 5633 1
5630 5633 1
11154 5634 3
5853 5634 2
880 5635 1
5634 5635 3
11154 5635 4
5634 5636 3
10931 5636 3
5896 5637 3
10931 5637 6
5634 5637 3
5639 5638 6
5763 5638 1
3925 5638 1
2894 5638 1
5634 5638 3
11154 5639 3
11142 5639 1
5639 5640 5
5763 5640 1
3925 5640 1
5634 5640 3
10915 5642 1
10915 5643 1
10956 5644 1
5644 5645 1
11342 5645 1
10993 5646 1
830 5647 2
11192 5648 1
10895 5649 8
4013 5649 1
5648 5649 1
8761 5649 1
8506 5649 1
3943 5649 1
3977 5649 1
8386 5649 2
10895 5650 4
5648 5650 1
5683 5650 3
5648 5651 1
3943 5651 1
10895 5651 5
5683 5651 3
5595 5652 1
679 5653 1
4798 5654 1
5654 5655 1
4798 5655 1
10867 5656 1
5774 5657 3
10867 5657 5
8653 5657 3
5656 5657 1
10854 5660 1
10857 5660 6
11344 5662 1
11000 5663 2
8627 5663 1
5663 5664 2
10890 5664 2
10903 5665 1
10829 5666 2
8369 5666 1
10850 5666 4
10833 5666 3
10906 5666 1
5745 5668 1
10996 5668 2
8786 5669 1
5668 5669 2
10876 5669 3
10918 5670 1
11179 5671 1
5671 5672 1
8773 5672 1
11000 5672 3
11340 5673 1
11340 5674 1
5673 5674 1
897 5677 1
899 5678 2
5677 5678 1
8550 5679 1
11258 5679 2
5765 5680 1
8581 5680 1
10996 5680 5
5679 5680 2
5696 5681 2
8372 5681 1
10819 5681 9
4759 5681 1
5680 5681 5
10996 5682 2
5679 5682 2
10895 5683 3
5679 5683 2
8468 5684 2
8439 5684 2
5873 5684 4
2900 5684 1
8679 5684 1
8546 5684 2
10895 5684 17
5683 5684 3
8471 5684 2
4013 5684 1
8506 5684 1
3977 5684 1
10895 5685 6
3977 5685 1
5683 5685 3
8386 5685 2
8679 5686 1
3977 5686 1
5683 5686 3
10895 5686 5
3943 5687 1
10895 5687 4
5683 5687 3
5683 5688 3
10895 5688 3
10895 5689 3
5683 5689 3
10895 5690 6
5683 5690 3
8769 5690 1
8386 5690 2
5683 5691 3
10895 5691 5
8468 5691 2
880 5691 1
5683 5692 3
8468 5692 2
10895 5692 6
8471 5692 2
10895 5693 5
8471 5693 2
5683 5693 3
5683 5694 3
8769 5694 1
10895 5694 4
10902 5695 1
10902 5696 2
5695 5696 1
5696 5697 2
4759 5697 1
10819 5697 3
922 5698 2
3956 5698 1
11294 5699 1
809 5700 1
11258 5701 1
11022 5702 3
3882 5702 2
956 5703 1
10819 5704 7
4065 5704 1
17 5704 2
5703 5704 1
2965 5704 1
4025 5704 1
11180 5705 4
5703 5705 1
8349 5705 1
50 5705 1
8693 5705 1
1017 5706 1
1017 5707 1
5706 5707 1
1017 5708 2
5736 5708 1
5706 5708 1
11076 5709 1
11076 5710 2
8402 5710 1
2893 5711 1
641 5711 2
10946 5712 3
5711 5712 2
5712 5713 3
10836 5713 3
795 5715 1
5715 5716 1
795 5716 1
5745 5717 1
5715 5717 1
1051 5717 2
785 5718 1
4793 5719 1
11112 5720 1
5722 5721 1
11163 5723 3
5724 5723 2
5721 5723 1
5836 5723 1
5722 5724 2
5721 5724 1
10996 5727 2
4097 5727 1
10877 5728 2
5727 5728 2
10996 5729 2
5727 5729 2
10838 5730 1
5732 5731 1
5730 5731 1
8586 5732 6
10838 5732 1
11167 5733 1
11167 5734 3
5733 5734 1
2956 5734 1
1017 5736 1
5736 5737 1
1017 5737 1
5736 5738 1
1017 5738 1
4881 5742 1
8679 5743 1
4801 5743 2
4801 5744 2
5743 5744 2
10996 5745 1
5745 5746 1
10996 5746 2
5746 5747 2
5824 5747 3
3960 5747 1
10996 5747 11
5765 5747 1
5567 5747 1
5566 5747 1
2935 5747 2
8506 5750 1
959 5750 2
4816 5752 3
10848 5753 1
5596 5754 1
5732 5755 1
5755 5756 1
3896 5756 1
11076 5756 5
2937 5756 2
1078 5757 1
1078 5758 1
5757 5758 1
5760 5759 1
5757 5759 1
1078 5760 1
5757 5761 1
5760 5761 1
8743 5762 1
8451 5762 3
8581 5762 1
4016 5762 1
10996 5762 11
5757 5762 1
8424 5762 2
5771 5762 1
5567 5762 1
5639 5763 1
5596 5765 1
10877 5766 1
5765 5766 1
5765 5767 1
1078 5767 1
5765 5768 1
1078 5768 2
5771 5768 1
11000 5769 1
5769 5770 1
8786 5770 1
10876 5770 2
5596 5771 1
10881 5772 1
8651 5774 2
10867 5774 3
11352 5775 1
10895 5776 1
650 5777 1
650 5778 1
5777 5778 1
10817 5780 1
4082 5782 1
8644 5782 1
5781 5782 1
4812 5783 1
5786 5785 3
10996 5787 1
10877 5788 2
4098 5788 1
5787 5788 1
908 5789 1
977 5793 3
11000 5793 1
8659 5793 1
10908 5794 1
5794 5795 1
8488 5795 2
11198 5795 3
8488 5796 2
11198 5796 3
5794 5796 1
5798 5797 2
8434 5797 1
5802 5801 5
11076 5803 1
10819 5805 1
10819 5806 2
5906 5806 1
5805 5806 1
11076 5807 1
3933 5808 1
11095 5810 1
10801 5811 1
10801 5812 3
5811 5812 1
8482 5812 2
10801 5813 1
5811 5813 1
11148 5814 1
11103 5817 1
11065 5819 1
10884 5820 1
5819 5820 1
10835 5821 3
4021 5824 1
10996 5824 3
5567 5824 1
10881 5826 5
652 5828 1
10854 5829 1
5828 5829 1
5828 5830 1
8506 5830 1
8781 5830 1
11307 5830 4
1070 5831 4
5830 5831 4
959 5832 6
8630 5832 1
8718 5832 1
8506 5832 1
5828 5832 1
803 5833 4
8385 5833 1
5828 5833 1
4059 5833 1
5722 5836 1
5837 5838 3
5837 5839 3
10854 5840 1
649 5841 3
10908 5842 1
10908 5843 1
10900 5844 2
5843 5844 1
5844 5845 2
11143 5845 3
11143 5846 3
5845 5846 3
11143 5847 2
5844 5847 2
5844 5848 2
8355 5848 1
11135 5848 4
2959 5848 1
5844 5849 2
11137 5849 2
5844 5850 2
11137 5850 2
3943 5851 1
10895 5851 2
5580 5852 1
11030 5853 2
8645 5853 1
11033 5854 2
5853 5854 2
872 5855 5
3943 5855 1
5853 5855 2
5859 5855 3
872 5856 5
5855 5856 5
3943 5857 1
5853 5857 2
872 5857 4
10953 5858 5
2957 5858 1
5857 5858 4
10954 5859 3
5853 5859 2
11033 5860 2
5853 5860 2
5853 5861 2
757 5861 3
10890 5862 3
5861 5862 3
690 5863 2
5853 5863 2
5853 5864 2
880 5864 1
10884 5864 3
880 5865 1
10884 5865 3
5853 5865 2
11277 5866 3
5853 5866 2
5866 5867 3
11156 5867 4
8667 5868 1
5867 5868 4
8487 5868 1
11154 5868 6
11277 5869 3
5853 5869 2
11277 5870 3
5853 5870 2
5872 5871 4
10883 5871 2
750 5871 2
8679 5873 1
10895 5873 4
8386 5873 2
2997 5874 1
10903 5874 2
5874 5875 2
10906 5875 2
5874 5876 2
10906 5876 2
5874 5877 2
4816 5877 3
5877 5878 3
5752 5878 3
652 5879 1
10900 5880 2
32 5880 1
10996 5881 1
5567 5881 1
10954 5883 1
10908 5885 1
5885 5886 1
10900 5886 1
8506 5887 1
744 5887 2
908 5888 1
11179 5889 1
5889 5890 1
16 5890 2
4033 5890 1
8506 5890 1
11076 5890 6
10838 5891 1
5893 5892 1
5891 5892 1
10838 5893 4
5891 5894 1
8570 5894 1
5893 5894 2
3877 5895 1
3907 5895 1
4053 5895 1
10888 5895 4
5897 5896 3
8680 5896 2
5594 5897 3
11113 5897 3
5896 5898 3
10931 5898 3
10951 5899 1
10951 5900 1
5899 5900 1
11078 5901 1
5903 5902 3
11065 5904 1
11258 5905 2
10867 5906 1
5906 5907 1
11175 5907 4
8653 5907 3
11340 5908 1
3878 5909 1
5908 5909 1
5910 5909 2
10873 5910 1
11340 5910 1
8793 5911 1
5912 5911 2
10906 5912 1
5912 5913 2
5911 5913 2
11076 5914 2
5911 5914 2
11140 5918 2
8617 5918 1
10938 5919 2
5918 5919 2
11255 5920 5
782 5921 1
5922 8338 3
8339 8340 3
11076 8341 1
641 8343 1
8344 8345 1
11301 8345 2
8551 8346 2
8345 8346 1
8679 8347 1
5594 8347 2
8347 8348 2
5897 8348 2
11179 8349 1
5785 8350 1
4829 8352 1
8352 8353 1
4829 8353 2
10908 8355 1
8355 8356 1
712 8356 1
8355 8357 1
11169 8357 1
11169 8358 1
8355 8358 1
8355 8359 1
11169 8359 1
11137 8360 1
8355 8360 1
11137 8361 1
8355 8361 1
11192 8364 1
11000 8365 1
4068 8366 1
8627 8366 1
11000 8366 4
8365 8366 1
8365 8367 1
8658 8367 1
5793 8367 2
8369 8368 1
36 8369 1
10907 8369 2
8660 8369 4
10845 8369 4
10842 8369 3
11167 8371 1
11299 8372 1
8372 8373 1
4759 8373 1
10819 8373 2
8372 8374 1
10890 8374 1
8376 8375 2
2973 8375 1
2922 8376 3
8375 8377 2
11076 8377 2
10990 8378 1
10832 8379 1
765 8380 1
8379 8380 1
11074 8382 1
8382 8383 1
11078 8383 2
652 8385 1
8385 8386 1
11258 8386 2
10895 8387 3
2947 8387 1
8386 8387 2
10895 8388 4
8386 8388 2
8679 8388 1
10895 8389 2
8386 8389 2
5905 8390 2
8386 8390 2
8386 8391 2
8581 8391 1
11142 8391 3
11258 8392 1
8385 8392 1
8385 8393 1
11258 8393 1
735 8394 1
8385 8394 1
8385 8395 1
735 8395 1
4763 8397 1
10829 8399 1
8369 8400 1
614 8401 2
8400 8401 1
8597 8401 1
957 8402 1
8402 8403 1
11076 8403 1
650 8404 1
650 8405 1
8404 8405 1
8346 8407 1
11258 8408 1
11199 8409 1
8409 8410 1
8411 8410 1
11199 8411 2
8609 8411 3
8411 8412 2
8409 8412 1
2912 8412 1
10829 8414 1
11022 8416 1
791 8417 1
11258 8418 1
8418 8419 1
8471 8419 2
8615 8419 1
10814 8419 6
8786 8420 1
10876 8420 2
8418 8420 1
8522 8421 3
8786 8421 1
10876 8421 5
8418 8421 1
11339 8422 1
8369 8423 1
8423 8424 1
5666 8424 2
8423 8425 1
5666 8425 1
5666 8426 2
8793 8426 1
8423 8426 1
648 8427 1
8427 8428 1
11076 8428 2
8719 8431 1
8568 8431 1
11192 8431 3
8761 8432 1
8431 8432 3
10895 8432 4
10906 8433 1
10854 8435 1
10978 8436 1
8435 8436 1
5660 8437 1
8435 8437 1
4013 8439 1
8440 8439 2
10884 8440 4
3880 8442 1
10890 8442 2
10906 8444 1
4763 8445 1
10838 8446 2
8506 8446 1
10888 8447 3
8446 8447 2
652 8448 1
5666 8449 2
3988 8449 1
10996 8450 2
8449 8450 2
8449 8451 2
10923 8451 3
8451 8452 3
10996 8452 4
8786 8453 1
8452 8453 4
8645 8453 1
8506 8453 1
10876 8453 11
8718 8453 1
8534 8453 1
8522 8453 3
652 8457 1
4042 8458 1
11076 8458 3
3970 8458 1
8460 8459 3
10895 8461 1
11022 8463 1
11024 8464 1
8463 8464 1
880 8465 1
11243 8465 1
880 8466 1
11243 8466 1
10884 8467 1
880 8467 1
10931 8468 2
880 8468 1
8471 8469 2
8791 8469 3
11076 8469 7
8468 8469 2
8468 8470 2
8487 8470 1
8471 8470 2
11000 8470 6
880 8470 1
880 8471 1
1023 8471 2
690 8472 1
880 8472 1
8340 8473 1
11076 8475 1
908 8476 1
8476 8477 1
908 8477 2
4016 8478 1
8477 8478 2
11076 8478 4
8476 8479 1
908 8479 2
8479 8480 2
4016 8480 1
11076 8480 4
11321 8481 4
8479 8481 2
8480 8481 4
8476 8482 1
908 8482 2
8476 8483 1
54 8483 1
8482 8483 2
908 8483 4
8476 8484 1
908 8484 2
908 8485 2
8476 8485 1
652 8487 1
11198 8488 2
8487 8488 1
8488 8489 2
11198 8489 2
8487 8490 1
8628 8490 1
10884 8490 2
10882 8491 1
4015 8492 1
10884 8492 2
8491 8492 1
10884 8495 4
11139 8501 1
8502 8503 1
8761 8505 1
10895 8505 2
652 8506 1
8506 8507 1
11103 8507 2
8509 8508 2
8506 8508 1
652 8509 1
10819 8510 2
8506 8510 1
8578 8511 1
10819 8511 3
8510 8511 2
8510 8512 2
8579 8512 2
10819 8512 4
10819 8513 2
8510 8513 2
10819 8514 2
8510 8514 2
4023 8515 1
2900 8515 1
10819 8515 4
8510 8515 2
8510 8516 2
10819 8516 2
8510 8517 2
10819 8517 2
10838 8518 1
8506 8518 1
10838 8519 2
8506 8519 1
11103 8520 2
8506 8520 1
11105 8521 4
8520 8521 2
5626 8521 1
8506 8522 1
959 8522 3
54 8522 1
8786 8523 1
10876 8523 4
8522 8523 3
8506 8524 1
10854 8524 1
10854 8525 2
8506 8525 1
652 8529 1
8529 8530 1
10838 8530 2
670 8531 1
10993 8534 1
8535 8536 1
8535 8537 1
8535 8538 1
10918 8539 1
8539 8540 1
10832 8540 1
10832 8541 1
8539 8541 1
11165 8542 1
8539 8542 1
8539 8543 1
8550 8543 1
4077 8543 1
2975 8543 1
12 8543 1
11129 8543 6
8718 8543 1
8539 8544 1
11165 8544 1
10841 8545 1
8545 8546 1
11000 8546 2
641 8547 1
11056 8548 1
10884 8549 1
652 8550 1
11301 8551 2
10908 8552 1
8552 8553 1
10900 8553 1
2996 8555 1
10826 8555 2
10801 8557 1
10801 8558 1
8557 8558 1
13 8561 1
956 8561 2
11217 8562 7
8617 8562 1
3994 8562 1
2967 8562 1
8561 8562 2
4042 8562 1
17 8562 2
11325 8563 1
709 8564 1
8563 8564 1
5596 8566 1
10900 8567 1
11192 8568 1
10872 8569 1
10838 8570 1
8572 8571 4
10817 8571 1
10978 8571 1
11178 8574 1
4851 8575 1
2963 8577 1
3912 8577 1
4072 8577 1
3890 8577 1
8641 8577 1
8722 8577 1
8576 8577 1
3023 8577 1
8777 8577 1
3875 8577 1
5596 8578 1
10863 8579 2
8578 8579 1
10863 8580 2
8579 8580 2
10846 8581 1
768 8584 1
1004 8588 1
8588 8589 1
8588 8590 1
8588 8591 1
8588 8592 1
8594 8593 1
11113 8594 3
8593 8595 1
8596 8595 1
8594 8596 1
3905 8596 3
8369 8597 1
785 8598 1
4759 8599 1
8700 8599 1
10819 8599 2
10819 8600 1
4759 8600 1
10819 8601 1
4759 8601 1
3994 8602 1
4759 8602 1
10819 8602 2
4759 8603 1
17 8603 2
10819 8603 3
10819 8604 1
4759 8604 1
8636 8605 1
10877 8605 2
8607 8606 3
3974 8606 1
8605 8606 2
10877 8607 2
11022 8608 1
52 8611 1
8612 8611 2
775 8614 1
901 8615 1
8615 8616 1
3975 8616 1
10814 8616 3
11148 8617 1
11199 8618 1
11039 8620 1
8620 8621 1
11317 8621 1
8620 8622 1
3030 8622 1
4862 8622 2
11108 8623 1
11108 8624 1
8623 8624 1
11071 8627 1
10882 8628 1
652 8630 1
11154 8631 3
8662 8631 1
8630 8631 1
8630 8632 1
11030 8632 1
8630 8633 1
11030 8633 1
10978 8634 1
11076 8635 1
8634 8635 1
10877 8636 1
5580 8638 1
5580 8639 1
652 8645 1
8786 8646 1
8645 8646 1
10876 8646 2
8645 8647 1
959 8647 1
8645 8648 1
11030 8648 2
11030 8649 2
8645 8649 1
11030 8650 2
8645 8650 1
8645 8651 1
11030 8651 2
647 8652 2
8651 8652 2
10867 8653 3
8651 8653 2
11325 8654 1
8654 8655 1
709 8655 1
8659 8658 1
649 8659 3
11076 8661 3
8778 8661 2
11154 8662 1
3876 8663 1
8662 8663 1
11154 8663 3
8662 8664 1
11154 8664 2
2916 8666 2
8665 8666 1
11142 8667 1
11338 8668 1
8667 8668 1
11338 8669 1
8667 8669 1
11338 8670 1
8667 8670 1
8667 8671 1
11338 8671 1
8667 8672 1
11338 8672 3
2920 8672 2
10993 8674 1
11199 8676 1
10831 8677 1
8677 8678 1
3988 8678 1
3983 8678 1
10831 8678 3
10846 8679 1
8679 8680 1
5594 8680 2
4812 8681 1
8679 8681 1
8679 8682 1
5594 8682 1
781 8683 1
8683 8684 1
935 8684 1
8683 8685 1
935 8685 1
11141 8687 1
10846 8690 1
957 8693 1
11054 8695 1
8695 8696 1
4835 8696 2
8696 8697 2
11163 8697 2
11252 8700 1
11252 8701 1
8700 8701 1
11078 8702 1
11339 8703 1
10906 8705 1
8705 8706 1
614 8706 1
11076 8707 1
966 8708 1
11154 8708 2
3943 8708 1
10918 8711 1
2930 8713 1
10908 8713 2
8713 8714 2
10908 8714 2
11298 8715 1
11078 8716 1
8716 8717 1
5901 8717 1
908 8718 1
11192 8719 1
11329 8720 1
8719 8720 1
11258 8721 1
643 8723 2
8787 8723 1
650 8724 2
8723 8724 2
650 8725 2
8723 8725 2
5570 8726 5
2942 8726 3
8723 8726 2
5570 8727 5
8723 8727 2
2942 8727 3
5570 8728 5
8723 8728 2
2942 8728 3
2942 8729 3
5570 8729 5
8723 8729 2
2942 8730 3
5570 8730 5
8723 8730 2
10990 8731 1
11022 8732 3
3882 8732 2
11024 8733 3
8732 8733 3
10838 8734 2
4059 8734 1
3914 8735 1
8734 8735 2
11112 8735 3
8495 8736 1
8736 8737 1
8495 8737 1
10829 8738 1
5666 8739 1
8738 8739 1
8738 8740 1
643 8740 1
791 8741 1
5792 8743 1
5582 8744 2
8743 8744 1
4016 8744 1
652 8745 1
10954 8746 1
11255 8747 1
879 8747 2
11255 8748 1
8750 8749 3
11076 8751 1
10951 8752 1
8752 8753 1
780 8753 1
5596 8755 1
11076 8756 1
10996 8757 1
11165 8760 1
10895 8761 1
10895 8762 1
8761 8762 1
10895 8763 1
8761 8763 1
10895 8764 1
8761 8764 1
8761 8765 1
10895 8765 1
8761 8766 1
10895 8766 1
8761 8767 1
10895 8767 1
1063 8769 1
10838 8771 1
5893 8772 1
8771 8772 1
10817 8773 1
803 8774 1
8773 8774 1
5566 8776 2
4039 8776 1
11329 8776 3
13 8778 1
957 8778 2
803 8779 3
8778 8779 2
652 8781 1
8781 8782 1
8783 8782 1
652 8783 1
3968 8784 1
10962 8784 2
8781 8784 1
8781 8785 1
8783 8785 1
10876 8786 1
11199 8787 1
8787 8788 1
643 8788 2
2992 8788 1
643 8789 1
8787 8789 1
679 8790 2
4062 8790 1
8790 8791 2
681 8791 3
10890 8792 3
8791 8792 3
10906 8793 1
5912 8794 1
8793 8794 1
8793 8795 1
5666 8795 1
8793 8796 1
5666 8796 1
2965 8797 1
11076 8797 2
5624 8798 2
4051 8798 1
11080 10801 1
1078 10801 1
959 10801 3
870 10801 1
11199 10801 1
10993 10801 4
908 10801 4
10863 10801 1
10829 10801 2
10902 10801 2
10948 10801 1
11046 10801 1
5666 10801 2
11258 10801 2
614 10801 2
652 10801 1
785 10801 1
922 10801 1
10996 10801 16
10846 10801 1
8522 10802 3
5757 10802 1
11281 10802 3
11068 10802 1
613 10802 1
5811 10802 1
10801 10802 13
3988 10802 1
4843 10802 2
10804 10803 2
613 10803 1
10853 10804 6
614 10804 1
10955 10804 1
10804 10805 2
613 10805 1
10803 10805 2
613 10806 1
10803 10806 2
10804 10806 2
10804 10807 2
613 10807 1
10803 10807 2
10803 10808 2
613 10808 1
10804 10808 2
10804 10809 2
613 10809 1
10803 10809 2
10801 10810 5
11186 10810 1
1067 10810 1
5811 10810 1
613 10810 1
8557 10810 1
8351 10812 1
5804 10812 1
8642 10812 1
997 10812 1
10811 10812 1
41 10812 1
11209 10813 1
2987 10813 1
8615 10813 1
8375 10813 2
10814 10813 6
10956 10814 1
11074 10814 1
4839 10814 1
4857 10814 1
8369 10814 1
652 10814 2
8346 10814 1
10841 10814 1
11199 10814 8
10996 10814 11
5666 10814 2
11180 10814 1
922 10814 1
704 10814 1
614 10814 1
10960 10814 1
959 10814 5
11192 10814 1
10863 10814 5
11078 10814 1
785 10814 2
11258 10814 4
908 10814 1
11165 10814 2
10902 10814 2
5596 10814 1
11148 10814 1
8459 10814 1
643 10814 5
8659 10814 1
11046 10814 1
4763 10814 4
10829 10814 1
10846 10814 1
4881 10814 1
5580 10814 1
10847 10814 1
5841 10814 1
1023 10814 2
1063 10814 1
11252 10814 1
870 10814 1
10993 10814 1
10940 10814 1
11299 10814 1
10906 10814 2
5608 10814 7
4811 10814 1
11071 10814 1
10944 10814 1
954 10814 3
1078 10814 1
901 10814 5
8376 10814 2
10931 10814 2
10867 10814 8
782 10814 1
10814 10815 115
1067 10815 1
900 10815 1
8627 10815 1
8522 10815 3
3028 10815 1
4823 10815 1
5656 10815 1
4889 10815 1
5607 10815 7
8769 10815 1
8760 10815 1
4065 10815 1
3029 10815 1
4014 10815 1
8639 10815 1
5906 10815 1
8787 10815 1
8581 10815 1
1077 10815 1
14 10815 2
2905 10815 1
10995 10815 2
5727 10815 2
8676 10815 1
4819 10815 3
982 10815 1
10864 10815 4
10813 10815 6
5564 10815 1
8407 10815 1
2987 10815 1
8658 10815 1
2935 10815 2
3921 10815 1
8471 10815 2
5696 10815 2
2939 10815 1
5644 10815 1
1054 10815 1
3894 10815 1
8386 10815 2
5832 10815 2
8419 10815 6
4011 10815 1
8653 10815 3
8364 10815 1
2900 10815 1
2899 10815 1
4838 10815 1
4044 10815 1
5774 10815 3
8755 10815 1
8550 10815 1
3967 10815 1
3908 10815 1
5701 10815 1
3994 10815 1
8372 10815 1
8468 10815 2
8445 10815 1
4856 10815 1
5742 10815 1
8444 10815 1
31 10815 1
51 10815 1
880 10815 1
5921 10815 1
8579 10815 2
4066 10815 1
759 10815 1
8399 10815 1
8423 10815 1
11330 10815 3
8702 10815 1
8616 10815 3
4030 10815 1
5606 10815 6
5566 10815 3
4023 10815 1
2964 10815 1
8723 10815 2
8700 10815 1
5680 10815 5
8615 10815 1
4762 10815 1
8397 10815 1
10815 10816 115
8651 10816 2
43 10816 1
1054 10816 1
10817 10816 118
3880 10816 1
8365 10816 1
11074 10817 1
917 10817 4
744 10817 1
11030 10817 2
10814 10817 115
916 10817 4
10978 10817 1
10867 10817 2
11000 10817 3
5704 10818 7
10813 10818 6
10819 10818 24
5921 10818 1
4759 10818 12
10944 10819 1
922 10819 5
652 10819 4
10863 10819 3
11258 10819 4
11046 10819 2
4857 10819 1
785 10819 2
10993 10819 5
4811 10819 1
11199 10819 6
10895 10819 2
10940 10819 1
11252 10819 1
10906 10819 1
5596 10819 3
11074 10819 1
10846 10819 2
4763 10819 1
11030 10819 2
1023 10819 2
10902 10819 2
10814 10819 16
5608 10819 7
744 10819 1
4839 10819 1
782 10819 1
11192 10819 9
8459 10819 1
8369 10819 1
8346 10819 1
11299 10819 1
11180 10819 4
11139 10819 1
11165 10819 2
10867 10819 8
5841 10819 1
956 10819 2
954 10819 3
10996 10819 9
901 10819 2
908 10819 8
11078 10819 2
4812 10819 1
704 10819 1
870 10819 1
11000 10819 35
955 10819 4
959 10819 3
643 10819 4
858 10819 3
10821 10820 3
10823 10822 4
10824 10822 3
10826 10825 1
11065 10826 2
10825 10827 1
2996 10827 1
10826 10827 3
8555 10827 2
10829 10828 2
8534 10828 1
10993 10829 3
8398 10829 2
10911 10829 3
10915 10829 1
3932 10830 2
4838 10830 1
8409 10830 1
10831 10830 13
10828 10830 2
8677 10830 1
5607 10830 7
10 10831 2
11199 10831 1
4839 10831 1
5608 10831 7
10829 10831 3
10833 10832 3
10918 10832 3
10835 10834 3
712 10834 8
10946 10836 3
10837 10836 6
10946 10837 1
4835 10837 1
10836 10838 5
10833 10838 3
8583 10838 4
652 10838 3
8554 10838 4
10839 10840 1
2999 10840 1
8613 10840 1
2995 10840 1
8686 10840 1
11126 10840 2
36 10841 1
771 10841 1
10845 10841 4
10842 10841 3
769 10841 1
10843 10841 2
770 10841 1
10844 10841 2
36 10846 1
10847 10846 5
11030 10846 2
10850 10846 4
11046 10846 1
10851 10846 2
10848 10847 34
10902 10848 2
10849 10848 43
791 10848 1
10918 10848 9
775 10848 1
5596 10848 1
908 10848 2
10955 10852 1
10853 10852 2
10857 10854 4
10975 10854 5
10856 10854 4
10855 10854 3
652 10854 6
10962 10856 12
8443 10859 1
4008 10859 1
772 10859 1
8438 10859 1
698 10859 1
8462 10859 1
8694 10859 1
8780 10859 1
5916 10859 1
2940 10859 1
4092 10859 1
8775 10859 1
8644 10859 1
8430 10859 1
8759 10859 1
3018 10859 1
8573 10859 1
3997 10859 1
4790 10859 1
2896 10859 1
8493 10859 1
8559 10859 1
5599 10859 1
8675 10859 1
8758 10859 1
4048 10859 1
5748 10859 1
8499 10859 1
11206 10859 1
2929 10859 1
4057 10859 1
4880 10859 1
4012 10859 1
10942 10859 1
8498 10859 1
4896 10859 1
5823 10859 1
5822 10859 1
1074 10859 1
2898 10859 1
2946 10859 1
5773 10859 1
8441 10859 1
3006 10859 1
8474 10859 1
5735 10859 1
2974 10859 1
2989 10859 1
8712 10859 1
692 10859 1
5781 10859 1
8342 10859 1
3929 10859 1
8770 10859 1
4041 10859 1
2962 10859 1
3911 10859 1
4760 10859 1
10927 10859 1
8527 10859 1
8657 10859 1
4087 10859 1
10879 10859 1
4082 10859 1
8455 10859 1
8497 10859 1
2972 10859 1
8381 10859 1
3931 10859 1
3005 10859 1
4071 10859 1
999 10859 1
8698 10859 1
8396 10859 1
2928 10859 1
8673 10859 1
10858 10859 1
8699 10859 1
10935 10859 1
11052 10859 1
3950 10859 1
2917 10859 1
8640 10859 1
4056 10859 1
8354 10859 1
10861 10860 3
11240 10862 3
10863 10862 5
11339 10863 2
10873 10863 1
5596 10863 1
10960 10863 1
10862 10864 1
10814 10864 4
11240 10864 1
11209 10864 1
10819 10865 12
5704 10865 7
1024 10865 1
4065 10865 1
10864 10865 4
10868 10867 5
11030 10867 2
10870 10869 3
10931 10871 1
10960 10871 1
10873 10872 5
10996 10873 2
10801 10873 3
10874 10873 8
10876 10873 3
10877 10873 3
10875 10874 13
10873 10874 1
10993 10876 4
10863 10876 2
908 10876 5
10895 10876 1
10872 10876 1
959 10876 3
10996 10876 17
5596 10876 1
11046 10876 1
11258 10876 1
11000 10876 1
785 10876 1
652 10876 4
4839 10876 1
11258 10877 2
10824 10877 6
5841 10877 1
1078 10877 1
10846 10877 1
5596 10877 3
10873 10877 3
10996 10877 3
5568 10877 1
5792 10877 1
10923 10877 3
10878 10877 5
5666 10877 2
1019 10877 1
10948 10877 1
10872 10877 1
5580 10877 1
10881 10880 5
10882 10881 8
11046 10882 1
10883 10882 7
11048 10882 1
11065 10882 1
795 10882 2
10884 10882 7
11036 10882 8
11305 10882 1
10880 10882 2
10881 10882 2
11065 10884 1
11154 10884 21
10882 10884 22
8596 10884 1
11030 10884 2
11036 10884 8
652 10884 2
10886 10885 1
10833 10886 3
10906 10886 1
10888 10887 2
10885 10887 1
4019 10887 1
11112 10888 1
908 10888 1
5666 10888 1
744 10888 1
652 10888 2
10841 10888 1
11192 10888 10
670 10888 2
643 10888 3
4816 10888 1
11046 10888 2
11103 10888 3
10960 10888 1
782 10888 1
10854 10888 3
10886 10888 3
10903 10888 2
11222 10888 9
8369 10888 1
10838 10888 3
11294 10888 1
11030 10888 6
4862 10888 1
8594 10888 1
5580 10888 1
11199 10888 1
10906 10888 1
959 10888 1
10993 10888 1
11258 10888 1
11341 10888 1
5596 10888 1
1001 10888 5
10890 10889 10
706 10889 1
10885 10889 1
10987 10889 8
11295 10890 2
10908 10890 1
11192 10890 1
11299 10890 1
10943 10890 4
679 10890 2
10978 10890 2
4874 10890 1
795 10890 1
11142 10890 1
5666 10890 1
10931 10890 4
10960 10890 1
803 10890 10
11000 10890 6
888 10890 1
652 10890 4
11036 10890 1
681 10890 6
8596 10890 1
10964 10890 8
11156 10890 1
10993 10890 1
1023 10890 4
10846 10890 1
5801 10890 2
956 10890 1
4829 10890 2
10854 10890 1
872 10890 5
10886 10890 1
10996 10890 2
5722 10890 1
10882 10890 2
757 10890 3
614 10890 1
5714 10890 1
10892 10891 1
10885 10891 1
10886 10892 1
10885 10893 1
10888 10893 1
10895 10894 2
8623 10894 1
11139 10895 1
1063 10895 1
1023 10895 2
11192 10895 7
10931 10895 2
11051 10895 1
11154 10895 3
10846 10895 2
11048 10895 1
11046 10895 1
11074 10895 1
704 10895 1
643 10895 3
652 10895 2
11000 10895 2
11305 10895 1
11108 10895 1
5630 10895 3
858 10895 3
8440 10895 3
11258 10895 4
8386 10896 2
10895 10896 12
8761 10896 1
2900 10896 1
8506 10896 1
3943 10896 1
857 10896 3
961 10896 1
10894 10896 2
10897 10898 4
10900 10899 1
1020 10900 4
11169 10900 13
10824 10900 3
10908 10900 10
5558 10901 2
4868 10901 2
10899 10901 1
2959 10901 1
5578 10901 1
11303 10901 12
5557 10901 2
10900 10901 18
5880 10901 2
10903 10902 7
5595 10903 1
10904 10903 6
10847 10903 9
38 10903 1
10906 10903 3
10905 10903 8
10842 10906 6
5595 10906 1
10845 10906 7
10903 10906 3
10907 10906 5
36 10906 1
10910 10908 5
10842 10908 4
10909 10908 5
5597 10908 2
10834 10910 7
10916 10912 3
10911 10912 3
5816 10913 2
10911 10913 1
10911 10914 1
4833 10914 2
4073 10917 1
8760 10917 1
10918 10917 3
828 10918 4
10847 10918 5
11165 10918 3
4044 10919 1
10917 10919 3
12 10919 1
10918 10919 6
10919 10920 6
10848 10920 16
8477 10920 2
4778 10920 2
5670 10920 1
5765 10920 1
5696 10920 2
8614 10920 1
790 10920 1
10820 10921 1
10921 10922 1
10820 10922 1
10861 10923 3
643 10923 3
959 10923 6
11046 10923 1
5666 10923 4
10804 10924 4
10925 10926 1
962 10926 1
5915 10926 1
4076 10926 1
2953 10926 1
5835 10926 1
4090 10926 1
5764 10926 1
3022 10926 1
8370 10926 1
747 10926 1
3969 10926 1
8415 10926 1
4835 10928 2
10835 10928 3
10929 10928 2
11201 10928 1
10931 10930 4
4838 10930 1
798 10930 2
10978 10931 1
4839 10931 1
652 10931 1
10960 10931 1
5897 10931 3
11154 10931 3
795 10931 2
678 10932 2
3935 10932 1
10930 10932 4
10890 10932 29
914 10932 4
4021 10932 1
8442 10932 2
1022 10932 4
880 10932 1
5857 10932 4
4890 10932 1
2975 10932 1
8550 10932 1
4764 10932 4
5586 10933 2
10932 10933 29
10890 10933 42
8442 10933 2
804 10933 11
680 10934 3
10890 10934 8
10930 10934 4
3880 10934 1
11325 10936 6
10939 10937 2
10938 10937 2
11140 10938 2
10937 10939 2
10938 10939 2
10941 10940 2
8344 10940 1
908 10943 4
10841 10943 2
652 10943 2
4763 10943 2
11199 10943 2
785 10943 2
11258 10943 2
5596 10943 2
10906 10943 2
901 10943 2
11000 10943 1
5580 10943 2
10993 10943 2
10817 10943 1
11078 10943 5
11180 10943 2
11138 10944 1
10945 10944 2
10833 10946 3
641 10946 2
10856 10946 4
10960 10946 1
10948 10947 1
10873 10948 5
10947 10949 1
5811 10949 1
982 10949 1
10801 10949 3
8752 10950 1
10951 10950 2
11331 10951 2
781 10951 4
10835 10951 5
3904 10952 1
10950 10952 2
8683 10952 1
3909 10952 2
10951 10952 9
985 10952 4
986 10952 3
872 10953 6
10953 10954 4
11030 10954 6
11113 10954 3
10804 10955 4
994 10956 2
10955 10956 1
10853 10957 2
10955 10957 1
10853 10958 2
10955 10958 1
10960 10959 1
10848 10960 4
10959 10961 1
10962 10961 3
8448 10961 1
10960 10962 3
8554 10962 4
10964 10962 4
652 10962 3
2910 10963 1
10961 10963 3
10964 10963 5
10966 10963 3
10962 10964 8
37 10964 1
652 10964 1
5790 10964 5
5791 10964 4
10854 10964 3
10856 10965 3
10961 10965 3
10959 10966 1
10962 10966 3
8448 10966 1
10966 10967 3
8457 10967 1
10962 10967 11
2910 10967 1
3968 10967 1
8781 10967 1
11227 10967 2
2923 10967 1
10967 10968 11
2910 10968 1
10856 10968 11
10854 10969 1
10969 10970 1
8781 10970 1
10854 10970 3
10970 10971 3
774 10971 1
10987 10971 8
10972 10971 10
11275 10971 1
10962 10972 2
652 10972 3
775 10972 1
10964 10972 8
10854 10972 3
11215 10972 1
10970 10973 3
10854 10973 4
10975 10974 5
10973 10974 4
10854 10975 4
5840 10976 1
10974 10976 5
10854 10976 10
10970 10976 3
733 10976 3
8435 10977 1
10978 10977 5
10970 10977 3
10854 10978 6
10855 10978 3
8521 10979 4
10977 10979 5
3935 10979 1
10980 10979 24
656 10979 5
5606 10979 6
5602 10979 5
3996 10979 1
1078 10980 3
757 10980 1
872 10980 1
11243 10980 1
11030 10980 8
11199 10980 6
10882 10980 7
10978 10980 7
5596 10980 1
11105 10980 18
11103 10980 1
3926 10981 1
11104 10981 3
2984 10981 2
5606 10981 6
2902 10981 1
11333 10981 8
4099 10981 1
10980 10981 31
915 10981 2
890 10981 3
4895 10981 2
10977 10981 5
3985 10981 1
8521 10981 4
11333 10982 8
915 10982 2
4895 10982 2
10977 10982 5
3985 10982 1
10980 10982 26
5606 10982 6
11104 10982 3
3926 10982 1
2902 10982 1
10978 10983 3
10970 10983 3
10978 10984 3
10970 10984 3
10888 10985 3
10970 10985 3
10970 10986 3
2910 10986 1
754 10986 2
10964 10986 7
10964 10987 8
10986 10987 7
754 10987 2
5699 10988 1
645 10988 1
6 10988 1
2903 10988 1
4806 10988 9
8506 10988 1
2924 10988 1
762 10988 1
8718 10988 1
11209 10988 1
4815 10988 1
8368 10988 1
4813 10988 1
8638 10988 1
11292 10988 1
5771 10988 1
3030 10988 1
5921 10988 1
10992 10988 1
33 10988 1
8645 10988 1
10969 10988 1
10888 10988 37
30 10988 1
11029 10988 1
8531 10988 1
8705 10988 1
5874 10988 2
3877 10988 1
8525 10989 2
10969 10989 1
10978 10989 3
10991 10990 3
10993 10992 1
10842 10993 3
10845 10993 4
8414 10993 4
8702 10994 1
2905 10994 1
5701 10994 1
21 10994 1
10992 10994 1
10943 10994 17
3967 10994 1
8397 10994 1
54 10994 1
2987 10994 1
8550 10994 1
8615 10994 1
8755 10994 1
762 10994 1
8383 10994 2
8638 10994 1
4014 10994 1
5765 10995 1
10996 10995 2
5666 10996 6
10846 10996 2
5568 10996 1
5596 10996 2
10923 10996 3
5792 10996 2
888 10996 1
11258 10996 2
1078 10996 1
643 10996 1
4839 10996 1
10995 10997 2
11281 10997 3
8510 10997 2
8522 10997 3
11077 10997 2
5727 10997 2
8506 10997 1
8718 10997 1
10819 10997 16
8578 10997 1
8534 10997 1
8786 10998 1
880 10998 1
8522 10998 3
4838 10998 1
8506 10998 1
1067 10998 1
10876 10998 11
3943 10998 1
10995 10998 2
5769 10998 1
11000 10999 19
5769 10999 1
8645 10999 1
5771 10999 1
2935 10999 2
10995 10999 2
5566 10999 3
4838 10999 1
3943 10999 1
5832 10999 2
5680 10999 5
5765 10999 1
11046 11000 1
10931 11000 2
1023 11000 2
5666 11000 2
4839 11000 1
4763 11000 2
959 11000 2
4767 11000 1
652 11000 3
11180 11000 5
11071 11000 1
785 11000 2
643 11000 3
10996 11000 6
10817 11000 1
10883 11000 9
901 11000 2
11179 11000 1
10841 11000 1
11185 11000 9
10943 11000 9
10819 11000 12
5596 11000 2
955 11000 2
8630 11001 1
8645 11001 1
5771 11001 1
2987 11001 1
8483 11001 4
10819 11001 36
8579 11001 2
8506 11001 1
8718 11001 1
10999 11001 19
5680 11001 5
1067 11001 1
11281 11001 3
8534 11001 1
8418 11001 1
11001 11002 36
10819 11002 36
11001 11003 36
10819 11003 38
8501 11003 1
8408 11003 1
11001 11004 36
10819 11004 36
5606 11005 6
11001 11005 36
10819 11005 42
11001 11006 36
10819 11006 42
5606 11006 6
8506 11006 1
8718 11007 1
10819 11007 37
8760 11007 1
11001 11007 36
10819 11008 38
5696 11008 2
11001 11008 36
11001 11009 36
10819 11009 36
10819 11010 36
8578 11010 1
11001 11010 36
10819 11011 36
11001 11011 36
8578 11012 1
11001 11012 36
10819 11012 36
8578 11013 1
11001 11013 36
10819 11013 36
10819 11014 37
11001 11014 36
8506 11014 1
880 11014 1
8787 11015 1
5680 11015 5
8718 11015 1
8506 11015 1
2975 11015 1
4761 11015 4
11045 11015 1
8482 11015 2
5727 11015 2
8386 11015 2
3943 11015 1
857 11015 3
11068 11015 1
11281 11015 3
8485 11015 2
8534 11015 1
10999 11015 19
8522 11015 3
5696 11015 2
10819 11015 54
3029 11015 1
982 11015 1
5771 11015 1
3021 11015 1
995 11015 1
1067 11015 1
5765 11015 1
2939 11015 1
5566 11015 2
10819 11016 54
3029 11016 1
11015 11016 54
8423 11017 1
10819 11017 55
11015 11017 54
8484 11018 2
10819 11018 55
11015 11018 54
10819 11019 54
11015 11019 54
8793 11020 1
10819 11020 55
11015 11020 54
11022 11021 1
773 11022 3
8571 11022 2
11021 11023 1
11024 11023 3
8416 11023 1
8608 11023 1
11022 11024 11
10978 11024 1
946 11024 2
773 11024 3
11022 11025 3
3882 11025 2
11021 11025 1
11022 11026 1
11021 11026 1
11021 11027 1
11022 11027 1
11022 11028 1
11021 11028 1
11030 11029 1
652 11030 7
8506 11031 1
10888 11031 2
11029 11031 1
11029 11032 1
11033 11032 1
11113 11033 3
11030 11033 3
11033 11034 1
11029 11034 1
11036 11035 1
11029 11035 1
11065 11036 8
11113 11036 3
11030 11036 7
11029 11037 1
11038 11037 2
5566 11037 1
11030 11038 1
5596 11038 1
795 11038 1
10923 11038 10
643 11038 1
11065 11038 1
11041 11039 2
11103 11039 1
8454 11039 1
11040 11039 3
11043 11042 2
11138 11042 1
11044 11042 3
11046 11045 1
10855 11046 1
11109 11046 5
10833 11046 3
11048 11047 2
10882 11048 4
11304 11049 1
8386 11049 2
2900 11049 1
11050 11049 1
11047 11049 1
8761 11049 1
8679 11049 1
10895 11049 9
3977 11049 1
11051 11050 1
10882 11051 4
11054 11053 1
8610 11054 2
5800 11054 1
5799 11054 3
11056 11055 2
11053 11055 1
8548 11055 1
10928 11056 1
11054 11056 1
5568 11056 1
11059 11058 3
11060 11058 1
10873 11061 1
11061 11062 1
10874 11062 1
8422 11063 1
11240 11063 3
10862 11063 4
10863 11063 8
11209 11063 1
11225 11063 3
11061 11063 1
11065 11064 1
11113 11065 3
11036 11066 1
11064 11066 1
10824 11067 3
10993 11068 1
2977 11069 1
10890 11069 2
11068 11069 1
3021 11070 1
2939 11070 1
3029 11070 1
5811 11070 1
11068 11070 1
8506 11070 1
8787 11070 1
5696 11070 2
10801 11070 9
11072 11071 3
11074 11073 1
11298 11074 4
11097 11074 1
696 11074 1
935 11074 4
10868 11074 3
11073 11075 1
11076 11075 1
10908 11076 1
5568 11076 1
10918 11076 1
957 11076 4
681 11076 3
10978 11076 2
10838 11076 1
5912 11076 2
775 11076 2
617 11076 3
11129 11076 39
5608 11076 7
10996 11076 2
908 11076 6
643 11076 1
10960 11076 1
1023 11076 2
11179 11076 3
744 11076 1
634 11076 6
10848 11076 1
5732 11076 1
820 11076 1
5801 11076 2
11307 11076 4
954 11076 3
10931 11076 2
8376 11076 2
11346 11076 35
11046 11076 1
11074 11076 1
652 11076 3
959 11076 1
5792 11076 1
648 11076 1
11073 11077 1
11078 11077 2
10845 11078 4
1014 11078 4
1013 11078 4
11074 11078 5
11077 11079 2
11080 11079 2
11078 11080 7
858 11080 3
11077 11081 2
11080 11081 2
8372 11082 1
4759 11082 1
10819 11082 4
11077 11082 2
11080 11083 7
11077 11083 2
11089 11083 7
11089 11084 7
11080 11084 7
11077 11084 2
11077 11085 2
11080 11085 5
857 11085 3
11077 11086 2
11080 11086 2
11080 11087 5
857 11087 3
11077 11087 2
11077 11088 2
857 11088 3
11080 11088 5
11078 11089 7
8716 11089 1
1059 11089 2
11077 11089 2
856 11089 1
11089 11090 7
11080 11090 9
857 11090 3
11089 11091 7
11080 11091 9
857 11091 3
11073 11092 1
11076 11092 1
11073 11093 1
11078 11093 2
11093 11094 2
11095 11094 2
11078 11095 2
11138 11095 1
5561 11095 2
11073 11096 1
11097 11096 1
8526 11097 3
11074 11097 2
11146 11097 5
2958 11097 1
11099 11098 2
11098 11100 2
11099 11100 2
11103 11102 2
8506 11102 1
11315 11103 3
11317 11103 4
11318 11103 3
652 11103 3
11316 11103 4
11105 11104 3
11102 11104 2
11103 11105 12
915 11106 2
11104 11106 3
5817 11106 1
11105 11106 7
11336 11107 5
11106 11107 7
4895 11107 2
10980 11107 19
8628 11107 1
5771 11107 1
5563 11107 3
11109 11108 5
10833 11108 3
11110 11109 8
11192 11109 1
10824 11111 3
10823 11111 4
11113 11112 3
10838 11112 4
40 11112 1
11114 11112 2
8723 11115 2
4806 11115 9
5566 11115 1
8581 11115 1
8501 11115 1
5783 11115 1
10819 11115 25
857 11115 3
4023 11115 1
1054 11115 1
2900 11115 1
2975 11115 1
8546 11115 2
11115 11116 25
10819 11116 25
8386 11116 2
11115 11117 25
10819 11117 26
5769 11117 1
11115 11118 25
10819 11118 25
10819 11119 26
11115 11119 25
880 11119 1
8471 11120 2
10819 11120 27
11115 11120 25
11115 11121 25
3980 11121 1
10819 11121 27
880 11121 1
10819 11122 26
11115 11122 25
4011 11122 1
10819 11123 25
11115 11123 25
11115 11124 25
10819 11124 25
11099 11125 1
10846 11127 1
5754 11128 1
4873 11128 1
5814 11128 1
3894 11128 1
11 11128 1
2901 11128 1
2987 11128 1
8745 11128 1
11127 11128 1
8417 11128 1
5665 11128 1
3010 11128 1
5662 11128 1
5719 11128 1
4858 11128 1
11129 11128 16
781 11129 1
10846 11129 3
10888 11129 8
11344 11129 2
908 11129 3
10903 11129 2
791 11129 3
785 11129 2
11148 11129 2
10817 11129 1
4859 11129 2
4874 11129 2
4793 11129 2
5596 11129 2
10960 11129 2
11179 11129 3
10918 11129 4
775 11129 2
652 11129 3
11349 11130 16
3973 11130 1
626 11130 1
16 11130 2
11129 11130 39
5671 11130 1
11128 11130 16
8773 11130 1
11130 11131 39
16 11131 2
11076 11131 40
8469 11132 7
5807 11132 1
3895 11132 2
5890 11132 6
11076 11132 77
4774 11132 6
8751 11132 1
11348 11132 39
8707 11132 1
8756 11132 1
8341 11132 1
8478 11132 4
11131 11132 40
616 11132 3
5671 11133 1
11129 11133 19
11128 11133 16
626 11133 1
8773 11133 1
11135 11134 1
10900 11135 15
10908 11135 1
10824 11135 3
11137 11136 1
11134 11136 1
10900 11137 3
10908 11137 1
11135 11137 4
11138 11139 1
5561 11139 2
736 11140 2
11138 11140 1
11148 11140 3
830 11141 2
11138 11141 1
11258 11142 2
10846 11142 1
11141 11142 1
5647 11142 2
1020 11143 1
10900 11143 2
809 11143 1
11057 11143 1
4032 11143 1
11169 11143 1
10883 11143 1
10944 11144 1
11144 11145 1
11146 11145 1
10944 11146 1
11148 11147 1
4031 11148 2
10847 11148 5
11140 11149 2
11274 11149 1
11147 11149 1
11151 11150 1
11147 11150 1
652 11151 1
11148 11151 1
11147 11152 1
11151 11152 1
11336 11153 5
5853 11153 2
8630 11153 1
11154 11153 11
11147 11153 1
880 11153 1
11036 11154 1
8509 11154 2
652 11154 4
11046 11154 1
11156 11154 4
11142 11154 1
5897 11154 3
11198 11154 1
11030 11154 2
679 11154 2
10882 11154 5
11148 11154 1
11243 11154 4
11156 11155 21
11153 11155 11
880 11155 1
5867 11155 4
11157 11155 13
5625 11155 4
5602 11155 5
11030 11156 6
679 11156 3
10908 11156 1
11154 11156 11
11140 11156 1
652 11156 2
11060 11156 1
11277 11156 19
5870 11157 3
11153 11157 11
11156 11157 13
8667 11158 1
11153 11158 11
11154 11158 12
11147 11158 1
11160 11159 4
11161 11160 5
11163 11162 4
10946 11162 1
5722 11163 3
4835 11163 4
11165 11164 1
8629 11165 4
10842 11165 3
10918 11165 1
844 11166 5
11167 11166 7
11164 11166 1
8534 11166 1
3893 11167 1
11165 11167 2
10906 11167 1
11258 11167 1
11285 11167 2
10993 11167 2
11169 11168 1
11113 11169 3
10908 11169 14
11168 11170 1
11169 11170 2
8355 11170 1
10900 11171 2
4898 11171 1
11171 11172 2
10900 11172 2
11074 11173 1
11173 11174 1
3995 11174 1
8382 11174 1
5656 11174 1
929 11174 1
11175 11174 5
976 11175 1
11074 11175 4
10867 11175 5
8710 11175 3
11173 11176 1
11078 11176 2
11176 11177 2
10943 11177 2
858 11178 3
11180 11179 6
953 11179 1
11183 11180 5
955 11180 2
630 11180 1
10845 11180 12
11000 11180 5
957 11180 1
11181 11180 12
956 11180 4
11179 11180 1
11182 11181 17
11184 11183 9
901 11183 2
4763 11183 2
11180 11183 5
5624 11183 2
922 11183 1
11080 11186 1
5811 11187 1
3943 11187 1
5668 11187 2
11186 11187 1
10801 11187 5
11189 11188 1
2983 11189 1
5726 11189 2
11189 11190 1
11188 11190 1
11192 11191 1
11258 11192 2
11191 11193 1
11192 11193 4
11196 11193 2
993 11193 1
8719 11193 1
11191 11194 1
8386 11194 2
4803 11194 3
11192 11194 7
8431 11194 3
11192 11195 3
8386 11195 2
11191 11195 1
11191 11196 1
11192 11196 2
11198 11197 4
10908 11198 1
652 11198 1
36 11199 1
10845 11199 4
11201 11199 3
10918 11199 2
11200 11199 2
10842 11199 3
11202 11199 3
11203 11202 3
10906 11204 2
8 11204 1
11204 11205 2
5874 11205 2
10906 11205 4
11208 11207 2
8665 11207 1
10960 11209 1
11209 11210 1
11211 11210 4
5771 11210 1
8375 11210 2
10960 11211 1
1051 11211 4
5596 11211 1
8376 11211 2
11209 11212 1
10931 11212 1
11209 11213 1
10871 11213 2
5584 11213 1
8648 11214 2
8581 11214 1
841 11214 1
11209 11214 1
3994 11214 1
4042 11214 1
4858 11214 1
8651 11214 2
5600 11214 2
875 11214 2
8617 11214 1
17 11214 2
8650 11214 2
8649 11214 2
11215 11214 20
8386 11214 2
2967 11214 1
8561 11214 2
11030 11215 7
956 11215 3
10846 11215 2
11258 11215 2
4859 11215 2
652 11215 3
744 11215 2
11112 11215 1
11058 11215 1
955 11215 2
10960 11215 2
4763 11215 1
11148 11215 2
901 11215 1
10906 11215 2
8648 11216 2
8617 11216 1
8651 11216 2
3994 11216 1
841 11216 1
11220 11216 8
8581 11216 1
8650 11216 2
8649 11216 2
11217 11216 21
5600 11216 2
4042 11216 1
8561 11216 2
875 11216 2
8386 11216 2
17 11216 2
11209 11216 1
2967 11216 1
4858 11216 1
956 11217 2
11030 11217 7
11258 11217 2
4763 11217 1
10906 11217 1
10846 11217 1
955 11217 2
10960 11217 1
4859 11217 1
652 11217 2
11148 11217 1
2967 11218 1
3994 11218 1
8650 11218 2
5600 11218 2
11209 11218 1
841 11218 1
4858 11218 1
4042 11218 1
17 11218 2
8581 11218 1
8648 11218 2
8651 11218 2
8561 11218 2
8386 11218 2
8649 11218 2
8617 11218 1
11217 11218 20
875 11218 2
4858 11219 1
11217 11219 2
11209 11219 1
11209 11220 1
8617 11220 1
4858 11220 1
841 11220 1
2967 11220 1
8648 11220 2
11217 11220 8
11220 11221 8
11222 11221 9
11217 11222 8
10888 11223 11
8723 11223 2
11221 11223 9
11209 11224 1
10890 11224 1
8703 11225 1
11209 11225 1
10863 11225 3
10946 11226 1
11209 11226 1
11209 11227 1
10962 11227 2
11227 11228 2
10964 11228 3
47 11229 1
8506 11229 1
10964 11229 5
11228 11229 3
10964 11230 3
11228 11230 3
11227 11231 2
10972 11231 2
11227 11232 2
10964 11232 3
10964 11233 3
11232 11233 3
10964 11234 3
11232 11234 3
11236 11235 1
11209 11235 1
922 11236 4
901 11236 1
10960 11236 1
878 11237 4
11209 11237 1
11238 11237 5
11156 11238 4
10960 11238 1
11209 11239 1
8617 11239 1
5720 11239 1
11215 11239 7
4085 11239 1
11275 11239 1
5887 11239 2
11209 11240 1
10863 11240 3
11076 11241 1
11209 11241 1
11243 11242 4
11030 11243 2
652 11243 1
11154 11244 3
11242 11244 2
5634 11245 3
8508 11245 2
5896 11245 3
11244 11245 3
11154 11245 18
8662 11245 1
8630 11245 1
3876 11245 1
11287 11245 3
880 11246 1
11245 11246 18
8663 11246 3
8664 11246 2
8631 11246 3
10884 11246 28
4015 11246 1
11287 11246 3
8487 11246 1
4884 11246 4
3977 11247 1
5683 11247 3
8386 11247 2
8546 11247 2
10895 11247 12
8679 11247 1
11244 11247 3
8663 11248 3
11287 11248 3
11244 11248 3
11154 11248 16
8508 11248 2
5634 11248 3
880 11248 1
4042 11248 1
8631 11249 3
880 11249 1
4042 11249 1
11244 11249 3
11154 11249 13
11287 11249 3
8508 11249 2
8664 11250 2
11244 11250 3
880 11250 1
8508 11250 2
11287 11250 3
11154 11250 12
4042 11250 1
11244 11251 3
11154 11251 6
11287 11251 3
10842 11252 4
4874 11252 2
674 11253 3
2959 11253 1
11135 11253 5
11255 11254 5
11253 11254 5
11135 11255 5
10824 11255 15
8596 11256 1
11258 11257 1
652 11258 3
10842 11258 3
10845 11258 4
5852 11259 1
8598 11259 1
5564 11259 1
8676 11259 1
4096 11259 1
4070 11259 1
3964 11259 1
10943 11259 13
11257 11259 1
3007 11259 1
8444 11259 1
5879 11259 1
5888 11259 1
8445 11259 1
8709 11260 1
11261 11260 2
11151 11263 1
11263 11264 1
11151 11264 2
3017 11264 1
11151 11265 1
11263 11265 1
11151 11266 2
3017 11266 1
11263 11266 1
11151 11267 1
11263 11267 1
11263 11268 1
11151 11268 1
8506 11269 1
11263 11269 1
11151 11269 2
11151 11270 1
11263 11270 1
8556 11273 1
4818 11273 1
2933 11273 1
8528 11273 1
53 11273 1
11272 11273 1
793 11273 1
4058 11273 1
4074 11273 1
4063 11273 1
4010 11273 1
11148 11274 1
2909 11275 1
11215 11275 10
900 11275 1
2911 11275 1
4040 11275 1
8433 11275 1
8690 11275 1
3994 11275 1
8506 11275 1
11274 11275 1
11277 11276 6
11274 11276 1
8593 11276 1
8350 11276 1
3913 11276 1
5853 11276 2
11030 11277 2
8596 11277 1
11148 11277 1
11154 11277 6
5785 11277 1
8594 11277 1
8749 11277 1
652 11277 2
5897 11277 3
11142 11277 1
8674 11278 1
10993 11278 2
10829 11279 2
11278 11279 2
8674 11279 1
10829 11280 2
11278 11280 2
11278 11281 2
10993 11281 3
11281 11282 3
8786 11282 1
5769 11282 1
8483 11282 4
10876 11282 9
11278 11283 2
10993 11283 2
11242 11287 2
11154 11287 3
11289 11288 2
3958 11288 1
921 11291 1
4827 11291 1
8456 11291 1
8532 11291 1
3000 11291 1
2988 11291 1
3950 11291 1
3892 11291 1
3018 11291 1
8362 11291 1
3891 11291 1
5659 11291 1
8587 11291 1
5784 11291 1
738 11291 1
46 11291 1
980 11291 1
8533 11291 1
5779 11291 1
8637 11291 1
4005 11291 1
5916 11291 1
3026 11291 1
5815 11291 1
5658 11291 1
11334 11291 1
4079 11291 1
1021 11291 1
5741 11291 1
3955 11291 1
8494 11291 1
2962 11291 1
11290 11291 1
998 11291 1
4091 11291 1
2934 11291 1
11199 11292 1
11292 11293 1
11294 11293 1
10833 11294 3
11199 11294 7
11198 11295 4
10848 11296 1
5753 11297 1
11296 11297 1
11298 11297 5
3922 11297 1
4026 11297 1
8715 11297 1
10848 11298 3
934 11298 5
8345 11299 1
11300 11299 2
11301 11300 2
989 11302 1
10900 11302 2
4898 11303 1
4868 11303 2
11302 11303 2
10900 11303 12
825 11303 7
5578 11303 1
11305 11304 2
10882 11305 4
11307 11306 1
5732 11307 5
10838 11307 2
10890 11307 2
652 11307 4
5830 11308 4
11306 11308 1
11307 11308 5
10880 11309 1
3943 11310 1
11309 11310 1
18 11310 1
10882 11310 6
4882 11310 1
4047 11310 1
10884 11311 17
8487 11311 1
4015 11311 1
11310 11311 6
8549 11311 1
658 11311 8
10829 11312 1
758 11313 1
10829 11313 2
11312 11313 1
11312 11314 1
5811 11314 1
8449 11314 2
10801 11314 4
11039 11317 1
8479 11319 2
11076 11319 3
8479 11320 2
11319 11320 3
11321 11320 3
11076 11321 5
908 11321 2
11076 11322 1
8428 11323 2
11076 11323 46
8661 11323 3
942 11323 5
5803 11323 1
668 11323 6
5756 11323 5
635 11323 4
616 11323 3
5609 11323 8
11322 11323 1
4027 11323 2
8458 11323 3
4814 11323 4
11325 11324 1
3906 11326 1
10936 11326 3
1053 11326 1
11324 11326 1
10954 11327 2
5883 11327 1
5859 11328 3
11327 11328 2
11329 11328 7
8746 11328 1
3986 11328 1
781 11329 3
4046 11329 1
643 11329 2
11192 11329 1
10846 11329 1
4784 11329 2
4850 11329 3
10954 11329 7
8679 11330 1
10996 11330 3
8581 11330 1
11103 11332 3
8781 11332 1
5828 11332 1
11332 11333 3
11105 11333 8
8521 11333 4
10882 11336 5
761 11336 1
11304 11336 1
5772 11336 1
11047 11336 1
11047 11337 1
11304 11337 1
11338 11337 2
11252 11338 2
11142 11338 1
11048 11338 1
11305 11338 1
10874 11339 4
10874 11340 4
10833 11341 3
11342 11341 5
11110 11342 10
10956 11342 1
11344 11343 1
10847 11344 5
2968 11345 1
3009 11345 1
11343 11345 1
5828 11345 1
3020 11345 1
8566 11345 1
8741 11345 1
5718 11345 1
3957 11345 1
4093 11345 1
8711 11345 1
3952 11345 1
745 11345 1
5789 11345 1
11346 11345 15
908 11346 2
5596 11346 2
4859 11346 2
11148 11346 2
10903 11346 2
4793 11346 2
10918 11346 2
1078 11346 1
785 11346 2
791 11346 2
10960 11346 2
4874 11346 2
775 11346 3
11344 11346 2
652 11346 3
11345 11347 15
11346 11347 31
4860 11347 15
11347 11348 31
819 11348 1
16 11348 2
777 11348 4
11076 11348 39
8741 11349 1
8566 11349 1
8711 11349 1
11129 11349 16
3020 11349 1
2968 11349 1
5789 11349 1
5718 11349 1
3954 11349 1
5828 11349 1
3952 11349 1
3009 11349 1
3957 11349 1
11343 11349 1
4093 11349 1
745 11349 1
10823 11350 4
10824 11350 3
11352 11351 1
11000 11352 1
643 11352 2
922 11352 4
4761 11353 4
11352 11353 6
5769 11353 1
11351 11353 1
11351 11354 1
11352 11354 1
5769 11355 1
11352 11355 2
11351 11355 1
4761 11356 4
11351 11356 1
8723 11356 2
11352 11356 7
11352 11357 5
4761 11357 4
11351 11357 1
