7079 7003 3
7079 7004 3
7006 7005 3
7109 7005 2
7110 7006 2
7006 7007 5
7005 7007 3
7107 7007 1
7106 7007 2
7009 7008 1
7095 7009 3
7101 7078 1
7008 7078 1
7079 7078 2
7114 7079 1
7009 7079 2
7079 7080 2
7101 7080 1
7008 7080 1
7101 7081 1
7079 7081 2
7008 7081 1
7079 7082 2
7008 7082 1
7101 7082 1
7008 7083 1
7101 7083 1
7079 7083 2
7079 7084 2
7008 7084 1
7101 7084 1
7101 7085 1
7008 7085 1
7079 7085 2
7101 7086 1
7008 7086 1
7079 7086 2
7079 7087 2
7008 7087 1
7101 7087 1
7079 7088 2
7101 7088 1
7008 7088 1
7008 7089 1
7079 7089 1
7008 7090 1
7079 7090 2
7101 7090 1
7101 7091 1
7008 7091 1
7079 7091 3
7091 7092 3
7004 7092 3
7091 7093 3
7004 7093 3
7003 7094 3
7091 7094 3
7097 7096 1
7097 7098 1
7096 7098 1
7009 7101 1
7101 7102 1
7079 7102 1
7101 7103 1
7079 7103 1
7079 7104 1
7101 7104 1
7101 7105 1
7079 7105 1
7006 7106 2
7107 7106 1
7006 7107 1
7097 7108 1
7108 7109 1
7110 7109 2
7097 7110 1
7113 7112 3
