262 259 2
260 259 3
267 259 1
266 259 1
261 259 2
260 263 3
268 264 1
277 264 2
260 264 3
260 265 3
270 269 1
272 271 3
274 273 4
282 273 3
264 274 2
263 274 1
265 274 2
259 274 5
271 274 1
264 275 1
274 276 10
289 276 1
286 276 1
284 276 1
290 276 1
283 276 1
288 276 1
293 276 1
275 276 1
278 276 1
298 276 1
259 278 1
280 279 1
287 280 1
285 280 3
280 281 1
279 281 1
295 282 2
274 282 3
259 283 1
265 284 1
265 286 1
285 287 4
264 288 1
259 289 1
259 290 1
271 291 1
274 292 1
291 292 1
263 293 1
293 294 1
274 294 1
274 295 2
293 295 1
293 296 1
274 296 1
274 297 1
293 297 1
259 298 1
