12728 12727 1
14909 12728 1
14907 12728 1
14906 12728 1
15317 12728 5
14904 12728 4
14910 12728 1
14908 12728 1
14934 12729 3
15216 12729 1
15280 12729 4
15559 12729 1
15191 12729 1
12727 12729 1
15418 12729 1
14817 12729 4
15007 12729 18
15224 12729 1
14942 12729 1
14816 12729 3
12727 12730 1
12731 12730 1
12728 12731 1
15386 12732 1
12728 12732 4
15542 12732 1
12727 12732 1
14816 14790 3
15547 14790 1
14882 14790 1
12732 14790 4
14791 14790 7
12728 14791 11
15221 14791 1
14791 14792 8
15220 14792 1
12732 14792 4
14934 14792 3
14794 14793 1
14984 14794 4
14988 14794 1
14987 14794 1
14986 14794 1
14985 14794 3
15167 14795 1
15493 14795 1
15477 14795 1
14796 14795 6
14793 14795 1
15220 14795 1
15571 14795 1
15300 14796 1
15168 14796 1
15206 14796 1
15221 14796 1
14794 14796 1
14970 14796 1
15574 14797 1
15480 14797 1
14793 14797 1
14798 14797 4
14794 14798 4
15223 14798 4
15222 14798 3
14800 14799 7
15498 14799 1
15454 14799 1
14797 14799 4
14880 14799 1
15574 14799 1
14794 14800 2
14798 14800 6
14802 14801 4
14797 14801 4
14798 14802 7
15403 14803 2
14796 14804 4
14806 14805 3
12728 14805 1
14807 14808 4
14807 14809 4
14807 14810 4
14867 14811 3
14813 14812 1
15001 14814 1
14880 14814 1
15360 14814 1
15545 14814 1
15454 14814 1
15283 14814 1
15522 14814 1
15414 14814 1
14812 14814 1
14815 14814 12
15311 14814 1
15462 14814 1
15203 14815 2
12728 14815 1
15163 14815 1
15166 14815 1
14798 14815 3
14813 14815 10
14831 14815 1
15007 14815 2
15177 14815 1
15002 14815 1
15301 14815 1
12728 14816 3
15386 14816 1
14882 14816 1
14816 14817 3
12728 14817 4
14819 14818 4
14817 14818 4
12728 14819 4
14819 14820 5
14817 14820 4
14822 14821 5
14820 14821 5
14819 14822 7
14824 14823 3
14824 14825 3
15009 14825 3
14831 14825 1
14798 14825 1
15163 14825 1
15203 14825 1
15157 14825 3
14829 14825 1
14827 14826 4
14968 14827 2
14867 14827 2
15348 14827 2
14829 14828 1
14904 14829 4
14908 14829 1
14985 14829 3
14986 14829 1
14988 14829 1
14831 14830 2
15297 14830 1
14828 14830 1
14829 14831 2
15219 14831 3
15005 14831 1
14831 14832 1
14828 14832 1
15009 14833 2
14828 14833 1
15545 14833 1
15545 14834 1
15156 14834 3
14828 14834 1
15522 14834 1
15360 14834 1
15366 14834 3
14825 14834 8
15366 14835 3
14828 14835 1
15360 14835 1
15311 14835 1
15156 14835 3
14825 14835 8
15545 14835 1
14828 14836 1
14825 14836 1
15415 14837 1
14828 14837 1
14831 14837 2
15310 14838 1
15522 14838 1
14862 14838 7
14839 14838 10
15384 14838 1
14828 14838 1
15203 14839 2
14798 14839 1
14829 14839 1
15166 14839 1
15005 14839 1
14828 14840 1
15522 14840 1
14839 14840 2
14839 14841 2
15522 14841 1
14828 14841 1
15005 14842 1
14844 14843 8
15209 14843 4
14842 14843 1
15517 14843 1
15415 14843 1
15458 14843 1
14824 14844 3
15184 14844 4
14864 14844 3
15005 14844 3
14928 14844 1
15462 14845 1
14842 14845 1
14846 14845 2
15005 14846 1
15203 14846 1
14848 14847 1
14842 14847 1
15007 14848 1
15013 14848 15
15005 14848 1
12728 14848 1
14850 14849 3
14852 14851 3
14988 14851 1
14973 14851 1
15419 14853 1
14824 14853 3
14854 14855 3
14857 14856 1
15223 14857 4
15408 14857 1
15295 14857 3
15009 14858 2
15224 14858 1
14856 14858 1
14856 14859 1
15009 14859 1
14856 14860 1
14861 14860 1
14857 14861 4
15190 14861 1
15155 14861 3
14928 14861 1
15462 14862 1
15288 14862 5
14839 14862 7
14864 14863 1
15005 14864 1
15236 14865 2
14863 14865 1
14844 14865 3
15415 14865 1
14867 14866 1
15430 14867 2
15300 14867 1
14794 14867 1
15188 14867 3
15206 14867 1
14813 14868 1
15189 14869 2
15527 14869 1
15339 14869 2
14868 14869 1
15398 14869 1
15162 14869 1
15394 14869 1
14815 14869 9
14839 14870 2
15522 14870 1
14870 14871 2
14839 14871 2
14873 14872 2
15328 14872 1
15321 14874 1
14875 14874 3
15253 14874 1
14986 14875 1
14988 14875 1
14985 14875 3
14904 14875 4
14874 14876 3
14875 14876 4
14878 14877 4
15253 14877 1
14879 14877 4
14875 14877 7
14876 14877 4
15433 14877 1
14874 14878 3
14875 14878 4
14875 14879 4
14874 14879 3
14798 14880 1
14802 14881 3
15545 14881 1
15454 14881 1
14880 14881 1
12728 14882 1
14882 14883 1
14791 14883 1
15524 14884 1
15013 14884 15
15306 14884 6
14882 14884 1
14971 14884 6
14884 14885 15
14848 14885 16
15386 14885 1
15477 14886 1
15167 14886 1
15481 14886 1
15385 14886 1
14882 14886 1
15216 14886 1
14887 14886 7
14970 14887 1
14794 14887 1
15206 14887 1
12728 14887 1
15168 14887 1
15151 14887 3
14887 14888 8
14886 14888 7
14888 14889 8
14887 14889 9
14887 14890 9
14889 14890 9
14889 14891 9
14887 14891 9
14886 14892 7
14893 14892 7
14887 14893 7
14887 14894 8
14886 14894 7
14894 14895 8
14887 14895 8
14886 14896 7
14893 14896 7
14886 14897 7
14893 14897 7
14886 14898 7
14893 14898 7
14882 14899 1
14900 14899 1
12728 14900 2
15450 14901 1
15167 14901 1
15481 14901 1
14882 14901 1
15385 14901 1
15477 14901 1
14902 14901 6
15206 14902 1
14970 14902 1
15168 14902 1
14794 14902 1
12728 14902 1
14902 14903 6
15481 14903 1
15167 14903 1
15450 14903 1
14882 14903 1
15477 14903 1
15385 14903 1
14905 14904 15
14912 14911 3
15481 14911 1
15418 14911 1
15419 14912 1
14970 14912 1
15206 14912 1
12728 14912 3
14794 14912 1
15300 14912 1
15168 14912 1
15201 14913 3
15465 14913 1
15309 14913 3
14911 14913 3
15470 14913 1
15421 14913 3
15159 14913 1
15169 14913 3
15482 14913 1
14914 14913 21
15520 14913 1
15436 14913 1
14939 14913 4
14912 14914 15
15160 14914 6
15436 14915 1
14911 14915 3
14916 14915 4
14912 14916 15
15160 14916 6
14919 14918 1
14919 14920 4
15198 14920 3
14918 14920 1
15266 14920 1
14919 14921 2
14918 14921 1
14919 14922 3
14921 14922 2
14919 14923 3
14918 14923 1
14922 14923 3
14918 14924 1
14925 14924 1
15333 14925 4
14949 14925 3
15484 14925 1
14919 14925 3
14904 14926 1
14926 14927 1
14904 14927 1
14929 14928 3
15408 14928 1
15188 14930 1
14931 14930 2
12728 14932 1
12728 14933 1
15191 14934 1
12728 14934 3
14933 14934 1
14791 14935 3
14934 14935 3
14791 14936 3
14934 14936 3
14934 14937 3
15009 14937 3
15167 14938 1
15418 14938 1
14912 14938 9
15385 14938 1
15481 14938 1
15477 14938 1
15493 14938 1
14934 14938 3
14912 14939 4
14934 14939 3
15470 14940 1
14939 14940 4
14916 14940 5
15011 14941 1
15007 14942 1
14942 14943 1
14944 14943 1
15007 14944 1
15203 14945 2
14824 14945 3
14798 14945 1
15009 14945 3
15375 14945 4
14981 14945 1
15163 14945 1
14831 14945 1
14947 14946 3
14949 14948 3
15173 14948 2
15277 14967 2
14925 14967 5
14948 14967 3
14867 14968 1
14970 14969 1
14988 14970 1
14984 14970 4
14987 14970 1
14986 14970 1
14985 14970 3
15399 14971 1
15232 14971 1
15498 14971 1
15245 14971 1
15013 14971 6
14969 14971 1
15009 14972 1
14969 14972 1
14974 14973 3
14976 14975 1
15204 14976 2
14975 14977 1
15009 14977 2
15224 14977 1
15404 14978 2
14813 14979 1
14815 14980 2
15191 14980 1
14979 14980 1
14982 14981 3
14900 14983 1
14982 14984 17
14990 14989 1
15199 14990 3
14992 14991 1
14989 14991 1
14990 14992 1
15156 14993 3
15013 14993 13
15545 14993 1
15248 14993 3
15568 14993 1
15521 14993 1
15360 14993 1
14989 14993 1
15563 14993 1
15454 14993 1
14989 14994 1
14995 14994 1
14990 14995 1
14824 14995 3
14995 14996 1
14989 14996 1
14995 14997 1
14989 14997 1
14989 14998 1
14995 14998 1
14796 15000 4
15002 15001 1
15217 15002 3
15009 15003 1
15001 15003 1
15005 15004 1
15304 15005 3
14988 15005 1
15261 15005 1
15519 15005 1
14909 15005 1
14904 15005 4
15260 15005 1
15185 15005 1
14986 15005 1
14908 15005 1
15004 15006 1
15540 15006 1
15292 15006 1
15477 15006 1
12729 15006 18
15253 15006 1
15220 15006 1
15385 15006 1
15524 15006 1
14932 15006 1
15565 15006 1
15449 15006 1
15306 15006 6
15556 15006 1
15407 15006 1
15336 15006 1
15167 15006 1
14882 15006 1
15526 15006 1
15007 15006 48
14971 15006 6
15481 15006 1
15165 15006 1
15200 15007 1
15166 15007 2
14829 15007 2
14917 15007 3
14794 15007 2
14887 15007 1
14970 15007 1
15206 15007 1
15419 15007 1
15242 15007 1
15013 15007 12
15221 15007 1
14875 15007 2
15009 15007 4
14984 15007 1
15168 15007 1
15301 15007 2
15005 15007 2
12728 15007 11
15009 15008 1
15004 15008 1
15434 15009 1
14831 15009 1
14829 15009 1
15206 15009 1
14981 15009 1
14857 15009 1
15016 15009 1
15171 15009 2
15002 15009 1
15301 15009 1
15166 15009 2
15419 15009 1
14798 15009 1
14970 15009 1
15168 15009 1
15005 15009 1
12728 15009 4
15203 15009 2
14803 15009 1
15300 15009 1
15163 15009 1
14976 15009 1
14794 15009 2
14904 15009 1
15011 15010 1
15479 15012 1
15209 15012 4
14989 15012 1
15010 15012 1
15013 15012 11
15415 15012 1
14941 15012 1
15560 15012 1
14798 15013 2
15007 15013 1
14970 15013 2
15249 15013 3
15184 15013 4
15206 15013 2
14831 15013 1
15203 15013 1
14990 15013 1
14794 15013 2
15005 15013 1
15300 15013 2
15157 15013 3
14848 15013 2
15011 15013 4
15155 15013 1
15168 15013 2
14857 15013 1
12728 15013 1
14928 15013 1
15012 15014 11
15568 15014 1
14993 15014 13
15156 15014 3
15522 15014 1
15360 15014 1
15521 15014 1
15013 15014 24
15454 15014 1
15563 15014 1
15322 15014 2
15016 15015 1
15247 15016 2
14975 15017 1
15245 15017 1
15518 15017 1
15009 15017 5
15015 15017 1
15469 15017 1
15009 15018 2
15015 15018 1
15224 15018 1
12726 15019 3
14945 15148 1
15522 15149 1
14945 15149 6
15148 15149 1
15311 15149 1
15545 15149 1
15374 15149 4
15360 15149 1
14945 15150 4
15545 15150 1
15148 15150 1
15311 15150 1
15360 15150 1
14824 15152 3
14900 15153 1
15155 15154 1
15294 15155 3
15223 15155 4
15154 15156 1
15329 15156 1
15157 15156 3
14973 15157 1
15185 15157 1
15155 15157 1
14852 15157 3
14988 15157 1
15577 15158 1
15154 15158 1
15521 15158 1
14861 15158 3
15160 15159 1
15323 15160 3
14916 15161 4
15309 15161 3
15159 15161 1
14813 15162 1
15164 15163 3
15166 15165 1
14988 15166 1
14984 15166 4
15185 15166 1
14986 15166 1
15168 15167 1
14986 15168 1
14988 15168 1
14987 15168 1
14984 15168 4
14912 15169 3
15418 15169 1
15167 15169 1
15482 15170 1
14916 15170 4
15169 15170 3
14985 15171 3
14988 15171 1
14908 15171 1
14904 15171 4
14986 15171 1
14949 15172 1
15172 15173 1
14949 15173 2
14949 15174 2
15173 15174 2
14949 15175 2
15173 15175 2
15177 15176 1
15307 15177 3
15555 15177 1
15308 15177 2
15177 15178 2
15176 15178 1
15177 15179 3
15178 15179 2
15296 15179 1
15181 15180 1
15303 15181 3
15397 15181 1
14982 15181 3
15302 15181 3
15183 15182 2
15180 15182 1
15528 15182 1
15166 15183 1
14824 15183 3
15181 15183 1
14981 15183 1
14852 15184 3
15185 15184 1
15190 15184 1
14973 15184 1
14928 15184 2
14988 15184 1
14867 15186 1
15348 15186 3
14968 15186 2
15188 15187 3
14813 15189 2
14929 15190 3
12728 15191 1
15191 15192 1
15009 15192 1
14805 15193 1
15191 15193 1
15009 15194 1
15191 15194 1
14796 15195 4
14824 15196 3
15266 15197 1
14919 15197 2
14919 15198 3
15197 15198 2
15418 15201 1
15385 15201 1
14912 15201 3
14916 15202 4
15201 15202 3
15520 15202 1
15259 15203 1
14988 15203 1
15263 15203 1
14909 15203 1
14904 15203 4
14986 15203 1
15262 15203 1
15258 15203 2
15261 15203 1
14908 15203 1
15304 15203 1
15264 15203 1
15260 15203 1
15185 15203 1
15205 15204 2
14986 15206 1
14987 15206 1
14985 15206 3
14984 15206 4
14988 15206 1
15472 15206 1
15208 15207 4
15353 15209 1
15329 15209 1
15184 15209 4
15568 15209 1
14844 15210 4
15209 15210 4
14844 15211 5
15415 15211 1
15209 15211 4
14844 15212 5
15415 15212 1
15209 15212 4
15209 15213 4
15415 15213 1
15568 15213 1
15458 15213 1
14844 15213 6
15209 15214 4
15568 15214 1
14844 15214 4
14887 15216 1
14796 15218 4
15221 15220 1
15355 15221 3
12728 15224 1
15224 15225 1
15226 15225 1
12728 15226 1
15224 15227 1
15226 15227 1
15009 15228 1
15224 15228 1
15224 15229 1
15009 15229 1
15224 15230 1
15009 15230 2
15518 15230 1
15469 15231 1
15009 15231 2
15224 15231 1
15206 15232 1
15551 15233 1
15232 15233 1
15206 15233 2
14867 15234 3
15399 15234 1
15498 15234 1
15232 15234 1
15232 15235 1
15505 15235 1
15009 15235 2
15415 15236 1
14864 15236 2
14844 15237 2
15236 15237 2
15415 15237 1
14844 15238 2
15415 15238 1
15236 15238 2
15415 15239 1
15236 15239 2
14844 15239 2
15236 15240 2
15415 15240 1
14844 15240 2
14796 15241 4
15151 15242 3
15243 15244 3
15168 15245 1
15009 15246 1
15245 15246 1
15205 15247 2
15249 15248 3
15459 15248 1
15329 15248 1
14852 15249 3
14988 15249 1
14973 15249 1
14857 15249 1
15248 15250 3
15360 15250 1
15251 15250 7
15522 15250 1
15545 15250 1
15528 15250 1
15249 15251 3
15203 15251 1
14831 15251 1
14798 15251 1
14824 15251 3
14981 15251 1
15251 15252 3
15248 15252 3
14875 15253 1
14857 15254 1
15459 15255 1
14861 15255 3
15563 15255 1
15254 15255 1
15257 15256 4
15348 15257 2
14796 15265 4
14919 15266 1
15266 15267 1
14919 15267 2
15266 15268 1
14919 15268 2
15267 15268 2
15267 15269 2
14925 15269 2
15266 15270 1
15271 15270 1
14919 15271 1
15266 15272 1
15271 15272 2
15272 15273 2
15271 15273 2
15266 15274 1
15271 15274 1
15276 15275 1
15266 15275 1
14919 15276 1
15266 15277 1
14925 15277 2
14919 15278 1
15266 15278 1
14919 15279 1
15266 15279 1
15545 15280 1
15360 15280 1
15522 15280 1
15009 15280 4
14824 15281 3
15151 15282 3
15166 15283 1
15283 15284 1
15285 15284 1
15166 15285 1
15283 15286 1
15183 15286 1
15283 15287 1
15183 15287 1
15415 15288 1
15522 15288 1
15545 15288 1
15283 15288 1
14839 15288 5
15283 15289 1
15183 15289 1
15283 15290 1
15183 15290 1
15183 15291 2
15528 15291 1
15283 15291 1
14829 15292 1
14796 15293 4
15177 15296 1
14829 15297 1
14946 15298 1
15298 15299 1
14946 15299 1
14987 15300 1
14988 15300 1
14985 15300 1
14984 15300 4
15447 15300 2
14986 15300 1
15406 15301 1
15185 15301 1
15260 15301 1
15405 15301 1
15263 15301 1
14988 15301 1
14984 15301 4
14970 15305 1
15305 15306 1
15013 15306 6
15383 15306 1
15564 15306 1
15393 15306 1
15573 15306 1
14912 15309 3
15418 15309 1
15493 15309 1
14839 15310 1
15163 15311 1
15311 15312 1
15009 15312 2
15528 15312 1
14945 15313 4
15545 15313 1
15360 15313 1
15522 15313 1
15311 15313 1
15360 15314 1
15311 15314 1
14945 15314 6
15462 15314 1
15374 15314 4
15522 15314 1
15545 15314 1
15522 15315 1
15462 15315 1
14945 15315 5
15360 15315 1
15311 15315 1
15545 15315 1
15378 15317 4
15316 15317 3
15319 15318 4
14986 15320 3
14875 15321 1
15524 15322 1
14848 15322 2
15325 15324 1
15327 15326 1
15324 15326 1
15325 15327 1
14973 15329 1
15329 15330 1
14973 15330 1
15329 15331 1
14851 15331 1
15437 15332 1
15333 15332 2
14981 15333 1
15438 15333 1
14925 15334 2
15332 15334 2
14900 15335 1
14875 15336 1
15338 15337 3
15524 15339 1
15007 15339 2
15341 15340 1
15341 15342 1
15340 15342 1
15346 15344 3
15539 15344 1
15345 15344 2
15439 15347 1
15348 15347 2
14867 15348 2
15444 15349 2
15186 15349 5
15510 15349 1
15446 15349 2
15347 15349 2
15514 15350 1
15347 15350 2
15552 15350 1
15351 15350 7
15442 15350 4
14867 15351 1
15256 15351 1
15348 15351 5
15430 15351 1
15190 15353 1
14861 15354 2
15568 15354 1
15353 15354 1
14819 15356 1
15356 15357 1
14822 15357 1
14976 15358 1
15358 15359 1
14976 15359 1
14831 15360 1
15360 15361 1
15362 15361 1
14831 15362 1
14945 15363 1
15360 15363 1
15360 15364 1
15362 15364 1
15522 15365 1
15360 15365 1
14945 15365 2
15360 15366 1
15009 15366 3
15545 15366 1
14945 15367 3
15366 15367 3
15366 15368 3
15360 15368 1
15545 15368 1
14825 15368 3
15366 15369 3
14825 15369 3
15366 15370 3
14825 15370 3
15360 15371 1
15528 15371 1
14945 15371 4
15545 15371 1
15522 15371 1
14945 15372 2
15522 15372 1
15360 15372 1
15360 15373 1
15362 15373 1
15360 15374 1
15545 15374 1
15375 15374 4
15522 15374 1
15203 15375 1
14831 15375 1
14798 15375 1
15362 15376 1
15360 15376 1
15360 15377 1
15378 15377 4
15522 15377 1
15545 15377 1
14831 15378 1
15203 15378 1
14798 15378 1
15317 15379 5
15377 15379 4
12728 15380 5
15379 15380 5
12728 15381 1
15381 15382 1
14791 15382 1
14794 15383 1
14839 15384 1
14970 15385 1
12728 15386 1
15389 15388 2
15488 15388 1
14824 15390 3
15203 15391 1
15391 15392 1
15009 15392 1
15168 15393 1
15177 15394 1
15396 15395 3
15301 15395 1
14813 15398 1
15300 15399 1
15009 15400 1
15399 15400 1
14803 15401 1
14803 15402 1
15401 15402 1
15205 15403 2
15205 15404 2
15005 15407 1
15007 15409 1
15411 15410 1
15409 15410 1
15007 15411 1
15409 15412 1
15411 15412 1
15409 15413 1
15411 15413 1
14813 15414 1
15005 15415 1
15415 15416 1
14844 15416 1
14844 15417 1
15415 15417 1
15419 15418 1
15494 15419 2
15009 15420 1
15418 15420 1
15477 15421 1
15418 15421 1
14912 15421 3
15465 15422 1
14916 15422 4
15421 15422 3
14853 15423 1
15418 15423 1
15418 15424 1
14853 15424 1
14853 15425 1
15418 15425 1
15418 15426 1
14853 15426 1
14853 15427 1
15418 15427 1
15418 15428 1
14853 15428 1
15430 15429 1
15488 15430 3
15514 15431 1
15429 15431 1
14867 15431 3
15431 15432 3
14811 15432 3
14875 15433 1
15435 15434 2
15205 15435 2
15160 15436 1
15438 15437 1
14867 15439 1
15442 15440 4
15351 15440 4
15439 15440 1
14827 15441 4
15439 15441 1
15444 15441 2
15510 15441 1
15446 15441 2
15510 15442 1
15348 15442 4
15439 15442 1
15444 15442 2
14827 15443 3
15510 15443 1
15439 15443 1
15444 15443 2
15439 15444 1
15348 15444 2
15444 15445 2
15257 15445 2
14968 15446 2
15439 15446 1
12728 15449 1
14902 15450 1
14902 15451 1
15450 15451 1
14984 15452 1
14984 15453 1
15452 15453 1
14798 15454 1
14813 15455 1
15455 15456 1
14815 15456 1
14824 15457 3
15005 15458 1
14857 15459 1
15434 15460 1
15460 15461 1
15434 15461 1
15203 15462 1
15462 15463 1
14945 15463 2
15522 15463 1
15545 15464 1
14945 15464 3
15462 15464 1
15522 15464 1
15160 15465 1
15388 15466 1
15466 15467 1
15468 15467 1
15388 15468 1
14803 15469 1
15160 15470 1
15430 15471 1
15171 15473 1
15497 15474 1
15009 15474 2
15473 15474 1
15473 15475 1
15476 15475 1
15171 15476 1
15206 15477 1
15011 15479 1
14794 15480 1
14794 15481 1
15160 15482 1
15484 15483 1
15483 15485 1
14925 15485 1
15166 15486 1
15486 15487 1
15009 15487 1
14904 15489 1
15009 15490 2
15489 15490 1
15490 15491 2
15009 15491 2
15300 15493 1
15205 15494 2
14984 15495 1
15007 15496 1
15495 15496 1
15171 15497 1
14794 15498 1
15498 15499 1
14798 15499 1
15009 15500 2
15498 15500 1
15574 15500 1
14798 15501 1
15498 15501 1
15019 15502 1
15549 15503 1
15019 15503 3
15566 15503 1
15502 15503 1
15502 15504 1
15566 15504 1
15549 15504 1
15019 15504 3
15301 15505 1
15505 15506 1
15009 15506 1
15395 15507 1
15505 15507 1
15505 15508 1
14815 15508 1
15505 15509 1
15395 15509 1
14867 15510 1
15510 15511 1
15514 15511 1
14867 15511 2
15333 15512 2
15528 15512 1
14925 15513 2
15512 15513 2
15430 15514 1
15430 15515 1
15514 15515 1
15471 15516 1
15514 15516 1
14844 15517 1
15434 15518 1
15160 15520 1
15155 15521 1
15203 15522 1
15522 15523 1
14945 15523 1
15007 15524 1
15574 15525 1
15524 15525 1
15007 15525 2
14829 15526 1
14813 15527 1
14981 15528 1
15528 15529 1
15572 15529 1
15009 15529 2
14981 15530 1
15528 15530 1
15528 15531 1
14981 15531 1
15528 15532 1
14981 15532 1
15251 15533 1
15528 15533 1
15528 15534 1
15251 15534 1
15528 15535 1
14981 15535 1
14981 15536 1
15528 15536 1
15183 15537 1
15528 15537 1
14981 15538 1
15528 15538 1
15301 15540 1
12728 15542 1
15544 15543 1
15542 15543 1
12728 15544 1
14798 15545 1
15319 15546 4
12728 15547 1
15547 15548 1
14900 15548 1
15019 15549 1
15206 15551 1
15256 15552 1
15552 15553 1
15351 15553 1
15552 15554 1
15351 15554 1
15166 15556 1
14978 15557 1
15557 15558 1
14978 15558 1
15242 15559 1
15011 15560 1
14819 15561 1
14822 15562 1
15561 15562 1
14857 15563 1
15206 15564 1
15301 15565 1
15019 15566 1
14928 15568 1
14928 15569 1
15569 15570 1
15184 15570 1
14970 15571 1
15166 15572 1
15300 15573 1
14794 15574 1
15016 15575 1
15575 15576 1
15016 15576 1
15155 15577 1
15171 15578 1
15578 15579 1
15171 15579 1
