9667 9666 3
9667 10640 3
10642 10641 3
10642 10643 5
9667 10644 5
10913 10645 1
9667 10646 3
10650 10649 1
10857 10649 2
10642 10649 3
10702 10652 5
10650 10653 1
10655 10654 1
10657 10656 1
10654 10656 1
10655 10657 1
10654 10658 1
10657 10658 1
10654 10659 1
10657 10659 1
10654 10660 1
10657 10660 1
10654 10661 1
10662 10661 2
10655 10662 1
10650 10662 1
10795 10662 2
10664 10663 2
10661 10663 2
10662 10664 2
10780 10665 1
10687 10665 1
10691 10665 1
9666 10665 1
10681 10665 1
10696 10665 1
10739 10665 1
10717 10668 1
10757 10669 1
10651 10669 4
9667 10669 3
10650 10669 1
9667 10674 5
10651 10676 7
10676 10677 4
10756 10677 1
10669 10677 5
10669 10678 5
10756 10678 1
10676 10678 4
10692 10679 1
10681 10680 1
9667 10681 3
10665 10682 5
10779 10682 1
10828 10682 1
10680 10682 1
10864 10682 1
10850 10682 1
10680 10683 1
10684 10683 1
10681 10684 1
10665 10685 1
10680 10685 1
10680 10686 1
10687 10686 1
10681 10687 1
10680 10688 1
10687 10688 1
10642 10689 3
10676 10693 6
10651 10693 6
9667 10694 5
10696 10695 1
10698 10697 2
10776 10697 1
10695 10697 1
10777 10698 1
10696 10698 1
10695 10699 1
10698 10699 1
10695 10700 1
10698 10700 1
10702 10701 5
10725 10702 11
10650 10702 2
10652 10703 5
10701 10703 5
10705 10704 1
10707 10706 2
10704 10706 1
10705 10707 1
10706 10708 2
10707 10708 2
10706 10709 2
10710 10709 2
10707 10710 2
10710 10711 2
10706 10711 2
10710 10712 2
10706 10712 2
10704 10713 1
10707 10713 1
10704 10714 1
10715 10714 1
10791 10715 1
10705 10715 1
10764 10718 1
10650 10718 1
10642 10718 3
10722 10721 1
10650 10722 1
10642 10722 3
10857 10722 2
10765 10723 1
10724 10723 7
10823 10723 1
10862 10723 1
10743 10723 1
10891 10723 1
10832 10723 1
10721 10723 1
10807 10724 1
10641 10724 1
10783 10724 1
10857 10724 2
10649 10724 1
10813 10724 1
10827 10724 1
10722 10724 1
10744 10724 1
10642 10726 3
10728 10727 3
10650 10729 1
10641 10730 1
10732 10730 1
10731 10730 1
10813 10730 1
10744 10730 1
10807 10730 1
10641 10731 1
10735 10734 3
10740 10739 4
10741 10740 5
10739 10740 1
9667 10742 3
10744 10743 1
10642 10744 3
10724 10745 4
10832 10745 1
10765 10745 1
10891 10745 1
10743 10745 1
10730 10746 3
10765 10746 1
10832 10746 1
10743 10746 1
10832 10747 1
10891 10747 1
10743 10747 1
10765 10747 1
10724 10747 4
10749 10748 1
10743 10748 1
10744 10749 1
10832 10750 1
10743 10750 1
10730 10750 4
10812 10750 1
10765 10750 1
10743 10751 1
10730 10751 1
10743 10752 1
10832 10752 1
10765 10752 1
10753 10752 3
10807 10753 1
10806 10753 1
10641 10753 1
10744 10753 1
10813 10753 4
9667 10755 3
10757 10756 2
10757 10758 2
10756 10758 2
10675 10759 1
10759 10760 1
10761 10760 1
10675 10761 1
10761 10762 1
10759 10762 1
10641 10765 1
10767 10766 1
10765 10766 1
10641 10767 1
10724 10768 1
10765 10768 1
10765 10769 1
10730 10769 1
10731 10770 1
10765 10770 1
10731 10771 1
10765 10771 1
10777 10776 1
10696 10779 1
9667 10780 3
10692 10781 1
10642 10783 3
10783 10788 1
10642 10789 3
10791 10790 1
10790 10792 1
10715 10792 1
10795 10794 2
10662 10796 2
10794 10796 2
10900 10800 1
10801 10800 2
10642 10807 3
10811 10810 3
10813 10812 1
10882 10814 1
10879 10814 1
10812 10814 1
10753 10814 4
10875 10814 1
10812 10815 1
10856 10815 2
10724 10815 3
10724 10816 3
10812 10816 1
10856 10816 2
10812 10817 1
10753 10817 1
10812 10818 1
10856 10818 2
10724 10818 3
10820 10819 3
10821 10819 3
10649 10823 1
10801 10824 2
10900 10824 1
9667 10826 3
10642 10827 3
10857 10827 2
9666 10828 1
10828 10829 1
10665 10829 1
9667 10830 3
10807 10832 1
10834 10833 1
10832 10833 1
10807 10834 1
10832 10835 1
10834 10835 1
10730 10836 1
10832 10836 1
10642 10837 3
10801 10838 2
10900 10838 1
10847 10846 1
10650 10847 1
10846 10848 1
10847 10848 1
10739 10850 1
10665 10851 2
10850 10851 1
10864 10851 1
10850 10852 1
10740 10852 1
10837 10853 1
10725 10854 3
10650 10854 1
10901 10856 1
10857 10856 2
10901 10858 1
10857 10858 2
10856 10858 2
10722 10859 2
10856 10859 2
10649 10860 2
10856 10860 2
10856 10861 2
10827 10861 2
10827 10862 1
10780 10864 1
10886 10865 1
10837 10865 1
10885 10865 1
10764 10868 4
10868 10869 1
10718 10869 1
10764 10870 4
10868 10870 4
10718 10871 1
10868 10871 1
10813 10875 1
10875 10876 1
10879 10876 1
10922 10876 1
10882 10876 1
10753 10876 4
10875 10877 1
10882 10877 1
10753 10877 3
10879 10877 1
10813 10879 1
10813 10882 1
10783 10891 1
10891 10892 1
10788 10892 1
10837 10895 1
10895 10896 1
10853 10896 1
10895 10897 1
10853 10897 1
10895 10898 1
10865 10898 1
10853 10899 1
10895 10899 1
10857 10901 1
10692 10902 1
10679 10903 1
10902 10903 1
10679 10904 1
10902 10904 1
10781 10905 1
10902 10905 1
10781 10906 1
10902 10906 1
10913 10907 1
10717 10914 1
10668 10915 1
10914 10915 1
10668 10916 1
10914 10916 1
10913 10917 1
10917 10918 1
10907 10918 1
10917 10919 1
10907 10919 1
10917 10920 1
10907 10920 1
10645 10921 1
10917 10921 1
10806 10922 1
