1257 1256 2
1368 1257 4
1256 1258 1
1259 1258 1
1364 1259 1
1257 1259 1
1259 1260 1
1256 1260 1
1256 1261 1
1259 1261 1
1256 1262 1
1259 1262 1
1259 1263 1
1256 1263 1
1259 1264 1
1256 1264 1
1256 1265 1
1259 1265 1
1259 1266 1
1256 1266 1
1268 1267 1
1395 1268 2
1401 1268 1
1361 1268 2
1314 1268 1
1257 1268 9
1286 1268 1
1272 1271 1
1267 1271 1
1395 1272 2
1268 1272 6
1257 1272 5
1257 1273 1
1268 1274 1
1273 1274 1
1302 1275 1
1321 1275 4
1428 1275 1
1326 1275 5
1268 1275 10
1356 1275 2
1273 1275 1
1273 1276 1
1277 1276 1
1257 1277 1
1273 1278 1
1272 1278 6
1321 1278 4
1281 1278 2
1273 1279 1
1280 1279 1
1272 1280 3
1257 1280 1
1395 1280 2
1268 1281 2
1273 1281 1
1268 1282 1
1273 1282 1
1273 1283 1
1272 1283 2
1417 1284 2
1347 1284 1
1283 1284 2
1280 1284 5
1283 1285 2
1280 1285 2
1401 1287 1
1257 1287 5
1288 1287 2
1291 1290 1
1305 1291 4
1290 1292 1
1293 1292 3
1417 1292 2
1395 1293 2
1291 1293 1
1316 1293 1
1295 1294 3
1396 1296 1
1436 1296 1
1398 1296 1
1297 1296 5
1386 1296 1
1309 1297 4
1257 1297 4
1297 1298 6
1296 1298 5
1300 1299 6
1298 1299 6
1297 1300 6
1286 1302 1
1302 1303 1
1304 1303 1
1257 1304 4
1416 1304 2
1286 1304 1
1401 1304 1
1395 1305 2
1268 1306 1
1268 1307 1
1306 1307 1
1309 1308 1
1304 1309 5
1297 1310 1
1308 1310 1
1295 1311 3
1304 1312 1
1304 1313 1
1312 1313 1
1316 1315 1
1305 1316 4
1293 1317 1
1315 1317 1
1301 1318 1
1384 1318 1
1259 1318 1
1383 1318 1
1295 1319 3
1257 1320 1
1257 1321 4
1406 1321 1
1320 1321 1
1428 1321 1
1304 1322 5
1321 1322 4
1322 1323 5
1309 1323 5
1321 1324 4
1325 1324 4
1257 1325 4
1428 1326 1
1257 1326 5
1321 1326 4
1287 1327 5
1326 1327 5
1321 1328 4
1426 1328 1
1268 1328 5
1297 1329 4
1321 1329 4
1297 1330 4
1321 1330 4
1268 1331 6
1321 1331 4
1417 1331 2
1321 1332 4
1297 1332 4
1272 1333 5
1437 1333 1
1321 1333 4
1321 1334 4
1297 1334 4
1321 1335 4
1272 1335 4
1337 1336 4
1321 1336 4
1257 1337 6
1314 1339 1
1341 1340 1
1339 1340 1
1314 1341 1
1339 1342 1
1341 1342 1
1341 1343 1
1339 1343 1
1341 1344 1
1339 1344 1
1346 1345 3
1272 1347 1
1347 1348 1
1280 1348 1
1350 1349 1
1374 1350 3
1402 1351 2
1349 1351 1
1352 1351 3
1289 1352 1
1350 1352 1
1352 1353 1
1349 1353 1
1257 1356 2
1256 1356 1
1358 1357 2
1434 1357 1
1364 1363 1
1363 1365 1
1259 1365 1
1314 1368 1
1364 1368 1
1354 1368 2
1370 1369 2
1434 1369 1
1268 1371 1
1371 1372 1
1272 1372 1
1295 1375 3
1268 1376 1
1272 1377 3
1376 1377 1
1417 1377 2
1354 1379 2
1379 1380 1
1444 1380 1
1368 1380 2
1405 1382 1
1309 1386 1
1368 1387 1
1379 1387 1
1287 1388 1
1388 1389 1
1287 1389 2
1439 1389 1
1392 1391 3
1314 1395 1
1297 1396 1
1436 1397 1
1297 1397 2
1396 1397 1
1309 1398 1
1257 1399 1
1337 1400 1
1399 1400 1
1431 1402 1
1352 1402 2
1309 1403 1
1403 1404 1
1297 1404 1
1257 1406 1
1257 1407 1
1407 1408 1
1409 1408 2
1447 1409 1
1257 1409 1
1411 1410 2
1408 1410 2
1409 1411 2
1337 1412 1
1407 1412 1
1407 1413 1
1337 1413 1
1295 1414 3
1405 1415 1
1395 1417 2
1426 1417 1
1419 1418 2
1417 1418 2
1395 1419 2
1417 1420 2
1305 1420 2
1419 1421 2
1417 1421 2
1417 1422 2
1419 1422 2
1417 1423 2
1419 1423 2
1419 1424 2
1417 1424 2
1419 1425 2
1417 1425 2
1314 1426 1
1368 1427 1
1426 1427 1
1257 1428 2
1428 1429 1
1304 1429 1
1289 1431 1
1431 1432 1
1289 1432 1
1289 1433 1
1431 1433 1
1297 1436 1
1268 1437 1
1287 1439 1
1309 1442 1
1442 1443 1
1309 1443 1
1364 1444 1
1368 1445 1
1444 1445 1
1368 1446 1
1444 1446 1
