10251 9252 30
9343 9252 1
9314 9252 1
9267 9252 1
9283 9252 1
9357 9252 1
9317 9252 1
9299 9252 1
9359 9252 1
9292 9252 1
9340 9252 1
9276 9252 1
9259 9252 1
9298 9252 1
9280 9252 1
9349 9252 1
9341 9252 1
10253 9252 1
9290 9252 1
9345 9252 1
9362 9252 1
9361 9252 1
9344 9252 1
9322 9252 1
9257 9252 1
9321 9252 1
9295 9252 1
9358 9252 1
9326 9252 1
9305 9252 1
9323 9252 1
9290 9253 1
9344 9253 1
9323 9253 1
9359 9253 1
9358 9253 1
9305 9253 1
9345 9253 1
9340 9253 1
9257 9253 1
9259 9253 1
9343 9253 1
9322 9253 1
10253 9253 1
9280 9253 1
9362 9253 1
9317 9253 1
9321 9253 1
9267 9253 1
10251 9253 24
9276 9253 1
9283 9253 1
9295 9253 1
9299 9253 1
9292 9253 1
9314 9253 1
10251 9254 4
10251 9255 1
9258 9257 1
10251 9258 8
9260 9259 1
10251 9260 4
9343 9261 1
10251 9261 5
9323 9261 1
9299 9261 1
9259 9261 1
9267 9261 1
9343 9262 1
9259 9262 1
10251 9262 5
9323 9262 1
9299 9262 1
9267 9262 1
10251 9263 6
9263 9264 5
10251 9265 6
9265 9266 5
9268 9267 1
10251 9268 4
10251 9269 4
9272 9271 1
10251 9272 4
10254 9273 1
9274 9275 2
9278 9275 3
9277 9276 1
9291 9277 5
9279 9278 3
9281 9280 1
10251 9281 4
10251 9282 4
9284 9283 1
10251 9284 4
9286 9285 2
9333 9285 1
10251 9287 4
9289 9288 5
10251 9289 6
9291 9290 1
10251 9291 6
10249 9292 1
9275 9293 1
9293 9294 1
9316 9294 2
9275 9294 4
9355 9294 1
9265 9295 1
9258 9296 1
9258 9297 5
9269 9298 1
9272 9299 1
10251 9300 2
9364 9300 1
10251 9301 3
9300 9301 2
9315 9301 1
9264 9302 1
9260 9303 1
10251 9304 4
9306 9305 1
10251 9306 4
9332 9307 1
9275 9307 4
9331 9307 1
9275 9308 5
9307 9308 4
10251 9309 5
9308 9309 5
9263 9310 1
9291 9311 1
10251 9312 4
9289 9313 1
9312 9314 1
10251 9315 1
9354 9316 1
9275 9316 2
9318 9317 1
10251 9318 4
9268 9319 1
10251 9320 3
9263 9321 1
9266 9322 1
9324 9323 1
10251 9324 4
9258 9325 5
9327 9326 1
10251 9327 4
9279 9328 3
9297 9329 1
9282 9330 1
9275 9331 1
9278 9332 1
9286 9334 2
9333 9334 1
9304 9335 1
9325 9336 1
9312 9337 1
10251 9338 1
9338 9339 1
10251 9339 1
9304 9340 1
9281 9341 1
9288 9342 1
9254 9343 1
9284 9344 1
9320 9345 1
9278 9346 1
9346 9347 1
9275 9347 1
9254 9348 1
9265 9349 1
9275 9350 2
9353 9350 1
9350 9351 2
10251 9351 2
9318 9352 1
9275 9353 1
9278 9354 1
9275 9355 1
9327 9356 1
9306 9357 1
9287 9358 1
9282 9359 1
9324 9360 1
9287 9361 1
9289 9362 1
9269 9363 1
9275 9364 1
9320 9365 1
10249 10248 1
10251 10249 4
9348 10250 1
9365 10250 1
9352 10250 1
9302 10250 1
9342 10250 1
9330 10250 1
9361 10250 1
9337 10250 1
9283 10250 1
9335 10250 1
9295 10250 1
9313 10250 1
9360 10250 1
9336 10250 1
10248 10250 1
9271 10250 1
9305 10250 1
9280 10250 1
9296 10250 1
9310 10250 1
10251 10250 28
9319 10250 1
9356 10250 1
9273 10250 1
9303 10250 1
9329 10250 1
9363 10250 1
9311 10250 1
9322 10250 1
9277 10251 1
9265 10251 2
9266 10251 1
9306 10251 2
9325 10251 1
9291 10251 2
9263 10251 2
9272 10251 2
9264 10251 1
9268 10251 2
9287 10251 2
9297 10251 1
9288 10251 1
10254 10251 2
9304 10251 2
9282 10251 2
9269 10251 2
9281 10251 2
9327 10251 2
9312 10251 2
9320 10251 2
9324 10251 2
9254 10251 2
9284 10251 2
9318 10251 2
10249 10251 2
9275 10251 8
9258 10251 2
9289 10251 2
9260 10251 2
9270 10251 30
9255 10251 61
9256 10251 61
10251 10252 28
9329 10252 1
9342 10252 1
9310 10252 1
9283 10252 1
9280 10252 1
9322 10252 1
10248 10252 1
9271 10252 1
9313 10252 1
9273 10252 1
9361 10252 1
9311 10252 1
9305 10252 1
9356 10252 1
9336 10252 1
9348 10252 1
9319 10252 1
9360 10252 1
9330 10252 1
9363 10252 1
9365 10252 1
9303 10252 1
9296 10252 1
9337 10252 1
9302 10252 1
9352 10252 1
9335 10252 1
9295 10252 1
10254 10253 1
10251 10254 4
