5280 2090 1
2090 2091 1
4081 2091 3
5283 2091 4
5269 2092 1
5280 2093 1
5283 2094 1
2093 2094 1
5386 3737 1
3737 3738 1
5381 3738 2
5381 3739 2
3738 3739 2
3737 3740 1
5381 3740 1
5401 3741 1
4146 3742 1
4136 3742 1
3741 3742 1
5294 3742 3
5309 3743 1
5280 3744 2
3743 3744 1
5283 3745 2
3744 3745 2
5283 3746 2
3744 3746 2
3744 3747 2
5283 3747 2
5283 3748 2
3744 3748 2
5280 3749 1
3743 3749 1
5280 3750 1
3743 3750 1
5280 3751 1
3743 3751 1
3743 3752 1
5280 3752 1
5280 3753 1
3743 3753 1
5280 3754 1
3743 3754 1
5280 3755 1
5283 3756 1
3755 3756 1
5309 3757 1
5280 3759 2
4136 3759 1
5283 3760 3
4107 3760 1
3759 3760 2
5269 3761 1
5280 3762 1
5283 3763 1
3762 3763 1
3762 3764 1
5283 3764 1
3762 3765 1
5283 3765 1
3762 3766 1
5283 3766 1
3762 3767 1
5283 3767 1
5312 4061 1
3762 4061 1
5309 4062 1
5280 4063 1
4063 4064 1
5283 4064 1
5280 4065 1
5290 4066 1
5290 4067 1
5280 4068 1
4068 4069 1
5314 4069 1
4136 4070 1
4108 4070 1
5280 4070 3
4070 4071 3
5283 4071 3
5269 4072 1
4075 4074 1
4074 4076 1
4075 4076 1
5309 4077 1
5280 4078 3
4136 4078 1
4077 4078 1
4108 4078 1
4077 4079 1
5283 4079 2
4100 4079 1
5280 4081 3
4108 4081 1
4136 4081 1
4083 4082 1
5280 4084 1
5283 4085 1
4084 4085 1
5280 4086 1
4086 4087 1
5283 4087 1
5267 4088 3
4089 4088 2
5267 4089 2
4122 4089 1
5280 4090 2
4136 4090 1
4090 4091 2
5283 4091 2
5355 4092 1
5309 4093 1
5277 4094 1
4093 4094 1
5277 4095 1
4093 4095 1
4093 4096 1
5277 4096 1
5355 4097 1
5280 4098 1
5283 4099 2
4136 4099 1
4098 4099 1
5280 4100 1
5290 4101 2
5269 4102 1
5292 4103 1
5355 4104 1
4136 4105 1
5280 4105 2
5283 4106 2
4105 4106 2
5280 4107 1
5309 4108 1
4110 4109 1
4108 4109 1
5309 4110 1
5269 4111 1
5269 4112 1
5290 4114 1
4114 4115 1
5391 4115 1
5391 4116 1
4114 4116 1
5391 4117 1
4114 4117 1
4114 4118 1
5391 4118 1
5394 4119 1
4114 4119 1
5267 4120 1
5280 4121 1
5285 4122 1
5267 4123 1
5280 4124 1
4083 4125 1
5290 4126 1
5267 4128 1
5355 4129 1
5309 4131 1
5280 4133 1
5269 4134 1
5309 4136 1
5277 4137 1
4136 4137 1
4136 4138 1
3757 4138 1
4136 4139 1
4131 4139 1
4131 4140 1
4136 4140 1
4131 4141 1
4136 4141 1
4131 4142 1
4136 4142 1
5283 4143 1
4136 4143 1
5280 4144 2
5267 4145 1
5401 4146 1
5290 4147 1
5267 5266 2
5375 5267 3
5283 5267 4
5285 5267 1
5269 5268 1
5297 5269 1
5267 5269 3
5267 5270 1
5290 5270 1
5267 5271 1
5271 5272 1
5267 5272 2
5267 5273 2
5272 5273 2
5419 5274 1
5388 5274 1
5272 5274 2
5275 5274 4
5290 5275 2
5267 5275 2
5278 5277 2
4080 5277 1
5309 5277 2
5280 5279 1
5309 5280 4
5283 5280 1
5311 5280 4
5313 5280 4
5275 5280 4
5316 5280 4
5320 5280 4
5315 5280 4
5399 5280 3
4086 5281 1
4070 5281 3
5323 5281 1
3759 5281 2
4105 5281 2
4084 5281 1
3744 5281 2
5408 5281 1
5279 5281 1
3755 5281 1
4107 5281 1
4090 5281 2
2090 5281 1
5367 5281 2
4063 5281 1
4098 5281 1
4100 5281 1
3762 5281 1
5280 5281 29
5333 5281 1
5369 5281 2
5363 5281 5
2093 5281 1
5281 5282 29
5283 5282 29
5309 5283 2
5280 5283 33
5283 5284 1
5279 5284 1
5286 5285 3
5297 5285 1
5288 5287 4
5402 5287 3
5294 5288 3
5290 5288 7
5403 5289 4
5412 5289 2
5404 5289 4
5287 5289 4
5290 5289 9
5384 5290 11
4073 5290 5
5344 5290 4
5288 5290 4
5397 5290 5
5385 5290 4
5283 5290 12
5386 5290 2
3741 5291 1
4125 5291 1
5289 5291 9
5292 5291 12
4146 5291 1
5401 5292 2
5381 5292 2
4083 5292 2
5290 5292 10
5309 5294 1
5295 5294 3
5401 5294 3
5297 5296 1
5269 5298 4
4088 5298 3
5296 5298 1
5285 5299 1
5296 5299 1
3741 5300 1
5296 5300 1
5301 5300 4
4146 5300 1
4136 5300 1
5401 5301 2
5309 5301 1
5297 5301 1
5290 5302 1
5302 5303 1
5292 5303 5
3738 5303 2
4082 5303 1
5292 5304 6
5303 5304 5
4103 5304 1
5302 5305 1
5292 5305 2
5305 5306 2
5307 5306 3
5292 5307 2
5306 5308 3
5307 5308 3
5314 5309 4
5317 5309 4
5316 5309 4
5315 5309 4
5311 5309 4
5310 5309 3
5313 5309 4
5312 5309 4
5280 5311 1
5267 5311 1
5290 5311 1
5280 5312 1
5280 5313 1
5267 5313 1
5290 5313 1
5280 5314 1
5280 5315 1
5267 5315 1
5290 5315 1
5267 5316 1
5290 5316 1
5280 5316 1
5290 5317 1
5267 5317 1
5267 5318 1
4144 5319 2
5419 5319 1
5318 5319 1
5320 5319 4
5290 5320 1
5267 5320 1
5280 5320 6
5365 5321 2
5320 5321 4
5419 5321 1
5318 5321 1
5320 5322 4
5419 5322 1
5318 5322 1
5378 5322 2
5280 5323 1
5323 5324 1
4136 5324 1
5283 5324 2
5292 5325 4
5267 5327 1
4128 5328 1
5267 5328 2
5327 5328 1
5267 5329 1
5331 5330 2
4123 5330 1
5329 5330 1
5290 5331 3
5267 5331 3
5344 5331 1
5309 5331 2
5269 5332 1
5280 5333 1
5283 5334 1
5333 5334 1
5269 5335 1
5337 5336 5
5292 5337 12
5290 5338 1
5290 5339 2
5338 5339 1
4066 5340 1
5339 5340 2
5290 5340 3
5339 5341 2
5290 5341 2
5309 5342 1
5355 5342 5
5344 5343 1
5290 5344 5
5294 5344 3
5331 5345 1
5343 5345 1
5331 5346 2
4126 5346 1
5343 5346 1
5331 5347 6
5343 5347 1
5357 5347 1
4126 5347 1
4062 5347 1
5374 5347 1
4067 5347 1
5343 5348 1
4126 5348 1
5331 5348 2
5343 5349 1
5331 5349 2
4126 5349 1
5331 5350 3
4126 5350 1
5366 5350 1
5343 5350 1
5292 5351 4
5267 5352 1
4133 5353 1
5419 5353 1
5352 5353 1
5315 5353 3
5355 5354 1
4097 5356 1
4129 5356 1
4136 5356 1
5342 5356 6
4092 5356 1
5354 5356 1
4104 5356 1
5309 5357 1
5337 5358 5
5280 5359 4
3743 5359 1
4136 5359 1
5283 5360 4
5359 5360 4
5267 5361 1
5317 5362 2
5361 5362 1
5419 5362 1
4108 5363 1
5280 5363 5
5283 5364 5
5363 5364 5
5280 5365 2
5267 5366 1
5280 5367 2
4136 5367 1
5283 5368 2
5367 5368 2
4108 5369 1
5280 5369 2
5283 5370 2
5369 5370 2
5290 5371 1
5290 5372 1
5371 5372 1
5295 5373 3
5290 5374 1
5376 5377 3
5280 5378 2
5337 5379 5
5337 5380 5
5386 5381 1
5292 5381 4
5269 5382 1
5288 5385 6
5294 5385 3
5373 5386 1
5290 5386 5
5290 5388 1
5267 5389 1
5391 5390 1
5389 5390 1
5290 5391 1
5267 5391 1
5391 5392 1
5389 5392 1
5394 5393 2
5389 5393 1
4114 5393 1
5267 5394 1
5290 5394 1
5394 5395 1
5389 5395 1
5389 5396 1
5394 5396 1
5397 5398 3
5401 5400 1
4136 5402 1
5294 5402 3
5400 5402 1
5402 5403 3
5385 5403 4
5402 5404 3
5344 5404 4
5269 5405 1
5280 5406 1
5406 5407 1
5283 5407 1
5280 5408 1
5408 5409 1
5283 5409 1
5408 5410 1
5283 5410 1
5373 5411 1
5386 5412 2
5411 5412 1
5267 5413 1
5413 5414 1
5267 5414 1
5413 5415 1
4147 5415 1
5416 5415 2
5290 5416 1
5267 5416 1
5267 5417 1
5417 5418 1
5311 5418 3
4121 5418 1
5419 5418 1
5290 5419 1
4065 5420 1
5425 5420 1
5419 5420 1
5313 5420 3
5270 5421 2
5419 5421 1
4120 5421 1
5423 5422 1
5419 5422 1
5290 5423 1
4124 5424 1
4145 5424 1
5316 5424 3
5419 5424 1
5267 5425 1
