5701 5700 1
9582 5703 1
5702 5703 1
9581 5703 1
5734 5703 1
5704 5703 1
9584 5703 1
9568 5703 1
9644 5703 1
9587 5703 1
9602 5703 1
9595 5706 1
9672 5706 1
9666 5706 1
5705 5706 1
9617 5707 1
9605 5707 1
9571 5707 1
9595 5707 1
5720 5707 1
9634 5707 1
5705 5707 1
9615 5707 1
5701 5708 1
5726 5709 1
9577 5709 2
9625 5709 1
5727 5709 1
5739 5709 1
9628 5709 2
5708 5709 1
9613 5709 1
5701 5709 10
5701 5710 1
5710 5711 1
5701 5712 1
5712 5713 1
5714 5713 2
5701 5714 2
5712 5714 1
9632 5716 1
9667 5716 1
9571 5716 1
9638 5716 1
9585 5716 1
9559 5716 1
9671 5716 1
9565 5716 1
9631 5716 1
5715 5716 1
9668 5717 1
9570 5717 1
9595 5717 1
9632 5717 1
9588 5717 1
9578 5717 1
9585 5717 1
5715 5717 1
9631 5717 1
9667 5717 1
5743 5717 1
9671 5717 1
5733 5717 1
9562 5717 1
9617 5717 1
9615 5717 1
9563 5717 1
9565 5717 1
9639 5717 1
9572 5717 1
5729 5717 1
9571 5717 1
9644 5717 1
9605 5717 1
9564 5717 1
5740 5717 1
9621 5717 1
9607 5717 1
5718 5719 1
5744 5719 1
9665 5719 1
9581 5721 1
9595 5721 1
5733 5721 1
9648 5721 1
9622 5721 1
5720 5721 1
5732 5721 1
9633 5721 1
9578 5721 1
9640 5721 1
9662 5721 1
9605 5721 1
9656 5721 1
5701 5723 1
5725 5724 1
5723 5724 1
5701 5725 3
5701 5726 1
5701 5727 1
5727 5728 1
9601 5731 1
9581 5731 1
5730 5731 1
5701 5735 2
5735 5736 2
5701 5736 4
5736 5737 4
5701 5738 5
5736 5738 4
5701 5739 1
5741 5742 1
5701 9556 1
9556 9557 1
9558 9557 2
9556 9558 1
5701 9558 2
9630 9560 1
9559 9560 1
9565 9566 1
9645 9566 1
9571 9566 1
9638 9566 1
9671 9566 1
9662 9566 1
9637 9569 1
5701 9569 2
5701 9573 1
9573 9574 1
9573 9575 1
5701 9575 1
5701 9576 1
9576 9577 1
5701 9577 2
5701 9579 1
9579 9580 1
5701 9583 1
5701 9589 1
9589 9590 1
5701 9591 1
9591 9592 1
9593 9592 2
5701 9593 1
9591 9594 1
9595 9596 1
5701 9597 1
5701 9598 1
5701 9599 1
9598 9599 1
9603 9604 1
9605 9606 1
9607 9608 1
9610 9609 1
9609 9611 1
9610 9612 1
9609 9612 1
5701 9613 1
5701 9614 1
5701 9616 1
5701 9618 1
9618 9619 1
9618 9620 1
5701 9620 1
5701 9623 1
9623 9624 1
5701 9625 1
5701 9626 1
9628 9627 2
5725 9627 2
9626 9627 1
5701 9628 2
9626 9628 1
5701 9635 1
9635 9636 1
5701 9637 1
5701 9642 1
9642 9643 1
5701 9646 1
9646 9647 1
5701 9649 1
9649 9650 1
5701 9651 1
9651 9652 1
9651 9653 1
5701 9653 1
9651 9654 1
5701 9655 1
9651 9655 1
5701 9657 1
9657 9658 1
9657 9659 1
5701 9659 1
9657 9660 1
9657 9661 1
5701 9661 1
9663 9664 1
5701 9669 1
9669 9670 1
