7564 7563 1
7563 7565 1
7564 7565 2
7930 7565 1
7930 7566 1
7567 7566 3
7563 7566 1
7969 7566 1
7647 7567 1
7592 7567 2
7571 7567 3
7564 7567 2
7643 7567 1
7667 7567 1
7569 7568 3
7573 7570 1
7571 7570 3
7573 7572 1
7602 7573 1
7719 7573 2
7950 7574 1
7572 7574 1
7575 7574 2
7662 7575 1
7592 7575 2
7667 7575 2
7614 7575 1
7573 7575 1
7571 7576 3
7577 7576 4
7571 7578 3
7935 7578 1
7571 7579 3
7653 7580 1
7625 7580 1
7571 7580 3
7653 7581 1
7571 7581 3
7675 7581 1
7677 7582 2
7571 7582 3
7614 7583 1
7571 7583 3
7571 7584 3
7662 7584 1
7577 7585 4
7571 7585 3
7571 7586 3
7577 7586 4
7577 7587 4
7571 7587 3
7577 7588 4
7571 7588 3
7589 7590 3
7592 7591 1
7746 7592 2
7598 7592 4
7602 7592 1
7567 7593 1
7591 7593 1
7623 7594 1
7575 7594 2
7591 7594 1
7596 7595 1
7643 7596 4
7598 7597 1
7595 7597 1
7688 7598 1
7596 7598 1
7979 7599 1
7595 7599 1
7907 7599 1
7969 7599 1
7600 7599 4
7643 7600 1
7688 7600 1
7596 7600 1
7900 7600 1
7907 7601 1
7979 7601 1
7969 7601 1
7600 7601 4
7595 7601 1
7602 7603 1
7602 7604 1
7602 7605 1
7602 7606 1
7602 7607 1
7609 7608 5
7610 7609 6
7613 7612 3
7611 7612 3
7615 7614 2
7631 7614 1
7616 7615 1
7618 7617 4
7619 7618 7
7621 7620 5
7622 7621 6
7592 7623 1
7567 7624 1
7623 7624 1
7602 7625 1
7610 7625 4
7673 7625 2
7739 7627 1
7628 7627 2
7631 7629 1
7630 7629 2
7616 7630 1
7616 7631 1
7631 7632 1
7631 7633 1
7631 7634 1
7631 7635 1
7631 7636 1
7631 7637 1
7631 7638 1
7631 7639 1
7739 7641 1
7642 7641 2
7654 7643 4
7644 7643 9
7647 7646 1
7659 7647 3
7666 7648 1
7567 7648 2
7646 7648 1
7650 7649 1
7751 7650 3
7713 7650 2
7750 7650 3
7723 7650 7
7724 7650 7
7725 7650 7
7650 7651 2
7649 7651 1
7966 7651 1
7652 7653 3
7598 7654 10
7654 7655 5
7625 7656 1
7745 7657 1
7700 7657 1
7976 7657 1
7690 7657 2
7658 7657 7
7656 7657 1
7906 7657 1
7677 7658 2
7614 7658 1
7625 7658 1
7592 7658 1
7573 7658 1
7675 7658 1
7661 7660 3
7622 7662 4
7602 7662 1
7663 7662 2
7665 7664 3
7667 7666 1
7631 7667 1
7893 7667 2
7567 7668 1
7666 7668 1
7666 7669 1
7567 7669 1
7575 7670 1
7666 7670 1
7739 7671 1
7672 7671 2
7675 7674 1
7602 7675 1
7709 7675 4
7734 7675 2
7677 7676 1
7674 7676 1
7625 7677 1
7631 7677 1
7675 7677 1
7737 7677 2
7739 7678 1
7679 7678 2
7592 7680 1
7680 7681 1
7911 7681 1
7702 7681 1
7959 7681 1
7932 7681 1
7682 7681 5
7662 7682 1
7625 7682 1
7675 7682 1
7592 7682 1
7573 7682 1
7618 7683 1
7618 7684 1
7683 7684 1
7685 7686 3
7643 7687 4
7643 7688 4
7677 7690 2
7731 7690 1
7582 7691 2
7690 7691 2
7653 7692 1
7581 7693 1
7692 7693 1
7580 7694 1
7692 7694 1
7692 7695 1
7580 7695 1
7580 7696 1
7692 7696 1
7580 7697 1
7692 7697 1
7580 7698 1
7692 7698 1
7692 7699 1
7580 7699 1
7573 7700 1
7618 7701 4
7675 7702 1
7664 7704 1
7704 7705 1
7664 7705 1
7631 7706 1
7707 7706 2
7616 7707 1
7709 7708 6
7711 7710 2
7631 7710 1
7616 7711 1
7713 7712 1
7661 7713 3
7715 7714 1
7712 7714 1
7713 7715 1
7650 7715 4
7948 7716 1
7712 7716 1
7650 7716 2
7739 7717 1
7718 7717 2
7893 7720 2
7631 7720 1
7573 7721 1
7744 7721 2
7631 7721 1
7650 7722 4
7713 7722 1
7667 7726 1
7575 7727 1
7726 7727 1
7647 7729 1
7625 7731 1
7722 7732 1
7732 7733 1
7722 7733 1
7660 7735 1
7735 7736 1
7660 7736 1
7616 7737 1
7739 7740 1
7912 7740 2
7894 7741 2
7739 7741 1
7642 7742 2
7739 7742 1
7616 7744 1
7592 7745 1
7749 7748 3
7708 7752 5
7892 7891 3
7616 7893 2
7896 7895 1
7896 7897 2
7895 7897 1
7897 7898 2
7896 7898 2
7896 7899 2
7897 7899 2
7675 7906 1
7688 7907 1
7907 7908 1
7598 7908 1
7675 7909 1
7909 7910 1
7581 7910 1
7662 7911 1
7915 7916 3
7573 7918 1
7570 7919 1
7918 7919 1
7743 7920 1
7920 7921 1
7743 7921 2
7743 7922 2
7921 7922 2
7715 7923 1
7923 7924 1
7715 7924 1
7926 7925 3
7650 7927 1
7650 7928 1
7927 7928 1
7564 7930 1
7892 7931 3
7573 7932 1
7935 7934 1
7578 7936 1
7934 7936 1
7934 7937 1
7578 7937 1
7578 7938 1
7934 7938 1
7940 7939 3
7925 7941 1
7647 7943 1
7943 7944 1
7729 7944 1
7943 7945 1
7729 7945 1
7573 7946 1
7721 7947 1
7946 7947 1
7713 7948 1
7948 7949 1
7722 7949 1
7662 7950 1
7625 7954 1
7954 7955 1
7580 7955 1
7625 7959 1
7925 7960 1
7962 7961 1
7960 7961 1
7925 7962 1
7941 7963 1
7960 7963 1
7650 7966 1
7650 7967 1
7966 7967 1
7966 7968 1
7650 7968 1
7643 7969 1
7969 7970 1
7643 7970 1
7969 7971 1
7567 7971 1
7567 7972 1
7969 7972 1
7969 7973 1
7567 7973 1
7662 7974 1
7584 7975 1
7974 7975 1
7614 7976 1
7976 7977 1
7583 7977 1
7976 7978 1
7575 7978 1
7900 7979 1
