701 0 1
761 1 1
690 2 1
736 3 1
736 4 2
3 4 1
752 5 1
697 6 1
739 7 1
6 7 1
688 8 1
688 9 1
8 9 1
688 10 1
8 10 1
688 11 1
8 11 1
730 12 1
789 13 1
787 14 1
739 15 1
15 16 1
697 16 1
687 17 1
744 18 1
768 19 1
720 20 1
736 21 1
698 22 1
708 23 1
22 23 1
688 24 1
22 24 1
708 25 1
22 25 1
22 26 1
708 26 1
687 27 1
690 28 1
689 29 1
789 30 2
36 30 1
686 31 1
787 32 2
33 32 1
787 33 1
744 34 1
689 35 1
789 36 1
687 686 5
698 686 1
744 687 1
708 687 2
688 687 12
789 687 1
720 687 1
686 687 1
689 688 4
736 688 3
730 688 3
686 688 4
691 688 3
720 688 3
744 688 3
690 688 2
775 688 3
712 688 3
687 688 3
692 688 25
703 688 5
789 688 3
701 688 1
708 688 3
693 688 25
752 688 3
698 688 3
787 688 3
737 688 3
768 688 3
690 689 6
691 690 21
688 691 28
708 691 2
739 695 5
741 695 4
694 695 8
749 695 4
747 695 8
750 695 4
693 695 4
696 695 8
694 696 1
700 696 1
739 697 1
696 697 1
695 697 3
695 698 3
708 698 2
696 698 1
696 699 1
695 699 3
691 701 5
722 702 1
703 702 2
688 703 12
733 703 5
698 703 3
760 704 1
13 704 1
796 704 1
21 704 1
795 704 1
769 704 2
709 704 7
34 704 1
35 704 1
2 704 1
36 704 1
31 704 1
33 704 1
776 704 2
729 704 1
3 704 1
783 704 1
731 704 2
806 704 1
826 704 2
825 704 2
803 704 2
792 704 1
29 704 1
767 704 1
818 704 3
758 704 1
32 704 2
774 704 1
802 704 1
794 704 2
702 704 2
20 704 1
757 704 1
27 704 1
711 704 1
713 704 2
688 704 55
28 704 1
19 704 1
5 704 1
4 704 2
30 704 2
751 704 2
12 704 1
14 704 1
18 704 1
765 704 2
784 704 2
759 704 2
698 705 1
705 706 1
688 706 1
708 707 1
705 707 1
698 708 5
720 708 2
686 708 2
688 708 4
782 708 4
754 709 2
799 709 2
705 709 1
688 709 7
807 709 1
712 711 1
690 712 6
711 713 1
712 713 2
698 714 1
714 715 1
716 715 1
698 716 1
708 716 5
714 717 1
686 717 1
714 718 1
716 718 1
720 719 1
714 719 1
687 720 5
698 720 2
714 721 1
716 721 1
698 722 1
708 723 6
754 723 2
799 723 2
722 723 1
807 723 1
720 724 1
722 724 1
708 725 2
722 725 1
807 726 1
800 726 1
725 726 2
708 726 5
726 727 5
716 727 5
708 728 1
722 728 1
730 729 1
691 730 5
730 731 2
729 731 1
703 732 5
687 734 1
687 735 1
734 735 1
690 736 6
690 737 6
739 738 1
697 739 1
748 739 7
738 740 1
741 740 1
739 741 1
720 742 1
796 743 1
797 743 2
720 743 3
742 743 1
687 744 5
701 745 1
790 746 1
0 746 1
701 746 4
745 746 1
791 746 2
802 751 1
752 751 2
690 752 6
703 753 5
792 754 1
686 754 2
703 755 1
755 756 1
703 756 1
737 757 1
737 758 1
758 759 1
737 759 2
712 760 1
691 761 5
698 762 1
762 763 1
708 763 1
703 764 1
762 764 1
703 765 2
807 765 1
765 766 2
703 766 2
768 767 1
690 768 6
807 769 1
703 769 2
818 770 3
17 770 1
2 770 1
22 770 1
769 770 2
0 770 1
35 770 1
688 770 9
22 771 1
17 771 1
769 771 2
2 771 1
688 771 9
0 771 1
818 771 3
35 771 1
688 772 9
17 772 1
818 772 3
22 772 1
35 772 1
0 772 1
769 772 2
2 772 1
0 773 1
818 773 3
2 773 1
35 773 1
688 773 9
22 773 1
17 773 1
769 773 2
775 774 1
690 775 6
775 776 2
774 776 1
703 777 5
761 778 1
1 779 1
778 779 1
761 779 3
804 779 2
691 780 1
691 781 1
780 781 1
689 783 1
689 784 2
783 784 1
739 785 1
785 786 1
695 786 1
690 787 6
703 788 5
687 789 5
701 790 1
790 791 1
701 791 2
686 792 1
796 793 1
36 793 1
792 793 1
687 793 4
18 793 1
686 794 2
792 794 1
687 795 1
720 796 1
796 797 1
720 797 2
720 798 2
797 798 2
720 799 2
796 799 1
708 800 1
800 801 1
708 801 1
752 802 1
807 803 1
708 803 2
761 804 2
1 804 1
775 806 1
698 807 1
807 808 1
22 808 1
708 808 2
22 809 1
807 809 1
708 809 2
708 810 1
807 810 1
807 811 1
708 811 2
708 812 2
811 812 2
807 813 1
708 813 1
807 814 1
708 814 1
708 815 1
807 815 1
807 816 1
708 816 2
688 817 2
816 817 2
691 818 3
816 818 2
687 819 2
816 819 2
816 820 2
691 820 2
816 821 2
698 821 2
816 822 2
687 822 2
698 823 2
816 823 2
768 825 2
19 825 1
18 826 1
744 826 2
