479 4 2
6 5 3
8 7 1
6 8 5
17 9 1
7 9 1
8 9 2
7 10 1
17 10 1
8 10 2
7 11 1
8 11 2
17 11 1
17 13 1
20 13 1
475 13 3
491 14 1
8 15 4
473 16 1
8 17 1
8 18 1
17 18 1
8 19 1
17 19 1
5 20 1
473 21 1
475 473 8
474 473 3
485 475 1
12 475 1
491 475 1
486 475 1
8 475 1
473 475 2
5 475 1
475 476 2
488 476 1
16 477 1
475 477 8
14 477 1
21 477 1
476 477 2
20 477 1
484 477 1
490 478 2
479 478 10
477 478 8
475 479 11
473 479 9
486 479 1
479 480 14
478 480 10
4 480 2
489 480 4
479 481 8
477 481 8
473 482 9
477 482 8
479 483 11
13 483 3
482 483 9
485 484 1
493 485 3
487 486 3
486 488 1
4 489 1
479 489 4
488 489 1
475 490 2
14 490 1
492 491 3
