3729 3728 1
3738 3729 6
3728 3730 1
3729 3730 2
3732 3731 4
3730 3731 2
3996 3731 1
3963 3731 1
3734 3732 3
3729 3732 8
3734 3733 3
3820 3733 2
3794 3734 4
3876 3734 3
3795 3734 1
3919 3734 2
3880 3734 2
3821 3734 2
3790 3734 4
3897 3734 2
3850 3734 2
3733 3735 3
3736 3735 4
3773 3736 4
3741 3736 20
3734 3736 19
3757 3737 23
3738 3737 25
3735 3737 4
3773 3738 1
3734 3738 3
3736 3738 30
3910 3738 1
3902 3738 4
3741 3738 32
3757 3739 23
3738 3739 26
3886 3739 4
3735 3739 4
3767 3740 20
3735 3740 4
3741 3740 22
3775 3740 16
3738 3741 32
3761 3741 14
3902 3741 3
3736 3741 26
3910 3741 1
3743 3742 4
3745 3742 4
3744 3743 5
3744 3745 5
3747 3746 5
3850 3747 1
3791 3747 8
3734 3747 1
3744 3748 3
3808 3749 1
3791 3749 2
3846 3749 1
3734 3749 1
3738 3751 17
3775 3751 16
3767 3752 20
3751 3752 17
4008 3752 1
3738 3752 32
3783 3752 10
3757 3752 23
3754 3753 18
3779 3753 17
3751 3753 17
3881 3753 3
3741 3754 11
3738 3754 20
3865 3754 1
3734 3754 3
3751 3755 17
3995 3755 1
3756 3755 18
3738 3756 17
3902 3756 1
3995 3757 1
3738 3757 23
3881 3757 3
3751 3757 17
3901 3757 3
3980 3757 1
3789 3758 1
3914 3758 1
3767 3758 20
3757 3758 23
3741 3758 29
3985 3758 1
3901 3758 3
3980 3758 1
3741 3759 24
3757 3759 23
3934 3760 2
3841 3760 2
3767 3760 20
3967 3760 1
4004 3760 1
3761 3760 31
3759 3760 24
3741 3761 26
3842 3761 2
3821 3761 2
3773 3761 2
3734 3761 9
3856 3761 2
3738 3761 20
3738 3762 32
3767 3762 20
3757 3762 23
3783 3762 10
3779 3762 17
4008 3762 1
3783 3763 10
3757 3763 23
3738 3763 29
3757 3764 23
3738 3764 29
3783 3764 10
3738 3765 25
3977 3765 2
3757 3765 23
3848 3766 2
3738 3766 25
3757 3766 23
3738 3767 20
3779 3767 17
3770 3767 20
3751 3767 17
3767 3768 20
3761 3768 22
3789 3768 1
3985 3768 1
3754 3769 29
3784 3769 11
3767 3769 20
3741 3770 20
3767 3770 20
3775 3770 16
3770 3771 20
3775 3771 16
3736 3771 20
3773 3772 1
3772 3774 1
3825 3774 6
3975 3774 1
3967 3774 1
4008 3774 1
3736 3774 11
3878 3775 1
3772 3775 1
3881 3775 3
4008 3775 1
3736 3775 16
3774 3775 11
3775 3776 16
3854 3776 5
3823 3776 8
3777 3776 20
3881 3776 3
3736 3777 24
3824 3777 8
3734 3777 3
3853 3777 1
3821 3777 2
3775 3778 16
3783 3778 10
3777 3778 24
3820 3778 2
3881 3778 3
3738 3779 17
3775 3779 16
3881 3780 3
3779 3780 17
3781 3780 17
3738 3781 17
3734 3781 3
4004 3782 1
3761 3782 4
3772 3782 1
3820 3782 2
3908 3783 6
3736 3783 10
3772 3783 1
3967 3783 1
3934 3783 2
3783 3784 10
3741 3784 11
3786 3785 10
3783 3785 10
3736 3786 10
3788 3787 1
3772 3787 1
3786 3788 4
3773 3788 1
3741 3789 1
3790 3791 4
3876 3791 3
3794 3791 4
3793 3791 1
3920 3792 1
3746 3792 1
3790 3792 3
3791 3792 1
3734 3792 1
3790 3793 3
3794 3795 3
3797 3796 1
3954 3798 1
3799 3798 7
3989 3798 1
3796 3798 1
3991 3798 1
3986 3798 1
3911 3798 1
3838 3798 1
3837 3799 6
3839 3799 1
3953 3799 1
3797 3799 4
3868 3799 1
3838 3800 1
3991 3800 1
3799 3800 13
3796 3800 1
3911 3800 1
3954 3800 1
3869 3800 6
3989 3800 1
3986 3800 1
3796 3801 1
3802 3801 2
3797 3802 4
3837 3802 6
3869 3803 6
3807 3803 11
3801 3803 2
3986 3803 1
3911 3803 1
3896 3803 2
3989 3803 1
3804 3803 14
3897 3804 2
3868 3804 5
3836 3804 1
3802 3804 12
3837 3804 6
3797 3804 3
3911 3805 1
3804 3805 12
3869 3805 6
3807 3805 11
3801 3805 2
3796 3806 1
3802 3806 1
3911 3807 1
3802 3807 11
3989 3807 1
3796 3807 1
3869 3807 6
3986 3807 1
3809 3808 3
3976 3810 1
3812 3810 1
3999 3810 1
3936 3810 1
3811 3810 6
3889 3811 1
3749 3811 8
3808 3811 1
3734 3811 5
3891 3811 1
3749 3812 1
3811 3813 4
3812 3813 1
3999 3813 1
3812 3814 1
3951 3814 1
3749 3814 4
3811 3815 5
3814 3815 4
3815 3816 5
3811 3816 5
3814 3817 4
3844 3817 4
3811 3817 8
3738 3818 6
3793 3819 1
3819 3820 1
3821 3820 2
3793 3821 1
3956 3821 1
3955 3822 1
3821 3822 3
3820 3822 2
3979 3823 1
3824 3823 8
3820 3823 2
3878 3823 1
3881 3823 3
3840 3824 1
3734 3824 4
3821 3824 2
3820 3825 2
3877 3825 3
3734 3825 6
3761 3826 7
3825 3826 6
4004 3826 1
4004 3827 1
3825 3827 6
3761 3827 7
3819 3828 1
3877 3828 3
3791 3828 5
3944 3829 1
3849 3829 1
3828 3829 5
3747 3829 8
3968 3829 1
3742 3830 2
3831 3830 2
3830 3831 2
3742 3831 2
3831 3832 2
4002 3832 1
3742 3832 3
3834 3833 1
3809 3834 3
3833 3835 1
3834 3835 1
3837 3836 5
3868 3837 5
3756 3837 6
3839 3838 1
3866 3839 5
3824 3840 1
3984 3841 1
3842 3841 2
3786 3842 4
3773 3842 1
3734 3842 2
3795 3842 1
3808 3843 1
3843 3844 1
3978 3844 1
3936 3844 1
3749 3844 4
3846 3845 1
3933 3846 3
3749 3847 1
3845 3847 1
3976 3848 1
3736 3848 2
3850 3849 1
3933 3850 3
3849 3851 1
3734 3851 1
3853 3852 1
3852 3854 1
3881 3854 3
3777 3854 5
3948 3855 1
3856 3855 2
3959 3856 3
3922 3856 3
3855 3857 2
3858 3857 2
3856 3858 2
3874 3858 2
3761 3859 2
3855 3859 2
3761 3860 2
3855 3860 2
3858 3861 4
3855 3861 2
3873 3861 1
3997 3861 1
3858 3862 2
3855 3862 2
3856 3863 3
3921 3863 1
3855 3863 2
3855 3864 2
3858 3864 2
3756 3866 6
3868 3867 1
3837 3869 6
3916 3869 1
3990 3869 1
3918 3869 1
3867 3869 1
3974 3869 1
3802 3870 6
3869 3870 6
3943 3871 1
3869 3871 6
3804 3871 7
3804 3872 5
3916 3872 1
3990 3872 1
3974 3872 1
3918 3872 1
3867 3872 1
3874 3873 1
3876 3875 3
3962 3875 1
3997 3875 1
3873 3875 1
3746 3876 1
3874 3876 2
3997 3877 1
3876 3877 3
3873 3877 1
3934 3878 2
3965 3878 1
3734 3878 4
3984 3878 1
4004 3879 1
3880 3879 2
3734 3880 1
3734 3881 3
3879 3881 2
3732 3882 3
3881 3882 3
3976 3883 1
3881 3883 3
3999 3883 1
3811 3883 7
3810 3884 1
3811 3884 10
3883 3884 7
3813 3884 1
3884 3885 10
3811 3885 10
3736 3886 4
3881 3886 3
3744 3887 3
3889 3888 1
3891 3890 1
3888 3890 1
3889 3891 1
3888 3892 1
3811 3892 2
3811 3893 3
3892 3893 2
3895 3894 1
3933 3895 3
3894 3896 1
3897 3896 2
3895 3897 1
3896 3898 2
3899 3898 5
3952 3898 1
4006 3898 1
3907 3899 8
3953 3899 2
3897 3899 2
3898 3900 5
3927 3900 1
3899 3900 6
3896 3901 2
3902 3901 3
3897 3902 2
3741 3902 5
3906 3903 7
3899 3903 7
3896 3903 2
3899 3904 7
3896 3904 2
3906 3904 7
3899 3905 8
3925 3905 5
3896 3905 2
3906 3905 7
3907 3906 7
3923 3906 1
3992 3906 1
3896 3906 2
3964 3906 1
3960 3906 1
3897 3907 2
3924 3907 4
3926 3907 3
3984 3908 1
3965 3908 1
3734 3908 6
3896 3908 2
3902 3909 2
3896 3909 2
3741 3910 5
3797 3911 1
3744 3913 3
3741 3914 1
3914 3915 1
3741 3915 1
3868 3916 1
3868 3918 1
3922 3921 2
3924 3923 1
3960 3925 1
3907 3925 5
3964 3925 1
3992 3925 1
3923 3925 1
3899 3927 1
3941 3929 2
3818 3930 1
3818 3931 1
3930 3931 1
3818 3932 2
3930 3932 1
4000 3932 1
3965 3934 1
3734 3934 2
3842 3935 3
3967 3935 1
3934 3935 2
3734 3936 1
3936 3937 1
4009 3937 1
3747 3937 2
3811 3938 1
3936 3938 1
3811 3939 1
3936 3939 1
3941 3940 1
3993 3942 1
3940 3942 1
3929 3942 2
3836 3943 1
3791 3944 1
3945 3946 3
3744 3947 3
3922 3948 1
3976 3949 1
3734 3949 2
3984 3950 1
3734 3950 4
3949 3950 2
3965 3950 1
3749 3951 1
3953 3952 1
3868 3954 1
3956 3955 1
3773 3957 1
3957 3958 1
3773 3958 1
3924 3960 1
3811 3961 1
3814 3961 1
3746 3962 1
3729 3963 1
3924 3964 1
3850 3965 1
3773 3967 1
3791 3968 1
3749 3969 1
3968 3969 1
3729 3970 2
3973 3970 1
3970 3971 2
4007 3971 1
3972 3971 1
3732 3971 5
3996 3971 1
3729 3972 1
3729 3973 1
3868 3974 1
3773 3975 1
3734 3976 1
3976 3977 1
3736 3977 2
3791 3978 1
3840 3979 1
3910 3980 1
3856 3981 1
3921 3981 1
3856 3982 1
3921 3982 1
3921 3983 1
3856 3983 1
3795 3984 1
3741 3985 1
3797 3986 1
3797 3989 1
3868 3990 1
3953 3991 1
3924 3992 1
3941 3993 1
3902 3995 1
3729 3996 1
3874 3997 1
3997 3998 1
3876 3998 1
3808 3999 1
3818 4000 1
3893 4001 1
3811 4001 1
3742 4002 1
3734 4004 1
4004 4005 1
3761 4005 1
3953 4006 1
3729 4007 1
3773 4008 1
3791 4009 1
