87 0 1
951 0 4
875 1 3
87 1 1
951 1 4
951 2 4
875 2 3
87 2 1
951 3 4
951 4 4
6 5 3
134 7 2
8 7 4
9 8 23
114 8 11
11 10 1
765 11 3
630 12 1
528 12 1
239 12 5
1130 12 1
644 12 2
605 12 1
142 12 3
637 12 1
1250 12 1
787 12 4
1101 12 1
10 12 1
314 12 1
1129 12 1
1400 12 1
1455 12 1
801 12 1
13 12 42
962 12 1
108 12 1
99 12 13
310 13 4
494 13 1
11 13 1
17 13 3
529 13 2
715 13 1
167 13 1
676 13 4
606 13 1
341 13 4
240 13 10
27 13 1
109 13 4
100 13 13
675 13 4
12 14 42
13 14 42
10 15 1
13 15 1
10 16 1
1122 16 1
17 16 3
582 17 1
1 17 1
11 17 1
1077 18 1
1537 18 1
1060 18 1
1122 18 1
1101 18 1
1401 18 1
389 18 3
19 18 32
842 18 1
825 18 2
976 18 3
861 18 1
246 18 2
10 18 1
931 18 1
1510 18 1
1088 18 1
1120 18 1
532 18 1
16 18 3
644 18 2
1526 18 1
142 18 3
578 18 1
1167 18 1
129 19 1
128 19 1
168 19 1
132 19 1
109 19 2
1 19 4
955 19 2
78 19 1
17 19 6
2 19 1
379 19 1
582 19 1
954 19 4
580 19 1
715 19 1
134 19 2
11 19 1
1397 19 1
959 19 1
245 19 2
16 20 3
1088 20 1
142 20 3
1122 20 1
1101 20 1
21 20 9
379 21 1
17 21 6
715 21 1
78 21 1
35 22 2
23 22 12
1495 22 1
20 22 9
21 23 10
36 23 2
25 24 12
22 24 12
23 25 12
10 26 1
644 26 2
1088 26 1
16 26 3
1401 26 1
532 26 1
825 26 2
142 26 3
1122 26 1
1060 26 1
931 26 1
27 26 25
389 26 3
976 26 3
1526 26 1
1537 26 1
1101 26 1
861 26 1
1510 26 1
134 27 2
109 27 2
580 27 1
302 27 2
552 27 4
955 27 2
954 27 3
11 27 1
959 27 1
1 27 3
129 27 1
289 27 5
78 27 1
715 27 1
379 27 1
2 27 1
582 27 1
17 27 6
10 28 1
29 28 4
142 28 3
17 29 3
715 29 1
11 29 1
13 30 1
10 30 1
32 31 1
10 31 1
711 32 1
2 32 1
478 32 7
5 32 1
959 32 2
815 32 1
505 32 1
1151 32 1
11 32 3
34 33 1
10 33 1
79 34 3
11 34 2
146 34 1
36 35 2
10 35 1
132 36 1
582 36 1
580 36 1
11 36 1
134 36 2
1355 37 1
1477 37 1
1121 37 3
826 37 5
523 37 1
816 37 1
35 37 2
38 37 15
1124 37 1
245 38 2
960 38 1
36 38 9
772 38 3
1079 38 1
1051 38 1
1407 39 1
1350 39 1
477 39 2
721 39 4
10 39 1
1248 39 1
1377 39 2
911 39 1
32 39 18
776 39 1
1150 39 1
1062 39 1
1261 39 1
1038 39 1
1431 39 1
504 39 1
1071 39 1
720 39 2
1537 39 1
10 40 1
19 40 1
1095 41 1
34 41 2
10 41 1
1095 42 1
34 42 2
10 42 1
10 43 1
44 43 2
60 44 3
94 44 7
11 44 2
3 44 1
773 44 1
1225 45 1
498 45 7
43 45 2
44 45 10
47 46 1
10 46 1
94 47 7
11 47 2
60 47 3
10 48 1
49 48 3
1547 48 1
1248 48 1
959 49 1
815 49 1
11 49 1
954 49 1
0 49 1
1 49 1
243 49 1
2 49 1
10 50 1
1377 50 2
51 50 4
1086 50 1
590 51 1
956 51 1
679 51 2
258 51 1
678 51 1
959 51 1
478 51 2
243 51 1
773 51 1
2 51 1
215 51 1
355 51 1
3 51 1
0 51 1
955 51 1
954 51 1
1 51 1
11 51 3
260 51 1
606 51 1
53 52 1
10 52 1
658 53 2
606 53 1
60 53 3
11 53 2
10 54 1
51 54 2
1261 54 1
56 55 2
1261 55 1
10 55 1
11 56 2
27 56 1
1253 57 1
1095 57 1
1089 57 1
1205 57 1
53 57 9
605 57 1
1367 57 1
169 57 1
10 57 1
53 58 10
57 58 9
58 59 10
96 59 13
173 59 14
185 59 38
195 59 11
60 59 84
180 59 13
190 59 31
184 60 38
194 60 11
179 60 13
44 60 14
47 60 13
53 60 10
189 60 31
301 60 3
59 61 84
60 61 84
605 62 1
53 62 3
10 62 1
1089 62 1
10 63 1
53 63 1
10 64 1
53 64 1
66 65 4
68 67 4
325 67 6
152 67 6
69 68 8
150 68 17
947 68 8
67 68 17
234 68 15
293 68 5
424 68 17
123 68 59
71 70 3
410 70 1
1329 70 1
111 71 2
89 71 4
874 71 3
1333 72 1
76 72 7
73 72 7
70 72 3
68 73 4
71 73 4
450 74 15
72 74 7
75 74 22
111 75 2
260 75 1
289 75 1
956 75 1
135 75 1
27 75 1
325 75 1
424 75 1
679 75 2
73 75 7
134 75 2
123 75 44
681 75 1
152 75 1
269 75 1
957 75 1
73 76 7
72 76 7
1331 76 1
72 77 7
947 77 7
79 78 3
80 78 1
69 82 4
84 82 2
83 82 5
958 82 4
90 88 4
89 88 4
69 88 3
92 91 3
958 91 1
94 93 7
497 93 6
3 94 1
773 94 1
610 94 1
100 94 4
679 94 1
93 95 7
47 95 12
497 95 6
1095 95 1
169 95 1
1367 95 1
1253 95 1
47 96 13
95 96 12
93 97 7
47 97 7
498 98 7
93 98 7
94 98 9
100 99 13
98 99 9
1449 99 1
1345 99 1
1498 99 1
773 100 1
94 100 9
3 100 1
314 101 1
13 101 17
1208 101 2
1383 101 1
99 101 13
103 102 8
93 102 7
498 102 7
94 103 8
793 103 3
87 104 1
105 104 3
106 104 1
107 106 20
572 106 1
89 106 20
90 106 20
111 106 3
85 106 19
224 106 1
109 108 1
8 109 5
69 109 2
1126 109 2
1031 109 2
135 109 1
1203 109 2
1130 110 1
13 110 4
644 110 2
108 110 1
112 111 5
85 111 1
951 111 2
114 112 12
9 112 25
113 112 26
958 115 1
117 116 2
115 116 1
1407 116 1
895 117 1
677 117 3
431 117 1
891 117 1
540 117 1
560 117 1
959 117 1
696 117 1
890 117 1
892 117 1
658 117 2
678 117 2
887 117 1
957 117 1
157 117 1
515 117 3
958 117 9
636 117 1
659 117 1
595 117 5
894 117 1
258 117 2
815 117 1
643 117 1
836 117 1
327 117 1
951 117 5
5 117 1
798 117 3
850 117 3
592 117 1
443 117 1
589 117 1
858 117 1
521 117 1
1 117 1
428 117 1
224 117 1
590 117 2
486 117 1
634 117 1
2 117 1
888 117 1
582 117 1
1046 117 1
489 117 1
580 117 1
867 117 1
700 117 3
1151 117 1
254 117 1
711 117 1
764 117 1
693 117 1
372 117 1
111 117 5
448 117 1
954 117 1
1546 117 1
958 118 1
115 118 1
117 119 1
115 119 1
121 120 2
89 121 4
90 121 4
1324 121 3
123 122 29
939 122 2
1210 122 2
633 122 2
943 122 2
120 122 2
839 122 2
1325 122 2
1075 122 2
271 122 2
284 122 2
613 122 2
1215 122 2
136 122 2
1507 122 2
121 123 6
347 123 6
285 123 6
68 123 4
305 123 6
345 123 6
346 123 6
325 123 6
106 123 6
152 123 6
148 123 6
88 123 6
945 123 6
162 123 6
272 123 6
409 124 3
393 124 17
648 124 5
235 124 15
122 124 29
493 124 16
450 124 15
163 124 15
734 124 1
928 124 2
426 124 17
488 124 4
233 124 8
68 124 130
979 124 5
1444 125 2
488 125 4
409 125 3
947 125 64
233 125 8
464 125 10
122 125 29
387 125 1
626 125 2
648 125 5
75 126 30
122 126 29
674 127 1
75 127 32
126 127 30
1394 127 1
294 128 1
1240 128 1
69 128 1
8 128 4
955 129 1
8 129 4
87 129 1
294 129 1
295 129 1
1030 130 1
1031 130 1
69 130 1
8 130 4
294 130 1
1028 130 1
1027 130 1
8 131 4
134 131 2
255 132 3
214 132 4
8 132 4
1061 132 1
69 132 1
294 132 1
134 133 2
8 133 4
807 134 1
805 134 1
8 134 4
294 134 1
215 134 1
69 134 1
806 134 1
8 135 4
109 135 1
646 135 4
945 136 2
1 137 1
442 138 1
1354 138 1
1316 138 1
1287 138 1
1329 138 1
1510 138 1
752 138 1
861 138 1
866 138 2
1106 138 1
1169 138 2
1505 138 1
1382 138 1
1395 138 1
672 138 2
1357 138 1
1473 138 1
371 138 1
1280 138 1
1414 138 1
1366 138 1
137 138 1
1295 138 3
1205 138 1
532 138 1
931 138 1
1187 138 1
139 138 33
490 138 1
678 139 2
891 139 1
955 139 1
954 139 1
258 139 2
1552 139 1
589 139 1
658 139 1
111 139 1
580 139 1
715 139 1
592 139 1
1 139 1
892 139 1
677 139 3
2 139 1
443 139 1
582 139 1
659 139 1
959 139 1
1087 139 3
372 139 1
957 139 1
129 139 1
590 139 2
895 139 1
254 139 1
958 139 1
431 139 1
595 139 1
1287 140 1
51 140 5
532 140 1
1357 140 1
137 140 1
490 140 1
671 141 1
137 141 1
903 141 1
1287 141 1
1213 141 1
1476 141 1
1284 141 1
593 141 1
490 141 1
532 141 1
476 141 1
1226 141 1
1357 141 1
1116 141 1
781 141 1
1052 141 1
51 141 16
137 142 1
17 142 3
1510 142 1
1101 143 1
13 143 6
801 143 1
1400 143 1
142 143 3
144 145 3
298 146 2
302 146 2
299 146 2
303 146 2
300 146 2
6 146 4
148 147 2
288 148 4
87 148 3
90 148 4
89 148 4
698 148 4
150 149 10
527 149 2
147 149 2
452 149 2
151 149 2
1264 149 1
305 150 6
148 150 6
152 150 6
325 150 6
68 150 4
152 151 2
89 152 4
90 152 4
286 152 3
288 152 4
287 152 4
154 153 3
155 153 2
1139 153 1
157 156 1
6 157 3
769 158 1
156 158 1
594 158 1
117 158 3
117 159 13
1329 159 1
594 159 1
701 159 3
1187 159 1
156 159 1
931 159 1
849 159 3
752 159 1
1181 159 1
156 160 1
1181 160 1
117 160 3
1187 160 1
162 161 1
90 162 4
837 162 3
89 162 4
1183 163 1
161 163 1
1497 163 1
1094 163 1
1098 163 1
1145 163 1
324 163 1
1481 163 1
1549 163 1
1185 163 1
123 163 15
917 163 1
1204 163 1
1228 163 1
1450 163 1
426 164 17
928 164 2
235 164 15
393 164 17
163 164 15
493 164 16
68 164 84
734 164 1
164 165 84
68 165 84
292 167 2
1451 167 1
166 167 1
392 168 2
166 168 1
60 169 1
53 170 2
169 170 1
1254 171 2
1367 171 1
170 171 2
53 171 5
903 172 1
1253 172 1
1171 172 1
169 172 1
1367 172 1
498 172 7
44 172 13
497 172 6
1095 172 1
172 173 13
44 173 14
169 174 1
44 174 2
1367 175 1
44 175 3
174 175 2
47 176 2
169 176 1
176 177 2
47 177 3
1367 177 1
1066 178 1
666 178 3
1253 178 1
179 178 12
1367 178 1
169 178 1
809 178 1
461 178 3
215 179 3
60 179 3
810 179 2
355 179 3
178 180 12
179 180 13
179 181 2
169 181 1
181 182 2
179 182 3
1367 182 1
261 183 1
709 183 9
1040 183 1
637 183 1
1253 183 1
669 183 1
573 183 4
924 183 4
184 183 37
972 183 3
265 183 4
598 183 4
1275 183 1
1367 183 1
1537 183 1
971 183 1
490 183 1
169 183 1
591 183 4
27 184 1
60 184 3
572 184 4
679 184 1
262 184 1
457 184 4
657 184 1
959 184 2
189 184 23
183 185 37
184 185 38
184 186 2
169 186 1
186 187 2
1367 187 1
184 187 3
752 188 1
1367 188 1
189 188 30
931 188 1
169 188 1
573 188 4
1486 188 1
490 188 1
548 188 3
1440 188 1
972 188 3
1365 188 1
849 188 3
1187 188 1
261 188 1
1040 188 1
1253 188 1
701 188 3
1106 188 1
476 188 1
580 189 1
657 189 2
850 189 4
659 189 1
457 189 3
959 189 4
0 189 3
595 189 4
243 189 4
572 189 4
262 189 2
700 189 3
1046 189 1
60 189 3
958 189 2
188 190 30
189 190 31
169 191 1
189 191 2
191 192 2
476 192 1
1367 192 1
189 192 4
1550 193 1
1062 193 1
1367 193 1
999 193 3
194 193 10
169 193 1
1253 193 1
504 193 1
679 194 1
478 194 6
505 194 1
364 194 4
60 194 3
194 195 11
193 195 10
169 196 1
194 196 2
194 197 3
1367 197 1
196 197 2
75 198 1
387 199 1
198 199 1
75 199 6
1072 199 1
938 199 2
1458 200 1
949 200 2
949 201 3
200 201 2
349 202 1
949 202 4
201 202 3
349 203 1
348 203 1
763 203 1
1019 203 1
1398 203 1
204 203 11
1141 203 2
201 203 3
1048 203 1
949 204 15
56 205 1
205 206 1
56 206 1
208 207 1
205 207 1
56 208 2
583 209 1
205 209 1
210 209 2
56 210 2
205 211 1
210 211 1
205 212 1
56 212 3
1371 212 1
1371 213 1
212 213 3
56 213 3
214 215 4
719 215 1
718 215 1
952 215 3
628 215 2
629 215 2
217 216 1
1241 217 1
114 217 3
219 218 2
216 218 1
217 219 3
219 220 4
620 220 1
218 220 2
759 221 2
222 221 6
218 221 2
220 221 4
219 222 6
620 223 1
218 223 2
219 223 5
759 223 2
884 224 1
225 224 2
310 224 3
153 226 3
896 227 1
580 227 1
418 227 1
582 227 1
228 227 3
1143 229 1
75 229 8
1142 229 1
231 230 1
1438 232 1
1482 232 1
1329 232 1
106 232 7
1009 232 2
234 233 8
232 233 7
68 234 4
106 234 10
388 235 7
1358 235 1
234 235 15
1219 235 1
233 235 8
1429 235 2
238 237 3
1550 239 1
982 239 3
240 239 5
280 240 1
677 240 3
890 240 1
81 240 4
850 240 3
262 240 1
679 240 1
678 240 2
486 240 1
310 240 3
0 240 3
372 240 1
341 240 2
592 240 1
443 240 1
676 240 3
189 240 8
675 240 3
258 240 2
892 240 1
254 240 1
891 240 1
590 240 2
659 240 1
657 240 1
580 240 1
700 240 3
958 240 3
243 240 3
240 241 5
239 241 5
239 242 5
13 242 5
1093 242 1
982 242 3
87 243 1
9 243 3
245 244 1
109 245 1
294 245 3
245 246 2
244 246 1
389 247 3
248 247 18
548 247 3
876 247 3
644 247 2
842 247 1
246 247 2
532 247 1
976 247 3
959 248 3
954 248 3
245 248 2
955 248 1
2 248 3
1 248 3
109 248 2
132 248 1
246 249 2
38 249 2
246 250 2
251 250 2
245 251 2
949 252 1
252 253 1
204 253 1
105 254 3
255 254 3
87 254 1
85 254 1
4 256 1
256 257 1
258 257 2
1195 257 1
112 258 5
893 258 1
4 258 1
256 259 1
260 259 1
281 260 4
4 260 1
262 261 1
580 262 1
658 262 1
281 262 4
659 262 1
582 262 1
265 263 4
261 263 1
240 263 9
598 263 4
1040 263 1
1040 264 1
490 264 1
637 264 1
184 264 5
1386 264 1
261 264 1
490 265 1
1446 265 1
189 265 4
261 265 1
598 266 4
189 266 19
265 266 4
1039 266 1
781 266 1
591 266 4
273 266 2
1288 266 2
924 266 4
476 266 1
184 267 14
598 267 4
265 267 4
924 267 4
591 267 4
1100 267 1
1040 268 1
1100 268 1
184 268 4
261 268 1
1386 268 1
270 269 4
293 270 1
123 270 1
234 270 1
913 270 1
67 270 1
424 270 1
272 271 2
838 272 3
89 272 4
90 272 4
698 272 4
1381 273 1
243 273 2
1288 274 2
781 274 1
476 274 1
240 274 7
273 274 2
485 275 1
849 275 3
701 275 3
442 275 1
1280 275 1
240 275 41
1169 275 2
866 275 2
1354 275 1
1414 275 1
1295 275 3
385 275 5
274 275 7
788 275 5
1037 275 1
1505 275 1
371 275 1
1211 275 1
672 275 2
830 275 2
277 276 4
1288 276 2
273 276 2
243 277 2
279 277 2
0 277 2
884 277 1
884 278 1
279 278 3
457 278 4
458 278 2
281 280 4
580 280 1
659 280 1
87 280 1
582 280 1
282 281 21
114 281 10
228 283 3
285 284 2
89 285 4
1201 285 3
698 285 4
90 285 4
75 289 2
468 290 1
56 290 2
1371 291 1
468 291 1
290 291 2
56 291 3
345 293 5
68 293 4
129 295 1
955 295 1
297 296 2
1268 296 1
395 299 2
146 299 1
301 300 6
299 300 2
395 300 1
146 300 2
305 304 1
288 305 4
89 305 4
90 305 4
384 305 3
304 306 1
1252 306 1
440 306 1
648 306 5
150 306 9
687 306 1
304 307 1
1273 307 1
123 307 15
1359 307 1
1157 307 1
1186 307 1
687 307 1
901 307 1
1392 307 1
803 307 1
1484 307 1
440 307 1
1252 307 1
1104 307 1
1330 307 1
307 308 15
488 308 4
902 308 2
907 308 2
1429 308 2
1358 308 1
463 308 1
688 308 3
388 308 7
1074 308 1
393 308 1
363 308 15
1544 308 1
947 308 51
310 309 3
967 309 1
1158 309 1
112 310 5
13 311 3
309 311 3
967 311 1
309 312 3
240 312 4
312 313 4
240 313 4
1169 314 2
1208 314 2
309 314 3
866 314 2
1550 314 1
240 314 17
931 314 1
1295 314 3
1297 314 1
672 314 2
224 315 3
309 315 3
121 316 1
318 317 4
320 319 2
439 319 1
322 320 1
1214 320 1
998 320 3
322 321 2
319 321 2
320 322 2
325 324 1
1149 325 3
287 325 4
89 325 4
90 325 4
288 325 4
327 326 1
676 327 3
279 327 2
884 327 1
117 328 1
326 328 1
330 329 2
326 329 1
327 330 1
329 331 2
332 331 2
330 332 2
326 333 1
330 333 2
333 334 2
335 334 2
330 335 3
333 336 2
337 336 2
330 337 2
958 338 2
1034 338 1
338 339 2
82 339 3
338 340 2
339 340 3
82 340 3
112 341 5
343 342 3
89 344 4
1136 344 3
1278 345 4
90 345 4
89 345 4
294 345 3
90 346 4
859 346 3
89 346 4
89 347 4
90 347 4
833 347 3
949 348 1
949 349 3
1335 349 1
349 350 1
949 350 1
75 351 2
637 351 1
351 352 2
289 352 2
351 353 2
289 353 2
355 354 2
1251 354 1
952 355 3
719 355 3
718 355 3
354 356 2
357 356 3
355 357 2
357 358 3
356 358 3
356 359 3
357 359 3
361 360 2
354 360 2
355 361 2
713 361 2
884 361 1
305 362 1
123 363 15
1041 363 1
1073 363 1
750 363 1
1573 363 1
1055 363 1
362 363 1
1110 363 1
1202 363 1
1032 363 1
366 363 1
1272 363 1
1281 363 1
1418 363 1
1380 363 1
478 364 6
482 364 1
79 364 3
957 365 2
121 366 1
56 367 1
369 368 3
372 371 1
105 372 3
85 372 1
106 372 1
87 372 1
255 372 3
835 373 1
1354 373 1
1038 373 1
485 373 1
1368 373 1
1223 373 1
1366 373 1
1480 373 1
931 373 1
371 373 1
1382 373 1
1211 373 1
1295 373 3
1280 373 1
1169 373 2
866 373 2
1150 373 1
1350 373 1
447 373 1
1105 373 1
442 373 1
1475 373 1
908 373 1
117 373 36
635 373 1
672 373 2
559 373 1
1505 373 1
1206 373 1
1414 373 1
427 373 1
117 374 38
373 374 36
1554 374 1
1340 374 1
1420 375 1
1292 375 1
117 375 40
1187 375 1
373 375 36
1015 375 1
940 376 2
1187 376 1
1407 376 1
117 376 43
800 376 3
373 376 36
1181 376 1
931 377 1
262 377 5
752 377 1
1510 377 1
1089 377 1
204 378 4
1451 379 1
79 379 3
854 380 1
381 380 2
383 381 1
957 381 1
27 381 2
381 382 7
555 382 6
380 382 2
957 383 1
282 383 3
85 383 1
384 383 1
255 383 3
1505 385 1
240 385 5
752 385 1
1280 385 1
524 385 1
109 386 1
75 387 1
617 388 6
234 388 7
1299 389 2
1 389 3
389 390 3
391 390 3
1 391 3
1156 393 2
67 393 17
979 393 5
961 393 2
688 393 3
465 393 11
463 393 1
395 394 1
300 395 1
717 395 1
6 395 3
299 395 1
716 395 1
1199 396 1
522 396 3
394 396 1
299 396 4
1344 397 1
1352 397 1
300 397 6
403 397 3
394 397 1
1199 397 1
397 398 6
300 398 6
300 399 6
397 399 6
394 400 1
299 400 4
1199 400 1
561 400 3
1199 401 1
402 401 2
394 401 1
395 402 1
146 402 1
1199 403 1
394 403 1
300 403 3
300 404 5
403 404 3
748 404 2
394 405 1
1199 405 1
299 405 2
394 406 1
561 406 3
299 406 5
299 407 5
561 407 3
406 407 5
345 408 2
293 409 3
408 409 2
111 410 1
1052 411 1
75 411 8
410 411 1
593 411 1
767 411 1
825 411 2
1329 411 1
229 412 8
411 412 8
75 413 9
411 413 8
413 414 9
75 414 9
75 415 12
413 415 9
854 415 1
819 415 1
415 416 12
75 416 12
75 417 13
423 417 1
415 417 12
884 418 1
279 418 2
958 419 1
419 420 1
117 420 1
419 421 1
117 421 1
996 422 2
993 422 2
994 422 2
749 422 2
424 423 1
68 424 4
148 424 4
285 424 4
272 424 4
1358 425 1
270 425 7
1544 425 1
1074 425 1
463 425 1
626 425 2
423 425 1
423 426 1
441 426 4
942 426 2
784 426 2
424 426 17
802 426 2
488 426 4
428 427 1
87 428 1
85 428 1
105 428 3
859 428 1
255 428 3
228 430 1
429 430 3
85 431 1
106 431 1
105 431 3
255 431 3
87 431 1
117 432 1
117 433 1
432 433 1
435 434 1
434 436 1
435 436 1
434 437 1
438 437 1
435 438 1
320 439 1
148 440 1
440 441 1
1330 441 1
803 441 1
424 441 4
443 442 1
87 443 1
255 443 3
85 443 1
106 443 1
105 443 3
605 444 1
51 444 2
444 445 2
51 445 2
106 446 1
255 446 3
105 446 3
87 446 1
448 447 1
85 448 1
255 448 3
105 448 3
87 448 1
152 449 1
1517 450 1
1452 450 1
531 450 1
642 450 1
123 450 15
1516 450 1
1070 450 1
1541 450 1
1097 450 1
1018 450 1
1376 450 1
449 450 1
1289 450 1
930 450 1
1525 450 1
305 452 2
454 453 1
582 454 1
255 454 3
884 454 1
580 454 1
659 454 1
279 454 2
453 455 1
456 455 1
454 456 1
184 457 1
459 457 1
952 457 3
278 457 2
460 457 1
255 457 3
355 461 3
1251 461 1
550 461 1
461 462 3
666 462 3
179 462 6
67 463 1
463 464 1
688 464 3
979 464 5
67 464 10
67 465 11
464 465 10
467 466 3
56 468 1
470 469 1
105 470 3
255 470 3
87 470 1
963 470 1
85 470 1
469 471 1
1510 471 1
472 471 3
931 471 1
580 472 1
470 472 1
228 472 3
582 472 1
792 472 1
1054 473 1
931 473 1
1510 473 1
472 473 4
469 473 1
469 474 1
1510 474 1
1054 474 1
472 474 4
931 474 1
469 475 1
472 475 2
1054 475 1
0 476 1
1431 477 1
478 477 2
765 478 3
505 478 1
1377 479 2
1431 479 1
721 479 4
364 479 6
477 479 2
364 480 3
477 480 2
482 481 5
480 481 3
1163 481 3
364 482 9
364 483 5
477 483 2
721 483 4
194 484 3
1242 484 1
477 484 2
486 485 1
255 486 3
87 486 1
105 486 3
106 486 1
85 486 1
285 487 1
487 488 1
1334 488 1
1224 488 1
424 488 4
87 489 1
255 489 3
281 489 4
959 490 1
1386 491 1
490 491 1
573 491 4
184 491 9
972 491 3
148 492 2
1147 493 2
492 493 2
1264 493 1
149 493 1
150 493 16
1002 493 2
648 493 5
1447 493 2
818 494 1
460 494 1
952 494 3
885 495 1
582 495 2
454 495 1
580 495 2
659 495 2
94 496 2
1550 496 1
94 497 6
496 497 2
1284 497 1
903 497 1
94 498 7
497 498 6
497 499 6
103 499 6
497 500 6
47 500 6
44 501 6
497 501 6
735 502 1
503 502 2
505 504 1
114 505 1
1126 505 1
9 505 3
194 506 1
504 506 1
478 507 1
504 507 1
509 508 6
1515 508 1
504 508 1
813 508 2
777 508 3
478 509 4
482 509 1
194 509 4
364 509 1
505 509 1
1515 510 1
776 510 1
721 510 4
509 510 8
1242 510 1
504 510 1
777 510 3
1242 511 1
777 511 3
509 511 6
1515 511 1
504 511 1
813 511 2
777 512 3
509 512 6
1242 512 1
813 512 2
1515 512 1
504 512 1
509 513 5
504 513 1
1515 513 1
777 513 3
1285 514 1
515 514 2
952 515 5
953 515 5
514 516 2
1320 516 3
117 516 5
514 517 2
515 517 2
515 518 2
514 518 2
514 519 2
515 519 2
134 520 2
526 520 1
228 520 3
279 521 2
884 521 1
1199 522 1
299 522 3
36 523 1
958 524 1
931 525 1
1457 525 1
866 525 2
1167 525 1
1169 525 2
1510 525 1
752 525 1
1440 525 1
1295 525 3
910 525 1
117 525 35
701 525 3
1521 525 1
1187 525 1
849 525 3
578 525 1
840 525 1
704 525 10
770 525 1
914 525 2
672 525 2
594 525 1
1181 525 1
1119 525 1
524 525 1
1034 525 1
279 526 2
884 526 1
325 527 2
529 528 1
87 529 1
282 529 3
255 529 3
528 530 1
13 530 1
88 531 1
955 532 1
532 533 1
534 533 1
129 534 1
955 534 2
1401 535 1
1400 535 1
532 535 1
536 535 7
976 535 3
1537 535 1
955 536 1
167 536 3
2 536 1
954 536 3
1528 536 1
959 536 1
1537 537 1
976 537 3
538 537 5
532 537 1
959 538 1
954 538 3
955 538 1
540 539 1
532 539 1
1342 540 1
112 540 5
955 540 1
1341 540 1
1343 540 1
532 541 1
129 541 1
1212 542 1
1401 542 1
976 542 3
532 542 1
536 542 8
683 542 1
1537 542 1
69 543 3
545 544 3
959 546 1
546 547 1
959 547 2
547 548 2
959 548 3
189 549 3
548 549 3
355 550 1
87 551 3
27 553 1
553 554 1
1310 554 1
381 554 3
554 555 3
381 555 6
649 555 1
553 555 1
854 555 1
521 556 1
661 557 3
556 557 1
914 557 2
117 557 7
1034 557 1
556 558 1
117 558 1
560 559 1
85 560 1
1012 560 2
106 560 1
105 560 1
87 560 1
1013 560 2
255 560 1
299 561 3
1339 561 1
1199 561 1
561 562 3
1344 562 1
746 562 1
299 562 5
561 563 3
299 563 3
565 564 3
561 564 3
299 565 3
561 566 3
565 566 3
330 567 1
335 568 1
567 568 1
570 569 1
255 570 3
106 570 1
85 570 1
963 570 1
87 570 1
105 570 3
1438 571 1
569 571 1
572 571 3
817 572 2
459 572 1
884 572 1
679 572 4
570 572 1
571 573 3
572 573 4
573 574 4
918 574 1
972 574 3
189 574 8
1178 575 4
569 575 1
572 575 5
577 576 3
954 578 1
1457 579 1
770 579 1
578 579 1
1263 579 1
580 579 6
840 579 1
1167 579 1
959 580 1
540 580 1
954 580 1
277 580 1
1 580 1
2 580 1
281 580 4
578 581 1
582 581 4
840 581 1
1457 581 1
1167 581 1
1 582 1
959 582 1
281 582 4
2 582 1
954 582 1
56 583 1
583 584 1
56 584 1
208 585 1
583 585 1
587 586 3
285 588 1
1311 589 1
1087 589 1
279 589 2
884 589 1
341 589 2
614 590 1
112 590 5
189 591 4
594 591 1
1187 591 1
1440 591 1
255 592 3
85 592 1
105 592 3
87 592 1
260 593 1
595 594 1
255 595 3
87 595 1
85 595 1
1115 595 1
515 595 4
594 596 1
117 596 4
1187 596 1
1316 596 1
1329 596 1
1440 597 1
117 597 4
1181 597 1
1187 597 1
594 597 1
189 598 4
1440 598 1
594 598 1
1187 598 1
594 599 1
1187 599 1
600 599 2
595 600 1
1043 600 4
958 600 1
1187 601 1
600 601 3
594 601 1
603 602 4
601 602 3
860 603 2
600 603 3
1332 603 1
603 604 4
602 604 4
606 605 1
1016 606 1
27 606 1
714 606 2
605 607 1
13 607 1
51 608 1
605 608 1
605 609 1
51 609 1
75 611 1
75 612 1
611 612 1
345 613 2
963 614 1
105 614 3
87 614 1
106 614 1
255 614 3
615 616 3
1009 617 2
1438 617 1
1482 617 1
1329 617 1
106 617 6
515 618 1
117 619 2
1128 619 1
618 619 1
217 620 1
219 621 1
620 621 1
457 622 1
1031 622 1
624 622 2
1221 622 1
623 622 2
494 622 1
697 622 1
1364 622 1
768 622 1
850 622 1
1315 622 1
1006 625 1
270 626 2
1265 626 1
255 627 3
87 627 1
105 627 3
85 627 1
106 627 1
109 630 1
630 631 1
13 631 1
630 632 1
13 632 1
106 633 2
87 634 1
85 634 1
255 634 3
859 634 1
105 634 3
636 635 1
105 636 3
255 636 3
85 636 1
106 636 1
87 636 1
27 637 1
637 638 1
56 638 1
637 639 1
27 639 1
13 640 1
637 640 1
637 641 1
13 641 1
345 642 1
105 643 3
87 643 1
85 643 1
255 643 3
109 644 2
1063 644 1
644 645 2
646 645 2
109 646 2
325 647 1
1435 648 1
647 648 1
686 648 1
150 648 5
680 648 1
383 649 1
651 650 4
878 650 2
1545 650 1
236 651 3
651 652 5
650 652 4
868 652 1
868 653 1
651 653 5
650 653 4
526 654 1
825 655 2
520 655 3
654 655 1
654 656 1
520 656 1
850 657 3
281 657 4
700 657 3
87 658 1
281 658 4
361 659 1
958 659 1
281 659 4
111 660 1
1008 661 1
660 661 1
111 661 3
117 662 8
752 662 1
914 662 2
1034 662 1
661 662 3
1482 662 1
117 663 5
1184 663 2
661 663 3
954 664 3
215 665 1
215 666 3
665 666 1
824 666 1
458 667 1
884 667 1
850 667 4
279 667 2
82 668 1
189 669 1
669 670 1
184 670 10
709 670 9
590 671 1
671 672 1
590 672 2
240 673 1
671 673 1
325 674 1
112 675 5
112 676 5
956 677 1
112 677 5
112 678 5
627 678 1
112 679 5
305 680 1
69 681 3
167 683 1
735 684 1
685 684 2
152 686 1
152 687 1
1252 688 1
67 688 3
687 688 1
690 689 3
1474 691 1
692 691 2
884 693 1
279 693 2
3 694 1
696 695 1
694 695 1
279 696 2
3 696 1
884 696 1
700 699 1
1126 700 1
703 700 1
255 700 3
952 700 3
1472 701 1
700 701 3
699 701 1
703 702 3
701 702 3
884 703 1
458 703 1
700 703 3
279 703 2
931 704 1
117 704 10
1510 704 1
849 704 3
701 704 3
752 704 1
1181 705 1
117 705 13
704 705 10
800 705 3
701 706 3
657 706 6
849 706 3
1187 707 1
1420 707 1
752 707 1
1329 707 1
1015 707 1
931 707 1
849 707 3
701 707 3
117 707 12
701 708 3
931 708 1
1181 708 1
117 708 11
849 708 3
1089 708 1
1420 708 1
752 708 1
849 709 3
752 709 1
931 709 1
189 709 9
701 709 3
703 710 3
701 710 3
6 711 4
9 712 3
282 715 3
1431 720 1
478 720 2
478 721 4
720 721 2
776 721 1
1431 721 1
721 722 4
194 722 5
1242 722 1
721 723 4
364 723 5
482 724 5
723 724 5
364 725 5
1377 725 2
721 725 4
721 726 4
364 726 4
721 727 4
364 727 4
364 728 4
721 728 4
721 729 4
364 729 4
949 730 1
732 731 1
730 731 1
949 732 2
730 733 1
732 733 1
150 734 1
503 736 2
735 736 1
735 737 1
1044 737 2
735 738 1
1044 738 2
735 739 1
685 739 2
685 740 2
735 740 1
804 741 2
735 741 1
735 742 1
685 742 2
804 743 2
735 743 1
1554 744 1
1056 744 1
82 744 3
82 745 4
1456 745 1
744 745 3
299 746 1
1247 747 1
300 747 3
1344 747 1
746 747 1
300 748 2
746 748 1
995 749 3
162 750 1
228 751 3
659 752 1
752 753 1
931 753 1
1510 753 1
454 753 3
1510 754 1
931 754 1
280 754 3
752 754 1
659 755 2
752 755 1
495 756 6
1479 756 2
936 756 2
755 756 2
755 757 2
936 757 2
1479 757 2
495 757 6
217 758 1
758 759 1
219 759 2
758 760 1
217 760 1
217 761 1
758 761 1
758 762 1
217 762 1
949 763 1
87 764 1
85 764 1
105 764 3
255 764 3
658 766 1
135 767 1
622 768 1
117 769 1
540 770 1
2 772 1
168 772 1
9 773 3
622 774 1
768 775 1
774 775 1
478 776 1
1242 777 1
194 777 3
776 777 1
813 778 2
777 778 3
509 778 5
1515 778 1
813 779 2
1515 779 1
509 779 5
777 779 3
813 780 2
777 780 3
1515 780 1
509 780 5
243 781 1
361 782 1
1187 783 1
782 783 1
659 783 2
148 784 2
1548 785 1
1312 785 1
675 785 3
785 786 3
787 786 4
1548 786 1
13 786 4
785 787 3
240 787 4
787 788 4
240 788 5
954 789 1
1407 790 1
1071 790 1
991 790 1
1248 790 1
1547 790 1
1279 790 1
49 790 7
789 790 1
1108 791 1
279 792 2
884 792 1
152 794 1
796 795 2
1181 795 1
658 796 1
798 797 2
795 797 2
796 798 2
793 798 3
798 799 2
795 799 2
798 800 3
795 800 2
529 801 1
285 802 2
272 803 1
810 809 1
132 810 1
1385 810 2
884 810 1
1066 811 1
179 811 3
809 811 1
811 812 3
179 812 3
1242 813 1
194 813 2
814 815 1
1096 815 2
36 816 1
279 818 3
884 818 1
494 818 1
681 819 1
280 820 1
1034 821 1
240 821 2
820 821 1
378 822 1
1524 823 1
378 823 2
822 823 1
215 824 1
824 825 1
134 825 2
931 826 1
825 826 2
36 826 5
1510 826 1
133 827 2
825 827 2
131 828 2
825 828 2
825 829 2
7 829 2
314 830 1
240 830 2
314 831 1
13 831 1
314 832 1
13 832 1
765 834 3
836 835 1
87 836 1
859 836 1
105 836 3
255 836 3
85 836 1
346 839 2
959 840 1
132 842 1
36 843 1
842 843 1
810 844 1
842 844 1
846 845 1
842 845 1
132 846 1
846 847 1
842 847 1
667 848 1
850 849 3
848 849 1
1365 849 1
255 850 3
1126 850 1
667 850 1
952 850 3
849 851 3
667 851 3
849 852 3
667 852 3
255 853 3
87 853 1
105 853 3
85 853 1
957 854 1
854 855 1
75 855 2
1327 856 1
854 856 1
75 856 3
1519 856 1
854 857 1
951 857 1
85 858 1
87 858 1
859 858 1
105 858 3
255 858 3
129 861 1
861 862 1
534 862 2
1060 862 1
295 863 2
1060 863 1
861 863 1
295 864 1
861 864 1
295 865 1
861 865 1
678 866 2
1476 866 1
953 867 3
651 868 2
870 869 1
868 869 1
651 870 1
868 871 1
870 871 1
868 872 1
870 872 2
870 873 2
872 873 2
1180 876 2
2 876 3
87 877 1
85 877 1
105 877 3
236 878 2
1540 878 1
236 879 3
1545 879 1
878 879 2
1545 880 1
878 880 2
236 880 3
1545 881 1
236 881 3
878 881 2
282 882 3
815 883 1
9 883 3
884 885 1
279 885 2
255 885 3
580 885 1
383 886 1
255 887 3
106 887 1
105 887 3
87 887 1
85 887 1
255 888 3
87 888 1
85 888 1
106 888 1
105 888 3
255 889 3
105 889 3
87 889 1
85 889 1
85 890 1
87 890 1
105 890 3
255 890 3
85 891 1
255 891 3
105 891 3
87 891 1
106 891 1
105 892 3
106 892 1
85 892 1
87 892 1
255 892 3
106 893 1
105 893 3
963 893 1
255 893 3
87 893 1
87 894 1
105 894 3
85 894 1
255 894 3
105 895 3
87 895 1
255 895 3
859 895 1
85 895 1
255 896 3
87 896 1
963 896 1
105 896 3
85 896 1
85 897 1
87 897 1
105 897 3
105 898 3
286 898 1
87 898 1
85 898 1
963 898 1
85 899 1
105 899 3
87 899 1
286 899 1
87 900 1
286 900 1
105 900 3
345 901 1
901 902 1
293 902 2
3 903 1
1284 904 1
1498 904 1
903 904 1
100 904 4
1449 904 1
51 905 1
345 906 1
906 907 1
293 907 2
894 908 1
589 910 1
11 911 1
270 912 4
270 913 4
595 914 2
1222 914 1
914 915 2
189 915 4
1034 915 1
1440 915 1
1407 916 1
1009 916 2
1316 916 1
1187 916 1
1181 916 1
914 916 2
1554 916 1
1015 916 1
1329 916 1
117 916 11
345 917 1
850 918 1
918 919 1
1130 919 1
1386 919 1
622 919 3
918 920 1
622 920 3
1130 920 1
1386 920 1
918 921 1
667 921 1
667 922 1
918 922 1
918 923 1
667 923 1
189 924 4
1040 924 1
918 924 1
1039 924 1
1130 925 1
918 925 1
622 925 3
1386 925 1
106 926 1
345 927 1
927 928 1
293 928 2
86 929 1
85 929 3
272 930 1
580 931 1
1542 932 1
931 932 1
227 932 3
1510 932 1
1542 933 1
1510 933 1
227 933 4
931 933 1
1362 933 1
931 934 1
472 934 2
1510 934 1
885 935 1
931 935 1
580 936 2
931 936 1
199 938 1
75 938 2
305 939 2
951 940 2
1128 940 1
111 941 2
940 941 2
272 942 2
148 943 2
945 944 1
89 945 4
1126 945 3
90 945 4
1513 946 1
794 946 1
944 946 1
387 946 1
947 946 22
1506 946 1
926 946 1
1014 946 1
1494 946 1
1444 946 2
1127 946 1
1353 946 1
1017 946 1
1356 946 1
1536 946 1
316 946 1
588 946 1
1170 946 1
626 946 2
1296 946 1
325 947 1
346 947 1
150 947 5
347 947 1
616 947 1
75 947 2
345 947 1
106 947 1
344 947 2
162 947 1
293 947 8
123 947 60
73 947 7
234 947 13
270 947 2
152 947 1
67 947 11
424 947 4
272 947 1
121 947 1
305 947 1
285 947 1
945 947 1
88 947 1
148 947 1
71 947 1
949 948 1
587 949 3
948 950 1
349 950 1
949 950 2
953 951 25
957 951 2
952 951 25
711 954 1
1174 954 1
951 954 4
875 954 3
87 954 1
951 955 4
295 955 1
87 955 1
875 955 3
998 956 1
951 956 4
833 956 1
886 957 4
85 957 1
951 957 4
85 958 1
86 958 1
82 958 1
951 958 4
81 958 4
87 958 1
951 959 4
87 959 1
875 959 3
325 961 2
675 962 1
1529 964 1
965 964 2
1557 966 1
310 967 1
228 968 3
228 969 3
228 970 3
457 971 1
457 972 3
971 972 1
1166 972 1
278 973 3
972 973 3
954 974 1
954 975 2
974 975 1
954 976 3
975 976 2
976 977 3
664 977 3
152 978 2
67 979 5
978 979 2
1004 979 2
676 980 1
980 981 1
13 981 1
676 982 3
1093 982 1
980 982 1
327 983 3
982 983 3
986 985 4
949 986 2
454 987 1
495 988 2
1439 988 1
987 988 1
987 989 1
1439 989 1
495 989 2
109 990 1
0 991 1
991 992 1
1279 992 1
49 992 2
997 996 3
364 999 3
1520 999 1
885 1001 1
325 1002 2
349 1003 2
949 1003 2
325 1004 2
1006 1005 1
1005 1007 1
625 1007 1
111 1008 1
1008 1009 1
111 1009 2
1011 1010 3
345 1014 1
958 1015 1
88 1017 1
121 1018 1
949 1019 1
1048 1020 1
1019 1020 1
1137 1020 1
204 1020 3
204 1021 1
1019 1021 1
1019 1022 1
204 1022 1
1398 1023 1
204 1023 2
1019 1023 1
1019 1024 1
1398 1024 1
204 1024 2
1398 1025 1
204 1025 3
1019 1025 1
204 1026 1
1019 1026 1
1029 1028 1
1030 1028 1
148 1032 1
958 1034 1
1407 1035 1
1034 1035 1
117 1035 2
1034 1036 1
117 1036 2
1554 1036 1
240 1037 1
5 1038 1
657 1039 1
657 1040 1
88 1041 1
1045 1046 3
949 1048 1
1048 1049 1
732 1049 1
956 1052 1
677 1053 1
1052 1053 1
792 1054 1
272 1055 1
82 1056 1
1056 1057 1
668 1057 1
1059 1058 1
1056 1058 1
82 1059 1
955 1060 1
478 1062 1
135 1063 1
109 1064 1
1063 1064 1
543 1065 1
810 1066 1
1066 1067 1
179 1067 1
949 1068 1
1068 1069 1
1025 1069 1
204 1069 2
945 1070 1
2 1071 1
269 1072 1
106 1073 1
123 1074 1
152 1075 2
128 1077 1
1077 1078 1
1079 1078 1
959 1079 1
128 1079 1
1077 1080 1
1081 1080 1
128 1081 1
1081 1082 1
1077 1082 1
1077 1083 1
1081 1083 1
1077 1084 1
1081 1084 1
1077 1085 1
1081 1085 1
11 1086 1
379 1088 1
658 1089 1
1089 1090 1
117 1090 1
1238 1091 1
870 1091 2
1091 1092 2
870 1092 2
676 1093 1
148 1094 1
11 1095 1
346 1097 1
152 1098 1
184 1100 1
715 1101 1
29 1102 1
1101 1102 1
1101 1103 1
29 1103 1
162 1104 1
888 1105 1
595 1106 1
1108 1107 1
1106 1107 1
719 1108 3
859 1108 3
595 1108 1
1108 1109 1
1106 1109 1
152 1110 1
1192 1111 2
1114 1112 1
294 1112 3
1115 1112 1
1113 1112 1
355 1116 1
543 1117 1
1117 1118 1
1065 1118 1
693 1119 1
168 1120 1
772 1121 3
1401 1121 1
1120 1121 1
17 1122 1
1526 1123 1
21 1123 2
1122 1123 1
1051 1124 1
114 1125 3
616 1127 1
951 1128 1
341 1129 1
494 1130 1
13 1131 1
1130 1131 1
818 1132 1
1130 1132 1
1130 1133 1
818 1133 1
1130 1134 1
818 1134 1
949 1137 1
949 1140 1
1140 1141 1
949 1141 2
285 1145 1
305 1147 2
1151 1150 1
6 1151 3
112 1153 1
112 1154 1
1153 1154 1
1491 1155 1
1490 1155 1
152 1156 2
945 1157 1
310 1158 1
1158 1159 1
13 1159 1
1360 1160 1
466 1160 2
1160 1161 2
466 1161 2
364 1163 3
1377 1163 2
1232 1164 1
117 1164 2
1164 1165 2
117 1165 2
278 1166 1
1 1167 1
1384 1168 1
258 1169 2
1226 1169 1
346 1170 1
773 1171 1
949 1172 1
1172 1173 1
1398 1173 1
204 1173 2
91 1175 1
91 1176 1
1175 1176 1
679 1177 1
1177 1178 1
1327 1178 1
679 1178 4
1550 1178 1
69 1179 3
79 1179 3
2 1180 2
1530 1180 1
658 1181 1
1181 1182 1
766 1182 1
88 1183 1
1222 1184 1
595 1184 2
346 1185 1
346 1186 1
958 1187 1
958 1188 1
1187 1188 1
1187 1189 1
82 1189 1
1187 1190 1
82 1190 1
1187 1191 1
1192 1191 1
1111 1192 1
998 1192 3
1214 1192 1
958 1192 1
117 1193 2
1554 1193 1
1187 1193 1
117 1194 1
1187 1194 1
893 1195 1
236 1196 1
1196 1197 1
236 1197 1
146 1199 1
402 1200 1
1199 1200 1
345 1202 1
121 1204 1
658 1205 1
764 1206 1
341 1208 2
1297 1208 1
589 1209 2
1208 1209 2
347 1210 2
890 1211 1
167 1212 1
215 1213 1
162 1215 2
614 1217 1
1217 1218 1
590 1218 1
106 1219 1
1221 1220 3
595 1222 1
887 1223 1
272 1224 1
44 1225 1
258 1226 1
240 1227 1
1226 1227 1
305 1228 1
51 1229 1
905 1230 1
1229 1230 1
1229 1231 1
905 1231 1
867 1232 1
1108 1233 1
1233 1234 1
791 1234 1
466 1235 1
466 1236 2
1235 1236 1
466 1237 2
1236 1237 2
870 1238 1
870 1239 1
1238 1239 1
364 1242 1
1242 1243 1
509 1243 1
1242 1244 1
509 1244 1
1242 1245 1
509 1245 1
1242 1246 1
509 1246 1
146 1247 1
959 1248 1
310 1250 1
355 1251 1
325 1252 1
60 1253 1
1253 1254 1
53 1254 2
1253 1255 1
44 1255 1
47 1256 1
1253 1256 1
179 1257 1
1253 1257 1
1253 1258 1
184 1258 1
1253 1259 1
189 1259 1
1253 1260 1
194 1260 1
11 1261 1
1261 1262 1
1550 1262 1
51 1262 3
1275 1262 1
277 1263 1
150 1264 1
913 1265 1
109 1266 1
1266 1267 1
245 1267 1
929 1269 1
1399 1270 1
1430 1270 1
929 1270 4
1478 1270 1
1269 1270 1
1274 1271 1
1269 1271 1
929 1271 3
1399 1271 1
285 1272 1
347 1273 1
929 1274 1
679 1275 1
383 1276 1
1276 1277 1
886 1277 1
243 1279 1
592 1280 1
346 1281 1
1220 1282 1
1282 1283 1
1220 1283 1
773 1284 1
515 1285 1
2 1287 1
1405 1288 1
0 1288 2
325 1289 1
277 1290 1
1290 1291 1
277 1291 1
958 1292 1
885 1293 1
1293 1294 1
1001 1294 1
1487 1295 1
1518 1295 1
677 1295 3
272 1296 1
341 1297 1
1297 1298 1
13 1298 1
1453 1299 1
1 1299 2
951 1301 1
951 1302 1
1301 1302 1
951 1303 1
1301 1303 1
951 1304 1
1301 1304 1
1301 1305 1
951 1305 1
1301 1306 1
951 1306 1
1301 1307 1
951 1307 1
1301 1308 1
951 1308 1
951 1309 1
1301 1309 1
27 1310 1
79 1311 1
675 1312 1
1312 1313 1
13 1313 1
957 1316 1
365 1317 1
1316 1317 1
365 1318 2
1316 1318 1
1406 1318 1
383 1319 1
1316 1319 1
1316 1320 1
1351 1320 1
951 1320 3
422 1323 1
325 1325 2
679 1327 1
111 1329 1
285 1330 1
71 1331 1
73 1333 1
148 1334 1
949 1335 1
1335 1336 1
949 1336 1
152 1337 1
1337 1338 1
1493 1338 1
67 1338 2
395 1339 1
595 1340 1
279 1341 1
299 1344 1
100 1345 1
100 1346 1
1345 1346 1
1112 1347 1
1347 1348 1
1112 1348 1
1112 1349 1
1347 1349 1
711 1350 1
951 1351 1
300 1352 1
162 1353 1
891 1354 1
1079 1355 1
347 1356 1
954 1357 1
234 1358 1
121 1359 1
466 1360 1
1504 1361 1
1360 1361 1
466 1361 2
418 1362 1
1362 1363 1
227 1363 2
1542 1363 1
850 1365 1
895 1366 1
60 1367 1
643 1368 1
622 1369 1
1369 1370 1
622 1370 1
56 1371 1
1371 1372 1
56 1372 1
367 1373 1
1371 1373 1
1371 1374 1
367 1374 1
1371 1375 1
367 1375 1
106 1376 1
1431 1377 1
478 1377 2
364 1378 2
1377 1378 2
1377 1379 2
478 1379 2
347 1380 1
243 1381 1
431 1382 1
341 1383 1
457 1386 1
1386 1387 1
278 1387 1
1386 1388 1
278 1388 1
1386 1389 1
278 1389 1
1386 1390 1
278 1390 1
88 1392 1
152 1394 1
715 1395 1
949 1398 1
929 1399 1
167 1400 1
2 1401 1
1403 1402 1
1401 1402 1
2 1403 1
0 1405 1
957 1406 1
815 1407 1
883 1408 1
1407 1408 1
1407 1409 1
117 1409 1
103 1410 1
1410 1411 1
103 1411 1
82 1412 2
1412 1413 2
82 1413 2
892 1414 1
1437 1415 1
1192 1415 2
1111 1416 2
1415 1416 2
945 1418 1
958 1420 1
949 1421 1
949 1422 2
1421 1422 1
1422 1423 2
1424 1423 2
949 1424 2
1422 1425 2
986 1425 2
986 1426 2
1422 1426 2
1422 1427 2
986 1427 2
234 1429 2
1484 1429 1
929 1430 1
478 1431 1
1431 1432 1
194 1432 1
194 1433 1
1431 1433 1
237 1434 1
148 1435 1
1192 1437 1
572 1438 1
885 1439 1
1046 1440 1
1046 1441 1
1440 1441 1
1440 1442 1
1046 1442 1
344 1443 1
1443 1444 1
344 1444 2
344 1445 2
1444 1445 2
262 1446 1
152 1447 2
100 1449 1
347 1450 1
305 1452 1
1 1453 1
949 1454 1
676 1455 1
82 1456 1
2 1457 1
949 1458 1
1384 1459 1
1459 1460 1
1168 1460 1
1459 1461 1
1168 1461 1
153 1462 1
1462 1463 1
153 1463 1
1462 1464 1
153 1464 1
153 1465 1
1462 1465 1
153 1466 1
1462 1466 1
1462 1467 1
153 1467 1
1462 1468 1
153 1468 1
153 1469 1
1462 1469 1
226 1470 1
1462 1470 1
153 1470 2
226 1471 1
1462 1471 1
153 1471 2
703 1472 1
589 1473 1
858 1475 1
678 1476 1
960 1477 1
929 1478 1
1510 1479 1
582 1479 2
634 1480 1
945 1481 1
224 1482 1
117 1483 1
1482 1483 1
106 1484 1
226 1485 1
153 1485 1
243 1486 1
677 1487 1
489 1488 1
117 1489 1
1488 1489 1
325 1493 1
325 1494 1
21 1495 1
106 1497 1
100 1498 1
947 1499 1
855 1499 1
855 1500 1
75 1500 1
1502 1501 1
855 1501 1
75 1502 1
855 1503 1
1502 1503 1
466 1504 1
254 1505 1
305 1506 1
88 1507 2
627 1508 1
678 1509 1
1508 1509 1
582 1510 1
1384 1511 1
1384 1512 1
1511 1512 1
71 1513 1
482 1515 1
162 1516 1
347 1517 1
677 1518 1
679 1519 1
482 1520 1
696 1521 1
19 1522 1
19 1523 1
1522 1523 1
378 1524 1
148 1525 1
78 1526 1
109 1527 1
2 1530 1
91 1531 1
1531 1532 1
91 1532 1
1220 1533 1
1533 1534 1
1220 1534 1
1220 1535 1
1533 1535 1
148 1536 1
959 1537 1
1537 1538 1
1079 1538 1
1537 1539 1
184 1539 1
236 1540 1
285 1541 1
896 1542 1
227 1543 1
1542 1543 1
293 1544 1
236 1545 1
1 1547 1
675 1548 1
272 1549 1
679 1550 1
1550 1551 1
194 1551 1
958 1554 1
1554 1555 1
91 1555 1
240 1556 1
1554 1556 1
109 1558 1
386 1559 1
1558 1559 1
386 1560 1
1558 1560 1
386 1561 1
1558 1561 1
1558 1562 1
386 1562 1
386 1563 1
1558 1563 1
1558 1564 1
1527 1564 1
1558 1565 1
1527 1565 1
1527 1566 1
1558 1566 1
1558 1567 1
1527 1567 1
990 1568 1
1558 1568 1
990 1569 1
1558 1569 1
990 1570 1
1558 1570 1
1558 1571 1
990 1571 1
990 1572 1
1558 1572 1
325 1573 1
