4104 4103 1
4396 4104 4
4103 4105 1
4667 4105 1
4106 4105 3
4104 4106 4
4154 4106 4
4110 4107 3
4159 4107 3
4149 4107 2
4245 4107 2
4685 4107 1
4108 4107 18
4135 4107 1
4797 4107 1
4508 4107 2
4157 4107 3
4424 4107 1
4105 4107 3
4246 4108 2
4509 4108 2
4158 4108 3
4111 4108 3
4106 4108 3
4150 4108 2
4160 4108 3
5050 4108 2
4136 4108 2
4157 4109 3
4797 4109 1
4135 4109 1
4508 4109 2
4105 4109 3
4424 4109 1
4685 4109 1
4110 4109 3
4159 4109 3
4245 4109 2
4149 4109 2
4108 4109 18
4103 4110 1
4667 4110 1
4111 4110 3
4104 4111 2
4154 4111 4
4403 4112 1
4463 4112 1
4106 4112 3
4103 4112 1
4115 4114 1
4551 4116 1
4814 4116 1
4606 4116 1
5046 4116 15
4489 4116 1
4621 4116 1
4813 4116 1
4379 4116 1
4779 4116 1
4685 4116 1
4530 4116 1
4383 4116 1
4114 4116 1
4809 4116 1
4663 4116 1
4731 4116 1
4118 4117 1
4120 4119 1
4454 4120 4
4119 4121 1
4734 4121 1
4122 4121 3
4451 4121 1
5054 4122 3
4120 4122 3
4124 4125 4
5054 4126 3
4104 4126 2
5054 4127 3
4129 4128 4
4145 4129 1
4578 4129 1
4130 4131 4
5054 4133 3
4297 4134 1
4461 4134 2
4220 4134 2
4136 4135 1
4490 4136 4
4138 4137 1
4140 4139 4
4141 4140 9
4143 4142 3
4145 4144 5
4129 4145 22
4147 4146 4
4146 4147 1
4120 4148 1
4148 4149 1
4150 4149 2
4120 4150 1
4154 4150 4
5050 4151 1
5052 4152 1
4151 4152 1
4154 4153 4
5054 4154 23
4156 4155 1
4458 4156 4
4268 4157 1
4158 4157 3
4155 4157 1
4154 4158 4
4104 4158 1
4156 4158 4
5050 4158 1
4268 4159 1
4155 4159 1
4160 4159 3
4156 4160 2
4154 4160 4
5046 4161 1
4199 4163 2
5054 4163 3
4165 4164 1
4236 4165 5
4312 4165 4
4516 4166 1
4164 4166 1
4216 4166 1
4582 4166 1
4167 4166 5
4496 4166 1
4165 4167 5
4720 4168 1
4557 4168 1
4216 4168 1
4805 4168 1
4574 4168 1
4591 4168 1
4790 4168 1
4712 4168 1
4496 4168 1
4682 4168 1
4171 4168 1
4457 4168 1
4766 4168 1
4580 4168 1
4571 4168 1
4619 4168 1
4438 4168 2
4397 4168 1
4798 4168 1
4732 4168 1
4582 4168 1
4363 4168 1
4164 4168 1
4516 4168 1
4675 4168 1
4494 4168 1
4169 4168 31
4344 4168 3
4548 4168 1
4678 4169 1
4242 4169 1
4165 4169 5
4342 4169 3
4258 4169 1
4144 4169 1
4259 4169 1
4260 4169 1
4365 4169 2
4572 4169 1
4417 4169 1
4529 4169 1
4285 4169 1
4603 4169 1
4336 4169 1
4236 4169 5
4172 4169 1
4255 4169 1
4545 4169 1
4257 4169 1
4397 4170 1
4619 4170 1
4582 4170 1
4591 4170 1
4164 4170 1
4496 4170 1
4494 4170 1
4571 4170 1
4580 4170 1
4216 4170 1
4732 4170 1
4516 4170 1
4457 4170 1
4557 4170 1
4169 4170 16
4712 4170 1
4790 4170 1
4172 4171 1
4145 4172 5
4174 4173 3
4171 4173 1
4282 4173 1
4172 4174 1
4283 4174 1
4173 4175 3
4176 4175 3
4206 4176 1
4145 4176 1
4257 4176 1
4258 4176 1
4217 4176 1
4174 4176 3
4144 4176 1
4443 4176 1
4259 4176 1
4249 4177 1
4682 4177 1
4712 4177 1
4205 4177 1
4171 4177 1
4574 4177 1
4767 4177 1
4798 4177 1
4189 4177 1
4571 4177 1
4448 4177 1
4604 4177 1
4576 4177 1
4178 4177 18
4819 4177 1
4728 4177 1
4363 4177 1
4240 4177 1
4418 4178 1
4139 4178 1
4145 4178 1
4172 4178 1
4128 4178 1
4217 4178 1
4678 4178 1
4419 4178 1
4215 4178 1
4260 4178 1
4257 4178 1
4144 4178 1
4242 4178 1
4273 4178 1
4572 4178 1
4206 4178 1
4264 4178 1
4177 4179 18
4180 4179 22
4569 4179 1
4715 4179 1
4586 4179 1
4816 4179 1
4178 4180 19
4462 4180 2
4415 4180 1
4182 4181 18
4177 4181 18
4178 4182 19
4682 4183 1
4240 4183 1
4205 4183 1
4576 4183 1
4728 4183 1
4798 4183 1
4767 4183 1
4819 4183 1
4249 4183 1
4171 4183 1
4604 4183 1
4184 4183 16
4448 4183 1
4574 4183 1
4189 4183 1
4363 4183 1
4144 4184 1
4172 4184 1
4215 4184 1
4206 4184 1
4418 4184 1
4264 4184 1
4139 4184 1
4257 4184 1
4128 4184 1
4273 4184 1
4217 4184 1
4419 4184 1
4260 4184 1
4145 4184 1
4242 4184 1
4420 4185 1
4186 4185 20
4787 4185 1
4424 4185 1
4233 4185 1
4183 4185 16
4184 4186 16
4234 4186 1
5061 4186 2
5050 4186 1
4445 4187 1
4409 4187 1
4764 4187 1
4188 4187 21
4495 4187 1
4576 4187 1
4171 4187 1
4767 4187 1
4371 4187 1
4675 4187 1
4385 4187 1
4538 4187 1
4574 4187 1
4720 4187 1
4798 4187 1
4363 4187 1
4375 4187 1
4682 4187 1
4249 4187 1
4728 4187 1
4593 4187 1
4784 4187 1
4254 4188 1
4256 4188 1
4242 4188 1
4259 4188 1
4260 4188 1
4144 4188 1
4172 4188 1
4263 4188 1
4252 4188 1
4264 4188 1
4206 4188 1
4273 4188 1
4255 4188 1
4217 4188 1
4128 4188 1
4257 4188 1
4145 4188 1
4261 4188 1
4253 4188 1
4215 4188 1
4262 4188 1
4139 4189 1
4191 4190 4
4411 4191 2
5054 4192 3
5054 4193 3
4195 4194 4
4197 4196 3
4199 4198 1
4450 4199 4
4447 4200 1
4198 4200 1
4163 4200 3
4200 4201 3
4202 4201 3
4163 4202 3
4204 4203 3
4206 4205 1
4609 4206 1
4274 4206 2
4176 4207 6
4574 4207 1
4720 4207 1
4385 4207 1
4205 4207 1
4766 4207 1
4363 4207 1
4210 4208 3
4521 4208 1
4209 4208 2
4213 4212 1
4453 4214 1
4136 4214 2
4129 4215 4
4165 4216 1
4129 4217 4
4156 4218 1
4220 4219 2
4218 4219 1
5054 4220 3
4156 4220 1
4793 4221 2
4134 4221 4
4219 4221 2
4793 4222 2
4223 4222 4
4219 4222 2
4220 4223 2
4461 4223 2
4297 4223 1
4226 4225 3
4195 4227 4
4126 4228 4
4796 4228 1
4269 4228 1
4230 4229 4
4228 4229 4
4126 4230 4
4234 4233 1
4141 4234 3
4236 4235 1
4337 4236 3
4210 4236 7
4312 4236 8
4238 4237 2
4580 4237 1
4235 4237 1
4336 4238 1
4236 4238 1
4238 4239 2
4580 4239 1
4235 4239 1
4217 4240 1
4145 4242 5
5054 4243 3
4199 4244 1
4244 4245 1
4246 4245 2
4154 4246 4
4199 4246 1
4244 4247 1
4248 4247 3
4537 4247 1
4812 4247 1
4199 4248 3
4313 4248 1
4128 4249 1
4251 4250 3
4129 4252 4
4129 4253 4
4129 4254 4
4145 4255 5
4145 4256 5
4145 4257 5
4145 4258 5
4145 4259 5
4145 4260 5
4129 4261 4
4129 4262 4
4129 4263 4
4129 4264 4
4266 4265 3
5054 4267 3
4156 4268 1
4104 4269 1
4213 4270 1
4713 4271 1
4272 4271 2
4274 4273 2
4609 4273 1
4277 4276 1
4459 4277 3
4279 4278 2
4276 4278 1
4788 4278 1
5054 4279 3
4277 4279 2
4281 4280 2
4521 4280 1
4283 4282 1
4195 4283 4
4204 4284 3
4286 4285 4
4287 4286 4
4288 4287 6
4689 4288 4
4691 4288 4
4289 4288 10
4692 4288 4
4690 4288 4
4339 4288 1
4693 4288 4
4145 4289 1
4453 4289 1
4291 4290 1
4357 4291 4
4356 4291 2
4293 4292 2
4681 4292 1
4290 4292 1
4291 4293 1
4480 4293 1
4210 4294 3
4295 4294 3
4296 4297 4
5054 4298 3
4299 4300 4
4299 4301 4
4299 4302 4
4299 4303 4
5054 4305 3
4308 4307 1
4575 4308 3
4572 4308 1
4307 4309 1
4308 4309 2
4669 4309 1
4312 4311 4
4314 4313 4
4316 4315 1
4204 4316 3
4391 4317 1
4315 4317 1
4318 4317 4
4607 4317 1
4332 4317 1
4392 4318 1
4203 4318 1
4316 4318 1
4333 4318 1
4391 4319 1
4318 4319 4
4315 4319 1
4332 4319 1
4607 4319 1
4391 4320 1
4332 4320 1
4607 4320 1
4315 4320 1
4321 4320 4
4392 4321 1
4203 4321 1
4316 4321 1
4333 4321 1
4315 4322 1
4332 4322 1
4321 4322 4
4607 4322 1
4391 4322 1
4321 4323 4
4391 4323 1
4332 4323 1
4607 4323 1
4315 4323 1
4332 4324 1
4318 4324 4
4607 4324 1
4391 4324 1
4315 4324 1
4213 4325 1
4146 4326 1
4326 4327 1
4147 4327 1
4139 4329 1
4331 4330 1
4329 4330 1
4139 4331 1
5054 4331 3
4333 4332 1
4521 4333 3
5054 4334 3
5054 4335 3
4590 4336 1
4236 4336 5
4339 4338 1
4388 4339 4
4288 4340 2
4338 4340 1
4562 4341 1
4410 4341 2
4805 4341 1
4342 4341 6
4340 4341 2
4603 4342 1
4372 4342 1
4288 4342 2
4411 4342 2
4410 4343 2
4342 4343 4
4340 4343 2
4342 4344 3
4340 4344 2
4346 4345 1
4338 4345 1
4297 4346 1
4339 4346 1
4348 4347 1
4367 4348 3
4433 4348 2
4774 4349 1
4347 4349 1
4350 4349 2
4348 4350 2
4347 4351 1
4774 4351 1
4350 4351 2
4285 4352 1
4374 4352 1
4365 4352 1
4336 4352 1
4294 4352 1
4353 4352 3
5054 4354 3
4433 4357 2
4141 4358 3
4136 4359 1
4361 4360 1
4359 4360 1
4136 4361 2
5054 4362 3
4144 4363 1
4363 4364 1
4365 4364 2
4798 4364 1
4144 4365 1
4242 4365 1
4798 4366 1
4363 4366 1
4367 4366 3
4144 4367 1
4242 4367 1
4366 4368 3
4505 4368 2
4348 4368 5
4370 4369 3
4366 4369 3
4367 4370 3
4261 4371 1
4665 4372 3
4287 4372 4
4295 4372 3
4288 4373 4
4373 4374 4
4295 4374 3
4665 4374 3
4262 4375 1
5054 4377 3
5054 4378 3
4136 4379 1
5054 4380 3
4226 4381 3
5054 4382 3
4154 4382 4
4115 4383 1
4118 4384 1
4217 4385 1
4115 4386 1
5054 4387 3
4418 4388 1
5054 4390 3
4392 4391 1
4204 4392 3
5054 4393 3
4395 4394 5
4511 4395 1
4370 4395 10
4313 4396 2
4236 4397 1
4297 4399 1
4399 4400 1
4223 4400 1
4134 4401 1
4399 4401 1
4399 4402 1
4346 4402 1
4104 4403 1
4167 4404 1
4430 4405 1
4406 4405 2
4404 4405 1
4431 4406 1
4167 4406 1
4156 4407 1
4407 4408 1
4424 4408 1
4158 4408 4
4714 4408 1
4463 4408 1
4206 4409 1
4409 4410 1
4411 4410 2
4206 4411 1
4562 4412 1
4410 4412 2
4342 4412 3
4191 4413 2
4410 4413 2
4637 4414 1
4416 4415 3
4210 4417 3
4140 4418 4
4140 4419 4
5061 4420 1
5063 4421 4
4555 4421 1
4420 4421 1
4762 4421 1
4762 4422 1
4562 4422 1
4815 4422 1
4421 4422 4
5063 4422 6
4781 4423 1
4420 4423 1
5063 4423 2
5050 4424 1
4797 4425 1
4424 4425 1
5052 4425 2
4427 4426 1
4424 4426 1
5050 4427 1
5054 4428 3
4251 4429 3
4431 4430 1
4416 4431 3
4406 4432 1
4430 4432 1
4145 4433 1
4521 4434 1
4281 4434 2
4395 4435 5
4365 4436 1
4795 4437 1
4610 4437 1
4352 4437 5
4557 4437 1
4436 4437 1
4639 4437 1
4365 4438 2
4436 4438 1
5044 4439 1
4443 4440 1
4213 4441 1
4285 4442 1
4444 4443 2
4521 4443 1
4252 4445 1
4141 4446 3
4199 4447 1
4418 4448 1
5054 4449 3
4313 4450 2
4120 4451 1
4264 4452 1
4452 4453 4
4517 4455 1
4456 4455 2
4236 4457 1
4313 4458 2
5054 4460 3
4104 4461 1
5054 4461 3
4104 4463 1
5054 4465 3
5054 4466 3
5054 4467 3
4469 4470 3
4395 4471 5
5054 4472 3
5054 4474 3
4476 4475 1
4280 4477 1
4477 4478 1
4479 4478 2
4811 4478 1
4280 4479 1
4801 4479 1
4356 4480 2
4357 4480 4
4311 4481 1
5063 4482 1
4481 4482 1
4277 4483 1
4279 4484 3
4483 4484 1
4476 4485 1
5044 4486 1
4476 4487 1
4154 4488 4
4136 4489 1
4313 4490 1
4376 4491 1
4313 4492 1
4213 4493 1
4417 4494 1
4263 4495 1
4165 4496 1
5054 4497 3
4498 4497 4
4162 4500 1
4162 4501 1
4500 4501 1
4468 4503 1
4468 4504 1
4503 4504 1
4767 4505 1
4433 4505 2
4357 4506 2
4505 4506 2
4509 4508 2
4778 4508 1
4154 4509 4
4136 4509 1
5054 4512 3
5054 4513 3
4499 4514 1
4165 4516 1
5054 4520 3
5054 4522 3
5054 4525 3
4476 4530 1
4498 4531 4
5054 4531 3
5054 4534 3
4476 4536 1
4199 4537 1
4254 4538 1
4541 4540 1
4543 4542 1
4540 4542 1
4541 4543 1
4195 4544 4
4191 4545 4
4251 4547 3
4545 4548 1
4548 4549 1
4712 4549 1
4169 4549 2
5054 4550 3
4115 4551 1
5050 4552 1
4156 4553 1
5061 4555 1
5054 4556 3
4285 4557 1
4442 4558 1
4557 4558 1
4560 4559 1
4560 4561 1
4559 4561 1
4372 4562 1
5063 4563 1
4562 4563 1
5063 4564 4
4810 4564 1
4562 4564 1
4781 4564 1
4815 4564 1
5054 4565 3
4589 4567 1
4568 4567 2
4415 4569 1
4569 4570 1
4180 4570 1
4572 4571 1
4141 4572 3
4308 4573 1
4571 4573 1
4257 4574 1
4264 4576 1
4452 4577 1
4576 4577 1
4579 4578 3
4336 4580 1
4251 4581 3
4165 4582 1
4511 4583 1
4395 4584 2
4583 4584 1
4584 4585 2
4395 4585 2
4462 4586 1
5050 4587 1
5052 4588 2
4695 4588 1
4587 4588 1
4236 4591 1
4256 4593 1
5054 4594 3
4590 4595 1
4336 4596 1
4595 4596 1
4213 4598 1
4600 4599 2
4818 4599 1
4799 4600 1
4602 4601 2
4599 4601 2
4600 4602 2
4419 4604 1
4115 4606 1
4203 4607 1
4374 4610 1
4313 4611 1
4450 4612 1
4611 4612 1
4248 4613 1
4611 4613 1
4396 4614 1
4611 4614 1
4458 4615 1
4611 4615 1
4418 4616 1
4616 4617 1
4388 4617 1
4419 4618 1
4453 4618 1
4699 4618 1
4529 4619 1
4136 4621 1
4621 4622 1
4361 4622 1
5061 4624 1
4624 4625 1
5063 4625 2
4749 4625 1
4146 4626 1
4750 4627 1
4146 4627 2
4626 4627 1
5054 4628 3
4453 4629 1
4629 4630 1
4618 4630 1
4618 4631 2
4656 4631 1
4629 4631 1
4289 4632 1
4629 4632 1
4736 4633 1
4629 4633 1
4214 4633 2
5054 4634 3
4195 4635 4
4637 4636 1
4721 4637 2
4698 4637 1
4414 4638 1
4636 4638 1
4336 4639 1
5044 4641 1
4118 4645 1
4499 4647 1
4132 4648 1
5054 4650 3
4195 4652 4
5054 4654 3
5054 4655 3
4419 4656 1
4656 4657 1
4618 4657 1
4118 4658 1
4348 4662 1
5046 4663 1
5046 4664 1
4663 4664 1
4104 4667 1
4141 4668 3
4308 4669 1
4499 4670 1
5054 4671 3
4255 4675 1
5054 4676 3
4677 4678 3
4115 4679 1
4480 4681 1
4260 4682 1
4684 4683 3
4682 4683 1
4798 4683 1
4766 4683 1
4260 4684 1
4258 4684 1
4242 4684 1
4136 4685 1
4685 4686 1
4778 4686 1
4214 4686 2
4685 4687 1
4214 4687 2
4778 4687 1
5054 4694 3
5050 4695 1
5054 4697 3
5054 4700 3
5054 4701 3
5054 4702 3
5054 4703 3
5054 4704 3
4498 4705 4
5054 4705 3
5054 4706 3
5054 4707 3
5054 4708 3
4251 4710 3
4678 4712 1
4156 4714 1
4462 4715 1
5050 4717 1
5052 4718 1
4717 4718 1
4118 4719 1
4259 4720 1
4140 4722 1
4140 4723 1
4722 4723 1
4140 4724 1
4722 4724 1
4443 4725 1
4767 4726 1
4176 4726 2
4725 4726 1
4440 4727 1
4725 4727 1
4215 4728 1
4597 4731 1
4236 4732 1
4120 4734 1
4214 4736 1
4376 4737 1
4737 4738 1
4491 4738 1
4737 4739 1
4491 4739 1
4491 4740 1
4737 4740 1
4491 4741 1
4737 4741 1
4737 4742 1
4491 4742 1
4313 4743 1
4490 4744 1
4743 4744 1
4492 4745 1
4743 4745 1
4450 4746 1
4743 4746 1
4396 4747 1
4743 4747 1
4743 4748 1
4458 4748 1
4311 4749 1
4146 4750 1
4730 4751 1
4730 4752 1
4751 4752 1
4499 4754 1
5044 4757 1
4578 4758 1
4129 4759 1
4758 4759 1
4758 4760 1
4129 4760 1
4311 4762 1
4273 4764 1
4258 4766 1
4145 4767 1
4129 4768 1
4767 4768 1
4289 4769 1
4767 4769 1
4767 4770 1
4289 4770 1
4767 4771 1
4289 4771 1
4767 4772 1
4145 4772 1
4590 4773 1
4348 4774 1
4774 4775 1
4662 4775 1
4136 4778 1
4115 4779 1
4499 4780 1
4311 4781 1
4132 4782 1
4136 4783 1
4253 4784 1
5061 4787 1
4279 4788 1
4788 4789 1
4279 4789 1
4236 4790 1
4461 4793 2
4796 4793 1
4294 4795 1
4104 4796 1
5050 4797 1
4242 4798 1
4470 4802 1
4802 4803 1
4470 4803 1
4603 4805 1
4805 4806 1
4342 4806 1
4342 4807 1
4805 4807 1
4213 4809 1
5061 4810 1
4801 4811 1
4199 4812 1
4115 4813 1
4213 4814 1
4311 4815 1
4178 4816 1
4182 4817 1
4816 4817 1
4799 4818 1
4273 4819 1
5044 5043 1
4783 5045 1
4679 5045 1
4658 5045 1
4530 5045 1
4270 5045 1
4814 5045 1
4621 5045 1
4489 5045 1
4685 5045 1
4551 5045 1
4780 5045 1
4485 5045 1
4809 5045 1
4641 5045 1
4536 5045 1
4598 5045 1
4117 5045 1
4648 5045 1
4325 5045 1
4114 5045 1
4161 5045 1
5046 5045 49
4386 5045 1
4514 5045 1
4773 5045 1
4782 5045 1
4135 5045 1
4719 5045 1
4670 5045 1
4779 5045 1
4647 5045 1
4486 5045 1
4439 5045 1
4606 5045 1
4645 5045 1
5043 5045 1
4475 5045 1
4580 5045 1
4379 5045 1
4441 5045 1
4754 5045 1
4487 5045 1
4757 5045 1
4384 5045 1
4493 5045 1
4212 5045 1
4383 5045 1
4813 5045 1
4597 5046 1
5044 5046 5
4118 5046 5
4213 5046 8
4499 5046 5
4136 5046 6
4115 5046 8
4590 5046 1
4132 5046 2
4476 5046 5
5054 5046 3
4336 5046 1
5048 5047 4
5050 5049 1
4492 5050 4
4424 5051 1
5049 5051 1
4797 5051 1
4552 5051 1
5052 5051 4
5050 5052 8
5054 5053 3
4218 5055 1
4553 5055 1
5056 5055 4
5054 5056 3
4156 5056 2
5055 5057 4
4505 5057 2
5058 5057 10
4228 5057 4
4126 5058 4
4433 5058 2
5056 5058 4
5061 5060 1
4195 5061 4
5063 5062 3
4562 5062 1
4815 5062 1
5060 5062 1
5048 5063 4
4372 5063 1
4311 5063 5
5061 5063 5
5054 5064 3
5054 5065 3
