159 160 5
161 160 1
160 161 4
183 163 1
172 163 1
162 163 3
182 163 1
203 164 1
186 164 1
165 164 8
174 165 2
167 166 1
181 167 2
172 167 4
205 167 1
166 168 1
186 168 1
198 168 1
169 168 3
167 169 4
174 169 1
160 170 2
193 170 1
170 171 2
172 171 3
185 172 4
161 172 1
163 172 1
160 172 2
171 173 3
167 173 3
175 174 3
167 176 1
176 177 1
202 177 1
169 177 2
176 178 1
169 178 1
176 179 1
169 179 1
169 180 1
176 180 1
184 183 4
174 186 1
197 187 1
188 187 2
163 189 1
172 190 1
189 190 1
196 192 1
161 193 1
172 194 2
193 194 1
167 195 2
194 195 2
167 198 1
169 199 1
198 199 1
169 200 1
198 200 1
169 201 1
198 201 1
167 202 1
174 203 1
