9029 9028 4
9030 9029 7
9092 9031 2
9032 9031 5
9218 9031 1
9231 9033 1
9034 9033 2
9030 9035 7
9035 9036 4
9133 9037 3
9035 9037 4
9354 9038 1
9039 9038 2
9055 9038 2
9041 9040 3
9043 9042 4
9044 9043 5
9046 9045 4
9218 9045 1
9049 9048 3
9051 9050 4
9118 9051 1
9049 9052 3
9049 9053 3
9055 9054 1
9069 9055 3
9054 9056 1
9038 9056 2
9060 9056 1
9054 9057 1
9038 9057 1
9059 9058 4
9030 9059 7
9055 9060 1
9060 9061 1
9038 9061 1
9221 9062 1
9063 9062 2
9031 9062 4
9065 9064 2
9231 9064 1
9066 9067 4
9069 9068 3
9071 9070 2
9072 9070 4
9221 9070 1
9218 9072 1
9073 9072 4
9268 9072 1
9094 9075 1
9076 9075 4
9218 9075 1
9075 9077 4
9230 9077 2
9221 9077 1
9029 9078 4
9081 9079 4
9080 9079 2
9221 9079 1
9218 9081 1
9082 9081 5
9084 9083 3
9070 9085 1
9085 9086 4
9088 9087 2
9089 9087 4
9221 9087 1
9090 9089 5
9218 9089 1
9092 9091 1
9096 9092 4
9031 9092 1
9031 9093 1
9091 9093 1
9030 9095 3
9197 9096 2
9147 9096 3
9169 9096 2
9098 9097 4
9084 9098 5
9069 9099 3
9101 9100 2
9231 9100 1
9231 9102 1
9103 9102 2
9105 9104 2
9231 9104 1
9360 9106 1
9107 9106 4
9286 9106 1
9361 9108 1
9226 9108 2
9106 9108 4
9111 9109 4
9110 9109 2
9361 9109 1
9112 9111 4
9360 9111 1
9221 9113 1
9045 9113 4
9320 9113 2
9115 9114 6
9218 9114 1
9221 9116 1
9139 9116 2
9114 9116 4
9118 9117 1
9120 9119 1
9117 9119 1
9118 9120 1
9051 9121 1
9117 9121 1
9117 9122 1
9123 9122 1
9118 9123 1
9096 9124 4
9127 9126 1
9051 9127 4
9298 9128 1
9126 9128 1
9129 9128 2
9050 9129 1
9127 9129 1
9069 9130 3
9132 9131 4
9133 9131 3
9030 9132 5
9135 9134 4
9030 9135 7
9129 9136 4
9129 9137 4
9069 9138 3
9142 9140 4
9141 9140 2
9361 9140 1
9143 9142 4
9137 9142 2
9147 9142 3
9360 9142 1
9206 9142 4
9145 9144 4
9360 9144 1
9205 9146 2
9290 9146 1
9147 9146 3
9354 9147 1
9206 9147 4
9265 9147 2
9142 9148 3
9146 9148 3
9146 9149 3
9142 9149 3
9170 9150 2
9146 9150 3
9096 9150 7
9336 9150 2
9152 9151 4
9155 9153 3
9154 9153 3
9069 9156 3
9157 9156 4
9281 9158 1
9159 9158 3
9231 9158 1
9231 9160 1
9161 9160 2
9130 9162 1
9164 9163 2
9365 9163 1
9162 9163 1
9297 9164 2
9130 9164 2
9354 9164 1
9164 9165 1
9162 9165 1
9135 9166 4
9133 9166 3
9156 9167 1
9181 9168 1
9167 9168 1
9169 9168 2
9354 9169 1
9213 9169 2
9156 9169 2
9169 9170 2
9167 9170 1
9172 9171 5
9218 9171 1
9221 9173 1
9350 9173 2
9171 9173 4
9069 9175 3
9157 9175 4
9177 9176 1
9343 9177 3
9176 9178 1
9328 9178 2
9200 9178 1
9259 9178 1
9363 9178 1
9179 9178 6
9153 9179 1
9177 9179 1
9360 9180 1
9107 9180 4
9156 9181 1
9183 9182 2
9231 9182 1
9360 9184 1
9185 9184 4
9184 9186 4
9361 9186 1
9331 9186 2
9188 9187 2
9231 9187 1
9191 9189 4
9221 9189 1
9190 9189 2
9218 9191 1
9192 9191 5
9369 9193 1
9194 9193 2
9219 9194 4
9287 9194 2
9114 9194 1
9221 9194 1
9194 9195 2
9193 9195 2
9241 9196 1
9197 9196 4
9193 9196 2
9284 9196 1
9138 9197 2
9194 9197 3
9244 9197 2
9354 9197 1
9260 9198 1
9199 9198 2
9179 9200 1
9041 9202 3
9094 9203 1
9075 9204 1
9203 9204 1
9290 9205 1
9206 9205 2
9205 9207 2
9312 9207 2
9147 9207 4
9290 9207 1
9084 9208 5
9208 9209 4
9218 9210 1
9211 9210 5
9030 9212 3
9067 9214 1
9159 9214 2
9231 9214 1
9216 9215 3
9030 9217 3
9227 9219 4
9218 9219 1
9303 9220 2
9114 9220 1
9210 9220 4
9221 9220 1
9107 9222 4
9360 9222 1
9069 9223 3
9225 9224 2
9231 9224 1
9293 9232 2
9231 9232 1
9231 9233 1
9253 9233 2
9231 9234 1
9308 9234 2
9248 9235 2
9231 9235 1
9231 9236 1
9345 9236 2
9332 9237 2
9231 9237 1
9231 9238 1
9309 9238 2
9206 9239 1
9239 9240 1
9142 9240 1
9138 9241 1
9346 9242 1
9197 9242 2
9241 9242 1
9089 9245 1
9191 9245 1
9171 9245 1
9246 9245 3
9360 9249 1
9250 9249 4
9144 9254 4
9361 9254 1
9255 9254 2
9133 9256 3
9059 9256 4
9030 9257 3
9030 9258 3
9179 9259 1
9210 9261 1
9152 9261 4
9081 9261 1
9069 9262 3
9267 9266 4
9084 9267 7
9052 9269 1
9269 9270 1
9271 9270 1
9052 9271 1
9271 9272 1
9269 9272 1
9271 9273 1
9269 9273 1
9275 9274 1
9069 9275 3
9274 9276 1
9277 9276 2
9367 9276 1
9301 9277 2
9275 9277 2
9354 9277 1
9277 9278 1
9274 9278 1
9280 9281 4
9158 9281 1
9070 9282 1
9282 9283 1
9085 9283 1
9194 9284 1
9206 9290 1
9137 9291 2
9291 9292 2
9142 9292 2
9069 9295 3
9361 9296 1
9180 9296 4
9226 9296 2
9050 9298 1
9263 9299 1
9361 9300 1
9226 9300 2
9222 9300 4
9084 9304 3
9206 9305 1
9142 9306 1
9305 9306 1
9267 9307 4
9206 9311 1
9311 9312 1
9206 9312 2
9316 9315 2
9361 9315 1
9249 9315 4
9206 9317 1
9317 9318 1
9142 9318 1
9153 9319 1
9041 9322 3
9153 9323 1
9325 9324 1
9323 9324 1
9153 9325 1
9325 9326 1
9323 9326 1
9319 9327 1
9323 9327 1
9179 9328 2
9323 9328 1
9067 9329 1
9214 9330 1
9329 9330 1
9092 9333 1
9031 9334 1
9333 9334 1
9140 9335 1
9346 9336 1
9197 9336 2
9268 9337 1
9072 9338 1
9337 9338 1
9286 9341 1
9106 9342 1
9341 9342 1
9138 9346 1
9206 9347 1
9142 9348 1
9347 9348 1
9281 9352 1
9158 9353 1
9352 9353 1
9084 9357 3
9179 9363 1
9130 9365 1
9365 9366 1
9164 9366 1
9275 9367 1
9367 9368 1
9277 9368 1
9194 9369 1
