18910 5662 1
18849 5663 4
18898 5665 1
18922 5666 1
5668 5667 2
6212 5667 1
5666 5667 1
18922 5668 3
5668 5669 1
5666 5669 1
5671 5670 1
5670 5672 1
5673 5672 2
5699 5672 1
5819 5673 3
5671 5673 2
5676 5675 3
5678 5677 1
18878 5677 4
5681 5680 1
18848 5682 1
5680 5682 1
18888 5683 1
5685 5684 1
5705 5685 3
5684 5686 1
5982 5686 1
5685 5686 2
18925 5687 1
5687 5688 1
6203 5688 1
18926 5688 2
19131 5689 1
5692 5690 1
5691 5690 3
5695 5694 1
18836 5696 4
5697 5696 1
5673 5699 1
6030 5700 1
5699 5700 1
5673 5700 2
5702 5701 1
5699 5701 1
5673 5702 1
18851 5702 1
5892 5702 1
5755 5702 1
18927 5702 1
5702 5703 1
5699 5703 1
19082 5704 3
5707 5706 1
19115 5707 3
18849 5708 4
18955 5709 2
19093 5711 1
5713 5712 1
18872 5713 3
18874 5714 4
18849 5717 4
5720 5719 6
5818 5719 3
5942 5719 1
5719 5721 4
5719 5722 4
5725 5724 1
18928 5725 1
19126 5726 2
5729 5726 1
5724 5726 1
19126 5727 1
5724 5727 1
19104 5728 4
19126 5729 1
5733 5732 1
5819 5733 3
5732 5734 1
6158 5734 1
5958 5734 1
5735 5734 4
5740 5735 1
5857 5735 1
5733 5735 1
5721 5735 1
5916 5735 1
5792 5735 3
18828 5736 1
19104 5738 4
5740 5739 1
18872 5740 3
6018 5741 4
5739 5741 1
6186 5741 1
5735 5741 7
6019 5742 5
6018 5742 4
6020 5742 6
5741 5742 7
5735 5742 10
19104 5743 10
5742 5743 10
6094 5744 1
5739 5744 1
5745 5744 3
6068 5745 1
5740 5745 1
5745 5746 4
5744 5746 3
5745 5747 4
5746 5747 4
5746 5748 4
5745 5748 5
19089 5749 5
5748 5749 5
19104 5751 4
18851 5752 1
5755 5753 1
5757 5753 1
5754 5753 1
5756 5755 3
5661 5755 3
5762 5761 1
5811 5762 4
19083 5763 1
6214 5764 1
5934 5764 1
5799 5764 1
5763 5764 1
18834 5764 5
6024 5764 1
5763 5765 1
19083 5765 2
5783 5766 1
6136 5766 1
5767 5766 9
6029 5766 1
5765 5766 2
6027 5766 1
5965 5766 1
5804 5766 1
5829 5766 1
5784 5767 7
19083 5767 2
5804 5768 1
5965 5768 1
5829 5768 1
6136 5768 1
6029 5768 1
5783 5768 1
5765 5768 2
5767 5768 9
6027 5768 1
5765 5769 2
5829 5769 1
5965 5769 1
6027 5769 1
5804 5769 1
5767 5769 9
6029 5769 1
5783 5769 1
6136 5769 1
5771 5770 1
5763 5770 1
19083 5771 1
19083 5772 1
5763 5772 1
5955 5775 2
5954 5775 2
5777 5776 1
18903 5778 3
5780 5779 1
5779 5781 1
19087 5781 1
5784 5783 1
5965 5785 1
6027 5785 1
6136 5785 1
5767 5785 4
5783 5785 1
18828 5786 1
5816 5787 1
18838 5787 6
6147 5787 1
6127 5787 1
5786 5787 1
6197 5787 1
18928 5793 1
18929 5797 1
18874 5798 4
19105 5799 1
5799 5800 1
19105 5800 1
5802 5801 1
5799 5801 1
19105 5802 2
5784 5804 1
18910 5805 1
19104 5806 4
19082 5808 3
5807 5808 3
5813 5811 2
5692 5811 2
18836 5811 2
18878 5811 2
5735 5811 2
18832 5811 2
19090 5811 2
5812 5811 2
19122 5814 1
6155 5815 1
5814 5815 1
18933 5815 2
19111 5816 1
5985 5817 1
6103 5817 1
6151 5817 1
5878 5817 3
18842 5817 8
6091 5817 1
19131 5821 1
5826 5825 1
5828 5827 1
18872 5828 3
5784 5829 1
5831 5830 3
18872 5833 3
18888 5834 1
5838 5837 1
5837 5839 1
5840 5839 4
6023 5839 1
5975 5839 1
6214 5839 1
5838 5840 3
18848 5840 4
18849 5845 4
18924 5846 1
5846 5847 1
18924 5847 2
5981 5848 2
18872 5850 3
6050 5852 1
18859 5852 2
5852 5853 2
18859 5853 2
5852 5854 2
18859 5854 2
18872 5855 3
5754 5856 1
18872 5857 3
5862 5861 3
18910 5864 1
19111 5865 1
5867 5866 4
5867 5868 1
5867 5869 2
5868 5869 1
6148 5869 1
5867 5870 2
5868 5870 1
6148 5870 1
18874 5871 4
18874 5872 4
18874 5873 4
18874 5874 4
18874 5875 4
18847 5877 1
5877 5878 1
5879 5878 3
6201 5878 1
18847 5879 1
18840 5879 3
5881 5880 1
5877 5880 1
18847 5881 1
5877 5882 1
5881 5882 1
5877 5883 1
6160 5883 1
5879 5883 2
5885 5884 1
5877 5884 1
18847 5885 1
18849 5885 4
5877 5886 1
19116 5886 1
5877 5887 1
5888 5887 1
18847 5888 1
18927 5891 1
5892 5891 1
5893 5892 3
5894 5892 3
5735 5892 4
18932 5892 3
19095 5892 3
19091 5896 1
5832 5902 1
5832 5903 1
5902 5903 1
5832 5904 1
5902 5904 1
18849 5907 1
5735 5908 1
6139 5913 1
18849 5915 4
5819 5916 3
5917 5916 3
18910 5920 1
5923 5922 3
18920 5924 1
5924 5925 1
19118 5925 1
18848 5926 1
5927 5926 1
18838 5926 1
18876 5926 1
18836 5926 1
18878 5926 1
5692 5926 1
5930 5929 1
6028 5931 1
5966 5931 1
6200 5931 1
5932 5931 4
5929 5931 1
5930 5932 4
19104 5932 4
18849 5933 4
6063 5933 1
5935 5934 1
18848 5935 4
5934 5936 1
5935 5936 1
19084 5937 1
5934 5937 1
5934 5938 1
5939 5938 1
5935 5939 1
19112 5940 1
18840 5944 1
6160 5945 1
5879 5945 3
6201 5945 1
5944 5945 1
5879 5946 2
5944 5946 1
5949 5947 1
6082 5947 1
5946 5947 2
18842 5947 4
5950 5949 1
18890 5952 1
18927 5953 1
5956 5953 1
5757 5953 1
5775 5953 1
18914 5953 1
5792 5958 1
5960 5959 1
18832 5960 4
19111 5962 1
5993 5963 1
5971 5963 1
6156 5963 1
18838 5963 4
5962 5963 1
5784 5965 1
5930 5966 1
18904 5967 1
19115 5967 3
5695 5971 1
5862 5972 3
5862 5973 3
5838 5975 1
18848 5981 4
5685 5982 1
5950 5985 1
19090 5989 1
19090 5990 1
5989 5990 1
5989 5991 1
6112 5991 1
6186 5991 1
19090 5991 3
19093 5993 1
19091 5994 1
5896 5995 1
5994 5995 1
18903 5997 3
5999 5998 1
6005 6000 1
18912 6000 5
6051 6000 1
6071 6000 1
6058 6000 1
6000 6001 5
18914 6001 5
6003 6002 1
18872 6003 3
18910 6005 1
18955 6006 1
18955 6007 2
6006 6007 1
6007 6008 2
5709 6008 2
5823 6011 1
5762 6012 1
5850 6015 1
5792 6017 1
6017 6018 1
5735 6018 4
6171 6018 1
6183 6018 1
5735 6019 5
6018 6019 4
5735 6020 6
6019 6020 5
5892 6021 4
6018 6021 4
5838 6023 1
19105 6024 1
5802 6025 1
6024 6025 1
5784 6027 1
5930 6028 1
5784 6029 1
5671 6030 1
18923 6032 1
6032 6033 1
18923 6033 1
18935 6034 1
18935 6035 1
18935 6036 1
18935 6037 1
18935 6038 1
18935 6039 1
18935 6040 1
18935 6041 1
18935 6042 1
18935 6043 1
18935 6044 1
18935 6045 1
18935 6046 1
5981 6047 1
6047 6048 1
5848 6048 1
18928 6049 1
18888 6050 1
18910 6051 1
6088 6053 1
18910 6054 1
18955 6055 1
6055 6056 1
6057 6056 1
18955 6057 1
18910 6058 1
18853 6059 1
6059 6060 1
6164 6060 1
18855 6060 3
6060 6061 3
18855 6061 3
6063 6062 1
6062 6064 1
5933 6064 1
5909 6067 1
19118 6068 1
18943 6068 1
6070 6069 3
18912 6071 1
6071 6072 1
18912 6072 1
18912 6073 2
6071 6073 1
6073 6074 2
18914 6074 2
18904 6076 1
6076 6077 1
6080 6077 1
18832 6077 2
5967 6078 1
6076 6078 1
19114 6079 1
6076 6079 1
18888 6080 1
5950 6082 1
18898 6086 1
18848 6088 4
5950 6091 1
5762 6092 1
6068 6094 1
18902 6095 1
6094 6095 1
6094 6096 1
18920 6096 2
19118 6097 2
6096 6097 2
6099 6098 1
6101 6100 1
6098 6100 1
6099 6101 1
5950 6103 1
6107 6106 1
5695 6108 1
19104 6110 4
6107 6112 1
18853 6113 1
6115 6114 1
5762 6119 1
19104 6121 4
19111 6124 1
5757 6126 1
5695 6127 1
6088 6129 1
6129 6130 1
6053 6130 1
18907 6131 1
18871 6135 1
5784 6136 1
6139 6138 1
5913 6140 1
6138 6140 1
5913 6141 1
6138 6141 1
6143 6142 1
5831 6144 3
19122 6145 1
18933 6146 1
6145 6146 1
19093 6147 1
5867 6148 1
5950 6151 1
18899 6154 1
18900 6154 2
19122 6155 1
18828 6156 1
5792 6158 1
5707 6159 1
18840 6160 1
5722 6164 1
18888 6166 1
5986 6168 1
5916 6171 1
6171 6172 1
5916 6172 2
6109 6173 1
5719 6176 1
5719 6177 1
6176 6177 1
6176 6178 1
5719 6178 1
5855 6182 1
5721 6183 1
19131 6185 1
5857 6186 1
6134 6187 1
19126 6188 1
6188 6189 1
19126 6189 1
5695 6193 1
18890 6194 1
19111 6196 1
5707 6197 1
5793 6198 1
5930 6200 1
18840 6201 1
18867 6202 1
19101 6203 1
6181 6204 1
19103 6205 1
6204 6205 1
5778 6206 1
5778 6207 1
6206 6207 1
18922 6209 1
5668 6210 1
6209 6210 1
19113 6211 1
18922 6212 1
5668 6213 1
6212 6213 1
5840 6214 1
6214 6215 1
18908 6215 1
19100 6216 1
6214 6216 1
5981 6217 1
6217 6218 1
5981 6218 1
5848 6219 1
6217 6219 1
18828 18827 1
6187 18829 1
5958 18829 1
19092 18829 1
5739 18829 1
6186 18829 1
6002 18829 1
5711 18829 1
6062 18829 1
6173 18829 1
6196 18829 1
18827 18829 1
6124 18829 1
5797 18829 1
5816 18829 1
5680 18829 1
18830 18829 49
5827 18829 1
6204 18829 1
6158 18829 1
18934 18829 1
5776 18829 1
6182 18829 1
6127 18829 1
6114 18829 1
19120 18829 1
5993 18829 1
18956 18829 1
6060 18829 3
6106 18829 1
6017 18829 1
6147 18829 1
6156 18829 1
5712 18829 1
6112 18829 1
5732 18829 1
6168 18829 1
6113 18829 1
5736 18829 1
5940 18829 1
18852 18829 1
5962 18829 1
6211 18829 1
5786 18829 1
19134 18829 1
6135 18829 1
5865 18829 1
6015 18829 1
18855 18830 3
19117 18830 1
6115 18830 1
5681 18830 1
6107 18830 2
18929 18830 1
6109 18830 1
6063 18830 1
5792 18830 3
6134 18830 1
19113 18830 1
5740 18830 1
5850 18830 1
5855 18830 1
5857 18830 1
18871 18830 1
5777 18830 1
5713 18830 1
19111 18830 5
18828 18830 5
6181 18830 1
18853 18830 2
5999 18830 1
19093 18830 4
18957 18830 1
18920 18830 1
18867 18830 1
19112 18830 1
5986 18830 1
5733 18830 1
5707 18830 2
19105 18830 1
6003 18830 1
5660 18830 1
5828 18830 1
5695 18830 1
18887 18831 1
6166 18831 1
6050 18831 1
5834 18831 1
18832 18831 55
6119 18831 1
6092 18831 1
18829 18831 49
5762 18832 2
5909 18832 1
18888 18832 5
18830 18832 56
5916 18832 2
18904 18832 1
5793 18832 1
5823 18832 1
6143 18832 1
6194 18833 1
6024 18833 1
6092 18833 1
5924 18833 1
18946 18833 1
18892 18833 5
18829 18833 49
19107 18833 1
5959 18833 1
18834 18833 62
5952 18833 1
19105 18834 2
5935 18834 1
5762 18834 1
19083 18834 1
5960 18834 1
18920 18834 1
18890 18834 8
18830 18834 49
5840 18834 1
18867 18834 1
18934 18835 1
18881 18835 19
5962 18835 1
6197 18835 1
6173 18835 1
6060 18835 3
6127 18835 1
18852 18835 1
6158 18835 1
6156 18835 1
5993 18835 1
6119 18835 1
18836 18835 47
6124 18835 1
5786 18835 1
5711 18835 1
5940 18835 1
5736 18835 1
6017 18835 1
6196 18835 1
5865 18835 1
18827 18835 1
6186 18835 1
6147 18835 1
5739 18835 1
19092 18835 1
6112 18835 1
5816 18835 1
6109 18836 1
19111 18836 5
5740 18836 1
18853 18836 1
5792 18836 2
5857 18836 1
5707 18836 1
5695 18836 1
18828 18836 5
18876 18836 19
5762 18836 1
19112 18836 1
6107 18836 1
19093 18836 4
18855 18836 3
18838 18837 23
6060 18837 3
6193 18837 1
6186 18837 1
5736 18837 1
6112 18837 1
6124 18837 1
5940 18837 1
6106 18837 1
5761 18837 1
18827 18837 1
19092 18837 1
6017 18837 1
18934 18837 1
6012 18837 1
6158 18837 1
6108 18837 1
6197 18837 1
5694 18837 1
5739 18837 1
18852 18837 1
5865 18837 1
18828 18838 5
5695 18838 5
5857 18838 1
18855 18838 3
18876 18838 19
6107 18838 2
5762 18838 2
19112 18838 1
5792 18838 2
5740 18838 1
18853 18838 1
5707 18838 1
19111 18838 5
19093 18838 4
18840 18839 1
5817 18841 8
18842 18841 9
18839 18841 1
5879 18842 5
18840 18842 1
5950 18842 6
18844 18843 4
5802 18845 1
18846 18845 2
18935 18845 1
18848 18847 4
18876 18848 19
5681 18848 1
18850 18849 11
18851 18849 11
18853 18852 1
18855 18854 2
6113 18854 1
18852 18854 1
18853 18855 3
5722 18855 1
18852 18856 1
5908 18856 1
6113 18856 1
5734 18856 4
18857 18856 7
18920 18857 3
5735 18857 5
18867 18857 2
18853 18857 2
5683 18858 1
18859 18858 2
18890 18859 2
18838 18859 6
18888 18859 3
18832 18859 2
5852 18860 2
18859 18860 4
18858 18860 2
5852 18861 2
18858 18861 2
18859 18861 4
18858 18862 2
18859 18862 2
18859 18863 2
18858 18863 2
18895 18864 2
18858 18864 2
18859 18864 4
6202 18866 1
18867 18866 2
18848 18867 4
18866 18868 2
18857 18868 6
18919 18868 3
18857 18869 6
18868 18869 6
18872 18871 3
18874 18873 4
6168 18875 1
6204 18875 1
19081 18875 9
19120 18875 1
6062 18875 1
6187 18875 1
6114 18875 1
18876 18875 16
6181 18876 1
6134 18876 1
5855 18876 1
5850 18876 1
5660 18876 1
18929 18876 1
5986 18876 1
5828 18876 1
6003 18876 1
6115 18876 1
5713 18876 1
18957 18876 1
18871 18876 1
19117 18876 1
6063 18876 1
5777 18876 1
18875 18877 16
18881 18877 19
18878 18877 20
5680 18877 1
5681 18878 1
18876 18878 19
18875 18879 16
18848 18879 17
18881 18880 19
18848 18880 20
18879 18880 17
18875 18881 16
18876 18881 19
19134 18881 1
5776 18881 1
18881 18882 19
18848 18882 19
6108 18883 1
5736 18883 1
5711 18883 1
18881 18883 19
5739 18883 1
6196 18883 1
18934 18883 1
18838 18883 27
5694 18883 1
18844 18885 4
18888 18887 1
5834 18889 1
18890 18889 5
19107 18889 1
18887 18889 1
5706 18889 1
6197 18889 1
5707 18890 2
18924 18890 2
18888 18890 2
18887 18891 1
18890 18891 2
18891 18892 2
18890 18892 5
18949 18892 2
18892 18893 5
18834 18893 6
5952 18893 1
18892 18894 5
18890 18894 7
5847 18894 2
18887 18895 1
18859 18895 2
18884 18896 2
5848 18896 1
18935 18896 1
5665 18897 1
18898 18897 2
18832 18898 1
18890 18898 1
18838 18898 4
6086 18899 1
18897 18899 2
5877 18899 1
6212 18899 1
18900 18899 9
6154 18899 2
5666 18899 1
6209 18899 1
18922 18900 3
18898 18900 3
18847 18900 1
18903 18902 3
6068 18902 1
18906 18905 2
18935 18905 1
5840 18908 1
18910 18909 1
5662 18911 1
5920 18911 1
18912 18911 9
5805 18911 1
5864 18911 1
6054 18911 1
6073 18911 2
18909 18911 1
19082 18912 3
18910 18912 9
18911 18913 9
18914 18913 9
19095 18914 3
18912 18914 13
6071 18915 1
18914 18915 9
18911 18915 9
18911 18916 9
6071 18916 1
18914 18916 9
18914 18917 9
18911 18917 9
18914 18918 9
18911 18918 9
6096 18919 2
18920 18919 3
18848 18920 4
6068 18920 1
18859 18921 5
6174 18921 1
18890 18922 1
18832 18922 1
18928 18922 1
18838 18922 4
18838 18923 4
18832 18924 1
18838 18924 4
18926 18925 4
18928 18926 3
18925 18926 1
19101 18926 1
18850 18926 3
18927 18926 3
18872 18929 3
18932 18931 1
19122 18933 3
18903 18933 3
18828 18934 1
18935 18936 1
5731 18936 2
18935 18937 1
5977 18937 2
18935 18938 1
18953 18938 2
18935 18939 1
5900 18939 2
6052 18940 2
6053 18940 1
18935 18940 1
5841 18941 2
18935 18941 1
18935 18942 1
19128 18942 2
19084 18942 1
5715 18943 3
18935 18943 1
19118 18943 2
18935 18944 1
5771 18944 1
5918 18944 2
18908 18945 1
5810 18945 2
18935 18945 1
18867 18946 1
5924 18947 1
6024 18947 1
18946 18947 1
6159 18947 1
6197 18947 1
5998 18947 1
18830 18947 7
18947 18948 7
6172 18948 2
6142 18948 1
6011 18948 1
6198 18948 1
6067 18948 1
18832 18948 13
18890 18949 2
5834 18949 1
18849 18951 4
18955 18954 1
18844 18954 4
18957 18956 1
18872 18957 3
6002 19081 1
6182 19081 1
18876 19081 9
5797 19081 1
6015 19081 1
5827 19081 1
6135 19081 1
5712 19081 1
18956 19081 1
18848 19083 4
5935 19084 1
18927 19085 1
18914 19085 1
18903 19087 3
5780 19087 1
18844 19088 4
18955 19088 1
5745 19089 5
5857 19090 1
6107 19090 1
19090 19091 4
19093 19092 1
19097 19096 1
19099 19098 2
6131 19098 1
19096 19098 1
19097 19099 1
18907 19099 1
5840 19100 1
18926 19101 4
19104 19103 4
6181 19103 1
5735 19104 10
18848 19105 4
18890 19107 1
18849 19108 4
18872 19112 3
18872 19113 3
19115 19114 3
18904 19114 1
18847 19116 1
18920 19118 3
19117 19120 1
18874 19121 4
19104 19123 4
19126 19125 1
5725 19126 1
19125 19127 1
5724 19127 1
19126 19127 2
19131 19130 1
6185 19132 1
5689 19132 1
5821 19132 1
19130 19132 1
19133 19132 4
19131 19133 4
5660 19134 1
