8432 8419 1
8424 8419 4
8422 8421 1
8436 8423 1
8454 8423 1
8444 8423 1
8424 8423 5
8421 8423 1
8442 8423 1
8422 8424 3
8443 8424 1
8420 8424 1
8445 8424 2
8455 8424 2
8424 8425 5
8444 8425 1
8442 8425 1
8436 8425 1
8454 8425 1
8421 8425 1
8427 8426 2
8421 8426 1
8436 8426 1
8424 8427 4
8422 8427 2
8421 8428 1
8427 8428 2
8436 8428 1
8422 8429 1
8424 8430 4
8464 8430 1
8451 8430 1
8467 8430 1
8429 8430 1
8432 8431 1
8431 8433 1
8419 8433 1
8431 8434 1
8419 8434 1
8419 8435 1
8431 8435 1
8422 8436 1
8424 8437 4
8447 8438 1
8439 8438 2
8441 8439 2
8440 8439 2
8443 8442 1
8445 8444 1
8465 8447 1
8440 8447 2
8466 8447 1
8441 8447 2
8447 8448 1
8447 8449 1
8447 8450 1
8420 8451 1
8453 8452 2
8447 8452 1
8440 8453 2
8441 8453 2
8455 8454 1
8459 8458 2
8447 8458 1
8440 8459 2
8441 8459 2
8462 8461 3
8460 8461 3
8462 8463 3
8445 8464 1
8455 8467 1
