6588 6587 3
6590 6591 4
6593 6592 3
6945 6595 1
6595 6596 4
6599 6598 1
6598 6600 1
6599 6600 1
6602 6601 3
6601 6603 1
6603 6604 1
6601 6604 2
6604 6605 2
6601 6605 2
6601 6606 3
6604 6606 2
6695 6607 1
6636 6607 1
6606 6607 3
6960 6607 5
6609 6608 2
6677 6608 1
6592 6611 1
6613 6612 1
6612 6614 1
6615 6614 2
6642 6614 1
6945 6615 1
6613 6615 1
6968 6616 1
7107 6618 4
6660 6618 1
6630 6618 1
6621 6620 1
6638 6621 3
6620 6622 1
6970 6622 1
6621 6625 1
6960 6626 1
6625 6626 1
7110 6634 1
6941 6635 1
6634 6635 1
6637 6636 1
6589 6640 1
6640 6641 1
6589 6641 1
6945 6642 1
6642 6643 1
6941 6643 1
6675 6644 1
6954 6644 3
6642 6644 1
6701 6644 1
6642 6645 1
6595 6645 1
6618 6652 1
6654 6653 1
6652 6653 1
6618 6654 1
7105 6654 1
6633 6656 1
6633 6657 1
6656 6657 1
6611 6659 1
6665 6664 3
6668 6667 1
6667 6669 1
6970 6669 1
6970 6670 1
6667 6670 1
7110 6671 1
7105 6672 1
7107 6673 1
6672 6673 1
6672 6674 1
6654 6674 1
6955 6675 1
6954 6676 2
6701 6676 1
6675 6676 1
6609 6677 2
6968 6679 1
6682 6681 3
6611 6683 1
6683 6684 1
6611 6684 1
6704 6687 1
6688 6687 2
6945 6690 1
6690 6691 1
6947 6691 1
6592 6695 1
6695 6696 1
6611 6696 1
7105 6697 1
6697 6698 1
7107 6698 1
6955 6701 1
7105 6705 1
7107 6706 1
6705 6706 1
6705 6707 1
7107 6707 1
6945 6709 1
6709 6710 1
6947 6710 1
7105 6711 1
7110 6714 1
6941 6715 1
6714 6715 1
6714 6716 1
6941 6716 1
7110 6717 1
6941 6718 1
6717 6718 1
7110 6719 1
6719 6720 1
6941 6720 1
7110 6941 5
6945 6941 1
6941 6942 4
7108 6942 1
6945 6944 1
6947 6945 1
6941 6945 1
6944 6946 1
6642 6946 1
6947 6946 2
6945 6947 6
6642 6948 1
6719 6948 1
6671 6948 1
6949 6948 21
6634 6948 1
7109 6948 1
7112 6948 1
6963 6948 1
6717 6948 1
7104 6948 1
6697 6948 1
6944 6948 1
6709 6948 1
6711 6948 1
6672 6948 1
6973 6948 1
6714 6948 1
6705 6948 1
6690 6948 1
7110 6949 6
7105 6949 6
6945 6949 6
6949 6950 23
6948 6950 21
6974 6950 10
6949 6951 23
6948 6951 21
6974 6951 10
7109 6952 1
6709 6952 1
6944 6952 1
6711 6952 1
6717 6952 1
6963 6952 1
6671 6952 1
6949 6952 12
6634 6952 1
7104 6952 1
6672 6952 1
6642 6952 1
6952 6953 12
6949 6953 12
6945 6954 1
6955 6954 2
6972 6955 1
6628 6955 1
6947 6955 4
6958 6957 1
6619 6958 1
6695 6959 1
6960 6959 5
6620 6959 1
6957 6959 1
6679 6959 1
6625 6959 1
6601 6960 3
6637 6960 1
6958 6960 1
7118 6960 2
6621 6960 2
6968 6960 1
6592 6960 1
6945 6963 1
6947 6964 1
6963 6964 1
7105 6965 1
6965 6966 4
6968 6967 1
6610 6968 1
6611 6968 1
6967 6969 1
6970 6969 1
6668 6970 1
6621 6970 1
6968 6970 2
6650 6970 3
6620 6971 1
6970 6971 3
6967 6971 1
6616 6971 1
6945 6973 1
6697 6974 1
6642 6974 1
6949 6974 10
6719 6974 1
6714 6974 1
6690 6974 1
6705 6974 1
6973 6974 1
7112 6974 1
6947 6975 1
6973 6975 1
6973 6976 1
6947 6976 1
7105 7104 1
6965 7105 1
7107 7105 1
7107 7106 1
7104 7106 1
7105 7107 5
7110 7109 1
6941 7110 1
6941 7111 1
7109 7111 1
7105 7112 1
7107 7113 1
7112 7113 1
7112 7114 1
6965 7114 1
7116 7115 4
7118 7117 1
6594 7118 3
7118 7119 2
7117 7119 1
6960 10163 2
7119 10163 2
