12633 9794 6
9795 9794 6
12634 9795 6
10070 9796 1
10233 10072 1
10260 10072 1
12624 10072 3
10072 10073 3
10074 10073 3
10140 10074 4
12624 10074 7
10077 10074 3
10322 10074 1
10192 10074 2
10076 10075 3
10090 10075 1
10250 10075 1
10242 10076 1
12629 10076 1
12620 10076 1
10077 10076 5
10079 10078 1
10081 10080 1
10146 10081 4
10083 10082 3
10085 10084 1
10281 10086 1
10084 10086 1
10101 10086 1
10251 10086 1
10263 10086 1
10334 10086 1
10330 10086 1
10298 10086 1
10314 10086 1
10297 10086 1
10163 10086 1
10260 10086 1
10087 10086 12
10085 10087 9
10102 10087 3
10330 10088 1
10260 10088 1
10084 10088 1
12624 10088 3
10084 10089 1
10330 10089 1
12624 10089 3
12629 10090 1
10092 10091 1
10175 10092 3
10092 10093 1
10091 10093 1
10092 10094 1
10091 10094 1
10092 10095 1
10091 10095 1
10092 10096 1
10091 10096 1
10098 10097 12
10290 10097 1
10352 10097 2
10372 10097 2
10371 10097 1
10197 10097 1
10210 10097 1
10244 10097 1
10388 10097 1
10274 10097 1
10198 10098 11
12634 10099 13
10097 10099 12
10199 10099 12
10102 10101 1
10163 10103 1
10104 10103 3
10314 10103 1
10101 10103 1
10102 10104 3
10163 10105 1
12626 10105 3
10314 10105 1
10101 10105 1
10101 10106 1
10104 10106 2
10106 10107 2
12626 10107 7
10283 10107 1
10183 10107 1
10333 10107 1
10123 10107 2
10307 10108 1
10109 10108 3
10106 10108 2
10104 10109 2
10117 10109 1
10123 10110 2
10106 10110 2
10164 10110 2
10104 10110 6
10314 10111 1
10101 10111 1
10112 10111 3
10163 10111 1
10102 10112 3
10143 10112 3
10101 10113 1
10131 10113 1
10308 10113 1
10314 10113 1
10136 10113 1
10114 10113 5
10132 10114 3
10102 10114 2
10101 10115 1
10163 10115 1
10112 10115 3
10314 10115 1
10117 10116 3
10164 10116 2
10257 10117 1
10079 10117 1
10102 10117 1
10295 10117 1
10104 10117 2
10116 10118 3
10119 10118 3
10117 10119 3
12620 10120 1
10329 10121 1
10253 10121 1
10120 10121 1
12620 10121 6
10364 10121 1
10291 10121 1
10122 10121 1
12620 10122 6
10120 10122 1
10253 10122 1
10329 10122 1
10291 10122 1
10364 10122 1
10104 10123 2
10314 10123 1
10125 10124 1
10146 10125 4
10382 10126 1
10124 10126 1
10127 10126 2
10293 10127 1
10125 10127 1
10129 10128 1
10146 10129 4
10215 10130 1
12631 10130 11
10260 10130 1
10275 10130 1
10318 10130 1
10281 10130 1
10299 10130 1
10334 10130 1
10319 10130 1
10177 10130 1
10128 10130 1
10233 10130 1
10132 10131 1
10338 10133 1
10134 10133 3
10131 10133 1
10163 10133 1
10077 10134 3
10132 10134 1
10102 10134 2
10102 10135 1
10132 10136 2
10187 10137 1
10138 10137 3
10140 10139 1
10146 10140 4
10074 10141 7
10292 10141 1
10235 10141 2
10139 10141 1
10256 10141 1
10321 10141 1
10262 10141 1
10143 10142 1
10146 10143 4
10344 10144 1
10142 10144 1
10112 10144 2
10146 10145 4
10147 10146 16
10153 10148 3
10077 10154 1
10154 10155 1
10077 10155 2
10077 10156 3
10155 10156 2
10134 10157 3
10156 10157 3
10074 10158 3
10156 10158 3
10074 10159 3
10156 10159 3
10077 10160 4
10156 10160 3
10160 10161 4
10211 10161 1
10076 10161 5
10146 10162 4
10102 10163 1
10163 10164 1
10104 10164 2
10338 10165 1
10117 10165 3
10164 10165 2
10117 10166 3
10338 10166 1
10164 10166 2
10164 10167 2
10117 10167 3
10387 10167 1
10179 10168 1
12634 10168 5
10163 10168 1
10338 10168 1
10361 10168 1
10136 10168 1
10112 10169 1
10163 10169 1
10163 10170 1
10112 10170 1
10112 10171 1
10163 10171 1
10163 10172 1
10173 10172 3
10102 10173 1
10085 10173 2
10175 10174 3
12624 10176 2
10297 10176 1
10129 10177 1
10146 10178 4
10180 10179 1
10138 10180 3
10087 10180 1
10182 10181 1
10184 10183 1
10184 10185 1
10183 10185 1
10187 10186 1
10085 10187 1
10186 10188 1
10187 10188 1
10191 10190 1
10146 10192 4
10194 10193 1
10345 10194 3
10194 10195 1
10193 10195 1
10146 10196 4
10198 10197 1
10210 10199 1
10352 10199 2
10197 10199 1
10388 10199 1
10274 10199 1
10244 10199 1
10372 10199 2
10290 10199 1
10098 10199 12
10371 10199 1
10352 10200 2
10290 10200 1
10197 10200 1
12626 10200 4
10352 10201 2
10197 10201 1
12626 10201 7
10383 10201 1
10371 10201 1
10290 10201 1
10372 10201 2
12626 10202 10
10388 10202 1
10352 10202 2
10274 10202 1
10290 10202 1
10372 10202 2
10371 10202 1
10197 10202 1
10244 10202 1
10148 10203 1
10148 10204 1
10203 10204 1
10148 10205 1
10203 10205 1
10146 10206 4
10192 10207 1
12631 10208 1
10207 10208 1
10138 10209 3
10198 10210 1
10077 10211 2
10077 10212 1
10211 10212 1
10214 10213 1
10211 10213 1
10085 10214 3
10077 10214 1
12629 10214 1
10137 10215 1
12626 10216 1
10215 10216 1
10079 10217 2
10376 10217 1
10296 10218 2
10217 10218 2
10332 10218 1
10315 10218 1
10349 10218 1
10382 10218 1
10353 10218 1
10367 10218 1
12626 10218 9
10296 10219 2
10382 10219 1
10367 10219 1
10217 10219 2
12626 10219 8
10349 10219 1
10353 10219 1
10332 10219 1
10217 10220 2
10351 10220 1
10332 10220 1
10373 10220 1
10221 10220 20
10356 10220 1
10280 10220 1
10381 10220 1
10337 10220 1
10367 10220 1
10346 10220 1
10271 10220 1
10378 10220 1
10296 10220 2
10349 10220 1
10380 10220 1
10353 10220 1
10315 10220 1
10293 10221 2
10272 10221 3
10070 10221 1
10182 10221 3
10191 10221 2
10079 10221 3
10077 10221 2
10100 10221 3
10220 10222 20
12626 10222 20
12626 10223 20
10220 10223 20
12626 10224 20
10220 10224 20
12629 10225 1
10298 10226 1
10225 10226 1
10214 10226 5
10357 10226 1
10263 10226 1
10143 10227 1
10227 10228 1
10112 10228 1
10227 10229 1
10112 10229 1
10231 10230 3
10146 10232 4
10234 10233 1
12624 10234 1
10233 10235 1
12624 10235 2
10233 10236 1
10260 10236 1
12624 10236 2
12626 10237 1
10233 10237 1
10077 10239 1
10211 10239 1
10232 10240 1
10300 10241 1
10240 10241 1
10242 10241 2
10258 10242 1
10232 10242 1
10198 10244 1
10376 10245 1
10079 10245 2
12624 10247 2
10251 10247 1
10077 10248 1
10182 10249 1
10242 10250 1
10085 10251 1
12620 10253 1
10146 10255 4
10140 10256 1
10146 10257 4
10146 10258 4
10085 10260 1
10260 10261 1
10173 10261 1
10140 10262 1
10085 10263 1
10263 10264 1
10187 10264 1
10263 10265 1
12626 10265 1
10298 10266 1
10357 10266 1
10263 10266 1
12626 10266 3
10263 10267 1
12624 10267 2
10267 10268 2
12626 10268 2
12626 10269 4
10279 10269 1
10321 10269 1
10267 10269 2
10279 10270 1
10267 10270 2
10074 10270 5
10366 10270 1
10379 10270 1
10272 10271 1
10271 10273 1
10289 10273 1
12626 10273 4
10373 10273 1
10356 10273 1
10198 10274 1
10081 10275 1
10255 10277 1
10363 10278 1
12629 10278 2
10277 10278 1
10298 10279 1
12624 10279 2
10182 10280 1
10085 10281 1
12624 10282 1
10281 10282 1
10209 10283 1
10285 10284 1
10283 10284 1
10209 10285 1
10347 10286 2
10317 10286 1
10173 10286 4
10070 10287 1
10287 10288 1
10070 10288 2
10079 10289 1
10198 10290 1
12620 10291 1
10192 10292 1
10191 10294 1
10293 10296 2
10382 10296 1
10085 10297 1
10085 10298 1
10081 10299 1
10258 10300 1
10104 10302 1
10087 10303 4
10305 10304 1
10191 10306 1
10117 10307 1
10132 10308 1
10310 10309 1
10138 10310 3
10309 10311 1
12626 10311 1
10085 10312 1
10102 10314 1
10100 10315 1
10315 10316 1
12626 10316 5
10346 10316 1
10380 10316 1
10337 10316 1
10378 10316 1
10173 10317 1
10081 10318 1
10129 10319 1
10322 10321 1
10323 10324 3
12626 10325 1
10325 10326 1
12626 10326 1
10173 10327 1
12620 10329 1
10085 10330 1
12624 10331 2
10330 10331 1
10272 10332 1
10234 10333 1
10085 10334 1
10334 10335 1
12624 10335 1
12624 10336 1
10334 10336 1
10077 10337 1
10102 10338 2
10361 10339 1
10340 10339 3
10338 10339 2
10102 10340 2
10132 10340 1
10338 10341 1
10135 10341 1
10117 10342 1
10338 10342 1
10338 10343 1
10117 10343 1
10143 10344 1
10100 10346 1
10173 10347 2
10359 10347 1
10070 10349 1
10182 10351 1
10198 10352 2
10191 10353 1
10254 10354 1
10354 10355 1
10254 10355 1
10100 10356 1
10085 10357 1
12624 10358 1
10357 10358 1
10085 10359 1
10359 10360 1
12624 10360 1
10132 10361 1
10192 10363 1
12620 10364 1
10076 10365 1
10364 10365 1
10192 10366 1
10077 10367 1
10198 10371 1
10383 10372 1
10198 10372 2
10191 10373 1
10257 10374 1
10374 10375 1
10376 10375 1
10117 10375 2
10079 10376 1
10376 10377 1
12626 10377 1
10272 10378 1
10140 10379 1
10079 10380 1
10182 10381 1
10293 10382 1
10198 10383 1
12624 10384 1
10182 10385 1
10295 10387 1
10198 10388 1
12619 12620 8
12620 12621 5
12620 12622 5
12624 12623 6
10247 12623 2
10176 12623 2
10312 12623 1
10234 12624 1
10085 12624 12
10280 12625 1
10281 12625 1
10164 12625 2
12626 12625 58
10346 12625 1
10331 12625 2
10271 12625 1
10351 12625 1
10384 12625 1
10211 12625 1
10249 12625 1
10160 12625 4
10155 12625 2
10245 12625 2
10349 12625 1
10106 12625 2
9796 12625 1
12623 12625 6
10306 12625 1
10248 12625 1
10289 12625 1
10381 12625 1
10332 12625 1
10123 12625 2
10367 12625 1
10356 12625 1
10279 12625 1
10385 12625 1
10181 12625 1
10190 12625 1
10359 12625 1
10089 12625 3
10373 12625 1
10296 12625 2
10353 12625 1
10217 12625 2
10156 12625 3
10382 12625 1
10304 12625 1
10294 12625 1
10315 12625 1
10267 12625 2
10376 12625 1
10288 12625 2
10078 12625 1
10302 12625 1
10104 12626 7
10234 12626 2
10293 12626 2
10077 12626 8
10305 12626 1
10184 12626 1
10272 12626 3
10322 12626 1
10085 12626 5
10221 12626 20
10100 12626 3
10182 12626 6
12624 12626 14
10209 12626 1
10310 12626 1
10070 12626 4
10189 12626 3
10198 12626 10
10102 12626 3
10137 12626 1
10079 12626 6
10191 12626 5
12623 12627 6
12626 12627 6
12629 12628 6
12623 12628 6
12624 12629 6
10255 12629 1
10192 12629 1
10308 12630 1
12631 12630 14
10101 12630 1
10215 12630 1
10136 12630 1
10314 12630 1
10080 12630 1
10131 12630 1
12623 12630 6
10163 12630 1
10102 12631 3
12624 12631 6
10081 12631 4
10085 12631 3
10192 12631 1
10129 12631 3
10137 12631 1
10132 12631 3
10234 12631 1
12629 12632 6
12623 12632 6
10308 12633 1
10327 12633 1
10172 12633 3
12634 12633 6
10098 12634 13
10180 12634 1
10102 12634 2
10132 12634 3
10173 12634 4
