5627 5139 1
5630 5139 2
5883 5139 1
5627 5140 1
5726 5140 1
5630 5140 2
5627 5141 1
5630 5141 3
5726 5141 1
5898 5141 1
5898 5142 1
5184 5142 1
5627 5142 1
5630 5142 3
5630 5143 2
5883 5143 1
5627 5143 1
5627 5144 1
5147 5144 2
5630 5144 3
5877 5144 1
5898 5145 1
5627 5145 1
5991 5145 1
5970 5145 1
5851 5145 1
5566 5145 1
5877 5145 1
5146 5145 7
5442 5146 1
5383 5146 4
5496 5146 1
5579 5146 2
5243 5146 2
5206 5146 1
5170 5146 14
5621 5146 1
5161 5146 1
5628 5146 5
5604 5146 3
5220 5146 2
5439 5146 2
5223 5146 2
5199 5146 6
5436 5146 1
5429 5146 1
5421 5146 1
5192 5146 10
5375 5146 19
5194 5146 3
5576 5146 2
5790 5146 1
5508 5146 1
5377 5146 4
5482 5146 1
5168 5146 1
5344 5146 7
5492 5146 2
5304 5146 2
5217 5146 2
5628 5147 2
5627 5147 1
5149 5148 3
5147 5148 2
5628 5149 2
5970 5150 1
5917 5150 1
5612 5150 1
5828 5150 1
5420 5150 1
5907 5150 1
5695 5150 1
5343 5150 7
5481 5150 1
5850 5150 1
5219 5150 2
5991 5150 1
5609 5150 2
5398 5150 1
5147 5150 2
5509 5150 1
5533 5150 2
5696 5150 1
5895 5150 1
5752 5150 1
5146 5150 51
5880 5150 1
5613 5150 2
5951 5150 1
5708 5150 1
5898 5150 1
5781 5150 1
5374 5150 1
5804 5150 1
5441 5150 1
6008 5150 1
5821 5150 1
5938 5150 1
5499 5150 1
6002 5150 1
5198 5150 1
5614 5150 1
5560 5150 1
5663 5150 1
5485 5150 1
5994 5150 1
5900 5150 1
5149 5151 3
5147 5151 2
5485 5152 1
5153 5152 8
5151 5152 3
5216 5152 1
5670 5152 1
5916 5152 1
5930 5152 1
5496 5153 1
5220 5153 2
5192 5153 8
5492 5153 2
5436 5153 1
5161 5153 4
5149 5153 3
5439 5153 2
5217 5153 1
5375 5153 1
5146 5153 5
5157 5154 1
5155 5154 4
5158 5154 1
5156 5155 5
5161 5160 1
5493 5161 1
5301 5162 1
5160 5162 1
5797 5162 1
5163 5162 6
5657 5162 1
5800 5162 1
5833 5162 1
5208 5163 1
5302 5163 1
5161 5163 1
5192 5163 1
5492 5163 1
5187 5163 1
5165 5164 1
5411 5165 4
5991 5166 1
5763 5166 1
5611 5166 1
5164 5166 1
5193 5166 1
5651 5166 1
5906 5166 1
5582 5166 1
5470 5166 1
5618 5166 1
5814 5166 1
5851 5166 1
5771 5166 1
5736 5166 1
5566 5166 1
5504 5166 1
5770 5166 1
5923 5166 1
5905 5166 1
6013 5166 1
5835 5166 1
5241 5166 1
5602 5166 1
5828 5166 1
5806 5166 1
5938 5166 1
5922 5166 1
6003 5166 1
5569 5166 1
5552 5166 1
5612 5166 1
5708 5166 1
5979 5166 1
5914 5166 1
5228 5166 1
5756 5166 1
5930 5166 1
5826 5166 1
5597 5166 1
5970 5166 1
5985 5166 1
5785 5166 1
5516 5166 1
5557 5166 1
5844 5166 1
5168 5167 1
5918 5169 1
5915 5169 1
5997 5169 1
5343 5169 7
5170 5169 14
5970 5169 1
5839 5169 1
5908 5169 1
5167 5169 1
5317 5170 1
5482 5170 1
5302 5170 1
5342 5170 1
5790 5170 1
5192 5170 2
5442 5170 1
5271 5170 1
5322 5170 2
5161 5170 4
5344 5170 7
5436 5170 3
5168 5170 2
5183 5170 21
5492 5170 1
5970 5171 1
5172 5171 13
5551 5171 1
5437 5171 1
5167 5171 1
5778 5171 1
5343 5171 7
5757 5171 1
5213 5172 3
5344 5172 7
5168 5172 2
5208 5172 7
5790 5172 1
5436 5172 2
5170 5172 4
5970 5173 1
5437 5173 1
5343 5173 7
5967 5173 1
5551 5173 1
5167 5173 1
5757 5173 1
5172 5173 13
5172 5174 10
5343 5174 7
5970 5174 1
5551 5174 1
5167 5174 1
5970 5175 1
5172 5175 11
5879 5175 1
5551 5175 1
5167 5175 1
5343 5175 7
5167 5176 1
5172 5176 9
5343 5176 7
5970 5176 1
5871 5177 1
5167 5177 1
5343 5177 7
5172 5177 10
5970 5177 1
5970 5178 1
5167 5178 1
5172 5178 10
5871 5178 1
5343 5178 7
5167 5179 1
5146 5179 4
5918 5179 1
5609 5179 2
5923 5180 1
5876 5180 1
5167 5180 1
5212 5180 1
5172 5180 5
5834 5180 1
5576 5181 2
5182 5181 6
5604 5181 1
5442 5181 1
5375 5181 1
5192 5181 2
5199 5181 3
5442 5182 1
5576 5182 1
5192 5182 2
5621 5182 1
5304 5182 1
5383 5182 4
5377 5182 3
5146 5182 9
5604 5182 1
5199 5182 6
5185 5184 1
5566 5186 1
5752 5186 1
5663 5186 1
5398 5186 1
5951 5186 1
5880 5186 1
5614 5186 1
5499 5186 1
5821 5186 1
5630 5186 14
5835 5186 1
5420 5186 1
5917 5186 1
5928 5186 1
5184 5186 1
5493 5187 1
5189 5188 1
5409 5189 3
5340 5190 8
5928 5190 1
5497 5190 1
5188 5190 1
5192 5191 1
5493 5192 1
5194 5193 1
5155 5194 4
5812 5194 1
5709 5195 1
5912 5195 1
5666 5195 1
5399 5195 1
5193 5195 1
5264 5195 1
5196 5195 6
5710 5196 1
5400 5196 3
5258 5196 1
5194 5196 1
6013 5197 1
5985 5197 1
5756 5197 1
5485 5197 1
5979 5197 1
5146 5197 7
5900 5197 1
5193 5197 1
5852 5198 1
5944 5198 1
5199 5198 4
5544 5199 4
5604 5199 3
5293 5199 2
5918 5200 1
5146 5200 33
5763 5200 1
5575 5200 1
5533 5200 2
5438 5200 1
5835 5200 1
5495 5200 1
5796 5200 1
5826 5200 1
5609 5200 2
5376 5200 1
5928 5200 1
5560 5200 4
5753 5200 1
5559 5200 1
5814 5200 1
5914 5200 1
5922 5200 1
5504 5200 1
5219 5200 2
5602 5200 1
5198 5200 4
5783 5200 1
5307 5200 1
6002 5200 1
5944 5200 1
5773 5200 1
5219 5201 2
5533 5201 2
5575 5201 1
5609 5201 2
5438 5201 1
5560 5201 4
5198 5201 4
5146 5201 16
5814 5202 1
5944 5202 1
5559 5202 1
5560 5202 4
5182 5202 14
5376 5202 1
5753 5202 1
5900 5202 1
5198 5202 4
5609 5202 2
5763 5202 1
5329 5203 1
5263 5203 2
5204 5203 2
5592 5206 5
5194 5206 1
5205 5206 1
5532 5206 2
5208 5207 1
5493 5208 1
5674 5209 1
5207 5209 1
5210 5209 2
5213 5210 1
5208 5210 1
5790 5211 1
5542 5211 1
5541 5211 1
5213 5212 1
5215 5214 1
5217 5216 1
5327 5217 1
5215 5217 1
5258 5217 1
5157 5217 1
5818 5217 1
5158 5217 1
5220 5217 1
5796 5218 1
5504 5218 1
5219 5218 2
5935 5218 1
5914 5218 1
5153 5218 20
5695 5218 1
5826 5218 1
5835 5218 1
5495 5218 1
5928 5218 1
5602 5218 1
5438 5218 1
5916 5218 1
5997 5218 1
5922 5218 1
5307 5218 1
5670 5218 1
5918 5218 1
5930 5218 1
5216 5218 1
5216 5219 1
5220 5219 2
5616 5220 4
5217 5220 5
5835 5221 1
5602 5221 1
5438 5221 1
5928 5221 1
5219 5221 2
5153 5221 11
5826 5221 1
5922 5221 1
5307 5221 1
5914 5221 1
5504 5221 1
5223 5222 1
5158 5223 1
5818 5223 1
5243 5223 1
5258 5223 1
5327 5223 1
5215 5223 1
5157 5223 1
5890 5224 1
5321 5224 1
5618 5224 1
5225 5224 8
5611 5224 1
6011 5224 1
5222 5224 1
5516 5224 1
5651 5224 1
5223 5225 9
5604 5225 3
5217 5225 9
5377 5225 3
5790 5226 1
5227 5226 4
5183 5227 7
5790 5227 1
5194 5228 1
5230 5229 3
5232 5231 1
5510 5233 1
5725 5233 1
5234 5233 13
5582 5233 1
5842 5233 1
5653 5233 1
5908 5233 1
5978 5233 1
5875 5233 1
5231 5233 1
5999 5233 1
5531 5233 1
5540 5233 1
5523 5233 1
5429 5234 1
5568 5234 1
5344 5234 7
5183 5234 5
5271 5234 1
5621 5234 1
5232 5234 24
5442 5234 1
5523 5235 1
5845 5235 1
5725 5235 1
5336 5235 15
5582 5235 1
5231 5235 1
5875 5235 1
5842 5235 1
5339 5235 16
5236 5235 25
5232 5236 12
5183 5236 3
5335 5236 19
5568 5236 1
5234 5236 1
5331 5236 10
5271 5236 1
5238 5237 1
5286 5238 5
5238 5239 2
5667 5239 1
5237 5239 1
5223 5241 1
5241 5242 1
5243 5242 3
5708 5242 1
5736 5242 1
5766 5243 4
5223 5243 5
5245 5244 3
5724 5244 2
5295 5246 3
5342 5246 1
5271 5246 4
5799 5246 1
5496 5246 3
5710 5246 1
5223 5246 1
5570 5246 1
5317 5246 1
5302 5246 5
5322 5246 7
5217 5246 1
5367 5246 2
5170 5246 4
5377 5247 3
5383 5247 4
5621 5247 1
5182 5247 6
5342 5248 1
5579 5248 2
5243 5248 2
5146 5248 5
5344 5248 7
5223 5248 1
5183 5249 3
5628 5249 1
5621 5250 1
5183 5250 3
5232 5250 10
5442 5250 1
5442 5251 1
5183 5251 3
5232 5251 2
5429 5251 1
5621 5251 1
5183 5252 3
5183 5253 3
5227 5254 4
5234 5255 5
5568 5255 1
5621 5255 1
5232 5255 16
5442 5255 1
5183 5255 3
5234 5256 4
5183 5257 3
5183 5258 11
5323 5258 1
5260 5259 3
5261 5259 4
5262 5261 6
5258 5264 1
5266 5265 1
5693 5266 3
5434 5266 4
5268 5267 1
5265 5267 1
5266 5268 8
5317 5268 8
5528 5268 6
5259 5268 11
5996 5269 1
5805 5269 1
5268 5269 8
5977 5269 1
5265 5269 1
5494 5269 2
5547 5269 1
5543 5269 1
5271 5270 1
5552 5272 1
5771 5272 1
5933 5272 1
5837 5272 1
5902 5272 1
5270 5272 1
5943 5272 1
5273 5272 9
5986 5272 1
5705 5273 1
5271 5273 1
5292 5273 6
5290 5273 6
5704 5273 1
5703 5273 1
5553 5273 1
5165 5273 1
5238 5273 2
5288 5273 6
5702 5273 1
5772 5273 1
5825 5273 1
5287 5273 6
5322 5273 1
5706 5273 1
5707 5273 1
5289 5273 6
5375 5273 1
5291 5273 6
5436 5273 1
5273 5274 10
5272 5274 9
5837 5274 1
5902 5274 1
5986 5274 1
5847 5274 1
5552 5275 1
5270 5275 1
5771 5275 1
5272 5275 9
5986 5275 1
5902 5275 1
5273 5275 9
5837 5275 1
5902 5276 1
5823 5276 1
5837 5276 1
5273 5276 10
5986 5276 1
5272 5276 9
5272 5277 9
5986 5277 1
5837 5277 1
5823 5277 1
5902 5277 1
5273 5277 10
5902 5278 1
5823 5278 1
5273 5278 10
5272 5278 9
5986 5278 1
5837 5278 1
5902 5279 1
5986 5279 1
5823 5279 1
5837 5279 1
5943 5279 1
5273 5279 10
5272 5279 9
5273 5280 9
5272 5280 9
5943 5280 1
5902 5280 1
5837 5280 1
5552 5281 1
5273 5281 9
5270 5281 1
5837 5281 1
5902 5281 1
5986 5281 1
5933 5281 1
5771 5281 1
5272 5281 9
5552 5282 1
5273 5282 9
5933 5282 1
5771 5282 1
5272 5282 9
5986 5283 1
5902 5283 1
5272 5283 9
5837 5283 1
5273 5283 9
5217 5284 1
5619 5285 1
5756 5285 1
5985 5285 1
5225 5285 8
5979 5285 1
5993 5285 1
5980 5285 1
6013 5285 1
5284 5285 1
5273 5286 6
5294 5293 8
5542 5294 1
5155 5295 4
5192 5296 1
5922 5297 1
5828 5297 1
5814 5297 1
5835 5297 1
5826 5297 1
5566 5297 1
5839 5297 1
5953 5297 1
5504 5297 1
5602 5297 1
5898 5297 1
5921 5297 1
5696 5297 1
5296 5297 1
5763 5297 1
5822 5297 1
5298 5299 4
5302 5301 1
5493 5302 1
5304 5303 1
5722 5304 2
5303 5305 1
5306 5305 1
5304 5306 1
5192 5307 1
5437 5308 1
5309 5308 4
5757 5308 1
5307 5308 1
5914 5308 1
5192 5309 2
5208 5309 2
5614 5310 1
5821 5310 1
5602 5310 1
5398 5310 1
5763 5310 1
5880 5310 1
5566 5310 1
5914 5310 1
5917 5310 1
5752 5310 1
5630 5310 15
5835 5310 1
5307 5310 1
5420 5310 1
5898 5310 1
5928 5310 1
5314 5313 2
5441 5313 1
5442 5314 1
5314 5315 2
5441 5315 1
5313 5315 2
5317 5316 1
5865 5317 4
5885 5317 3
5887 5318 1
5316 5318 1
5936 5318 2
5836 5318 1
5580 5318 1
5769 5318 1
5268 5318 8
5827 5318 1
5316 5319 1
5320 5319 4
5970 5319 1
5898 5319 1
5856 5319 1
5317 5320 1
5790 5320 1
5741 5320 1
5628 5320 1
5217 5321 1
5329 5322 1
5323 5322 4
5324 5323 4
5326 5323 4
5325 5323 4
5328 5323 4
5158 5323 4
5258 5323 4
5327 5326 8
5331 5330 1
5849 5332 1
5236 5332 5
5330 5332 1
5908 5332 1
5954 5332 1
5952 5332 1
5545 5333 1
5617 5333 1
5692 5333 1
5330 5333 1
5954 5333 1
5236 5333 5
5952 5334 1
5692 5334 1
5849 5334 1
5362 5334 1
5330 5334 1
5582 5334 1
5468 5334 1
5335 5334 8
5331 5335 14
5568 5335 1
5867 5336 1
5335 5336 15
5340 5336 8
5513 5336 1
5334 5336 8
5999 5337 1
5725 5337 1
5336 5337 15
5339 5337 16
5978 5337 1
5523 5337 1
5842 5337 1
5236 5337 24
5582 5337 1
5582 5338 1
5336 5338 15
5842 5338 1
5523 5338 1
5236 5338 24
5653 5338 1
5725 5338 1
5340 5338 8
5540 5338 1
5339 5338 16
5340 5339 8
5950 5339 1
5784 5339 1
5335 5339 16
5545 5339 1
5334 5339 8
5617 5339 1
5998 5339 1
5692 5340 1
5335 5340 8
5950 5340 1
5760 5340 1
5362 5340 1
5582 5340 1
5545 5340 1
5330 5340 1
5342 5341 1
5261 5342 1
5159 5342 1
5790 5342 1
5981 5343 1
5777 5343 1
5344 5343 7
5620 5343 1
5948 5343 1
5341 5343 1
5650 5343 1
5342 5344 6
5426 5344 4
5685 5345 1
5248 5345 8
5343 5345 7
5685 5346 1
5343 5346 7
5995 5346 1
5248 5346 9
5343 5347 7
5248 5347 7
5848 5348 1
5523 5348 1
5764 5348 1
5842 5348 1
5582 5348 1
5683 5348 1
5234 5348 28
6010 5348 1
5417 5348 1
5859 5348 1
5696 5348 1
5556 5348 1
5518 5348 1
5932 5348 1
5441 5348 1
5845 5348 1
6000 5348 1
5940 5348 3
5343 5348 7
6008 5348 1
5725 5348 1
5696 5349 1
5343 5349 7
6008 5349 1
5441 5349 1
5350 5349 10
5442 5350 1
5344 5350 7
5621 5350 1
5429 5350 1
5350 5351 10
5696 5351 1
6008 5351 1
5343 5351 7
5441 5351 1
5172 5352 10
5970 5352 1
5343 5352 7
5514 5352 1
5834 5352 1
5172 5353 10
5343 5353 7
5970 5353 1
5879 5353 1
5834 5353 1
5970 5354 1
5871 5354 1
5834 5354 1
5343 5354 7
5172 5354 10
5514 5355 1
5670 5355 1
5441 5355 1
5897 5355 1
5343 5355 7
5170 5355 22
5876 5355 1
5930 5355 1
5816 5355 1
5834 5355 1
5798 5355 1
5868 5355 1
5481 5355 1
5695 5355 1
5928 5355 1
5970 5355 1
5916 5355 1
5834 5356 1
5172 5356 9
5343 5356 7
5970 5356 1
5970 5357 1
5834 5357 1
5172 5357 9
5343 5357 7
5970 5358 1
5343 5358 7
5172 5358 9
5834 5358 1
5967 5359 1
5172 5359 10
5970 5359 1
5834 5359 1
5343 5359 7
5343 5360 7
5172 5360 8
5970 5360 1
5172 5361 12
5967 5361 1
5879 5361 1
6009 5361 1
5970 5361 1
5834 5361 1
5343 5361 7
5331 5362 1
5271 5363 1
5934 5364 1
5816 5364 1
5363 5364 1
5869 5364 1
5882 5364 1
5949 5364 1
5915 5364 1
5246 5364 10
5906 5364 1
5495 5364 1
5908 5364 1
5367 5366 1
5158 5367 4
5888 5368 1
5868 5368 1
5906 5368 1
5798 5368 1
5793 5368 1
5801 5368 1
5897 5368 1
5589 5368 1
5246 5368 10
5910 5368 1
5366 5368 1
5366 5369 1
5367 5369 1
5589 5370 1
5723 5370 1
5615 5370 1
5366 5370 1
5786 5370 1
5246 5370 6
5915 5370 1
5323 5371 1
5371 5372 1
5258 5372 1
5371 5373 1
5323 5373 1
5375 5374 1
5323 5375 4
5377 5376 1
5258 5377 1
5293 5377 1
5327 5377 1
5157 5377 1
5383 5377 1
5158 5377 1
5215 5377 1
5560 5378 4
5559 5378 1
5376 5378 1
5247 5378 5
5753 5378 1
5247 5379 5
5560 5379 4
5376 5379 1
5559 5379 1
5559 5380 1
5376 5380 1
5560 5380 4
5247 5380 5
5376 5381 1
5559 5381 1
5560 5381 4
5247 5381 5
5383 5382 1
5376 5382 1
5293 5383 2
5694 5383 4
5377 5383 3
5385 5384 1
5384 5386 1
5709 5386 1
5387 5386 3
5652 5386 1
5710 5387 1
5385 5387 12
5628 5388 1
5388 5389 1
5628 5389 1
5391 5390 1
5732 5391 3
5393 5392 9
5856 5392 1
5427 5392 1
5430 5392 1
5676 5392 1
5841 5392 1
5601 5392 1
5390 5392 1
5741 5393 1
5391 5393 1
5431 5393 1
5213 5393 1
5428 5393 8
5512 5394 1
5675 5394 7
5393 5394 16
5392 5394 9
5395 5396 4
5375 5398 1
5400 5399 1
5259 5401 2
5401 5402 2
5259 5402 3
5864 5403 1
5515 5403 1
5598 5403 2
5713 5403 2
5268 5403 10
5402 5403 3
5929 5403 1
5401 5404 1
5259 5404 2
5268 5405 2
5404 5405 2
5208 5406 1
5789 5407 1
6004 5407 1
5755 5407 1
5546 5407 1
5522 5407 1
5920 5407 1
5838 5407 1
5677 5407 1
5746 5407 1
5408 5407 12
5537 5407 1
5406 5407 1
5565 5407 1
5747 5408 1
5208 5408 4
5295 5408 1
5192 5408 5
5538 5408 1
5409 5410 3
5414 5413 1
5414 5415 1
5413 5415 1
5232 5417 1
5848 5418 1
5554 5418 1
5940 5418 3
5523 5418 1
5842 5418 1
6008 5418 1
5441 5418 1
5582 5418 1
5255 5418 13
5845 5418 1
5417 5418 1
5932 5418 1
5523 5419 1
5255 5419 11
5842 5419 1
5932 5419 1
5848 5419 1
5940 5419 3
5845 5419 1
6008 5419 1
5441 5419 1
5417 5419 1
5375 5420 1
5424 5422 4
5423 5422 3
5425 5424 5
5428 5427 1
5426 5429 4
5431 5430 1
5302 5432 1
5868 5433 1
5767 5433 1
5432 5433 1
5881 5433 1
5798 5433 1
5915 5433 1
5897 5433 1
5888 5433 1
5589 5433 1
5786 5433 1
5754 5433 1
5893 5433 1
5246 5433 14
5615 5433 1
5723 5433 1
5435 5434 5
5323 5436 4
5329 5436 1
5208 5437 1
5439 5438 1
5796 5440 1
5575 5440 1
5438 5440 1
5997 5440 1
5507 5440 1
5935 5440 1
5146 5440 6
5442 5441 1
5426 5442 4
5181 5443 2
5900 5443 1
5441 5443 1
5181 5444 2
5900 5444 1
5441 5444 1
5446 5445 7
5696 5445 1
5991 5445 1
5709 5445 1
5891 5445 1
5441 5445 1
6008 5445 1
5970 5445 1
5194 5446 1
5442 5446 1
5429 5446 1
5790 5446 1
5397 5446 1
5621 5446 1
5710 5446 1
6008 5447 1
5441 5447 1
5446 5447 2
6008 5448 1
5696 5448 1
5441 5448 1
5234 5448 4
5523 5448 1
5696 5449 1
5441 5449 1
5523 5449 1
5251 5449 4
6008 5449 1
5842 5450 1
5255 5450 4
5523 5450 1
5441 5450 1
6008 5450 1
5932 5451 1
5518 5451 1
5848 5451 1
6010 5451 1
5683 5451 1
5764 5451 1
5556 5451 1
5954 5451 1
6008 5451 1
5255 5451 12
6000 5451 1
5859 5451 1
5441 5451 1
5441 5452 1
6008 5452 1
5250 5452 2
5250 5453 3
6008 5453 1
5441 5453 1
6010 5453 1
5441 5454 1
5250 5454 3
6008 5454 1
5859 5454 1
5441 5455 1
5250 5455 3
6008 5455 1
5556 5455 1
5441 5456 1
5250 5456 4
5932 5456 1
5848 5456 1
6008 5456 1
6008 5457 1
5441 5457 1
5250 5457 2
5523 5458 1
6008 5458 1
5842 5458 1
5441 5458 1
5255 5458 4
5441 5459 1
5460 5459 4
6008 5459 1
5775 5459 2
5442 5460 1
5621 5460 1
5776 5460 2
6008 5461 1
5441 5461 1
5460 5461 2
5441 5462 1
6008 5462 1
5460 5462 2
5441 5463 1
6008 5463 1
5460 5463 2
5460 5464 4
5441 5464 1
6008 5464 1
5775 5464 2
6008 5465 1
5441 5465 1
5775 5465 2
5460 5465 4
5441 5466 1
5775 5466 2
6008 5466 1
5460 5466 4
5182 5467 4
6008 5467 1
5612 5467 1
5900 5467 1
5441 5467 1
5331 5468 1
5236 5469 6
5468 5469 1
5998 5469 1
5950 5469 1
5954 5469 1
5849 5469 1
5513 5469 1
5217 5470 1
5220 5471 3
5844 5471 1
5470 5471 1
5938 5471 1
5473 5472 1
5673 5473 4
5472 5474 1
6005 5474 1
5990 5474 1
5475 5474 3
5396 5475 1
5718 5475 3
5473 5475 1
5803 5475 1
5475 5476 2
5472 5476 1
5990 5476 1
5475 5477 3
5472 5477 1
6005 5477 1
5990 5477 1
6005 5478 1
5990 5478 1
5472 5478 1
5475 5478 3
5990 5479 1
5475 5479 2
5472 5479 1
5482 5481 2
5982 5481 1
5208 5482 1
5385 5483 1
5817 5484 1
5860 5484 1
5483 5484 1
5387 5484 11
5768 5484 1
5665 5484 1
5600 5484 1
5709 5484 1
5886 5484 1
5840 5484 1
5937 5484 1
5782 5484 1
5439 5485 1
5485 5486 1
5146 5486 2
5900 5486 1
5900 5487 1
5146 5487 2
5485 5487 1
5753 5488 1
5900 5488 1
5485 5488 1
5991 5488 1
5146 5488 7
5852 5488 1
5559 5488 1
5944 5488 1
5153 5489 1
5485 5489 1
5485 5490 1
5153 5490 1
5493 5492 1
5517 5494 1
5266 5494 2
5496 5495 1
5249 5497 1
5497 5498 1
5249 5498 1
5375 5499 1
5501 5500 1
5592 5501 2
5206 5501 8
5503 5502 9
5500 5502 1
5593 5502 8
5592 5503 1
5501 5503 2
5206 5503 8
5192 5504 1
5506 5505 3
5508 5507 1
5157 5508 4
5375 5509 1
5232 5510 1
5842 5511 1
5531 5511 1
5845 5511 1
5725 5511 1
5510 5511 1
5236 5511 6
5523 5511 1
5428 5512 1
5331 5513 1
5436 5514 1
5259 5515 1
5223 5516 1
5266 5517 1
5232 5518 1
5518 5519 1
5250 5519 1
5792 5520 1
5521 5520 2
5208 5522 1
5232 5523 1
5255 5524 3
5523 5524 1
5725 5524 1
5842 5524 1
5527 5526 5
5526 5528 4
5529 5528 3
5232 5531 1
5995 5533 1
5243 5533 2
5995 5534 1
5773 5534 1
5248 5534 5
5915 5534 1
5783 5534 1
5533 5534 2
5773 5535 1
5783 5535 1
5533 5535 2
5915 5535 1
5248 5535 5
5538 5537 1
5537 5539 1
6004 5539 1
5746 5539 1
5789 5539 1
5408 5539 5
5755 5539 1
5232 5540 1
5294 5541 4
5294 5542 4
5266 5543 1
5331 5545 1
5192 5546 1
5266 5547 1
5549 5548 4
5550 5549 7
5213 5551 1
5553 5552 1
5234 5554 1
5232 5556 1
5528 5557 1
5557 5558 1
5268 5558 1
5377 5559 1
5753 5560 1
5559 5560 1
5383 5560 4
6008 5561 1
5247 5561 2
5559 5561 1
6008 5562 1
5247 5562 2
5559 5562 1
5559 5563 1
6008 5563 1
5247 5563 2
5247 5564 2
6008 5564 1
5559 5564 1
5208 5565 1
5628 5566 1
5566 5567 1
5249 5567 1
5570 5569 1
5327 5570 4
5569 5571 1
5882 5571 1
5868 5571 1
5897 5571 1
5246 5571 10
5906 5571 1
5798 5571 1
5754 5571 1
5767 5571 1
5793 5571 1
5910 5571 1
5217 5572 1
5572 5573 1
5758 5573 1
5246 5573 2
5220 5574 1
5572 5574 1
5576 5575 1
5609 5577 2
5198 5577 1
5814 5577 1
5181 5577 8
5763 5577 1
5944 5577 1
5575 5577 1
6002 5577 1
5763 5578 1
5198 5578 1
5609 5578 2
5814 5578 1
6002 5578 1
5181 5578 7
5575 5578 1
5215 5579 1
5317 5580 1
5580 5581 1
5268 5581 3
5827 5581 1
5836 5581 1
5568 5582 1
5582 5583 1
5584 5583 2
5568 5584 1
5808 5585 1
5583 5585 2
5584 5585 3
5914 5586 1
5587 5586 3
5582 5586 1
5895 5586 1
5568 5587 1
5375 5587 1
5192 5587 1
5914 5588 1
5895 5588 1
5582 5588 1
5587 5588 3
5322 5589 1
5246 5590 7
5589 5590 1
5615 5590 1
5897 5590 1
5888 5590 1
5723 5590 1
5767 5590 1
5798 5590 1
5592 5591 1
5622 5593 1
5991 5593 1
5206 5593 8
5727 5593 1
5591 5593 1
5815 5593 1
5877 5593 1
5745 5593 1
5501 5594 8
5593 5594 8
5622 5595 1
5593 5595 8
5501 5595 8
5593 5596 8
5911 5596 1
5503 5596 9
5326 5597 1
5259 5598 2
5155 5599 4
5385 5600 1
5428 5601 1
5192 5602 1
5604 5603 1
5199 5604 1
5157 5604 1
5258 5604 1
5293 5604 1
5215 5604 1
5158 5604 1
5327 5604 1
5852 5605 1
5606 5605 2
5603 5605 1
5604 5606 2
5214 5606 1
5606 5607 3
5603 5607 1
5852 5607 1
5671 5607 1
5606 5608 2
5603 5608 1
5852 5608 1
5199 5609 2
5603 5609 1
5979 5610 1
5146 5610 7
5918 5610 1
5985 5610 1
5756 5610 1
5609 5610 2
6013 5610 1
5377 5611 1
5304 5612 1
5612 5613 1
5304 5613 2
5375 5614 1
5322 5615 1
5331 5617 1
5217 5618 1
5217 5619 1
5342 5620 1
5426 5621 4
5592 5622 1
5745 5623 1
5501 5623 2
5622 5623 1
5622 5624 1
5503 5624 1
5626 5625 3
5628 5627 2
5898 5627 1
5159 5628 4
5147 5629 2
5627 5629 1
5630 5629 4
5883 5629 1
5566 5629 1
5206 5630 1
5429 5630 1
5185 5630 3
5170 5630 4
5628 5630 5
5375 5630 18
5149 5630 4
5192 5630 12
5614 5631 1
5850 5631 1
5499 5631 1
5922 5631 1
5627 5631 1
5696 5631 1
5821 5631 1
5895 5631 1
5826 5631 1
5752 5631 1
5814 5631 1
6002 5631 1
5880 5631 1
5420 5631 1
5566 5631 1
5994 5631 1
5374 5631 1
5602 5631 1
5398 5631 1
5804 5631 1
5951 5631 1
5504 5631 1
5663 5631 1
5835 5631 1
5763 5631 1
5914 5631 1
5630 5631 32
5917 5631 1
5184 5631 1
5307 5631 1
5928 5631 1
5509 5631 1
5907 5631 1
5752 5632 1
5898 5632 1
5921 5632 1
5566 5632 1
5883 5632 1
5630 5632 15
5151 5632 3
5627 5632 1
5994 5632 1
5877 5632 1
5398 5632 1
5148 5632 3
5191 5632 1
5499 5632 1
5781 5632 1
5895 5633 1
5907 5633 1
5928 5633 1
5880 5633 1
5374 5633 1
5614 5633 1
5630 5633 11
6002 5633 1
5627 5633 1
5914 5633 1
5184 5633 1
5307 5633 1
5630 5634 3
5627 5634 1
5928 5634 1
5883 5634 1
5184 5635 1
5928 5635 1
5630 5635 3
5627 5635 1
5627 5636 1
5630 5636 3
5928 5636 1
5883 5636 1
5630 5637 2
5184 5637 1
5627 5637 1
5630 5638 2
5184 5638 1
5627 5638 1
5622 5649 1
5503 5649 1
5342 5650 1
5604 5651 1
5385 5652 1
5232 5653 1
5655 5654 3
5208 5657 1
5659 5658 2
5946 5658 1
5661 5660 3
5375 5663 1
5549 5664 4
5385 5665 1
5400 5666 1
5238 5667 1
5669 5668 3
5161 5670 1
5214 5671 1
5606 5672 1
5671 5672 1
5213 5674 1
5674 5675 1
5856 5675 1
5791 5675 1
5393 5675 7
5984 5675 1
5811 5675 1
5428 5676 1
5192 5677 1
5326 5678 1
5678 5679 1
5810 5679 1
5680 5679 2
5570 5680 1
5326 5680 1
5680 5681 2
5678 5681 1
5810 5681 1
5680 5682 2
5810 5682 1
5678 5682 1
5232 5683 1
5683 5684 1
5250 5684 1
5248 5685 1
5685 5686 1
5687 5686 1
5248 5687 1
5687 5688 1
5685 5688 1
5689 5690 3
5331 5692 1
5161 5695 1
5429 5696 1
5696 5697 1
5446 5697 1
5232 5698 1
5940 5699 3
5698 5699 1
5829 5699 1
5255 5699 5
5700 5701 3
5223 5708 1
5710 5709 1
5709 5711 1
5446 5711 1
5793 5712 1
5246 5712 2
5709 5712 1
5259 5713 2
5715 5714 2
5716 5714 4
5870 5714 1
5857 5717 1
6005 5717 1
5718 5717 3
5733 5718 1
5803 5718 1
5475 5719 3
5717 5719 3
5304 5720 1
5721 5720 3
5322 5723 1
5232 5725 1
5185 5726 1
5592 5727 1
5528 5730 1
5931 5731 1
5730 5731 1
5858 5731 1
5830 5731 1
5268 5731 5
5843 5731 1
5541 5734 1
5970 5735 1
5211 5735 2
5734 5735 1
5223 5736 1
5525 5737 1
5737 5738 1
5739 5738 1
5525 5739 2
5737 5740 1
5739 5740 1
5854 5741 1
5743 5742 3
5592 5745 1
5747 5746 1
5217 5748 1
5806 5749 1
5225 5749 8
5913 5749 1
6003 5749 1
5945 5749 1
5905 5749 1
5748 5749 1
5770 5749 1
5788 5749 1
5714 5750 1
5750 5751 1
5714 5751 1
5375 5752 1
5377 5753 1
5302 5754 1
5192 5755 1
5217 5756 1
5208 5757 1
5223 5758 1
5243 5759 1
5758 5759 1
5331 5760 1
5761 5762 3
5192 5763 1
5232 5764 1
5764 5765 1
5250 5765 1
5322 5767 1
5385 5768 1
5317 5769 1
5223 5770 1
5772 5771 1
5579 5773 1
5915 5774 1
5773 5774 1
5248 5774 3
5783 5774 1
5776 5775 2
5990 5775 1
5396 5776 1
5342 5777 1
5208 5778 1
5780 5779 3
5628 5781 1
5385 5782 1
5579 5783 1
5331 5784 1
5161 5785 1
5496 5786 1
5881 5787 1
5786 5787 1
5246 5787 3
5915 5787 1
5217 5788 1
5192 5789 1
5428 5791 1
5496 5793 1
5793 5794 1
5246 5794 1
5793 5795 1
5246 5795 1
5375 5796 1
5492 5797 1
5322 5798 1
5187 5800 1
5295 5801 1
5246 5802 1
5801 5802 1
5375 5804 1
5266 5805 1
5217 5806 1
5584 5808 1
5808 5809 1
5584 5809 1
5570 5810 1
5428 5811 1
5550 5813 3
5192 5814 1
5592 5815 1
5317 5816 1
5385 5817 1
5724 5819 1
5244 5820 2
5819 5820 1
5896 5820 1
5375 5821 1
5747 5822 1
5238 5823 1
5823 5824 1
5238 5824 1
5192 5826 1
5317 5827 1
5194 5828 1
5232 5829 1
5528 5830 1
5830 5831 1
5268 5831 1
5192 5833 1
5168 5834 1
5192 5835 1
5317 5836 1
5322 5837 1
5192 5838 1
5192 5839 1
5385 5840 1
5428 5841 1
5232 5842 1
5528 5843 1
5217 5844 1
5234 5845 1
5238 5847 1
5232 5848 1
5331 5849 1
5375 5850 1
5421 5851 1
5604 5852 1
5854 5853 1
5853 5855 1
5741 5855 1
5741 5856 1
5733 5857 1
5528 5858 1
5232 5859 1
5385 5860 1
5542 5861 1
5861 5862 1
5294 5862 1
5211 5863 1
5861 5863 1
5259 5864 1
5866 5865 5
5331 5867 1
5302 5868 1
5367 5869 1
5213 5871 1
5871 5872 1
5213 5872 1
5871 5873 1
5172 5873 1
5232 5875 1
5436 5876 1
5206 5877 1
5208 5879 1
5375 5880 1
5295 5881 1
5302 5882 1
5185 5883 1
5630 5884 1
5883 5884 1
5385 5886 1
5317 5887 1
5322 5888 1
5217 5890 1
5397 5891 1
5891 5892 1
5446 5892 1
5302 5893 1
5375 5895 1
5724 5896 1
5322 5897 1
5628 5898 1
5898 5899 1
5628 5899 2
5903 5899 1
5576 5900 1
5900 5901 1
5181 5901 1
5375 5902 1
5628 5903 1
5903 5904 1
5628 5904 1
5377 5905 1
5295 5906 1
5375 5907 1
5271 5908 1
5799 5910 1
5501 5911 1
5400 5912 1
5223 5913 1
5192 5914 1
5342 5915 1
5161 5916 1
5375 5917 1
5436 5918 1
5918 5919 1
5146 5919 1
5208 5920 1
5192 5921 1
5192 5922 1
5208 5923 1
5482 5924 1
5923 5924 1
5923 5925 1
5482 5925 1
5525 5926 1
5926 5927 1
5739 5927 1
5192 5928 1
5259 5929 1
5161 5930 1
5528 5931 1
5232 5932 1
5165 5933 1
5271 5934 1
5492 5935 1
5317 5936 2
5385 5937 1
5217 5938 1
5232 5939 1
5947 5940 1
5234 5940 3
5939 5940 1
5940 5941 3
5942 5941 3
5234 5942 3
5825 5943 1
5604 5944 1
5223 5945 1
5232 5947 1
5342 5948 1
5271 5949 1
5331 5950 1
5375 5951 1
5331 5952 1
5747 5953 1
5232 5954 1
5255 5955 1
5954 5955 1
5250 5956 1
5954 5956 1
5954 5957 1
5255 5957 1
5954 5958 1
5255 5958 1
5954 5959 1
5250 5959 1
5954 5960 1
5255 5960 1
5954 5961 1
5255 5961 1
5954 5962 1
5234 5962 1
5236 5963 1
5954 5963 1
5954 5964 1
5234 5964 1
5251 5965 1
5954 5965 1
5234 5966 1
5954 5966 1
5208 5967 1
5790 5970 1
5227 5971 1
5970 5971 1
5226 5972 1
5970 5972 1
5970 5973 1
5227 5973 1
5970 5974 1
5226 5974 1
5970 5975 1
5227 5975 1
5446 5976 1
5970 5976 1
5266 5977 1
5232 5978 1
5377 5979 1
5223 5980 1
5342 5981 1
5482 5982 1
5428 5984 1
5223 5985 1
5436 5986 1
5266 5987 1
5987 5988 1
5989 5988 1
5266 5989 1
5396 5990 1
5194 5991 1
5446 5992 1
5991 5992 1
5223 5993 1
5375 5994 1
5223 5995 1
5266 5996 1
5492 5997 1
5331 5998 1
5232 5999 1
5232 6000 1
6000 6001 1
5250 6001 1
5375 6002 1
5604 6003 1
5295 6004 1
5803 6005 1
5718 6006 1
6005 6006 1
5475 6007 1
6005 6007 1
5621 6008 1
5208 6009 1
5232 6010 1
5223 6011 1
5604 6013 1
