14792 14790 4
14791 14790 4
15210 14791 5
14794 14793 1
15324 14795 1
14796 14795 5
15268 14795 1
15521 14795 1
14793 14795 1
15166 14796 37
15161 14796 2
15259 14796 5
15273 14796 5
14794 14796 31
15187 14796 11
15153 14796 8
15149 14796 23
15557 14797 1
15412 14797 1
15198 14797 4
15334 14797 5
15195 14797 1
15214 14797 2
15540 14797 1
15589 14797 1
15521 14797 1
14795 14797 5
15577 14797 1
15170 14797 24
15529 14797 1
14796 14797 40
15149 15148 1
15313 15149 4
15277 15150 1
15397 15150 1
15546 15150 1
15573 15150 1
15148 15150 1
15495 15150 1
15527 15150 1
15149 15150 8
15502 15151 1
15504 15151 1
15250 15151 1
15498 15151 1
15447 15151 1
15150 15151 8
15453 15151 1
15524 15151 1
15360 15151 1
15149 15151 16
15153 15152 1
15313 15153 4
15563 15154 1
15298 15154 1
15518 15154 1
15346 15154 1
15559 15154 1
15445 15154 1
15404 15154 1
15272 15154 1
15356 15154 1
15379 15154 1
15584 15154 1
15351 15154 1
15218 15154 1
15223 15154 1
15471 15154 1
15588 15154 1
15152 15154 1
15353 15154 1
15507 15154 1
15253 15154 1
14796 15154 27
15237 15154 1
15581 15154 1
15463 15154 1
15560 15154 1
15467 15154 1
15296 15154 1
15191 15155 38
15566 15155 1
15518 15155 1
15499 15155 1
15462 15155 1
15356 15155 1
15568 15155 1
15154 15155 27
15530 15155 1
15238 15155 7
15193 15155 15
15230 15155 2
15215 15155 2
14796 15155 79
15296 15155 1
15299 15155 8
15254 15155 3
15352 15155 10
15521 15155 1
15592 15155 1
15383 15155 1
15200 15155 1
15391 15155 1
15160 15155 1
15157 15156 2
15231 15156 1
15444 15157 3
15528 15157 1
15232 15157 3
15159 15158 2
15156 15158 2
15157 15159 5
15161 15160 1
15444 15161 3
15463 15162 1
15445 15162 1
15367 15162 1
15461 15162 1
15160 15162 1
15378 15162 1
15426 15162 1
15462 15162 1
15563 15162 1
15374 15162 1
15298 15162 1
15351 15162 1
15530 15162 1
15237 15162 1
15559 15162 1
15529 15162 1
15404 15162 1
15218 15162 1
15356 15162 1
15379 15162 1
15581 15162 1
14796 15162 21
15160 15163 1
15164 15163 1
15161 15164 2
15166 15165 1
15149 15166 46
15294 15166 4
15275 15166 3
15166 15167 24
15583 15167 1
15168 15167 23
15165 15167 1
15393 15167 1
15234 15168 1
15333 15168 4
15179 15168 6
15195 15168 1
15551 15168 1
15420 15168 4
15506 15168 2
15166 15168 23
15393 15168 1
15589 15168 1
15337 15168 1
15165 15168 1
15345 15169 3
15179 15169 6
15170 15169 24
15168 15169 23
15590 15169 1
15243 15169 17
15166 15169 70
15388 15169 1
15333 15169 4
15464 15169 2
15334 15169 5
15475 15169 1
15195 15169 1
15226 15169 1
15389 15169 1
15276 15169 1
15244 15169 1
15437 15169 1
15343 15169 3
15337 15169 2
15242 15169 17
15589 15169 1
15420 15169 4
15481 15169 1
15217 15169 6
15171 15169 31
15214 15169 2
15245 15169 8
15344 15169 3
15198 15169 4
15166 15170 24
15333 15170 4
15168 15170 23
15420 15171 4
15170 15171 24
15389 15171 1
15166 15171 31
15344 15171 3
15345 15171 3
15527 15171 1
14796 15172 1
15157 15173 1
15159 15174 1
15173 15174 1
15173 15175 1
15159 15175 1
15159 15176 1
15173 15176 1
15178 15177 3
15465 15179 1
15451 15179 1
15166 15179 6
15447 15179 1
15279 15179 1
15579 15179 1
15182 15183 4
15185 15184 4
15405 15185 1
15340 15185 2
15186 15185 8
15149 15189 1
15149 15190 5
15192 15190 1
15189 15190 1
15249 15190 3
15223 15191 1
15548 15191 1
15418 15191 1
15352 15191 10
15299 15191 8
15198 15191 4
15412 15191 1
15192 15191 1
15357 15191 2
15556 15191 1
14796 15191 38
15238 15191 7
15249 15191 3
15189 15191 1
15149 15192 1
15396 15193 1
15218 15193 1
15412 15193 1
15506 15193 2
14796 15193 15
15536 15193 1
15234 15193 1
15446 15193 1
15192 15193 1
15591 15193 1
15594 15193 1
15559 15193 1
15214 15193 2
15149 15194 1
15166 15195 5
15479 15195 1
15194 15195 1
15514 15195 1
15538 15195 1
15196 15197 3
15166 15198 4
15443 15198 1
15505 15198 1
15483 15198 1
15226 15199 1
15243 15199 17
15166 15199 23
15475 15199 1
15412 15199 1
15198 15199 4
15214 15199 2
15418 15200 1
15198 15200 4
15223 15200 1
15560 15200 1
15556 15200 1
15341 15200 1
15471 15200 1
15557 15200 1
14796 15200 12
15202 15201 3
15178 15203 3
15205 15204 3
15207 15206 5
15208 15207 6
15178 15208 13
15394 15212 2
15213 15212 1
15211 15212 3
15149 15212 1
15443 15214 1
15166 15214 2
15461 15215 1
15253 15215 1
15217 15215 6
15471 15215 1
15426 15215 1
15223 15215 1
15234 15215 1
15556 15215 1
15446 15215 1
15315 15215 1
15418 15215 1
15214 15215 2
15506 15215 2
15560 15215 1
15583 15215 1
15404 15215 1
15533 15215 1
15551 15215 1
15346 15215 1
15593 15215 1
15505 15215 1
14796 15215 33
15591 15215 1
15438 15215 1
15393 15215 1
15149 15216 1
15354 15217 1
15216 15217 1
15496 15217 2
15587 15217 1
15166 15217 6
14794 15218 1
15273 15219 1
15221 15220 4
15222 15221 9
15187 15223 1
15418 15224 1
15223 15224 1
15330 15224 1
15556 15224 1
15341 15224 1
15225 15224 5
15273 15225 1
15187 15225 3
15331 15225 1
15361 15226 1
15443 15226 1
15442 15226 1
15477 15226 1
15571 15226 1
15483 15226 1
15166 15226 13
15360 15226 1
15498 15226 1
15241 15226 1
15504 15226 1
15245 15226 8
15226 15227 1
15228 15227 1
15435 15228 4
15166 15228 1
15226 15229 1
15228 15229 1
15582 15230 1
14796 15230 2
15232 15231 1
15235 15232 3
15231 15233 1
15555 15233 1
15157 15233 2
15149 15234 1
14794 15237 1
15434 15238 1
15379 15238 1
14796 15238 7
15527 15238 1
15237 15238 1
15502 15238 1
15272 15238 1
14791 15239 4
15240 15239 4
15149 15241 1
15477 15242 1
15315 15242 1
15443 15242 1
15433 15242 1
15438 15242 1
15587 15242 1
15527 15242 1
15166 15242 17
15241 15242 1
15354 15242 1
15360 15242 1
15571 15242 1
15361 15242 1
15504 15242 1
15442 15242 1
15498 15242 1
15483 15242 1
15477 15243 1
15483 15243 1
15442 15243 1
15361 15243 1
15571 15243 1
15438 15243 1
15433 15243 1
15360 15243 1
15587 15243 1
15504 15243 1
15244 15243 1
15443 15243 1
15241 15243 1
15354 15243 1
15166 15243 17
15315 15243 1
15498 15243 1
15483 15244 1
15587 15244 1
15438 15244 1
15504 15244 1
15498 15244 1
15241 15244 1
15571 15244 1
15442 15244 1
15361 15244 1
15315 15244 1
15354 15244 1
15443 15244 1
15166 15244 16
15477 15244 1
15360 15244 1
15433 15244 1
15442 15245 1
15504 15245 1
15433 15245 1
15477 15245 1
15361 15245 1
15241 15245 1
15166 15245 8
15571 15245 1
15472 15246 1
15247 15246 2
15149 15249 3
15548 15249 1
15557 15249 1
15149 15250 1
15250 15251 1
15591 15251 1
15166 15251 3
15505 15251 1
15544 15252 1
15250 15252 1
15573 15252 1
15546 15252 1
15505 15252 1
15166 15252 5
14794 15253 1
15253 15254 1
15362 15254 1
14796 15254 3
15256 15255 1
15552 15257 1
15256 15257 3
15255 15257 1
15519 15257 1
15259 15258 1
14791 15259 4
15295 15259 4
15259 15260 2
15258 15260 1
15258 15261 1
15259 15261 1
15259 15262 1
15258 15262 1
15259 15263 3
15258 15263 1
15260 15263 1
15266 15264 2
14796 15264 6
15263 15264 3
15265 15264 3
15367 15264 1
15259 15265 3
15258 15265 1
15260 15265 1
15258 15266 1
15259 15266 2
14794 15268 1
15208 15269 4
15271 15270 3
15201 15270 3
14794 15272 1
15274 15273 4
15275 15273 3
14791 15273 4
15197 15274 1
15161 15274 1
15166 15276 1
15149 15277 1
15166 15278 1
15277 15278 1
15149 15279 1
15178 15280 3
15282 15281 3
15284 15283 4
15408 15285 1
15286 15285 2
15288 15287 4
15289 15288 4
15291 15290 1
15293 15292 1
15290 15292 1
15291 15293 1
14794 15296 1
15530 15297 1
15462 15297 1
15568 15297 1
15215 15297 2
15296 15297 1
15521 15297 1
15356 15297 1
15200 15297 1
14796 15297 10
15499 15297 1
14794 15298 1
14796 15299 8
15298 15299 1
15563 15299 1
15351 15299 1
15445 15299 1
15384 15299 1
15404 15299 1
15581 15299 1
15166 15300 1
15166 15301 1
15300 15301 1
15197 15302 1
15274 15303 1
15302 15303 1
15302 15304 1
15274 15304 1
15302 15305 1
15274 15305 1
15288 15306 4
15309 15308 1
15392 15309 3
15308 15310 1
15311 15310 1
15328 15311 3
15528 15311 1
15309 15311 1
15228 15312 4
15221 15314 4
15149 15315 1
15201 15316 1
15316 15317 1
15569 15317 1
15201 15317 3
15317 15318 3
15201 15318 3
15320 15319 3
15317 15319 3
15403 15320 3
15201 15320 3
15317 15321 3
15322 15321 3
15201 15322 3
15271 15322 3
15270 15323 3
15317 15323 3
15161 15324 1
15164 15325 1
15324 15325 1
15324 15326 1
15274 15326 1
15324 15327 1
15164 15327 1
15331 15330 1
15149 15332 1
15332 15333 1
15166 15333 4
15591 15333 1
15337 15333 1
15333 15334 4
15166 15334 5
15334 15335 5
15166 15335 6
15367 15335 1
15166 15336 1
15332 15336 1
15166 15337 2
15208 15338 4
15149 15340 1
15273 15341 1
15166 15342 1
15397 15343 1
15342 15343 1
15166 15343 3
15401 15344 1
15342 15344 1
15166 15344 3
15401 15345 1
15342 15345 1
15166 15345 3
14794 15346 1
15588 15347 1
15346 15347 1
15566 15347 1
14796 15347 6
15507 15347 1
15478 15347 1
15347 15348 6
15349 15348 6
14796 15349 6
15178 15350 3
14794 15351 1
14796 15352 10
15445 15352 1
15382 15352 1
15215 15352 1
15378 15352 1
15527 15352 1
15353 15352 1
15351 15352 1
15492 15352 1
15583 15352 1
15153 15353 1
15149 15354 1
15293 15355 4
15511 15355 2
14794 15356 1
14796 15357 2
15521 15357 1
15373 15358 1
14790 15358 4
14790 15359 4
15358 15359 4
15149 15360 1
15149 15361 1
15187 15362 1
15228 15364 4
15228 15365 4
15221 15366 4
15149 15367 1
15367 15368 1
15212 15368 1
15212 15369 1
15367 15369 1
15166 15370 1
15367 15370 1
15372 15371 3
14790 15373 1
15273 15374 1
14796 15375 1
15374 15375 1
14794 15378 1
14794 15379 1
15187 15382 1
15153 15383 1
15187 15384 1
15178 15386 3
15166 15388 1
15166 15389 1
14794 15391 1
15149 15393 1
15187 15396 1
15149 15397 1
15166 15398 1
15397 15398 1
15178 15399 3
15166 15401 1
14794 15404 1
15185 15406 4
15185 15407 4
15528 15409 1
15159 15409 4
15166 15412 1
15273 15415 2
15157 15416 2
15449 15416 1
15159 15417 2
15416 15417 2
15187 15418 1
15149 15419 1
15166 15420 4
15448 15420 1
15419 15420 1
15543 15420 1
15422 15421 3
15421 15423 1
15423 15424 1
15425 15424 1
15421 15425 2
15149 15426 1
15426 15427 1
15340 15427 2
15427 15428 2
15340 15428 2
15185 15429 2
15427 15429 2
15427 15430 2
15185 15430 2
15529 15431 1
15432 15431 2
15426 15431 1
15153 15432 1
15149 15432 1
15149 15433 1
15187 15434 1
15166 15437 1
15149 15438 1
15574 15441 2
15440 15441 1
15149 15442 1
15149 15443 1
14794 15445 1
15149 15446 1
15149 15447 1
15149 15448 1
15232 15449 1
15149 15451 1
15178 15452 3
15149 15453 1
15273 15456 1
15456 15457 1
15219 15457 1
14794 15461 1
14794 15462 1
14794 15463 1
15166 15464 2
15149 15465 1
15187 15467 1
15470 15469 2
15472 15469 1
14794 15471 1
15340 15473 1
15340 15474 1
15473 15474 1
15166 15475 1
15149 15477 1
15153 15478 1
15149 15479 1
15166 15481 1
15166 15482 1
15149 15483 1
15537 15484 1
15500 15484 2
15485 15484 4
15484 15486 4
15485 15486 4
15208 15487 4
15153 15492 1
15421 15493 1
15493 15494 1
15425 15494 1
15149 15495 1
15495 15496 1
15166 15496 2
15149 15498 1
14794 15499 1
15485 15500 3
15537 15500 1
15288 15501 4
15149 15502 1
15149 15504 1
15149 15505 1
15149 15506 2
14794 15507 1
15409 15509 1
15511 15510 1
15355 15512 2
15510 15512 1
15520 15512 1
15149 15514 1
15178 15515 3
15178 15516 3
15482 15517 1
15244 15517 1
15153 15518 1
15256 15519 1
15511 15520 1
15273 15521 1
15566 15522 1
15415 15522 2
15521 15522 1
15149 15524 1
15485 15525 1
15500 15525 1
15273 15526 1
15149 15527 1
15153 15529 1
15273 15530 1
15530 15531 1
15526 15531 1
15187 15533 1
15149 15536 1
15485 15537 2
15149 15538 1
15549 15539 1
14794 15540 1
15149 15543 1
15149 15544 1
15149 15546 1
15149 15548 1
15149 15551 1
15256 15552 1
15232 15555 1
15187 15556 1
15149 15557 1
14794 15559 1
14794 15560 1
15311 15561 1
15561 15562 1
15311 15562 1
14794 15563 1
15273 15566 1
14794 15568 1
15201 15569 1
15569 15570 1
15201 15570 1
15149 15571 1
15149 15573 1
14794 15577 1
15149 15579 1
14794 15581 1
15187 15582 1
15149 15583 1
15153 15584 1
15149 15587 1
14794 15588 1
15166 15589 1
15166 15590 1
15149 15591 1
14794 15592 1
15149 15593 1
15149 15594 1
