1 0 1
0 2 1
1 2 1
4 3 3
7 6 1
166 7 4
1771 8 2
6 8 1
9 8 3
60 9 2
177 9 6
7 9 1
11 10 1
18 11 4
1086 11 5
1937 12 1
2268 12 1
425 12 1
1564 12 1
2115 12 1
10 12 1
11 12 6
14 13 1
16 15 91
1738 15 1
2044 15 1
1976 15 1
2080 15 1
634 15 1
1881 15 1
438 15 1
404 15 1
2209 15 1
1646 15 1
281 15 1
2084 15 1
1894 15 1
1670 15 1
609 15 1
1635 15 1
2212 15 1
2338 15 1
1817 15 1
1598 15 1
1992 15 1
1495 15 1
763 15 1
203 15 1
1297 15 1
1491 15 1
975 15 1
1481 15 1
1097 15 1
1082 15 1
2056 15 1
1096 15 1
1895 15 1
1560 15 1
2291 15 1
1502 15 4
1637 15 1
1305 15 1
13 15 1
2000 15 1
2240 15 1
550 15 1
1871 15 1
2093 15 1
1600 15 1
641 15 1
676 15 1
1659 15 1
1340 15 1
682 15 1
1697 15 1
1211 15 1
917 15 1
262 15 1
1873 15 1
2032 15 1
1686 15 1
1921 15 1
1969 15 1
445 15 1
1399 15 1
2130 15 1
510 15 1
715 15 1
1713 15 1
1300 15 1
1415 15 1
603 15 1
797 15 1
2241 15 1
1747 15 1
1971 15 1
1572 15 1
837 15 1
948 15 1
1827 15 1
224 15 1
1922 15 1
2015 15 1
1657 15 1
839 15 1
1249 15 1
2238 15 1
2301 15 1
787 15 1
380 15 2
221 16 7
625 16 1
225 16 14
168 16 6
330 16 2
24 16 3
146 16 12
764 16 1
662 16 3
491 16 1
573 16 1
1066 16 1
307 16 16
725 16 1
1377 16 3
588 16 8
626 16 1
1176 16 2
716 16 1
610 16 1
1740 16 1
14 16 4
1253 16 1
263 16 6
539 16 1
1133 16 1
204 16 3
597 16 1
157 16 4
633 16 1
1194 16 1
631 16 1
1165 16 1
628 16 1
160 16 2
1327 16 3
1141 16 6
37 16 3
446 16 1
511 16 1
627 16 1
134 16 10
399 16 8
437 16 2
159 16 1
875 16 2
245 16 2
591 16 2
34 16 37
1134 16 2
1400 16 1
629 16 1
237 16 6
473 16 3
1207 16 1
487 16 14
632 16 1
158 16 2
630 16 1
381 16 4
1321 16 1
467 16 7
571 16 1
1239 17 4
15 17 91
18 17 95
1086 18 4
16 18 246
1481 19 1
537 19 1
1741 19 1
448 19 13
13 19 1
20 19 17
723 20 1
280 20 13
14 20 3
22 21 4
2039 23 1
778 23 1
976 23 1
24 23 4
817 24 1
779 24 2
871 24 2
1625 25 1
264 25 4
1431 25 1
1175 25 1
1928 25 1
211 25 1
1082 25 1
759 25 1
23 25 4
26 25 15
265 26 4
702 26 2
817 26 1
166 26 2
1327 26 1
824 26 1
1176 26 1
100 26 159
22 26 2
263 26 2
619 26 2
875 26 10
24 26 4
28 27 4
1377 28 3
37 28 1
1253 28 1
588 28 1
30 29 4
1134 30 2
121 30 21
742 30 6
1592 30 1
100 30 159
1176 30 1
555 30 1
399 30 8
158 30 1
1897 30 1
1740 30 1
446 30 1
450 30 15
157 30 4
168 30 1
583 30 1
542 30 3
160 30 1
702 30 1
804 30 12
367 30 8
442 30 1
736 30 2
29 30 6
575 30 1
32 31 3
34 33 1
1097 35 1
2205 35 1
650 35 1
934 35 1
33 35 1
1946 35 1
2331 35 1
1605 35 1
1300 35 1
1632 35 1
919 35 1
2059 35 1
2158 35 1
676 35 1
1480 35 1
1263 35 1
1586 35 1
1996 35 1
1403 35 1
1420 35 1
1326 35 1
1161 35 1
1939 35 1
651 35 3
1890 35 1
1912 35 1
1626 35 1
1175 35 1
1297 35 1
848 35 1
1419 35 1
1264 35 1
1889 35 1
1544 35 1
1986 35 1
1830 35 1
2189 35 1
2048 35 1
1188 35 1
236 35 1
291 35 1
16 35 44
35 36 44
18 36 44
38 37 4
802 38 1
37 38 1
1253 38 1
756 38 1
982 38 1
180 38 1
1377 38 1
199 38 1
40 39 3
41 40 17
43 42 1
1156 43 1
160 43 1
1467 43 2
158 43 2
157 43 7
255 44 1
2138 44 1
1662 44 1
45 44 8
2298 44 1
42 44 1
1302 44 1
1352 44 1
997 44 1
924 45 5
43 45 27
196 45 5
41 46 4
41 47 4
41 48 4
41 49 4
999 50 1
26 50 4
60 50 2
173 51 49
52 51 3
54 53 1
2297 55 1
56 55 3
53 55 1
54 56 2
58 57 214
274 57 1
1756 57 1
1816 57 1
2274 57 1
1412 57 1
570 57 1
448 57 13
2309 57 1
2072 57 1
314 57 1
975 57 1
1011 57 1
2017 57 1
2232 57 1
2198 57 1
2239 57 1
2101 57 1
394 57 1
1591 57 1
1535 57 3
1249 57 1
1152 57 1
1840 57 1
1518 57 1
1918 57 1
952 57 1
472 57 1
2290 57 1
1097 57 1
1277 57 1
1319 57 1
1429 57 3
2058 57 1
1281 57 1
1177 57 1
1261 57 1
1678 57 1
276 57 1
1941 57 1
1929 57 1
1901 57 1
763 57 1
1045 57 1
2213 57 1
1985 57 1
2301 57 1
1936 57 1
980 57 1
1480 57 1
1609 57 1
684 57 1
1300 57 1
1943 57 1
2340 57 1
284 57 1
2005 57 1
398 57 8
351 57 1
289 57 1
556 57 1
2085 57 1
488 57 10
2034 57 1
2051 57 1
1055 57 1
2113 57 1
1386 57 1
1021 57 1
561 57 1
715 57 1
426 57 1
2036 57 1
167 57 4
1631 57 1
1927 57 1
1815 57 1
1255 57 1
2107 57 1
1527 57 1
1225 57 1
652 57 1
1627 57 1
1865 57 1
1659 57 1
1549 57 1
2080 57 1
1597 57 1
960 57 1
972 57 1
1697 57 1
2013 57 1
705 57 1
2014 57 1
941 57 1
2267 57 1
2335 57 1
2216 57 1
851 57 1
2069 57 1
2148 57 1
1106 57 1
359 57 1
1040 57 1
797 57 1
1530 57 1
1170 57 1
1720 57 1
1155 57 1
2035 57 1
719 57 5
1233 57 1
681 57 1
2177 57 1
540 57 1
1280 57 1
1956 57 1
1750 57 1
2031 57 1
2314 57 1
2045 57 1
1654 57 1
1547 57 1
2030 57 1
2338 57 1
2303 57 1
1486 57 1
2193 57 1
550 57 1
1580 57 1
2042 57 1
1910 57 1
1962 57 1
1428 57 1
2109 57 1
1873 57 1
118 57 1
352 57 1
2316 57 1
1942 57 1
1304 57 1
1935 57 1
2333 57 1
986 57 1
1090 57 1
787 57 1
1972 57 1
1737 57 1
1921 57 1
1362 57 1
1407 57 1
1528 57 4
200 57 1
1390 57 1
560 57 6
1264 57 1
1447 57 1
486 57 11
676 57 1
438 57 1
1605 57 1
500 57 1
1297 57 1
1060 57 3
2023 57 1
2311 57 1
895 57 1
1388 57 1
1596 57 1
2111 57 1
1570 57 1
1237 57 1
1181 57 1
1856 57 1
1119 57 1
2250 57 1
55 57 3
1827 57 1
1970 57 1
1703 58 1
961 58 1
1158 58 1
501 58 1
56 58 3
772 58 1
146 58 5
685 58 1
781 58 1
315 58 1
764 58 1
442 58 1
969 58 5
399 58 8
1042 58 1
1156 58 2
897 58 1
430 58 3
362 58 3
275 58 3
1546 58 1
811 58 1
1467 58 1
353 58 1
845 58 3
285 58 5
541 58 4
473 58 1
22 58 1
566 58 1
34 58 4
360 58 2
280 58 13
487 58 18
1139 58 5
307 58 5
277 58 1
168 58 29
14 58 1
201 58 1
1207 58 2
1329 58 3
205 58 6
571 58 1
1153 58 3
1041 58 1
683 58 1
2070 58 1
824 58 1
847 58 1
1022 58 1
221 58 7
185 58 2
395 58 6
1075 58 1
716 58 1
150 58 2
546 58 1
166 58 1
591 58 5
999 58 1
171 58 1
973 58 1
332 58 1
828 58 1
237 58 1
1176 58 1
1061 58 3
381 58 1
855 58 1
1366 58 1
1016 58 1
1141 58 6
562 58 1
1067 58 1
588 58 1
1487 58 1
519 58 1
835 58 1
290 58 2
119 58 9
783 58 1
1165 58 1
548 58 1
1163 58 10
903 58 2
1133 58 1
363 59 11
1726 59 1
600 59 3
1713 59 1
472 59 1
1770 59 1
57 59 214
965 59 8
99 59 1
167 59 1
1439 59 1
60 59 241
823 59 1
576 59 2
1483 59 1
575 60 3
58 60 232
168 60 1
100 60 1
1134 60 1
588 60 1
824 60 1
473 60 3
60 61 232
965 61 8
363 61 11
600 61 3
57 61 214
63 62 214
57 62 214
58 63 232
810 63 6
1575 64 1
2267 64 1
2335 64 1
55 64 3
65 64 8
740 64 1
715 64 1
446 65 1
946 65 1
399 65 8
34 65 19
1163 65 2
861 65 1
627 65 1
855 65 1
480 65 1
573 65 1
2070 65 1
1329 65 3
171 65 1
969 65 4
716 65 1
221 65 7
845 65 3
633 65 1
539 65 1
783 65 1
22 65 1
14 65 1
1253 65 1
473 65 3
442 65 1
204 65 3
27 65 1
395 65 1
1165 65 1
146 65 5
315 65 1
1207 65 2
1703 65 1
629 65 1
381 65 2
280 65 14
1740 65 1
1176 65 1
529 65 1
1153 65 3
285 65 5
150 65 2
628 65 1
781 65 1
1061 65 3
235 65 1
1400 65 1
591 65 2
897 65 1
367 65 8
56 65 3
1156 65 1
275 65 1
237 65 1
597 65 1
496 65 1
619 65 1
201 65 1
1141 65 1
632 65 1
330 65 2
1066 65 1
83 65 1
630 65 1
168 65 8
307 65 13
290 65 2
134 65 10
631 65 1
625 65 1
764 65 1
1139 65 3
847 65 1
166 65 1
752 65 2
519 65 1
626 65 1
295 65 7
85 65 8
67 66 4
55 66 3
56 67 3
150 67 7
636 67 5
542 67 3
391 68 2
2171 68 1
1675 68 1
1509 68 1
69 68 10
66 68 4
392 69 2
1136 69 2
430 69 1
552 69 1
67 69 4
168 69 1
391 70 2
2171 70 1
68 70 10
2134 70 1
1135 70 1
69 70 13
505 71 7
448 71 13
1146 71 3
594 71 3
391 71 2
1939 71 1
1420 71 1
75 71 5
1960 71 1
72 71 70
1535 71 3
504 71 8
1259 71 4
690 71 1
120 71 21
2205 71 1
1186 71 2
2134 71 1
70 71 13
146 72 1
67 72 5
431 72 1
52 72 3
430 72 1
392 72 2
1260 72 4
280 72 13
845 72 3
915 72 3
205 72 8
69 72 14
593 72 3
369 72 7
307 72 1
733 72 2
121 72 21
34 72 1
2280 73 1
149 73 1
842 73 3
67 73 14
2335 73 1
1991 73 1
55 73 3
1752 73 1
907 73 1
2118 73 1
608 73 1
55 74 3
67 74 4
74 75 4
67 75 5
2052 76 1
55 76 3
77 76 4
56 77 3
1587 78 1
232 78 2
352 78 1
354 78 2
1550 78 2
1885 78 1
2088 78 1
167 78 1
504 78 8
391 78 2
1571 78 1
1604 78 1
1106 78 1
1107 78 2
276 78 1
2330 78 1
2051 78 1
331 78 1
234 78 42
53 78 1
638 78 8
1245 78 1
79 78 95
1172 78 1
2272 78 1
996 78 1
1338 78 2
1208 78 2
1706 78 2
2282 78 1
500 78 1
1981 78 1
1309 78 1
1342 78 2
1294 78 1
1424 78 2
278 78 2
502 78 2
697 78 1
2086 78 1
1549 78 1
2297 78 1
1833 78 2
489 78 2
746 78 1
1444 78 2
2317 78 1
2267 78 1
1219 78 1
1070 79 1
1173 79 3
277 79 2
253 79 2
1042 79 1
1246 79 1
615 79 3
134 79 1
1041 79 1
685 79 1
490 79 3
165 79 1
353 79 2
217 79 8
383 79 3
176 79 2
427 79 2
332 79 1
546 79 1
1075 79 2
562 79 1
54 79 1
824 79 1
205 79 8
250 79 2
56 79 3
619 79 3
392 79 2
1202 79 3
1487 79 1
168 79 3
772 79 2
564 79 1
987 79 2
209 79 2
617 79 2
233 79 2
831 79 1
2070 79 2
937 79 3
311 79 3
501 79 2
1067 79 2
1245 80 1
81 80 21
53 80 1
449 80 15
1844 80 1
1742 80 1
2283 80 1
2297 80 1
595 81 1
54 81 1
596 81 5
450 81 15
56 81 1
1246 81 4
1299 81 1
83 82 1
199 83 1
28 83 4
550 84 1
751 84 2
710 84 1
1697 84 1
2205 84 1
448 84 13
794 84 1
1921 84 1
740 84 1
82 84 1
1211 84 1
1535 84 3
343 84 1
849 84 1
2234 84 1
715 84 1
1756 84 1
2212 84 1
2194 84 1
2270 84 1
404 84 1
1747 84 1
1906 84 1
1939 84 1
1170 84 1
883 84 1
359 84 1
1575 84 1
1750 84 1
1037 84 1
85 84 48
735 84 1
1843 84 1
1297 84 1
752 85 2
34 85 4
716 85 1
222 85 1
221 85 2
330 85 2
628 85 1
736 85 2
845 85 3
1238 85 1
869 85 1
139 85 17
280 85 13
1105 85 1
83 85 1
588 85 1
146 85 2
360 85 1
307 85 9
1639 86 1
1175 86 1
82 86 1
2209 86 1
398 86 8
65 86 12
88 87 1
1195 88 1
60 88 2
177 88 6
90 89 75
711 89 1
2186 89 1
1410 89 1
2288 89 1
256 89 1
1578 89 1
1516 89 1
955 89 1
1106 89 1
352 89 1
865 89 1
1262 89 2
1660 89 1
94 89 1
1552 89 1
1849 89 1
2214 89 1
1549 89 1
356 89 4
2046 89 1
2255 89 1
1768 89 1
1223 89 3
500 89 1
189 89 4
2228 89 1
1435 89 1
1819 89 1
2173 89 1
1884 89 1
829 89 1
1837 89 1
2051 89 1
2160 89 1
1367 89 3
1125 89 1
2207 89 1
276 89 1
1519 89 1
1807 89 1
1001 89 1
2203 89 1
1474 89 4
1484 89 1
695 89 1
1898 89 1
1478 89 3
416 89 1
1892 89 1
1958 89 1
820 89 1
1841 89 1
87 89 1
1168 89 1
1371 89 1
2108 89 1
1023 89 1
1540 89 1
1073 90 1
1024 90 1
617 90 1
88 90 1
894 90 4
1000 90 3
283 90 1
190 90 4
95 90 1
164 90 1
1077 90 3
1075 90 1
357 90 4
471 90 1
572 90 1
229 90 1
1072 90 1
731 90 1
501 90 1
866 90 1
1080 90 1
417 90 1
1074 90 1
1078 90 1
622 90 1
978 90 3
967 90 1
812 90 1
987 90 1
340 90 1
727 90 1
1033 90 1
353 90 1
517 90 1
876 90 1
277 90 1
338 90 1
408 90 1
767 90 1
342 90 1
1076 90 1
508 90 1
944 90 2
228 90 1
282 90 1
1067 90 1
1017 90 1
712 90 2
1079 90 1
257 90 3
9 90 1
233 90 1
176 90 1
815 90 1
772 90 1
2156 91 1
1364 91 2
1813 91 1
99 91 159
92 91 214
1261 91 1
900 91 5
1758 91 2
2275 91 1
1814 91 2
1429 91 3
939 91 5
726 91 2
89 91 75
2202 91 1
52 92 3
1329 92 3
702 92 4
90 92 75
857 92 5
415 92 1
50 92 1
442 92 2
828 92 1
1725 92 2
899 92 5
100 92 159
31 92 2
87 93 1
88 93 1
95 94 1
1034 95 1
60 95 2
267 95 6
95 96 1
94 96 1
2214 97 1
1768 97 1
1128 97 1
820 97 1
1168 97 1
98 97 18
1552 97 1
1898 97 1
1395 97 1
1516 97 1
2186 97 1
1807 97 1
1023 97 1
94 97 1
2046 97 1
1892 97 1
1998 97 1
1660 97 1
408 98 1
944 98 2
1078 98 1
1080 98 1
1079 98 1
812 98 1
282 98 1
233 98 1
1396 98 2
1024 98 1
508 98 1
95 98 1
1033 98 1
267 98 1
622 98 1
100 99 159
2119 99 1
1989 99 1
1545 99 1
438 99 1
394 99 1
1571 99 1
192 99 24
1225 99 1
1945 99 1
448 99 13
1681 99 1
1741 99 1
1339 99 1
2182 99 1
1277 99 1
1635 99 1
1308 99 1
906 99 1
1320 99 1
1451 99 1
1422 99 1
1644 99 1
1109 99 1
1364 99 2
1557 99 1
1242 99 1
2035 99 1
2053 99 1
2021 99 1
1010 99 1
97 99 18
972 99 1
975 99 1
948 99 1
1510 99 1
2171 99 1
244 99 1
1485 99 1
710 99 1
669 99 1
2178 99 1
641 99 1
1668 99 1
1586 99 1
1813 99 1
1399 99 1
652 99 1
2018 99 1
515 99 1
1161 99 1
1115 99 2
715 99 1
746 99 1
214 99 1
1261 99 1
939 99 5
1994 99 1
2013 99 1
445 99 1
2071 99 1
1689 99 1
1691 99 1
900 99 5
1275 99 1
380 99 2
1065 99 1
1724 99 1
1305 99 1
1434 99 1
782 99 1
1249 99 1
346 99 1
1325 99 1
1355 99 1
1089 99 1
1099 99 1
1981 99 1
1577 99 1
709 99 1
1978 99 1
1738 99 1
1221 99 2
657 99 1
919 99 1
2141 99 1
2202 99 1
398 99 8
1729 99 1
2291 99 1
834 99 1
263 100 1
516 100 1
807 100 1
828 100 1
548 100 1
552 100 2
315 100 1
245 100 7
723 100 1
399 100 8
221 100 3
527 100 1
307 100 5
855 100 1
1327 100 1
1334 100 1
1070 100 1
22 100 2
897 100 1
933 100 4
571 100 1
1321 100 1
201 100 1
847 100 1
1243 100 1
50 100 1
1400 100 1
783 100 1
1071 100 1
969 100 1
280 100 13
1740 100 1
619 100 1
446 100 1
31 100 2
835 100 1
171 100 3
653 100 2
395 100 1
716 100 1
467 100 4
34 100 4
168 100 5
166 100 2
215 100 3
193 100 24
899 100 5
973 100 1
381 100 2
491 100 1
1139 100 3
415 100 1
857 100 5
564 100 1
1066 100 1
588 100 1
98 100 18
102 101 159
99 101 159
100 102 159
1209 103 7
1770 103 1
366 103 8
842 103 3
849 103 1
735 103 1
99 103 159
30 103 184
1439 103 1
1101 103 1
398 103 8
1502 103 4
2281 103 1
1832 103 1
103 104 184
1949 104 1
30 104 185
102 105 159
99 105 159
823 106 1
107 106 161
99 106 159
2331 106 1
810 107 6
168 107 1
1134 107 2
824 107 1
60 107 2
100 107 160
1175 108 1
1244 108 1
99 108 159
1767 108 1
1460 108 1
1730 108 1
1757 108 1
823 108 1
1326 108 1
2315 108 1
874 108 1
262 108 1
281 108 1
1968 108 1
1814 108 2
1604 108 1
26 108 177
1924 108 1
1526 108 1
99 109 159
102 109 159
192 110 24
97 110 18
1978 110 1
111 110 44
193 111 24
98 111 18
1334 111 1
113 112 45
110 112 44
533 113 2
111 113 44
115 114 45
112 114 45
113 115 49
113 116 46
2164 116 1
110 116 44
115 117 46
116 117 46
119 118 1
1627 120 1
1943 120 1
2340 120 1
118 120 1
449 120 15
121 120 21
351 120 1
450 121 15
119 121 5
2037 122 1
120 122 21
1990 122 1
1062 122 6
123 122 33
2003 122 1
1440 122 2
691 122 1
1063 123 7
764 123 2
121 123 21
879 123 6
692 123 2
120 124 21
125 124 21
121 125 21
842 126 3
1502 126 4
2307 126 1
30 126 36
2223 126 1
1992 126 1
1209 126 7
1896 126 1
449 126 15
120 126 21
30 127 37
126 127 36
1521 127 1
167 128 1
2338 128 1
120 128 21
129 128 23
654 129 3
1141 129 1
121 129 21
168 129 1
120 130 21
2037 130 1
1064 130 5
2003 130 1
123 130 32
1990 130 1
1442 130 2
691 130 1
120 131 21
125 131 21
120 132 21
125 132 21
2042 133 1
952 133 1
2109 133 1
134 133 10
351 133 1
426 133 1
118 133 1
1943 133 1
1627 133 1
2340 133 1
287 134 4
119 134 9
2209 135 1
2074 135 1
1325 135 1
1962 135 1
2056 135 1
1381 135 1
1528 135 4
2021 135 1
2011 135 1
1872 135 1
488 135 10
1562 135 1
145 135 1
2055 135 1
1214 135 1
1969 135 1
1576 135 5
634 135 1
16 135 69
398 135 8
2090 135 1
1906 135 1
1211 135 1
890 135 1
1480 135 1
805 135 1
2338 135 1
1921 135 1
2050 135 1
710 135 1
133 135 10
1007 135 1
1756 135 1
1612 135 1
724 135 1
1525 135 1
1563 135 1
135 136 69
18 136 73
1239 136 4
366 137 8
1873 137 1
438 137 1
65 137 62
975 137 1
1596 137 1
2113 137 1
398 137 8
1249 137 1
133 137 10
1007 137 1
1535 137 3
1906 137 1
1097 137 1
2129 137 1
689 137 1
448 137 13
1974 137 1
1575 137 1
1399 137 1
1482 137 1
1045 137 1
1300 137 1
1255 137 1
2015 137 1
945 137 1
1867 138 1
2305 138 1
2320 138 1
139 138 14
133 138 10
1816 138 1
1153 139 1
134 139 10
1241 139 1
588 139 5
34 139 2
307 139 2
1974 140 1
404 140 1
289 140 1
65 140 46
945 140 1
1237 140 1
682 140 1
203 140 1
2232 140 1
1429 140 3
1480 140 1
2034 140 1
689 140 1
133 140 10
1918 140 1
676 140 1
1600 140 1
1152 140 1
1562 140 1
1962 140 1
1170 140 1
1750 140 1
1277 140 1
1941 140 1
1575 140 1
380 140 2
1817 140 1
1637 140 1
284 140 1
2216 140 1
1815 140 1
1362 140 1
1255 140 1
715 140 1
550 140 1
398 141 8
1060 141 3
133 141 10
1906 141 1
65 141 22
168 143 3
519 143 3
144 143 3
395 143 3
146 145 1
16 147 83
2000 147 1
661 147 1
837 147 1
1976 147 1
1626 147 1
2074 147 1
2059 147 1
1544 147 1
740 147 1
832 147 1
2306 147 1
919 147 1
2314 147 1
787 147 1
1969 147 1
1420 147 1
1657 147 1
1307 147 1
2053 147 1
710 147 1
1889 147 1
1827 147 1
2155 147 1
1586 147 1
985 147 1
2205 147 1
2050 147 1
1308 147 1
1263 147 1
890 147 1
1691 147 1
1890 147 1
2270 147 1
848 147 1
676 147 1
2056 147 1
1830 147 1
537 147 1
1211 147 1
1939 147 1
1326 147 1
1829 147 2
1045 147 1
1175 147 1
1946 147 1
715 147 1
763 147 1
291 147 1
794 147 1
587 147 1
1921 147 1
1632 147 1
2080 147 1
2264 147 1
1639 147 1
634 147 1
343 147 1
1685 147 1
1572 147 1
934 147 1
346 147 1
1697 147 1
1721 147 1
1659 147 1
1851 147 1
145 147 1
651 147 3
1988 147 1
2090 147 1
1451 147 1
1037 147 1
2093 147 1
2301 147 1
964 147 1
1237 147 1
1297 147 1
1375 147 1
2189 147 1
1482 147 1
18 148 83
147 148 83
150 149 1
149 151 1
152 151 2
716 152 1
168 152 3
150 152 2
151 153 2
152 153 3
149 153 1
715 153 1
149 154 1
152 154 2
608 154 1
2280 155 1
2335 155 1
608 155 1
67 155 9
1991 155 1
2118 155 1
149 155 1
842 155 3
149 156 1
842 156 3
67 156 5
2118 156 1
160 157 2
30 157 4
748 157 4
159 157 1
158 157 2
157 158 4
157 159 4
157 160 4
162 161 1
166 162 4
1771 163 2
161 163 1
164 163 3
162 164 1
177 164 6
60 164 2
166 165 4
168 167 8
648 168 1
167 169 1
1283 169 1
143 169 3
518 169 1
171 170 1
173 172 56
1856 172 1
2222 172 1
2013 172 1
954 172 1
1852 172 1
1631 172 1
2018 172 1
1936 172 1
2290 172 1
1132 172 1
2303 172 1
167 172 4
170 172 1
1696 172 1
184 172 1
570 172 1
862 172 1
2117 172 1
1880 172 1
2030 172 1
518 172 1
1021 172 1
797 172 1
1162 172 1
1984 172 1
2177 172 1
540 172 1
2316 172 1
1233 172 1
1825 172 1
1651 172 1
2198 172 1
851 172 1
2107 172 1
2111 172 1
1547 172 1
1989 172 1
2005 172 1
2250 172 1
1580 172 1
1720 172 1
329 172 1
1177 172 1
684 172 1
1211 172 1
1689 172 1
1654 172 1
1090 172 1
556 172 1
960 172 1
1449 172 1
1280 172 1
1373 172 1
185 173 4
171 173 9
519 173 1
969 173 1
961 173 1
683 173 1
168 173 19
1133 173 1
1366 173 1
835 173 1
1016 173 1
330 173 2
1546 173 1
1165 173 1
1022 173 1
571 173 1
1156 173 1
541 173 4
566 173 1
1163 173 3
1467 173 1
851 174 1
2111 174 1
1211 174 1
1880 174 1
1233 174 1
2250 174 1
1580 174 1
570 174 1
2013 174 1
1021 174 1
1373 174 1
1720 174 1
329 174 1
1825 174 1
167 174 4
2018 174 1
2290 174 1
1936 174 1
2222 174 1
1631 174 1
2303 174 1
797 174 1
518 174 1
1132 174 1
1162 174 1
2177 174 1
684 174 1
2030 174 1
184 174 1
170 174 1
2316 174 1
1984 174 1
2107 174 1
1856 174 1
1090 174 1
1449 174 1
960 174 1
173 174 49
2005 174 1
2198 174 1
1177 174 1
1547 174 1
556 174 1
2117 174 1
540 174 1
1654 174 1
51 175 49
174 175 49
177 176 6
60 176 2
253 176 1
835 177 3
178 177 81
22 178 5
26 178 112
166 178 5
180 179 1
38 180 4
2318 181 1
2147 181 1
179 181 1
182 181 4
1220 181 1
28 182 4
180 182 5
1220 183 1
179 183 1
182 183 3
1359 183 1
185 184 1
173 186 54
1580 186 1
1852 186 1
2005 186 1
518 186 1
1720 186 1
184 186 1
1162 186 1
1825 186 1
329 186 1
1233 186 1
2303 186 1
1449 186 1
1373 186 1
570 186 1
1989 186 1
1211 186 1
2250 186 1
1280 186 1
1856 186 1
1132 186 1
2111 186 1
2107 186 1
954 186 1
1880 186 1
1936 186 1
2117 186 1
1984 186 1
2177 186 1
2030 186 1
1631 186 1
960 186 1
684 186 1
797 186 1
2290 186 1
1177 186 1
1547 186 1
167 186 4
2198 186 1
2222 186 1
1651 186 1
1021 186 1
556 186 1
1689 186 1
2018 186 1
1654 186 1
2316 186 1
2013 186 1
1090 186 1
540 186 1
851 186 1
862 186 1
188 187 58
2072 187 1
2198 187 1
2117 187 1
1054 187 1
2111 187 1
960 187 1
540 187 1
2112 187 1
570 187 1
1159 187 1
2031 187 1
2005 187 1
2107 187 1
2290 187 1
1856 187 1
1631 187 1
1090 187 1
2013 187 1
1233 187 1
1449 187 1
1373 187 1
1164 187 1
1942 187 1
980 187 1
1984 187 1
556 187 1
2303 187 1
2177 187 1
2222 187 1
1580 187 1
1021 187 1
2250 187 1
2316 187 1
1880 187 1
1177 187 1
1737 187 1
1280 187 1
184 187 1
2292 187 1
2030 187 1
1678 187 1
1936 187 1
684 187 1
2271 187 1
2311 187 1
797 187 1
1935 187 1
1609 187 1
1052 187 1
2045 187 1
1901 187 1
349 187 1
1654 187 1
1211 187 1
1865 187 1
1720 187 1
851 187 1
1972 187 1
1133 188 1
1165 188 1
683 188 1
1156 188 1
961 188 1
835 188 1
969 188 1
1467 188 1
1016 188 1
519 188 1
1022 188 1
541 188 4
1366 188 1
1163 188 8
185 188 4
168 188 25
571 188 1
566 188 1
330 188 2
1546 188 1
846 189 1
1341 189 1
1710 189 1
190 189 4
847 190 4
60 190 2
26 190 4
190 191 5
1710 191 1
189 191 4
1569 191 1
189 192 4
373 192 5
272 192 1
356 192 4
193 192 24
1222 192 2
1354 192 1
1474 192 4
1477 192 2
357 193 4
978 193 2
273 193 2
177 193 5
1000 193 2
190 193 4
894 193 4
197 196 3
198 196 4
38 199 4
201 200 1
1840 202 1
1319 202 1
274 202 1
2080 202 1
1570 202 1
1300 202 1
2328 202 1
1390 202 1
1386 202 1
2239 202 1
1816 202 1
1697 202 1
2301 202 1
1518 202 1
314 202 1
200 202 1
1486 202 1
2232 202 1
1097 202 1
1956 202 1
448 202 13
380 202 2
1985 202 1
1119 202 1
2213 202 1
65 202 39
2069 202 1
763 202 1
1211 202 1
1657 202 1
204 203 1
65 204 1
1066 205 2
369 205 1
558 205 3
206 207 3
2150 207 1
209 208 7
1266 208 8
473 208 1
473 209 1
210 209 12
389 210 1
166 211 1
1437 212 1
1625 212 1
166 212 7
211 212 1
386 212 1
1917 212 1
1117 212 1
2082 212 1
1681 213 1
166 213 6
211 213 1
443 213 3
2082 213 1
215 214 1
217 216 5
214 216 1
391 216 2
840 216 1
1355 216 1
542 217 7
392 217 2
67 217 6
215 217 5
1280 219 1
1502 219 4
43 219 6
219 220 6
1394 220 5
1102 220 1
977 220 7
1507 220 7
45 220 15
538 220 5
1385 220 5
1151 220 1
26 222 4
811 222 1
60 222 2
225 224 1
209 226 5
379 226 4
473 226 1
473 227 1
687 227 4
209 227 5
177 228 6
1201 228 1
60 228 2
1006 229 1
177 229 6
60 229 2
230 231 4
2214 232 1
233 232 2
250 233 1
267 233 6
60 233 2
2060 234 1
2058 234 1
1338 234 2
2201 234 1
382 234 1
79 234 42
1342 234 2
936 234 1
1833 234 2
2193 234 1
354 234 2
1529 234 1
1160 234 1
310 234 1
1647 234 1
2126 234 1
1848 234 2
1288 234 2
1040 234 1
1107 234 2
232 234 2
2033 234 1
1754 234 1
2140 234 1
1550 234 2
561 234 1
502 234 2
278 234 2
2169 234 1
1674 234 2
339 235 1
28 235 4
237 236 1
845 237 1
844 237 1
26 238 4
332 238 1
60 238 2
240 239 1
2151 241 1
462 241 3
239 241 1
242 241 9
1691 241 1
1876 241 1
1399 241 1
1418 241 1
240 242 2
319 242 46
463 242 4
1400 242 1
207 242 1
2150 242 1
491 242 1
245 244 1
641 246 1
244 246 1
100 246 4
1339 246 1
246 247 4
823 247 1
107 247 8
167 247 1
1771 247 2
40 248 3
250 249 1
22 250 4
249 251 1
1771 251 2
233 251 3
242 252 52
52 252 3
321 252 19
166 253 4
43 255 1
257 256 2
177 257 6
60 257 2
165 257 1
1875 258 1
1906 258 1
373 258 1
1222 258 1
1477 258 1
2287 258 1
99 258 1
259 258 13
1275 258 1
2258 258 1
1128 258 1
883 258 1
1668 258 1
256 258 1
100 259 1
257 259 1
222 259 1
978 259 1
265 259 1
1000 259 1
267 259 1
168 259 1
1153 259 1
628 259 1
177 259 1
1077 259 1
307 259 3
256 260 1
1262 260 2
257 260 3
256 261 1
259 261 7
1128 261 1
1222 261 1
1297 261 1
2258 261 1
1477 261 1
373 261 1
263 262 1
2084 264 1
262 264 1
265 264 4
281 264 1
107 265 5
263 265 6
265 266 3
281 266 1
2084 266 1
262 266 1
178 267 31
389 269 2
270 269 4
168 270 1
575 270 1
473 270 1
779 271 1
60 271 2
26 271 4
273 272 1
275 274 1
277 276 1
937 277 1
60 277 2
177 277 6
276 278 1
277 278 2
2254 279 1
715 279 1
1039 279 1
2284 279 1
1559 279 1
280 279 60
883 279 1
704 279 10
1175 279 1
276 279 1
1261 279 1
2182 279 1
1106 279 1
1325 279 1
1409 279 1
868 279 1
2237 279 1
652 279 1
1036 279 1
559 279 3
873 279 1
972 279 1
556 279 1
709 279 1
1743 279 1
2051 279 1
500 279 1
352 279 1
1599 279 1
657 279 1
1582 279 1
1982 279 1
448 279 13
1211 279 1
1549 279 1
2108 279 1
2343 279 1
558 280 3
781 280 1
34 280 12
467 280 13
617 280 1
353 280 1
367 280 6
1075 280 1
1703 280 1
828 280 1
168 280 1
330 280 1
548 280 1
903 280 2
442 280 1
1067 280 1
501 280 1
1176 280 1
716 280 1
277 280 1
2070 280 1
222 280 1
307 280 1
772 280 1
238 280 1
973 280 1
263 281 1
267 282 6
60 282 2
989 282 1
60 283 2
1199 283 1
177 283 6
285 284 1
284 286 1
2101 286 1
1815 286 1
1941 286 1
705 286 1
681 286 1
1918 286 1
488 286 10
486 286 11
287 286 19
285 287 4
591 287 3
487 287 12
290 289 1
146 291 1
16 292 60
1263 292 1
651 292 3
291 292 1
848 292 1
1738 292 1
2343 292 1
2205 292 1
2053 292 1
1045 292 1
657 292 1
1922 292 1
2189 292 1
2244 292 1
948 292 1
641 292 1
1175 292 1
2305 292 1
985 292 1
1743 292 1
398 292 8
1830 292 1
411 292 1
1939 292 1
2237 292 1
2158 292 1
1747 292 1
2015 292 1
1827 292 1
1544 292 1
346 292 1
1036 292 1
2059 292 1
676 292 1
962 292 1
2293 292 1
934 292 1
709 292 1
1632 292 1
1307 292 1
1873 292 1
2182 292 1
2093 292 1
1420 292 1
537 292 1
1161 292 1
868 292 1
1320 292 1
2338 292 1
1756 292 1
710 292 1
18 293 60
292 293 60
1544 294 1
1939 294 1
2205 294 1
295 294 12
1632 294 1
1420 294 1
934 294 1
291 294 1
1263 294 1
848 294 1
1830 294 1
2059 294 1
2189 294 1
222 295 1
34 295 4
307 295 4
783 295 1
22 295 1
315 295 1
166 295 1
330 295 2
146 295 4
847 295 1
2059 296 1
1119 296 1
314 296 1
2205 296 1
1632 296 1
291 296 1
2189 296 1
2213 296 1
1575 296 1
1319 296 1
1939 296 1
934 296 1
1211 296 1
1420 296 1
848 296 1
1830 296 1
1390 296 1
1263 296 1
295 296 19
1544 296 1
1263 297 1
2205 297 1
848 297 1
1544 297 1
2189 297 1
1420 297 1
1830 297 1
2059 297 1
934 297 1
1939 297 1
295 297 12
1632 297 1
291 297 1
934 298 1
1263 298 1
1632 298 1
883 298 1
2205 298 1
1939 298 1
1830 298 1
848 298 1
1544 298 1
2189 298 1
1420 298 1
2059 298 1
295 298 13
291 298 1
225 299 1
16 300 4
710 300 1
346 300 1
299 300 1
18 301 4
300 301 4
303 302 4
305 304 4
307 306 1
309 308 2
306 308 1
2167 308 1
259 309 4
222 309 1
85 309 5
146 309 2
1241 309 2
307 309 9
367 309 5
295 309 4
311 310 1
166 311 4
313 312 4
315 314 1
317 316 1
1310 318 1
753 318 1
2278 318 1
2170 318 1
1217 318 1
1143 318 1
1610 318 1
1704 318 1
319 318 17
1806 318 1
1602 318 1
316 318 1
1147 318 1
1167 318 1
1581 318 1
1084 318 1
543 318 1
910 319 1
1330 319 2
60 319 1
733 319 1
34 319 1
544 319 5
1357 319 1
11 319 1
1085 319 2
1095 319 2
1218 319 3
1144 319 1
607 319 2
1270 319 1
1351 319 3
1348 319 1
804 319 1
1356 319 1
29 319 1
762 319 2
742 319 1
1413 319 2
707 319 3
754 319 2
317 319 2
1702 320 1
321 320 19
318 320 17
319 321 17
1703 321 2
320 322 19
324 322 52
252 322 54
318 323 17
321 323 17
1418 324 1
535 324 14
699 324 17
318 324 17
1876 324 1
242 324 52
464 324 3
535 325 14
326 325 29
318 325 17
319 326 46
326 327 17
318 327 17
40 328 3
330 329 1
332 331 1
619 332 4
333 334 4
336 335 1
166 336 4
338 337 3
1771 337 2
335 337 1
336 338 1
60 338 2
177 338 6
60 340 2
177 340 6
377 340 1
618 342 1
177 342 6
60 342 2
307 343 1
65 344 58
1605 344 1
751 344 2
1037 344 1
1894 344 1
2311 344 1
805 344 1
2056 344 1
1872 344 1
1906 344 1
1214 344 1
445 344 1
398 344 8
2011 344 1
1381 344 1
1971 344 1
1653 344 1
1451 344 1
2270 344 1
2314 344 1
1297 344 1
1011 344 1
1939 344 1
794 344 1
346 344 1
1750 344 1
343 344 1
1305 344 1
1921 344 1
1447 344 1
2129 344 1
2085 344 1
1974 344 1
851 344 1
1756 344 1
1962 344 1
945 344 1
689 344 1
2274 344 1
2209 344 1
710 344 1
1659 344 1
797 344 1
787 344 1
1155 344 1
2291 344 1
682 344 1
2258 344 1
1560 344 1
1525 344 1
1170 344 1
1637 344 1
343 345 1
309 345 1
307 346 1
346 347 1
710 347 1
348 347 2
280 348 13
34 348 1
1153 348 1
221 348 3
736 348 2
307 348 2
85 348 7
295 348 6
168 349 1
166 350 4
119 351 1
353 352 1
60 353 2
1173 353 1
177 353 6
352 354 1
353 354 2
315 355 1
355 356 1
1279 356 1
357 356 4
2165 356 1
60 357 2
315 357 4
26 357 4
1279 358 1
356 358 4
916 358 1
357 358 5
360 359 1
362 361 2
359 361 1
188 362 4
360 362 2
1295 363 1
167 363 1
361 363 2
58 363 11
2238 363 1
1527 363 1
1685 363 1
1388 363 1
1825 363 1
1495 363 1
63 364 11
363 364 11
362 365 6
1970 365 1
361 365 2
367 366 8
2281 366 1
365 366 6
1592 367 1
491 367 1
1740 367 1
1156 367 1
627 367 1
446 367 1
539 367 1
630 367 1
573 367 1
362 367 6
2281 368 1
2195 368 1
366 368 8
2302 368 1
1770 368 1
1175 368 1
1081 368 1
661 368 1
1083 368 1
1428 368 1
2291 368 1
1503 368 7
582 368 1
1375 368 1
369 368 44
1896 368 1
832 368 1
445 368 1
2244 368 1
849 368 1
1992 368 1
2264 368 1
842 368 3
505 368 7
735 368 1
1439 368 1
160 369 2
542 369 3
159 369 2
583 369 1
367 369 8
733 369 1
575 369 1
1897 369 1
157 369 7
736 369 2
1134 369 2
662 369 5
158 369 2
1592 369 1
442 369 1
1740 369 1
555 369 1
1176 369 1
446 369 1
645 370 1
65 370 12
1575 370 1
1188 370 1
1657 370 1
366 370 8
1535 371 3
65 371 21
398 371 8
366 371 8
1428 371 1
2209 371 1
65 372 10
366 372 8
1428 372 1
1911 372 1
2200 373 1
2083 373 1
177 373 5
2081 373 1
177 374 5
373 374 5
2150 375 1
326 375 4
166 377 4
1828 380 1
381 380 2
383 382 1
166 383 4
166 386 1
2213 387 1
386 387 1
166 387 2
389 388 1
475 389 6
388 390 1
269 390 1
1711 391 1
392 391 2
552 392 2
734 392 3
217 393 4
2125 393 1
391 393 2
1724 393 1
395 394 1
648 395 1
394 396 1
397 396 1
395 397 1
4 397 3
399 398 8
2036 398 1
2017 398 1
1530 398 1
1412 398 1
1011 398 1
394 398 1
1927 398 1
168 399 1
492 399 4
395 399 6
30 400 25
1081 400 1
445 400 1
1502 400 4
398 400 8
1428 400 1
582 400 1
2291 400 1
1175 400 1
2133 400 1
803 400 1
1209 400 7
701 400 1
1766 401 1
400 401 25
30 401 26
403 402 13
768 402 1
1964 402 1
1189 402 1
1182 402 1
2199 402 1
398 402 8
769 403 5
399 403 8
34 404 1
406 405 1
22 406 4
408 407 3
1771 407 2
405 407 1
406 408 1
60 408 2
267 408 6
566 409 6
409 410 1
146 411 1
1738 412 1
1867 412 1
2084 412 1
886 412 1
1250 412 1
1264 412 1
1924 412 1
16 412 12
1305 412 1
676 412 1
1653 412 1
411 412 1
412 413 12
18 413 12
414 415 3
417 416 1
498 417 1
177 417 6
60 417 2
417 418 1
416 418 1
309 419 5
4 420 3
11 425 1
119 426 1
166 427 4
65 430 7
348 431 7
85 432 5
575 432 3
588 432 1
432 433 3
435 434 1
166 435 4
435 436 1
434 436 1
221 438 1
441 440 3
725 442 1
26 442 4
1437 443 1
1945 443 1
166 443 3
443 444 3
1437 444 1
1945 444 1
166 444 3
446 445 1
492 446 4
2291 447 1
1653 447 1
445 447 1
367 447 4
1397 448 1
280 448 13
2069 448 1
1428 448 1
447 448 4
1985 448 1
1284 448 1
466 448 1
603 448 1
1956 448 1
450 449 15
2013 449 1
448 449 13
280 450 13
969 450 1
81 450 1
449 451 15
1992 451 1
2248 451 1
1980 451 2
1502 451 4
1209 451 7
1916 451 1
30 451 29
1686 451 1
30 452 31
1254 452 1
1568 452 1
451 452 29
1280 453 1
449 453 15
454 453 17
1947 453 1
450 454 15
1156 454 1
52 454 3
1751 454 1
65 455 16
860 455 1
2013 455 1
1988 455 1
448 455 13
1894 456 1
448 456 13
65 456 14
448 457 13
348 457 16
1097 457 1
1300 457 1
1816 457 1
2306 458 1
65 458 16
1570 458 1
279 458 1
448 458 13
448 459 13
460 459 13
280 460 13
1532 460 1
1301 460 1
1097 461 1
1657 461 1
348 461 16
448 461 13
1300 461 1
463 462 3
445 462 1
2291 462 1
326 463 4
1740 463 1
446 463 1
2291 464 1
445 464 1
463 464 3
1418 465 1
1691 465 1
1876 465 1
242 465 6
464 465 3
467 466 1
469 468 1
466 468 1
467 469 1
177 471 6
1200 471 1
60 471 2
473 472 1
472 474 1
1896 474 1
475 474 3
2122 474 1
473 475 1
270 475 6
28 475 6
1897 475 2
226 476 5
1765 476 1
1383 476 1
983 476 1
472 476 1
1426 476 1
1734 477 1
798 477 1
686 477 1
472 477 1
1496 477 1
227 477 5
472 478 1
60 478 2
1483 478 1
472 479 1
1268 479 2
480 479 3
270 480 4
473 480 1
208 480 2
1962 481 1
472 481 1
1439 481 1
270 481 3
22 483 4
485 484 1
1804 486 1
2077 486 1
484 486 1
487 486 11
785 486 1
1821 486 1
1902 486 1
655 486 1
1251 486 1
2276 486 1
968 486 1
1762 487 1
1764 487 1
949 487 1
421 487 1
1805 487 1
1606 487 1
864 487 1
656 487 1
485 487 2
395 487 1
1708 487 1
786 487 1
1257 487 1
655 488 1
2077 488 1
968 488 1
484 488 1
1804 488 1
785 488 1
487 488 10
2276 488 1
1821 488 1
1902 488 1
1630 489 1
490 489 2
166 490 4
492 491 4
1158 492 1
487 492 6
226 494 2
1765 494 1
496 495 2
494 495 2
226 496 2
270 496 4
498 497 1
166 498 4
1771 499 2
417 499 3
497 499 1
501 500 1
60 501 2
177 501 6
311 501 1
501 502 2
500 502 1
369 503 1
503 504 1
560 504 6
205 504 8
1699 505 1
853 505 1
661 505 1
2334 505 1
369 505 7
1469 505 1
503 505 1
483 506 1
1771 507 2
506 507 1
508 507 3
267 508 6
483 508 1
60 508 2
166 509 4
511 510 1
510 512 1
513 512 1
441 513 3
511 513 2
516 515 1
26 516 4
177 517 6
792 517 1
60 517 2
519 518 1
518 520 1
519 520 1
431 521 1
1749 522 1
521 522 1
431 522 9
836 522 2
1960 522 1
1290 522 2
1456 522 2
1914 522 1
1498 522 1
1899 522 1
4 523 9
523 524 4
523 525 4
523 526 4
4 526 3
60 527 2
26 527 4
529 528 1
28 529 4
65 530 8
1045 530 1
1264 530 1
1889 530 1
1890 530 1
528 530 1
1386 530 1
1575 530 1
2055 530 1
26 531 4
139 532 6
259 532 6
532 533 6
317 534 1
1490 535 1
1143 535 1
2154 535 1
1948 535 1
2296 535 1
543 535 1
1853 535 1
1387 535 1
1861 535 1
2162 535 1
534 535 1
319 535 14
1094 535 1
606 535 1
535 536 14
326 536 14
14 537 1
1502 538 4
43 538 5
492 539 4
541 540 1
275 542 9
707 542 4
544 543 1
546 545 1
619 546 4
545 547 1
548 547 3
1771 547 2
60 548 2
546 548 1
26 548 4
221 550 1
552 551 1
551 553 1
1965 553 1
2171 553 1
392 553 3
4 554 3
168 556 1
1672 557 1
556 557 1
558 557 2
225 558 1
168 558 1
556 559 1
1672 559 1
558 559 3
205 560 6
559 560 3
2015 560 1
1065 560 1
562 561 1
619 562 4
561 563 1
1771 563 2
564 563 3
60 564 2
26 564 4
562 564 1
566 565 1
801 567 1
1398 567 1
1043 567 1
409 567 6
565 567 1
1671 567 1
1709 567 1
801 568 1
1398 568 1
565 568 1
569 568 8
1709 568 1
1810 568 1
1671 568 1
2219 568 1
1273 568 1
566 569 8
571 570 1
60 572 2
177 572 6
1014 572 1
287 573 4
575 574 1
63 575 5
810 575 4
575 576 2
574 576 1
906 577 1
587 577 1
2000 577 1
2305 577 1
2212 577 1
576 577 2
1867 577 1
1574 577 1
1881 577 1
578 577 12
1462 577 1
749 577 1
588 578 8
575 578 3
430 578 1
576 579 2
432 579 2
576 580 2
432 580 4
749 580 1
1713 580 1
60 581 5
1726 581 1
1439 581 1
1713 581 1
576 581 2
583 582 1
585 584 3
582 584 1
1081 584 1
583 585 1
555 585 1
584 586 3
585 586 3
588 587 1
139 589 8
1816 589 1
1756 589 1
1881 589 1
1921 589 1
587 589 1
2000 589 1
2241 589 1
837 589 1
591 590 1
2101 592 1
705 592 1
2314 592 1
1020 592 1
593 592 6
681 592 1
590 592 1
168 593 1
591 593 6
593 594 3
2220 594 1
590 594 1
81 595 4
287 597 4
4 598 3
381 599 1
1646 600 1
599 600 1
58 600 3
600 601 3
63 601 3
467 603 1
605 604 2
1491 604 1
603 604 1
467 605 2
607 606 1
150 608 1
610 609 1
940 611 1
613 611 2
609 611 1
612 611 3
610 612 1
4 612 3
1299 612 3
612 613 2
609 613 1
615 614 1
166 615 4
617 616 3
1771 616 2
614 616 1
177 617 6
615 617 1
60 617 2
166 618 4
21 620 1
622 621 3
620 621 1
1771 621 2
267 622 6
21 622 1
60 622 2
287 623 1
185 624 1
287 624 4
287 625 4
287 626 4
287 627 4
287 628 4
287 629 4
287 630 4
287 631 4
287 632 4
287 633 4
437 634 1
634 635 1
636 635 2
437 636 2
733 636 4
635 637 2
67 637 3
637 638 3
217 638 8
708 638 4
2336 639 1
1906 639 1
1382 639 1
1940 639 1
1758 639 2
2238 639 1
1450 639 1
928 639 1
634 639 1
640 639 45
2240 639 1
1175 639 1
1976 639 1
2115 639 1
1814 639 2
1209 639 7
2057 639 1
1186 639 2
745 639 19
929 640 4
1133 640 1
1603 640 1
30 640 25
11 640 1
437 640 2
733 640 2
628 640 1
1176 640 2
1676 640 1
702 640 4
245 641 1
643 642 1
641 642 1
26 643 4
245 643 1
2150 644 1
235 645 1
648 647 1
237 650 1
2157 651 1
24 651 3
2251 651 1
548 652 1
442 653 1
656 655 1
34 657 1
575 658 1
275 659 1
542 660 3
1227 660 2
659 660 1
662 661 1
22 663 1
1954 664 1
1501 664 1
1928 664 1
1154 664 1
22 664 7
663 664 1
1431 664 1
2124 664 1
663 665 1
22 665 2
1390 665 1
67 666 3
1977 666 2
666 667 3
1184 667 3
217 667 6
22 668 4
22 669 1
22 670 3
669 670 1
1954 670 1
1954 671 1
670 671 3
22 671 3
669 671 1
670 672 3
1501 672 1
1099 672 1
1928 672 1
22 672 6
22 673 3
1099 673 1
669 673 1
1501 674 1
22 674 4
673 674 3
237 676 1
676 677 1
678 677 1
237 678 1
676 679 1
678 679 1
678 680 1
676 680 1
591 681 1
204 682 1
168 684 1
619 685 4
687 686 1
227 688 1
686 688 1
496 689 1
69 690 1
692 691 1
878 693 3
691 693 1
123 693 4
692 694 2
1531 694 1
691 694 1
471 695 1
695 696 1
471 696 1
546 697 1
29 698 1
1116 699 1
1513 699 1
2341 699 1
919 699 1
2100 699 1
1350 699 3
1230 699 1
1108 699 1
1345 699 1
1887 699 1
1879 699 1
319 699 17
698 699 1
1811 699 1
1269 699 1
699 700 17
326 700 17
702 701 1
178 702 5
2067 702 2
26 702 4
367 703 2
1691 703 1
1313 704 1
703 704 2
280 704 10
1491 704 1
790 704 1
1055 704 1
2163 704 1
2023 704 1
2286 704 1
591 705 1
707 706 1
571 707 1
706 708 1
1847 708 1
542 708 4
2327 708 1
34 709 1
307 710 1
712 711 1
716 715 1
986 717 1
152 717 4
715 717 1
2333 717 1
2148 717 1
395 718 1
487 719 5
718 719 1
2075 719 1
2324 719 1
1763 719 1
719 720 5
1528 720 4
492 720 7
1180 720 1
718 721 1
851 721 1
2311 721 1
143 721 3
875 723 1
60 723 2
26 723 4
725 724 1
442 726 2
724 726 1
177 727 6
60 727 2
1035 727 1
729 728 1
166 729 4
731 730 3
1771 730 2
728 730 1
177 731 6
729 731 1
60 731 2
30 733 3
707 733 1
796 733 3
733 734 4
736 735 1
575 736 1
735 737 1
736 737 3
849 737 1
1439 738 1
736 738 4
737 738 3
348 739 2
849 739 1
735 739 1
34 740 1
742 741 1
30 742 4
741 743 1
1502 743 4
30 743 10
2310 743 1
1209 743 7
1166 744 1
743 744 10
30 744 11
2133 745 1
1101 745 1
1980 745 2
741 745 1
2307 745 1
1677 745 1
30 745 19
2027 745 1
859 745 1
803 745 1
1916 745 1
2223 745 1
1882 745 1
1642 745 2
1855 745 1
1832 745 1
2310 745 1
619 746 1
1604 747 1
619 747 4
759 747 1
838 747 1
746 747 1
575 749 1
430 750 2
752 751 2
750 751 1
430 752 1
754 753 1
756 755 1
38 756 4
1448 757 1
1923 757 1
2116 757 1
2166 757 1
755 757 1
38 757 8
981 757 1
1548 757 1
1822 757 1
22 758 4
619 759 1
619 760 3
1604 760 1
759 760 1
1529 760 1
146 761 1
764 763 1
509 765 1
1771 766 2
767 766 3
765 766 1
509 767 1
177 767 6
60 767 2
769 768 1
648 769 1
519 770 4
519 771 4
177 772 6
60 772 2
383 772 1
4 773 3
1280 774 1
1503 774 7
43 774 9
1826 775 2
43 775 12
774 775 9
45 776 16
775 776 12
1393 776 1
777 776 13
1421 776 1
1699 777 1
1826 777 2
774 777 9
43 777 13
779 778 1
783 782 1
782 784 1
783 784 1
786 785 1
307 787 1
787 788 1
309 788 1
467 790 1
792 791 1
166 792 4
517 793 3
1771 793 2
791 793 1
307 794 1
794 795 1
309 795 1
168 797 1
687 798 1
798 799 1
227 799 1
22 800 4
566 801 1
38 802 4
804 803 1
30 804 4
597 805 1
807 806 1
809 808 1
806 808 1
911 809 1
1012 809 2
807 809 4
619 811 4
60 812 2
758 812 1
267 812 6
177 815 6
1205 815 1
60 815 2
817 816 1
26 817 1
1771 818 2
819 818 3
816 818 1
60 819 2
817 819 1
26 819 4
408 820 1
820 821 1
408 821 1
824 823 1
619 824 4
60 825 4
823 825 1
1770 825 1
99 825 1
167 825 1
824 826 2
823 826 1
828 827 4
826 827 2
1771 827 2
60 828 2
824 828 2
26 828 4
338 829 1
829 830 1
338 830 1
26 831 4
1041 831 1
60 831 2
159 832 1
832 833 1
159 833 1
835 834 1
431 836 2
1899 836 1
34 837 1
619 838 1
381 839 1
215 840 1
275 841 1
904 842 1
542 842 3
841 842 1
237 844 2
237 845 2
847 846 1
307 848 1
736 849 1
849 850 1
348 850 1
168 851 1
467 852 1
159 853 1
855 854 1
857 856 9
1771 856 2
1174 856 1
854 856 1
2253 856 1
938 856 1
1416 856 1
1619 856 1
1365 856 1
855 857 7
26 857 4
60 857 2
854 858 1
1174 858 1
857 858 2
29 859 1
861 860 1
28 861 4
171 862 1
862 863 1
173 863 3
1689 863 1
954 863 1
866 865 1
60 866 2
177 866 6
835 866 5
865 867 1
1857 867 1
866 867 2
34 868 1
28 869 4
208 869 4
1139 870 1
307 873 1
875 874 1
1206 876 1
60 876 2
177 876 6
591 877 1
879 878 3
877 878 1
2101 878 1
575 879 1
591 879 2
593 880 1
877 880 1
875 881 1
723 882 3
1771 882 2
881 882 1
222 883 1
883 884 1
1157 884 5
2270 884 1
309 884 7
883 885 1
1157 885 5
309 885 6
263 886 1
265 887 3
2287 887 1
1635 887 1
886 887 1
888 889 4
146 890 1
892 891 6
166 893 4
783 894 4
60 894 2
26 894 4
430 895 1
897 896 1
1323 898 1
1771 898 2
1405 898 1
1907 898 1
1836 898 1
2190 898 1
899 898 9
1712 898 1
896 898 1
60 899 2
26 899 4
897 899 7
899 900 5
2190 900 1
896 900 1
1712 900 1
1405 900 1
166 901 4
275 904 1
904 905 1
542 905 3
1866 905 1
1044 905 1
588 906 1
150 907 1
569 908 1
125 909 4
911 912 1
935 912 2
1247 913 2
911 913 1
911 914 1
1733 914 2
911 915 1
1018 915 2
315 916 1
263 917 1
917 918 1
265 918 1
34 919 1
921 920 2
919 920 1
34 921 1
921 922 2
920 922 2
65 923 1
919 923 1
198 924 4
925 924 3
208 926 4
1925 926 2
926 927 4
869 927 4
929 928 1
166 930 4
307 931 1
309 932 1
931 932 1
307 934 1
937 936 1
166 937 4
855 938 1
1174 939 1
857 939 5
1619 939 1
2253 939 1
938 939 1
612 940 1
811 941 1
668 942 1
942 943 1
944 943 3
1771 943 2
668 944 1
267 944 6
60 944 2
946 945 1
270 946 4
227 946 2
168 946 1
467 948 1
491 951 1
1400 951 1
326 951 4
119 952 1
171 954 1
731 955 1
731 956 1
955 956 1
692 957 4
807 958 1
809 959 2
1761 959 1
958 959 1
961 960 1
225 962 1
40 963 3
588 964 1
58 965 8
1827 965 1
365 965 1
964 965 1
2093 965 1
1132 965 1
2205 965 1
965 966 8
63 966 8
893 967 1
177 967 6
60 967 2
949 968 1
511 970 1
513 971 1
970 971 1
973 972 1
60 973 2
26 973 4
685 973 1
221 975 1
817 976 1
1502 977 4
1686 977 1
2130 977 1
43 977 7
60 978 2
901 978 1
177 978 6
168 980 1
982 981 1
38 982 4
379 983 1
983 984 1
226 984 1
237 985 1
168 986 1
177 987 6
60 987 2
427 987 1
989 988 1
22 989 4
282 990 3
988 990 1
1771 990 2
992 991 3
1141 991 1
28 994 4
1141 994 1
685 996 1
43 997 1
619 999 4
177 1000 6
930 1000 1
60 1000 2
727 1001 1
727 1002 1
1001 1002 1
430 1003 1
430 1004 1
1003 1004 1
166 1006 4
625 1007 1
40 1009 3
855 1010 1
395 1011 1
1014 1013 1
166 1014 4
1013 1015 1
1014 1015 1
177 1017 6
60 1017 2
435 1017 1
168 1020 1
1022 1021 1
1024 1023 1
60 1024 2
800 1024 1
267 1024 6
1024 1025 1
1023 1025 1
196 1027 1
2114 1028 1
45 1028 2
1027 1028 1
22 1029 4
1031 1030 1
22 1031 4
1033 1032 3
1771 1032 2
1030 1032 1
60 1033 2
1031 1033 1
267 1033 6
22 1034 4
166 1035 4
34 1036 1
307 1037 1
1037 1038 1
309 1038 1
34 1039 1
1041 1040 1
619 1041 4
619 1042 4
566 1043 1
275 1044 1
34 1045 1
1045 1046 1
65 1046 4
1264 1046 1
1097 1046 1
1300 1046 1
201 1047 1
1771 1048 2
2073 1048 1
1950 1048 1
1047 1048 1
2235 1048 1
1049 1048 7
1178 1048 1
60 1049 2
201 1049 5
26 1049 4
1950 1050 1
2073 1050 1
1047 1050 1
1049 1050 3
168 1052 1
4 1053 3
330 1054 1
903 1055 1
1057 1056 1
1055 1056 1
903 1057 1
1055 1058 1
1057 1058 1
1055 1059 1
1057 1059 1
1061 1060 3
1446 1060 1
2274 1060 1
223 1061 1
1207 1061 1
1060 1062 3
2274 1062 1
1063 1062 6
1721 1062 1
1193 1062 1
1207 1063 1
1061 1063 3
1194 1063 2
1063 1064 5
1721 1064 1
1060 1064 3
2274 1064 1
1066 1065 1
177 1067 6
1202 1067 1
60 1067 2
26 1068 4
1487 1069 1
60 1069 2
26 1069 4
60 1070 2
1042 1070 1
26 1070 4
60 1071 2
26 1071 4
871 1071 1
1197 1072 1
177 1072 6
60 1072 2
60 1073 2
177 1073 6
1198 1073 1
177 1074 6
350 1074 1
60 1074 2
490 1075 1
177 1075 6
60 1075 2
1203 1076 1
177 1076 6
60 1076 2
60 1077 2
177 1077 6
1204 1077 1
267 1078 6
60 1078 2
1029 1078 1
1191 1079 1
267 1079 6
60 1079 2
267 1080 6
60 1080 2
1601 1080 1
555 1081 1
875 1082 1
662 1083 1
1085 1084 1
18 1086 10
11 1086 1
1357 1086 1
1270 1086 1
933 1089 1
185 1090 1
1090 1091 1
624 1091 1
1090 1092 1
1093 1092 1
492 1093 4
185 1093 1
1095 1094 1
662 1096 1
221 1097 1
22 1099 1
22 1100 1
1099 1100 1
804 1101 1
924 1102 1
1104 1103 4
28 1105 4
1067 1106 1
1106 1107 1
1067 1107 2
11 1108 1
245 1109 1
1111 1110 1
1109 1110 1
245 1111 1
40 1112 3
40 1113 3
40 1114 3
1428 1115 1
653 1115 2
544 1116 1
166 1117 1
1431 1118 1
2082 1118 1
1154 1118 1
1954 1118 1
1117 1118 1
1437 1118 1
1625 1118 1
1501 1118 1
1917 1118 1
178 1118 10
2124 1118 1
847 1119 1
199 1120 1
1120 1121 1
83 1121 2
1121 1122 2
83 1122 2
1120 1123 1
83 1123 1
595 1124 1
228 1125 1
1125 1126 1
228 1126 1
267 1128 2
1128 1129 2
267 1129 2
267 1130 1
1128 1130 1
1133 1132 1
1136 1135 1
1137 1138 4
4 1142 3
1144 1143 1
915 1145 2
1228 1145 1
1145 1146 2
915 1146 3
544 1147 1
544 1148 1
1147 1148 1
196 1151 1
1153 1152 1
22 1154 1
1156 1155 1
1381 1157 1
367 1157 5
1872 1157 1
1155 1157 1
1525 1157 1
168 1159 1
427 1160 1
245 1161 1
1163 1162 1
1165 1164 1
804 1166 1
707 1167 1
1078 1168 1
1078 1169 1
1168 1169 1
146 1170 1
1750 1171 1
309 1171 2
1170 1171 1
1173 1172 1
166 1173 4
855 1174 1
1176 1175 1
683 1177 1
201 1178 1
1139 1179 1
1158 1180 1
430 1181 1
769 1182 1
707 1183 1
542 1184 3
1183 1184 1
1995 1184 1
1183 1185 1
707 1185 1
733 1186 2
1183 1186 1
1183 1187 1
733 1187 1
34 1188 1
769 1189 1
1191 1190 1
22 1191 4
1771 1192 2
1190 1192 1
1079 1192 3
1194 1193 1
166 1195 4
166 1197 4
166 1198 4
166 1199 4
166 1200 4
166 1201 4
166 1202 4
166 1203 4
166 1204 4
166 1205 4
166 1206 4
383 1208 2
1389 1208 1
30 1209 7
2130 1209 1
1502 1209 4
1855 1209 1
30 1210 7
1209 1210 7
330 1211 1
303 1212 6
1212 1213 5
632 1214 1
1035 1215 1
1215 1216 1
727 1216 3
1771 1216 2
1218 1217 1
937 1219 1
180 1220 1
168 1221 2
978 1222 2
978 1223 3
1222 1223 2
1223 1224 3
978 1224 3
1139 1225 1
1225 1226 1
870 1226 1
1586 1227 1
707 1227 2
915 1228 1
742 1230 1
1202 1231 1
1067 1232 3
1771 1232 2
1231 1232 1
168 1233 1
1234 1235 4
1957 1235 4
168 1237 1
28 1238 4
1470 1239 1
2115 1239 1
1086 1239 4
1514 1239 1
321 1240 3
1240 1241 4
1243 1242 1
1299 1243 3
875 1244 1
1246 1245 1
221 1249 1
225 1250 1
485 1251 1
38 1253 4
804 1254 1
969 1255 1
313 1256 4
1746 1259 1
1611 1259 1
2249 1259 1
1260 1259 4
909 1260 1
781 1260 2
828 1261 1
257 1262 2
256 1262 1
34 1263 1
34 1264 1
1266 1265 1
1265 1267 1
1925 1267 2
2132 1267 1
1533 1267 2
2304 1267 1
1637 1267 1
208 1267 9
2143 1267 1
208 1268 3
1265 1268 1
2132 1268 1
1270 1269 1
18 1270 4
1086 1270 5
1271 1272 3
566 1273 1
307 1275 1
309 1276 1
1275 1276 1
1139 1277 1
764 1278 2
315 1279 1
1156 1280 1
824 1281 1
395 1283 1
467 1284 1
1284 1285 1
1286 1285 1
467 1286 1
1284 1287 1
1286 1287 1
1637 1288 1
209 1288 2
209 1289 2
1288 1289 2
431 1290 2
1899 1290 1
1173 1291 1
353 1292 3
1771 1292 2
1291 1292 1
134 1294 1
168 1295 1
891 1296 5
307 1297 1
99 1298 1
2287 1298 1
259 1298 4
1386 1298 1
1297 1298 1
221 1300 1
460 1301 4
43 1302 1
546 1304 1
307 1305 1
467 1307 1
168 1308 1
1173 1309 1
607 1310 1
734 1311 1
392 1312 1
1311 1312 1
467 1313 1
1313 1314 1
1315 1314 1
467 1315 1
1315 1316 1
1313 1316 1
1313 1317 1
1315 1317 1
783 1319 1
1321 1320 1
4 1322 3
897 1323 1
899 1324 1
1323 1324 1
467 1325 1
1327 1326 1
1771 1328 2
2277 1328 1
2044 1328 1
1329 1328 5
1326 1328 1
442 1329 1
1809 1329 1
1327 1329 2
60 1329 2
326 1331 4
692 1332 4
1554 1333 3
4 1334 3
1335 1334 3
845 1334 3
901 1336 1
1336 1337 1
901 1337 1
1884 1338 1
176 1338 2
245 1339 1
225 1340 1
847 1341 1
2051 1342 1
1075 1342 2
339 1343 1
1343 1344 1
235 1344 1
910 1345 1
1199 1346 1
1771 1347 2
283 1347 3
1346 1347 1
544 1349 1
1351 1350 3
1667 1350 1
1349 1350 1
544 1351 2
43 1352 1
273 1354 1
215 1355 1
18 1357 4
1086 1357 5
903 1358 1
180 1359 1
1204 1360 1
1771 1361 2
1077 1361 3
1360 1361 1
290 1362 1
31 1363 1
1363 1364 1
31 1364 2
855 1365 1
1875 1367 2
1077 1367 3
1077 1368 3
1367 1368 3
800 1369 1
1024 1370 3
1369 1370 1
1771 1370 2
1072 1371 1
1371 1372 1
1072 1372 1
168 1373 1
160 1375 1
160 1376 2
1375 1376 1
2130 1376 1
38 1377 4
253 1379 1
1771 1380 2
1379 1380 1
176 1380 3
630 1381 1
929 1382 1
379 1383 1
226 1384 1
1383 1384 1
1502 1385 4
43 1385 5
1153 1386 1
1085 1387 1
275 1388 1
383 1389 1
22 1390 1
901 1391 1
1771 1392 2
978 1392 3
1391 1392 1
196 1393 1
43 1394 5
1502 1394 4
1396 1395 1
467 1397 1
566 1398 1
1400 1399 1
492 1400 4
951 1401 1
1399 1401 1
951 1402 1
1399 1402 1
1377 1403 1
1403 1404 1
28 1404 6
1986 1404 1
1713 1404 1
1626 1404 1
1988 1404 1
1946 1404 1
897 1405 1
899 1406 2
1405 1406 1
1836 1406 1
430 1407 1
1407 1408 1
430 1408 1
34 1409 1
572 1410 1
1410 1411 1
572 1411 1
395 1412 1
34 1415 1
855 1416 1
1416 1417 1
857 1417 1
240 1418 1
34 1419 1
146 1420 1
924 1421 1
527 1422 1
1834 1424 1
311 1424 2
379 1426 1
226 1427 1
1426 1427 1
442 1428 1
1428 1429 1
1329 1429 3
2277 1429 1
65 1430 2
2306 1430 1
1428 1430 1
22 1431 1
871 1432 1
1771 1433 2
1071 1433 3
1432 1433 1
933 1434 1
9 1435 1
9 1436 1
1435 1436 1
166 1437 1
1437 1438 1
1682 1438 3
2082 1438 1
166 1438 5
575 1439 1
1439 1440 1
879 1440 2
1439 1441 1
658 1441 1
879 1442 2
1439 1442 1
1202 1443 1
1202 1444 2
1443 1444 1
223 1446 1
1163 1447 1
1377 1448 1
168 1449 1
929 1450 1
168 1451 1
2089 1452 1
1451 1452 1
1453 1452 2
168 1453 1
752 1453 1
65 1454 1
1451 1454 1
431 1456 2
1899 1456 1
595 1457 1
1457 1458 1
595 1458 1
81 1459 1
1457 1459 1
875 1460 1
430 1462 1
1041 1464 1
1771 1465 2
1464 1465 1
831 1465 3
1467 1466 1
1466 1468 1
43 1468 1
160 1469 1
1357 1470 1
1086 1471 3
1470 1471 1
2115 1471 1
1514 1471 1
2115 1472 1
1514 1472 1
1086 1472 3
1470 1472 1
783 1473 1
2231 1474 1
1473 1474 1
2312 1474 1
894 1474 4
1845 1475 1
2312 1475 1
894 1475 5
1474 1475 4
1000 1477 2
1000 1478 3
1477 1478 2
1000 1479 3
1478 1479 3
146 1480 1
14 1481 1
34 1482 1
473 1483 1
712 1484 1
245 1485 1
897 1486 1
619 1487 4
1197 1488 1
1072 1489 3
1488 1489 1
1771 1489 2
762 1490 1
467 1491 1
435 1493 1
1493 1494 1
1771 1494 2
1017 1494 3
1141 1495 1
687 1496 1
1496 1497 1
227 1497 1
431 1498 1
1498 1499 1
1500 1499 1
431 1500 1
22 1501 1
1878 1502 1
2016 1502 1
1913 1502 1
157 1502 4
1686 1503 1
2130 1503 1
1502 1503 4
157 1503 7
157 1504 7
1503 1504 7
1502 1504 4
1502 1505 4
1503 1505 7
157 1505 7
2130 1506 1
1502 1506 4
1686 1506 1
157 1506 6
1686 1507 1
1502 1507 4
2130 1507 1
43 1507 7
1686 1508 1
157 1508 6
1502 1508 4
2130 1508 1
168 1509 1
245 1510 1
383 1511 1
1771 1512 2
772 1512 3
1511 1512 1
1357 1513 1
1270 1514 1
944 1516 1
944 1517 2
1516 1517 1
1898 1517 1
150 1518 1
342 1519 1
1519 1520 1
342 1520 1
804 1521 1
1523 1522 1
648 1523 1
1522 1524 1
1523 1524 1
627 1525 1
875 1526 1
275 1527 1
2324 1528 1
2075 1528 1
487 1528 4
1763 1528 1
619 1529 1
168 1530 1
692 1531 1
460 1532 4
1266 1533 2
208 1534 2
1533 1534 2
1645 1535 1
845 1535 3
2158 1535 1
1334 1536 3
1535 1536 3
618 1538 1
342 1539 3
1538 1539 1
1771 1539 2
1017 1540 1
1017 1541 1
1540 1541 1
1543 1542 4
4 1542 3
307 1544 1
897 1545 1
1165 1547 1
802 1548 1
772 1549 1
1549 1550 1
772 1550 2
812 1552 1
812 1553 1
1552 1553 1
1555 1554 3
1333 1555 1
107 1556 1
99 1556 1
315 1557 1
315 1558 1
1557 1558 1
34 1559 1
473 1560 1
626 1562 1
225 1563 1
11 1564 1
930 1565 1
1000 1566 3
1771 1566 2
1565 1566 1
804 1568 1
847 1569 1
1139 1570 1
1070 1571 1
34 1572 1
1591 1573 1
1572 1573 1
1922 1573 1
65 1573 3
588 1574 1
330 1575 1
2172 1576 1
1575 1576 1
2044 1576 1
1755 1576 1
16 1576 5
201 1577 1
967 1578 1
967 1579 1
1578 1579 1
168 1580 1
1218 1581 1
238 1582 1
1206 1583 1
1771 1584 2
1583 1584 1
876 1584 3
1299 1585 5
571 1586 1
427 1587 1
285 1591 1
305 1594 1
305 1595 1
1594 1595 1
969 1596 1
685 1597 1
37 1598 1
467 1599 1
473 1600 1
22 1601 4
762 1602 1
619 1604 1
591 1605 1
168 1609 1
1330 1610 1
781 1611 1
225 1612 1
1542 1613 1
1542 1614 1
1613 1614 1
4 1615 3
4 1617 3
1618 1617 2
4 1618 2
855 1619 1
430 1621 1
1621 1622 1
430 1622 2
1621 1623 1
430 1623 2
1622 1623 2
1621 1624 1
430 1624 1
166 1625 1
1377 1626 1
119 1627 1
332 1628 1
238 1629 3
1628 1629 1
1771 1629 2
490 1630 1
168 1631 1
146 1632 1
263 1635 1
265 1636 1
1635 1636 1
473 1637 1
34 1639 1
29 1641 1
1641 1642 1
29 1642 2
225 1643 4
552 1644 1
237 1645 1
1141 1646 1
1202 1647 1
1301 1649 1
1649 1650 1
1920 1650 1
460 1650 2
171 1651 1
1989 1652 1
173 1652 3
1651 1652 1
1852 1652 1
539 1653 1
168 1654 1
1900 1655 1
113 1655 2
1655 1656 2
115 1656 2
34 1657 1
348 1658 1
1657 1658 1
307 1659 1
508 1660 1
508 1661 1
1660 1661 1
43 1662 1
519 1664 1
1963 1665 1
1938 1665 1
143 1665 3
1664 1665 1
4 1666 3
544 1667 1
307 1668 1
1668 1669 1
309 1669 1
225 1670 1
566 1671 1
225 1672 1
1672 1673 1
225 1673 1
1700 1674 1
56 1674 2
1136 1675 1
29 1677 1
1163 1678 1
182 1679 1
182 1680 1
1679 1680 1
166 1681 1
1681 1682 1
1945 1682 1
166 1682 3
2082 1683 1
166 1683 4
1682 1683 3
1681 1684 1
166 1684 1
34 1685 1
158 1686 1
158 1687 1
1686 1687 1
158 1688 2
1686 1688 1
2264 1688 1
171 1689 1
491 1691 1
951 1692 1
1691 1692 1
1691 1693 1
951 1693 1
951 1694 1
1691 1694 1
1691 1695 1
951 1695 1
171 1696 1
221 1697 1
348 1698 1
1697 1698 1
158 1699 1
54 1700 1
1703 1702 1
1095 1704 1
615 1705 1
1705 1706 1
615 1706 2
326 1707 4
566 1709 1
847 1710 1
734 1711 1
897 1712 1
588 1713 1
1241 1714 1
595 1717 1
1124 1718 1
1717 1718 1
566 1720 1
1194 1721 1
215 1724 1
473 1726 1
168 1729 1
817 1730 1
1241 1731 1
1731 1732 1
309 1732 1
687 1734 1
1734 1735 1
227 1735 2
1735 1736 2
1962 1736 1
946 1736 3
1163 1737 1
467 1738 1
492 1740 4
723 1741 1
1246 1742 1
34 1743 1
1014 1744 1
572 1745 3
1744 1745 1
1771 1745 2
909 1746 1
34 1747 1
65 1748 1
1747 1748 1
431 1749 1
146 1750 1
636 1752 1
615 1754 1
225 1755 1
307 1756 1
875 1757 1
2342 1758 1
702 1758 2
924 1759 1
1759 1760 1
2269 1760 1
45 1760 3
2142 1760 1
807 1761 1
1764 1763 1
379 1765 1
804 1766 1
875 1767 1
622 1768 1
622 1769 1
1768 1769 1
1134 1770 1
60 1771 2
1770 1771 1
107 1772 2
1771 1772 2
1771 1773 2
271 1773 3
2128 1773 1
527 1774 2
1771 1774 2
1771 1775 2
2188 1775 1
222 1775 3
2193 1776 1
1070 1776 3
1771 1776 2
1069 1777 3
1771 1777 2
2058 1777 1
50 1778 3
1771 1778 2
2127 1778 1
973 1779 3
1771 1779 2
2257 1779 1
2200 1780 1
2083 1780 1
866 1780 7
1857 1780 1
2210 1780 1
1771 1780 2
2081 1780 1
88 1781 3
2092 1781 1
1771 1781 2
894 1782 2
1771 1782 2
1073 1783 3
1823 1783 1
1771 1783 2
2215 1784 1
1771 1784 2
1074 1784 3
190 1785 2
1771 1785 2
1771 1786 2
357 1786 2
229 1787 3
2227 1787 1
1771 1787 2
815 1788 3
1771 1788 2
2066 1788 1
1771 1789 2
2259 1789 1
257 1789 3
1961 1790 1
1771 1790 2
967 1790 3
1771 1791 2
2137 1791 1
987 1791 3
1771 1792 2
2103 1792 1
471 1792 3
1771 1793 2
2105 1793 1
277 1793 3
1771 1794 2
2087 1794 1
228 1794 3
501 1795 3
1888 1795 1
1771 1795 2
1771 1796 2
1075 1796 3
2096 1796 1
2146 1797 1
340 1797 3
1771 1797 2
1771 1798 2
1076 1798 3
1983 1798 1
1078 1799 3
1859 1799 1
1771 1799 2
1771 1800 2
1824 1800 1
95 1800 3
2191 1801 1
812 1801 3
1771 1801 2
1080 1802 3
1771 1802 2
2252 1802 1
60 1803 2
1771 1803 2
1805 1804 1
1218 1806 1
1033 1807 1
1807 1808 1
1033 1808 1
566 1810 1
804 1811 1
50 1813 1
2211 1814 1
702 1814 2
285 1815 1
1153 1816 1
34 1817 1
65 1818 1
1817 1818 1
1074 1819 1
1819 1820 1
1074 1820 1
421 1821 1
180 1822 1
1198 1823 1
1034 1824 1
1467 1825 1
43 1826 2
1825 1826 1
1141 1827 1
381 1828 1
381 1829 2
1828 1829 1
34 1830 1
742 1832 1
1849 1833 1
987 1833 2
311 1834 1
897 1836 1
283 1837 1
283 1838 1
1837 1838 1
855 1840 1
876 1841 1
1841 1842 1
876 1842 1
1238 1843 1
1246 1844 1
783 1845 1
275 1847 1
617 1848 2
2108 1848 1
987 1849 1
225 1851 1
171 1852 1
754 1853 1
4 1854 3
742 1855 1
1163 1856 1
835 1857 1
1029 1859 1
544 1861 1
544 1862 1
1861 1862 1
168 1865 1
275 1866 1
588 1867 1
389 1868 1
1870 1869 1
1868 1869 1
389 1870 2
28 1870 4
225 1871 1
573 1872 1
1141 1873 1
1077 1875 2
207 1876 1
158 1878 1
707 1879 1
168 1880 1
588 1881 1
29 1882 1
176 1884 1
168 1885 1
733 1887 1
311 1888 1
34 1889 1
34 1890 1
1890 1891 1
65 1891 1
1080 1892 1
1892 1893 1
1080 1893 1
34 1894 1
168 1895 1
1897 1896 1
944 1898 1
431 1899 1
533 1900 1
168 1901 1
1708 1902 1
1703 1903 1
321 1904 2
1903 1904 1
2110 1905 1
1240 1905 3
1904 1905 2
628 1906 1
897 1907 1
332 1910 1
27 1911 1
37 1912 1
160 1913 1
431 1914 1
742 1916 1
166 1917 1
285 1918 1
1532 1920 1
307 1921 1
34 1922 1
1253 1923 1
875 1924 1
1266 1925 2
395 1927 1
22 1928 1
969 1929 1
389 1930 1
1930 1931 1
1870 1931 1
210 1932 1
1930 1932 1
1930 1933 1
269 1933 1
1930 1934 1
210 1934 1
1163 1935 1
1546 1936 1
11 1937 1
168 1938 1
307 1939 1
929 1940 1
285 1941 1
168 1942 1
119 1943 1
166 1945 1
1377 1946 1
1751 1947 1
1356 1948 1
804 1949 1
201 1950 1
807 1951 1
1951 1952 1
809 1952 1
22 1954 1
225 1955 4
781 1956 1
1076 1958 1
1958 1959 1
1076 1959 1
431 1960 1
893 1961 1
168 1962 1
395 1963 1
769 1964 1
734 1965 1
1543 1967 4
4 1967 3
875 1968 1
146 1969 1
360 1970 1
204 1971 1
1163 1972 1
480 1974 1
437 1976 1
1976 1977 1
636 1977 2
1334 1978 1
804 1979 1
1979 1980 1
804 1980 2
564 1981 1
467 1982 1
1203 1983 1
168 1984 1
1703 1985 1
37 1986 1
1253 1988 1
171 1989 1
692 1990 1
150 1991 1
1134 1992 1
1992 1993 1
107 1993 1
1071 1994 1
275 1995 1
34 1996 1
65 1997 2
1996 1997 1
2155 1997 1
1396 1998 1
588 2000 1
1543 2001 4
4 2001 3
4 2002 3
764 2003 1
2003 2004 1
1278 2004 1
835 2005 1
4 2006 3
4 2007 3
4 2008 3
4 2009 3
1299 2010 3
631 2011 1
969 2013 1
999 2014 1
1066 2015 1
159 2016 1
395 2017 1
171 2018 1
467 2021 1
903 2023 1
2023 2024 1
1358 2024 1
29 2027 1
168 2030 1
1163 2031 1
225 2032 1
490 2033 1
146 2034 1
1139 2035 1
395 2036 1
764 2037 1
1278 2038 1
2037 2038 1
871 2039 1
237 2040 1
2040 2041 1
844 2041 1
119 2042 1
1327 2044 1
1163 2045 1
1079 2046 1
1079 2047 1
2046 2047 1
225 2048 1
146 2050 1
1075 2051 1
77 2052 1
1327 2053 1
807 2054 1
629 2055 1
1165 2056 1
1676 2057 1
1487 2058 1
146 2059 1
1173 2060 1
911 2061 1
911 2062 1
911 2063 1
911 2064 1
911 2065 1
1205 2066 1
225 2068 4
2070 2069 1
933 2071 1
168 2072 1
201 2073 1
146 2074 1
864 2075 1
1762 2077 1
14 2080 1
835 2081 1
166 2082 1
835 2083 1
263 2084 1
1163 2085 1
824 2086 1
1201 2087 1
831 2088 1
752 2089 1
146 2090 1
1195 2092 1
1141 2093 1
2093 2094 1
994 2094 1
994 2095 1
2093 2095 1
490 2096 1
467 2097 1
852 2098 1
2097 2098 1
544 2100 1
591 2101 1
2101 2102 1
593 2102 1
1200 2103 1
937 2105 1
185 2107 1
617 2108 1
119 2109 1
321 2110 1
541 2111 1
1467 2112 1
969 2113 1
924 2114 1
11 2115 1
199 2116 1
185 2117 1
150 2118 1
807 2119 1
2119 2120 1
2054 2120 1
1897 2122 1
22 2124 1
215 2125 1
2070 2126 1
999 2127 1
779 2128 1
168 2129 1
160 2130 1
160 2131 1
2130 2131 1
1266 2132 1
742 2133 1
430 2134 1
2134 2135 1
430 2135 1
2134 2136 1
430 2136 2
750 2136 1
427 2137 1
924 2138 1
2070 2140 1
933 2141 1
43 2142 1
1266 2143 1
2143 2144 1
208 2144 2
2304 2144 1
377 2146 1
180 2147 1
168 2148 1
2150 2151 1
2151 2152 1
375 2152 1
644 2153 1
2151 2153 1
1413 2154 1
34 2155 1
1725 2156 1
779 2157 1
237 2158 1
844 2159 1
2158 2159 1
340 2160 1
2160 2161 1
340 2161 1
707 2162 1
467 2163 1
533 2164 1
315 2165 1
37 2166 1
1241 2167 1
250 2169 1
1348 2170 1
552 2171 1
225 2172 1
1073 2173 1
2173 2174 1
1073 2174 1
1238 2175 1
1238 2176 1
2175 2176 1
168 2177 1
847 2178 1
2178 2179 1
847 2179 1
1204 2180 1
2180 2181 1
1204 2181 1
34 2182 1
282 2186 1
2186 2187 1
282 2187 1
811 2188 1
34 2189 1
897 2190 1
758 2191 1
1042 2193 1
1105 2194 1
733 2195 1
2195 2196 1
733 2196 1
733 2197 1
2195 2197 1
541 2198 1
769 2199 1
835 2200 1
253 2201 1
415 2202 1
517 2203 1
2203 2204 1
517 2204 1
34 2205 1
815 2207 1
815 2208 1
2207 2208 1
633 2209 1
835 2210 1
2067 2211 1
588 2212 1
166 2213 1
233 2214 1
350 2215 1
1139 2216 1
2216 2217 1
1179 2217 1
566 2219 1
593 2220 1
168 2222 1
804 2223 1
1333 2225 1
2225 2226 1
1555 2226 1
1006 2227 1
767 2228 1
2228 2229 1
767 2229 1
2168 2230 1
783 2231 1
146 2232 1
2232 2233 1
761 2233 1
869 2234 1
201 2235 1
1049 2236 1
2235 2236 1
34 2237 1
1176 2238 1
171 2239 1
1133 2240 1
34 2241 1
662 2244 1
168 2248 1
781 2249 1
1163 2250 1
871 2251 1
1601 2252 1
855 2253 1
34 2254 1
229 2255 1
2255 2256 1
229 2256 1
685 2257 1
168 2258 1
165 2259 1
467 2263 1
158 2264 1
168 2267 1
11 2268 1
196 2269 1
307 2270 1
168 2271 1
250 2272 1
1207 2274 1
1725 2275 1
1606 2276 1
1809 2277 1
1413 2278 1
150 2280 1
1592 2281 1
165 2282 1
1246 2283 1
467 2284 1
2284 2285 1
2263 2285 1
467 2286 1
265 2287 1
164 2288 1
2288 2289 1
164 2289 1
1366 2290 1
1740 2291 1
1133 2292 1
237 2293 1
275 2294 1
542 2295 1
2294 2295 1
1330 2296 1
56 2297 1
196 2298 1
177 2299 1
373 2299 1
1207 2301 1
662 2302 1
1016 2303 1
1266 2304 1
588 2305 1
34 2306 1
742 2307 1
1158 2309 1
804 2310 1
519 2311 1
783 2312 1
591 2314 1
875 2315 1
541 2316 1
937 2317 1
180 2318 1
1241 2320 1
2320 2321 1
1714 2321 1
1714 2322 1
2320 2322 1
2320 2323 1
1714 2323 1
1257 2324 1
2150 2325 1
207 2326 1
2325 2326 1
275 2327 1
619 2328 1
2328 2329 1
619 2329 1
253 2330 1
1134 2331 1
107 2332 1
2331 2332 1
168 2333 1
662 2334 1
150 2335 1
1603 2336 1
1141 2338 1
991 2339 1
2338 2339 1
119 2340 1
60 2341 1
2067 2342 1
34 2343 1
