389 388 1
414 390 1
391 390 2
412 391 3
455 392 1
547 392 1
561 392 1
542 392 1
393 392 8
553 392 1
390 392 2
444 392 1
504 393 1
391 393 2
448 393 1
445 393 1
456 393 1
505 393 1
488 393 3
427 393 1
514 394 1
396 395 1
510 396 1
410 396 3
395 397 1
396 397 3
522 397 2
398 399 3
407 399 2
401 400 1
401 402 1
400 402 1
400 403 1
401 403 1
405 404 1
421 405 1
407 406 2
404 406 1
405 407 1
548 407 1
406 408 2
399 408 2
495 409 1
417 409 2
410 409 3
412 411 1
412 413 3
411 413 1
412 414 4
413 414 3
411 414 1
411 415 1
391 415 1
494 416 1
417 416 2
495 417 1
409 418 3
416 418 2
418 419 3
512 419 2
409 419 5
417 420 2
416 420 2
534 422 2
421 422 1
424 423 1
426 424 1
426 425 1
423 425 1
421 426 2
424 426 4
391 427 4
429 428 2
550 428 1
388 430 1
431 430 4
388 431 1
467 431 1
509 431 1
482 431 1
432 431 11
459 431 1
515 433 3
394 433 4
394 434 4
433 434 4
436 435 4
433 435 4
394 436 4
438 437 3
439 437 3
441 440 3
443 442 2
451 442 1
445 444 1
391 445 4
424 446 1
446 447 1
426 447 1
391 448 4
467 449 1
431 449 4
451 450 3
453 452 2
532 452 1
531 453 1
486 453 2
453 454 2
452 454 2
448 455 1
391 456 4
457 458 1
524 458 2
460 459 1
462 461 1
451 462 3
464 463 3
461 463 1
536 463 1
537 463 1
462 464 1
442 464 1
450 464 1
424 465 1
426 466 1
465 466 1
520 467 1
538 468 1
469 468 2
441 470 3
510 471 1
490 471 1
498 471 1
472 471 3
388 473 1
496 474 1
431 474 5
544 474 1
518 474 1
508 474 1
473 474 1
508 475 1
518 475 1
473 475 1
544 475 1
496 475 1
431 475 5
518 476 1
496 476 1
431 476 5
544 476 1
508 476 1
473 476 1
473 477 1
430 477 1
430 478 1
473 478 1
473 479 1
430 479 1
480 481 1
491 481 2
506 482 1
431 483 4
482 483 1
507 484 1
500 484 1
431 485 4
459 485 1
490 492 1
492 493 1
471 493 2
557 493 1
495 494 1
482 496 1
496 497 1
483 497 1
550 498 1
499 498 2
507 500 1
437 501 1
437 502 1
501 502 1
391 504 4
391 505 4
509 508 1
520 509 1
511 510 3
409 512 2
541 512 1
514 513 1
394 515 3
513 515 1
540 515 1
436 516 3
515 516 3
459 518 1
518 519 1
485 519 1
414 521 1
391 521 1
526 522 1
396 522 2
510 526 1
526 527 1
471 527 1
557 528 1
526 528 1
529 528 3
543 528 1
510 529 1
498 529 1
517 529 1
557 530 1
526 530 1
471 530 2
453 532 1
487 533 1
442 536 1
450 537 1
394 540 1
495 541 1
427 542 1
517 543 1
467 544 1
449 545 1
544 545 1
449 546 1
544 546 1
456 547 1
487 551 1
551 552 1
533 552 1
504 553 1
413 554 1
391 554 1
484 555 1
484 556 2
555 556 1
560 556 1
498 557 1
500 560 1
505 561 1
424 562 1
426 563 1
562 563 1
