14055 13629 1
13630 13629 6
14144 13629 1
13994 13629 1
13770 13629 1
14133 13629 1
14145 13630 1
13950 13630 1
13771 13630 2
14031 13630 1
13990 13630 1
14054 13630 1
13632 13630 7
13629 13631 6
13632 13631 7
14054 13632 1
14031 13632 1
13893 13632 2
13771 13632 1
13630 13632 7
13950 13632 1
13631 13633 7
13921 13633 6
14062 13633 3
13634 13633 13
14100 13633 4
13630 13634 3
13632 13634 12
13632 13635 8
14009 13635 5
13631 13635 7
13631 13636 7
13630 13636 7
14055 13637 1
14133 13637 1
13638 13637 4
13770 13637 1
13710 13638 1
13950 13638 1
13771 13638 2
13744 13638 4
13685 13684 2
14070 13684 1
13803 13685 2
14050 13685 1
13982 13686 1
14081 13686 1
13687 13686 5
13684 13686 2
13817 13686 2
13818 13687 14
14053 13687 1
13771 13687 1
13697 13687 11
13685 13687 14
13831 13687 12
13689 13688 3
13691 13690 7
13877 13690 1
13730 13690 5
13731 13691 5
13638 13691 1
13693 13692 7
13690 13692 7
13857 13693 10
13691 13693 7
13736 13693 13
13776 13693 9
13718 13693 7
13695 13694 4
13689 13695 11
13697 13696 1
13943 13698 3
13696 13698 1
13687 13698 8
13699 13698 3
13830 13698 2
13685 13699 3
13802 13699 2
14070 13699 1
13701 13700 4
13841 13701 1
13638 13701 1
13958 13701 1
13731 13701 8
13702 13703 4
13702 13704 4
13702 13705 6
13702 13706 6
13708 13707 4
14011 13708 6
14069 13709 1
13712 13711 2
13871 13711 1
13744 13712 4
13731 13712 7
13714 13713 4
13877 13713 1
13711 13713 2
13712 13714 5
13638 13714 8
13746 13715 10
13772 13715 6
13972 13715 7
13713 13715 4
14032 13715 1
14162 13715 1
13716 13715 25
13884 13716 1
13725 13716 1
13747 13716 10
13714 13716 15
14118 13717 1
13713 13717 4
13718 13717 6
13714 13718 4
13727 13718 5
13835 13718 1
13717 13719 6
13718 13719 6
13862 13720 1
13860 13720 3
13735 13720 12
14045 13720 1
13903 13720 1
13717 13720 6
14120 13720 2
13721 13720 50
13823 13720 1
14156 13720 1
13931 13720 1
13987 13720 1
14028 13720 1
13973 13720 9
13998 13720 2
13897 13720 1
13967 13720 2
13847 13720 3
13775 13720 8
13843 13721 3
13930 13721 1
13707 13721 1
13861 13721 3
13988 13721 1
13866 13721 1
13857 13721 9
13948 13721 1
13736 13721 12
13960 13721 2
13824 13721 1
13863 13721 1
13718 13721 6
14103 13721 2
13904 13721 1
13776 13721 8
13925 13721 2
13729 13721 1
13693 13722 35
13973 13722 9
13735 13722 12
13775 13722 8
13981 13722 1
14066 13722 1
13993 13722 1
13919 13722 1
13717 13722 6
13717 13723 6
13903 13723 1
13987 13723 1
14156 13723 1
13735 13723 12
13897 13723 1
14045 13723 1
13862 13723 1
13847 13723 3
13931 13723 1
13721 13723 50
14028 13723 1
13967 13723 2
13775 13723 8
13823 13723 1
14120 13723 2
13973 13723 9
13998 13723 2
13860 13723 3
13713 13724 4
13972 13724 7
13725 13724 16
13772 13724 6
13638 13725 7
13712 13725 4
13742 13725 8
13714 13725 15
13724 13726 16
13727 13726 23
13741 13726 8
13819 13726 1
13725 13727 16
13853 13727 10
13742 13727 9
13689 13728 3
13708 13729 4
14089 13730 1
14041 13730 1
13731 13730 5
14027 13730 1
14164 13730 1
14131 13731 1
13936 13731 1
13710 13731 1
14053 13731 1
13712 13731 5
13957 13732 1
13730 13732 5
13840 13732 1
13877 13732 1
13701 13732 8
13730 13733 5
13975 13733 1
13731 13733 7
13840 13734 1
13701 13734 10
13877 13734 1
13733 13734 7
13957 13734 1
14051 13735 1
13730 13735 5
13736 13735 12
13746 13735 10
13747 13736 10
13853 13736 4
13835 13736 1
13731 13736 5
13742 13736 8
13735 13737 12
13736 13737 12
13987 13738 1
13735 13738 12
13826 13738 14
14045 13738 1
13967 13738 2
13862 13738 1
13860 13738 3
13847 13738 3
13721 13738 34
13721 13739 12
13735 13739 12
13712 13740 6
13730 13740 5
13877 13741 1
13740 13741 6
13742 13741 8
13714 13742 11
13712 13742 11
13638 13742 9
14090 13743 1
13819 13743 1
14144 13743 1
14089 13743 1
13994 13743 1
13741 13743 8
13773 13743 7
13744 13743 20
14032 13743 1
13714 13744 7
13710 13744 1
14131 13744 1
13742 13744 16
14145 13744 1
14053 13744 1
13747 13744 1
13936 13744 1
13990 13744 1
13725 13744 1
13744 13745 8
13741 13745 8
14090 13746 1
13747 13746 10
13741 13746 8
13742 13747 9
13712 13747 3
13638 13747 6
13744 13748 8
13741 13748 8
13747 13749 8
13741 13749 8
13736 13750 9
13741 13750 8
14051 13750 1
14051 13751 1
13736 13751 9
13741 13751 8
13725 13752 9
13741 13752 8
13752 13753 9
13754 13753 9
13725 13754 9
13758 13754 9
13752 13755 9
13754 13755 9
13752 13756 9
13754 13756 9
13758 13757 9
13741 13757 8
13742 13758 8
13757 13759 9
13754 13759 9
13757 13760 9
13754 13760 9
13754 13761 9
13757 13761 9
13757 13762 9
13763 13762 10
14032 13762 1
13742 13763 7
13725 13763 1
13758 13763 9
13765 13764 9
13757 13764 9
13742 13765 20
13638 13765 2
13758 13765 9
13714 13765 1
13725 13765 1
13712 13765 1
13765 13766 9
13757 13766 9
13741 13767 8
13742 13767 15
13972 13767 7
13767 13768 15
13765 13768 15
13741 13769 8
13725 13769 8
13771 13770 1
13637 13772 4
13714 13772 6
13858 13772 1
13714 13773 7
13772 13773 6
13742 13774 6
13772 13774 6
13933 13775 1
13776 13775 8
13772 13775 6
13835 13776 1
13727 13776 5
13714 13776 6
13776 13777 8
13775 13777 8
13775 13778 8
13967 13778 2
13721 13778 10
13742 13779 7
13772 13779 6
13763 13780 8
13779 13780 7
14032 13780 1
13765 13781 11
13881 13781 2
13992 13781 1
14032 13781 1
13779 13781 7
13744 13782 7
13779 13782 7
13877 13783 1
13637 13783 4
13638 13783 6
13794 13784 3
13783 13784 6
13742 13784 9
13794 13785 3
13725 13785 9
13783 13785 6
13747 13786 9
13794 13786 3
13783 13786 6
13788 13787 6
13783 13787 6
13638 13788 6
13697 13789 1
13789 13790 1
13697 13790 1
13697 13791 1
13789 13791 1
13731 13793 1
13871 13794 1
13712 13794 3
13793 13794 1
13794 13795 3
13731 13795 3
13797 13796 4
13689 13797 13
13685 13798 1
13687 13799 4
14153 13799 1
13798 13799 1
13894 13799 1
14085 13799 1
13689 13800 3
13718 13801 1
13729 13801 1
13904 13801 1
13776 13801 1
13925 13801 1
13707 13801 1
13736 13801 1
14103 13801 1
13988 13801 1
13948 13801 1
13863 13801 1
13824 13801 1
13960 13801 1
13930 13801 1
13857 13801 1
13843 13801 1
13866 13801 1
14070 13802 1
13803 13802 2
14050 13803 1
13685 13804 2
13802 13804 2
14070 13804 1
13685 13805 2
13802 13805 2
14070 13805 1
13802 13806 2
13685 13806 2
14070 13806 1
13685 13807 3
14070 13807 1
13802 13807 2
13807 13808 3
13687 13808 8
14044 13808 2
13913 13808 1
13944 13808 3
14070 13809 1
13802 13809 2
13685 13809 3
13945 13810 3
13687 13810 8
14161 13810 1
14082 13810 2
13809 13810 3
14070 13811 1
13812 13811 4
13802 13811 2
13937 13811 2
14142 13811 1
13803 13812 3
13771 13812 1
13990 13812 1
13950 13812 1
14145 13812 1
14050 13812 1
13792 13812 1
13685 13813 3
14070 13813 1
13802 13813 2
13870 13814 2
14089 13814 1
13813 13814 3
13946 13814 3
14155 13814 1
13687 13814 9
13685 13815 3
14070 13815 1
13802 13815 2
13947 13816 3
14052 13816 1
13852 13816 2
14089 13816 1
13815 13816 3
13687 13816 9
13818 13817 2
14070 13817 1
14050 13818 1
13803 13818 2
13742 13819 1
13747 13820 1
13819 13820 1
13819 13821 1
13747 13821 1
13819 13822 1
13744 13822 3
13994 13822 1
14144 13822 1
13824 13823 1
13950 13824 1
13823 13825 1
13824 13825 1
13897 13826 1
13823 13826 1
13998 13826 2
13721 13826 14
13973 13826 9
13721 13827 26
13987 13827 1
13826 13827 14
13850 13827 10
13967 13827 2
13860 13827 3
13847 13827 3
13689 13828 3
13689 13829 3
14142 13830 1
13831 13830 2
13792 13831 1
13689 13832 3
13818 13833 1
13912 13834 1
13923 13834 1
13687 13834 4
13833 13834 1
14020 13834 1
13697 13836 1
14143 13837 2
13854 13837 2
13949 13837 3
13687 13837 8
13836 13837 1
13797 13838 4
13841 13840 1
14054 13841 1
13843 13842 2
13957 13842 1
13840 13842 1
13841 13843 1
13958 13843 1
13843 13844 2
13840 13844 1
13957 13844 1
13957 13845 1
13840 13845 1
13843 13845 2
13957 13846 1
13840 13846 1
13843 13846 2
13840 13847 1
13843 13847 3
13957 13847 1
13849 13848 4
13987 13848 1
13847 13848 3
13988 13849 2
13843 13849 4
13721 13850 10
13862 13850 1
14045 13850 1
13967 13850 2
14120 13850 2
13987 13850 1
13847 13850 3
13850 13851 10
13721 13851 10
14142 13852 1
13831 13852 2
13725 13853 1
13685 13854 2
14154 13854 1
13797 13855 4
13866 13856 2
13930 13856 2
13904 13856 2
14011 13856 6
13729 13856 2
13707 13856 2
13727 13857 5
13714 13857 7
13835 13857 1
13712 13858 1
13712 13859 1
13858 13859 1
14096 13860 2
13861 13860 3
13771 13861 1
13893 13861 2
13863 13862 1
14145 13863 1
13863 13864 1
13862 13864 1
13866 13865 1
13708 13866 4
14115 13867 1
14113 13867 1
13899 13867 1
14066 13867 1
14167 13867 1
14163 13867 1
14117 13867 1
14086 13867 1
13993 13867 1
14023 13867 1
13801 13867 17
13919 13867 1
14132 13867 1
14083 13867 1
14084 13867 1
13981 13867 1
13924 13867 1
13865 13867 1
13931 13868 1
14028 13868 1
13899 13868 1
14083 13868 1
13856 13868 10
14117 13868 1
14115 13868 1
14156 13868 1
13865 13868 1
13903 13868 1
13897 13868 1
13899 13869 1
13801 13869 7
13919 13869 1
14083 13869 1
14117 13869 1
14084 13869 1
13865 13869 1
14115 13869 1
14142 13870 1
13831 13870 2
13731 13871 1
13871 13872 1
13877 13872 1
13701 13872 2
13712 13873 1
13871 13873 1
13871 13874 1
13712 13874 1
13871 13875 1
13712 13875 1
13771 13876 1
13950 13876 1
13638 13877 1
13638 13878 1
13877 13878 1
13638 13879 1
13877 13879 1
13638 13880 1
13877 13880 1
13638 13881 2
13877 13881 1
13714 13882 3
13992 13882 1
13881 13882 2
13881 13883 2
13992 13883 1
13884 13883 3
13716 13884 4
13712 13884 3
13638 13884 4
13742 13885 3
13992 13885 1
13881 13885 2
13881 13886 2
13742 13886 3
13992 13886 1
13881 13887 2
13992 13887 1
13765 13887 4
14032 13887 1
13725 13888 3
13881 13888 2
13992 13888 1
13881 13889 2
13992 13889 1
13725 13889 3
13742 13890 3
13881 13890 2
13992 13890 1
13881 13891 2
13992 13891 1
13742 13891 3
13638 13892 1
13877 13892 1
13771 13893 1
13697 13894 1
13638 13895 1
13884 13896 2
13895 13896 1
14165 13896 1
13707 13897 1
13707 13898 1
13897 13898 1
13707 13899 1
14023 13900 1
14084 13900 1
13926 13900 4
13899 13900 1
14066 13900 1
13801 13900 12
14086 13900 1
14163 13900 1
14132 13900 1
14167 13900 1
14163 13901 1
13899 13901 1
14084 13901 1
13801 13901 3
14084 13902 1
13801 13902 4
14163 13902 1
13899 13902 1
14086 13902 1
13904 13903 1
13708 13904 4
13903 13905 1
13904 13905 1
13831 13906 1
13906 13907 1
13831 13907 1
13906 13908 1
13831 13908 1
13831 13909 1
13906 13909 1
13906 13910 1
13831 13910 1
13689 13911 3
13685 13912 1
13697 13913 1
14103 13914 3
13797 13915 4
13788 13916 1
13918 13917 1
13916 13917 1
13788 13918 1
13776 13919 1
14066 13920 1
13981 13920 1
13919 13920 1
13993 13920 1
13801 13920 4
13632 13921 6
14009 13921 5
14133 13922 1
14091 13922 1
14055 13922 1
14123 13922 1
13632 13922 9
13921 13922 6
14096 13922 2
13831 13923 1
13925 13924 1
13771 13925 1
13990 13925 1
13993 13926 1
14113 13926 1
13924 13926 1
13801 13926 4
14011 13927 6
13638 13928 1
13884 13929 3
13928 13929 1
13984 13929 1
14026 13929 1
13708 13930 4
13930 13931 1
13931 13932 1
13930 13932 1
13835 13933 1
13933 13934 1
13776 13934 1
13933 13935 1
13776 13935 1
14070 13937 1
13803 13937 2
13939 13938 2
14070 13938 1
13937 13938 2
14050 13939 1
13803 13939 2
14070 13940 1
13937 13940 2
13941 13940 2
13803 13941 2
14050 13941 1
13818 13942 2
13937 13942 2
14070 13942 1
13937 13943 2
14070 13943 1
13818 13943 3
13937 13944 2
13818 13944 3
14070 13944 1
14070 13945 1
13818 13945 3
13937 13945 2
13818 13946 3
14070 13946 1
13937 13946 2
13818 13947 3
13937 13947 2
14070 13947 1
13990 13948 1
14080 13949 1
13818 13949 3
14070 13949 1
13797 13951 4
13689 13952 3
13695 13953 4
13695 13954 4
13695 13955 4
13689 13956 3
13958 13957 1
13893 13958 2
13957 13959 1
13960 13959 1
13958 13960 1
13962 13961 2
13957 13961 1
14133 13961 1
13958 13962 1
13771 13962 1
13960 13963 1
13957 13963 1
13962 13964 2
13957 13964 1
14133 13964 1
13960 13965 1
13957 13965 1
13957 13966 1
13960 13966 1
13960 13967 2
13957 13967 1
13712 13969 1
13969 13970 1
13731 13970 1
13714 13971 6
13969 13971 1
14042 13971 4
13969 13972 1
13714 13972 7
14042 13972 4
13971 13972 6
13857 13973 9
14169 13973 1
13972 13973 7
13857 13974 9
13973 13974 9
13712 13975 1
13975 13976 1
13712 13976 1
13712 13977 1
13975 13977 1
13975 13978 1
13731 13978 1
13731 13979 1
13975 13979 1
13731 13980 1
13975 13980 1
13718 13981 1
13831 13982 1
13884 13984 1
13712 13985 1
14043 13986 4
13742 13986 5
13985 13986 1
13988 13987 1
14054 13988 1
13987 13989 1
13721 13989 1
13701 13991 4
13712 13992 1
13857 13993 1
13990 13994 1
14089 13995 1
13994 13995 1
14041 13995 1
14144 13995 1
13744 13995 4
14089 13996 1
13744 13996 5
14144 13996 1
14164 13996 1
13994 13996 1
14027 13996 1
14089 13997 1
14144 13997 1
13994 13997 1
13744 13997 3
13994 13998 1
13925 13998 2
13998 13999 2
13925 13999 2
14041 14000 1
13744 14000 4
14144 14000 1
14089 14000 1
13994 14000 1
13948 14001 1
13994 14001 1
13994 14002 1
13948 14002 1
13994 14003 1
13948 14003 1
13948 14004 1
13994 14004 1
13994 14005 1
13948 14005 1
13744 14006 2
14144 14006 1
13994 14006 1
14144 14007 1
13744 14007 2
13994 14007 1
14055 14008 1
14144 14008 1
13994 14008 1
13812 14008 4
14133 14008 1
13994 14009 1
14133 14009 1
14055 14009 1
13630 14009 5
14144 14009 1
14009 14010 5
14011 14010 6
13630 14011 5
14010 14012 6
13927 14012 6
14010 14013 6
13927 14013 6
14010 14014 6
13927 14014 6
14010 14015 6
13708 14015 6
13927 14016 6
14010 14016 6
14010 14017 6
13856 14017 6
14009 14018 5
13632 14018 5
13632 14019 5
14009 14019 5
13697 14020 1
13831 14021 1
14122 14022 1
14130 14022 1
13687 14022 4
14021 14022 1
14166 14022 1
13948 14023 1
14084 14024 1
13801 14024 7
14167 14024 1
14086 14024 1
14132 14024 1
14023 14024 1
14163 14024 1
14024 14025 7
13801 14025 7
13712 14026 1
13936 14027 1
13866 14028 1
14028 14029 1
13866 14029 1
13725 14032 1
14032 14033 1
14034 14033 1
13725 14034 1
14032 14035 1
14034 14035 1
14034 14036 1
14032 14036 1
14032 14037 1
14034 14037 1
14034 14038 1
14032 14038 1
14034 14039 1
14032 14039 1
14032 14040 1
13853 14040 1
13710 14041 1
13638 14042 4
14133 14042 1
14055 14042 1
14041 14042 1
14041 14043 1
14055 14043 1
14133 14043 1
13638 14043 4
14142 14044 1
13831 14044 2
13948 14045 1
13948 14046 1
14045 14046 1
13697 14047 1
13687 14048 4
14095 14048 1
14047 14048 1
14160 14048 1
14067 14048 1
13835 14051 1
13697 14052 1
13950 14055 1
14133 14056 1
13638 14056 2
14055 14056 1
14133 14057 1
13876 14057 2
14055 14057 1
13876 14058 2
14133 14058 1
14055 14058 1
14055 14059 1
13824 14059 1
14055 14060 1
13824 14060 1
14055 14061 1
13638 14061 2
14133 14061 1
14055 14062 1
14133 14062 1
13630 14062 3
14055 14063 1
14091 14063 1
14064 14063 2
13950 14064 1
14031 14064 1
13771 14065 1
13736 14066 1
13818 14067 1
14069 14068 1
14050 14070 1
14070 14071 1
13803 14071 1
13685 14072 2
14154 14072 1
14070 14072 1
13685 14073 1
14070 14073 1
14070 14074 1
14080 14074 1
13818 14074 2
14070 14075 1
13818 14075 1
14070 14076 1
14080 14076 1
13818 14076 2
13818 14077 2
14080 14077 1
14070 14077 1
14080 14078 1
14070 14078 1
13818 14078 2
13771 14079 1
13893 14079 2
13818 14080 1
13697 14081 1
13831 14082 2
14142 14082 1
13729 14083 1
13960 14084 1
13831 14085 1
13988 14086 1
14086 14087 1
13849 14087 2
14163 14087 1
14086 14088 1
13801 14088 1
14053 14089 1
13747 14090 1
14031 14091 1
14091 14092 1
13630 14092 2
14123 14092 1
13714 14093 1
14093 14094 1
13765 14094 1
13685 14095 1
14133 14096 1
13893 14096 2
14096 14097 2
14079 14097 2
14133 14097 1
14096 14098 2
14079 14098 2
14133 14098 1
14133 14099 1
14079 14099 2
14096 14099 2
14123 14100 1
14096 14100 2
13632 14100 4
13632 14101 3
14096 14101 2
14123 14101 1
14096 14102 2
14103 14102 2
14054 14103 1
13893 14103 2
14103 14104 2
14096 14104 2
14096 14105 2
13861 14105 2
14133 14105 1
14096 14106 2
13958 14106 2
14096 14107 2
14133 14107 1
13861 14107 2
14103 14108 2
14096 14108 2
14096 14109 2
14133 14109 1
13861 14109 2
13958 14110 2
14096 14110 2
14123 14111 1
14112 14111 3
14096 14111 2
14054 14112 1
13893 14112 2
13824 14113 1
13930 14115 1
13904 14117 1
13835 14118 1
13718 14119 1
14118 14119 1
14103 14120 2
14123 14120 1
14120 14121 2
13914 14121 2
13685 14122 1
14054 14123 1
13988 14124 1
14123 14124 1
14123 14125 1
13988 14125 1
14123 14126 1
13988 14126 1
13988 14127 1
14123 14127 1
14123 14128 1
13841 14128 1
14123 14129 1
13841 14129 1
13697 14130 1
13863 14132 1
13771 14133 1
14133 14134 1
13962 14134 1
13962 14135 1
14133 14135 1
13925 14136 1
14133 14136 1
14133 14137 1
13925 14137 1
14133 14138 1
13861 14138 1
14133 14139 1
14079 14139 1
13687 14140 1
14133 14140 1
14133 14141 1
14065 14141 1
13792 14142 1
14142 14143 1
13831 14143 2
14145 14144 1
14144 14146 1
13863 14146 1
14144 14147 1
13863 14147 1
14144 14148 1
13863 14148 1
14144 14149 1
13863 14149 1
14144 14150 1
13863 14150 1
13818 14153 1
13685 14154 1
13697 14155 1
13729 14156 1
14156 14157 1
13729 14157 1
14079 14158 1
14079 14159 1
14158 14159 1
13831 14160 1
13697 14161 1
13884 14162 1
13843 14163 1
14131 14164 1
13712 14165 1
13818 14166 1
14103 14167 1
13914 14168 1
14167 14168 1
13835 14169 1
