8176 8175 4
8211 8175 2
8209 8175 1
8178 8177 1
8180 8179 1
8196 8180 1
8176 8180 3
8195 8180 1
8232 8181 1
8179 8181 1
8182 8181 3
8246 8181 1
8176 8182 3
8225 8182 1
8180 8182 1
8219 8182 1
8182 8183 3
8179 8183 1
8246 8183 1
8232 8183 1
8179 8184 1
8182 8184 3
8246 8184 1
8232 8184 1
8232 8185 1
8246 8185 1
8179 8185 1
8182 8185 3
8232 8186 1
8179 8186 1
8182 8186 3
8246 8186 1
8179 8187 1
8246 8187 1
8182 8187 3
8232 8187 1
8188 8189 4
8176 8190 5
8191 8192 3
8191 8193 3
8191 8194 3
8176 8196 5
8176 8197 3
8242 8197 1
8218 8197 1
8176 8198 3
8176 8199 4
8201 8200 3
8203 8202 1
8249 8205 1
8248 8205 1
8204 8205 4
8204 8206 4
8204 8207 4
8178 8208 4
8204 8208 1
8176 8209 3
8175 8209 1
8195 8209 1
8210 8209 1
8178 8209 1
8176 8210 4
8190 8210 2
8204 8212 1
8204 8213 1
8178 8213 4
8178 8214 4
8199 8216 1
8178 8216 1
8176 8216 3
8178 8219 1
8176 8219 3
8196 8219 1
8195 8219 1
8176 8221 3
8223 8222 1
8195 8223 1
8176 8223 3
8223 8224 1
8222 8224 1
8204 8226 1
8209 8228 1
8228 8229 1
8175 8229 1
8176 8231 3
8219 8232 1
8182 8233 2
8246 8233 1
8232 8233 1
8246 8234 1
8232 8234 1
8182 8234 2
8246 8235 1
8232 8235 1
8182 8235 2
8182 8236 1
8232 8236 1
8232 8237 1
8182 8237 1
8218 8238 1
8238 8239 1
8197 8239 1
8197 8240 1
8238 8240 1
8204 8243 1
8225 8246 1
