7904 7903 1
7918 7904 3
7906 7905 3
7909 7908 3
7911 7910 3
7912 7913 3
7916 7915 3
7918 7917 3
7920 7919 2
8232 7919 1
7922 7921 3
7924 7923 3
8206 8155 1
8156 8155 2
7922 8157 3
8160 8159 3
8163 8162 3
8166 8165 2
8237 8165 1
7915 8167 2
8207 8167 1
8167 8168 2
7915 8168 2
8171 8169 3
8170 8169 2
8251 8174 1
8175 8174 2
7918 8176 3
8236 8176 2
7918 8177 3
8205 8178 1
8231 8179 1
8178 8179 2
8181 8180 2
8179 8180 2
8178 8181 3
8197 8182 1
8184 8183 1
8183 8185 1
8184 8185 1
8188 8187 1
8243 8189 1
8202 8189 1
8187 8189 1
8190 8189 3
8242 8190 1
8244 8190 1
8241 8190 1
8188 8190 1
8194 8190 1
8191 8192 3
8201 8197 2
8196 8197 1
8200 8199 2
8230 8199 1
8194 8202 1
7915 8207 1
8231 8208 1
8178 8208 2
8208 8209 2
8181 8209 2
8208 8210 2
8211 8210 2
8178 8211 2
8182 8213 3
8229 8213 1
8182 8214 2
8213 8214 2
8182 8215 3
8213 8215 3
8213 8216 3
8182 8216 3
8222 8217 1
8218 8217 2
8163 8220 3
8163 8223 3
8182 8224 1
8224 8225 1
8182 8225 2
8229 8225 1
8182 8226 1
8224 8226 1
8182 8227 1
8224 8227 1
8197 8229 1
8205 8231 1
8172 8233 1
8172 8234 1
8233 8234 1
8177 8239 1
8177 8240 1
8239 8240 1
8244 8243 1
8243 8245 1
8246 8245 1
8244 8246 1
8246 8247 1
8243 8247 1
