3569 3350 10
4114 3350 13
11401 3350 1
3473 3350 18
3485 3350 4
3653 3350 4
3654 3350 3
3633 3350 8
3697 3350 3
3869 3350 4
3567 3350 9
3568 3350 10
4115 3350 59
3655 3350 4
3879 3350 4
4070 3350 4
3401 3350 3
3625 3350 7
3352 3351 4
3359 3351 3
3460 3352 7
3562 3352 2
3555 3352 5
3412 3352 1
4113 3352 7
3354 3352 5
3360 3352 7
3476 3352 1
3801 3352 8
3546 3352 2
4051 3353 1
11470 3353 1
11454 3353 1
3351 3353 4
3804 3353 5
11413 3353 1
3421 3353 20
3966 3353 2
3602 3353 3
3354 3353 62
3553 3353 3
11452 3353 1
11471 3353 1
11455 3353 2
3821 3353 7
3431 3353 11
11481 3353 1
3452 3353 2
4139 3353 1
3861 3353 1
3791 3353 4
3917 3353 3
3820 3353 9
3546 3354 2
3562 3354 9
3352 3354 31
3737 3354 3
3426 3354 11
3801 3354 2
3420 3354 20
3351 3355 4
3356 3355 6
3452 3355 2
3352 3356 6
3358 3357 2
4097 3357 1
3370 3358 4
3360 3359 3
3357 3359 2
3439 3360 4
3400 3360 1
3379 3360 37
4115 3360 18
3671 3360 2
3702 3360 1
3573 3360 3
3358 3360 2
3409 3360 30
3882 3360 1
4113 3360 4
3885 3360 1
3771 3360 3
3774 3360 1
3352 3360 9
3570 3360 3
3382 3360 8
3842 3360 2
3385 3360 1
3915 3360 3
3913 3360 3
3656 3360 2
3914 3360 3
3513 3360 3
3358 3361 2
3357 3361 2
11484 3362 1
4194 3362 1
11491 3362 2
11410 3362 1
4176 3362 1
3616 3362 2
3682 3362 8
11486 3362 1
3357 3362 2
3803 3362 4
11455 3362 2
3414 3362 5
3417 3362 12
3631 3362 8
3448 3362 6
4081 3362 4
4123 3362 1
11449 3362 1
11403 3362 2
3866 3362 1
3798 3362 1
4139 3362 1
3595 3362 14
11452 3362 1
3552 3362 2
4102 3362 1
3545 3362 1
3916 3362 1
11443 3362 1
11439 3362 1
3835 3362 1
3363 3362 87
4052 3362 1
11405 3362 1
4076 3362 1
3930 3362 2
3966 3362 2
3411 3362 1
4077 3363 2
3562 3363 2
3476 3363 1
3360 3363 4
3487 3363 3
3680 3363 8
3737 3363 2
3705 3363 1
3501 3363 2
3394 3363 1
3412 3363 1
3395 3363 1
3939 3363 1
3352 3363 5
4055 3363 3
3703 3363 1
3760 3363 3
3735 3363 1
3801 3363 1
3836 3363 2
3439 3363 4
3446 3363 6
4109 3363 27
3388 3363 2
3546 3363 3
3358 3363 2
3379 3363 1
4053 3363 1
3460 3363 8
4113 3363 7
11431 3363 3
4123 3364 1
3835 3364 1
4194 3364 1
11455 3364 2
3357 3364 2
11452 3364 1
4076 3364 1
3363 3364 14
11486 3364 1
4052 3364 1
3866 3364 1
11449 3364 1
4126 3365 2
3798 3365 1
3596 3365 22
3363 3365 61
3413 3365 25
3545 3365 1
3364 3365 14
3367 3366 8
11502 3366 1
3825 3366 5
3357 3366 2
3358 3367 2
3737 3367 2
3507 3367 1
4083 3367 1
3573 3367 3
3580 3367 5
3974 3367 3
3382 3367 15
3379 3367 5
3409 3367 1
3502 3367 6
3699 3367 3
3562 3367 5
3876 3367 1
3357 3368 2
3367 3368 2
3371 3370 9
3360 3372 1
3372 3373 1
3360 3373 2
3373 3374 2
3375 3374 2
3997 3375 1
3360 3375 2
3471 3375 2
3741 3375 1
3846 3376 1
3373 3376 2
3558 3376 1
3377 3376 4
3409 3377 5
3379 3377 5
3507 3377 3
3385 3377 3
3360 3377 7
3638 3377 1
3379 3378 3
3579 3378 2
3502 3379 3
3640 3379 2
3573 3379 12
3584 3379 4
3409 3379 1
3974 3379 6
3638 3379 2
3876 3379 2
3385 3379 2
3507 3379 1
3842 3379 2
3945 3379 1
3885 3379 3
3580 3379 8
3824 3379 5
3711 3379 3
3671 3379 1
3505 3379 2
3619 3379 1
3774 3379 1
3699 3379 1
3382 3379 49
4122 3379 3
3379 3380 48
4158 3380 1
4202 3380 1
3589 3380 7
3866 3380 1
3574 3380 10
3378 3380 3
3575 3380 24
11406 3380 1
3710 3380 1
3779 3380 1
11473 3380 1
3979 3380 4
3700 3380 2
11432 3380 1
3712 3380 4
11425 3380 1
3381 3380 48
3382 3381 48
4057 3381 1
3380 3381 48
3699 3382 3
3379 3382 51
3638 3382 1
3384 3383 2
11503 3383 1
3386 3385 3
3507 3385 4
3757 3387 1
3388 3387 2
3458 3388 3
3561 3388 3
11478 3389 1
3388 3389 4
11402 3389 1
3387 3389 2
3387 3390 2
3391 3390 3
3388 3391 4
3873 3391 1
3390 3392 3
11402 3392 1
3391 3392 4
3393 3394 3
3393 3395 3
3716 3396 14
3397 3398 3
3400 3399 1
4115 3401 3
3651 3401 1
3399 3401 1
3403 3402 1
3591 3404 12
3951 3404 1
3626 3404 9
4058 3404 1
3405 3404 24
3402 3404 1
3882 3405 1
3352 3405 9
3403 3405 7
3716 3405 10
4109 3405 12
3407 3406 3
4086 3408 2
4175 3408 1
11473 3408 1
3948 3408 10
3606 3408 5
3765 3408 3
3739 3408 1
11461 3408 1
4065 3408 1
3607 3408 5
3830 3408 1
3409 3408 30
11464 3408 1
3947 3408 7
3563 3408 1
4172 3408 1
4138 3408 1
3785 3408 1
3360 3409 8
3507 3409 2
4029 3409 3
4027 3409 3
3801 3409 1
4028 3409 3
3385 3409 10
3352 3409 3
3573 3409 3
3974 3409 4
3408 3410 30
4030 3410 1
3360 3410 62
3529 3410 23
3930 3410 2
3626 3410 9
4080 3410 3
3779 3410 1
3412 3411 1
3446 3412 4
3930 3413 2
3552 3413 2
11452 3413 1
3631 3413 8
3966 3413 2
4139 3413 1
4102 3413 1
3803 3413 4
3411 3413 1
3916 3413 1
11405 3413 1
3363 3413 25
4139 3414 1
3411 3414 1
3352 3414 5
11471 3414 1
11452 3414 1
4109 3415 6
3414 3415 5
4125 3416 1
11485 3416 1
4179 3416 1
4109 3416 11
3415 3416 6
4054 3416 1
4109 3417 12
3416 3417 11
4125 3418 1
11485 3418 1
4054 3418 1
3363 3418 11
3416 3418 11
3420 3419 12
3416 3419 11
3476 3420 2
4109 3420 25
3680 3420 3
3354 3420 4
4077 3420 2
3420 3421 20
4062 3421 3
3419 3421 12
3683 3421 4
4109 3422 7
3415 3422 6
3751 3423 1
3424 3423 8
3422 3423 7
4109 3424 7
3752 3424 1
3426 3425 8
3422 3425 7
3354 3426 4
4109 3426 7
3425 3427 8
3426 3427 9
3429 3428 9
3427 3428 9
3426 3429 9
3429 3430 9
3427 3430 9
3426 3431 11
11424 3431 1
3799 3431 1
3425 3431 8
3414 3432 5
3433 3432 6
3352 3433 8
3360 3433 2
3433 3434 12
3930 3434 2
3802 3434 3
3432 3434 6
4113 3435 7
3432 3435 6
3414 3435 5
3414 3436 5
3363 3436 5
3414 3437 5
4081 3437 4
3363 3437 10
3439 3438 11
3437 3438 10
3570 3439 3
3504 3439 5
3638 3439 1
3363 3439 12
3439 3440 12
3637 3440 1
3438 3440 11
3414 3441 5
3363 3441 5
4139 3442 1
3911 3442 1
3443 3442 6
3414 3442 5
3562 3443 1
3360 3443 1
3769 3443 1
3409 3443 1
3379 3443 23
3546 3443 1
3573 3443 3
3612 3443 1
3737 3443 2
3548 3443 1
3677 3443 1
3385 3443 7
3774 3443 1
3741 3443 1
3801 3443 3
3352 3443 22
3692 3443 1
4113 3444 5
3414 3444 5
3446 3445 3
3411 3445 1
4179 3445 1
3504 3446 7
3412 3446 1
3388 3446 2
11423 3446 1
3446 3447 4
3445 3447 3
3450 3448 3
3447 3448 4
3446 3448 6
3447 3449 4
3446 3449 5
3411 3449 1
3450 3449 3
4179 3449 1
3446 3450 3
3411 3450 1
4179 3450 1
3411 3451 1
3412 3451 1
3352 3452 2
3928 3452 1
3454 3453 2
4033 3453 1
3456 3455 1
3457 3456 6
3458 3456 6
3630 3459 7
3460 3459 8
3555 3460 5
3556 3460 4
3459 3461 8
3462 3461 9
3460 3462 8
3461 3463 9
3464 3463 9
3462 3464 13
3922 3464 1
11504 3464 1
3461 3465 9
3462 3465 9
3630 3465 7
3462 3466 9
3461 3466 9
3630 3466 7
3461 3467 9
3462 3467 9
3630 3467 7
3461 3468 9
3462 3468 9
3630 3468 7
3471 3470 2
3677 3470 1
3997 3470 1
3400 3472 1
4134 3473 1
3789 3473 1
3624 3473 5
3472 3473 1
4067 3473 1
4056 3473 1
3926 3473 1
4115 3473 18
11480 3473 1
3993 3473 1
3731 3473 1
4183 3473 1
4128 3473 1
3636 3473 1
3360 3474 18
4183 3474 1
3473 3474 18
3476 3475 1
3420 3477 1
3475 3477 1
3379 3479 1
3479 3480 1
3379 3480 2
3480 3481 2
3377 3481 2
3480 3482 2
3483 3482 16
11425 3482 1
3651 3482 1
3591 3482 12
3756 3483 1
3382 3483 7
4109 3483 12
3652 3483 1
3379 3483 2
3671 3483 1
3924 3483 1
3400 3484 1
3484 3485 1
4115 3485 4
3764 3485 1
3651 3485 1
3487 3486 1
3988 3488 1
3843 3488 1
3363 3488 3
3486 3488 1
3988 3489 1
3363 3489 3
3486 3489 1
3843 3489 1
3363 3490 5
3843 3490 1
3988 3490 1
4176 3490 1
3486 3490 1
3490 3491 5
3363 3491 5
3490 3492 5
3363 3492 5
3494 3493 1
3812 3495 1
4119 3495 1
4074 3495 1
3496 3495 4
3493 3495 1
3494 3496 4
3498 3497 5
11488 3497 1
3493 3497 1
4119 3497 1
4074 3497 1
3812 3497 1
3614 3498 1
3494 3498 4
3500 3499 3
3502 3501 9
11445 3502 1
3503 3502 10
3501 3502 2
3504 3503 19
3506 3505 3
3945 3505 1
3509 3507 4
3508 3507 3
4091 3509 3
3384 3511 2
3526 3517 3
3516 3517 3
3526 3518 3
3849 3518 2
3516 3518 3
3516 3519 3
3526 3519 3
3516 3520 3
3526 3520 3
3516 3521 3
3526 3521 3
3516 3522 3
3526 3522 3
3526 3523 3
3516 3523 3
3516 3524 3
3526 3524 3
3516 3525 3
3369 3525 1
3526 3525 3
3502 3527 3
11491 3527 2
3527 3528 3
3367 3528 3
4078 3529 1
11479 3529 1
11482 3529 1
3600 3529 4
3946 3529 1
3765 3529 3
3998 3529 1
11459 3529 3
11425 3529 1
3637 3529 1
3588 3529 5
11473 3529 1
3586 3529 1
3527 3529 3
3618 3529 1
3639 3529 2
3379 3529 23
3765 3530 3
3443 3530 29
3529 3530 23
3947 3530 7
3531 3532 3
3534 3533 1
3673 3534 5
3832 3535 5
3536 3535 7
3533 3535 1
3379 3536 25
3672 3536 19
3534 3536 1
4064 3536 3
3771 3536 2
3876 3536 1
3671 3536 1
4083 3536 1
3814 3536 1
3535 3537 7
3575 3537 24
3815 3537 2
3813 3537 1
3832 3537 5
3536 3537 33
3536 3538 8
3866 3538 1
3535 3538 7
3535 3539 7
3832 3539 5
3536 3539 8
11425 3539 1
3832 3540 5
3815 3540 2
3535 3540 7
3536 3540 9
3536 3541 8
3535 3541 7
11432 3541 1
3533 3542 1
3534 3542 1
3533 3543 1
3534 3543 1
3533 3544 1
3534 3544 1
3546 3545 1
3554 3546 1
3548 3547 1
3613 3548 3
3547 3549 1
3550 3549 1
3471 3550 2
3997 3550 1
3548 3550 1
3398 3551 1
4113 3552 2
3551 3552 1
3352 3553 3
3552 3553 2
3460 3555 1
4091 3557 3
3506 3557 3
3614 3557 1
3360 3558 1
3560 3559 1
3558 3559 1
3769 3560 1
3997 3560 1
3471 3560 2
3702 3560 1
3360 3560 3
3836 3562 4
3409 3562 1
4053 3562 1
3354 3562 5
3352 3562 3
3705 3562 1
3409 3563 1
3564 3565 3
3400 3566 1
4177 3567 1
3624 3567 5
11438 3567 1
3566 3567 1
4115 3567 9
3567 3568 9
4115 3568 10
3567 3569 9
4115 3569 10
3842 3570 2
3571 3570 3
11406 3572 1
11450 3572 1
11479 3572 1
3573 3572 9
3943 3572 1
4099 3572 1
3956 3572 1
3698 3572 1
4078 3572 1
3842 3573 2
3699 3573 4
3572 3574 9
3573 3574 10
3823 3575 1
3825 3575 5
3579 3575 2
4002 3575 2
4186 3575 1
3379 3575 24
11459 3575 3
4121 3575 1
4120 3575 1
4137 3575 1
4168 3575 1
3574 3575 10
3574 3576 10
3823 3576 1
4121 3576 1
4186 3576 1
3379 3576 17
3825 3576 5
3579 3576 2
4120 3576 1
4168 3576 1
3379 3577 14
3574 3577 10
3837 3577 3
3577 3578 14
3581 3578 8
4161 3578 1
3379 3578 23
4168 3579 1
3580 3579 2
3585 3580 1
3824 3580 5
3890 3580 2
3825 3581 5
3580 3581 8
3579 3581 2
3583 3582 4
3501 3584 6
3711 3584 3
3379 3586 1
3586 3587 1
3382 3587 3
3943 3587 1
3587 3588 3
3600 3588 4
3382 3588 5
3588 3589 5
3637 3589 1
3382 3589 7
11450 3590 1
11406 3590 1
3367 3590 15
11472 3590 1
3698 3590 1
3921 3590 5
3589 3590 7
4109 3591 12
11406 3591 1
3589 3591 7
4151 3591 2
3698 3591 1
3589 3592 7
11499 3592 1
3591 3592 12
3483 3592 14
3755 3592 1
3591 3593 12
3755 3593 1
3589 3593 7
3483 3593 14
11499 3593 1
3591 3594 12
4109 3594 12
3616 3595 1
4109 3595 14
3591 3595 12
11405 3596 1
3363 3596 22
3595 3596 14
3681 3596 3
11484 3596 1
11443 3596 1
3616 3596 1
3595 3597 14
11484 3597 1
3420 3597 15
3379 3598 7
3589 3598 7
3765 3599 3
3360 3599 23
3977 3599 8
3588 3599 5
3888 3599 10
3587 3600 3
3379 3600 4
3600 3601 4
3443 3601 4
3689 3602 1
11464 3602 1
3352 3602 3
3602 3603 3
3604 3603 3
3352 3604 3
3602 3605 3
3409 3605 4
3409 3606 5
3605 3606 4
3409 3607 5
3605 3607 4
3377 3608 4
3605 3608 4
3610 3609 2
4155 3609 1
3716 3610 4
3811 3610 2
4042 3611 1
4006 3611 3
3609 3611 2
4009 3611 1
3610 3611 7
3613 3612 3
3615 3614 4
3439 3614 4
3870 3615 2
4109 3616 2
4201 3617 1
3616 3617 1
3363 3617 2
3619 3618 1
4200 3620 1
3621 3620 2
3622 3620 3
3555 3623 1
3881 3624 1
11469 3624 1
3904 3624 1
3623 3624 1
3555 3624 5
4115 3625 7
3624 3625 5
11462 3625 1
4096 3626 1
3352 3626 9
3630 3626 7
3624 3626 5
3443 3627 16
4047 3627 1
4130 3627 1
3768 3627 1
3740 3627 1
3776 3627 1
4181 3627 1
3626 3627 9
3779 3627 1
3624 3628 5
3460 3628 6
3460 3629 6
3628 3629 6
3460 3630 7
3628 3630 6
3630 3631 7
3460 3631 8
3370 3632 4
4143 3633 1
3651 3633 1
11418 3633 1
11401 3633 1
3697 3633 3
4115 3633 8
3633 3634 8
4115 3634 8
3697 3634 3
11401 3634 1
3400 3636 1
3638 3637 1
3940 3638 2
3508 3638 1
3509 3638 4
3640 3639 2
3637 3639 1
3638 3640 1
3639 3641 2
3640 3641 2
3637 3642 1
3377 3642 1
3439 3643 2
3637 3643 1
3439 3644 5
11440 3644 2
3643 3644 2
3439 3645 5
3644 3645 5
3637 3646 1
3638 3646 1
3648 3647 1
3637 3647 1
3851 3648 3
3638 3648 1
3637 3649 1
3640 3649 1
3637 3650 1
3377 3650 1
3652 3651 2
3651 3653 1
4036 3653 1
4115 3653 4
4133 3653 1
4115 3654 3
3651 3654 1
3968 3654 1
4116 3655 1
3880 3655 1
3651 3655 1
4115 3655 4
3657 3656 4
3400 3658 1
3502 3659 1
3502 3660 2
3659 3660 1
3502 3661 2
3659 3661 1
3660 3661 2
3502 3662 3
3660 3662 2
3956 3663 1
3367 3663 5
4099 3663 1
3662 3663 3
3659 3664 1
3502 3664 1
3995 3665 4
3666 3665 5
3716 3666 12
3665 3667 5
3666 3667 5
3665 3668 5
3666 3668 13
3761 3668 10
11430 3669 1
3900 3669 1
3363 3669 3
3363 3670 3
3669 3670 3
3536 3671 4
3536 3673 8
3832 3674 5
3536 3674 6
3536 3675 6
3674 3675 6
3677 3676 1
3613 3677 3
3470 3678 1
3676 3678 1
3759 3679 1
3680 3679 2
3561 3680 3
3760 3680 3
3679 3681 2
3680 3681 3
3680 3682 8
4048 3682 1
3681 3682 3
3901 3682 4
3681 3683 3
3420 3683 4
3681 3684 3
3685 3684 3
3759 3684 1
3760 3685 1
3680 3685 3
3363 3686 4
4201 3686 1
3681 3686 3
3363 3687 4
3681 3687 3
4201 3687 1
3681 3688 3
3363 3688 4
4201 3688 1
11482 3689 1
3360 3689 3
3838 3689 1
3773 3690 1
3774 3690 1
3503 3690 10
3706 3690 1
3811 3690 1
3692 3691 1
3613 3692 3
3691 3693 1
3694 3693 1
3997 3694 1
3692 3694 1
3471 3694 2
3997 3695 1
3471 3695 2
3612 3695 1
3400 3696 1
4115 3697 3
4018 3697 1
3696 3697 1
3699 3698 1
3698 3700 1
3573 3700 2
3943 3701 1
11450 3701 1
11406 3701 1
3573 3701 8
4099 3701 1
4078 3701 1
3698 3701 1
3956 3701 1
11479 3701 1
3370 3702 4
3704 3703 3
3561 3705 3
4189 3707 1
3690 3707 2
3690 3708 2
3707 3708 2
11448 3709 1
3690 3709 3
3707 3709 2
3711 3710 1
4202 3712 1
3584 3712 4
3710 3712 1
4158 3712 1
4202 3713 1
3714 3713 4
3712 3713 4
4158 3713 1
3584 3714 4
3673 3714 5
3711 3714 2
3716 3715 5
4089 3715 2
3859 3715 1
3831 3715 1
3614 3716 2
3747 3716 12
3748 3717 5
3396 3717 14
3853 3717 9
3715 3717 5
3724 3718 1
4195 3718 1
3720 3718 2
3719 3718 3
3504 3718 3
3360 3721 1
3377 3722 2
3721 3722 1
3838 3722 1
3724 3723 1
4149 3724 2
3944 3724 1
3723 3725 1
3718 3725 1
3927 3726 1
3727 3726 2
3790 3728 4
3729 3728 14
3853 3728 9
3730 3728 1
3747 3729 9
3557 3729 5
3716 3729 11
4199 3729 1
3635 3729 2
3986 3730 1
3728 3730 14
3854 3730 10
3853 3730 9
3858 3730 10
3729 3730 17
3400 3731 1
3733 3732 1
3733 3734 1
3732 3734 1
3736 3735 3
3702 3737 1
3738 3737 1
3504 3737 5
3737 3738 4
3409 3739 1
3741 3740 1
3613 3741 3
3743 3742 1
3745 3744 3
3747 3746 1
3716 3748 5
3746 3748 1
4072 3748 1
4089 3748 2
3905 3750 1
4109 3750 2
3752 3751 1
4173 3754 2
3753 3754 1
3756 3755 1
3536 3756 4
3388 3757 1
3757 3758 1
3388 3758 2
11478 3758 1
3760 3759 1
3716 3761 10
3853 3761 9
3557 3762 1
3762 3763 1
3729 3763 6
3790 3763 4
3730 3763 1
3400 3764 1
3943 3765 1
11479 3765 1
3573 3765 3
3557 3766 1
3766 3767 1
3557 3767 1
3769 3768 1
3613 3769 3
3815 3770 2
3771 3770 3
3871 3771 3
3814 3771 1
4017 3772 1
11433 3772 1
11459 3772 3
3770 3772 3
3360 3772 11
11476 3772 1
3946 3772 1
3953 3772 1
3690 3773 5
3690 3774 5
3690 3775 5
3692 3776 1
3403 3777 1
3405 3778 1
3777 3778 1
3774 3779 1
3779 3780 1
4009 3780 1
3690 3780 3
3780 3781 3
3690 3781 3
3779 3782 1
3774 3782 1
3379 3783 5
4059 3783 3
3779 3783 1
3367 3784 5
3783 3784 5
3409 3785 1
3554 3786 1
3769 3787 1
3560 3788 1
3787 3788 1
3400 3789 1
3557 3790 4
4090 3790 3
3917 3791 3
3562 3791 4
3793 3792 2
3952 3792 1
3795 3794 2
3953 3794 1
11431 3795 1
3882 3795 1
3961 3795 2
3794 3796 2
3795 3796 2
3703 3798 1
3426 3799 1
3801 3800 1
3554 3801 1
3800 3802 1
11412 3802 1
3352 3802 3
3802 3803 3
4113 3803 4
3803 3804 4
3352 3804 5
3360 3805 6
3930 3805 2
3803 3805 4
3853 3806 9
3716 3806 10
3806 3807 10
3808 3807 10
3716 3808 10
3743 3809 1
3494 3812 1
3814 3813 1
3771 3815 2
3813 3815 1
3815 3816 2
3771 3816 2
3385 3817 1
3817 3818 1
3377 3818 1
3801 3819 1
3352 3820 9
11464 3820 1
11471 3820 1
11426 3820 1
4101 3820 1
3966 3820 2
3819 3820 1
11454 3820 1
3930 3821 2
3917 3821 3
3352 3821 7
3819 3821 1
11455 3822 2
11470 3822 1
3443 3822 15
3821 3822 7
11426 3822 1
4175 3822 1
11471 3822 1
11464 3822 1
4051 3822 1
3824 3823 1
4186 3825 1
3580 3825 5
4120 3825 1
4121 3825 1
3823 3825 1
3823 3826 1
3827 3826 5
4186 3826 1
4120 3826 1
4121 3826 1
3824 3827 4
3826 3828 5
3827 3828 5
3827 3829 4
4121 3829 1
3823 3829 1
4120 3829 1
4186 3829 1
3409 3830 1
3747 3831 1
11453 3832 1
11472 3832 1
4203 3832 1
3536 3832 5
11444 3832 1
3832 3833 5
3536 3833 5
3536 3834 5
3832 3834 5
3836 3835 1
4002 3837 2
3379 3837 3
4000 3837 1
3360 3838 1
3360 3839 1
3838 3839 1
3996 3840 1
3841 3840 2
3487 3843 1
3369 3844 1
3525 3845 1
3844 3845 1
3360 3846 1
3560 3847 1
3846 3847 1
3849 3848 1
3518 3850 1
3848 3850 1
3747 3852 1
4005 3853 1
3716 3853 9
4089 3853 2
4142 3853 1
4072 3853 1
4024 3853 1
4167 3853 1
3852 3853 1
4089 3854 2
3716 3854 10
3853 3854 9
11477 3855 1
4124 3855 1
3729 3855 18
4148 3855 1
3859 3855 1
4024 3855 1
11447 3855 1
3958 3855 1
3934 3855 1
3854 3855 10
4072 3855 1
4068 3856 1
3405 3856 11
3854 3856 10
3853 3857 9
3666 3857 9
3853 3858 9
3716 3858 10
3747 3859 1
4072 3860 1
3934 3860 1
3729 3860 4
4024 3860 1
3859 3860 1
3737 3861 1
3737 3862 1
3861 3862 1
3861 3863 1
3970 3863 2
3737 3863 3
3864 3865 4
3379 3866 1
3379 3867 1
3866 3867 1
3400 3868 1
4164 3869 1
4115 3869 4
11401 3869 1
3868 3869 1
3500 3870 3
3507 3870 1
3873 3872 1
4050 3873 1
3872 3874 1
11478 3874 1
3391 3874 2
3876 3875 1
3583 3876 4
3367 3877 1
3875 3877 1
3400 3878 1
3878 3879 1
4115 3879 4
11467 3879 1
11401 3879 1
3400 3880 1
3555 3881 1
3571 3882 3
4197 3883 1
3562 3883 1
3737 3883 2
3885 3884 1
3884 3886 1
11482 3886 1
3885 3886 3
3379 3887 6
4162 3887 1
3886 3887 3
3925 3887 1
3887 3888 6
3379 3888 10
4059 3888 3
3884 3889 1
3885 3889 1
3892 3891 3
4082 3893 1
3894 3893 2
3379 3896 1
3896 3897 1
3377 3897 1
3899 3898 3
3760 3900 1
3680 3901 4
11430 3901 1
3900 3901 1
4048 3901 1
3612 3902 1
3695 3903 1
3902 3903 1
3555 3904 1
4109 3905 1
11468 3906 1
3456 3907 4
3909 3908 1
3909 3910 1
3908 3910 1
3360 3911 1
3705 3912 1
3358 3912 1
3939 3912 1
3370 3912 1
4113 3916 1
11454 3917 1
3352 3917 3
3916 3917 1
3919 3918 2
4165 3918 1
4127 3920 1
4187 3920 1
3379 3920 3
11450 3921 1
3920 3921 3
3382 3921 5
3536 3922 4
3536 3923 4
3536 3924 4
3379 3925 1
3400 3926 1
3360 3928 1
3656 3929 1
3360 3930 2
3929 3930 1
4113 3931 2
3930 3931 2
11496 3933 2
3932 3933 1
3747 3934 1
3936 3935 3
3500 3935 3
3974 3935 3
4169 3937 1
3737 3937 2
3737 3938 2
3937 3938 2
3941 3942 3
3699 3943 1
3385 3946 1
3946 3947 1
4086 3947 2
4187 3947 1
4023 3947 1
4137 3947 1
3385 3947 7
4086 3948 2
3947 3948 7
4014 3948 2
3385 3948 10
4154 3948 1
3741 3949 1
3949 3950 1
3375 3950 1
3403 3951 1
3882 3953 1
3953 3954 1
3795 3954 1
11427 3955 1
3953 3955 1
3405 3955 2
3573 3956 1
3573 3957 1
3956 3957 1
3747 3958 1
3716 3959 1
3716 3960 3
4160 3960 1
4063 3960 1
3959 3960 1
3963 3964 1
3352 3964 1
3562 3964 1
4150 3964 2
3614 3965 2
3562 3966 2
11449 3966 1
3367 3967 2
3966 3967 2
3400 3968 1
3702 3969 1
3737 3970 2
3969 3970 1
3970 3971 2
3737 3971 2
3737 3972 2
3970 3972 2
4089 3973 2
3974 3973 3
3614 3974 2
3973 3975 3
3974 3975 4
3980 3976 5
3975 3976 4
3379 3976 7
3976 3977 7
3360 3977 8
3977 3978 8
4014 3978 2
3409 3978 10
3974 3979 4
3973 3979 3
3979 3980 4
3379 3980 5
3409 3981 5
3979 3981 4
3973 3982 3
3974 3982 4
4135 3983 1
3984 3983 5
3982 3983 4
4136 3984 1
3974 3984 4
3984 3985 4
3973 3985 3
3982 3985 4
3729 3986 1
3729 3987 1
3986 3987 1
3487 3988 1
3456 3989 1
3989 3990 1
3456 3990 1
3992 3991 1
3989 3991 1
3456 3992 1
3400 3993 1
3716 3995 4
4044 3995 1
4089 3995 2
3379 3998 1
3377 3999 1
3998 3999 1
3945 4000 1
4000 4001 1
3505 4001 1
3505 4002 2
4000 4002 1
4032 4003 1
3562 4003 2
3367 4004 2
4003 4004 2
3747 4005 1
3716 4006 3
4089 4006 2
4008 4007 3
4006 4007 3
3716 4008 3
3811 4009 1
3507 4010 1
4010 4011 1
3377 4011 1
3870 4012 2
4010 4012 1
4012 4013 2
3615 4013 2
3385 4014 2
4010 4014 1
4010 4015 1
3870 4015 1
3377 4016 1
4010 4016 1
3702 4017 1
3400 4018 1
3379 4019 1
4019 4020 1
3377 4020 1
3702 4021 1
4129 4022 1
4021 4022 1
3560 4022 2
3385 4023 1
3747 4024 1
3409 4025 1
4025 4026 1
3377 4026 1
3360 4030 1
4113 4031 1
3409 4032 1
11468 4034 1
3899 4035 3
3400 4036 1
3849 4037 1
4037 4038 1
3518 4038 1
3836 4039 1
4039 4040 1
3562 4040 2
4040 4041 2
11429 4041 1
4166 4041 1
3562 4041 4
3811 4042 1
3747 4044 1
3836 4045 1
4045 4046 1
3562 4046 2
11463 4046 1
3677 4047 1
3680 4048 1
4050 4049 1
3562 4051 1
4053 4052 1
4055 4054 1
3400 4056 1
3699 4057 1
3403 4058 1
3974 4059 3
4089 4059 2
3935 4060 3
4059 4060 3
3367 4061 3
4059 4061 3
3420 4062 3
4178 4062 1
11443 4062 1
3747 4063 1
3409 4065 1
3383 4066 1
3400 4067 1
3403 4068 1
3400 4069 1
4069 4070 1
4115 4070 4
11409 4070 1
11401 4070 1
3747 4072 1
3494 4074 1
3500 4075 3
3836 4076 1
3554 4077 1
3842 4078 1
4078 4079 1
11479 4079 1
3360 4079 4
4081 4079 4
3570 4080 3
11479 4080 1
4078 4080 1
4080 4081 3
3439 4081 4
3388 4084 1
4084 4085 1
3388 4085 1
3507 4086 2
4154 4086 1
3377 4087 2
4154 4087 1
4086 4087 2
3614 4089 2
11488 4089 1
4091 4090 3
4089 4090 2
3614 4091 2
3509 4092 3
4090 4092 3
3509 4093 3
4090 4093 3
4090 4094 3
3509 4094 3
4089 4095 2
3965 4095 2
3801 4096 1
3358 4097 1
4097 4098 1
11449 4098 1
3912 4098 4
4123 4098 1
4132 4098 1
3573 4099 1
3573 4100 1
4099 4100 1
3801 4101 1
3801 4102 1
3898 4103 1
4103 4104 1
4113 4104 1
3733 4105 1
4107 4106 3
3742 4106 1
3809 4106 1
3994 4107 3
3743 4107 2
3589 4108 7
3591 4108 12
3837 4108 3
4109 4108 20
4106 4108 3
3750 4108 2
4055 4109 3
3699 4109 2
3464 4109 2
3379 4109 3
4107 4109 3
3352 4109 5
3382 4109 7
11423 4109 1
4111 4110 1
3457 4111 3
3434 4112 12
4031 4112 1
4113 4112 14
4110 4112 1
4111 4113 1
3512 4113 3
3352 4113 8
3513 4113 3
3398 4113 1
3383 4113 1
3515 4113 3
3360 4113 2
3511 4113 2
3433 4113 12
3458 4113 3
3898 4113 1
3514 4113 3
3510 4113 3
11446 4114 1
4115 4114 13
3651 4114 1
3658 4114 1
3567 4114 9
3555 4115 5
3462 4115 4
3400 4115 36
3673 4115 1
3652 4115 1
3400 4116 1
3403 4117 1
3405 4118 1
4117 4118 1
3494 4119 1
3824 4120 1
3824 4121 1
3939 4123 1
3747 4124 1
4055 4125 1
3616 4126 1
3363 4126 2
3638 4127 1
3400 4128 1
3360 4129 1
3548 4130 1
3370 4132 1
3400 4133 1
3400 4134 1
4136 4135 1
3385 4137 1
3409 4138 1
3546 4139 1
3469 4140 1
3469 4141 1
4140 4141 1
3747 4142 1
3400 4143 1
11419 4144 1
4144 4145 1
4146 4145 2
11419 4145 2
4144 4146 1
11419 4146 2
4144 4147 1
11419 4147 1
3747 4148 1
4190 4151 1
3464 4151 2
3464 4152 2
4151 4152 2
4151 4153 2
4190 4153 1
3464 4153 2
3507 4154 1
3716 4155 1
4155 4156 1
4157 4156 1
3716 4157 1
3711 4158 1
3635 4159 1
3747 4160 1
3382 4161 1
3876 4162 1
3876 4163 1
4162 4163 1
3400 4164 1
3836 4166 1
3747 4167 1
3824 4168 1
3738 4169 1
3501 4170 1
3501 4171 1
4170 4171 1
3409 4172 1
3409 4175 1
3394 4176 1
3400 4177 1
3476 4178 1
11423 4179 1
3385 4180 1
3612 4181 1
3400 4183 1
3756 4184 1
3756 4185 1
4184 4185 1
3824 4186 1
3507 4187 1
3367 4188 1
4187 4188 1
3706 4189 1
3922 4190 1
4190 4191 1
3464 4191 1
4190 4192 1
3464 4192 1
4190 4193 1
3464 4193 1
3735 4194 1
4197 4196 1
3409 4198 1
3981 4198 1
3760 4201 1
3711 4202 1
4064 4203 1
4105 11400 1
3733 11400 1
3673 11401 1
3388 11402 1
3388 11403 2
11402 11403 1
11403 11404 2
3446 11404 2
3476 11405 1
3699 11406 1
3635 11407 1
4159 11408 1
3729 11408 2
11407 11408 1
3400 11409 1
3395 11410 1
11410 11411 1
3363 11411 2
4176 11411 1
3476 11412 1
3562 11413 1
11455 11414 2
11413 11414 1
4196 11414 1
3883 11414 4
11413 11415 1
11455 11415 2
3367 11415 3
4113 11416 1
11416 11417 1
4113 11417 1
3400 11418 1
11420 11419 3
11422 11421 3
3446 11423 4
3426 11424 1
3671 11425 1
3801 11426 1
3403 11427 1
4053 11429 1
3760 11430 1
3876 11432 1
3671 11433 1
3501 11434 3
11491 11434 2
11434 11435 3
3501 11435 3
11436 11437 3
3400 11438 1
3360 11439 1
3363 11440 2
11439 11440 1
3483 11441 1
11441 11442 1
3483 11442 1
4077 11443 1
4064 11444 1
3501 11445 6
3400 11446 1
3747 11447 1
3773 11448 1
3705 11449 1
3699 11450 1
11450 11451 1
3367 11451 1
3546 11452 1
4064 11453 1
3801 11454 1
3737 11455 2
4169 11455 1
11455 11456 2
3737 11456 2
3737 11457 2
11455 11457 2
3379 11458 2
11458 11459 2
3382 11459 3
3367 11460 3
11459 11460 3
3409 11461 1
3400 11462 1
3836 11463 1
3801 11464 1
3385 11465 1
3377 11466 2
11465 11466 1
4180 11466 1
3400 11467 1
3555 11469 1
3352 11470 1
3801 11471 1
4083 11472 1
3409 11473 1
11473 11474 1
3360 11474 1
3367 11475 1
11473 11475 1
3671 11476 1
3747 11477 1
3388 11478 1
3842 11479 1
3400 11480 1
3562 11481 1
3885 11482 1
4077 11484 1
4055 11485 1
3360 11486 1
11486 11487 1
3360 11487 1
3614 11488 1
3557 11489 1
11488 11489 1
11468 11490 1
4170 11491 1
3501 11491 2
11491 11492 2
3363 11492 2
3714 11494 1
3714 11495 1
11494 11495 1
3360 11497 1
11497 11498 1
3377 11498 1
3924 11499 1
11445 11500 1
3502 11501 1
11500 11501 1
3573 11502 1
