12775 12304 14
12769 12304 14
12345 12306 1
12305 12306 4
12308 12307 2
14086 12307 1
13218 12308 2
12738 12308 1
12546 12308 3
12593 12308 2
12334 12308 3
12766 12308 1
13071 12308 1
13206 12308 1
12831 12308 5
12311 12308 2
12682 12308 1
12696 12308 1
12992 12308 2
12935 12308 5
12659 12308 4
13042 12308 1
13013 12308 2
12329 12308 1
12308 12309 36
12337 12309 29
14094 12309 1
12307 12309 2
12547 12309 4
12462 12311 1
12401 12311 1
12463 12311 1
12775 12311 1
12343 12311 1
12310 12311 4
12464 12311 1
12461 12311 1
12314 12313 3
12316 12317 3
12319 12318 1
12401 12319 1
12467 12319 1
12689 12319 1
12688 12319 4
12460 12319 1
12344 12319 1
12464 12319 1
12690 12319 1
12461 12319 1
12775 12319 1
12691 12319 1
12345 12319 1
12463 12319 1
12528 12319 1
12343 12319 1
12675 12319 1
12342 12319 1
12537 12319 1
13878 12320 1
13835 12320 1
14068 12320 1
13722 12320 1
14050 12320 1
13934 12320 1
13849 12320 1
12658 12320 1
12514 12320 1
13941 12320 1
13156 12320 1
13933 12320 1
13466 12320 1
13496 12320 1
12728 12320 1
13958 12320 1
13516 12320 1
13641 12320 1
13764 12320 1
12318 12320 1
12328 12320 1
13918 12320 1
13122 12320 1
13965 12320 1
12321 12320 34
13290 12320 1
13756 12320 1
12894 12320 1
12961 12320 1
12556 12320 1
12455 12320 1
13507 12320 1
13062 12320 1
13140 12320 1
13378 12320 1
12670 12321 1
12507 12321 1
12659 12321 4
12311 12321 10
13113 12321 1
12329 12321 11
12319 12321 6
13042 12321 1
12960 12321 1
12318 12322 1
13918 12322 1
13333 12322 1
13352 12322 1
14004 12322 1
13825 12322 1
13728 12322 1
12323 12322 14
14106 12322 1
13433 12322 1
13999 12322 1
13349 12322 1
12966 12322 1
13828 12322 1
12593 12323 10
12350 12323 1
12319 12323 2
13471 12324 1
12322 12324 14
12978 12324 1
12325 12324 17
12733 12325 1
12323 12325 14
12343 12325 1
12339 12325 1
12950 12325 5
12344 12325 1
12345 12325 1
12342 12325 1
12327 12326 48
12330 12326 31
12324 12326 17
12770 12327 31
12325 12327 17
12329 12328 1
12463 12329 1
12345 12329 1
12528 12329 1
12344 12329 1
12775 12329 1
13410 12329 4
14029 12330 1
14000 12330 1
13135 12330 1
12765 12330 1
13829 12330 1
12628 12330 1
13834 12330 1
14041 12330 1
13723 12330 1
13526 12330 1
13227 12330 1
12943 12330 1
13787 12330 1
13338 12330 1
13908 12330 1
13987 12330 1
13878 12330 1
12770 12330 31
13722 12330 1
14083 12330 1
12490 12330 1
12757 12330 1
13576 12330 1
13870 12330 1
12475 12330 1
12701 12330 1
12712 12330 1
13282 12330 1
13686 12330 1
12328 12330 1
14005 12330 1
13462 12331 2
12332 12331 50
12515 12331 18
12330 12331 31
12770 12332 50
12334 12333 1
12345 12334 1
12756 12334 4
12333 12335 1
12336 12335 2
13753 12335 1
12363 12336 2
12334 12336 2
13048 12337 1
13380 12337 1
13290 12337 1
12894 12337 1
13831 12337 1
12658 12337 1
13012 12337 1
13484 12337 1
14025 12337 1
12737 12337 1
12333 12337 1
13835 12337 1
13753 12337 1
13840 12337 1
13354 12337 2
13520 12337 1
13615 12337 1
14006 12337 1
13051 12337 1
13958 12337 1
13893 12337 1
13798 12337 1
12308 12337 29
13849 12337 1
13913 12337 1
13901 12337 1
13558 12337 1
14067 12337 1
12339 12338 1
12341 12340 1
12338 12340 1
12733 12341 2
12437 12341 5
12950 12341 5
12339 12341 3
12352 12341 1
12323 12341 6
12424 12341 6
12378 12341 4
12327 12342 11
12327 12343 23
12327 12344 17
12558 12344 7
12325 12344 5
13308 12345 2
13083 12345 1
13078 12345 1
12325 12345 3
12347 12346 4
12526 12346 1
12525 12346 1
12401 12346 1
12773 12346 1
12343 12346 1
13540 12348 1
12348 12349 4
13100 12349 1
12348 12350 4
12351 12352 4
12354 12353 1
13546 12354 3
13545 12354 3
12595 12354 1
12354 12355 2
12964 12355 1
12353 12355 1
12354 12356 1
12353 12356 1
12359 12358 1
13700 12359 1
12528 12359 1
12816 12359 1
12936 12359 1
12412 12359 5
13612 12359 1
12344 12359 5
12995 12359 1
12435 12359 1
12967 12360 1
13528 12360 1
12833 12360 1
13289 12360 1
13757 12360 1
13590 12360 1
12358 12360 1
12826 12360 1
12893 12360 1
13758 12360 1
13625 12360 1
13851 12360 1
13377 12360 1
13037 12360 1
12361 12360 24
12741 12360 1
12721 12360 1
13724 12360 1
13285 12360 1
13162 12360 1
14039 12360 1
13446 12360 1
13871 12360 1
13765 12360 1
13004 12360 1
13008 12361 2
12529 12361 2
12493 12361 1
12397 12361 19
13007 12361 2
12822 12361 2
12396 12361 40
13056 12361 1
12359 12361 5
12411 12361 1
12509 12361 2
12742 12361 2
12535 12361 4
12363 12362 1
12343 12363 1
12368 12363 1
12345 12363 4
12362 12364 1
12365 12364 1
12363 12365 7
12831 12365 1
13400 12366 1
12365 12366 3
12362 12366 1
13611 12366 1
13616 12367 1
12368 12367 10
13663 12367 1
14047 12367 1
14114 12367 1
13416 12367 1
14104 12367 1
12362 12367 1
13186 12367 1
13219 12367 1
12806 12367 1
12363 12368 42
12374 12370 1
12371 12370 4
12372 12371 33
12373 12372 36
13079 12376 1
12375 12376 3
13490 12376 1
12378 12377 1
13077 12378 2
13171 12378 1
12377 12379 1
12341 12379 1
12380 12381 4
12819 12381 1
12820 12381 1
12383 12382 1
13038 12383 2
12631 12383 1
12382 12384 1
12385 12384 1
12383 12385 1
12382 12386 1
12385 12386 1
12388 12387 3
12352 12387 12
12371 12390 4
12310 12390 1
12393 12392 3
12339 12394 2
12395 12394 6
12311 12394 1
12845 12395 1
13720 12395 1
12742 12395 2
13593 12395 1
12487 12395 1
13158 12395 1
12560 12395 1
13006 12395 1
12925 12395 1
12493 12395 1
12625 12395 2
12453 12395 4
12578 12395 1
13746 12395 1
12665 12395 1
12619 12395 2
12546 12395 1
12481 12395 1
13152 12395 1
13674 12395 1
12484 12395 1
13956 12395 1
12549 12395 2
12442 12395 3
12593 12395 1
12538 12395 1
12399 12395 1
12500 12395 1
12872 12395 1
12635 12395 1
12311 12395 1
12948 12395 1
12996 12395 1
12394 12395 4
12398 12395 17
12361 12395 37
12373 12397 30
12400 12399 4
12401 12399 1
12343 12399 1
12402 12399 1
12327 12401 20
12363 12403 1
13923 12404 1
12368 12404 10
13219 12404 1
12564 12404 1
13766 12404 1
12758 12404 1
13959 12404 1
13909 12404 1
13771 12404 1
13337 12404 1
12403 12404 1
12406 12405 1
12969 12406 4
13487 12406 1
12405 12407 1
12408 12407 1
12406 12408 3
12738 12408 1
12405 12409 1
12408 12409 3
14091 12409 1
12823 12409 1
12412 12411 5
12415 12411 1
12401 12411 5
12327 12412 36
12413 12412 17
12414 12413 22
12417 12416 1
12419 12418 7
13554 12418 1
13804 12418 2
13136 12418 1
12416 12418 1
12703 12418 2
12417 12419 7
13554 12420 1
12416 12420 1
12419 12420 2
12371 12421 4
12422 12421 1
12424 12423 1
13060 12424 2
13171 12424 1
12804 12425 1
13453 12425 1
12423 12425 1
12957 12425 1
12424 12425 4
12424 12426 4
13453 12426 1
12423 12426 1
13570 12426 1
12727 12427 1
13719 12427 1
12341 12427 6
12426 12427 4
12423 12428 1
13453 12428 1
12341 12428 2
12319 12429 3
12431 12430 2
13271 12431 4
13915 12431 1
12430 12432 2
12433 12432 3
12431 12433 10
12435 12433 1
12435 12434 3
12432 12434 3
12433 12435 12
12437 12436 1
13171 12437 1
13163 12437 2
12341 12438 4
13155 12438 1
13527 12438 1
12436 12438 1
13806 12438 1
12440 12439 1
12363 12440 1
12439 12441 1
12442 12441 2
12842 12441 1
12742 12442 1
12440 12442 1
12845 12442 1
12352 12442 1
12996 12442 1
12395 12442 6
12481 12442 1
12442 12443 2
12439 12443 1
12842 12443 1
12442 12444 2
12842 12444 1
12439 12444 1
12842 12445 1
12439 12445 1
12442 12445 2
12314 12447 3
12334 12449 2
13484 12449 1
12449 12450 2
12451 12450 2
12334 12451 2
12449 12452 2
12451 12452 2
12593 12453 1
12395 12453 6
12314 12454 3
12329 12455 1
12457 12456 1
12775 12458 1
12463 12458 1
12374 12458 4
12343 12458 1
12459 12458 1
12460 12458 1
12465 12458 1
12467 12458 1
12462 12458 1
12402 12458 1
12466 12458 1
12400 12458 1
12464 12458 1
12461 12458 1
12368 12458 1
12401 12458 1
12327 12460 10
12327 12461 10
12327 12462 14
12327 12464 10
12469 12468 3
12472 12471 3
12775 12474 1
12345 12474 1
13066 12474 1
12773 12474 1
12473 12474 4
12476 12475 1
12525 12476 1
12526 12476 1
13074 12476 4
12477 12478 3
12477 12479 3
12763 12480 3
12477 12480 3
12482 12481 7
12500 12481 1
12500 12482 1
13746 12482 2
12481 12482 1
12352 12482 2
13927 12482 1
12395 12482 8
12696 12482 3
12742 12482 2
12453 12482 1
12538 12482 1
12484 12483 1
13673 12485 1
13382 12485 1
12924 12485 1
13240 12485 1
12741 12485 1
13176 12485 1
13981 12485 1
12577 12485 1
12871 12485 1
12721 12485 1
12828 12485 1
13230 12485 1
13955 12485 1
12395 12485 19
13162 12485 1
12483 12485 1
13124 12485 1
13157 12485 1
12664 12485 1
13807 12485 1
12487 12486 1
12483 12486 1
12481 12487 1
12500 12487 1
12702 12487 2
12453 12487 1
12578 12487 1
12484 12487 1
12378 12487 1
12395 12487 6
12424 12487 1
12352 12487 5
12399 12487 1
12872 12487 1
12437 12487 1
13230 12488 1
13653 12488 2
13157 12488 1
14006 12488 1
12483 12488 1
12551 12488 2
13807 12488 1
13176 12488 1
13124 12488 1
13501 12488 1
13401 12488 2
13836 12488 1
12871 12488 1
12577 12488 1
13893 12488 1
13673 12488 1
12664 12488 1
12889 12488 1
12828 12488 1
13305 12488 1
12721 12488 1
13382 12488 1
13240 12488 1
12395 12488 26
13260 12488 2
12487 12489 3
12577 12489 1
13382 12489 1
12483 12489 1
12491 12490 1
12773 12491 1
13175 12491 4
12525 12491 1
12412 12493 1
13078 12494 1
12458 12496 1
12496 12497 1
12498 12497 1
12458 12498 1
12895 12499 1
12500 12499 2
12496 12499 1
12378 12500 1
12437 12500 1
12424 12500 1
12458 12500 1
12502 12501 1
12496 12501 1
12458 12502 1
12463 12503 4
13578 12503 1
12344 12504 1
12342 12504 1
12546 12504 2
13028 12505 5
13086 12505 1
12507 12506 1
12398 12507 1
13398 12507 1
13056 12507 2
13481 12507 1
12361 12507 5
12352 12507 1
12448 12507 1
12836 12507 1
12507 12508 3
13411 12508 1
13689 12508 1
12506 12508 1
12412 12509 5
12327 12509 1
12464 12509 5
12510 12509 1
12512 12511 1
13350 12512 3
12649 12512 1
13582 12512 1
12512 12513 2
12648 12513 1
12511 12513 1
12311 12514 1
13688 12515 1
12514 12515 1
12728 12515 1
12681 12515 1
12894 12515 1
13062 12515 1
12770 12515 18
12765 12515 1
13840 12515 1
12677 12515 1
13185 12515 1
13496 12515 1
13205 12515 1
14025 12515 1
14068 12515 1
13767 12515 1
13756 12515 1
13466 12515 1
12518 12517 1
12549 12518 1
12518 12519 1
12517 12519 1
12520 12521 3
12996 12523 1
13015 12523 3
12659 12523 1
13028 12523 6
12570 12523 2
12522 12523 1
13209 12523 1
13059 12523 1
12440 12523 1
13020 12523 1
12686 12523 4
12998 12523 2
13480 12523 3
13436 12523 1
12808 12523 1
12525 12524 2
12526 12524 2
12524 12525 1
12327 12525 13
12327 12526 11
12327 12528 10
12528 12529 5
12327 12529 1
13138 12529 1
12412 12529 5
12378 12531 1
12378 12532 4
12531 12532 1
13932 12532 1
13914 12532 1
14022 12532 1
12631 12533 1
12534 12533 2
12412 12535 5
12461 12535 5
13031 12535 1
13032 12535 1
12327 12535 1
13030 12535 1
12537 12536 1
12371 12536 4
12541 12539 3
12540 12539 3
12306 12542 2
12631 12543 1
12544 12543 2
12546 12545 1
12463 12546 1
13575 12546 4
12345 12546 1
12615 12546 1
12676 12546 1
12344 12546 1
13483 12547 1
12308 12547 4
12737 12547 1
12545 12547 1
12545 12548 1
12549 12548 1
12395 12549 6
12546 12549 1
12522 12549 1
12453 12551 2
13893 12551 1
13638 12552 1
13508 12552 1
12553 12552 4
12551 12552 2
12549 12553 3
13506 12553 1
12611 12553 1
13033 12553 1
13405 12553 2
12394 12553 2
12560 12553 1
12453 12553 2
13464 12553 1
12373 12554 3
12314 12555 3
12329 12556 1
12558 12557 2
13646 12557 1
12344 12558 1
12969 12558 1
12715 12558 3
12344 12559 3
12939 12559 2
12557 12559 2
12314 12561 3
12306 12562 1
12562 12563 1
12542 12563 2
12938 12563 1
12363 12564 1
12922 12565 1
12371 12565 4
12567 12566 3
12570 12569 1
13028 12570 1
13014 12571 3
12523 12571 16
14021 12571 1
12687 12571 4
13886 12571 1
14027 12571 1
14046 12571 1
12569 12571 1
13435 12571 1
13479 12571 1
13361 12571 1
13715 12571 1
12949 12572 2
13710 12572 1
13120 12572 1
12325 12572 5
12344 12573 5
12572 12573 5
12750 12574 1
12575 12574 2
12576 12575 6
12578 12577 1
13807 12579 1
13230 12579 1
12871 12579 1
13382 12579 1
13305 12579 1
12721 12579 1
13984 12579 1
13164 12579 1
12664 12579 1
13124 12579 1
13063 12579 1
12577 12579 1
13176 12579 1
13240 12579 1
12395 12579 15
13355 12579 1
12577 12580 1
12487 12580 1
12487 12581 1
12577 12581 1
12583 12582 1
12371 12582 4
12431 12585 1
12585 12586 1
13562 12586 1
12431 12586 3
13788 12587 1
12692 12587 1
13833 12587 1
13850 12587 1
12586 12587 3
12431 12587 8
12587 12588 8
12433 12588 9
12588 12589 9
12435 12589 9
13850 12590 2
13833 12590 1
12586 12590 3
12431 12590 8
12692 12590 1
13788 12590 1
12629 12591 1
12343 12593 1
12773 12593 1
12592 12593 4
12345 12593 1
12463 12593 1
12775 12593 1
12397 12593 1
12401 12593 1
12462 12593 1
12467 12593 1
12595 12594 3
12704 12594 2
13296 12595 1
12594 12596 3
12595 12596 4
12595 12597 6
12596 12597 4
13430 12597 1
12595 12598 6
12597 12598 6
12602 12601 1
12601 12603 1
12602 12603 1
12601 12604 1
12605 12604 1
12602 12605 1
12607 12606 1
13379 12607 2
12631 12607 1
12609 12608 1
12606 12608 1
12607 12609 1
12611 12610 4
12610 12611 1
12521 12612 1
12612 12613 1
12614 12613 1
12521 12614 1
13762 12614 3
12343 12615 2
12462 12615 2
12401 12615 2
12397 12615 2
12374 12615 2
12546 12616 1
12398 12617 1
12546 12617 1
12395 12617 6
12395 12618 6
12311 12619 2
12395 12619 6
13593 12620 1
13152 12620 1
12395 12620 6
12395 12621 6
12398 12621 1
12395 12622 6
13746 12622 1
13158 12622 1
12560 12622 1
12872 12622 1
12735 12622 3
13226 12622 3
12996 12622 1
13674 12622 1
12395 12623 6
12665 12623 1
13720 12623 1
12395 12624 6
12398 12624 1
12925 12625 1
12395 12625 6
12387 12626 1
14069 12627 1
12747 12627 1
12387 12627 5
13428 12627 2
12626 12627 1
12491 12628 1
12631 12629 1
12630 12629 2
12965 12632 2
12631 12632 1
13270 12633 2
12631 12633 1
12631 12634 1
12970 12634 2
12631 12635 1
13584 12635 2
12631 12636 1
13281 12636 2
13585 12637 2
12631 12637 1
12631 12638 3
12932 12639 2
12631 12639 1
12631 12640 1
13404 12640 2
12631 12641 1
13830 12641 2
13081 12642 2
12631 12642 1
12698 12643 2
12631 12643 1
13432 12644 1
12466 12646 4
12412 12646 5
12649 12648 1
12314 12650 3
12363 12652 1
12652 12653 1
12440 12653 1
12652 12654 1
12440 12654 1
12652 12655 1
13291 12655 1
13400 12655 1
14063 12655 1
12368 12655 4
12459 12656 4
12642 12657 1
12659 12658 1
12342 12659 1
12344 12659 1
12345 12659 1
12675 12659 4
12676 12659 1
12528 12659 1
12456 12660 1
12933 12661 1
12770 12661 10
13444 12661 1
12660 12661 1
13591 12661 1
12794 12661 1
13721 12661 1
13911 12661 1
12789 12661 1
13998 12661 1
13108 12662 3
12770 12662 14
12669 12662 1
12661 12662 10
12773 12663 10
12661 12663 10
12665 12664 1
12639 12665 1
13807 12666 1
12721 12666 1
13157 12666 1
12395 12666 8
13176 12666 1
13240 12666 1
12664 12666 1
13230 12666 1
13305 12666 1
12623 12667 1
12664 12667 1
12664 12668 1
12623 12668 1
12670 12669 1
12371 12670 4
12830 12670 1
13066 12670 1
12412 12671 5
12672 12671 1
12470 12671 1
12343 12671 5
12990 12673 1
13547 12673 1
13548 12673 1
13348 12673 1
13549 12673 1
12600 12673 1
13552 12673 1
13551 12673 1
13223 12673 1
13550 12673 1
13553 12673 1
13497 12673 1
13137 12673 1
12412 12673 5
12525 12673 5
12401 12673 1
12675 12674 1
12371 12674 4
12546 12677 1
12319 12678 1
12680 12679 3
12682 12681 1
12401 12682 1
12463 12682 1
12343 12682 1
12457 12682 4
12681 12683 1
12682 12683 1
13853 12685 1
12686 12685 3
13772 12685 1
12560 12686 1
13268 12686 1
12685 12687 3
12523 12687 4
12327 12690 9
12431 12692 1
13788 12693 1
12431 12693 3
13115 12693 1
12692 12693 1
12692 12694 1
12431 12694 1
12696 12695 1
12461 12696 1
12753 12696 4
12401 12696 1
12462 12696 1
12343 12696 1
12482 12697 7
13034 12697 1
13297 12697 1
13382 12697 1
12695 12697 1
13984 12697 1
13589 12697 1
13329 12697 1
12473 12700 1
12371 12700 4
12346 12701 1
12417 12703 2
13678 12704 1
12595 12704 2
12595 12705 3
12704 12705 2
12705 12706 3
12595 12706 3
12704 12707 2
12595 12707 3
12707 12708 3
12595 12708 3
12704 12709 2
12595 12709 2
12595 12710 2
12704 12710 2
12363 12711 2
12992 12711 2
12713 12712 1
12583 12713 4
12463 12713 1
12464 12713 1
12775 12713 1
12715 12714 1
12397 12715 1
13271 12715 4
14030 12715 1
12717 12716 1
12714 12716 1
12715 12717 1
12719 12718 4
12493 12721 1
13124 12722 1
13157 12722 1
12395 12722 6
14084 12722 1
12871 12722 1
14077 12722 1
12721 12722 1
12721 12723 1
12395 12723 1
12395 12724 1
12721 12724 1
12726 12725 3
12424 12727 1
12311 12728 1
12525 12730 1
12729 12730 4
12526 12730 1
12773 12730 1
12457 12731 1
12371 12731 4
12733 12732 1
13560 12734 1
12735 12734 3
12732 12734 1
12733 12735 2
13124 12736 1
12734 12736 3
13673 12736 1
13157 12736 1
13225 12736 3
12622 12736 9
12738 12737 1
12922 12738 4
12969 12738 1
12344 12738 1
12408 12739 1
12737 12739 1
12408 12740 1
12737 12740 1
12742 12741 1
12412 12742 5
13321 12742 1
13031 12742 1
12462 12742 5
13602 12743 2
12325 12743 3
12743 12744 3
12345 12744 3
12986 12745 1
12412 12745 5
12990 12745 1
12989 12745 1
12773 12745 1
12968 12745 1
12985 12745 1
12988 12745 1
12525 12745 1
12984 12745 1
12647 12745 1
12746 12745 1
12526 12745 5
12457 12745 1
12987 12745 1
12387 12747 1
12748 12749 4
12576 12750 3
12750 12751 1
12575 12751 2
12575 12752 2
12750 12752 1
12371 12755 4
12756 12755 1
12346 12757 1
12363 12758 1
12760 12759 3
12718 12762 1
12761 12762 3
12764 12763 1
12972 12763 2
13100 12763 1
12766 12765 2
12343 12766 1
12645 12766 4
12465 12766 1
12690 12766 1
12462 12766 1
12401 12766 1
12463 12766 1
12400 12766 1
12962 12766 1
12460 12766 1
12775 12766 1
12467 12766 1
12402 12766 1
12459 12766 1
13185 12767 1
13354 12767 2
14029 12767 1
13599 12767 1
13688 12767 1
13380 12767 1
12490 12767 1
12757 12767 1
13227 12767 1
12677 12767 1
13576 12767 1
13338 12767 1
14041 12767 1
13282 12767 1
13205 12767 1
13893 12767 1
12768 12767 45
13723 12767 1
13908 12767 1
12943 12767 1
12681 12767 1
13787 12767 1
13829 12767 1
13526 12767 1
12712 12767 1
14005 12767 1
13353 12767 1
13840 12767 1
13198 12767 1
13486 12767 1
13145 12767 1
13767 12767 1
12765 12767 2
12475 12767 1
14083 12767 1
13870 12767 2
13834 12767 1
13048 12767 1
13378 12767 1
12628 12767 1
14025 12767 1
13135 12767 1
12701 12767 1
12713 12768 2
13107 12768 1
12491 12768 6
12546 12768 2
12766 12768 2
13577 12768 3
12458 12768 3
12476 12768 6
13045 12768 2
12329 12768 4
12682 12768 2
13013 12768 1
12346 12768 5
13206 12768 3
12831 12768 6
12593 12768 2
12770 12769 14
13599 12769 1
13941 12769 1
13918 12769 1
13600 12769 1
12894 12769 1
12514 12769 1
13145 12769 1
12961 12769 1
13437 12769 1
12765 12769 2
13507 12769 1
12318 12769 1
12700 12770 6
12659 12770 4
13577 12770 3
12766 12770 2
13045 12770 2
12456 12770 1
12491 12770 6
12476 12770 6
12474 12770 4
12546 12770 2
13013 12770 1
12311 12770 10
12831 12770 5
12319 12770 4
13206 12770 3
13107 12770 1
12458 12770 2
12329 12770 3
12682 12770 2
12670 12770 3
12346 12770 5
12713 12770 2
12529 12770 2
13145 12771 1
13048 12771 1
12769 12771 14
12765 12771 2
13380 12771 1
12770 12771 56
12658 12771 1
13870 12771 2
13255 12771 1
13941 12771 1
13958 12771 1
13934 12771 1
13354 12771 2
13849 12771 1
13290 12771 1
12330 12771 31
12771 12772 56
12773 12772 56
12327 12773 14
12770 12773 71
12769 12774 14
12775 12774 14
12770 12775 14
12700 12789 1
12371 12790 4
13119 12790 1
12773 12791 1
12676 12791 4
12344 12791 1
12775 12791 1
12345 12791 1
12343 12793 1
12792 12793 4
12962 12793 1
12401 12793 1
12460 12793 1
12462 12793 1
12700 12794 1
12796 12795 1
12794 12795 1
12713 12796 1
12801 12796 1
13022 12796 1
12700 12796 1
12474 12796 2
12796 12797 1
12794 12797 1
12796 12798 1
12794 12798 1
12801 12800 1
13320 12801 1
12775 12801 4
12995 12801 1
12800 12802 1
12803 12802 1
12801 12803 1
12424 12804 1
12645 12805 1
12371 12805 4
12363 12806 1
12808 12807 1
12806 12807 1
12363 12808 1
12808 12809 1
12806 12809 1
12808 12810 1
12806 12810 1
12808 12811 1
12806 12811 1
14104 12812 1
13416 12812 1
12806 12812 1
13663 12812 1
12365 12812 4
13020 12814 1
13021 12814 1
13019 12814 1
12342 12815 5
13896 12815 1
12412 12815 5
12818 12817 3
12327 12821 6
13047 12822 1
12412 12822 5
12821 12822 5
12406 12823 1
12408 12824 1
12823 12824 1
12408 12825 1
12823 12825 1
12359 12826 1
12442 12827 1
12399 12828 1
12487 12829 7
13626 12829 1
13359 12829 1
13614 12829 1
13298 12829 1
13613 12829 1
12871 12829 1
12828 12829 1
12830 12831 4
13066 12831 1
12344 12831 1
12773 12831 1
12345 12831 1
12314 12832 3
12411 12833 1
13076 12835 2
12834 12835 1
12465 12836 1
12835 12836 1
12466 12836 1
12467 12836 1
13023 12836 2
12835 12837 1
13075 12837 2
12839 12837 4
13324 12838 2
12839 12838 4
12835 12838 1
13605 12839 3
12841 12840 1
12442 12842 1
13916 12843 1
13474 12843 1
13402 12843 1
14080 12843 1
12895 12843 1
14072 12843 1
12842 12843 1
13305 12843 1
12395 12843 11
12871 12843 1
13355 12843 1
13230 12843 1
12845 12844 2
13474 12844 1
12842 12844 1
12593 12845 1
12442 12845 2
14072 12846 1
13305 12846 1
13916 12846 1
12395 12846 7
12895 12846 1
14080 12846 1
13355 12846 1
12842 12846 1
12845 12847 1
12842 12847 1
13355 12848 1
12842 12848 1
13402 12848 1
12395 12848 4
12871 12848 1
12845 12849 2
12842 12849 1
13474 12849 1
13474 12850 1
12845 12850 2
12842 12850 1
12842 12851 1
12845 12851 1
14080 12852 1
13305 12852 1
13355 12852 1
13836 12852 1
12871 12852 1
12395 12852 10
13164 12852 1
14072 12852 1
13382 12852 1
12842 12852 1
12895 12852 1
12845 12853 1
12842 12853 1
12845 12854 2
12842 12854 1
13474 12854 1
12442 12855 1
12842 12855 1
12842 12856 1
12845 12856 2
13474 12856 1
12442 12857 1
12842 12857 1
13474 12858 1
12845 12858 2
12842 12858 1
12842 12859 1
12442 12859 1
12845 12860 2
13474 12860 1
12842 12860 1
12442 12861 1
12842 12861 1
12842 12862 1
12845 12862 2
13474 12862 1
12842 12863 1
12442 12863 1
13474 12864 1
12842 12864 1
12845 12864 2
12842 12865 1
12442 12865 1
12845 12866 2
12842 12866 1
13474 12866 1
12442 12867 1
12842 12867 1
13474 12868 1
12845 12868 2
12842 12868 1
12870 12869 3
12872 12871 1
13355 12873 1
12871 12873 1
12622 12873 2
13983 12874 1
13406 12874 1
12487 12874 3
12871 12874 1
13355 12875 1
12622 12875 2
12871 12875 1
13355 12876 1
12622 12876 2
12871 12876 1
12878 12877 1
12871 12877 1
12872 12878 1
12871 12879 1
12878 12879 1
12878 12880 1
12871 12880 1
12878 12881 1
12871 12881 1
12871 12882 1
12878 12882 1
12871 12883 1
13355 12883 1
12622 12883 2
12622 12884 2
12871 12884 1
13355 12884 1
12314 12886 3
12363 12887 1
12887 12888 1
12368 12888 1
12549 12889 1
12889 12890 1
12518 12890 1
12892 12891 1
12889 12891 1
12549 12892 1
12535 12893 1
12311 12894 1
12500 12895 1
12487 12896 2
12895 12896 1
13305 12896 1
12500 12897 1
12895 12897 1
12895 12898 1
12500 12898 1
12895 12899 1
12487 12899 2
13305 12899 1
12956 12900 1
13914 12900 1
12895 12900 1
12500 12900 3
12956 12901 1
12957 12901 1
12895 12901 1
13914 12901 1
12500 12901 4
12895 12902 1
12487 12902 2
13305 12902 1
12895 12903 1
12500 12903 1
12895 12904 1
13305 12904 1
12487 12904 2
12895 12905 1
12956 12905 1
12500 12905 4
13914 12905 1
12957 12905 1
12895 12906 1
12487 12906 1
12895 12907 1
12500 12907 1
12895 12908 1
12487 12908 1
12895 12909 1
12500 12909 1
12895 12910 1
12487 12910 1
12500 12911 1
12895 12911 1
12895 12912 1
12487 12912 1
12895 12913 1
12500 12913 1
12895 12914 1
13305 12914 1
12487 12914 2
13914 12915 1
12957 12915 1
12956 12915 1
12895 12915 1
12500 12915 5
14012 12915 1
12895 12916 1
13305 12916 1
12487 12916 2
12895 12917 1
12500 12917 1
12352 12918 1
12918 12919 1
12442 12919 1
12920 12921 4
12345 12921 1
12745 12923 2
13422 12923 1
12625 12924 1
12641 12925 1
12625 12925 1
12363 12927 1
12927 12928 1
12368 12928 1
12305 12930 1
12422 12930 1
12371 12930 4
12344 12931 1
12345 12931 1
12342 12931 1
12700 12933 1
12308 12934 4
12306 12938 1
12558 12939 2
13646 12939 1
12611 12940 1
12940 12941 1
12611 12941 2
13813 12941 1
13260 12942 2
12940 12942 1
12553 12942 4
13907 12942 1
12346 12943 1
12314 12944 3
13456 12945 1
12634 12946 1
12946 12947 1
12948 12947 1
12634 12948 1
13601 12949 1
12950 12949 2
12349 12950 1
12949 12951 2
12341 12951 3
13710 12951 1
12952 12953 3
12920 12955 1
12371 12955 4
12437 12956 2
12424 12957 2
12354 12958 1
12354 12959 1
12958 12959 1
12321 12960 4
12311 12961 1
12314 12963 3
12354 12964 1
12593 12966 1
12529 12967 1
12558 12969 1
12972 12971 1
13099 12972 4
12763 12973 3
13900 12973 1
12971 12973 1
14112 12973 1
12763 12974 3
12971 12974 1
13900 12974 1
12480 12975 3
12974 12975 3
12412 12976 1
12493 12977 1
12976 12977 1
12733 12978 1
12715 12979 2
12979 12980 1
12558 12980 2
12980 12981 2
12344 12981 2
12979 12982 2
12558 12982 3
12344 12983 3
12982 12983 3
12992 12991 1
12345 12992 1
12422 12992 4
12991 12993 1
12994 12993 1
12992 12994 1
12640 12996 1
13901 12997 1
12998 12997 2
13071 12998 1
12363 12998 2
13713 12999 1
13940 12999 1
13557 12999 1
14103 12999 1
13434 12999 1
13323 12999 1
12997 12999 2
13381 12999 1
13761 12999 1
14027 12999 1
12523 12999 15
13049 12999 1
13068 12999 3
12935 13000 3
13755 13002 1
12822 13004 1
12773 13005 5
13280 13005 1
12412 13005 5
13805 13005 1
12527 13006 1
12412 13006 5
13009 13006 5
12460 13007 5
13514 13007 1
12412 13007 5
12412 13008 5
13763 13008 1
12690 13008 5
12327 13009 6
12314 13010 3
13013 13012 1
12345 13013 1
13488 13013 4
12397 13013 1
13015 13014 3
14067 13014 1
13012 13014 1
13013 13015 2
12363 13015 2
13015 13016 1
13012 13016 1
12474 13022 2
13076 13023 2
13028 13027 1
12659 13028 1
12696 13034 1
12314 13035 3
14001 13036 1
12822 13037 1
12837 13039 1
13041 13040 3
14044 13040 1
13039 13040 1
13732 13040 1
12838 13041 1
12837 13041 1
12836 13041 1
12465 13042 4
13044 13043 2
13603 13043 1
12457 13045 1
12985 13045 4
12343 13045 1
12524 13045 1
12525 13045 1
12345 13045 1
13086 13046 1
12831 13048 1
12808 13049 1
12593 13051 1
12845 13052 1
13051 13052 1
13051 13053 1
12845 13053 1
12467 13056 4
12397 13056 1
13463 13056 1
12642 13057 1
12657 13058 1
13057 13058 1
12962 13061 4
13500 13061 1
12311 13062 1
12635 13063 1
13063 13064 1
13065 13064 1
12635 13065 1
13715 13067 1
13028 13067 2
13028 13068 3
13067 13068 2
13365 13069 1
13068 13069 3
13261 13069 2
12505 13069 6
12345 13071 1
13070 13071 4
12378 13072 1
13869 13073 1
13986 13073 1
13072 13073 1
12341 13073 3
13076 13075 2
12345 13078 1
13080 13079 3
13086 13085 1
13461 13086 4
13367 13086 1
13371 13086 1
13088 13087 1
13085 13087 1
13086 13088 1
13085 13089 1
13088 13089 1
13085 13090 1
13086 13090 1
13088 13091 1
13085 13091 1
13086 13092 1
13085 13092 1
13088 13093 1
13085 13093 1
13086 13094 1
13085 13094 1
13088 13095 1
13085 13095 1
13085 13096 1
13086 13096 1
12314 13097 3
13099 13100 4
12363 13101 1
13687 13102 1
13538 13102 1
13978 13102 1
13118 13102 1
13912 13102 1
13427 13102 1
13677 13102 1
13309 13102 1
13101 13102 1
13930 13102 1
12368 13102 12
13962 13102 1
14078 13102 1
12935 13103 3
12742 13104 1
12442 13105 3
13240 13105 1
13104 13105 1
13382 13105 1
13107 13106 1
12770 13108 3
14042 13108 1
13106 13108 1
12773 13109 3
13108 13109 3
14042 13110 1
13106 13110 1
12768 13110 2
12321 13111 1
13111 13112 1
13113 13112 1
12321 13113 1
12560 13114 1
13746 13114 1
12431 13115 1
12437 13116 1
13116 13117 1
12437 13117 2
12956 13117 1
12363 13118 1
12950 13120 1
13465 13121 1
13120 13121 1
12341 13121 2
12507 13122 1
13965 13123 1
13122 13123 1
12321 13123 3
13156 13123 1
12996 13124 1
13157 13125 1
12622 13125 2
13124 13125 1
12523 13126 2
13124 13126 1
13126 13127 2
13128 13127 2
12523 13128 2
12442 13129 2
13240 13129 1
13124 13129 1
13124 13130 1
13673 13130 1
12622 13130 2
13132 13131 1
13124 13131 1
12996 13132 1
12560 13132 1
12354 13133 1
13133 13134 1
13678 13134 1
12354 13134 2
13045 13135 1
12417 13136 1
12329 13140 1
13140 13141 1
13142 13141 1
13704 13142 1
12329 13142 1
13140 13143 1
13142 13143 1
12713 13145 1
13145 13146 1
13764 13146 1
13147 13146 2
14007 13147 1
12329 13147 1
12713 13147 1
13145 13148 1
13255 13148 1
12796 13148 4
13749 13148 1
14000 13148 1
13145 13149 1
13466 13149 1
12770 13149 3
13149 13150 3
12773 13150 3
13152 13151 1
13145 13151 1
12713 13152 1
12533 13152 1
13145 13153 1
13152 13153 1
13152 13154 1
13145 13154 1
12437 13155 1
13042 13156 1
13158 13157 1
13157 13159 1
12622 13159 1
12622 13160 2
13673 13160 1
13157 13160 1
12622 13161 2
13673 13161 1
13157 13161 1
12742 13162 1
12453 13164 1
13164 13165 1
12482 13165 2
13382 13165 1
13164 13166 1
12453 13166 1
14012 13167 1
13382 13167 1
12482 13167 3
13164 13167 1
13164 13168 1
12453 13168 1
13836 13169 1
14012 13169 1
13164 13169 1
12482 13169 3
12985 13170 1
12371 13170 4
13171 13172 1
13171 13173 1
13171 13174 1
13152 13176 1
13176 13177 1
13152 13177 1
13176 13178 1
13152 13178 1
13152 13179 1
13176 13179 1
13176 13180 1
12620 13180 1
13152 13181 1
13176 13181 1
13152 13182 1
13176 13182 1
13083 13183 1
12345 13184 1
13183 13184 1
12546 13185 1
12363 13186 1
13219 13187 1
13186 13187 1
12998 13187 2
12998 13188 2
13219 13188 1
13186 13188 1
12998 13189 2
13219 13189 1
13186 13189 1
13186 13190 1
12998 13190 2
13219 13190 1
13186 13191 1
12998 13191 2
13219 13191 1
13219 13192 1
12998 13192 2
13186 13192 1
13219 13193 1
13186 13193 1
12998 13193 2
12998 13194 2
13219 13194 1
13186 13194 1
13219 13195 1
13186 13195 1
12998 13195 2
12998 13196 2
13186 13196 1
13219 13196 1
13186 13197 1
13219 13197 1
12998 13197 2
12458 13198 1
13200 13199 1
13198 13199 1
12458 13200 1
13198 13201 1
13200 13201 1
13200 13202 1
13198 13202 1
13198 13203 1
13200 13203 1
13198 13204 1
12768 13204 2
13378 13204 1
13206 13205 1
12537 13206 4
12345 13206 1
12397 13206 1
12380 13206 1
12363 13207 1
13209 13208 2
13416 13208 1
13207 13208 1
12363 13209 2
13207 13210 1
13209 13210 1
13207 13211 1
13416 13211 1
13209 13211 2
13209 13212 1
13207 13212 1
13207 13213 1
12368 13213 3
13611 13213 1
13343 13213 1
13660 13215 1
13119 13216 4
12345 13216 1
12363 13219 1
13219 13220 1
12998 13220 1
12533 13221 1
13152 13222 1
13221 13222 1
12733 13224 1
13336 13225 1
13226 13225 3
13224 13225 1
12733 13226 2
12476 13227 1
12733 13228 1
13228 13229 1
12341 13229 1
12625 13230 1
13230 13231 1
12925 13231 1
13230 13232 1
12925 13232 1
13230 13233 1
12925 13233 1
13230 13234 1
12925 13234 1
13230 13235 1
12925 13235 1
12625 13236 2
13230 13236 1
14072 13236 1
13230 13237 1
12625 13237 1
13230 13238 1
12925 13238 1
12845 13240 1
12845 13241 1
13240 13241 1
13240 13242 1
12442 13242 1
12442 13243 1
13240 13243 1
13240 13244 1
12442 13244 1
12442 13245 1
13240 13245 1
12442 13246 1
13240 13246 1
13240 13247 1
12442 13247 1
13240 13248 1
12442 13248 1
12442 13249 1
13240 13249 1
13240 13250 1
12442 13250 1
12570 13251 1
13251 13252 1
12570 13252 1
13251 13253 1
13361 13253 1
12570 13253 2
13251 13254 1
13361 13254 1
12570 13254 2
12474 13255 1
13255 13256 1
13257 13256 1
12474 13257 1
12796 13258 3
13749 13258 1
13255 13258 1
14000 13258 1
13255 13259 1
14000 13259 1
13749 13259 1
12796 13259 3
13496 13260 1
12394 13260 2
13028 13261 2
13640 13261 1
13261 13262 2
13263 13262 2
13364 13263 3
13028 13263 2
13261 13264 2
13263 13264 2
13263 13265 2
13261 13265 2
13261 13266 2
13263 13266 2
13261 13267 2
13263 13267 2
12686 13268 4
12541 13273 3
12540 13273 3
12400 13274 1
12371 13274 4
12835 13276 1
12835 13277 1
12835 13278 1
12371 13279 4
12592 13279 1
12476 13282 1
12543 13284 1
12535 13285 1
13086 13286 1
13046 13287 1
13286 13287 1
13286 13288 1
13046 13288 1
12509 13289 1
12659 13290 1
12363 13291 1
12711 13292 2
13291 13292 1
14047 13292 1
13291 13293 1
14047 13293 1
12711 13293 2
14047 13294 1
12711 13294 2
13291 13294 1
14047 13295 1
13291 13295 1
12711 13295 2
12696 13297 1
12352 13298 1
13329 13299 1
13604 13299 1
12387 13299 12
13890 13299 1
13298 13299 1
13411 13299 1
13613 13299 1
13359 13299 1
13589 13299 1
13517 13299 1
13626 13299 1
13614 13299 1
14095 13299 1
12341 13300 1
13298 13300 1
12476 13301 1
13301 13302 1
13303 13302 1
12476 13303 1
13791 13304 1
12453 13305 1
13931 13306 1
13650 13306 1
12817 13308 1
12363 13309 1
12643 13311 1
13313 13312 1
13311 13312 1
12643 13313 1
13078 13314 1
13314 13315 1
12345 13315 1
12494 13316 2
13314 13316 1
12494 13317 2
13316 13317 2
13319 13318 4
13020 13323 1
13076 13324 2
12750 13325 1
12750 13326 1
12750 13327 1
12352 13329 1
12376 13331 1
13331 13332 1
12376 13332 1
12593 13333 1
12733 13336 1
12363 13337 1
12491 13338 1
12371 13339 4
12688 13339 1
13341 13340 3
13100 13340 1
13342 13340 3
12972 13340 1
12363 13343 1
13015 13344 1
13343 13344 1
14104 13345 1
13343 13345 1
13015 13345 2
13015 13346 1
13343 13346 1
13343 13347 1
13015 13347 1
12593 13349 1
12593 13352 1
12831 13353 1
12831 13354 2
12560 13355 1
13382 13356 1
12395 13356 3
14072 13356 1
13355 13356 1
12622 13357 1
13355 13357 1
12622 13358 1
13355 13358 1
12352 13359 1
13028 13361 1
13652 13362 1
13308 13362 2
12345 13363 2
13362 13363 2
13086 13365 1
13365 13366 1
13367 13366 1
13086 13367 1
13367 13368 1
13365 13368 1
13367 13369 1
13365 13369 1
13371 13370 1
13365 13370 1
13086 13371 1
13365 13372 1
13371 13372 1
13371 13373 1
13365 13373 1
13371 13374 1
13365 13374 1
13365 13375 1
13371 13375 1
12925 13376 1
12535 13377 1
12329 13378 1
12831 13380 1
12523 13381 1
12481 13382 1
12482 13383 1
13382 13383 1
13836 13384 1
12482 13384 2
13382 13384 1
12481 13385 1
13382 13385 1
12481 13386 1
13382 13386 1
12481 13387 1
13382 13387 1
13382 13388 1
12481 13388 1
13382 13389 1
12482 13389 2
13745 13389 1
13382 13390 1
12482 13390 1
12481 13391 1
13382 13391 1
12487 13392 1
13382 13392 1
12482 13393 1
13382 13393 1
13382 13394 1
12482 13394 2
13919 13394 1
13382 13395 1
12482 13395 1
12482 13396 2
13984 13396 1
13382 13396 1
12482 13397 1
13382 13397 1
12689 13399 4
12413 13399 1
12363 13400 1
12619 13401 2
14006 13401 1
13006 13402 1
12702 13406 1
13406 13407 1
13408 13407 2
13983 13407 1
12343 13408 1
12702 13408 2
13488 13409 1
12371 13409 4
12352 13411 1
13411 13412 1
12507 13412 2
13689 13412 1
12745 13413 1
12923 13414 3
13413 13414 1
13421 13414 1
14096 13414 1
12923 13415 3
14096 13415 1
13421 13415 1
13413 13415 1
12363 13416 1
13209 13417 1
13416 13417 1
13416 13418 1
13209 13418 1
12371 13419 4
13070 13419 1
13422 13421 1
12632 13422 1
12923 13423 1
13421 13423 1
14096 13424 1
12923 13424 2
13421 13424 1
13421 13425 1
14096 13425 1
12923 13425 2
12923 13426 1
13421 13426 1
12363 13427 1
12387 13428 2
12595 13430 1
12593 13433 1
12440 13434 1
13436 13435 1
12529 13437 1
13439 13438 3
13441 13440 1
12748 13441 1
12371 13441 4
14111 13442 1
13571 13442 1
13443 13442 3
13440 13442 1
13441 13443 3
12700 13444 1
12359 13446 1
13449 13448 1
12312 13449 1
12397 13449 1
12402 13449 4
13451 13450 2
13448 13450 1
13449 13451 1
13450 13452 2
13451 13452 2
12424 13453 1
12745 13454 1
13454 13455 1
13649 13455 1
13456 13455 2
12745 13456 2
13454 13457 1
13456 13457 1
13456 13458 1
13454 13458 1
13454 13459 1
13456 13459 1
12770 13462 2
13998 13462 1
12437 13465 1
12311 13466 1
13468 13467 1
13466 13467 1
12311 13468 1
13466 13469 1
13468 13469 1
12619 13470 1
13466 13470 1
12339 13471 1
12442 13474 1
12657 13475 1
13475 13476 1
12657 13476 1
13475 13477 1
12657 13477 1
13284 13478 1
13741 13478 1
13480 13479 1
12363 13480 1
12437 13482 1
12424 13482 1
12378 13482 1
12831 13483 1
12334 13484 1
12451 13485 1
13484 13485 1
12593 13486 1
13409 13488 1
13490 13489 1
13922 13490 3
13490 13491 1
13489 13491 1
12376 13492 1
13489 13492 1
12311 13496 1
13499 13498 3
12549 13501 1
13501 13502 1
12549 13502 3
13713 13502 1
12553 13503 3
13502 13503 3
12329 13504 2
13504 13505 2
14087 13505 1
12768 13505 3
12311 13507 1
13033 13508 1
13508 13509 1
12553 13509 1
13042 13510 1
13042 13511 1
13510 13511 1
12791 13512 1
13637 13513 1
13574 13513 1
12791 13513 4
13512 13513 1
13651 13513 1
12314 13515 3
12319 13516 1
12352 13517 1
12323 13518 1
13518 13519 1
12341 13519 1
12992 13520 1
12711 13521 2
13558 13521 1
13520 13521 1
13113 13522 1
13522 13523 1
12321 13523 1
13522 13524 1
12321 13524 1
12321 13525 1
13522 13525 1
13045 13526 1
12437 13527 1
13008 13528 1
13530 13529 1
13364 13530 3
13529 13531 1
13530 13531 1
13533 13532 1
14011 13533 1
13532 13534 1
13533 13534 1
12392 13536 1
13536 13537 1
12392 13537 1
12363 13538 1
13540 13539 1
12348 13541 1
13539 13541 1
12363 13542 1
13542 13543 1
12368 13543 1
12417 13554 1
13554 13555 1
12417 13555 1
12703 13556 1
13804 13556 1
13554 13556 1
12417 13556 3
12686 13557 1
12992 13558 1
12838 13559 1
12836 13559 1
12733 13560 1
12431 13562 1
12323 13564 2
13828 13564 1
12341 13565 2
13564 13565 2
12831 13566 1
13566 13567 1
12365 13567 1
12387 13568 1
14092 13569 1
12387 13569 2
13568 13569 1
12424 13570 1
13441 13571 1
12345 13572 1
13573 13572 4
12791 13574 1
13577 13576 1
12775 13577 1
12691 13577 4
12690 13577 1
12463 13577 1
12640 13579 1
12996 13580 1
13579 13580 1
13582 13581 1
12512 13583 1
13581 13583 1
12399 13586 1
12399 13587 1
13586 13587 1
12352 13589 1
13008 13590 1
12700 13591 1
12314 13592 3
12956 13594 1
12957 13594 1
12487 13594 3
13914 13594 1
13596 13595 3
12956 13595 1
13914 13595 1
12957 13595 1
12378 13596 1
12424 13596 1
12437 13596 1
12956 13597 1
13914 13597 1
12957 13597 1
13482 13597 3
13577 13599 1
12529 13600 1
12349 13601 1
12950 13602 2
13601 13602 1
12352 13604 1
12730 13607 1
13607 13608 1
13609 13608 1
12730 13609 1
13607 13610 1
13609 13610 1
12363 13611 1
12352 13613 1
12352 13614 1
13042 13615 1
12363 13616 1
13616 13617 1
12336 13617 1
12336 13618 1
13616 13618 1
13616 13619 1
12336 13619 2
14063 13619 1
13616 13620 1
12336 13620 2
14063 13620 1
12336 13621 1
13616 13621 1
14063 13622 1
13616 13622 1
12336 13622 2
12336 13623 2
14063 13623 1
13616 13623 1
12636 13624 1
12359 13625 1
12352 13626 1
13449 13627 1
13627 13628 1
13629 13628 1
13449 13629 1
13627 13630 1
13629 13630 1
13629 13631 1
13627 13631 1
13627 13632 1
13629 13632 1
13629 13633 1
13627 13633 1
13627 13634 1
13629 13634 1
13627 13635 1
13629 13635 1
13629 13636 1
13627 13636 1
12791 13637 1
12560 13638 1
12841 13639 1
13028 13640 1
12319 13641 1
13641 13642 1
12429 13642 1
13641 13643 1
12429 13643 1
12480 13644 1
13644 13645 1
12480 13645 1
12715 13646 2
12715 13647 2
13646 13647 2
12745 13649 1
12791 13651 1
12817 13652 1
12394 13653 2
13897 13653 1
14112 13654 1
12763 13654 2
12763 13655 2
13654 13655 2
12339 13656 1
12341 13657 1
13656 13657 1
12394 13658 2
13656 13658 1
13897 13658 1
13660 13659 1
12371 13660 4
13659 13661 1
13215 13661 1
12363 13663 1
13480 13664 1
13663 13664 1
13663 13665 1
13480 13665 1
13663 13666 1
13480 13666 1
13480 13667 1
13663 13667 1
13480 13668 1
13663 13668 1
13480 13669 1
13663 13669 1
13480 13670 1
13663 13670 1
13663 13671 1
13480 13671 1
13674 13673 1
12637 13674 1
12363 13677 1
12595 13678 1
12354 13679 1
13678 13679 1
12354 13680 1
13678 13680 1
12354 13681 1
13678 13681 1
13678 13682 1
12354 13682 1
13079 13684 1
12376 13685 1
13684 13685 1
12474 13686 1
12363 13687 1
13206 13688 1
13056 13689 1
13689 13690 1
13691 13690 1
13056 13691 1
12448 13691 1
13398 13691 1
13689 13692 1
13691 13692 1
13689 13693 1
12507 13693 1
13691 13694 1
13689 13694 1
13691 13695 1
13689 13695 1
13691 13696 1
13689 13696 1
13689 13697 1
12507 13697 1
13409 13698 1
13488 13699 1
13698 13699 1
14010 13701 1
13702 13701 2
13704 13703 1
13410 13704 1
12371 13704 4
13575 13704 1
13703 13705 1
13142 13705 1
12323 13706 1
12341 13707 1
13706 13707 1
12950 13710 1
12522 13713 1
12659 13715 1
12831 13717 1
12314 13718 3
12424 13719 1
12700 13721 1
12329 13722 1
12476 13723 1
12535 13724 1
13731 13725 1
12593 13728 1
12745 13729 1
12836 13732 1
13559 13733 1
13732 13733 1
13559 13734 1
13732 13734 1
13732 13735 1
12507 13735 1
12507 13736 1
13732 13736 1
13559 13737 1
13732 13737 1
12633 13739 1
13741 13740 1
13478 13742 1
13740 13742 1
13478 13743 1
13740 13743 1
12753 13744 1
12371 13744 4
13746 13745 1
12363 13747 1
12368 13748 1
13747 13748 1
13022 13749 1
13749 13750 1
12796 13750 1
12524 13751 1
13751 13752 1
12525 13752 1
12334 13753 1
12319 13754 1
12311 13756 1
12359 13757 1
13007 13758 1
12570 13761 1
12329 13764 1
13007 13765 1
12363 13766 1
13013 13767 1
13767 13768 1
13013 13768 1
13767 13769 1
13013 13769 1
13013 13770 1
13767 13770 1
12363 13771 1
12560 13772 1
13132 13773 1
13772 13773 1
13772 13774 1
13853 13774 1
12686 13774 2
13772 13775 1
13132 13775 1
13853 13776 1
13772 13776 1
12686 13776 2
13132 13777 1
13772 13777 1
13772 13778 1
12686 13778 2
13853 13778 1
13772 13779 1
13132 13779 1
12686 13780 2
13772 13780 1
13853 13780 1
13772 13781 1
13132 13781 1
13772 13782 1
13132 13782 1
13836 13783 1
13114 13783 2
13772 13783 1
13853 13784 1
12686 13784 2
13772 13784 1
13772 13785 1
12686 13785 1
13132 13786 1
13772 13786 1
13577 13787 1
12431 13788 1
12323 13789 1
13789 13790 1
12341 13790 1
12371 13791 4
12729 13791 1
13074 13792 1
12371 13792 4
12347 13793 1
12371 13793 4
12371 13794 4
13175 13794 1
13573 13795 1
12371 13795 4
12691 13796 1
12371 13796 4
12371 13797 4
12792 13797 1
12546 13798 1
14086 13799 1
12504 13799 2
13798 13799 1
12616 13800 1
13798 13800 1
13798 13801 1
12616 13801 1
12387 13802 1
12387 13803 1
13802 13803 1
12417 13804 2
12437 13806 1
12948 13807 1
13807 13808 1
12948 13808 1
12948 13809 1
13807 13809 1
12948 13810 1
13807 13810 1
12948 13811 1
13807 13811 1
12610 13813 1
12611 13814 1
13813 13814 1
13813 13815 1
12611 13815 1
12611 13816 1
13813 13816 1
13813 13817 1
12611 13817 1
13813 13818 1
12611 13818 1
13813 13819 1
12611 13819 1
13813 13820 1
12611 13820 1
13813 13821 1
12611 13821 1
13813 13822 1
12611 13822 1
12611 13823 1
13813 13823 1
12611 13824 1
13813 13824 1
12593 13825 1
12350 13828 1
12491 13829 1
12696 13831 1
12431 13833 1
12346 13834 1
12329 13835 1
13746 13836 1
14012 13837 1
13836 13837 1
12482 13837 2
13746 13838 1
13836 13838 1
13836 13839 1
12622 13839 1
13206 13840 1
12633 13843 1
13739 13844 1
13843 13844 1
12558 13845 1
12969 13846 1
13845 13846 1
12636 13847 1
13847 13848 1
13624 13848 1
12659 13849 1
12431 13850 2
12509 13851 1
13268 13853 1
13853 13854 1
12686 13854 1
13853 13855 1
12686 13855 1
12686 13856 1
13853 13856 1
13853 13857 1
12686 13857 1
13853 13858 1
12686 13858 1
12686 13859 1
13853 13859 1
12686 13860 1
13853 13860 1
13853 13861 1
12686 13861 1
13853 13862 1
12686 13862 1
13853 13863 1
12686 13863 1
12686 13864 1
13853 13864 1
13853 13865 1
12686 13865 1
12686 13866 1
13853 13866 1
12378 13869 1
12458 13870 2
13056 13871 1
12543 13872 1
13284 13873 1
13872 13873 1
12733 13874 1
13874 13875 1
12341 13875 1
12314 13877 3
12329 13878 1
13881 13880 1
13880 13882 1
13881 13882 1
13868 13884 1
13868 13885 1
13884 13885 1
13209 13886 1
12629 13887 1
12591 13888 1
13887 13888 1
12352 13890 1
12641 13891 1
12925 13892 1
13891 13892 1
12593 13893 1
13893 13894 1
12453 13894 1
13893 13895 1
12453 13895 1
12339 13897 1
13897 13898 1
12341 13898 1
13897 13899 1
12394 13899 1
13100 13900 1
13071 13901 1
13901 13902 1
12998 13902 1
13100 13903 1
13903 13904 1
12349 13904 1
13903 13905 1
12349 13905 1
13903 13906 1
12349 13906 1
13464 13907 1
12346 13908 1
12363 13909 1
12670 13911 1
12363 13912 1
12766 13913 1
12378 13914 2
13593 13916 1
13916 13917 1
12620 13917 1
12319 13918 1
12742 13919 1
12319 13920 1
13920 13921 1
12429 13921 1
12363 13923 1
12637 13924 1
13924 13925 1
13674 13925 1
13927 13926 1
13926 13928 1
12482 13928 1
13926 13929 1
12482 13929 1
12363 13930 1
12378 13932 1
12329 13933 1
12319 13934 1
13934 13935 1
12429 13935 1
12670 13937 1
13965 13938 1
12321 13938 2
13937 13938 1
12321 13939 2
13937 13939 1
13965 13939 1
13059 13940 1
12319 13941 1
13941 13942 1
13754 13942 1
13754 13943 1
13941 13943 1
13941 13944 1
13754 13944 1
13941 13945 1
13754 13945 1
13754 13946 1
13941 13946 1
13941 13947 1
13754 13947 1
13754 13948 1
13941 13948 1
13941 13949 1
13754 13949 1
13754 13950 1
13941 13950 1
13754 13951 1
13941 13951 1
13941 13952 1
12678 13952 1
12678 13953 1
13941 13953 1
12678 13954 1
13941 13954 1
13956 13955 1
12343 13956 1
12402 13956 1
12401 13956 1
12400 13956 1
12659 13958 1
12363 13959 1
12363 13962 1
12950 13963 1
12341 13964 1
13963 13964 1
12960 13965 1
13965 13966 1
12321 13966 1
13965 13967 1
12321 13967 1
13965 13968 1
12321 13968 1
12321 13969 1
13965 13969 1
12321 13970 1
13965 13970 1
13965 13971 1
12321 13971 1
13965 13972 1
12321 13972 1
12321 13973 1
13965 13973 1
12321 13974 1
13965 13974 1
13965 13975 1
12321 13975 1
12321 13976 1
13965 13976 1
13965 13977 1
12321 13977 1
12363 13978 1
12442 13981 1
13981 13982 1
12827 13982 1
12702 13983 1
12538 13984 1
12482 13985 2
13984 13985 1
14028 13985 1
12378 13986 1
12474 13987 1
13022 13988 2
14000 13988 1
13987 13988 1
13022 13989 2
14000 13989 1
13987 13989 1
14000 13990 1
13022 13990 2
13987 13990 1
14000 13991 1
13987 13991 1
13022 13991 2
13987 13992 1
14000 13992 1
13022 13992 2
12323 13993 1
13993 13994 1
12341 13994 1
12670 13998 1
12593 13999 1
12474 14000 1
12387 14002 1
12387 14003 1
14002 14003 1
12593 14004 1
12476 14005 1
12311 14006 1
13056 14008 1
12507 14009 1
14008 14009 1
12500 14012 1
14012 14013 1
12481 14013 1
12500 14014 1
14012 14014 1
12500 14015 1
14012 14015 1
12482 14016 1
14012 14016 1
12500 14017 1
14012 14017 1
14012 14018 1
12500 14018 1
14012 14019 1
12482 14019 1
12481 14020 1
14012 14020 1
13028 14021 1
12378 14022 1
12306 14023 1
12306 14024 1
14023 14024 1
12682 14025 1
13480 14027 1
12742 14028 1
12491 14029 1
13284 14031 1
13478 14032 1
14031 14032 1
13478 14033 1
14031 14033 1
14031 14034 1
13478 14034 1
14031 14035 1
13478 14035 1
14031 14036 1
13478 14036 1
13478 14037 1
14031 14037 1
12387 14038 1
12529 14039 1
12476 14041 1
12831 14042 1
14042 14043 1
13717 14043 1
12838 14044 1
13559 14045 1
14044 14045 1
13028 14046 1
12363 14047 1
14047 14048 1
12711 14048 1
12711 14049 1
14047 14049 1
12329 14050 1
13456 14052 1
12945 14053 1
14052 14053 1
12945 14054 1
14052 14054 1
14052 14055 1
12945 14055 1
12945 14056 1
14052 14056 1
12945 14057 1
14052 14057 1
14052 14058 1
12945 14058 1
12945 14059 1
14052 14059 1
12363 14063 1
13013 14067 1
12311 14068 1
12387 14069 1
13791 14070 1
13304 14071 1
14070 14071 1
12925 14072 1
13376 14073 1
14072 14073 1
14072 14074 1
12625 14074 1
12639 14075 1
14075 14076 1
12665 14076 1
12487 14077 1
12363 14078 1
13720 14080 1
14080 14081 1
12623 14081 1
12491 14083 1
12546 14084 1
12617 14085 1
14084 14085 1
12546 14086 1
12329 14087 1
12632 14089 1
13422 14090 1
14089 14090 1
12406 14091 1
12387 14092 1
12308 14094 1
12352 14095 1
12745 14096 1
14096 14097 1
13729 14097 1
13729 14098 1
14096 14098 1
14096 14099 1
13729 14099 1
13729 14100 1
14096 14100 1
13729 14101 1
14096 14101 1
13480 14103 1
12363 14104 1
13015 14105 1
14104 14105 1
12593 14106 1
12801 14109 1
14109 14110 1
12796 14110 1
13441 14111 1
12972 14112 1
12363 14114 1
