1649 1648 2
1677 1648 1
1656 1649 3
1657 1649 2
1659 1649 4
1676 1649 1
1684 1649 1
1685 1649 1
1658 1649 2
1648 1650 2
1672 1650 2
1649 1650 10
1664 1650 2
1654 1650 3
1650 1651 10
1652 1651 10
1649 1652 10
1667 1652 3
1649 1653 1
1649 1654 3
1653 1654 1
1674 1654 1
1668 1660 1
1662 1660 2
1661 1660 3
1649 1663 2
1649 1664 2
1675 1664 1
1649 1665 1
1663 1666 1
1665 1666 1
1670 1669 3
1683 1669 1
1649 1669 1
1649 1671 1
1671 1672 1
1649 1672 2
1649 1674 1
1649 1675 1
1649 1677 1
1649 1678 1
1678 1679 1
1669 1679 1
1678 1680 1
1649 1680 1
1649 1681 1
1681 1682 1
1663 1682 1
