16471 16469 5
17141 16470 1
16922 16470 1
17410 16470 1
17465 16470 1
17397 16470 1
17541 16470 1
17432 16470 1
17284 16470 1
17310 16470 1
17250 16470 1
17196 16470 1
16471 16470 13
17251 16470 1
17132 16471 2
16886 16471 1
16996 16471 1
16613 16471 3
16475 16471 14
16515 16471 1
16469 16471 19
16712 16471 4
16904 16471 1
16516 16471 30
16812 16471 49
16897 16471 12
16533 16471 2
17254 16472 1
16949 16472 2
17443 16472 1
17190 16472 1
17375 16472 1
17149 16472 1
17302 16472 1
16925 16472 1
16473 16472 25
17431 16472 1
16470 16472 13
16526 16473 4
16469 16473 1
17314 16473 1
16712 16473 1
16471 16473 51
16897 16473 2
16815 16473 35
16475 16473 8
17180 16473 3
16812 16473 5
16613 16473 3
16484 16473 1
16770 16473 7
17519 16474 1
16472 16474 24
17149 16474 1
16475 16474 30
16760 16474 1
17540 16474 1
17138 16474 1
16526 16475 1
16996 16475 5
16712 16475 2
16484 16475 17
17314 16475 1
16473 16475 56
16469 16475 1
16613 16475 1
16886 16475 6
16518 16475 17
16471 16475 16
16962 16475 1
17180 16475 1
16812 16475 8
16490 16475 17
16515 16475 1
16770 16475 7
16897 16475 2
17482 16476 1
16761 16476 9
17425 16476 1
17539 16476 1
17149 16476 1
17062 16476 2
17388 16476 1
16769 16476 1
16475 16476 41
17084 16476 1
16474 16476 30
17444 16477 1
17443 16477 1
17254 16477 1
17431 16477 1
17227 16477 1
16995 16477 1
17506 16477 1
17375 16477 1
17540 16477 1
16478 16477 46
17063 16477 3
16654 16477 5
17411 16477 1
16997 16477 6
16885 16477 1
16769 16477 1
17149 16477 1
17453 16477 1
17084 16477 1
17475 16477 1
17138 16477 1
16472 16477 1
17372 16477 1
17371 16477 1
17085 16477 2
16760 16477 1
16476 16477 41
16475 16477 66
17537 16478 1
17506 16478 1
17063 16478 3
16476 16478 41
16475 16478 46
17303 16478 4
16480 16479 4
16642 16480 28
16481 16480 35
16756 16480 4
16587 16480 1
16712 16480 1
16494 16480 31
16662 16480 3
16546 16480 3
16571 16480 23
16912 16480 1
16820 16480 6
16498 16480 33
16483 16482 4
16484 16483 7
16820 16483 7
16863 16483 3
16473 16483 3
16996 16483 1
16469 16485 1
16471 16486 19
17108 16486 1
17165 16486 1
17454 16486 1
16930 16486 1
17411 16486 1
17253 16486 1
17193 16486 1
16896 16486 1
16736 16486 1
17445 16486 1
16485 16486 1
17102 16486 1
16974 16486 1
17137 16486 1
17323 16486 1
17249 16486 1
16826 16486 1
16486 16487 19
16473 16487 20
17350 16488 1
16655 16488 8
16475 16488 38
16911 16488 3
17225 16488 1
17443 16488 1
16760 16488 1
17515 16488 1
16487 16488 20
17497 16488 1
17017 16488 2
17529 16488 1
17225 16489 1
16490 16489 38
17515 16489 1
16655 16489 8
16487 16489 20
17350 16489 1
17529 16489 1
16911 16489 3
17376 16489 1
17328 16489 1
16760 16489 1
16812 16490 1
16712 16490 1
16475 16490 11
16473 16490 22
17315 16490 1
17314 16490 1
17180 16490 1
16492 16490 2
16526 16490 1
16886 16490 2
16839 16491 1
16550 16491 4
16769 16491 1
16492 16491 26
16487 16491 20
17170 16492 1
16546 16492 6
16515 16492 1
16535 16492 1
16715 16492 2
16507 16492 2
16962 16492 1
16508 16492 1
17003 16492 2
16544 16492 3
16770 16492 3
16812 16492 1
16996 16492 1
16727 16492 2
16718 16492 1
17156 16492 3
16724 16492 1
17136 16492 1
16728 16492 1
16717 16492 1
16613 16492 3
16729 16492 3
16782 16492 20
17301 16492 2
16722 16492 1
16980 16492 2
17314 16492 1
16726 16492 1
16473 16492 21
16716 16492 1
16725 16492 2
16723 16492 1
16915 16492 3
16721 16492 5
16616 16492 12
16484 16492 20
16494 16493 27
16570 16493 23
17049 16493 1
17046 16493 1
16668 16493 1
16546 16494 5
16571 16494 23
16731 16494 5
16996 16494 2
16712 16494 7
16821 16494 1
16955 16494 1
16561 16494 3
16662 16494 1
16559 16494 4
16607 16494 1
16750 16494 6
16602 16494 4
16886 16494 3
17198 16495 1
16494 16495 38
17466 16495 1
17243 16495 1
16810 16495 1
16493 16495 27
16547 16495 3
16870 16495 6
16550 16495 4
16826 16496 1
16494 16496 37
16736 16496 1
16806 16496 3
16974 16496 1
17458 16496 1
16493 16496 27
17220 16496 1
17210 16496 1
16496 16497 37
16498 16497 38
17140 16498 1
17459 16498 2
16494 16498 55
16956 16499 2
16498 16499 41
17050 16499 2
16497 16499 38
16755 16500 1
17398 16500 1
17220 16500 1
17045 16500 1
16579 16500 31
16805 16500 2
16650 16500 6
17412 16500 2
16493 16500 27
16480 16500 44
16557 16500 3
17055 16500 1
17504 16500 1
16502 16501 1
16501 16503 1
17433 16503 1
16747 16503 1
17207 16503 1
16504 16503 7
17498 16503 1
16690 16503 1
16731 16504 2
16482 16504 1
16812 16504 11
16897 16504 1
16607 16504 1
16618 16504 1
16674 16504 1
16602 16504 1
16502 16504 11
17219 16504 2
16484 16504 6
16821 16504 1
16597 16504 1
16603 16504 1
16765 16504 1
16504 16505 7
16503 16505 7
17433 16506 1
17498 16506 1
16747 16506 1
16504 16506 5
17207 16506 1
16501 16506 1
16508 16507 4
16731 16508 2
16733 16508 2
16511 16508 16
16509 16508 16
16510 16508 16
17238 16508 1
16512 16508 16
16492 16508 39
16514 16512 21
16618 16512 6
16513 16512 21
16471 16515 5
16517 16516 20
17386 16519 1
17132 16519 2
16520 16519 3
16522 16521 1
17316 16522 3
16926 16522 1
16733 16522 2
17114 16522 2
16731 16522 5
16521 16523 1
17275 16523 1
16525 16524 1
16521 16524 1
17316 16525 3
16731 16525 5
16733 16525 2
16522 16525 1
16471 16526 5
16923 16527 1
17371 16527 1
16973 16527 1
17496 16527 1
17008 16527 1
17509 16527 1
16995 16527 1
17449 16527 1
16532 16527 1
17159 16527 1
16471 16527 14
17532 16527 1
16760 16527 1
17443 16528 1
17336 16528 3
16527 16528 14
16473 16528 19
17350 16528 1
16769 16529 1
16472 16529 1
17375 16529 1
17084 16529 1
17443 16529 1
17540 16529 1
17431 16529 1
17149 16529 1
17254 16529 1
17388 16529 1
16475 16529 25
16527 16529 14
17302 16529 1
16531 16530 4
16519 16531 3
17116 16531 1
16533 16532 1
16471 16533 5
16532 16534 1
16851 16534 1
16535 16534 4
17509 16534 1
16484 16535 1
16732 16535 5
16533 16535 2
16617 16535 3
16492 16535 22
16530 16535 2
16534 16536 4
16769 16536 1
16537 16536 8
17375 16536 1
16969 16536 1
16712 16537 1
16473 16537 9
16616 16537 3
16770 16537 4
17170 16537 1
17275 16537 1
16618 16537 1
17057 16537 1
16628 16537 8
16665 16537 12
16635 16537 2
16731 16537 8
16877 16537 1
16808 16537 1
16795 16537 11
17314 16537 1
16662 16537 40
16750 16537 6
16978 16537 4
16535 16537 7
16492 16537 17
17521 16538 1
16668 16538 1
17380 16538 1
17127 16538 3
17255 16538 1
16738 16538 28
17514 16538 1
16537 16538 57
16536 16538 8
17138 16538 1
16737 16538 27
17329 16538 1
17283 16538 1
17431 16538 1
16634 16538 1
16969 16538 1
16975 16538 3
16661 16538 13
16536 16539 8
16540 16539 9
16662 16540 39
16808 16540 1
17057 16540 1
16795 16540 11
16877 16540 1
16731 16540 6
16712 16540 1
16770 16540 1
16535 16540 1
16549 16540 1
16484 16540 2
16628 16540 4
16543 16540 12
17275 16540 1
16537 16540 24
16635 16540 1
16539 16541 9
16540 16541 10
16668 16541 1
16645 16542 4
16532 16542 1
16777 16542 21
17509 16542 1
16543 16542 25
16770 16543 2
16473 16543 1
16533 16543 2
16484 16543 2
16492 16543 26
16535 16543 24
16616 16543 11
16613 16543 6
16531 16544 4
16546 16545 2
17175 16545 1
16484 16546 1
16733 16546 1
16546 16547 3
16545 16547 2
16549 16548 4
16547 16548 3
16557 16548 3
17171 16549 1
16540 16549 1
16733 16549 2
16546 16549 4
16546 16550 4
16547 16550 3
17169 16551 1
17174 16551 1
17230 16551 1
17427 16551 1
16552 16551 4
16986 16551 1
16982 16551 1
16492 16551 48
17350 16551 1
17151 16551 1
17146 16551 1
17384 16551 1
16550 16551 4
16781 16551 20
17543 16551 1
17177 16551 1
17467 16551 1
17477 16551 1
17300 16551 1
17192 16551 1
17002 16551 1
17443 16551 1
17403 16551 1
17021 16551 1
17317 16551 1
17532 16551 1
17533 16551 1
16914 16551 1
17008 16551 1
17523 16551 2
16547 16551 3
16547 16552 3
16546 16552 4
17517 16553 1
17461 16553 1
17056 16553 1
16552 16553 4
16666 16553 1
17252 16553 1
17006 16553 2
16554 16553 14
17535 16553 1
17402 16553 1
16812 16554 1
16625 16554 6
16492 16554 3
16619 16554 3
16546 16554 4
16626 16554 6
16667 16554 5
17512 16555 1
16556 16555 5
17484 16555 2
16547 16555 3
16546 16556 3
16941 16556 17
16620 16556 5
16731 16556 2
16484 16556 5
16545 16557 2
16546 16557 3
16559 16558 33
17225 16558 1
16974 16558 1
16810 16558 1
17047 16558 8
17458 16558 1
17220 16558 1
16806 16558 3
16826 16558 1
17519 16558 1
17218 16558 2
17466 16558 1
17138 16558 1
17058 16558 3
16736 16558 1
16944 16558 8
17245 16558 1
17198 16558 1
16557 16558 3
16886 16559 4
16608 16559 1
16546 16559 3
16662 16559 1
16607 16559 1
16561 16559 8
16609 16559 1
16604 16559 1
16602 16559 4
16712 16559 8
16821 16559 1
16571 16559 23
16597 16559 2
17219 16559 2
16557 16560 3
17220 16560 1
16669 16560 5
17222 16560 5
17157 16560 2
17225 16560 1
16561 16560 33
16736 16560 1
17128 16560 1
17466 16560 1
17218 16560 2
17458 16560 1
16920 16560 1
16810 16560 1
17198 16560 1
16826 16560 1
17519 16560 1
17098 16560 2
16974 16560 1
16806 16560 3
17138 16560 1
16546 16561 3
16996 16561 1
16602 16561 4
16712 16561 9
16597 16561 2
16473 16561 3
17219 16561 2
16886 16561 6
16662 16561 32
17072 16562 2
16557 16562 3
16494 16562 5
17424 16563 1
16557 16563 3
17210 16563 1
17243 16563 1
16494 16563 16
17519 16563 1
17225 16563 1
16954 16563 1
16870 16563 6
16563 16564 16
16498 16564 16
17097 16565 1
16557 16565 3
17436 16565 1
16480 16565 10
17390 16565 1
17077 16565 1
17066 16565 1
17166 16565 1
17183 16565 1
16546 16566 3
16545 16566 2
16893 16567 2
16492 16567 25
16846 16567 2
16772 16567 15
16839 16567 1
16615 16567 14
16566 16567 3
16772 16568 15
16545 16568 2
16569 16568 17
16616 16569 1
16484 16569 1
16492 16569 15
16546 16569 2
17529 16570 1
16995 16570 1
17453 16570 1
16862 16570 5
17468 16570 1
17198 16570 1
17061 16570 1
17519 16570 1
16545 16570 2
17157 16570 2
17225 16570 1
16885 16570 1
16920 16570 1
17336 16570 3
16571 16570 23
16484 16571 1
16662 16571 2
16887 16571 1
16996 16571 1
16886 16571 8
16473 16571 3
16863 16571 5
16546 16571 2
17248 16571 1
16573 16572 23
16570 16572 23
16571 16573 23
16570 16574 23
16573 16574 23
16669 16575 5
16672 16575 6
16570 16575 23
16668 16575 1
16559 16575 28
17245 16575 1
16668 16576 1
16570 16576 23
16559 16576 26
17244 16577 4
16576 16577 26
16672 16577 6
16559 16577 34
17491 16577 1
16668 16578 1
16494 16578 26
16570 16578 23
16646 16579 1
17398 16579 1
17050 16579 2
16578 16579 26
16498 16579 31
16570 16580 23
17077 16580 1
16928 16580 1
17242 16580 1
17377 16580 1
17066 16580 1
17097 16580 1
17183 16580 1
16668 16580 1
16480 16580 33
17436 16580 1
17456 16580 1
16585 16581 1
16582 16581 4
16723 16581 1
17235 16581 2
16675 16582 3
16584 16582 3
16583 16582 3
16581 16585 4
16587 16586 1
16688 16587 5
16586 16588 1
17415 16588 1
16819 16588 1
17210 16588 1
16480 16588 9
17185 16588 1
16992 16588 1
17412 16588 2
16590 16589 10
17406 16589 1
16588 16589 9
16480 16590 10
17499 16591 1
17532 16591 1
17475 16591 1
16846 16591 2
16769 16591 1
16923 16591 1
16612 16591 1
16969 16591 1
16543 16591 11
17345 16591 1
16472 16592 1
16775 16592 20
17380 16592 1
16543 16592 32
17302 16592 1
16969 16592 1
16591 16592 11
16774 16592 17
17499 16592 1
17475 16592 1
17469 16593 1
16738 16593 28
16591 16593 11
16540 16593 40
16668 16593 1
16737 16593 27
17255 16593 1
16540 16594 57
17431 16594 1
16668 16594 1
16661 16594 13
16737 16594 27
17521 16594 1
17380 16594 1
17138 16594 1
16634 16594 1
17514 16594 1
17255 16594 1
17329 16594 1
17469 16594 1
17283 16594 1
16738 16594 28
16591 16594 11
16591 16595 11
17138 16595 1
17283 16595 1
17521 16595 1
16661 16595 13
16540 16595 59
17469 16595 1
16738 16595 28
17431 16595 1
17380 16595 1
16737 16595 27
17329 16595 1
17514 16595 1
16634 16595 1
16668 16595 1
17255 16595 1
17351 16595 3
16597 16596 1
16483 16597 4
16996 16597 1
17428 16598 1
16596 16598 1
17218 16598 2
17308 16598 1
17129 16598 1
16504 16598 7
16504 16599 9
17484 16599 2
16598 16599 7
16951 16600 5
16598 16600 7
16504 16600 14
17182 16600 3
16504 16601 4
16996 16602 3
16483 16602 4
17528 16602 1
16583 16602 1
16863 16603 3
17057 16603 1
16473 16603 3
16603 16604 4
16603 16605 4
16603 16606 4
16603 16607 4
16494 16607 1
16603 16608 4
16494 16608 1
16603 16609 4
16537 16610 1
16540 16611 1
16610 16611 1
16613 16612 1
16471 16613 5
17149 16614 1
17134 16614 1
17375 16614 1
16612 16614 1
17532 16614 1
16923 16614 1
16655 16614 8
16761 16614 9
17431 16614 1
17254 16614 1
17133 16614 1
17302 16614 1
16473 16614 22
17252 16615 1
16773 16615 10
17532 16615 1
16492 16615 14
16923 16615 1
16484 16616 3
17132 16616 1
16770 16616 4
16492 16616 3
16618 16616 3
16962 16616 1
16632 16616 3
16473 16616 1
16617 16616 7
16530 16618 1
16629 16618 4
16556 16618 4
16624 16618 4
16631 16618 4
16812 16618 1
16492 16618 24
16473 16618 1
16512 16618 4
16621 16618 4
16537 16618 4
16619 16618 7
16504 16618 4
16627 16618 4
16630 16618 4
16770 16618 1
16484 16618 4
16554 16618 4
16618 16619 7
16679 16619 1
16623 16621 5
16622 16621 5
16492 16631 23
16492 16632 17
16616 16632 1
16633 16632 9
16795 16632 11
16635 16634 1
17302 16636 1
17521 16636 1
17484 16636 2
16794 16636 11
17329 16636 1
16472 16636 1
16634 16636 1
17275 16636 18
17520 16636 1
16540 16637 5
17329 16637 1
17283 16637 1
17521 16637 1
17514 16637 1
16634 16637 1
16631 16638 4
16631 16639 4
16631 16640 4
16642 16641 1
16516 16642 4
17226 16643 1
17422 16643 1
16994 16643 1
16838 16643 1
16641 16643 1
17456 16643 1
16480 16643 21
17080 16643 1
17205 16643 1
17542 16643 1
17326 16643 1
17472 16643 1
17387 16643 1
17223 16643 1
17457 16643 1
17481 16643 1
17334 16643 1
17418 16643 1
17507 16643 1
17152 16643 1
17242 16643 1
16644 16643 1
16642 16644 1
16769 16645 1
16492 16645 4
16846 16645 2
16494 16646 1
16646 16647 1
17398 16647 1
17504 16647 1
16498 16647 3
16646 16648 1
16480 16648 2
16646 16649 1
16805 16649 2
16480 16649 3
16646 16650 1
17050 16650 2
17504 16650 1
17398 16650 1
16498 16650 6
16471 16651 1
16651 16652 1
16653 16652 2
17478 16652 1
16471 16653 1
16616 16653 1
16651 16654 1
17179 16654 1
17350 16654 1
17084 16654 1
16473 16654 5
17540 16655 1
17443 16655 1
16654 16655 5
17084 16655 1
16475 16655 8
17259 16656 1
16655 16656 8
16475 16656 11
17411 16656 1
16477 16657 1
16475 16657 14
16656 16657 11
17062 16657 2
17443 16658 1
16839 16658 1
16659 16658 7
17084 16658 1
16654 16658 5
16484 16659 1
16473 16659 5
16712 16659 3
16770 16659 1
16812 16659 1
16616 16659 1
16974 16660 1
17224 16660 1
16654 16660 5
16736 16660 1
16659 16660 10
16839 16660 1
17157 16661 2
16660 16661 10
16662 16661 13
16659 16662 10
16712 16662 11
16770 16662 1
16803 16662 16
16484 16662 1
16794 16663 11
16979 16663 4
16472 16663 1
16661 16663 13
16737 16663 27
17302 16663 1
16947 16663 7
17520 16663 1
16738 16663 28
17484 16663 2
16664 16663 12
16537 16663 58
16668 16663 1
16774 16663 17
16665 16664 12
16794 16664 11
16795 16665 11
16537 16665 1
16667 16666 1
16746 16668 1
16974 16668 1
16662 16668 5
16736 16668 1
17157 16669 2
16561 16669 5
16919 16669 1
16668 16669 1
16669 16670 5
16559 16670 5
16748 16671 1
16989 16671 1
17336 16671 3
16561 16671 10
16669 16671 5
16559 16672 6
16669 16672 5
16668 16673 1
17212 16673 1
17353 16673 5
16870 16673 6
16494 16673 10
17072 16673 2
16996 16674 1
16483 16674 4
16582 16675 4
16716 16675 2
16732 16676 6
16723 16676 1
16724 16676 1
16731 16676 2
16535 16676 1
16684 16676 4
16731 16677 2
16757 16677 2
16678 16677 3
16484 16679 1
16619 16679 4
16554 16679 1
16480 16680 4
16682 16681 1
16684 16683 1
17044 16685 1
16676 16685 5
16683 16685 1
17230 16685 1
17403 16685 1
17150 16685 1
16683 16686 1
16676 16686 3
17401 16686 1
16971 16686 1
16688 16687 1
16829 16688 1
16587 16688 1
16712 16688 3
16480 16688 8
17452 16689 1
16688 16689 3
16687 16689 1
17101 16689 1
16618 16690 1
16692 16691 12
16690 16691 1
16694 16691 2
16695 16691 10
16619 16692 8
16618 16692 1
17088 16692 3
16690 16693 1
16692 16693 12
16691 16693 12
16692 16694 2
16690 16694 1
16698 16695 9
16690 16695 1
16692 16695 10
16702 16696 2
16705 16696 2
17195 16696 1
16619 16696 5
16690 16696 1
16699 16696 3
16619 16697 9
17195 16697 1
16690 16697 1
16891 16697 5
16692 16698 9
16697 16698 8
16619 16699 3
16690 16699 1
17195 16699 1
17461 16700 1
16699 16700 3
16554 16700 4
16690 16701 1
16619 16701 1
16618 16702 2
16690 16702 1
16619 16703 9
16705 16703 2
16891 16703 5
16690 16703 1
16702 16703 2
16619 16704 10
16697 16704 1
16703 16704 9
16690 16705 1
16619 16705 2
16690 16706 1
17484 16706 2
16794 16706 11
16749 16706 6
16537 16706 20
16762 16707 13
16537 16707 30
16706 16707 20
16975 16707 3
17268 16707 3
16690 16708 1
16891 16708 5
16512 16708 6
16690 16709 1
17195 16709 1
16619 16709 2
16711 16710 3
16713 16712 1
16471 16712 5
17273 16714 1
16508 16715 8
17136 16716 1
16715 16716 5
16715 16717 5
16508 16718 8
16718 16719 5
16718 16720 5
16508 16721 4
16729 16721 3
16508 16722 4
16508 16723 4
16508 16724 4
16484 16724 1
16508 16725 4
16633 16725 4
16508 16726 4
16508 16727 4
16508 16728 4
16616 16729 4
16473 16729 1
16770 16729 1
16616 16730 4
17087 16731 1
16732 16731 5
16632 16731 5
16484 16731 1
17314 16731 1
16535 16732 1
16492 16732 2
16676 16732 4
16633 16732 10
16731 16733 3
16732 16733 5
16484 16733 1
16735 16734 3
16712 16736 1
16989 16737 1
16810 16737 1
17458 16737 1
17126 16737 1
17138 16737 1
17220 16737 1
16974 16737 1
17367 16737 1
16769 16737 1
16861 16737 4
16662 16737 27
16826 16737 1
16736 16737 1
16802 16737 11
17450 16737 2
17466 16737 1
17126 16738 1
17367 16738 1
16662 16738 28
17138 16738 1
16737 16738 27
16737 16739 27
17061 16739 1
17259 16739 1
16561 16739 30
16738 16739 28
16561 16740 30
16738 16740 28
16806 16740 3
17210 16741 1
16742 16741 29
16738 16741 28
16494 16742 1
16480 16742 8
16662 16742 28
17220 16743 1
17367 16743 1
17126 16743 1
16769 16743 1
17458 16743 1
16802 16743 11
16860 16743 3
16736 16743 1
16662 16743 18
17458 16744 1
16736 16744 1
16662 16744 26
16668 16744 4
17466 16744 1
16804 16744 15
17138 16744 1
16826 16744 1
17220 16744 1
16810 16744 1
16989 16744 1
16974 16744 1
16826 16745 1
16736 16745 1
16688 16745 3
16974 16745 1
16989 16746 1
17458 16746 1
17126 16746 1
17220 16746 1
16810 16746 1
16736 16746 1
16826 16746 1
17466 16746 1
17367 16746 1
17138 16746 1
16769 16746 1
16662 16746 12
16502 16747 1
16561 16748 1
16750 16749 6
17353 16749 5
16731 16750 6
16870 16751 6
16749 16751 6
17351 16751 3
16750 16751 7
16749 16752 6
16750 16752 6
16750 16753 6
16749 16753 6
16750 16754 6
16749 16754 6
16756 16755 1
17204 16756 3
16484 16756 1
16585 16758 4
16585 16759 4
16712 16760 1
17540 16761 1
16472 16761 1
17431 16761 1
17375 16761 1
16760 16761 1
17149 16761 1
16473 16761 9
16769 16761 1
17254 16761 1
16537 16762 13
16761 16762 9
17350 16762 1
16846 16762 2
16540 16763 14
16762 16763 13
16768 16764 16
16540 16764 28
16763 16764 14
17269 16764 4
16483 16765 4
16996 16765 1
16767 16766 1
16713 16766 1
16815 16766 35
16540 16768 16
16850 16768 1
17473 16768 1
16794 16768 11
16770 16769 1
16516 16770 4
16475 16770 1
16484 16770 1
17302 16771 1
16846 16771 2
16492 16771 12
16472 16771 1
16773 16771 10
16769 16771 1
16773 16772 10
17371 16772 1
16769 16772 1
16492 16772 15
17431 16772 1
17302 16772 1
16995 16772 1
17375 16773 1
16769 16773 1
17388 16773 1
17478 16773 1
17496 16773 1
16616 16773 10
17149 16773 1
17254 16773 1
16839 16773 1
16472 16773 1
17414 16774 2
16472 16774 1
16773 16774 10
17403 16774 1
16981 16774 1
17230 16774 1
16839 16774 1
16492 16774 18
17384 16774 1
16953 16775 2
16774 16775 17
16492 16775 20
16774 16776 17
16632 16776 17
16774 16777 17
16535 16777 21
17064 16777 1
17396 16777 2
17213 16778 1
16779 16778 20
17158 16778 1
16774 16778 17
17206 16778 1
16492 16779 29
16998 16779 3
16492 16780 19
16839 16780 1
16774 16780 17
16853 16780 2
16782 16781 20
16780 16781 19
16492 16782 19
17306 16783 3
16492 16783 23
16781 16783 20
16839 16783 1
16853 16783 2
16631 16784 23
16783 16784 23
16618 16785 24
16783 16785 23
17194 16785 1
16783 16786 23
16508 16786 23
16508 16787 23
16783 16787 23
16783 16788 23
16492 16788 28
16853 16788 2
16867 16788 2
16791 16788 22
17213 16789 1
17158 16789 1
16788 16789 28
16779 16789 31
17206 16789 1
16492 16790 20
16781 16790 20
16780 16791 19
16492 16791 22
17064 16791 1
16851 16791 1
16791 16792 22
16535 16792 22
17184 16793 3
16773 16793 10
17008 16793 1
16543 16793 16
17532 16793 1
16795 16794 11
16773 16794 10
16616 16795 10
16484 16795 1
17548 16796 1
16794 16796 11
17403 16796 1
17275 16796 29
17230 16796 1
17484 16796 2
16851 16796 16
16632 16797 11
16794 16797 11
16794 16798 11
16632 16798 11
17252 16799 1
16853 16799 2
16773 16799 10
16492 16799 12
16492 16800 12
16773 16800 10
17431 16800 1
17302 16800 1
16773 16801 10
16492 16801 10
16773 16802 10
16803 16802 11
16863 16803 4
16888 16803 4
16904 16803 1
16616 16803 10
16839 16804 1
16803 16804 15
17450 16804 2
16802 16804 11
16860 16804 3
16662 16805 2
16769 16805 1
16805 16806 2
16561 16806 3
16808 16807 1
17374 16809 1
16807 16809 1
17275 16809 2
16712 16810 1
16812 16811 1
16471 16812 5
17325 16813 1
17016 16813 1
17349 16813 1
17133 16813 1
16991 16813 1
17464 16813 1
17525 16813 1
17153 16813 1
16910 16813 1
17513 16813 1
17103 16813 1
17516 16813 1
16811 16813 1
17014 16813 1
17102 16813 1
17193 16813 1
17534 16813 1
17411 16813 1
16471 16813 33
17430 16813 1
17108 16813 1
17323 16813 1
17441 16813 1
17092 16813 1
17527 16813 1
17483 16813 1
17500 16813 1
17137 16813 1
17076 16813 1
17253 16813 1
17540 16813 1
16970 16813 1
16815 16814 34
16813 16814 33
17025 16815 1
16812 16815 2
16471 16815 33
16518 16815 1
17273 16815 1
16897 16815 1
17103 16816 1
17086 16816 6
17515 16816 1
17323 16816 1
17476 16816 1
17178 16816 1
17464 16816 1
16473 16816 44
17536 16816 1
16814 16816 34
16814 16817 34
16815 16817 35
16766 16818 35
16817 16818 35
16820 16819 1
16483 16821 4
16822 16821 1
16583 16821 1
17484 16823 2
16504 16823 3
16825 16824 3
16712 16826 1
16820 16827 1
16480 16827 4
16480 16828 4
16688 16829 5
16480 16830 4
16742 16831 5
16742 16832 5
16480 16833 4
16712 16834 1
16480 16834 4
16820 16834 1
16480 16835 4
16494 16836 1
16820 16836 3
16480 16836 4
16480 16837 4
16642 16838 1
16616 16839 1
17388 16840 1
16839 16840 1
16472 16840 1
16492 16840 3
16839 16841 1
16492 16841 1
16569 16842 2
16839 16842 1
16844 16843 2
16569 16843 4
16842 16843 2
16845 16843 2
16569 16844 2
16839 16844 1
16839 16845 1
16569 16845 2
16616 16846 2
16839 16846 1
16846 16847 2
16492 16847 3
16847 16848 3
16543 16848 3
16543 16849 4
16923 16849 1
16846 16849 2
16793 16850 1
16543 16850 8
16849 16850 4
17008 16850 1
16923 16850 1
17532 16850 1
17007 16851 1
17508 16851 1
17324 16851 1
17307 16851 4
17096 16851 1
17446 16851 1
16492 16851 17
16839 16851 1
17419 16851 1
17477 16851 1
17151 16851 1
17065 16851 1
17548 16851 1
17275 16852 18
17437 16852 1
16851 16852 16
17548 16852 1
17176 16852 1
16839 16853 1
16492 16853 2
16732 16854 4
16853 16854 2
16981 16854 1
16732 16855 4
16854 16855 4
16854 16856 4
16676 16856 10
16972 16856 6
17230 16856 1
17401 16856 1
17403 16856 1
16854 16857 4
16732 16857 4
16732 16858 4
16854 16858 4
16971 16859 1
17150 16859 1
16981 16859 1
17484 16859 2
17401 16859 1
17230 16859 1
16676 16859 11
17403 16859 1
16854 16859 4
16839 16860 1
17449 16860 1
16803 16860 3
16860 16861 3
16803 16861 4
16839 16861 1
16863 16862 5
16861 16862 4
17233 16863 2
17232 16863 2
16484 16863 2
16803 16863 5
17230 16864 1
17300 16864 1
17317 16864 1
17543 16864 1
16492 16864 7
16839 16864 1
17270 16864 1
17427 16864 1
16839 16865 1
16953 16865 2
16492 16865 3
16839 16866 1
17350 16866 1
16492 16866 2
16839 16867 1
16492 16867 2
16616 16868 1
16839 16868 1
16632 16869 1
16839 16869 1
16750 16870 6
17353 16870 5
16750 16871 6
16870 16871 6
17275 16872 6
16870 16872 6
17473 16873 1
17327 16873 1
17375 16873 1
17275 16873 16
17488 16873 1
16870 16873 6
17350 16873 1
16929 16873 1
17484 16873 2
17437 16873 1
17176 16873 1
16963 16873 1
17545 16873 1
17039 16874 1
17275 16874 7
16870 16874 6
16870 16875 6
16494 16875 6
17353 16875 5
16877 16876 1
17545 16878 1
17275 16878 12
17488 16878 1
16963 16878 1
16876 16878 1
16934 16878 5
17437 16878 1
17327 16878 1
17176 16878 1
16820 16879 1
16879 16880 1
16820 16880 6
17033 16880 1
17426 16880 1
17493 16880 1
17010 16880 1
16880 16881 6
17370 16881 3
16483 16881 15
16995 16881 1
17336 16881 3
17202 16881 1
16881 16882 15
16883 16882 15
16483 16883 15
17067 16883 3
16881 16884 15
16483 16884 15
16886 16885 1
16471 16886 5
16888 16887 4
16731 16888 8
16890 16889 3
16472 16891 1
17252 16891 1
16618 16891 5
17084 16891 1
17535 16891 1
16891 16892 5
16618 16892 5
16492 16893 2
17328 16893 1
16893 16894 2
16490 16894 3
16490 16895 3
16894 16895 3
16897 16896 1
16471 16897 5
16877 16898 1
16898 16899 1
17275 16899 1
16901 16900 1
16903 16901 4
16903 16902 4
16900 16902 1
17054 16902 1
16918 16902 2
17032 16903 2
17031 16903 2
16901 16903 3
16471 16904 5
16906 16905 1
17484 16907 2
16934 16907 5
17522 16907 1
16905 16907 1
17488 16907 1
17437 16907 1
17176 16907 1
17275 16907 24
16985 16907 1
16963 16907 1
17348 16907 1
17327 16907 1
17545 16907 1
17189 16907 3
17151 16907 1
17353 16907 5
17351 16908 3
17327 16908 1
17546 16908 1
17547 16908 1
17545 16908 1
17151 16908 1
17488 16908 1
16934 16908 5
17353 16908 5
17176 16908 1
17189 16908 3
17275 16908 23
16905 16908 1
17437 16908 1
16963 16908 1
17340 16908 1
16735 16909 3
16812 16910 1
16910 16911 1
17389 16911 1
16475 16911 3
16913 16912 2
17385 16912 1
16915 16914 1
16715 16915 2
17156 16915 1
16903 16917 1
16917 16918 1
16903 16918 2
16561 16919 1
16886 16920 1
16920 16921 1
16559 16921 1
16469 16922 1
16613 16923 1
16812 16924 1
17130 16925 1
17005 16925 1
17524 16925 1
17309 16925 1
16927 16925 1
17408 16925 1
17104 16925 1
16924 16925 1
17227 16925 1
17372 16925 1
17505 16925 1
17134 16925 1
17537 16925 1
17495 16925 1
16471 16925 30
17111 16925 1
17379 16925 1
17511 16925 1
17425 16925 1
16988 16925 1
16960 16925 1
17330 16925 1
17539 16925 1
17203 16925 1
17139 16925 1
17107 16925 1
17071 16925 1
17531 16925 1
17188 16925 1
16484 16926 1
16812 16927 1
16912 16928 1
16877 16929 1
16469 16930 1
16759 16931 1
16933 16932 2
16931 16932 1
16759 16933 1
16582 16934 5
17312 16934 3
16934 16935 1
17275 16935 1
17275 16936 9
17404 16936 2
17146 16936 1
17403 16936 1
17109 16936 1
16934 16936 5
16938 16937 6
16934 16937 5
17109 16937 1
16725 16938 1
16628 16938 3
16582 16938 5
16723 16938 1
17025 16938 4
17273 16938 1
17275 16938 2
17124 16939 1
17275 16939 8
16934 16939 5
16957 16939 1
17143 16940 1
16941 16940 17
17283 16940 1
16939 16940 8
17026 16940 6
16938 16941 9
17275 16941 9
16556 16942 17
16940 16942 17
16608 16943 1
17098 16944 2
17244 16944 4
16559 16944 8
16943 16944 1
16943 16945 1
17245 16945 1
16559 16945 4
17381 16945 1
16494 16946 4
16945 16946 4
16731 16947 7
17353 16947 5
17484 16947 2
16812 16948 1
16948 16949 1
16471 16949 2
16765 16950 1
16950 16951 1
16504 16951 5
17428 16951 1
17120 16951 1
17186 16951 1
16544 16952 1
16544 16953 2
16952 16953 1
16955 16954 1
17240 16955 2
16494 16956 2
16954 16956 1
17273 16957 1
17351 16958 3
16731 16958 5
17484 16958 2
16888 16959 5
16958 16959 5
16812 16960 1
17539 16961 1
17379 16961 1
17511 16961 1
17495 16961 1
16960 16961 1
17139 16961 1
16504 16961 12
17525 16961 1
17203 16961 1
17104 16961 1
17425 16961 1
17111 16961 1
17130 16961 1
16471 16962 5
16964 16963 1
17437 16965 1
17545 16965 1
17488 16965 1
17327 16965 1
16963 16965 1
16966 16965 6
17176 16965 1
17075 16966 2
16964 16966 6
17423 16966 1
17353 16967 5
17327 16967 1
17488 16967 1
17437 16967 1
17502 16967 1
17545 16967 1
16963 16967 1
17275 16967 13
17409 16967 1
17176 16967 1
17346 16968 1
17488 16968 1
16963 16968 1
17382 16968 1
17015 16968 1
17275 16968 12
17176 16968 1
17429 16968 1
17258 16968 1
17221 16968 1
17437 16968 1
17545 16968 1
17327 16968 1
16535 16969 1
16812 16970 1
16684 16971 1
17230 16972 1
17403 16972 1
17214 16972 1
17401 16972 1
16676 16972 6
16971 16972 1
16469 16973 1
16712 16974 1
17484 16975 2
16537 16975 3
17131 16976 2
16978 16977 3
17484 16977 2
16731 16978 2
17275 16978 4
16978 16979 4
16977 16979 3
16535 16981 1
16544 16982 1
16828 16983 1
16828 16984 1
16983 16984 1
16808 16985 1
16727 16986 1
16926 16987 1
16812 16988 1
16712 16989 1
16999 16990 1
17342 16990 1
17428 16990 1
17212 16990 1
17484 16990 2
17460 16990 1
17313 16990 1
17510 16990 1
16504 16990 12
17341 16990 1
16812 16991 1
16820 16992 1
17185 16993 1
17415 16993 1
16992 16993 1
16836 16993 4
17210 16993 1
16642 16994 1
16996 16995 1
16471 16996 5
16995 16997 1
16475 16997 6
17259 16997 1
17243 16997 1
17424 16997 1
17344 16997 1
16603 16999 1
17231 17000 1
17001 17000 2
17003 17002 1
16779 17004 2
16774 17004 1
17206 17004 1
16812 17005 1
17021 17006 1
16492 17006 2
16721 17007 1
16613 17008 1
17532 17009 1
16793 17009 1
17008 17009 1
16543 17009 3
16820 17010 1
16829 17011 1
17093 17012 1
16688 17012 2
17011 17012 1
16812 17014 1
16635 17015 1
16897 17016 1
17320 17017 1
16473 17017 2
17017 17018 2
16490 17018 4
17497 17018 1
17443 17018 1
16490 17019 2
17017 17019 2
17017 17020 2
16490 17020 2
16616 17021 2
17478 17021 1
16877 17022 1
17022 17023 1
17275 17023 1
17025 17024 1
16938 17026 6
17366 17026 1
17403 17026 1
17241 17026 1
17024 17026 1
17404 17026 2
17026 17027 6
16941 17027 9
17105 17027 3
17283 17027 1
17105 17028 3
16941 17028 9
17026 17028 6
17283 17028 1
17026 17029 6
16941 17029 9
17283 17029 1
17105 17029 3
16543 17030 4
16820 17033 1
17035 17034 1
17074 17035 4
17035 17036 1
17034 17036 1
16633 17037 1
16715 17037 2
16633 17038 1
16715 17038 2
16966 17039 1
17041 17040 5
17331 17040 4
17039 17040 1
16966 17041 1
16815 17041 4
17039 17042 1
17144 17042 9
17275 17042 10
17396 17043 2
17275 17043 3
17039 17043 1
16732 17044 1
16756 17045 1
16821 17046 1
17046 17047 1
16559 17047 8
17381 17047 1
17518 17047 1
17244 17047 4
17244 17048 4
16494 17048 6
17046 17048 1
17048 17049 6
16494 17049 7
16494 17050 2
17046 17050 1
17046 17051 1
17052 17051 6
16494 17051 6
17046 17052 1
16494 17052 6
17244 17052 4
17052 17053 6
17072 17053 2
16494 17053 8
16901 17054 1
16756 17055 1
16667 17056 1
16808 17057 2
17275 17057 4
17518 17058 1
17381 17058 1
16559 17058 3
16808 17059 1
17057 17060 1
17059 17060 1
16886 17061 1
17061 17062 1
16471 17062 2
17062 17063 2
16475 17063 3
16492 17064 1
16726 17065 1
16642 17066 1
17069 17068 1
16498 17070 1
16578 17070 1
16812 17071 1
16494 17072 2
17245 17072 1
16494 17073 3
17072 17073 2
17210 17073 1
16715 17074 1
16731 17074 1
16508 17074 1
16897 17076 1
16642 17077 1
16731 17078 1
17078 17079 1
17350 17079 1
16731 17079 2
16642 17080 1
17057 17081 1
16603 17082 1
17081 17082 1
16603 17083 1
17081 17083 1
16770 17084 1
16475 17085 2
17084 17085 1
16473 17086 6
17084 17086 1
17350 17086 1
17179 17086 1
17474 17086 1
16757 17089 1
17494 17090 1
17484 17090 2
17089 17090 1
16677 17090 4
16629 17091 1
17074 17091 4
16627 17091 1
16812 17092 1
16587 17093 1
17095 17094 2
17526 17094 1
17093 17094 1
16587 17095 1
16728 17096 1
16642 17097 1
17399 17098 1
16597 17098 2
16735 17099 3
16688 17101 1
16812 17102 1
16812 17103 1
16812 17104 1
17407 17105 1
16938 17105 3
17403 17105 1
16484 17106 1
16812 17107 1
16812 17108 1
17273 17109 1
16955 17110 1
16812 17111 1
16735 17112 3
16628 17113 3
16484 17114 1
17116 17115 1
17163 17116 1
17115 17117 1
16531 17117 1
16531 17118 1
17115 17118 1
16531 17119 1
17115 17119 1
16674 17120 1
16996 17122 1
17122 17123 1
16765 17123 1
17273 17124 1
16712 17126 1
16662 17127 3
17367 17127 1
17126 17127 1
16561 17128 1
16821 17129 1
16812 17130 1
16471 17132 5
16812 17133 1
16812 17134 1
16897 17137 1
16712 17138 1
16812 17139 1
16469 17141 1
16471 17142 6
17465 17142 1
17541 17142 1
17397 17142 1
17141 17142 1
17432 17142 1
17251 17142 1
16938 17143 1
17351 17144 3
17470 17144 1
16522 17144 9
17346 17144 1
17429 17144 1
17260 17144 2
17144 17145 9
17275 17145 9
16725 17146 1
16938 17147 2
17146 17147 1
17403 17147 1
17403 17148 1
16938 17148 2
17146 17148 1
16770 17149 1
16684 17150 1
16727 17151 1
16642 17152 1
16897 17153 1
16877 17154 1
17275 17155 2
17154 17155 1
17176 17155 1
16715 17156 1
16746 17157 1
16662 17157 2
16998 17158 1
17132 17159 1
16519 17160 3
17159 17160 1
17496 17160 1
17160 17161 3
16531 17161 3
17160 17162 3
17163 17162 3
16519 17163 3
17160 17164 3
17163 17164 3
16469 17165 1
16642 17166 1
16877 17167 1
17275 17168 2
17167 17168 1
17440 17168 1
17170 17169 1
16484 17172 1
17173 17172 3
17003 17174 1
16733 17175 1
16964 17176 1
16980 17177 1
16526 17178 1
17180 17179 1
16475 17180 1
17179 17181 1
17180 17181 1
16504 17182 3
17484 17182 2
16642 17183 1
17431 17184 1
16492 17184 3
17302 17184 1
16820 17185 1
16482 17186 1
16825 17187 3
16812 17188 1
17260 17189 2
16549 17189 3
16815 17190 1
17382 17191 1
17190 17191 1
17330 17191 1
17524 17191 1
17408 17191 1
17366 17191 1
17331 17191 4
16815 17191 7
16980 17192 1
16812 17193 1
16530 17194 1
16679 17195 1
16469 17196 1
17196 17197 1
17250 17197 1
16471 17197 2
16886 17198 1
16735 17199 3
16735 17200 3
16735 17201 3
16820 17202 1
16812 17203 1
16642 17205 1
16998 17206 1
16502 17207 1
17283 17208 1
16941 17208 1
17283 17209 1
16941 17209 1
16494 17210 1
17210 17211 1
16480 17211 1
16607 17212 1
16998 17213 1
16732 17214 1
17214 17215 1
16732 17215 1
16808 17216 1
17057 17217 2
17514 17217 1
17216 17217 1
17219 17218 2
17371 17218 1
16515 17219 1
16712 17220 1
16808 17221 1
17244 17222 4
16561 17222 5
16642 17223 1
16712 17224 1
16886 17225 1
16642 17226 1
16812 17227 1
16901 17228 1
17228 17229 1
17501 17229 1
16903 17229 2
16724 17230 1
17235 17234 1
17234 17236 1
16581 17236 4
17403 17236 1
17503 17236 1
16585 17237 4
17236 17237 4
17239 17238 3
17025 17241 1
16642 17242 1
16996 17243 1
17344 17244 1
17243 17244 1
17424 17244 1
16602 17244 4
16559 17245 1
16559 17246 1
17245 17246 1
17245 17247 1
16559 17247 1
16469 17249 1
16469 17250 1
16469 17251 1
16492 17252 1
16812 17253 1
16770 17254 1
16731 17255 1
17074 17256 2
17255 17256 1
17427 17256 1
17074 17257 3
17270 17257 1
17255 17257 1
17427 17257 1
16877 17258 1
16996 17259 1
16733 17260 2
17455 17260 1
17470 17261 1
16522 17261 9
17429 17261 1
17353 17261 5
17260 17261 2
17346 17261 1
16525 17262 2
17260 17262 2
17429 17263 1
16525 17263 8
17260 17263 2
17346 17263 1
17353 17263 5
17260 17264 2
17484 17264 2
17427 17264 1
16508 17264 5
17163 17265 1
17116 17266 1
17265 17266 1
17170 17267 1
17267 17268 1
17345 17268 1
16537 17268 3
16540 17269 4
17268 17269 3
16715 17270 1
17270 17271 1
17074 17271 1
17273 17272 1
17272 17274 1
17275 17274 11
17343 17274 1
17144 17274 9
16715 17275 1
16770 17275 2
16582 17275 7
16964 17275 6
16522 17275 10
16808 17275 8
16795 17275 11
16725 17275 1
16546 17275 4
16635 17275 3
17273 17275 7
16750 17275 6
16723 17275 1
17136 17275 1
16530 17275 2
16877 17275 16
16724 17275 1
16966 17275 1
17057 17275 1
17316 17275 3
16727 17275 1
16473 17275 1
16549 17275 4
16906 17275 1
16507 17275 1
17314 17275 1
16492 17275 16
16731 17275 6
16484 17275 3
16628 17275 7
17144 17276 9
17343 17276 1
17272 17276 1
17275 17276 11
16547 17277 3
17275 17277 14
17272 17277 1
17343 17277 1
17144 17277 9
17343 17278 1
17272 17278 1
17275 17278 4
16714 17278 1
17278 17279 4
17280 17279 4
17275 17280 4
17280 17281 4
17278 17281 4
17275 17282 17
17272 17282 1
17543 17282 1
16557 17282 3
17429 17282 1
17343 17282 1
16957 17282 1
17109 17282 1
16870 17282 6
17039 17282 1
17124 17282 1
17230 17283 1
17403 17283 1
17419 17283 1
16472 17283 1
17275 17283 13
17272 17283 1
17382 17283 1
16547 17283 3
17146 17283 1
17302 17283 1
17343 17283 1
16469 17284 1
16915 17298 1
17270 17298 1
16715 17299 2
17548 17299 1
17270 17299 1
17301 17300 1
16770 17302 1
17302 17303 1
16475 17303 4
17375 17303 1
17431 17303 1
16729 17304 1
17302 17304 1
17302 17305 1
16543 17305 1
16729 17306 3
16472 17306 1
17302 17306 1
16721 17307 4
17306 17307 3
16602 17308 1
16812 17309 1
16469 17310 1
16716 17311 2
17543 17311 1
17311 17312 2
16675 17312 3
16502 17313 1
16516 17314 4
16516 17315 4
16516 17316 4
17301 17317 1
16808 17318 1
17514 17319 1
17275 17319 3
17318 17319 1
17400 17319 1
16469 17320 1
17238 17321 1
16508 17322 1
17321 17322 1
16812 17323 1
16722 17324 1
16897 17325 1
16642 17326 1
16964 17327 1
16492 17328 1
16877 17329 1
16812 17330 1
16815 17331 4
17330 17331 1
17524 17331 1
17408 17331 1
16877 17332 1
17332 17333 1
17275 17333 1
16642 17334 1
17180 17335 1
17538 17336 1
16473 17336 3
17335 17336 1
16603 17337 6
17370 17337 3
17336 17337 3
17353 17338 5
17351 17338 3
16731 17338 6
17338 17339 6
16888 17339 6
16877 17340 1
16502 17341 1
16502 17342 1
17273 17343 1
16996 17344 1
16535 17345 1
17316 17346 1
17429 17347 1
17346 17347 1
16525 17347 2
16877 17348 1
16897 17349 1
17314 17350 1
17350 17351 1
17512 17351 1
16731 17351 3
17353 17352 5
17351 17352 3
16525 17352 6
17470 17352 1
17455 17353 1
16731 17353 5
17351 17353 3
17512 17353 1
17351 17354 3
16731 17354 5
17353 17354 5
16525 17355 5
17353 17355 5
16750 17356 6
17484 17356 2
17353 17356 5
17351 17356 3
17353 17357 5
16522 17357 5
16750 17358 5
17353 17358 5
16750 17359 5
17353 17359 5
16494 17360 5
17353 17360 5
17353 17361 5
17484 17361 2
16750 17361 6
17351 17361 3
16540 17362 5
17353 17362 5
17351 17363 3
16522 17363 3
16522 17364 3
17351 17364 3
17351 17365 3
16522 17365 3
17025 17366 1
16712 17367 1
16932 17368 1
16933 17368 1
16933 17369 1
16932 17369 1
17450 17370 2
16863 17370 3
16515 17371 1
16812 17372 1
16877 17374 1
16770 17375 1
17315 17376 1
16756 17377 1
17377 17378 1
16480 17378 1
16812 17379 1
16535 17380 1
16607 17381 1
17273 17382 1
17548 17383 1
17275 17383 2
17382 17383 1
16717 17384 1
16642 17387 1
16962 17388 1
16897 17389 1
16642 17390 1
16633 17392 1
16633 17393 1
16633 17394 1
16530 17395 1
17395 17396 1
16530 17396 2
16469 17397 1
16494 17398 1
16996 17399 1
16877 17400 1
16684 17401 1
16667 17402 1
16723 17403 1
17275 17404 2
17403 17404 1
17403 17405 1
17275 17405 1
16480 17406 1
17025 17407 1
16897 17408 1
16808 17409 1
16469 17410 1
16812 17411 1
16820 17412 2
17412 17413 1
16827 17413 1
16915 17414 2
17548 17414 1
16820 17415 1
17458 17416 1
16834 17416 2
17412 17416 1
16642 17418 1
16507 17419 1
16877 17420 1
17275 17421 1
17420 17421 1
16642 17422 1
16996 17424 1
16812 17425 1
16820 17426 1
16508 17427 1
16502 17428 1
17316 17429 1
16812 17430 1
16770 17431 1
16469 17432 1
16502 17433 1
16996 17434 1
16674 17435 1
17434 17435 1
16642 17436 1
16964 17437 1
16554 17438 1
16554 17439 1
17438 17439 1
16808 17440 1
16897 17441 1
16494 17442 1
17049 17442 1
16812 17443 1
16886 17444 1
16469 17445 1
17156 17446 1
17446 17447 1
16915 17447 1
17548 17448 1
16915 17448 2
17446 17448 1
16904 17449 1
16803 17450 2
17449 17450 1
17450 17451 2
16662 17451 2
16688 17452 1
16886 17453 1
16469 17454 1
16731 17455 1
16642 17456 1
16642 17457 1
16712 17458 1
16502 17460 1
16667 17461 1
16877 17462 1
17462 17463 1
17275 17463 1
16897 17464 1
16469 17465 1
16712 17466 1
16507 17467 1
16887 17468 1
16537 17469 1
17316 17470 1
17275 17471 1
17470 17471 1
16642 17472 1
16549 17473 1
16471 17474 1
16613 17475 1
16526 17476 1
16725 17477 1
16616 17478 1
16653 17479 1
17478 17479 1
16472 17480 1
16616 17480 2
17478 17480 1
16642 17481 1
16469 17482 1
16812 17483 1
16731 17484 2
17512 17484 1
17484 17485 2
16888 17485 2
16733 17486 2
17484 17486 2
16750 17487 2
17484 17487 2
16964 17488 1
16616 17489 1
16537 17490 1
17489 17490 1
16604 17491 1
17491 17492 1
16559 17492 1
16820 17493 1
16757 17494 1
16812 17495 1
17132 17496 1
17180 17497 1
16502 17498 1
16613 17499 1
16812 17500 1
16903 17501 1
16877 17502 1
17235 17503 1
16494 17504 1
16812 17505 1
16475 17506 1
16642 17507 1
16718 17508 1
16533 17509 1
16502 17510 1
16812 17511 1
16731 17512 1
16812 17513 1
17057 17514 1
16526 17515 1
16812 17516 1
16667 17517 1
16609 17518 1
16886 17519 1
16635 17520 1
16808 17521 1
16582 17522 1
17548 17523 1
17156 17523 2
16812 17524 1
16897 17525 1
17095 17526 1
16812 17527 1
16886 17529 1
17529 17530 1
16561 17530 1
16812 17531 1
16613 17532 1
16716 17533 1
16812 17534 1
16812 17535 1
16526 17536 1
16812 17537 1
17180 17538 1
16812 17539 1
16897 17540 1
16469 17541 1
16642 17542 1
17136 17543 1
16716 17544 1
17543 17544 1
16964 17545 1
16582 17546 1
16808 17547 1
16715 17548 1
17275 17549 1
17548 17549 1
16915 17550 1
17548 17550 1
