6407 6173 1
6421 6173 1
6761 6174 6
6711 6174 1
6520 6174 1
6728 6174 1
6578 6174 3
6534 6174 1
6789 6174 4
6267 6174 10
6190 6174 1
6195 6174 85
6284 6174 23
6936 6174 1
6527 6174 1
6282 6174 19
6300 6174 30
6291 6174 22
6296 6174 11
6754 6174 2
6949 6174 1
6175 6174 141
6656 6174 5
6666 6174 1
6668 6174 3
6963 6174 1
6204 6174 51
6945 6174 2
6937 6174 2
6644 6174 1
6331 6174 15
6193 6174 40
6577 6174 7
6299 6174 54
6498 6174 1
6641 6174 1
6932 6174 1
6777 6174 1
6210 6175 3
6414 6175 11
6481 6175 1
6670 6175 1
6421 6175 1
6478 6175 1
6361 6175 6
6178 6175 7
6897 6175 1
6680 6175 1
6488 6175 1
6358 6175 3
6643 6175 1
6952 6175 1
6356 6175 7
6528 6175 1
6186 6175 2
6778 6175 1
6261 6175 7
6606 6175 1
6718 6175 2
6345 6175 7
6199 6175 20
6437 6175 3
6329 6175 6
6408 6175 1
6373 6175 2
6630 6175 1
6406 6175 2
6449 6175 5
6654 6175 3
6580 6175 3
6660 6175 1
6194 6175 88
6540 6175 3
6640 6175 1
6510 6175 2
6444 6175 3
6759 6175 1
6357 6175 2
6295 6175 10
6702 6175 1
6576 6175 1
6451 6175 1
6724 6175 4
6306 6175 1
6202 6175 18
6566 6175 3
6364 6175 5
6407 6175 6
6419 6175 3
6967 6175 1
6601 6175 2
6305 6175 1
6253 6175 5
6191 6175 1
6638 6175 2
6313 6175 7
6283 6175 20
6238 6175 9
6589 6175 1
6598 6175 1
6696 6175 1
6637 6175 2
6535 6175 1
6776 6175 1
6173 6175 3
6269 6175 6
6766 6175 1
6522 6175 2
6845 6175 1
6714 6175 4
6386 6175 5
6636 6175 1
6821 6175 1
6582 6175 1
6662 6175 3
6727 6175 1
6317 6175 1
6247 6175 3
6729 6175 2
6499 6175 1
6453 6175 3
6796 6175 2
6416 6175 33
6173 6176 3
6668 6176 3
6668 6177 3
6173 6177 3
6329 6178 6
6179 6178 5
6180 6179 12
6566 6180 1
6702 6180 1
6313 6180 7
6341 6180 9
6175 6180 10
6481 6180 1
6329 6180 6
6273 6180 8
6662 6180 3
6182 6181 2
6956 6181 1
6184 6183 5
6186 6185 6
6187 6186 13
6189 6186 5
6186 6187 1
6188 6187 18
6263 6188 51
6419 6188 1
6317 6188 1
6417 6188 1
6967 6188 1
6720 6188 3
6319 6188 3
6766 6188 1
6952 6188 1
6616 6188 3
6580 6188 4
6238 6188 10
6526 6188 1
6408 6188 1
6584 6188 1
6776 6188 1
6241 6188 100
6670 6188 1
6225 6188 6
6444 6188 3
6636 6188 1
6845 6188 1
6540 6189 2
6191 6190 1
6211 6191 4
6896 6192 1
6377 6192 3
6925 6192 2
6190 6192 1
6703 6192 3
6282 6192 19
6949 6192 1
6503 6192 2
6175 6192 33
6698 6193 1
7026 6193 2
6194 6193 40
6192 6193 33
6260 6193 3
6510 6194 2
6261 6194 9
6283 6194 20
6778 6194 1
6672 6194 2
6897 6194 1
6295 6194 1
6759 6194 1
6175 6194 63
6634 6194 1
6630 6194 1
6727 6194 1
6267 6195 10
6936 6195 1
6964 6195 1
6758 6195 1
6175 6195 85
6703 6195 3
6193 6195 40
7026 6195 2
6817 6195 1
6204 6195 51
6300 6195 30
6190 6195 1
6699 6195 4
6834 6196 1
6381 6196 6
6656 6196 5
6190 6196 1
6328 6196 6
6175 6196 24
6949 6196 1
6945 6196 2
6936 6196 1
6456 6197 3
6520 6197 1
6190 6197 1
6816 6197 2
6175 6197 53
6291 6197 22
6282 6197 19
6381 6197 6
6949 6197 1
6661 6197 2
6656 6197 5
6936 6197 1
6963 6197 1
6913 6197 2
6498 6197 1
6945 6197 2
6575 6197 1
6196 6197 24
6895 6197 1
6777 6197 1
6235 6197 7
6641 6197 1
6328 6197 6
6701 6197 1
6917 6198 1
6641 6198 1
6372 6198 1
6997 6198 1
6377 6198 3
6282 6198 19
6758 6198 1
6498 6198 1
6190 6198 1
6767 6198 1
6915 6198 1
6777 6198 1
6822 6198 2
6701 6198 1
6930 6198 1
6577 6198 7
6534 6198 1
6565 6198 1
6324 6198 19
6949 6198 1
7026 6198 2
6703 6198 3
6503 6198 2
6963 6198 1
6939 6198 1
6378 6198 6
6848 6198 1
6896 6198 1
6199 6198 51
6714 6199 4
6488 6199 1
6481 6199 1
6598 6199 1
6718 6199 2
6634 6199 1
6306 6199 1
6821 6199 1
6373 6199 2
6759 6199 1
6727 6199 1
6510 6199 2
6305 6199 1
6283 6199 20
6606 6199 1
6535 6199 1
6680 6199 1
6660 6199 1
6499 6199 1
6210 6199 3
6796 6199 2
6358 6199 3
6576 6199 1
6778 6199 1
6566 6199 3
6413 6199 1
6453 6199 3
6437 6199 3
6202 6199 7
6897 6199 1
6357 6199 2
6540 6199 1
6414 6199 3
6630 6199 1
6643 6199 1
6672 6199 2
6191 6199 1
6356 6199 7
6702 6199 1
6175 6199 16
6415 6199 17
6725 6199 1
6641 6200 1
6942 6200 1
6201 6200 7
7025 6200 1
6838 6200 2
6377 6200 3
6963 6200 1
6777 6200 1
6282 6200 19
6190 6200 1
6381 6200 6
6503 6200 2
6199 6200 47
6949 6200 1
6498 6200 1
6380 6200 16
6202 6201 7
6945 6201 2
6190 6201 1
6851 6201 1
6503 6201 2
6727 6202 1
6414 6202 2
6358 6202 3
6897 6202 1
6357 6202 2
6191 6202 1
6660 6202 4
6895 6203 1
6575 6203 1
6382 6203 5
7041 6203 1
6949 6203 1
6201 6203 7
6712 6203 4
6970 6203 1
6756 6203 2
6190 6203 1
6896 6203 1
6175 6203 28
6381 6203 6
6715 6203 4
6949 6204 1
6194 6204 51
6203 6204 28
6777 6204 1
6930 6204 1
6963 6204 1
6324 6204 19
6527 6205 1
6926 6205 1
6852 6205 1
6282 6205 19
6203 6205 28
6175 6205 50
6846 6206 1
6484 6206 1
6368 6206 5
6595 6206 5
6203 6206 28
6843 6206 1
6646 6206 1
6957 6206 1
6175 6206 47
6596 6206 1
6925 6206 2
6811 6206 1
6539 6207 1
6895 6207 1
6199 6207 44
6963 6207 1
6381 6207 6
6190 6207 1
7025 6207 1
6970 6207 1
6701 6207 1
6201 6207 7
6949 6207 1
6456 6207 3
6498 6207 1
6715 6207 4
6282 6207 19
6641 6207 1
6777 6207 1
6527 6208 1
6703 6208 3
7046 6208 1
6298 6208 27
6716 6208 2
6175 6208 64
6402 6208 10
6663 6208 1
6728 6208 1
6381 6208 6
6754 6208 2
6534 6208 1
6995 6208 1
6701 6208 1
6498 6208 1
6765 6208 1
6190 6208 1
6667 6208 1
6237 6208 1
6913 6208 2
6858 6208 1
6924 6208 1
6777 6208 1
6644 6208 1
6963 6208 1
6883 6208 1
6949 6208 1
6949 6209 1
6963 6209 1
6681 6209 2
6190 6209 1
7025 6209 1
6380 6209 16
6381 6209 6
6942 6209 1
6777 6209 1
6282 6209 19
6641 6209 1
6498 6209 1
6199 6209 43
6211 6210 4
6718 6210 2
6356 6211 6
6640 6211 1
6616 6211 3
6509 6211 1
6213 6212 1
6319 6213 3
6371 6213 2
6212 6214 1
7012 6214 1
6215 6214 4
6213 6215 3
6277 6215 2
6625 6215 1
6214 6216 3
6217 6216 8
6227 6216 6
6515 6217 1
6592 6217 1
6215 6217 8
6254 6217 1
6213 6218 2
6212 6218 1
6827 6219 1
6212 6219 1
6218 6219 2
6220 6219 5
6228 6219 3
6213 6220 4
6504 6220 1
6812 6220 2
6467 6220 1
6222 6221 8
6218 6221 2
6223 6221 8
6220 6222 1
6467 6222 1
6213 6222 10
6308 6222 5
6800 6223 2
6320 6223 2
6353 6223 2
6218 6223 2
6213 6223 8
6827 6224 1
6861 6224 1
6225 6224 12
6800 6224 2
6968 6224 1
6839 6224 1
6223 6224 8
6213 6225 8
6625 6225 1
6467 6225 1
6642 6225 3
6509 6225 1
6371 6225 2
6862 6225 1
6228 6226 3
6213 6226 3
6212 6226 1
6734 6227 2
6226 6227 3
6215 6227 6
6226 6228 3
6213 6228 3
6222 6229 4
6827 6229 1
6228 6229 3
6212 6230 1
6222 6230 1
6213 6231 2
6212 6231 1
6384 6232 1
6233 6232 3
6231 6232 2
6213 6233 2
6834 6235 1
6655 6235 3
6175 6235 7
6988 6235 1
6847 6235 1
6839 6236 1
6639 6236 1
6378 6236 6
6211 6236 12
6615 6236 3
6238 6237 1
6615 6239 3
6840 6239 1
6927 6239 1
6998 6239 1
6765 6239 1
6525 6239 1
7044 6239 1
6801 6239 6
6579 6239 1
6631 6239 1
7024 6239 1
6951 6239 1
6532 6239 1
6858 6239 1
6844 6239 1
6443 6239 1
6722 6239 3
7000 6239 1
6943 6239 1
6264 6239 51
7046 6239 1
6924 6239 1
6667 6239 1
6353 6239 2
6320 6239 2
6188 6239 96
6697 6239 1
6237 6239 1
6775 6239 1
6966 6239 1
6418 6239 1
6316 6239 1
6971 6239 1
6824 6239 1
6663 6239 1
6716 6239 2
6418 6240 1
6316 6240 1
6844 6240 1
6765 6240 1
6663 6240 1
6943 6240 1
6579 6240 1
7044 6240 1
6631 6240 1
6971 6240 1
6237 6240 1
6924 6240 1
6840 6240 1
7024 6240 1
6951 6240 1
7000 6240 1
6443 6240 1
6966 6240 1
6824 6240 1
6525 6240 1
6241 6240 27
6716 6240 2
6697 6240 1
6775 6240 1
6532 6240 1
6667 6240 1
6766 6241 1
6417 6241 1
6776 6241 1
6845 6241 1
6263 6241 51
6444 6241 3
6584 6241 1
6225 6241 6
6526 6241 1
6319 6241 3
6580 6241 3
6317 6241 1
6419 6241 1
6967 6241 1
6670 6241 1
6720 6241 3
6408 6241 1
6616 6241 3
6238 6241 10
6952 6241 1
6321 6242 19
6927 6242 1
6245 6242 100
6240 6242 27
6241 6242 100
6188 6243 101
6242 6243 100
6188 6244 101
6243 6244 101
6264 6245 51
6242 6245 100
6241 6245 100
6844 6246 1
7023 6246 1
6833 6246 2
6927 6246 1
6615 6246 3
6924 6246 1
6262 6246 22
6247 6246 88
6943 6246 1
6971 6246 1
7044 6246 1
6374 6246 2
6631 6246 1
6424 6246 4
7000 6246 1
6353 6246 2
6237 6246 1
6597 6246 1
6888 6246 1
6824 6246 1
6276 6246 2
6775 6246 1
6418 6246 1
6966 6246 1
6667 6246 1
6539 6246 1
6316 6246 1
6663 6246 1
6765 6246 1
6723 6246 4
6998 6246 1
6811 6246 1
6951 6246 1
6925 6246 2
6573 6246 3
6443 6246 1
6942 6246 1
7024 6246 1
6647 6246 2
7046 6246 1
6320 6246 2
6412 6246 3
6840 6246 1
6839 6246 1
6579 6246 1
6675 6246 5
6894 6246 2
6392 6246 5
6716 6246 2
6696 6247 1
6766 6247 1
6580 6247 3
6540 6247 1
6636 6247 1
6967 6247 1
6670 6247 1
6317 6247 1
6509 6247 1
6528 6247 1
6186 6247 2
6616 6247 3
6776 6247 1
6724 6247 4
6421 6247 2
6386 6247 4
6952 6247 1
6598 6247 1
6408 6247 1
6464 6247 1
6319 6247 3
6253 6247 5
6238 6247 9
6584 6247 1
6451 6247 1
6444 6247 3
6419 6247 3
6845 6247 1
6266 6247 16
6364 6247 5
6589 6247 1
6269 6247 5
6263 6247 29
6606 6247 1
7024 6248 1
6703 6248 3
6667 6248 1
6578 6248 3
7034 6248 1
6945 6248 2
6943 6248 1
6443 6248 1
7009 6248 1
6966 6248 1
6175 6248 47
7046 6248 1
6378 6248 6
6872 6248 1
6316 6248 1
6972 6248 1
6575 6248 1
6927 6248 1
6951 6248 1
6716 6248 2
6754 6248 2
6648 6248 4
7000 6248 1
6237 6248 1
6765 6248 1
6629 6248 1
6858 6248 1
6969 6248 1
6657 6248 5
6999 6248 1
6844 6248 1
6728 6248 1
7044 6248 1
6250 6249 1
6188 6250 8
6250 6251 1
6249 6251 1
6249 6252 1
6253 6252 1
6250 6253 1
6528 6253 3
6247 6253 3
6940 6253 3
6679 6253 7
6255 6254 3
6217 6257 1
6256 6257 3
6256 6258 3
6256 6259 3
6261 6260 3
6629 6262 1
6872 6262 1
6999 6262 1
7009 6262 1
6847 6262 1
6700 6262 1
6294 6262 1
6753 6262 1
7041 6262 1
6260 6262 1
6972 6262 1
6892 6262 1
6698 6262 1
7034 6262 1
6673 6262 1
6893 6262 1
6263 6262 22
6889 6262 1
6520 6262 1
6674 6262 1
6871 6262 2
6796 6263 2
6821 6263 1
6566 6263 3
6437 6263 3
6295 6263 8
6488 6263 1
6582 6263 1
6660 6263 1
6718 6263 2
6373 6263 2
6261 6263 15
6643 6263 1
6514 6264 6
6262 6264 22
6263 6264 51
6781 6264 2
6374 6264 2
7011 6264 1
6567 6264 7
6675 6264 5
6424 6264 4
6763 6264 2
6859 6264 3
6418 6265 1
6320 6265 2
6353 6265 2
6525 6265 1
6266 6265 59
6264 6265 51
6998 6265 1
6697 6265 1
6263 6266 51
6407 6266 1
6417 6266 1
6371 6266 2
6526 6266 1
6386 6266 1
6419 6266 2
6238 6266 1
6247 6266 2
6254 6266 1
6319 6266 3
6584 6266 1
6194 6267 10
6758 6267 1
6896 6267 1
6822 6267 2
7026 6267 2
6260 6267 3
6269 6268 1
6619 6269 3
6494 6269 1
6596 6270 1
6368 6270 5
6925 6270 2
6450 6270 1
6527 6270 1
6846 6270 1
6843 6270 1
6268 6270 1
6484 6270 1
6247 6270 23
6957 6270 1
7035 6270 1
6385 6270 1
6646 6270 1
6595 6270 5
6595 6271 5
6247 6271 18
6925 6271 2
7035 6271 1
6385 6271 1
6368 6271 5
6646 6271 1
6268 6271 1
6846 6271 1
7023 6271 1
6211 6272 22
6437 6272 3
6854 6272 1
6319 6272 3
6274 6273 4
6453 6273 3
6796 6273 2
6566 6273 3
6616 6274 3
6199 6275 4
6247 6275 4
6540 6275 1
6598 6275 1
6287 6275 4
6796 6275 2
6987 6276 1
6266 6276 2
6217 6277 1
6733 6277 1
6215 6277 4
6173 6278 4
6672 6279 2
6187 6280 2
6947 6280 1
6280 6281 2
6187 6281 2
6323 6282 18
6283 6282 19
6566 6283 1
6488 6283 1
6273 6283 8
6398 6283 1
6425 6283 1
6274 6283 4
6640 6283 1
6319 6283 3
6886 6283 1
6509 6283 1
6871 6284 3
6282 6284 19
6194 6284 23
6701 6285 1
6641 6285 1
6498 6285 1
6199 6285 25
6539 6285 1
6282 6285 19
6777 6285 1
7025 6285 1
6287 6286 19
6282 6286 19
6456 6286 3
6640 6287 1
6616 6287 3
6566 6287 2
6725 6287 1
6319 6287 2
6283 6287 19
6453 6287 3
6462 6287 7
6760 6288 1
6175 6288 21
6527 6288 1
6282 6288 19
6728 6289 1
6498 6289 1
6539 6289 1
6534 6289 1
6282 6289 19
6995 6289 1
7026 6289 2
6328 6289 6
6297 6289 13
6777 6289 1
6175 6289 59
6641 6289 1
6883 6289 1
6700 6289 1
6960 6289 2
6632 6289 2
6758 6289 1
6703 6289 3
6674 6289 1
6917 6289 1
6847 6289 1
6644 6289 1
6344 6289 7
7041 6289 1
6789 6289 4
6520 6290 1
6632 6290 2
6753 6290 1
7034 6290 1
6673 6290 1
6450 6290 1
6282 6290 19
6175 6290 26
6175 6291 22
6936 6291 1
6575 6291 1
6282 6291 19
6456 6291 3
6324 6292 19
7034 6292 1
6291 6292 22
6520 6292 1
6175 6292 27
6294 6292 1
6889 6292 1
7033 6293 1
7013 6293 1
6938 6293 1
6780 6293 1
6199 6293 28
6820 6293 1
6931 6293 1
7047 6293 1
6282 6293 19
6747 6293 1
6372 6293 1
6295 6294 1
6520 6296 1
6294 6296 1
6418 6296 1
6175 6296 11
6587 6296 5
6889 6296 1
6673 6296 1
6585 6297 1
6175 6297 13
6296 6297 11
6585 6298 1
6379 6298 13
6175 6298 27
6297 6298 13
6925 6299 2
6372 6299 1
6629 6299 1
6700 6299 1
7047 6299 1
7033 6299 1
6754 6299 2
6872 6299 1
6999 6299 1
6723 6299 4
6892 6299 1
6294 6299 1
6296 6299 11
6520 6299 1
6938 6299 1
6527 6299 1
6703 6299 3
6673 6299 1
6820 6299 1
6931 6299 1
6917 6299 1
6747 6299 1
6565 6299 1
6997 6299 1
6915 6299 1
6936 6299 1
6972 6299 1
6888 6299 1
7041 6299 1
6848 6299 1
6780 6299 1
6847 6299 1
7009 6299 1
6175 6299 54
6939 6299 1
6577 6299 7
6753 6299 1
7013 6299 1
6674 6300 1
6194 6300 30
6324 6300 19
6294 6300 1
6301 6300 9
6811 6301 1
6294 6301 1
6539 6301 1
6175 6301 9
6723 6301 4
6942 6301 1
6303 6302 19
6892 6302 1
6495 6302 2
6581 6302 1
7034 6302 1
6557 6302 1
6658 6302 1
6849 6302 1
6520 6302 1
6585 6302 1
6294 6302 1
6368 6302 5
6740 6302 1
6936 6302 1
6639 6302 1
6582 6303 1
6566 6303 1
6269 6303 2
6558 6303 2
6364 6303 5
6660 6303 1
6640 6303 1
6295 6303 5
6261 6303 1
6916 6304 1
6979 6304 1
7034 6304 1
6753 6304 1
6760 6304 1
6882 6304 1
6892 6304 1
6639 6304 1
6673 6304 1
6527 6304 1
6936 6304 1
6450 6304 1
6175 6304 13
6294 6304 1
6211 6305 4
6211 6306 4
6308 6307 4
6839 6307 1
6827 6307 1
6490 6307 1
6504 6308 1
6491 6308 1
6531 6308 2
6509 6308 1
6467 6308 1
6310 6309 4
6307 6309 4
6308 6310 6
7006 6311 1
6222 6311 6
6768 6311 1
6307 6311 4
6313 6312 6
6566 6313 1
6453 6313 3
6662 6313 2
6329 6313 6
6175 6313 3
6179 6313 9
6315 6314 3
6317 6316 1
6319 6318 1
6318 6320 1
6319 6320 2
6241 6321 19
6801 6321 6
6320 6321 2
6998 6321 1
6353 6321 2
6722 6321 3
6615 6321 3
6935 6322 1
7013 6322 1
6931 6322 1
6353 6322 2
6938 6322 1
6320 6322 2
6272 6322 7
6353 6323 2
6939 6323 1
6772 6323 1
7045 6323 1
6839 6323 1
6997 6323 1
6457 6323 8
6320 6323 2
6283 6323 18
6885 6323 1
6639 6323 1
6323 6324 18
6283 6324 19
6287 6325 3
6320 6325 2
6917 6325 1
6772 6326 1
6320 6326 2
7010 6326 1
6327 6326 6
6737 6326 1
6353 6326 2
6398 6327 1
6319 6327 3
6488 6327 3
6509 6327 1
6886 6327 1
6320 6328 2
6329 6328 6
6885 6328 1
6772 6328 1
6353 6328 2
6247 6329 1
6428 6329 4
6287 6329 1
6199 6329 1
6398 6329 1
6319 6329 3
6886 6329 1
6329 6330 6
6328 6330 6
6175 6331 15
6945 6331 2
6656 6331 5
6936 6331 1
6328 6331 6
6328 6332 6
6333 6332 9
6395 6333 4
6183 6333 4
6329 6333 6
6928 6334 1
6878 6334 2
6333 6334 21
6332 6334 9
7037 6334 1
6469 6334 4
6620 6334 3
6391 6335 2
6333 6335 26
6389 6335 3
6334 6335 21
6335 6336 26
6333 6336 26
6335 6337 26
6334 6337 21
6333 6337 26
6334 6338 21
6332 6338 9
6470 6338 4
6878 6338 2
7037 6338 1
6928 6338 1
6620 6338 3
6333 6338 22
7008 6339 1
6340 6339 9
6180 6339 11
6328 6339 6
6342 6339 7
6960 6340 2
6341 6340 9
6328 6340 6
6662 6341 3
6273 6341 8
6329 6341 6
6180 6341 6
6566 6341 1
6175 6341 2
6313 6342 7
6328 6342 6
6972 6343 1
6631 6343 1
6629 6343 1
6351 6343 7
6175 6343 23
6342 6343 7
6840 6343 1
6888 6343 1
6775 6343 1
6872 6343 1
6971 6343 1
6754 6343 2
6723 6343 4
6824 6343 1
6345 6344 7
6328 6344 6
6566 6345 1
6662 6345 3
6180 6345 4
6329 6345 6
6344 6346 7
6345 6346 7
6960 6347 2
6661 6347 2
6344 6347 7
6917 6347 1
6345 6347 11
6328 6348 6
6349 6348 9
6960 6348 2
6180 6349 4
6662 6349 2
6329 6349 6
6348 6350 9
6349 6350 9
6178 6351 7
6328 6351 6
6178 6352 7
6351 6352 7
6318 6353 1
6319 6353 2
6319 6354 2
6353 6354 2
6319 6355 2
6353 6355 2
6199 6356 3
6357 6356 2
6175 6356 3
6358 6356 3
6356 6357 4
6880 6357 1
6356 6358 4
6376 6358 2
6416 6359 1
6978 6359 1
6361 6360 1
6745 6361 1
6742 6361 3
6654 6361 2
6743 6361 3
6199 6361 3
6714 6361 2
6741 6361 6
6360 6362 1
6361 6362 1
6364 6363 3
6439 6363 2
6746 6364 3
6537 6364 1
6247 6364 1
6364 6365 4
6363 6365 3
6365 6366 4
6925 6366 2
6367 6366 9
6835 6366 1
6495 6366 2
6364 6367 4
6186 6367 2
6671 6367 3
6269 6367 2
6419 6367 1
6365 6368 4
6364 6368 5
6646 6369 1
6632 6369 2
6925 6369 2
6595 6369 5
6639 6369 1
6527 6369 1
6846 6369 1
6520 6369 1
6450 6369 1
6706 6369 2
6495 6369 2
6175 6369 24
6368 6369 5
6495 6370 2
6646 6370 1
6527 6370 1
6846 6370 1
6520 6370 1
6925 6370 2
6595 6370 5
6175 6370 22
6450 6370 1
6368 6370 5
6639 6370 1
6632 6370 2
6373 6372 1
6372 6374 1
6263 6374 2
6372 6375 1
6376 6375 2
6373 6376 1
6211 6376 4
6471 6376 4
6375 6377 2
6358 6377 3
6356 6378 6
6377 6378 3
6503 6378 2
7026 6379 2
6758 6379 1
6822 6379 2
6378 6379 6
6896 6379 1
6199 6379 13
6498 6380 1
6199 6380 16
6379 6380 13
6949 6380 1
6377 6381 3
6503 6381 2
6356 6381 6
6377 6382 3
6659 6382 1
6202 6382 5
6500 6383 5
7013 6383 1
6820 6383 1
6931 6383 1
6372 6383 1
6747 6383 1
7047 6383 1
6199 6383 14
7033 6383 1
6780 6383 1
6938 6383 1
6233 6384 1
6386 6385 1
6175 6386 1
6247 6386 1
6333 6387 1
6387 6388 1
6333 6388 2
6333 6389 3
6388 6389 2
6333 6390 2
6388 6390 2
6333 6391 2
6387 6391 1
6418 6392 1
6981 6392 1
6266 6392 5
6800 6392 2
6394 6393 4
6211 6393 4
6180 6396 1
6180 6397 1
6396 6397 1
6399 6398 3
6400 6401 1
6234 6401 2
6995 6402 1
6527 6402 1
7025 6402 1
6175 6402 10
6925 6402 2
6723 6402 4
6632 6403 2
7025 6403 1
6175 6403 13
6723 6403 4
6925 6403 2
6728 6403 1
6995 6403 1
6883 6403 1
6527 6403 1
6402 6403 10
6728 6404 1
6883 6404 1
6175 6404 13
6925 6404 2
6632 6404 2
6402 6404 10
6520 6405 1
6402 6405 10
6175 6405 11
6295 6406 1
6175 6406 4
6407 6406 5
6446 6407 4
6406 6407 1
6175 6407 10
6729 6407 1
6295 6407 1
6478 6407 1
6445 6407 4
6386 6409 1
6175 6410 9
6728 6410 1
6754 6410 2
6953 6410 1
6409 6410 1
6442 6410 2
6440 6410 1
6962 6410 1
6981 6411 1
6754 6411 2
6175 6411 8
6441 6411 1
6409 6411 1
6440 6411 1
7048 6411 1
6520 6411 1
6532 6412 1
6266 6412 3
6981 6412 1
6414 6413 4
6452 6414 1
6199 6414 4
6607 6414 2
6413 6414 1
6576 6414 1
6680 6414 1
6175 6414 4
6393 6414 1
6187 6417 5
6419 6418 1
6418 6420 1
6800 6420 2
6421 6420 5
6987 6420 1
6435 6421 1
6254 6421 1
6371 6421 2
6386 6421 1
6428 6421 4
6419 6421 1
6420 6422 5
6423 6422 5
6421 6423 6
6674 6424 1
6263 6424 4
6893 6424 1
6260 6424 1
6426 6425 3
6233 6426 4
6428 6427 11
6533 6427 8
6386 6428 1
6238 6428 1
6247 6428 2
6407 6428 1
6419 6428 1
6509 6428 1
6272 6429 5
6406 6430 2
6430 6431 1
6432 6431 2
6898 6431 1
6810 6432 1
6729 6432 3
6809 6432 1
6406 6432 3
6217 6433 6
6217 6434 4
6421 6435 1
6436 6435 4
6313 6438 6
6536 6439 1
6364 6439 2
6386 6440 1
6440 6441 1
7048 6441 1
6981 6441 1
6247 6441 4
7048 6442 1
6441 6442 1
6247 6442 6
6953 6442 1
6440 6442 1
6444 6443 1
6279 6447 3
6822 6447 2
6449 6448 3
6447 6448 3
6279 6449 5
6451 6450 1
6695 6451 1
6635 6451 3
6394 6452 4
6211 6452 4
6274 6453 4
6566 6453 2
6215 6454 4
6215 6455 4
6453 6456 3
6565 6456 1
6939 6456 1
6917 6457 1
6939 6457 1
6740 6457 1
6848 6457 1
6456 6457 3
6273 6457 8
6915 6457 1
6180 6458 13
6457 6458 8
6960 6458 2
6895 6458 1
6917 6458 1
6661 6458 2
6970 6458 1
6917 6459 1
6341 6459 10
6661 6459 2
6457 6459 8
6457 6460 8
6917 6460 1
6341 6460 8
6456 6461 3
6917 6461 1
6313 6461 4
6265 6463 1
6464 6463 1
6266 6464 1
6188 6464 4
6806 6464 1
7023 6465 1
6825 6465 1
6265 6465 1
6466 6465 4
6877 6465 1
6386 6466 1
6421 6466 4
6464 6466 1
6247 6466 1
6266 6466 1
6233 6467 4
6333 6468 3
6468 6469 3
6333 6469 4
6468 6470 3
6333 6470 4
6574 6473 2
6472 6473 1
6475 6474 1
6744 6476 1
6474 6476 1
6477 6476 2
6475 6477 1
6199 6477 1
6407 6478 5
6333 6479 1
6603 6480 2
6479 6480 1
6774 6480 1
6333 6480 4
6482 6481 5
6275 6482 3
6483 6482 8
6797 6482 3
6598 6483 2
6796 6483 2
6540 6483 1
6269 6484 1
6486 6485 2
6685 6485 1
6188 6486 2
6524 6486 1
6488 6487 1
6487 6489 1
6327 6489 2
6772 6489 1
6491 6490 1
6308 6492 3
6490 6492 1
6839 6492 1
6494 6493 1
6188 6494 4
6269 6495 2
6493 6495 1
6495 6496 2
6269 6496 2
6315 6497 3
6499 6498 1
6211 6499 4
6501 6500 5
6498 6500 1
6641 6500 1
6701 6500 1
6199 6500 5
6199 6501 5
6500 6501 5
6199 6502 4
6641 6502 1
6498 6502 1
6701 6502 1
6777 6502 1
6899 6503 1
6357 6503 2
6505 6504 1
6315 6506 3
6315 6507 3
6315 6508 3
6315 6509 3
6643 6510 1
6211 6510 4
6512 6511 1
6558 6512 1
6413 6512 1
6725 6512 1
6415 6512 2
6414 6512 5
6680 6512 1
6511 6513 1
6587 6513 5
6557 6513 1
6512 6513 8
6988 6513 1
6931 6514 1
7013 6514 1
6820 6514 1
6747 6514 1
6263 6514 6
6938 6514 1
6621 6515 1
6516 6515 2
6233 6516 2
6272 6517 5
6557 6518 1
6512 6518 4
6988 6518 1
6958 6518 1
6512 6519 4
6988 6519 1
6518 6519 4
6958 6519 1
6295 6520 1
6522 6521 5
6524 6522 2
6188 6522 6
6523 6522 2
6526 6525 1
6187 6526 5
6528 6527 1
6253 6528 4
7036 6529 1
6527 6529 1
6253 6529 2
6272 6530 5
6505 6531 1
6238 6532 1
6865 6533 1
6737 6533 1
6428 6533 8
6646 6533 1
6572 6533 2
6532 6533 1
6981 6533 1
6535 6534 1
6211 6535 4
6537 6536 1
6188 6537 4
6364 6538 1
6536 6538 1
6540 6539 1
6507 6540 1
6539 6541 1
6915 6541 1
6275 6541 2
6915 6542 1
6597 6542 1
6539 6542 1
6483 6542 5
6848 6542 1
7025 6542 1
6544 6543 2
6545 6543 2
6539 6543 1
6540 6544 1
6539 6545 1
6544 6545 2
6545 6546 2
6544 6546 2
6483 6547 5
6597 6547 1
7025 6547 1
6848 6547 1
6915 6547 1
6539 6547 1
6549 6548 3
6853 6548 1
6539 6548 1
6582 6549 4
6654 6549 3
6738 6549 2
6540 6549 1
6727 6549 1
6634 6549 1
6853 6550 1
6860 6550 1
6548 6550 3
6549 6550 4
6483 6551 5
6539 6551 1
6915 6551 1
6848 6551 1
6597 6551 1
7025 6551 1
6848 6552 1
6539 6552 1
6915 6552 1
6483 6552 5
6597 6552 1
7025 6552 1
6915 6553 1
7025 6553 1
6539 6553 1
6848 6553 1
6597 6553 1
6483 6553 5
6483 6554 5
6597 6554 1
6915 6554 1
6848 6554 1
6539 6554 1
7025 6554 1
6539 6555 1
6544 6555 1
6539 6556 1
6544 6556 1
6558 6557 1
6557 6559 1
6512 6559 2
6731 6560 1
6512 6560 3
6559 6560 2
6557 6561 1
6512 6561 1
6512 6562 3
6958 6562 1
6557 6562 1
6988 6563 1
6958 6563 1
6562 6563 3
6512 6563 4
6557 6564 1
6512 6564 1
6566 6565 1
6848 6567 1
6263 6567 7
6932 6567 1
6565 6567 1
6917 6567 1
6915 6567 1
6997 6567 1
6515 6568 1
6570 6569 2
6568 6569 1
6497 6570 1
6515 6570 2
6569 6571 2
6570 6571 2
6888 6572 1
6247 6572 2
6572 6573 2
6266 6573 3
6576 6575 1
6414 6576 4
6578 6577 3
6949 6577 1
6892 6577 1
6988 6577 1
6958 6577 1
6199 6577 7
6575 6577 1
6575 6578 1
6958 6578 1
6414 6578 3
6580 6579 1
6582 6581 1
6655 6583 3
6549 6583 5
6930 6583 1
6581 6583 1
6175 6584 1
6295 6585 1
6452 6586 1
7032 6587 1
6782 6587 2
6586 6587 1
6414 6587 5
6587 6588 5
6414 6588 5
6590 6589 2
6685 6589 1
6524 6590 1
6188 6590 2
6433 6591 2
6752 6592 1
6433 6592 5
6433 6593 2
7003 6595 3
7036 6595 1
6783 6595 1
6253 6595 5
6269 6596 1
6598 6597 1
6677 6598 3
6676 6598 3
6597 6599 1
6275 6599 2
6848 6599 1
7025 6600 1
6597 6600 1
6601 6600 2
6598 6601 2
6676 6601 3
7025 6602 1
6601 6602 2
6597 6602 1
6333 6603 2
6605 6604 2
6685 6604 1
6188 6605 2
6524 6605 1
6426 6606 2
6621 6606 1
6394 6607 4
6373 6607 1
6211 6607 4
6225 6608 1
6608 6609 1
6610 6609 1
6225 6610 1
6608 6611 1
6612 6611 1
6225 6612 1
6608 6613 1
6610 6613 1
6608 6614 1
6610 6614 1
6616 6615 3
6922 6615 2
6615 6617 3
6274 6617 3
6917 6618 1
6615 6618 3
6287 6618 6
6939 6618 1
6639 6618 1
6333 6620 3
6233 6621 4
6621 6622 2
6621 6623 2
6621 6624 2
6804 6625 1
6233 6625 4
6627 6626 1
6492 6626 1
7028 6627 1
6308 6627 1
6261 6629 1
6211 6630 4
6238 6631 1
6995 6632 1
6175 6632 2
6341 6633 5
6211 6634 4
6189 6636 1
6173 6637 6
6637 6638 5
6640 6639 1
6306 6641 1
6638 6644 1
6175 6645 4
6941 6645 1
6644 6645 1
6754 6645 2
6419 6646 1
6646 6647 1
6266 6647 2
6414 6648 4
6945 6648 2
6958 6648 1
6186 6649 6
6279 6650 3
6822 6650 2
6449 6651 4
6785 6651 3
6650 6651 3
6449 6652 3
6650 6652 3
6881 6653 1
6654 6653 2
6361 6654 4
6654 6655 3
6653 6655 2
6816 6656 2
6361 6656 5
6653 6656 2
6816 6657 2
6361 6657 5
6653 6657 2
6558 6658 1
6660 6659 1
7045 6661 1
6662 6661 2
6425 6662 1
6580 6663 1
6665 6664 2
6685 6664 1
6188 6665 2
6524 6665 1
6601 6666 1
6670 6667 1
6173 6668 3
6953 6668 1
6834 6668 1
6211 6672 4
6821 6672 1
6295 6673 1
6261 6674 1
6260 6675 1
6893 6675 1
6871 6675 1
6674 6675 1
6263 6675 5
6253 6678 4
6414 6680 4
6949 6681 1
6199 6681 2
6955 6682 1
6435 6682 2
6682 6683 2
6684 6683 2
6435 6684 2
6188 6685 4
6524 6685 1
6685 6686 2
6685 6687 2
6685 6688 2
6685 6689 2
6685 6690 2
6186 6691 6
6186 6692 6
6250 6693 5
6250 6694 5
6188 6695 4
6188 6696 4
6417 6697 1
6261 6698 1
7026 6699 2
6698 6699 1
6194 6699 4
6295 6700 1
6305 6701 1
6482 6702 5
6747 6703 1
6210 6703 3
7047 6703 1
6522 6704 1
6704 6705 1
6522 6705 2
6996 6705 1
6704 6706 1
6522 6706 2
6522 6707 3
6706 6707 2
6522 6708 3
6707 6708 3
6704 6708 1
6706 6709 2
6522 6709 3
6709 6710 3
6522 6710 3
6704 6710 1
6601 6711 1
6949 6712 1
6887 6712 1
6896 6712 1
6202 6712 4
6816 6713 2
6714 6713 3
6361 6714 4
6713 6715 3
6714 6715 4
6238 6716 2
6621 6717 1
6426 6717 2
6720 6719 1
6720 6721 2
6719 6721 1
6720 6722 3
6721 6722 2
6722 6723 3
6724 6723 4
6720 6724 3
6725 6726 1
6948 6726 2
6211 6727 4
6729 6728 1
6407 6729 5
6432 6730 2
6728 6730 1
6902 6730 1
6512 6731 1
6733 6732 1
6277 6734 2
6732 6734 1
6732 6735 1
6736 6735 1
6733 6736 1
6509 6737 1
6272 6739 5
6566 6740 1
6199 6744 1
6718 6747 1
6215 6748 2
6214 6748 1
6215 6749 2
6214 6749 1
6748 6749 2
6738 6750 1
6750 6751 1
6549 6751 2
6929 6751 1
6295 6753 1
6175 6754 2
6753 6754 1
6757 6755 1
6202 6756 2
6892 6756 1
6759 6758 1
6211 6759 4
6175 6760 1
6893 6761 1
6871 6761 3
6194 6761 6
6760 6761 1
6175 6762 1
6760 6762 1
6263 6763 2
7033 6763 1
6220 6764 2
6766 6765 1
6199 6767 1
6220 6768 1
6802 6769 1
6764 6769 2
6768 6769 1
6768 6770 1
6764 6770 1
6764 6771 1
6768 6771 1
6398 6772 1
6772 6773 1
6327 6773 3
6885 6773 1
6864 6773 1
6333 6774 1
6238 6775 1
6778 6777 1
6211 6778 4
6373 6780 1
6780 6781 1
6263 6781 2
6780 6782 1
6607 6782 2
6253 6783 1
6279 6785 3
6822 6785 2
6449 6786 3
6785 6786 3
6449 6787 3
6785 6787 3
6449 6788 3
6785 6788 3
6449 6789 4
6785 6789 3
6789 6790 4
6791 6790 4
6449 6791 4
6449 6792 3
6785 6792 3
6449 6793 3
6785 6793 3
6785 6794 3
6449 6794 3
6186 6798 1
6798 6799 1
6186 6799 3
6925 6799 2
6371 6800 2
6910 6800 1
6225 6801 6
6839 6801 1
6861 6801 1
6800 6801 2
6968 6801 1
6220 6802 1
6217 6803 4
6217 6804 2
6919 6804 1
7035 6805 1
6806 6805 2
6863 6806 4
6464 6806 1
6805 6807 2
6808 6807 2
6806 6808 2
6589 6811 1
6505 6812 1
6308 6813 1
6310 6814 2
6813 6814 1
7006 6814 1
6714 6815 1
6714 6816 2
6815 6816 1
6637 6817 1
6817 6818 1
6637 6818 1
6637 6819 1
6817 6819 1
6821 6820 1
6672 6822 2
6820 6822 1
6279 6823 2
6822 6823 2
6238 6824 1
6421 6825 1
6825 6826 1
6981 6826 1
6247 6826 2
6467 6827 1
6272 6828 5
6272 6829 5
6272 6830 5
6272 6831 5
6272 6832 5
6266 6833 2
6981 6833 1
6407 6834 1
6419 6835 1
6835 6836 1
6367 6836 1
6367 6837 1
6835 6837 1
6199 6838 2
6949 6838 1
6509 6839 1
6238 6840 1
6345 6841 1
6841 6842 1
6345 6842 1
6269 6843 1
6845 6844 1
6696 6846 1
6295 6847 1
6796 6848 1
6295 6849 1
6849 6850 1
6406 6850 1
6660 6851 1
6407 6852 1
6582 6853 1
6515 6855 1
6217 6856 3
6923 6856 1
6961 6856 1
6855 6856 1
6685 6857 1
6879 6857 2
6580 6858 1
6939 6859 1
7047 6859 1
6263 6859 3
6738 6860 1
6862 6861 1
6488 6864 1
6407 6865 1
6266 6866 1
6865 6866 1
6989 6867 3
6868 6867 4
6680 6868 1
6738 6868 1
6868 6869 4
6867 6869 4
6868 6870 5
6867 6870 4
6920 6870 4
6261 6871 3
6261 6872 1
6874 6873 7
6890 6873 3
6423 6874 7
6247 6874 3
6873 6875 5
6873 6876 5
6464 6877 1
6333 6878 2
6188 6879 2
6524 6879 1
6211 6880 4
6471 6880 4
6654 6881 1
6406 6882 1
6882 6883 1
6406 6883 2
6882 6884 1
6979 6884 1
6916 6884 1
6407 6884 3
6886 6885 1
6426 6886 3
6660 6887 1
6419 6888 1
6295 6889 1
6660 6892 1
6261 6893 1
6266 6894 2
6981 6894 1
6481 6895 1
6897 6896 1
6211 6897 4
6729 6898 2
6880 6899 1
6695 6900 1
6451 6901 1
6900 6901 1
6406 6902 1
6432 6903 1
6902 6903 1
6497 6904 1
7014 6905 1
6904 6905 1
6570 6905 2
6570 6906 1
6904 6906 1
6570 6907 1
6904 6907 1
6904 6908 1
6570 6908 1
6904 6909 1
6570 6909 1
6371 6910 1
6504 6911 1
6504 6912 1
7030 6913 1
6540 6913 2
6913 6914 2
6189 6914 2
6796 6915 1
6729 6916 1
6566 6917 1
6313 6918 3
6960 6918 2
6917 6918 1
6868 6920 4
6989 6920 3
6616 6921 1
6921 6922 1
6616 6922 2
6592 6923 1
6580 6924 1
6947 6925 1
6186 6925 2
6407 6926 1
6776 6927 1
6333 6928 1
6582 6929 1
6634 6930 1
6437 6931 1
6582 6932 1
6949 6933 1
6549 6933 2
6932 6933 1
6854 6935 1
6295 6936 1
6936 6937 1
6407 6937 2
6437 6938 1
6566 6939 1
6638 6941 1
6606 6942 1
6408 6943 1
6898 6944 1
6430 6944 1
6432 6944 3
6988 6945 1
6414 6945 2
6277 6946 2
6186 6947 1
6727 6949 1
6949 6950 1
6549 6950 1
6952 6951 1
6421 6953 1
6423 6954 1
6953 6954 1
6421 6955 1
6269 6957 1
6413 6958 1
6958 6959 1
6512 6959 2
6988 6959 1
6662 6960 2
7045 6960 1
6254 6961 1
6386 6962 1
6630 6963 1
6637 6964 1
6964 6965 1
6637 6965 1
6967 6966 1
6625 6968 1
6449 6969 1
6702 6970 1
6238 6971 1
6261 6972 1
6482 6973 1
6482 6974 1
6973 6974 1
6478 6975 1
6478 6976 1
6975 6976 1
6478 6977 1
6975 6977 1
6478 6979 1
6478 6980 1
6979 6980 1
6386 6981 1
6981 6982 1
6247 6982 1
6981 6983 1
6421 6983 3
6983 6984 3
6466 6984 3
6466 6985 1
6981 6985 1
6466 6986 1
6981 6986 1
6254 6987 1
6680 6988 1
7040 6989 1
6868 6989 3
6988 6989 1
6868 6990 3
6989 6990 3
6868 6991 3
6989 6991 3
6868 6992 3
6989 6992 3
6868 6993 3
6989 6993 3
6988 6994 1
6512 6994 1
6407 6995 1
6522 6996 1
6488 6997 1
6584 6998 1
6261 6999 1
6238 7000 1
6400 7001 1
6528 7002 1
7002 7003 1
6253 7003 3
7036 7003 1
6253 7004 3
7003 7004 3
6528 7005 2
7002 7005 1
7036 7005 1
6308 7006 1
7006 7007 1
6310 7007 1
6180 7008 1
6261 7009 1
6488 7010 1
6263 7011 1
6625 7012 1
6437 7013 1
6515 7014 1
7014 7015 1
6570 7015 1
6874 7016 1
7016 7017 1
7016 7018 1
7018 7019 1
6874 7020 1
6874 7021 1
6874 7022 1
6247 7023 1
6444 7024 1
6598 7025 1
7033 7026 1
6510 7026 2
7028 7027 1
7027 7029 1
6627 7029 1
6507 7030 1
6540 7031 1
7030 7031 1
6393 7032 1
6643 7033 1
6261 7034 1
6464 7035 1
6528 7036 1
6333 7037 1
6313 7038 1
6313 7039 1
7038 7039 1
6738 7040 1
6295 7041 1
6341 7042 1
6341 7043 1
7042 7043 1
6444 7044 1
6425 7045 1
6636 7046 1
6718 7047 1
6386 7048 1
