12243 12241 3
12242 12241 3
12245 12244 1
12576 12245 2
12459 12245 3
12255 12245 23
12570 12246 1
12309 12246 1
12247 12246 7
12340 12246 4
12244 12246 1
12245 12247 7
12310 12247 2
12308 12247 3
12249 12248 1
12323 12250 1
12248 12250 1
12571 12250 1
12286 12250 1
12430 12250 1
12568 12250 1
12529 12250 1
12251 12250 7
12249 12251 6
12394 12251 3
12306 12251 2
12287 12251 1
12384 12251 4
12323 12252 1
12571 12252 1
12568 12252 1
12286 12252 1
12248 12252 1
12506 12252 1
12381 12252 1
12529 12252 1
12251 12252 9
12430 12252 1
12251 12253 3
12286 12253 1
12248 12253 1
12506 12253 1
12255 12254 1
12528 12255 1
12527 12255 1
12267 12255 1
12254 12256 1
12740 12256 1
12255 12256 3
12458 12257 1
12585 12257 1
12595 12257 1
12419 12257 1
12542 12257 1
12441 12257 1
12593 12257 1
12362 12257 1
12258 12257 20
12439 12257 1
12256 12257 3
12254 12257 1
12431 12257 1
12456 12257 1
12363 12257 1
12592 12257 1
12581 12257 1
12266 12257 1
12290 12257 1
12532 12257 1
12740 12257 1
12274 12258 25
12265 12258 7
12289 12258 3
12310 12258 1
12247 12258 2
12267 12258 7
12255 12258 9
12411 12258 3
12407 12259 1
12278 12259 1
12740 12259 1
12256 12259 3
12569 12259 1
12350 12259 1
12348 12259 1
12542 12259 1
12255 12259 16
12441 12259 1
12580 12259 1
12532 12259 1
12339 12259 1
12595 12259 1
12733 12259 1
12592 12259 1
12407 12260 1
12389 12260 1
12575 12260 1
12354 12260 1
12733 12260 1
12254 12260 1
12355 12260 1
12532 12260 1
12339 12260 1
12577 12260 1
12350 12260 1
12245 12260 24
12530 12260 1
12740 12260 1
12256 12260 3
12502 12260 1
12569 12260 1
12580 12260 1
12278 12260 1
12735 12260 1
12592 12260 1
12595 12260 1
12441 12260 1
12348 12260 1
12245 12261 24
12260 12261 24
12263 12262 1
12305 12264 1
12356 12264 1
12555 12264 2
12723 12264 1
12560 12264 1
12541 12264 1
12265 12264 12
12262 12264 1
12340 12264 4
12310 12265 6
12308 12265 2
12245 12265 5
12263 12265 5
12267 12266 1
12269 12268 1
12335 12269 1
12283 12269 1
12336 12269 1
12271 12269 1
12268 12270 1
12271 12270 1
12269 12271 2
12357 12271 3
12334 12271 1
12274 12273 1
12527 12274 1
12562 12275 1
12521 12275 1
12258 12275 38
12574 12275 1
12349 12275 1
12390 12275 1
12723 12275 1
12752 12275 1
12586 12275 1
12347 12275 1
12510 12275 1
12448 12275 1
12408 12275 1
12276 12275 1
12412 12275 1
12360 12275 1
12317 12275 1
12746 12275 1
12460 12275 1
12434 12275 1
12439 12275 1
12273 12275 1
12754 12275 1
12593 12275 1
12393 12275 1
12351 12275 1
12419 12275 1
12456 12275 1
12741 12275 1
12750 12275 1
12277 12275 1
12291 12275 1
12292 12275 7
12274 12276 1
12274 12277 1
12255 12278 1
12280 12279 1
12744 12281 1
12547 12281 1
12548 12281 1
12543 12281 1
12549 12281 1
12505 12281 1
12737 12281 1
12588 12281 1
12748 12281 1
12551 12281 1
12324 12281 1
12499 12281 1
12753 12281 1
12511 12281 1
12279 12281 1
12450 12281 1
12533 12281 1
12398 12281 1
12409 12281 1
12282 12281 22
12545 12281 1
12736 12281 1
12747 12281 1
12500 12282 3
12451 12282 1
12325 12282 4
12272 12282 1
12280 12282 1
12550 12282 1
12285 12282 5
12503 12282 2
12422 12282 2
12410 12282 2
12334 12283 1
12284 12283 3
12269 12283 1
12287 12286 1
12289 12288 1
12552 12290 1
12288 12290 1
12258 12290 4
12449 12290 1
12265 12291 1
12421 12292 1
12291 12292 1
12265 12292 7
12570 12292 1
12572 12292 1
12309 12292 1
12418 12292 1
12294 12293 1
12316 12295 1
12734 12295 1
12596 12295 1
12397 12295 1
12559 12295 1
12743 12295 1
12293 12295 1
12296 12295 7
12258 12296 5
12294 12296 7
12293 12297 1
12559 12297 1
12743 12297 1
12397 12297 1
12314 12297 5
12316 12297 1
12298 12297 10
12258 12298 5
12294 12298 5
12296 12298 8
12314 12299 5
12596 12299 1
12296 12299 8
12293 12299 1
12298 12300 8
12314 12300 5
12299 12300 8
12299 12301 8
12298 12301 8
12299 12302 8
12298 12302 8
12299 12303 8
12298 12303 8
12314 12303 5
12299 12304 8
12298 12304 8
12314 12304 5
12263 12305 1
12308 12307 1
12384 12308 1
12405 12308 1
12251 12308 2
12310 12309 1
12245 12311 1
12247 12312 2
12311 12312 1
12312 12313 2
12247 12313 2
12542 12314 1
12312 12314 2
12458 12314 1
12258 12314 5
12294 12316 1
12274 12317 1
12319 12318 8
12361 12318 1
12584 12318 1
12501 12318 2
12269 12318 5
12501 12319 1
12269 12319 3
12361 12319 1
12342 12319 1
12322 12319 2
12433 12319 1
12321 12320 3
12501 12322 1
12269 12322 3
12318 12322 5
12249 12323 1
12325 12324 1
12447 12327 3
12326 12327 7
12446 12327 3
12327 12328 4
12327 12329 4
12534 12329 1
12749 12330 1
12331 12330 2
12579 12331 1
12406 12331 2
12454 12331 3
12497 12332 1
12415 12332 1
12371 12332 1
12578 12332 1
12333 12332 9
12330 12332 2
12745 12332 1
12341 12332 1
12755 12332 1
12361 12333 1
12454 12333 2
12319 12333 10
12322 12333 1
12331 12333 2
12269 12333 4
12342 12333 1
12433 12333 1
12358 12335 3
12334 12335 1
12269 12335 5
12334 12336 1
12359 12336 3
12269 12336 5
12331 12336 3
12269 12338 1
12361 12338 1
12318 12338 5
12255 12339 1
12420 12340 3
12245 12340 4
12342 12341 1
12721 12342 3
12515 12343 2
12341 12343 1
12319 12343 3
12341 12344 1
12345 12344 1
12342 12345 1
12322 12345 2
12333 12345 5
12269 12345 3
12341 12346 1
12345 12346 1
12274 12347 1
12255 12348 1
12274 12349 1
12255 12350 1
12274 12351 1
12333 12352 5
12496 12353 1
12255 12354 1
12255 12355 1
12263 12356 1
12274 12360 1
12267 12362 1
12267 12363 1
12269 12364 1
12364 12365 1
12283 12365 1
12367 12366 3
12364 12366 1
12745 12366 1
12512 12366 1
12269 12367 3
12318 12368 4
12563 12368 1
12364 12368 1
12519 12368 1
12435 12368 1
12338 12369 1
12364 12369 1
12338 12370 1
12364 12370 1
12269 12371 1
12415 12372 1
12336 12372 3
12535 12372 1
12371 12372 1
12333 12373 5
12371 12373 1
12399 12373 1
12749 12373 1
12432 12373 1
12512 12373 1
12512 12374 1
12371 12374 1
12535 12374 1
12336 12374 3
12420 12375 3
12245 12375 4
12265 12376 4
12375 12376 4
12265 12377 4
12375 12377 4
12265 12378 4
12375 12378 4
12375 12379 4
12265 12379 4
12375 12380 4
12265 12380 4
12306 12381 1
12381 12382 1
12251 12382 2
12384 12383 4
12382 12383 2
12385 12383 4
12251 12384 4
12382 12385 2
12506 12385 1
12251 12385 4
12308 12386 2
12382 12386 2
12382 12387 2
12308 12387 2
12455 12388 1
12308 12388 3
12382 12388 2
12255 12389 1
12274 12390 1
12247 12391 5
12531 12391 1
12544 12391 3
12247 12392 8
12391 12392 5
12420 12392 3
12274 12393 1
12396 12395 3
12294 12397 1
12285 12398 1
12361 12399 1
12720 12400 1
12318 12400 4
12399 12400 1
12558 12400 1
12424 12400 1
12424 12401 1
12519 12401 1
12558 12401 1
12318 12401 5
12720 12401 1
12399 12401 1
12399 12402 1
12319 12402 3
12558 12402 1
12432 12402 1
12338 12403 1
12399 12403 1
12384 12405 4
12546 12405 3
12255 12407 1
12274 12408 1
12410 12409 1
12274 12412 1
12255 12413 1
12255 12414 3
12587 12414 1
12751 12414 1
12413 12414 1
12269 12415 1
12415 12416 1
12345 12416 1
12318 12417 1
12415 12417 1
12310 12418 1
12255 12419 1
12245 12420 3
12419 12420 1
12456 12420 1
12310 12421 1
12269 12424 1
12424 12425 1
12722 12425 1
12335 12425 2
12558 12426 1
12322 12426 2
12424 12426 1
12558 12427 1
12322 12427 2
12424 12427 1
12424 12428 1
12558 12428 1
12322 12428 2
12512 12429 1
12424 12429 1
12535 12429 1
12319 12429 3
12249 12430 1
12267 12431 1
12433 12432 1
12274 12434 1
12269 12435 1
12519 12436 1
12435 12436 1
12512 12436 1
12335 12436 3
12512 12437 1
12435 12437 1
12322 12437 2
12525 12438 1
12411 12439 1
12255 12441 1
12442 12443 1
12466 12443 2
12444 12445 3
12274 12448 1
12289 12449 1
12451 12450 1
12405 12455 1
12255 12456 1
12411 12458 1
12274 12460 1
12453 12461 1
12461 12462 1
12463 12462 1
12453 12463 1
12465 12464 3
12468 12467 3
12322 12497 1
12422 12499 1
12255 12502 1
12285 12505 1
12306 12506 1
12454 12507 1
12507 12508 1
12331 12508 3
12755 12508 1
12512 12509 1
12508 12509 3
12336 12509 5
12745 12509 1
12274 12510 1
12422 12511 1
12269 12512 1
12345 12513 1
12512 12513 1
12512 12514 1
12345 12514 1
12512 12515 1
12322 12515 2
12515 12516 2
12345 12516 2
12335 12517 2
12512 12517 1
12519 12517 1
12319 12518 4
12345 12518 2
12269 12518 1
12269 12519 1
12465 12520 3
12274 12521 1
12522 12523 3
12525 12524 1
12438 12526 1
12524 12526 1
12249 12529 1
12255 12530 1
12245 12531 1
12255 12532 1
12325 12533 1
12269 12535 1
12535 12536 1
12345 12536 1
12345 12537 2
12535 12537 1
12518 12538 2
12537 12538 2
12535 12539 1
12518 12539 1
12271 12540 1
12535 12540 1
12263 12541 1
12267 12542 1
12503 12543 1
12308 12544 3
12555 12544 2
12285 12545 1
12410 12547 1
12325 12548 1
12550 12549 1
12503 12551 1
12289 12552 1
12384 12553 1
12308 12554 1
12553 12554 1
12308 12555 2
12553 12555 1
12555 12556 2
12308 12556 2
12553 12557 1
12384 12557 1
12501 12558 1
12294 12559 1
12263 12560 1
12274 12562 1
12501 12563 1
12565 12564 2
12594 12564 1
12589 12565 1
12564 12566 2
12567 12566 2
12565 12567 2
12249 12568 1
12255 12569 1
12310 12570 1
12249 12571 1
12310 12572 1
12333 12573 5
12274 12574 1
12576 12575 1
12576 12577 1
12333 12578 1
12255 12580 1
12267 12581 1
12464 12582 1
12582 12583 1
12464 12583 1
12267 12585 1
12274 12586 1
12255 12587 1
12272 12588 1
12467 12590 1
12467 12591 1
12590 12591 1
12255 12592 1
12411 12593 1
12589 12594 1
12255 12595 1
12294 12596 1
12584 12720 1
12269 12722 1
12310 12723 1
12255 12733 1
12294 12734 1
12255 12735 1
12500 12736 1
12285 12737 1
12255 12740 1
12274 12741 1
12294 12743 1
12500 12744 1
12269 12745 1
12274 12746 1
12500 12747 1
12325 12748 1
12454 12749 1
12274 12750 1
12255 12751 1
12274 12752 1
12285 12753 1
12274 12754 1
12454 12755 1
