9269 9268 1
9882 9270 1
9270 9271 1
9884 9271 1
9273 9272 1
9269 9273 1
9275 9274 32
9307 9274 28
9272 9274 1
9821 9274 1
9854 9274 1
9331 9275 2
9507 9275 1
9396 9275 2
9642 9275 1
9658 9275 1
9408 9275 3
9361 9275 1
9324 9275 1
9381 9275 1
9472 9275 2
9326 9275 2
9341 9275 1
9273 9275 10
9302 9275 3
9436 9275 1
9462 9275 1
9630 9275 1
9382 9275 1
9530 9275 1
9687 9275 3
9547 9275 1
9552 9275 1
9434 9275 1
9359 9275 1
9461 9276 1
9662 9276 1
9774 9276 1
9752 9276 1
9272 9276 1
9435 9276 1
9822 9276 1
9506 9276 1
9824 9276 1
9299 9276 1
9911 9276 1
9340 9276 1
9683 9276 1
9835 9276 1
9448 9276 1
9631 9276 1
9761 9276 1
9839 9276 1
9814 9276 1
9529 9276 1
9667 9276 1
9792 9276 1
9407 9276 1
9848 9276 1
9874 9276 1
9277 9276 26
9273 9277 9
9331 9277 1
9408 9277 2
9462 9277 1
9590 9277 1
9436 9277 1
9359 9277 1
9341 9277 1
9382 9277 1
9396 9277 1
9507 9277 1
9530 9277 1
9658 9277 1
9460 9277 2
9547 9277 1
9381 9277 1
9630 9277 1
9434 9277 1
9552 9277 1
9276 9278 26
9277 9278 28
9752 9278 1
9821 9278 1
9277 9279 29
9278 9279 28
9752 9280 1
9277 9280 29
9279 9280 29
9282 9281 4
9421 9283 20
9285 9284 4
9794 9284 1
9789 9284 1
9441 9284 1
9716 9285 1
9813 9285 1
9273 9285 2
9414 9285 1
9331 9285 1
9644 9285 1
9441 9285 1
9327 9285 1
9792 9285 1
9536 9285 1
9302 9285 2
9598 9285 1
9794 9285 1
9287 9285 22
9811 9285 1
9289 9285 1
9572 9285 1
9849 9285 1
9874 9285 1
9749 9285 1
9468 9285 5
9898 9285 1
9275 9285 6
9890 9285 1
9305 9285 4
9789 9285 1
9812 9285 1
9290 9285 1
9502 9285 1
9413 9285 1
9618 9285 2
9838 9285 1
9737 9285 1
9654 9286 1
9284 9286 1
9287 9286 2
9444 9287 2
9468 9287 6
9716 9287 1
9331 9287 1
9414 9287 1
9275 9287 6
9302 9287 2
9273 9287 2
9572 9287 1
9290 9287 1
9502 9287 1
9327 9287 1
9890 9287 1
9285 9287 1
9654 9288 1
9287 9288 2
9284 9288 1
9581 9289 1
9290 9289 3
9865 9289 1
9468 9290 1
9396 9290 1
9289 9291 1
9812 9291 1
9598 9291 1
9737 9291 1
9811 9291 1
9794 9291 1
9792 9291 1
9849 9291 1
9838 9291 1
9874 9291 1
9305 9291 4
9285 9291 16
9618 9291 2
9813 9291 1
9644 9291 1
9293 9292 2
9870 9292 1
9329 9293 1
9416 9293 4
9292 9294 2
9295 9294 2
9293 9295 4
9297 9296 2
9298 9297 2
9361 9298 3
9657 9298 3
9275 9298 1
9273 9299 1
9544 9300 1
9792 9300 1
9631 9300 1
9814 9300 1
9299 9300 1
9874 9300 1
9848 9300 1
9273 9300 8
9315 9301 1
9300 9301 8
9827 9301 1
9666 9301 1
9874 9301 1
9631 9301 1
9299 9301 1
9790 9301 1
9470 9301 2
9817 9301 1
9818 9301 1
9663 9301 1
9799 9301 1
9736 9301 1
9544 9301 1
9423 9301 1
9328 9301 1
9636 9301 1
9703 9301 1
9729 9301 1
9792 9301 1
9448 9301 1
9330 9301 12
9580 9301 1
9793 9301 1
9302 9301 35
9814 9301 1
9686 9301 1
9542 9301 1
9759 9301 1
9848 9301 1
9732 9301 1
9440 9302 1
9316 9302 10
9273 9302 9
9416 9302 3
9329 9302 9
9471 9302 4
9382 9302 1
9299 9303 1
9874 9303 1
9304 9303 6
9792 9303 1
9618 9303 2
9631 9303 1
9302 9304 2
9269 9304 1
9273 9304 4
9275 9305 4
9299 9305 1
9618 9305 2
9275 9306 5
9305 9306 4
9828 9306 1
9299 9307 1
9839 9307 1
9691 9307 1
9791 9307 1
9835 9307 1
9667 9307 1
9631 9307 1
9683 9307 1
9340 9307 1
9506 9307 1
9761 9307 1
9529 9307 1
9448 9307 1
9792 9307 1
9461 9307 1
9435 9307 1
9848 9307 1
9275 9307 28
9752 9307 1
9662 9307 1
9814 9307 1
9774 9307 1
9824 9307 1
9874 9307 1
9911 9307 1
9407 9307 1
9822 9307 1
9880 9308 1
9309 9308 2
9715 9310 1
9465 9310 1
9716 9310 2
9312 9311 1
9632 9313 1
9918 9313 1
9314 9313 16
9868 9313 1
9740 9313 1
9742 9313 1
9895 9313 1
9639 9313 1
9773 9313 1
9404 9313 1
9592 9313 1
9904 9313 1
9541 9313 1
9311 9313 1
9400 9313 1
9916 9313 1
9850 9313 1
9312 9314 17
9316 9315 1
9269 9316 1
9318 9317 20
9703 9317 1
9793 9317 1
9580 9317 1
9423 9317 1
9799 9317 1
9470 9317 2
9666 9317 1
9759 9317 1
9818 9317 1
9686 9317 1
9315 9317 1
9636 9317 1
9697 9317 1
9790 9317 1
9732 9317 1
9696 9317 1
9471 9318 6
9316 9318 10
9320 9319 21
9317 9319 20
9316 9320 3
9471 9320 3
9318 9320 20
9793 9321 1
9423 9321 1
9320 9321 21
9790 9321 1
9470 9321 2
9319 9321 21
9818 9321 1
9799 9321 1
9799 9322 1
9323 9322 21
9319 9322 21
9471 9323 2
9320 9323 21
9316 9323 3
9682 9324 2
9269 9325 1
9314 9326 4
9314 9327 4
9329 9328 1
9269 9329 1
9417 9329 1
9293 9329 1
9663 9330 1
9827 9330 1
9302 9330 12
9736 9330 1
9328 9330 1
9542 9330 1
9605 9330 4
9729 9330 1
9817 9330 1
9332 9331 3
9298 9333 1
9298 9334 1
9333 9334 1
9335 9336 4
9335 9337 4
9335 9338 4
9886 9339 1
9341 9340 1
9269 9341 1
9921 9342 1
9461 9342 1
9709 9342 1
9824 9342 1
9343 9342 7
9435 9342 1
9340 9342 1
9570 9342 1
9839 9342 1
9269 9343 1
9436 9343 1
9341 9343 1
9393 9343 1
9440 9343 1
9273 9343 1
9437 9343 1
9302 9343 1
9547 9343 1
9462 9343 1
9630 9343 1
9882 9344 1
9344 9345 1
9884 9345 1
9348 9347 5
9347 9349 4
9269 9349 1
9351 9350 3
9282 9353 4
9355 9354 1
9616 9355 2
9465 9355 1
9354 9356 1
9475 9356 1
9355 9356 2
9358 9357 4
9269 9359 1
9361 9360 1
9269 9361 1
9596 9362 1
9275 9362 6
9667 9362 1
9543 9362 1
9522 9362 2
9360 9362 1
9360 9363 1
9361 9363 2
9298 9364 4
9733 9364 1
9363 9364 2
9274 9364 1
9544 9365 1
9360 9365 1
9275 9365 4
9274 9365 1
9395 9365 1
9882 9366 1
9884 9367 1
9366 9367 1
9358 9368 4
9358 9369 4
9358 9370 4
9358 9371 4
9358 9372 4
9358 9373 4
9359 9374 3
9282 9375 4
9377 9376 2
9523 9376 1
9378 9377 1
9879 9380 4
9379 9380 1
9391 9380 2
9410 9380 4
9269 9381 1
9269 9382 1
9882 9383 1
9383 9384 1
9608 9384 1
9884 9384 2
9282 9385 4
9882 9386 2
9438 9387 1
9386 9387 2
9884 9387 3
9890 9388 4
9705 9388 1
9882 9389 2
9389 9390 2
9884 9390 2
9393 9392 1
9769 9393 1
9269 9393 1
9705 9394 1
9343 9394 2
9392 9394 1
9396 9395 1
9269 9396 1
9269 9397 1
9312 9398 1
9314 9399 1
9398 9399 1
9312 9400 1
9882 9401 1
9884 9402 1
9401 9402 1
9886 9403 1
9312 9404 1
9882 9405 1
9884 9406 1
9405 9406 1
9408 9407 1
9410 9409 1
9880 9410 3
9409 9411 1
9380 9411 3
9743 9411 1
9414 9413 1
9269 9414 1
9536 9415 1
9285 9415 5
9618 9415 2
9749 9415 1
9413 9415 1
9351 9418 3
9282 9419 4
9421 9420 1
9420 9422 1
9283 9422 1
9316 9423 1
9323 9424 5
9793 9424 1
9423 9424 1
9799 9424 1
9818 9424 1
9790 9424 1
9882 9425 1
9884 9426 1
9425 9426 1
9882 9427 1
9884 9428 1
9427 9428 1
9882 9430 1
9884 9431 1
9430 9431 1
9882 9432 2
9884 9433 2
9432 9433 2
9269 9434 1
9436 9435 1
9269 9436 1
9269 9437 1
9886 9438 1
9440 9439 1
9853 9441 1
9705 9441 1
9439 9441 1
9878 9441 1
9604 9441 1
9890 9441 12
9764 9441 1
9728 9441 1
9500 9441 1
9727 9441 1
9348 9442 3
9444 9443 1
9287 9445 1
9443 9445 1
9447 9446 3
9634 9446 2
9382 9448 1
9848 9449 1
9275 9449 7
9849 9449 1
9618 9449 2
9814 9449 1
9448 9449 1
9544 9449 1
9269 9450 1
9374 9451 1
9451 9452 1
9489 9452 1
9855 9452 1
9779 9452 1
9374 9452 4
9421 9453 1
9283 9454 1
9453 9454 1
9456 9455 4
9882 9457 6
9884 9458 5
9457 9458 5
9269 9459 1
9462 9461 1
9269 9462 1
9886 9463 5
9768 9464 1
9465 9464 2
9502 9465 1
9616 9465 4
9782 9466 1
9907 9466 1
9464 9466 1
9310 9466 3
9464 9467 1
9310 9467 1
9269 9468 1
9471 9470 2
9790 9470 1
9269 9471 1
9473 9472 2
9521 9472 1
9474 9473 2
9465 9475 1
9465 9476 1
9475 9476 1
9478 9477 1
9475 9477 1
9465 9478 1
9480 9479 1
9475 9479 1
9465 9480 1
9482 9481 1
9475 9481 1
9465 9482 1
9478 9483 1
9475 9483 1
9485 9484 1
9485 9486 1
9484 9486 1
9421 9487 1
9487 9488 1
9283 9488 1
9359 9489 1
9879 9490 1
9380 9491 3
9875 9491 1
9490 9491 1
9507 9492 1
9493 9492 2
9582 9492 1
9882 9494 1
9494 9495 1
9884 9495 1
9497 9496 2
9794 9496 1
9441 9496 1
9502 9497 1
9890 9497 1
9882 9498 1
9498 9499 1
9884 9499 1
9440 9500 1
9501 9502 3
9282 9503 4
9882 9504 2
9504 9505 2
9884 9505 2
9507 9506 1
9269 9507 1
9882 9508 2
9884 9509 2
9508 9509 2
9282 9510 4
9882 9511 1
9511 9512 1
9884 9512 1
9882 9513 2
9513 9514 2
9884 9514 2
9282 9515 4
9882 9516 1
9884 9517 1
9516 9517 1
9882 9518 1
9518 9519 1
9884 9519 1
9521 9520 1
9520 9522 1
9472 9522 2
9378 9523 1
9269 9525 1
9269 9526 1
9882 9527 1
9884 9528 1
9527 9528 1
9530 9529 1
9269 9530 1
9282 9531 4
9296 9533 1
9533 9534 1
9296 9534 1
9351 9535 3
9275 9536 3
9618 9536 2
9378 9537 4
9378 9538 4
9378 9539 4
9269 9540 1
9312 9541 1
9329 9542 1
9326 9543 1
9273 9544 1
9421 9545 1
9545 9546 1
9283 9546 1
9269 9547 1
9882 9548 1
9884 9549 1
9548 9549 1
9882 9550 5
9550 9551 5
9884 9551 5
9269 9552 1
9282 9553 4
9282 9554 4
9282 9555 4
9282 9556 4
9282 9557 4
9282 9558 4
9282 9559 4
9886 9560 1
9882 9562 1
9884 9563 1
9562 9563 1
9421 9564 1
9564 9565 1
9283 9565 1
9882 9566 1
9566 9567 1
9884 9567 1
9569 9568 2
9836 9568 1
9269 9571 1
9269 9572 1
9442 9573 3
9574 9573 3
9573 9574 3
9781 9574 1
9442 9574 3
9882 9576 2
9884 9577 2
9576 9577 2
9882 9578 1
9884 9579 1
9578 9579 1
9316 9580 1
9396 9581 1
9582 9583 1
9582 9584 1
9582 9585 1
9882 9586 1
9884 9587 1
9586 9587 1
9886 9588 1
9886 9589 1
9456 9591 4
9312 9592 1
9882 9594 1
9594 9595 1
9884 9595 1
9408 9596 1
9302 9597 4
9631 9598 1
9874 9598 1
9275 9598 8
9618 9598 2
9814 9598 1
9849 9598 1
9792 9598 1
9882 9599 1
9599 9600 1
9884 9600 1
9882 9601 1
9884 9602 1
9601 9602 1
9269 9603 1
9440 9604 1
9302 9605 4
9870 9605 1
9853 9605 1
9908 9605 1
9882 9606 1
9606 9607 1
9884 9607 1
9507 9608 1
9492 9609 1
9608 9609 1
9608 9610 1
9492 9610 2
9610 9611 2
9492 9611 2
9884 9612 2
9899 9612 1
9608 9612 1
9910 9613 1
9608 9613 1
9884 9613 2
9442 9614 1
9614 9615 1
9616 9615 2
9442 9616 2
9615 9617 2
9794 9617 1
9863 9617 2
9465 9617 5
9302 9618 2
9705 9618 1
9618 9619 2
9302 9619 2
9597 9620 3
9618 9620 2
9597 9621 3
9620 9621 3
9618 9621 2
9283 9622 2
9780 9622 1
9622 9623 2
9624 9623 2
9283 9624 2
9882 9625 1
9884 9626 1
9625 9626 1
9269 9627 1
9882 9628 1
9884 9629 1
9628 9629 1
9269 9630 1
9273 9631 1
9312 9632 1
9634 9633 2
9668 9633 1
9668 9634 1
9597 9634 1
9302 9634 1
9633 9635 2
9634 9635 2
9316 9636 1
9882 9637 1
9884 9638 1
9637 9638 1
9312 9639 1
9882 9640 1
9640 9641 1
9884 9641 1
9269 9642 1
9468 9644 1
9287 9645 5
9812 9645 1
9813 9645 1
9644 9645 1
9749 9645 1
9882 9646 3
9884 9647 3
9646 9647 3
9882 9648 1
9884 9649 1
9648 9649 1
9882 9650 1
9650 9651 1
9884 9651 1
9882 9652 1
9884 9653 1
9652 9653 1
9444 9654 1
9654 9655 1
9287 9655 1
9654 9656 1
9287 9656 1
9269 9658 1
9269 9659 1
9661 9660 4
9658 9662 1
9329 9663 1
9312 9664 4
9312 9665 4
9316 9666 1
9273 9667 1
9302 9668 2
9634 9669 2
9668 9669 1
9669 9670 2
9446 9670 2
9669 9671 2
9634 9671 2
9882 9672 2
9672 9673 2
9884 9673 2
9421 9674 1
9283 9675 1
9674 9675 1
9269 9676 1
9879 9677 1
9788 9678 1
9677 9678 1
9380 9678 3
9661 9679 4
9421 9680 1
9283 9681 1
9680 9681 1
9298 9682 2
9408 9683 1
9882 9684 2
9884 9685 2
9684 9685 2
9316 9686 1
9492 9688 1
9421 9689 1
9283 9690 1
9689 9690 1
9642 9691 1
9269 9692 1
9421 9693 1
9283 9694 1
9693 9694 1
9471 9696 1
9471 9697 1
9421 9698 1
9283 9699 1
9698 9699 1
9882 9700 1
9700 9701 1
9884 9701 1
9269 9702 1
9316 9703 1
9380 9704 3
9760 9704 1
9767 9704 1
9440 9705 1
9886 9707 1
9886 9708 1
9437 9709 1
9882 9710 1
9710 9711 1
9884 9711 1
9882 9712 1
9712 9713 1
9884 9713 1
9714 9715 1
9845 9715 2
9882 9717 2
9884 9718 2
9717 9718 2
9421 9720 1
9283 9721 1
9720 9721 1
9351 9722 3
9882 9723 1
9723 9724 1
9884 9724 1
9882 9725 1
9884 9726 1
9725 9726 1
9440 9727 1
9440 9728 1
9329 9729 1
9794 9730 1
9731 9730 2
9502 9731 1
9316 9732 1
9361 9733 1
9269 9734 1
9329 9736 1
9468 9737 1
9421 9738 1
9738 9739 1
9283 9739 1
9312 9740 1
9351 9741 3
9312 9742 1
9879 9743 1
9421 9744 1
9744 9745 1
9283 9745 1
9882 9746 1
9746 9747 1
9884 9747 1
9269 9748 1
9468 9749 1
9882 9750 1
9884 9751 1
9750 9751 1
9273 9752 1
9275 9753 1
9275 9754 1
9275 9755 1
9275 9756 1
9275 9757 1
9886 9758 1
9471 9759 1
9879 9760 1
9552 9761 1
9882 9762 1
9762 9763 1
9884 9763 1
9440 9764 1
9882 9765 1
9884 9766 1
9765 9766 1
9410 9767 1
9465 9768 1
9293 9770 1
9770 9771 1
9295 9771 1
9343 9772 1
9668 9772 1
9312 9773 1
9359 9774 1
9450 9775 1
9450 9776 1
9775 9776 1
9450 9777 1
9775 9777 1
9269 9778 1
9359 9779 1
9421 9780 1
9442 9781 1
9716 9782 1
9871 9783 1
9782 9783 1
9310 9783 3
9907 9783 1
9882 9784 1
9884 9785 1
9784 9785 1
9882 9786 1
9786 9787 1
9884 9787 1
9410 9788 1
9327 9789 1
9471 9790 1
9326 9791 1
9273 9792 1
9316 9793 1
9502 9794 1
9794 9795 1
9465 9795 1
9794 9796 1
9731 9796 1
9502 9797 1
9794 9797 1
9886 9798 2
9471 9799 1
9293 9801 1
9295 9802 1
9801 9802 1
9523 9803 1
9882 9804 1
9804 9805 1
9884 9805 1
9882 9806 1
9884 9807 1
9806 9807 1
9716 9811 1
9468 9812 1
9468 9813 1
9273 9814 1
9421 9815 1
9815 9816 1
9283 9816 1
9329 9817 1
9316 9818 1
9882 9819 1
9819 9820 1
9884 9820 1
9331 9821 1
9381 9822 1
9269 9823 1
9547 9824 1
9421 9825 1
9825 9826 1
9283 9826 1
9329 9827 1
9302 9828 1
9597 9829 1
9828 9829 1
9880 9830 1
9880 9831 1
9880 9832 1
9308 9833 1
9308 9834 1
9833 9834 1
9396 9835 1
9572 9838 1
9630 9839 1
9882 9840 2
9884 9841 2
9840 9841 2
9269 9842 1
9882 9843 2
9843 9844 2
9884 9844 2
9882 9846 1
9884 9847 1
9846 9847 1
9273 9848 1
9331 9849 1
9312 9850 1
9882 9851 1
9851 9852 1
9884 9852 1
9273 9853 1
9324 9854 1
9359 9855 1
9882 9856 1
9884 9857 1
9856 9857 1
9480 9858 1
9480 9859 1
9858 9859 1
9882 9860 1
9884 9861 1
9860 9861 1
9442 9862 1
9862 9863 1
9616 9863 2
9863 9864 2
9355 9864 2
9468 9865 1
9886 9866 1
9312 9868 1
9329 9870 1
9715 9871 1
9421 9872 1
9283 9873 1
9872 9873 1
9273 9874 1
9410 9875 1
9882 9876 1
9884 9877 1
9876 9877 1
9273 9878 1
9880 9879 3
9882 9881 2
9469 9882 2
9582 9882 1
9881 9883 2
9884 9883 2
9886 9884 22
9287 9884 5
9882 9884 98
9492 9884 1
9507 9884 1
9886 9885 3
9524 9886 2
9582 9886 1
9717 9887 1
9601 9887 1
9758 9887 1
9438 9887 1
9457 9887 3
9588 9887 1
9386 9887 1
9463 9887 5
9550 9887 5
9401 9887 1
9684 9887 2
9856 9887 1
9645 9887 5
9798 9887 2
9339 9887 1
9866 9887 1
9707 9887 1
9432 9887 1
9589 9887 1
9909 9887 1
9560 9887 1
9884 9887 50
9881 9887 1
9917 9887 1
9566 9887 1
9518 9887 1
9700 9887 1
9405 9887 1
9708 9887 1
9885 9887 3
9688 9887 1
9846 9887 1
9403 9887 1
9882 9888 2
9888 9889 2
9884 9889 2
9440 9890 7
9267 9890 3
9273 9890 2
9312 9895 1
9421 9896 1
9896 9897 1
9283 9897 1
9468 9898 1
9882 9899 1
9421 9900 1
9900 9901 1
9283 9901 1
9421 9902 1
9902 9903 1
9283 9903 1
9312 9904 1
9882 9905 1
9905 9906 1
9884 9906 1
9716 9907 1
9329 9908 1
9886 9909 1
9882 9910 1
9434 9911 1
9882 9912 1
9912 9913 1
9884 9913 1
9882 9914 1
9884 9915 1
9914 9915 1
9312 9916 1
9886 9917 1
9312 9918 1
9882 9919 1
9919 9920 1
9884 9920 1
9273 9921 1
