13630 13629 4
13949 13630 1
13632 13631 4
13633 13632 37
13863 13632 1
13870 13632 1
13830 13632 18
13867 13632 1
13873 13632 1
13866 13632 1
13831 13632 1
13829 13632 18
13828 13632 18
13638 13632 1
13827 13632 1
13865 13632 1
13859 13632 1
13871 13632 1
13868 13632 1
13631 13632 1
13864 13632 1
13635 13634 3
13633 13636 5
13830 13636 2
13828 13636 2
13829 13636 2
13636 13637 4
13772 13638 5
13827 13772 1
13831 13772 1
13632 13772 18
13638 13772 1
13866 13772 1
13859 13772 1
13867 13772 1
13868 13772 1
13635 13773 3
13777 13774 4
13775 13774 4
13774 13775 4
13776 13775 4
13834 13775 3
13850 13775 2
13861 13777 1
13634 13777 1
13871 13777 1
13638 13777 1
13803 13778 3
13780 13779 1
13937 13780 4
13804 13781 2
13779 13781 1
13782 13781 3
14038 13782 3
13780 13782 1
14028 13782 1
13870 13782 1
13788 13782 12
13850 13782 1
14140 13782 2
13847 13782 1
13804 13783 2
13779 13783 1
13782 13783 3
13804 13784 2
13779 13784 1
13782 13784 3
13782 13785 3
13779 13785 1
13804 13785 2
14063 13786 1
13779 13786 1
14143 13786 2
14119 13786 1
13782 13786 9
14054 13786 3
13786 13787 9
13788 13787 10
13782 13788 10
14057 13789 1
13787 13789 10
13782 13789 11
14057 13790 1
13782 13790 11
13787 13790 10
13787 13791 10
13782 13791 11
14057 13791 1
14057 13792 1
13787 13792 10
13782 13792 11
14057 13793 1
13787 13793 10
13782 13793 11
14096 13793 1
14057 13794 1
13782 13794 11
13787 13794 10
13842 13795 2
13779 13795 1
13796 13795 3
13843 13796 4
13861 13796 1
13780 13796 1
13779 13797 1
13798 13797 3
14091 13797 2
13780 13798 1
14030 13798 4
14091 13799 2
13779 13799 1
13798 13799 3
13779 13800 1
13801 13800 3
13874 13800 1
14044 13800 1
13861 13801 1
13875 13801 1
13780 13801 1
13779 13802 1
13803 13802 1
13780 13803 1
13861 13803 1
13862 13803 1
13796 13803 2
13778 13803 5
13894 13803 2
13788 13804 2
14099 13804 1
13782 13805 3
14096 13805 1
13804 13805 2
13782 13806 2
13804 13806 2
13808 13807 5
13861 13807 1
13810 13809 2
13893 13809 1
13868 13810 1
13845 13810 1
13892 13810 1
13812 13810 5
13812 13811 3
13809 13811 2
13810 13812 3
13810 13813 4
13811 13813 3
14080 13813 1
13811 13814 3
13810 13814 4
14080 13814 1
14080 13815 1
13810 13815 4
13811 13815 3
13811 13816 3
13810 13816 5
14080 13816 1
13900 13816 1
13818 13817 1
13774 13818 1
13634 13818 1
13638 13818 1
13917 13818 1
13798 13818 1
13820 13818 6
13817 13819 1
13820 13819 2
13818 13820 4
13818 13821 2
13819 13821 2
13818 13822 2
13819 13822 2
13818 13823 2
13819 13823 2
13818 13824 2
13819 13824 2
13818 13825 2
13819 13825 2
13819 13826 2
13818 13826 2
13772 13827 5
13772 13831 5
13960 13832 1
13900 13832 1
13977 13832 1
13772 13832 5
13955 13833 4
13899 13833 4
13772 13833 9
13832 13833 2
13775 13834 4
13835 13834 4
13841 13835 1
13866 13835 1
13885 13836 5
13837 13838 1
13840 13839 4
13877 13840 1
13635 13841 3
13974 13842 1
13843 13842 2
13796 13843 2
13796 13844 2
13842 13844 2
13846 13845 4
13868 13846 1
14043 13846 1
13848 13847 4
13870 13848 1
13631 13848 1
13827 13848 1
14028 13848 1
13635 13849 3
13848 13850 4
13775 13850 4
13852 13851 1
13630 13853 4
13840 13854 4
13774 13855 1
13775 13856 2
14120 13856 1
13855 13856 1
13858 13857 1
13772 13859 5
13773 13860 1
13859 13860 1
13860 13861 4
13860 13862 4
13632 13863 4
13632 13864 4
13632 13865 4
13772 13866 5
13772 13867 5
13772 13868 5
13632 13869 4
13632 13870 4
13632 13871 4
13632 13872 4
13632 13873 4
13875 13874 1
13877 13876 1
13635 13877 3
13840 13878 1
13876 13878 1
13840 13879 1
13876 13879 1
13840 13880 1
13876 13880 1
13852 13881 1
13883 13882 1
13885 13884 1
13975 13885 2
13836 13885 7
13841 13885 1
13834 13885 2
13836 13886 2
13884 13886 1
13886 13887 2
13885 13887 2
13886 13888 2
13885 13888 2
13885 13889 2
13886 13889 2
13885 13890 2
13886 13890 2
13885 13891 2
13886 13891 2
13846 13892 4
13892 13893 1
13807 13894 4
13837 13895 1
13895 13896 1
13837 13896 1
13837 13897 1
13895 13897 1
13837 13898 1
13895 13898 1
13900 13899 1
13772 13899 4
14101 13899 1
13960 13899 1
13868 13900 1
13977 13901 1
13984 13901 1
13900 13901 1
14101 13901 1
13960 13901 1
13772 13901 6
13954 13901 1
13632 13902 6
13960 13902 1
13954 13902 1
13977 13902 1
13984 13902 1
13900 13902 1
14101 13902 1
13772 13903 3
14101 13903 1
13984 13903 1
13900 13903 1
13846 13904 2
14042 13904 1
13900 13904 1
13900 13905 1
14042 13905 1
13846 13905 2
13900 13906 1
14042 13906 1
13846 13906 2
13839 13907 1
13907 13908 1
13992 13908 3
13909 13908 4
13854 13909 1
13839 13909 1
13993 13909 5
13992 13910 3
13907 13910 1
13909 13910 4
13907 13911 1
13992 13911 3
13909 13911 4
13907 13912 1
13992 13912 3
13909 13912 4
13850 13913 1
13913 13914 1
13775 13914 2
13914 13915 2
13990 13915 3
13972 13915 2
13775 13915 11
14058 13915 4
13917 13916 1
13777 13917 4
14131 13918 1
13818 13918 3
13916 13918 1
13918 13919 3
13820 13919 4
14156 13920 1
13919 13920 4
13818 13920 5
13919 13921 4
14156 13921 1
13818 13921 5
13932 13922 1
13919 13922 4
14156 13922 1
13818 13922 6
14101 13923 1
13818 13923 7
13919 13923 4
13932 13923 1
14156 13923 1
13932 13924 1
13818 13924 6
13919 13924 4
14156 13924 1
13919 13925 4
14156 13925 1
13818 13925 5
14041 13926 1
13927 13926 2
13926 13928 2
13927 13928 2
13796 13929 1
13929 13930 1
13843 13930 2
14044 13931 1
13930 13931 2
13796 13931 3
13798 13932 2
13894 13933 1
13996 13934 2
13803 13934 3
13933 13934 1
13937 13936 3
14133 13936 1
14041 13936 1
13849 13937 1
13859 13937 1
13927 13937 1
13865 13937 1
13977 13938 1
13994 13938 1
13936 13938 3
13937 13938 5
13852 13939 1
13861 13940 1
13942 13941 1
13940 13941 1
13861 13942 1
13937 13943 4
13945 13944 1
13945 13946 2
13944 13946 1
13883 13947 1
13949 13948 1
13635 13949 3
13948 13950 1
13630 13950 1
13630 13951 1
13948 13951 1
13630 13952 1
13948 13952 1
13630 13953 1
13948 13953 1
13827 13954 1
13772 13955 4
13954 13955 1
13977 13955 1
14101 13955 1
13955 13956 4
13772 13956 4
14123 13957 1
13954 13957 1
13772 13957 5
13955 13957 4
13848 13958 2
14063 13958 1
13954 13958 1
14063 13959 1
13954 13959 1
13848 13959 2
13866 13960 1
13960 13961 1
14108 13961 1
13835 13961 2
13835 13962 2
14108 13962 1
13960 13962 1
14108 13963 1
13835 13963 2
13960 13963 1
13772 13964 2
13960 13964 1
14101 13964 1
14108 13965 1
13835 13965 2
13960 13965 1
13871 13966 1
14051 13967 1
13632 13967 7
14061 13967 1
13966 13967 1
14069 13967 1
14133 13967 1
14081 13967 1
13967 13968 7
13632 13968 7
14131 13969 1
13777 13969 2
13966 13969 1
13971 13970 1
13966 13970 1
13871 13971 1
14128 13972 1
13775 13972 2
13775 13973 2
13972 13973 2
13796 13974 1
13835 13975 4
13859 13977 1
13977 13978 1
13772 13978 2
14123 13978 1
13860 13979 2
14138 13979 1
13977 13979 1
13977 13980 1
13860 13980 2
14138 13980 1
13852 13981 1
13983 13982 1
13867 13984 1
13984 13985 1
13986 13985 2
13867 13986 1
13984 13987 1
13985 13987 2
13986 13987 2
13986 13988 2
13985 13988 2
13984 13988 1
13985 13989 2
13984 13989 1
13986 13989 2
13775 13990 3
14149 13990 1
14113 13990 1
14154 13991 1
13909 13991 2
13991 13992 2
13993 13992 3
13909 13993 3
13849 13994 1
13870 13995 1
14038 13995 5
14052 13996 1
13778 13996 2
13996 13997 2
13803 13997 2
13996 13998 2
13803 13998 2
13803 13999 2
13996 13999 2
13803 14000 2
13996 14000 2
13996 14001 2
13803 14001 2
14065 14002 1
14147 14003 1
13803 14003 2
14003 14004 2
13778 14004 3
13803 14005 6
14047 14005 2
14035 14005 1
14004 14005 3
14047 14006 2
14004 14006 3
13803 14006 6
14035 14006 1
14004 14007 3
14035 14007 1
13803 14007 4
13803 14008 3
14004 14008 3
13803 14009 6
14035 14009 1
14004 14009 3
14047 14009 2
13803 14010 4
14004 14010 3
14035 14010 1
14012 14011 1
13986 14013 4
13858 14014 1
13945 14015 1
13945 14016 2
14015 14016 1
13834 14017 1
14025 14018 5
14017 14018 1
13885 14018 7
14126 14018 1
14126 14019 1
14025 14019 5
13885 14019 7
14017 14019 1
14017 14020 1
14126 14020 1
13885 14020 7
14025 14020 5
14126 14021 1
14025 14021 5
14017 14021 1
13885 14021 7
14126 14022 1
14025 14022 5
13885 14022 7
14017 14022 1
13975 14023 1
14108 14024 1
14078 14024 1
14023 14024 1
13885 14024 4
13836 14025 5
14024 14025 4
13883 14026 1
14026 14027 1
13883 14027 1
13635 14028 3
14030 14029 2
13932 14029 1
13798 14030 2
14029 14031 2
13798 14031 2
13798 14032 2
14029 14032 2
14029 14033 2
13798 14033 2
13798 14034 2
14029 14034 2
13894 14035 1
13995 14036 1
14038 14037 2
14036 14037 1
13995 14038 3
13995 14039 2
14037 14039 2
13995 14040 2
14037 14040 2
13927 14041 1
14043 14042 1
13635 14043 3
13861 14044 1
14044 14045 1
13807 14045 1
14044 14046 1
13803 14046 1
14044 14047 1
13796 14047 2
14044 14048 1
13796 14048 1
14131 14049 1
14044 14049 1
13777 14049 3
14101 14049 1
13983 14050 1
13863 14051 1
13803 14052 1
13883 14053 1
14071 14054 2
14038 14054 3
13995 14055 3
14054 14055 3
14054 14056 3
13995 14056 3
13850 14057 1
14156 14058 1
14057 14058 1
14126 14058 1
13775 14058 4
13852 14059 1
14012 14060 1
13631 14061 1
14061 14062 1
13848 14062 2
14063 14062 1
14028 14063 1
14096 14064 1
13848 14064 2
14063 14064 1
13858 14068 1
13873 14069 1
13883 14070 1
13995 14071 2
14096 14071 1
14127 14072 1
13812 14072 2
14072 14073 2
13810 14073 2
13810 14074 2
14072 14074 2
13810 14075 2
14072 14075 2
14072 14076 2
13810 14076 2
13927 14077 1
13975 14078 1
13983 14079 1
13845 14080 1
13864 14081 1
14012 14082 1
14082 14083 1
14012 14083 1
13852 14084 1
13993 14085 2
14098 14085 1
13909 14086 2
14085 14086 2
13909 14087 2
14085 14087 2
14085 14088 2
13909 14088 2
13909 14089 2
14085 14089 2
13798 14090 1
14030 14091 2
14090 14091 1
14091 14092 2
13798 14092 2
13798 14093 2
14091 14093 2
13852 14094 1
13883 14095 1
13870 14096 1
14096 14097 1
14123 14097 1
13632 14097 2
13909 14098 1
13782 14099 1
13883 14100 1
13638 14101 1
13777 14102 2
14131 14102 1
14101 14102 1
14131 14103 1
14101 14103 1
13777 14103 2
14131 14104 1
13777 14104 2
14101 14104 1
14101 14105 1
13777 14105 2
14131 14105 1
14131 14106 1
14101 14106 1
13777 14106 2
14101 14107 1
14131 14107 1
13777 14107 2
13841 14108 1
14108 14109 1
13835 14109 1
14108 14110 1
13835 14110 1
14108 14111 1
13835 14111 1
14108 14112 1
13835 14112 1
13774 14113 1
13852 14114 1
13858 14115 1
13852 14116 1
13852 14117 1
14116 14117 1
13847 14119 1
13834 14120 1
13945 14121 1
14121 14122 1
13945 14122 1
13831 14123 1
13632 14124 1
14123 14124 1
14123 14125 1
13772 14125 1
13834 14126 1
13810 14127 1
13774 14128 1
13858 14129 1
13858 14130 1
14129 14130 1
13634 14131 1
13945 14132 2
14135 14132 1
13865 14133 1
13632 14134 1
14133 14134 1
13945 14135 1
14140 14136 4
14012 14137 1
13773 14138 1
14140 14139 2
14146 14139 1
14136 14140 2
14139 14141 2
14136 14141 2
14139 14142 2
14136 14142 2
14140 14143 2
14152 14143 1
14143 14144 2
14136 14144 2
14143 14145 2
14136 14145 2
14136 14146 1
13862 14147 1
13883 14148 1
13834 14149 1
13983 14150 1
13983 14151 1
14150 14151 1
14136 14152 1
14012 14153 1
13854 14154 1
13883 14155 1
13774 14156 1
