7131 2318 1
4930 2318 1
4930 2319 1
7131 2319 1
4746 2320 1
4746 4403 1
4699 4406 1
4709 4407 1
4406 4407 1
4922 4408 1
4406 4408 1
4721 4409 2
4414 4409 1
4746 4410 3
4421 4410 2
4734 4411 1
4411 4412 1
4734 4412 1
4734 4413 1
4411 4413 1
4815 4414 1
4414 4415 1
4686 4415 1
4414 4416 1
4686 4416 1
4695 4417 1
4814 4418 1
4746 4419 1
4418 4419 1
4418 4420 1
4746 4420 1
4746 4421 2
4418 4421 1
4681 4422 1
4681 4425 1
4684 4681 3
4682 4681 4
4683 4682 15
4746 4682 10
4699 4682 3
4814 4682 1
4691 4682 1
4681 4682 4
4700 4682 6
4721 4682 26
4686 4685 1
7131 4686 1
4815 4686 1
4688 4687 3
4816 4687 1
4685 4687 1
4709 4688 1
4686 4688 1
4687 4689 3
4688 4689 3
4691 4690 1
4682 4691 4
7132 4692 35
4693 4692 37
4760 4692 8
4417 4692 1
4690 4692 1
4691 4693 1
4761 4693 8
4700 4693 1
4695 4693 1
7133 4693 35
7132 4694 35
4695 4694 38
4760 4694 8
4417 4694 1
4690 4694 1
4761 4695 8
4700 4695 1
4691 4695 1
7133 4695 35
4694 4696 38
4695 4696 38
4690 4697 1
4760 4697 8
4695 4697 9
4897 4698 1
4418 4698 1
4750 4698 1
4925 4698 1
4410 4698 3
4690 4698 1
4702 4698 3
4756 4698 5
4682 4698 45
4727 4698 26
4880 4698 3
4712 4698 13
4894 4698 6
4736 4698 3
4704 4698 16
2320 4698 1
4786 4698 1
4745 4698 1
4684 4699 3
4682 4699 4
4684 4700 1
4701 4700 2
4682 4700 4
4904 4702 1
4681 4702 3
4847 4702 2
4682 4703 12
4756 4703 5
4736 4703 3
4702 4703 3
4754 4704 2
4406 4704 1
4682 4704 16
4904 4704 1
4847 4704 2
4703 4704 12
4712 4704 13
4897 4704 1
4739 4704 2
4750 4704 1
4706 4705 22
4801 4705 5
4842 4705 1
4704 4705 16
4761 4706 6
4682 4706 16
4706 4707 16
4704 4707 16
4709 4708 12
4703 4708 12
4681 4709 3
4700 4709 2
4682 4709 14
4699 4709 1
4815 4709 1
4706 4709 2
4765 4709 11
4773 4709 10
4789 4709 3
4761 4709 9
4703 4710 12
4711 4710 12
4682 4711 12
4736 4712 3
4702 4712 3
4897 4712 1
4756 4712 5
4682 4712 13
4712 4713 13
4847 4713 2
4709 4713 23
4764 4713 10
4712 4714 13
4715 4714 23
4764 4714 10
4765 4715 10
4682 4715 13
4760 4716 8
4788 4716 3
4818 4716 1
4851 4716 1
4808 4716 7
4702 4716 3
4801 4716 5
7124 4716 32
4725 4716 23
4736 4716 3
4764 4716 10
7135 4717 1
4787 4717 10
4718 4717 12
7136 4718 2
4765 4718 9
4746 4718 10
4761 4718 8
4912 4719 1
7131 4719 13
4894 4719 6
4717 4719 12
4717 4720 12
4721 4720 12
4726 4721 23
4815 4721 1
4718 4721 12
4746 4721 3
4717 4722 12
4718 4722 23
4760 4722 8
4769 4722 9
4912 4722 1
4724 4723 21
4717 4723 12
4743 4723 9
4744 4724 9
4718 4724 12
4894 4725 6
4726 4725 23
4717 4725 12
4760 4725 8
4897 4725 1
4746 4726 6
4681 4726 1
4761 4726 8
4718 4726 12
4414 4727 1
4721 4727 26
4880 4727 3
4725 4727 23
4409 4728 2
7131 4728 27
4727 4728 26
4724 4729 21
4717 4729 12
4743 4729 9
4743 4730 9
4724 4730 21
4717 4730 12
4811 4731 1
4717 4731 12
7131 4731 13
4724 4732 21
4743 4732 9
4717 4732 12
4733 4734 3
4406 4735 1
4699 4735 2
4699 4736 3
4735 4736 2
4406 4736 1
4738 4737 3
4700 4739 2
4750 4739 1
4879 4740 1
4742 4740 3
4741 4740 2
4760 4743 8
4744 4743 9
4761 4744 8
4746 4745 1
4682 4746 6
4814 4746 2
4738 4746 2
4823 4746 4
4724 4746 6
4911 4746 1
4746 4747 12
4894 4747 6
4745 4747 1
4787 4747 10
4745 4748 1
4749 4748 9
4760 4748 8
4761 4749 8
4746 4749 3
4700 4750 1
4754 4751 2
4709 4751 2
4750 4751 1
4750 4752 1
4753 4752 1
4700 4753 2
4750 4754 1
4700 4754 2
4754 4755 2
4753 4755 2
4700 4756 5
4884 4756 1
4754 4756 2
7127 4757 6
4788 4757 3
4912 4757 1
7131 4758 7
4794 4758 5
4793 4758 5
4757 4758 5
4794 4759 5
7131 4759 6
4757 4759 5
4761 4760 8
4808 4760 7
4820 4761 3
4709 4761 4
4804 4761 6
4760 4762 8
4847 4762 2
4709 4762 10
4760 4763 8
4709 4763 9
4897 4763 1
4765 4764 10
4760 4764 8
4902 4764 1
4761 4765 9
4760 4766 8
4769 4766 9
4709 4766 10
4897 4766 1
4897 4767 1
4709 4767 9
4760 4767 8
4760 4768 8
4709 4768 8
4765 4769 9
4760 4769 8
4760 4770 8
4709 4770 8
4760 4771 8
7134 4771 8
4760 4772 8
4773 4772 8
4405 4773 1
4761 4773 10
4404 4773 1
4760 4774 8
4709 4774 8
4760 4775 8
4773 4775 9
4749 4776 9
4896 4776 1
4760 4776 8
4749 4777 9
4760 4777 8
4891 4777 1
4760 4778 8
4773 4778 9
4778 4779 9
4709 4779 10
4809 4779 8
4864 4780 2
4781 4780 10
4778 4780 9
4809 4780 8
4709 4781 3
4815 4781 1
4773 4781 10
4778 4782 9
4781 4782 9
4778 4783 9
4781 4783 9
4778 4784 9
4781 4784 9
4760 4785 8
4773 4785 8
4746 4786 1
4844 4787 8
4746 4787 10
4786 4787 1
4864 4788 2
4789 4788 3
4709 4789 2
4800 4790 4
4826 4790 3
4788 4790 3
4709 4790 7
4788 4791 3
4792 4791 3
4815 4792 1
7127 4792 8
4709 4792 3
4789 4792 3
7127 4793 6
4912 4793 1
4788 4793 3
4788 4794 3
4912 4794 1
7127 4794 6
4794 4795 5
4792 4795 5
4788 4796 3
4792 4796 3
4788 4797 3
4798 4797 3
4789 4798 3
4788 4799 3
4709 4799 3
4864 4800 2
4709 4800 4
4788 4800 3
4761 4801 5
4800 4801 4
4706 4802 5
4801 4802 5
4902 4803 1
4801 4803 5
4804 4803 6
4761 4804 6
4888 4804 3
4804 4806 6
4801 4806 5
4761 4807 6
4806 4807 6
4761 4808 7
4806 4808 6
4808 4809 7
4773 4809 8
4798 4810 3
4788 4810 3
7136 4811 1
4811 4812 1
7131 4812 1
4746 4813 3
4850 4814 1
4746 4814 6
4841 4814 4
4749 4814 4
4813 4814 4
4909 4815 1
4683 4815 5
4709 4816 1
4851 4817 1
4816 4817 1
4781 4817 2
4815 4818 1
7136 4819 5
4822 4821 3
4693 4824 4
4706 4825 2
4842 4825 1
4842 4826 1
4709 4826 3
4825 4826 2
4826 4827 3
4709 4827 4
4851 4827 1
4709 4828 4
4826 4828 3
4851 4828 1
4826 4829 3
4851 4829 1
4709 4829 4
4826 4830 3
4851 4830 1
4709 4830 4
4709 4831 3
4826 4831 3
4709 4832 4
4851 4832 1
4826 4832 3
4792 4833 3
4826 4833 3
4793 4835 1
4794 4835 1
4792 4835 3
4757 4835 1
4757 4836 1
4794 4836 1
4792 4836 2
4814 4837 1
4837 4838 1
4746 4838 1
4746 4839 1
4837 4839 1
4746 4840 1
4837 4840 1
4746 4841 5
4761 4842 1
4842 4843 1
4773 4843 1
4403 4844 1
4894 4844 6
4746 4844 8
4846 4845 3
4681 4847 2
4904 4847 1
4847 4848 2
7134 4848 2
4847 4849 2
7134 4849 2
4815 4851 1
7124 4852 1
4851 4852 1
7124 4853 1
4851 4853 1
4851 4854 1
4792 4854 1
4792 4855 1
4851 4855 1
4851 4856 1
4709 4856 1
4851 4857 1
4709 4857 1
4709 4858 1
4851 4858 1
4851 4859 1
4709 4859 1
4851 4860 1
4709 4860 1
4851 4861 1
4709 4861 1
4851 4862 1
4709 4862 1
4709 4863 1
4851 4863 1
4851 4864 1
4709 4864 2
4781 4865 2
4851 4865 1
4864 4865 2
4789 4866 2
4864 4866 2
4781 4867 1
4851 4867 1
4851 4868 1
4781 4868 1
4781 4869 1
4851 4869 1
4781 4870 1
4851 4870 1
7134 4871 1
4851 4871 1
7134 4872 1
4851 4872 1
4851 4873 1
7134 4873 1
7134 4874 1
4851 4874 1
4734 4875 1
4411 4876 1
4875 4876 1
4734 4876 2
4878 4877 3
4746 4880 3
4892 4880 2
4880 4881 3
4813 4881 3
4700 4884 1
4884 4885 1
4693 4885 1
4884 4886 1
4695 4886 1
4726 4887 1
7136 4889 5
4887 4890 1
4725 4890 1
4746 4891 1
4891 4892 1
4746 4892 2
4410 4893 3
4892 4893 2
4841 4893 5
4418 4894 1
4746 4894 6
4892 4894 2
4410 4894 3
4789 4895 1
4746 4896 1
4681 4897 1
4899 4898 2
4423 4898 1
4682 4900 1
4900 4901 1
4682 4901 1
4761 4902 1
4902 4903 1
4804 4903 1
4681 4904 1
4904 4905 1
4709 4905 1
4907 4906 1
4904 4906 1
4681 4907 1
4904 4908 1
4682 4908 1
4683 4910 3
7136 4912 1
4912 4913 1
7131 4913 1
7131 4914 1
4912 4914 1
4912 4915 1
7131 4915 1
4912 4916 1
7131 4916 1
4912 4917 1
7131 4917 3
4421 4917 2
4912 4918 1
7136 4918 1
7131 4919 1
4912 4919 1
4912 4920 1
7131 4920 1
4746 4921 1
4699 4922 1
4761 4923 1
4773 4924 1
4923 4924 1
4682 4925 1
4682 4926 1
4925 4926 1
4925 4927 1
4682 4927 1
4700 4928 1
4889 4929 1
7131 4930 1
4699 7124 3
4815 7124 2
4765 7124 10
4761 7124 8
4681 7124 3
4726 7124 23
4789 7124 3
4808 7125 7
4801 7125 5
4764 7125 10
4702 7125 3
4760 7125 8
7124 7125 34
4851 7125 1
4818 7125 1
4736 7125 3
4725 7125 23
4788 7125 3
4788 7126 3
7125 7126 34
4756 7126 5
4743 7126 9
4717 7126 12
4727 7126 26
4842 7126 1
7127 7126 48
4912 7126 1
4747 7126 12
4700 7127 5
7124 7127 34
4761 7127 1
4718 7127 12
4789 7127 3
7136 7127 1
4746 7127 12
4721 7127 26
4744 7127 9
4406 7128 1
4422 7128 1
4760 7128 8
4775 7128 9
4425 7128 1
7126 7128 48
4842 7128 1
4722 7128 1
4928 7128 1
4794 7128 6
4750 7128 1
4904 7128 1
4717 7128 12
4769 7128 9
4736 7128 3
4912 7128 1
4747 7128 12
7129 7128 58
4923 7128 1
4921 7128 1
4681 7129 3
4746 7129 13
7127 7129 50
4761 7129 10
7136 7129 1
4699 7129 3
4773 7129 9
4765 7129 9
4700 7129 2
4718 7129 13
7131 7130 48
7126 7130 48
4883 7131 7
7136 7131 2
4721 7131 27
7127 7131 51
4718 7131 12
4746 7131 6
7125 7132 34
7133 7132 35
4897 7132 1
4406 7132 1
4736 7132 3
4760 7132 8
4761 7133 8
7124 7133 34
4681 7133 1
4699 7133 3
4761 7134 8
4681 7134 2
4815 7134 1
4912 7135 1
4929 7135 1
7136 7135 3
4882 7136 3
4889 7136 1
7131 7136 3
4733 7136 3
4724 7136 8
4820 7136 7
