178 177 1
210 178 3
178 179 1
177 179 1
182 180 3
214 180 3
181 180 3
183 184 3
187 186 3
185 186 3
192 188 1
189 188 1
190 188 1
191 190 2
260 193 1
194 193 2
196 195 1
210 196 3
195 197 1
196 197 1
199 198 1
218 199 3
198 200 1
201 200 1
199 201 1
191 202 4
202 203 1
203 204 1
205 204 1
202 205 1
203 206 1
205 206 1
203 207 1
205 207 1
205 208 1
203 208 1
205 209 1
203 209 1
212 211 3
210 213 3
186 214 1
210 214 3
216 215 3
214 217 1
218 217 3
218 220 3
218 221 3
214 249 2
255 249 1
249 250 2
180 250 2
214 251 1
251 252 1
217 252 1
213 253 1
253 254 1
213 254 1
186 255 1
255 256 1
214 256 2
256 257 2
180 257 2
214 258 1
258 259 1
214 259 1
