1 0 1
441 1 3
1218 2 1
186 2 1
147 2 1
1333 2 1
595 2 1
968 2 1
1240 2 1
1140 2 1
512 2 1
653 2 1
0 2 1
3 2 11
1141 3 1
654 3 1
1219 3 1
148 3 1
187 3 1
168 3 1
969 3 1
513 3 1
440 3 1
1175 3 1
1 3 1
1118 4 1
5 4 4
883 5 1
471 5 2
7 6 1
47 7 5
1104 7 1
1103 8 1
6 8 1
7 8 3
1026 9 4
640 9 2
975 9 2
950 9 2
1013 9 1
8 9 3
10 9 14
1014 10 1
169 10 4
316 10 2
205 10 2
22 10 2
7 10 3
12 11 4
207 12 11
241 12 10
828 12 1
14 13 1
16 14 4
1284 15 1
109 15 1
668 15 1
13 15 1
16 15 6
669 16 1
14 16 3
1106 17 1
1291 17 1
829 17 1
331 17 1
1182 17 1
719 17 3
598 17 2
15 17 5
18 17 16
1107 18 1
332 18 2
803 18 1
718 18 3
830 18 1
16 18 6
1089 19 1
17 19 16
20 19 18
1037 20 1
525 20 1
718 20 3
962 20 1
638 20 2
471 20 1
612 20 4
760 20 3
18 20 16
19 21 18
22 21 18
316 22 1
47 22 5
20 22 18
477 23 2
696 23 4
1328 23 1
1170 23 1
685 23 2
161 23 59
1297 23 1
1330 23 1
25 23 126
1155 23 2
240 23 10
519 23 7
618 23 8
1173 23 1
779 23 2
129 23 1
1092 23 3
677 23 1
703 23 2
763 23 5
158 23 57
981 23 1
326 23 6
666 23 11
723 23 6
741 23 2
19 23 18
24 23 126
241 24 10
298 24 1
207 24 11
130 24 1
638 24 1
260 24 1
159 24 59
327 24 6
1217 24 1
20 24 32
255 24 2
269 24 1
258 24 2
139 24 2
222 24 3
262 24 1
619 24 8
278 24 3
261 24 1
23 25 126
1294 25 1
24 25 126
1296 26 1
19 26 18
22 26 19
19 27 18
151 27 1
28 27 20
317 28 2
152 28 1
475 28 1
170 28 9
20 28 18
399 28 2
400 28 2
401 28 2
27 29 20
28 29 20
27 30 20
28 30 20
444 31 1
32 31 8
723 31 6
445 32 1
301 32 4
20 32 6
63 32 3
32 33 8
31 33 8
16 34 4
36 35 1
1063 36 2
1117 36 3
334 36 10
35 37 1
38 37 4
633 37 2
36 38 1
296 38 2
178 38 7
40 39 4
37 39 4
43 40 8
38 40 4
38 41 4
37 41 4
225 42 4
633 42 2
761 42 3
575 42 2
886 42 1
859 42 1
35 42 1
1267 42 1
43 42 16
1139 42 1
291 43 1
36 43 5
198 43 1
296 43 2
299 43 1
34 43 1
760 43 3
471 43 2
1039 43 1
957 43 1
63 43 50
35 44 1
633 44 2
237 44 5
45 44 9
36 45 7
296 45 2
44 46 9
49 46 10
48 46 11
47 46 12
58 47 43
45 47 12
231 48 5
45 48 11
44 48 9
44 49 9
45 49 10
51 50 2
447 50 1
53 52 1
52 54 1
172 54 1
55 54 3
53 55 1
54 56 3
1018 56 2
871 56 2
55 56 11
282 57 4
47 57 9
169 58 3
176 58 1
319 58 3
803 58 1
22 58 1
830 58 1
28 58 5
320 58 3
170 58 3
60 59 3
61 59 5
62 61 40
290 62 1
293 62 2
121 62 3
63 62 74
1142 64 1
65 64 2
63 65 3
532 66 2
67 66 5
64 66 2
638 67 1
65 67 2
76 68 4
66 68 5
69 68 7
932 69 1
67 69 8
1282 69 1
71 70 5
66 70 5
932 71 1
1282 71 1
67 71 5
533 72 3
64 72 2
67 72 5
76 73 4
64 73 2
67 73 4
75 74 2
64 74 2
277 75 1
63 75 14
1201 75 1
334 75 10
638 75 1
65 75 2
504 75 1
36 75 3
964 75 1
536 76 1
64 76 2
67 76 4
78 77 4
76 77 4
67 78 4
76 79 4
679 79 2
80 79 6
638 80 1
67 80 4
687 81 2
1185 81 1
481 81 4
340 81 4
76 81 4
82 81 23
1322 81 1
710 81 1
914 81 6
1164 81 1
382 82 1
711 82 1
280 82 4
279 82 1
36 82 4
250 82 1
556 82 1
384 82 1
381 82 1
631 82 1
278 82 8
1063 82 1
67 82 4
687 83 2
76 83 4
1245 83 1
82 83 7
76 84 4
687 84 2
82 84 6
536 85 1
64 85 2
67 85 3
87 86 5
43 86 4
91 87 1
1020 87 1
107 87 20
100 87 2
90 87 2
88 87 3
94 87 8
568 87 1
43 87 42
389 87 1
1137 87 1
98 87 2
101 87 1
102 88 5
1020 88 1
87 88 5
522 89 1
87 89 5
55 89 1
1030 90 1
87 90 5
102 90 5
102 91 7
87 91 7
568 92 1
87 92 5
102 92 5
522 93 1
102 93 5
87 93 5
522 94 4
102 94 11
422 94 4
87 94 11
201 95 2
283 95 1
1137 95 1
522 95 1
87 95 5
102 95 5
40 96 7
102 96 7
608 96 1
1001 96 2
87 96 7
300 96 1
298 96 1
661 96 1
96 97 8
102 98 5
117 98 1
87 98 5
522 99 1
102 99 5
87 99 5
389 99 1
102 100 5
1096 100 1
87 100 5
522 101 1
87 101 5
102 101 5
1122 101 1
43 102 38
296 103 7
43 103 4
105 104 1
107 105 7
62 105 16
573 106 3
104 106 1
442 106 2
107 106 6
274 107 2
87 107 3
105 107 1
104 108 1
105 108 1
14 109 1
111 110 2
113 110 1
923 110 1
51 111 1
1148 111 1
112 111 2
112 115 1
114 115 3
117 116 1
98 118 3
116 118 1
359 118 2
447 119 1
51 119 2
62 120 12
62 121 4
120 121 11
198 122 1
305 122 1
121 122 6
901 122 1
34 122 1
613 122 1
776 122 1
752 122 1
957 122 1
1123 122 1
478 122 1
525 122 2
712 122 1
304 122 4
14 122 1
718 122 2
418 122 2
1107 122 1
36 122 3
555 122 1
36 123 3
121 123 6
487 123 1
1285 123 1
418 124 2
321 124 4
305 124 1
121 124 6
36 124 3
850 125 3
1047 125 1
371 125 11
369 125 9
12 126 4
128 127 4
391 128 1
464 128 2
127 128 1
130 129 1
274 130 7
266 130 11
95 131 2
1136 131 1
95 132 3
131 132 2
134 133 3
132 133 3
95 134 4
132 135 3
95 135 4
135 136 4
95 136 4
134 137 4
135 137 4
135 138 4
95 138 4
207 139 11
214 139 1
141 140 2
436 140 1
209 140 1
283 140 1
143 142 2
1023 142 1
305 142 1
145 144 2
310 144 1
739 144 1
146 145 12
143 145 6
148 147 1
662 148 1
148 149 2
147 149 1
149 150 2
148 150 3
1169 150 1
152 151 1
28 152 8
28 153 1
151 153 1
12 154 4
352 156 5
1190 156 2
406 156 5
728 156 1
671 156 5
925 156 2
343 156 8
546 156 5
366 156 10
885 156 2
157 156 46
205 157 2
254 157 5
261 157 8
269 157 2
206 157 30
267 157 8
524 157 14
259 157 10
282 157 5
262 157 1
263 157 5
281 157 2
614 158 2
1183 158 1
1283 158 1
159 158 57
353 158 29
156 158 46
345 158 16
825 158 3
865 158 3
487 159 1
524 159 1
261 159 3
157 159 51
165 159 1
332 159 2
523 159 1
158 160 57
159 160 58
160 161 58
159 161 59
865 161 3
158 162 57
159 162 57
159 163 47
156 163 46
165 164 48
163 164 47
159 165 57
361 165 4
348 166 50
164 166 48
167 166 53
206 167 1
165 167 53
1318 167 1
170 169 7
47 170 5
171 170 14
47 171 17
55 172 1
174 173 2
1308 173 1
176 175 1
47 176 1
476 176 2
251 176 1
171 176 6
176 177 2
175 177 1
57 178 8
180 179 1
617 180 3
943 181 2
180 181 4
179 181 1
181 182 4
180 182 6
1371 182 1
184 183 14
1266 183 1
433 183 6
1320 183 1
182 183 6
431 184 6
977 184 1
180 184 6
789 184 1
180 185 6
182 185 6
187 186 1
186 188 1
187 188 2
1228 189 1
190 189 6
188 189 2
971 189 3
187 190 2
1229 190 1
969 190 3
1308 191 1
192 191 2
194 193 1
617 194 3
194 195 1
193 195 1
1221 196 1
134 196 4
496 196 1
197 196 3
16 198 4
541 199 2
199 200 4
203 202 4
1165 202 3
260 203 7
203 204 4
202 204 4
157 205 5
58 205 4
896 205 1
63 206 32
165 206 1
718 207 3
760 207 3
962 207 1
34 207 1
1039 207 1
471 207 1
209 208 5
212 208 5
290 209 1
250 209 12
293 209 3
299 209 2
298 209 1
210 209 26
300 209 1
1006 210 1
660 210 6
471 210 2
36 210 3
209 210 1
239 210 2
760 210 3
287 210 1
34 210 1
292 210 1
334 210 10
211 210 31
82 210 1
210 212 13
36 212 3
1217 212 1
239 212 2
214 213 1
666 215 11
213 215 1
139 215 12
34 216 1
1339 217 2
1008 217 1
902 217 1
1257 217 1
554 217 1
218 217 17
1342 217 1
900 217 1
1343 217 1
1161 217 1
1315 217 1
1022 217 1
526 217 2
848 217 1
1372 217 1
216 217 1
957 218 1
712 218 1
752 218 1
1123 218 1
776 218 1
718 218 2
478 218 1
14 218 1
901 218 1
525 218 2
1107 218 1
34 218 1
613 218 1
555 218 1
198 218 1
554 219 1
1008 219 1
848 219 1
220 219 17
1343 219 1
1161 219 1
1022 219 1
1339 219 2
1372 219 1
1342 219 1
1315 219 1
1257 219 1
216 219 1
526 219 2
900 219 1
902 219 1
752 220 1
1107 220 1
776 220 1
613 220 1
14 220 1
34 220 1
198 220 1
555 220 1
957 220 1
525 220 2
901 220 1
718 220 2
1123 220 1
712 220 1
478 220 1
900 221 1
526 221 2
1315 221 1
848 221 1
122 221 17
1022 221 1
1342 221 1
1372 221 1
1343 221 1
1257 221 1
902 221 1
1008 221 1
1161 221 1
216 221 1
554 221 1
1339 221 2
1102 222 1
223 222 3
962 222 1
224 224 2
1064 225 3
36 225 4
886 226 1
43 226 5
1064 226 3
225 226 4
228 227 4
225 227 4
36 228 4
225 229 4
230 229 4
36 230 5
36 231 5
225 231 4
228 232 4
225 232 4
225 233 4
228 233 5
979 234 1
233 234 5
235 234 8
1007 234 1
236 234 5
1219 235 1
228 235 6
513 235 1
362 235 2
228 236 5
225 236 4
225 237 4
36 237 5
239 238 1
719 240 3
761 240 3
1230 240 1
1294 240 1
241 240 10
238 240 1
718 241 3
1217 241 1
239 241 1
760 241 3
241 242 10
240 242 10
12 243 16
1119 243 1
666 243 11
240 243 10
238 244 1
239 244 1
238 245 1
239 245 2
1321 246 1
212 246 6
1064 246 3
245 246 2
210 247 25
245 247 2
575 247 2
1260 247 1
1332 247 1
761 247 3
1135 247 1
659 247 6
1064 247 3
1152 247 1
333 247 10
859 247 1
245 248 2
1332 248 1
210 248 3
1322 249 1
250 249 3
245 249 2
140 250 3
293 250 1
296 250 1
239 250 2
209 250 1
631 250 1
383 250 18
294 250 1
62 252 38
252 253 35
61 253 35
270 253 35
274 254 7
253 254 8
253 255 8
105 255 5
270 256 5
253 256 8
61 256 5
288 256 3
61 257 5
253 257 8
105 257 5
265 257 10
974 257 1
273 257 5
266 257 12
252 257 5
270 257 5
105 258 5
253 258 8
1049 259 1
274 259 7
253 259 8
130 259 8
273 259 5
265 259 10
266 259 12
266 260 11
270 260 5
274 260 7
253 260 8
273 260 5
203 260 14
61 260 5
253 261 8
274 261 7
274 262 7
253 262 8
253 263 8
274 263 7
253 264 8
105 264 5
276 265 9
253 265 12
272 266 17
253 266 18
62 266 8
274 267 7
266 267 11
252 268 5
289 268 3
61 269 5
753 269 1
274 269 7
62 270 40
270 271 5
105 271 5
270 272 17
273 272 17
62 273 18
107 274 10
157 274 23
1049 274 1
62 274 22
55 275 1
105 275 5
62 276 10
75 277 13
277 278 5
277 279 10
279 280 9
626 280 1
332 280 2
1063 280 2
967 281 1
301 281 4
157 281 5
47 282 5
460 282 1
157 282 5
858 284 2
305 284 1
755 284 2
283 284 1
858 285 2
283 285 1
201 286 2
145 286 2
283 286 1
310 286 1
417 287 2
283 287 1
487 290 1
107 290 4
293 290 7
62 290 1
43 291 1
107 291 4
487 291 1
299 291 8
209 293 7
510 293 2
212 293 7
209 294 5
212 294 5
957 295 1
36 295 3
210 295 19
760 295 3
962 295 2
34 295 1
471 295 2
209 296 17
47 296 7
295 296 17
429 296 7
296 297 7
296 298 7
1380 299 2
296 299 9
296 300 7
427 301 4
301 302 4
301 303 4
143 306 2
305 306 1
740 306 1
143 307 2
114 307 1
305 307 1
112 308 1
143 308 2
305 308 1
305 309 1
143 309 2
146 310 3
143 310 1
310 311 1
145 311 2
145 312 2
310 312 1
145 313 2
51 313 1
310 313 1
51 314 1
145 314 2
310 314 1
58 315 4
538 315 3
676 315 1
949 316 1
58 316 4
47 317 5
47 318 5
47 319 5
170 320 7
1189 322 1
539 322 3
315 322 6
322 323 6
315 323 6
315 324 6
322 324 6
224 325 2
540 326 1
327 326 6
325 326 2
954 326 1
998 326 1
485 327 1
541 327 2
224 327 2
325 328 1
224 328 1
1010 329 2
325 329 2
330 329 4
1011 330 2
224 330 2
332 331 1
489 332 1
487 332 1
486 332 3
342 332 1
488 332 1
761 333 3
331 333 1
1182 333 1
334 333 10
1254 333 1
719 333 3
718 334 3
332 334 2
760 334 3
361 334 3
638 334 1
75 335 10
333 335 10
75 336 12
963 336 1
1346 336 1
333 336 10
333 337 10
36 337 10
210 338 11
1152 338 1
333 338 10
280 339 3
1182 339 1
331 339 1
339 340 3
280 340 4
342 341 2
331 341 1
1182 341 1
490 342 4
332 342 2
1166 343 1
267 343 8
437 343 1
552 343 1
630 343 1
1234 343 1
811 343 1
1362 343 1
267 344 8
343 344 8
343 345 8
925 345 2
157 345 16
406 345 5
353 346 29
825 346 3
345 346 16
159 346 49
159 347 49
346 347 49
165 348 50
346 348 49
671 349 5
343 349 8
157 349 39
352 349 5
366 349 10
925 349 2
728 349 1
885 349 2
546 349 5
267 350 8
343 350 8
263 351 1
351 352 1
1334 352 1
1159 352 1
1298 352 1
263 352 5
352 353 5
546 353 5
728 353 1
157 353 29
366 353 10
671 353 5
885 353 2
853 354 3
355 354 13
728 354 1
352 354 5
928 354 3
262 355 1
93 355 3
101 355 3
88 355 3
205 355 1
263 355 5
355 356 13
354 356 13
358 357 3
1264 359 1
98 359 2
87 360 19
856 360 8
853 360 3
1126 360 2
1216 360 2
359 360 2
1235 360 1
874 360 1
199 363 1
831 363 1
51 363 1
130 364 1
130 365 7
364 365 1
893 365 1
1150 365 1
1168 365 1
453 365 1
665 365 1
259 366 10
365 366 7
1036 366 2
1192 367 1
259 367 11
366 367 10
365 368 7
369 368 9
1306 368 1
1307 369 1
130 369 7
1046 370 1
368 370 9
371 370 11
1047 371 1
369 371 9
370 372 11
961 372 1
125 372 16
1295 372 1
372 373 16
1249 373 1
125 373 18
125 374 16
372 374 15
849 375 1
374 375 16
125 375 19
373 375 1
372 375 1
125 376 9
368 376 9
961 377 1
1295 377 1
849 377 1
1046 377 1
368 377 9
125 377 13
546 378 5
254 378 6
254 379 6
378 379 6
383 382 6
1201 385 1
387 386 1
387 388 1
386 388 1
391 390 1
391 392 2
390 392 1
394 393 4
463 393 2
392 393 2
464 394 2
391 394 2
396 395 3
1010 395 2
390 395 1
513 396 4
168 396 1
391 396 1
122 396 1
485 396 1
124 396 1
673 396 3
483 396 6
980 396 1
284 396 1
1175 396 1
1011 396 2
390 397 1
391 397 2
391 398 1
390 398 1
1283 402 1
1183 402 1
159 402 3
165 403 3
402 403 3
282 404 1
459 405 1
404 405 1
282 405 4
405 406 4
282 406 5
1247 407 3
57 407 8
405 407 4
5 408 8
791 408 2
1061 408 1
410 409 1
409 411 1
1162 411 1
410 411 4
411 412 4
409 412 1
539 412 3
506 412 1
413 412 8
410 413 4
445 413 1
538 413 3
409 414 1
410 414 2
409 415 1
414 415 2
410 415 2
413 416 3
1214 416 1
506 416 1
409 416 1
167 419 1
419 420 1
167 420 1
422 421 4
856 423 8
421 423 4
94 423 14
94 424 8
423 424 8
303 425 1
425 426 1
427 426 2
1368 426 1
303 427 1
429 427 8
302 427 1
1368 428 1
429 428 3
425 428 1
564 428 1
20 429 6
296 429 2
303 429 1
565 429 1
302 429 1
431 430 1
617 431 3
430 432 1
431 432 4
1099 432 1
735 432 1
639 433 1
431 433 6
432 433 4
433 434 6
431 434 6
431 435 6
433 435 6
267 437 1
140 438 3
991 438 1
1332 438 1
877 439 1
559 439 1
843 439 1
1042 439 1
438 439 3
250 439 7
441 440 3
1048 442 1
274 442 2
442 443 2
274 443 2
445 444 1
32 446 1
444 446 1
447 448 1
447 449 1
447 450 1
447 451 1
447 452 1
130 453 1
455 454 3
739 454 1
740 454 1
305 455 1
458 457 3
460 459 1
462 461 1
461 463 1
464 463 2
462 464 1
397 465 1
128 465 3
463 465 2
464 466 2
463 466 2
468 467 2
463 467 2
464 468 2
463 469 2
470 469 2
464 470 2
473 472 1
486 473 9
1153 474 1
472 474 1
473 474 2
361 475 3
258 477 2
16 478 4
121 479 1
479 480 1
1116 480 1
62 480 4
1043 480 2
36 481 4
1064 481 3
483 482 6
675 482 2
481 482 4
36 483 4
673 483 2
82 484 4
481 484 4
257 491 1
257 492 3
491 492 1
493 492 3
492 493 3
257 493 3
128 494 4
196 496 1
497 496 4
498 499 3
757 500 5
501 500 6
318 501 3
579 501 4
911 501 1
501 502 6
500 502 6
500 503 6
501 503 6
505 504 3
445 506 1
1214 507 1
413 507 3
506 507 1
507 508 3
413 508 3
284 511 1
511 512 1
513 512 3
284 513 1
513 514 2
512 514 2
513 515 3
512 515 2
515 516 3
513 516 4
674 517 2
595 517 1
516 517 4
1333 517 1
1145 517 1
675 517 2
396 517 11
1009 517 1
675 518 2
516 518 4
878 518 1
959 518 1
512 518 2
1244 518 1
396 518 10
674 518 2
761 519 3
20 519 7
719 519 3
264 520 1
264 521 4
842 521 1
702 521 1
1151 521 1
520 521 1
16 525 6
525 526 2
528 527 3
256 529 1
1253 530 1
531 530 2
529 530 1
59 531 1
268 531 1
256 531 4
677 532 1
67 532 2
67 533 3
532 533 2
69 534 3
533 534 3
69 535 3
533 535 3
67 536 4
533 536 3
1214 537 1
538 537 2
1214 539 1
537 539 2
538 539 3
541 540 1
540 542 1
998 542 1
199 542 2
998 543 1
540 543 1
544 543 3
1299 543 1
1278 544 1
200 544 1
541 544 2
851 544 4
254 545 1
545 546 1
254 546 5
623 546 1
553 546 1
1341 546 1
256 547 1
531 548 2
547 548 1
606 548 1
505 549 3
128 550 1
550 551 1
128 551 2
1191 551 1
267 552 1
254 553 1
555 554 1
16 555 4
557 556 2
1308 556 1
427 558 5
294 559 1
559 560 1
294 560 1
992 561 1
562 561 2
707 562 1
562 563 2
561 563 2
565 564 1
429 566 7
564 566 1
723 566 6
568 567 1
92 569 1
567 569 1
1289 570 1
1136 570 1
87 570 3
567 570 1
92 571 1
567 571 1
92 572 1
567 572 1
87 573 3
567 573 1
1206 573 1
87 574 3
573 574 3
471 575 2
1255 575 1
1139 576 1
295 576 12
761 576 3
575 576 2
1064 576 3
1091 576 2
859 576 1
575 577 2
882 577 1
5 577 3
579 578 4
580 578 1
911 578 1
582 581 3
427 583 5
20 583 6
523 583 1
401 583 1
302 583 1
1021 584 1
585 584 2
985 585 1
584 586 2
585 586 2
1235 587 1
91 587 2
587 588 2
589 588 2
91 589 2
698 590 3
591 590 4
93 591 3
591 592 5
590 592 4
594 593 5
592 593 5
591 594 5
905 594 1
197 594 3
910 594 1
168 595 1
597 596 2
1308 596 1
18 598 2
15 598 1
1201 599 1
601 600 2
604 600 1
804 600 1
602 601 4
603 601 2
143 605 3
268 606 1
608 607 1
607 609 1
1250 609 1
1170 609 1
96 609 5
1287 609 1
1326 610 1
609 610 5
96 610 6
609 611 5
96 611 5
718 612 3
16 613 4
157 614 2
159 615 2
614 615 2
719 618 3
1254 618 1
761 618 3
619 618 8
760 619 3
638 619 3
718 619 3
1217 619 2
1094 620 1
621 620 3
790 620 1
408 621 5
791 621 2
621 622 1
620 622 1
254 623 1
623 624 1
254 624 1
396 625 5
280 626 3
473 626 8
1133 627 1
28 627 5
1100 627 1
1319 627 1
1291 628 1
847 628 3
1025 628 3
738 628 3
1324 628 1
785 628 3
58 628 21
640 628 1
829 628 1
627 628 5
28 629 5
627 629 5
267 630 1
626 631 7
631 632 6
296 633 2
843 633 1
296 634 2
633 634 2
633 635 2
429 635 2
97 636 3
97 637 3
636 637 3
1201 638 1
431 639 1
1167 640 1
22 640 3
642 641 3
657 641 1
643 641 6
644 643 7
645 643 9
646 645 11
647 645 12
649 647 1
458 647 13
649 648 1
647 650 1
648 650 1
123 651 1
651 652 1
123 652 1
654 653 1
441 654 3
657 655 1
645 655 5
656 655 3
36 658 1
658 659 1
660 659 6
1064 659 3
15 659 1
212 660 1
382 660 1
36 660 4
16 660 1
250 660 1
295 660 1
408 663 3
790 663 1
1060 663 1
1094 664 1
663 664 3
408 664 4
130 665 1
761 666 3
892 666 1
207 666 11
719 666 3
1267 666 1
1089 666 1
1255 666 1
666 667 11
207 667 11
669 668 1
16 669 4
261 670 1
1361 671 1
670 671 1
261 671 5
1382 671 1
1292 671 1
673 672 1
672 674 1
673 674 2
672 675 1
673 675 2
638 677 1
677 678 1
75 678 2
963 678 1
80 679 2
677 679 1
679 680 2
80 680 3
680 681 3
682 681 3
80 682 3
708 682 16
36 682 3
680 683 3
682 683 19
838 683 16
75 684 1
677 684 1
677 685 1
20 685 2
497 686 3
657 686 1
643 686 6
278 687 2
694 687 2
278 688 2
687 688 2
690 689 2
687 689 2
278 690 2
687 691 2
278 691 2
690 692 2
687 692 2
278 693 2
687 693 2
687 694 2
278 694 2
694 695 2
278 695 3
24 696 4
695 696 3
694 697 2
278 697 2
927 698 2
93 698 3
456 699 1
699 700 1
701 700 1
456 701 2
318 701 3
205 701 1
57 701 1
320 701 3
264 702 1
1379 703 1
139 703 2
703 704 2
705 704 2
139 705 2
707 706 2
703 706 2
139 707 2
997 708 1
36 708 3
709 708 3
203 708 14
711 710 1
16 712 4
1065 713 4
122 713 6
122 714 14
986 714 5
1067 714 5
832 714 5
1068 714 5
713 714 6
1069 714 5
1066 714 5
857 714 5
777 714 5
716 715 2
1308 715 1
718 717 1
486 718 3
1037 718 4
718 719 3
717 719 1
1338 719 1
761 720 3
1294 720 1
619 720 7
719 720 3
719 721 3
619 721 6
761 721 3
719 722 3
612 722 4
20 723 6
722 723 4
1089 723 1
1368 724 1
583 724 8
723 724 6
583 725 8
724 725 8
583 726 8
724 726 8
1254 727 1
719 727 3
761 727 3
1321 727 1
619 727 8
262 728 1
209 729 1
1144 730 1
209 730 4
806 730 1
751 730 1
729 730 1
732 731 1
732 733 1
731 733 1
16 734 4
431 735 1
256 736 1
736 737 1
531 737 1
1305 738 1
319 738 3
819 740 1
1232 741 1
20 741 2
746 742 3
1118 743 2
742 743 6
743 744 5
499 744 1
746 745 1
544 746 4
742 747 2
862 747 1
745 747 1
494 748 1
748 749 1
494 749 1
20 750 2
209 751 1
16 752 4
1194 754 1
128 754 1
1163 756 1
318 756 3
501 757 5
1271 757 1
756 757 3
701 758 9
785 758 3
407 758 1
1120 758 1
975 758 1
756 758 3
760 759 1
486 760 3
879 761 1
760 761 3
759 761 1
334 762 4
1254 762 1
761 762 3
20 763 5
1232 763 1
761 763 3
765 764 3
767 766 1
766 768 1
769 768 2
767 769 2
768 770 2
769 770 2
256 771 1
771 772 1
531 772 1
616 773 1
773 774 1
775 774 3
925 774 2
616 775 1
205 775 2
16 776 4
122 777 5
1065 777 4
765 778 3
526 779 1
20 779 2
779 780 2
1027 780 1
750 780 4
750 781 4
780 781 4
780 782 4
750 782 4
780 783 4
750 783 4
320 784 2
784 785 2
320 785 3
788 787 3
791 790 1
113 792 3
1064 793 3
124 793 4
124 794 4
793 794 4
793 795 4
124 795 4
124 796 4
793 796 4
793 797 4
124 797 4
124 798 4
793 798 4
124 799 4
793 799 4
793 800 4
124 800 4
793 801 4
124 801 4
793 802 4
124 802 4
603 804 1
602 804 3
601 805 2
804 805 1
293 806 1
196 807 1
807 808 1
496 808 1
496 809 1
807 809 1
807 810 1
496 810 1
267 811 1
427 812 1
427 813 3
812 813 1
817 813 2
427 814 4
813 814 3
814 815 4
301 815 4
427 816 3
813 816 3
812 817 1
427 817 2
819 818 1
818 820 1
821 820 1
819 821 1
821 822 1
818 822 1
821 823 1
818 823 1
740 824 1
818 824 1
1190 825 2
157 825 3
888 826 1
1254 826 1
1325 826 1
827 826 4
889 827 2
638 827 1
830 829 1
122 832 5
1065 832 4
260 833 1
873 834 1
1239 834 1
833 834 1
203 834 4
834 835 4
203 835 14
1165 835 3
881 835 6
260 836 14
835 836 14
260 837 14
835 837 14
835 838 14
708 838 16
996 838 1
838 839 16
682 839 19
1064 839 3
835 840 14
260 840 14
203 841 10
834 841 4
881 841 6
264 842 1
296 843 1
739 844 3
408 845 5
51 846 2
447 846 1
170 847 3
1381 847 1
198 848 1
850 849 1
88 852 1
852 853 1
88 853 3
1289 853 1
853 854 3
88 854 3
94 855 4
94 856 8
855 856 4
122 857 5
1065 857 4
34 859 1
277 860 1
277 861 1
860 861 1
746 862 1
113 863 3
740 863 1
5 863 1
261 865 3
981 865 2
157 866 3
865 866 3
121 867 1
1116 868 1
867 868 1
62 868 2
932 869 1
55 870 1
870 871 1
55 871 2
483 872 4
260 873 1
101 874 1
874 875 1
1121 875 1
101 875 3
975 876 1
355 876 4
875 876 3
209 877 1
122 878 1
760 879 1
260 880 1
1038 881 1
203 881 6
880 881 1
1331 881 1
1323 881 1
1149 881 1
883 882 1
269 884 1
884 885 1
269 885 2
198 886 1
889 888 1
1325 890 1
827 890 2
888 890 1
1325 891 1
827 891 3
888 891 1
1254 891 1
34 892 1
130 893 1
448 894 3
448 895 3
258 897 1
897 898 1
258 898 4
1243 898 1
984 898 1
941 898 1
901 900 1
16 901 4
14 902 1
594 903 1
903 904 1
905 904 1
594 905 1
255 907 1
907 908 1
982 908 1
255 908 5
1233 908 1
1363 908 1
908 909 5
255 909 5
278 912 1
1213 913 1
915 913 3
912 913 1
278 913 5
1336 913 1
913 914 5
278 914 6
1336 915 1
278 915 3
912 915 1
82 916 3
915 916 3
918 917 1
918 919 1
917 919 1
921 920 1
1174 921 1
958 921 2
921 922 1
920 922 1
51 923 1
112 923 2
1148 923 1
923 924 1
111 924 1
975 925 1
205 925 2
93 926 1
93 927 2
926 927 1
93 928 3
927 928 2
928 929 3
93 929 3
930 931 3
934 933 1
933 935 1
936 935 1
934 936 1
936 937 1
933 937 1
936 938 1
933 938 1
936 939 1
933 939 1
936 940 1
933 940 1
258 941 1
180 942 1
180 943 2
942 943 1
944 945 3
946 947 3
949 948 1
948 950 1
316 950 2
952 951 1
953 951 1
485 954 1
1283 955 1
159 955 3
1183 955 1
165 956 3
955 956 3
124 959 1
124 960 1
959 960 1
850 961 1
964 963 1
963 965 1
75 965 2
1128 965 1
1064 966 3
963 966 1
75 966 4
969 968 1
969 970 2
968 970 1
970 971 2
969 971 3
973 972 5
1088 975 1
205 975 3
355 976 1
975 976 1
753 977 1
223 977 1
978 977 2
1335 977 1
362 979 1
261 981 2
255 982 1
258 984 1
1065 986 4
122 986 5
743 987 1
987 988 1
743 988 1
11 989 1
989 990 1
11 990 1
436 991 1
707 992 1
992 993 1
707 993 1
638 994 1
619 995 1
994 995 1
997 996 1
541 998 1
51 999 2
447 999 1
1001 1000 2
1019 1001 3
1000 1002 2
1326 1002 1
96 1002 3
716 1004 2
1308 1004 1
362 1007 1
712 1008 1
485 1009 1
1009 1010 1
1011 1010 2
485 1011 1
143 1012 3
1014 1013 1
788 1015 3
740 1016 1
788 1016 3
455 1017 3
1231 1018 1
55 1018 2
985 1021 1
776 1022 1
169 1024 1
169 1025 3
1024 1025 1
1025 1026 3
169 1026 4
750 1027 1
51 1028 2
447 1028 1
1030 1029 1
1029 1031 1
90 1031 3
1216 1031 2
1283 1032 1
159 1032 2
1032 1033 2
165 1033 2
558 1034 1
1034 1035 1
558 1035 1
259 1036 2
1048 1036 1
36 1037 3
199 1037 2
5 1037 2
203 1038 1
277 1040 1
277 1041 1
1040 1041 1
293 1042 1
1042 1043 1
293 1043 2
1332 1044 1
1170 1044 1
1250 1044 1
1366 1044 1
1043 1044 2
1116 1044 1
209 1044 7
1047 1046 1
864 1047 1
1049 1048 1
1048 1050 1
1105 1050 1
259 1050 2
1048 1051 1
259 1051 1
1048 1052 1
259 1052 1
259 1053 1
1048 1053 1
1048 1054 1
259 1054 1
1048 1055 1
259 1055 1
259 1056 1
1048 1056 1
259 1057 1
1048 1057 1
194 1058 2
1195 1058 1
1058 1059 2
194 1059 2
1061 1060 1
1063 1062 1
36 1064 3
1062 1064 1
1185 1064 1
122 1065 4
1064 1065 3
122 1066 5
1065 1066 4
1065 1067 4
122 1067 5
122 1068 5
1065 1068 4
1065 1069 4
122 1069 5
1064 1070 3
123 1070 4
1070 1071 4
123 1071 4
1070 1072 4
123 1072 4
1070 1073 4
123 1073 4
123 1074 4
1070 1074 4
123 1075 4
1070 1075 4
123 1076 4
1070 1076 4
1070 1077 4
123 1077 4
123 1078 4
1070 1078 4
123 1079 4
1070 1079 4
1037 1080 3
1064 1080 3
1064 1081 3
75 1081 3
1064 1082 3
708 1082 3
1062 1083 1
1209 1083 1
280 1083 2
638 1084 2
1254 1084 1
1084 1085 2
619 1085 2
1037 1086 1
20 1087 2
1086 1087 1
1255 1087 1
896 1088 1
962 1089 1
1089 1090 1
962 1090 1
1089 1091 1
962 1091 2
1089 1092 1
1101 1092 1
222 1092 3
1089 1093 1
222 1093 1
791 1094 1
804 1097 1
804 1098 1
431 1099 1
317 1100 1
1102 1101 1
1104 1103 1
130 1105 1
1107 1106 1
16 1107 4
1109 1108 1
1108 1110 1
1111 1110 1
1109 1111 1
1108 1112 1
1113 1112 1
1109 1113 1
56 1114 4
55 1114 4
290 1116 1
828 1119 1
456 1120 1
1122 1121 1
16 1123 4
1193 1124 1
1194 1124 1
100 1125 1
1125 1126 1
100 1126 2
100 1127 3
1126 1127 2
1290 1127 1
504 1128 1
224 1129 1
224 1130 1
1129 1130 1
1005 1131 1
1131 1132 1
1005 1132 1
475 1133 1
82 1134 1
82 1135 2
1134 1135 1
1137 1136 1
95 1138 1
1136 1138 1
957 1139 1
1141 1140 1
65 1142 1
1142 1143 1
65 1143 1
299 1144 1
980 1145 1
1147 1146 1
1145 1146 1
980 1147 1
260 1149 1
130 1150 1
264 1151 1
1006 1152 1
473 1153 1
483 1154 4
255 1155 2
589 1156 1
589 1157 1
1156 1157 1
589 1158 1
1156 1158 1
263 1159 1
1123 1161 1
410 1162 1
318 1163 1
556 1164 1
1210 1165 1
203 1165 3
1360 1165 1
267 1166 1
22 1167 1
130 1168 1
662 1169 1
298 1170 1
121 1171 1
1171 1172 1
62 1172 1
260 1173 1
906 1176 1
1176 1177 1
906 1177 1
906 1178 1
1176 1178 1
1176 1179 1
906 1179 1
1176 1180 1
906 1180 1
1176 1181 1
906 1181 1
332 1182 1
332 1183 1
197 1184 3
1063 1185 1
280 1186 1
1185 1186 1
1187 1188 3
676 1189 1
281 1190 2
1370 1190 1
127 1191 1
259 1192 1
194 1195 1
1200 1197 1
385 1197 2
385 1198 2
1197 1198 2
1201 1200 1
1200 1202 1
1254 1202 1
638 1202 2
1200 1203 1
75 1203 1
1200 1204 1
385 1204 1
599 1205 1
1200 1205 1
389 1206 1
99 1207 1
1206 1207 1
1206 1208 1
99 1208 1
626 1209 1
260 1210 1
126 1211 1
1211 1212 1
126 1212 1
278 1213 1
538 1214 1
90 1215 1
1215 1216 1
90 1216 2
1219 1218 1
235 1220 2
1218 1220 1
512 1220 1
499 1222 1
1222 1223 1
744 1223 1
159 1225 2
1283 1225 1
165 1226 2
1225 1226 2
765 1227 3
1229 1228 1
241 1230 1
55 1231 1
638 1232 1
255 1233 1
267 1234 1
91 1235 2
123 1236 1
1236 1237 1
123 1237 1
203 1239 1
440 1240 1
767 1241 1
1241 1242 1
769 1242 1
258 1243 1
284 1244 1
279 1245 1
1245 1246 1
82 1246 1
1337 1247 1
57 1247 3
1247 1248 3
57 1248 3
125 1249 1
300 1250 1
1308 1251 1
1252 1251 2
59 1253 1
638 1254 1
471 1255 1
471 1256 1
1255 1256 1
478 1257 1
291 1258 1
1258 1259 1
43 1259 1
287 1260 1
165 1261 1
1261 1262 1
206 1262 1
1261 1263 1
206 1263 1
98 1264 1
977 1266 1
1039 1267 1
1269 1268 1
1267 1268 1
1039 1269 1
1267 1270 1
43 1270 1
911 1271 1
911 1272 1
1271 1272 1
1271 1273 1
578 1273 2
578 1274 2
1273 1274 2
1271 1275 1
911 1275 1
1271 1276 1
578 1276 1
501 1277 1
1271 1277 1
1224 1279 1
1279 1280 1
1224 1280 1
1279 1281 1
1224 1281 1
332 1283 1
14 1284 1
661 1287 1
1287 1288 1
96 1288 1
1020 1289 1
1096 1290 1
803 1291 1
261 1292 1
1217 1294 1
850 1295 1
316 1296 1
269 1297 1
263 1298 1
200 1299 1
1299 1300 1
1301 1300 1
200 1301 1
1299 1302 1
544 1302 1
1299 1303 1
1301 1303 1
1299 1304 1
544 1304 1
319 1305 1
1307 1306 1
310 1309 1
310 1310 1
310 1311 1
310 1312 1
310 1313 1
310 1314 1
752 1315 1
899 1316 1
1316 1317 1
899 1317 1
317 1319 1
789 1320 1
1217 1321 1
631 1322 1
260 1323 1
176 1324 1
889 1325 1
96 1326 1
262 1328 1
20 1330 1
260 1331 1
209 1332 1
1175 1333 1
263 1334 1
278 1336 1
57 1337 1
718 1338 1
1338 1339 1
718 1339 2
254 1341 1
613 1342 1
1107 1343 1
746 1344 1
742 1345 1
1344 1345 1
277 1346 1
277 1347 1
1346 1347 1
1346 1348 1
277 1348 1
277 1349 1
1346 1349 1
4 1350 1
1350 1351 1
4 1351 1
305 1353 1
305 1354 1
305 1355 1
305 1356 1
305 1357 1
305 1358 1
305 1359 1
203 1360 1
261 1361 1
267 1362 1
255 1363 1
36 1364 1
1364 1365 1
230 1365 1
299 1366 1
43 1367 1
1366 1367 1
302 1368 1
583 1369 1
1368 1369 1
967 1370 1
180 1371 1
957 1372 1
1352 1373 1
1373 1374 1
1352 1374 1
1352 1375 1
1373 1375 1
1352 1376 1
1373 1376 1
1352 1377 1
1373 1377 1
1373 1378 1
1352 1378 1
139 1379 1
170 1381 1
261 1382 1
