14004 13629 4
13630 13629 5
13797 13630 1
13802 13630 3
13939 13630 3
13928 13630 1
14005 13630 4
13927 13630 3
14030 13630 2
13930 13630 1
13929 13630 1
14154 13631 1
13629 13631 5
13636 13631 19
14095 13631 2
13633 13631 19
13774 13631 6
13630 13631 22
14138 13631 1
13630 13632 6
13629 13632 5
13632 13633 6
13775 13633 7
14172 13633 1
13637 13633 19
13630 13633 19
13630 13634 19
13637 13634 19
13775 13634 7
13633 13634 19
13637 13635 19
13630 13635 19
13632 13635 6
13634 13635 19
13775 13635 7
13938 13636 1
13630 13636 19
13634 13636 19
13630 13637 19
13636 13637 19
13636 13638 19
13630 13638 23
13773 13638 6
13776 13638 7
14097 13638 3
13630 13772 19
13633 13772 19
13629 13773 5
13630 13773 6
13630 13774 6
14089 13774 2
14104 13774 1
14067 13774 2
13630 13775 7
13774 13775 6
13630 13776 7
13774 13776 6
14041 13777 1
13778 13777 2
13807 13778 1
13809 13778 1
13805 13778 1
13810 13778 1
13808 13778 1
13806 13778 1
14042 13778 1
14156 13779 1
14046 13779 2
13899 13779 2
13780 13779 8
14041 13779 1
13777 13779 2
14181 13779 1
14116 13779 1
14169 13779 1
13991 13780 1
14042 13780 2
13789 13780 2
13784 13780 3
13955 13780 1
13797 13780 3
13778 13780 2
14047 13780 2
13789 13781 9
13784 13781 1
13877 13782 11
13784 13783 1
13789 13784 1
13804 13784 4
13797 13784 1
13939 13784 1
14020 13784 1
13991 13784 1
14156 13785 1
13780 13785 2
13783 13785 1
13787 13786 3
13789 13788 1
13875 13789 6
14042 13789 1
13789 13790 4
14037 13790 1
13788 13790 1
14009 13790 1
13994 13791 1
13888 13791 1
13790 13791 4
14044 13791 2
13789 13791 8
13994 13792 1
13789 13792 5
13790 13792 4
14044 13793 2
13888 13793 1
14102 13793 1
13790 13793 4
13789 13793 8
13994 13794 1
14108 13794 1
13888 13794 1
13781 13794 9
13790 13794 4
14044 13794 2
13784 13795 1
13821 13796 2
13795 13796 1
13797 13796 6
14158 13796 1
14114 13796 1
13786 13797 1
14010 13797 1
13784 13797 3
14017 13797 5
13880 13797 1
13914 13797 5
13953 13797 1
13817 13797 2
14016 13797 5
13884 13797 1
13988 13797 1
13991 13797 5
13935 13797 1
13789 13797 5
13797 13798 7
13796 13798 6
13811 13798 1
13798 13799 7
14106 13799 1
13811 13799 1
13800 13799 8
13817 13800 2
13880 13800 1
13988 13800 1
13935 13800 1
14010 13800 1
13797 13800 8
13884 13800 1
13953 13800 1
13802 13801 1
13939 13802 4
13991 13802 4
13864 13802 4
13949 13803 1
14166 13803 1
13802 13803 3
13801 13803 1
13797 13811 1
13797 13812 3
14106 13812 1
13811 13812 1
13981 13812 1
13811 13813 1
13814 13813 1
14187 13814 1
14094 13814 1
13797 13814 1
13784 13814 1
13800 13815 1
13811 13815 1
13817 13816 1
13811 13816 1
13797 13817 1
13817 13818 1
13811 13818 1
13820 13819 2
13811 13819 1
13898 13819 1
13797 13820 1
13811 13821 1
13817 13821 2
14103 13822 1
13797 13822 8
13821 13822 2
13950 13822 1
14099 13822 1
14007 13822 1
14180 13822 1
14070 13822 1
13821 13823 2
13800 13823 2
13825 13824 5
13821 13824 2
14170 13824 2
13817 13825 2
13882 13825 2
13824 13826 5
13825 13826 6
13828 13827 9
13826 13827 6
13873 13827 2
13825 13828 6
13853 13829 7
13827 13829 9
13841 13829 7
13847 13829 7
13849 13829 7
13844 13829 7
13838 13829 7
13828 13829 16
13853 13830 7
13844 13830 7
13829 13830 16
13828 13830 18
14168 13830 1
13851 13830 8
13844 13831 7
13841 13831 7
13847 13831 7
13828 13831 17
13838 13831 7
13849 13831 7
13827 13831 9
13853 13831 7
13828 13832 17
13831 13832 17
13831 13833 17
13834 13833 21
14083 13833 1
13839 13833 8
13840 13833 9
13828 13834 20
13833 13835 21
13834 13835 21
13833 13836 21
13834 13836 22
13834 13837 22
13836 13837 22
13826 13838 6
13828 13838 7
13828 13839 8
13838 13839 7
13847 13840 7
13838 13840 7
13828 13840 9
13828 13841 7
13826 13841 6
13841 13842 7
13828 13842 7
13841 13843 7
13828 13843 7
13828 13844 7
13826 13844 6
13853 13845 7
13828 13845 11
13844 13845 7
13850 13845 8
14083 13846 1
13845 13846 11
13828 13846 12
13828 13847 7
13826 13847 6
13828 13848 7
13847 13848 7
13826 13849 6
13828 13849 7
13828 13850 8
13849 13850 7
13828 13851 8
13849 13851 7
13851 13852 8
13828 13852 8
13826 13853 6
13828 13853 7
13825 13854 5
13824 13854 5
13811 13855 1
13817 13855 1
13857 13856 2
13811 13856 1
13797 13857 1
13786 13857 1
13882 13857 1
13856 13858 2
13973 13858 3
13857 13858 6
14150 13859 1
13857 13859 7
13858 13859 6
13817 13860 1
13811 13860 1
13814 13861 1
13811 13861 1
13817 13862 1
13811 13862 1
14047 13863 2
14002 13864 1
13865 13864 6
13802 13864 1
13867 13866 1
13786 13867 1
13923 13867 2
13947 13867 1
14030 13867 2
14005 13867 1
13996 13868 1
14121 13868 1
13866 13868 1
14087 13868 2
13933 13868 1
13948 13868 2
14109 13868 1
13867 13868 18
14040 13868 1
13932 13868 3
13918 13868 1
14125 13868 1
14008 13868 1
13878 13868 1
14124 13868 1
13931 13868 2
13870 13869 2
14049 13869 1
14047 13870 2
13869 13871 2
14049 13871 1
13870 13871 2
13828 13872 1
13872 13873 1
13828 13873 2
13873 13874 2
13828 13874 2
14003 13875 1
13876 13875 8
13877 13876 8
13867 13878 1
13880 13879 1
13882 13880 4
13987 13881 1
13879 13881 1
14148 13881 1
13882 13881 6
13990 13881 1
14074 13881 1
13945 13881 1
14010 13882 3
13880 13882 3
13884 13882 2
13988 13882 3
13935 13882 2
13953 13882 3
13884 13883 1
13882 13884 4
14151 13885 1
13882 13885 7
14152 13885 1
13952 13885 1
13897 13885 1
14105 13885 1
13883 13885 1
13882 13886 7
13885 13886 7
13885 13887 7
13882 13887 7
13789 13888 1
13789 13889 1
13888 13889 1
13789 13890 1
13888 13890 1
13892 13891 2
13888 13891 1
13910 13892 1
13789 13892 1
14018 13892 1
13891 13893 2
13969 13893 3
13892 13893 7
14113 13893 1
13789 13894 1
13888 13894 1
13888 13895 1
13789 13895 1
13888 13896 1
13781 13896 1
13880 13897 1
13820 13898 1
13789 13899 2
14041 13899 1
14041 13900 1
13780 13900 2
13899 13900 2
13899 13901 2
14046 13901 2
13902 13901 3
14047 13902 2
13789 13902 2
13904 13903 2
13899 13903 2
13789 13904 2
13781 13905 2
13899 13905 2
13899 13906 2
13781 13906 2
13781 13907 2
13899 13907 2
13789 13908 2
13899 13908 2
13910 13909 1
13904 13910 4
13912 13911 4
14110 13911 1
14135 13911 1
13909 13911 1
14018 13912 1
13910 13912 1
13984 13912 1
13912 13913 4
13911 13913 4
14003 13914 1
13915 13914 7
13877 13915 7
13917 13916 3
13867 13918 1
13867 13919 2
13933 13919 1
13918 13919 1
13921 13920 1
13993 13921 3
13923 13922 2
13920 13922 1
13797 13923 1
13991 13923 1
13802 13923 1
14017 13923 1
13921 13923 1
13867 13924 3
13922 13924 2
13981 13924 1
13923 13925 2
13922 13925 2
13923 13926 2
13922 13926 2
13867 13931 2
13867 13932 3
13931 13932 2
13867 13933 1
13935 13934 1
13882 13935 4
14112 13936 1
14099 13936 1
14180 13936 1
14098 13936 1
14090 13936 1
13934 13936 1
13937 13936 6
13988 13937 1
13884 13937 1
13935 13937 2
13953 13937 1
14010 13937 1
13880 13937 1
13939 13938 1
13992 13939 9
13938 13940 1
13939 13940 1
13942 13941 12
14172 13941 1
13938 13941 1
14185 13941 1
14067 13941 2
14104 13941 1
14089 13941 2
14004 13941 4
13797 13942 2
13802 13942 3
14047 13942 2
14030 13942 3
14005 13942 4
13939 13942 1
13784 13942 1
13942 13943 11
14004 13943 4
14089 13943 2
14067 13943 2
13938 13943 1
14172 13943 1
14104 13943 1
13884 13945 1
13947 13946 1
14093 13947 3
14094 13947 1
13948 13948 2
13867 13948 8
14069 13948 4
13946 13948 1
13802 13949 1
13884 13950 1
14099 13951 1
13800 13951 6
14180 13951 1
13950 13951 1
14070 13951 1
14007 13951 1
14103 13951 1
13953 13952 1
14115 13953 1
13882 13953 4
13797 13955 1
13954 13955 3
14030 13956 1
13939 13956 1
13802 13956 1
13954 13956 3
13958 13957 3
13910 13959 1
13961 13960 3
13959 13960 1
13986 13960 1
14075 13960 1
14019 13961 1
13984 13961 1
13910 13961 1
14075 13962 1
13961 13962 3
13986 13962 1
13959 13962 1
13959 13963 1
14075 13963 1
13961 13963 3
13986 13963 1
14075 13964 1
13961 13964 3
13959 13964 1
13986 13964 1
13986 13965 1
13961 13965 3
13959 13965 1
14075 13965 1
13986 13966 1
13959 13966 1
14075 13966 1
13961 13966 3
13959 13967 1
13961 13967 1
13961 13968 1
13959 13968 1
14021 13969 1
13959 13969 1
13892 13969 3
13961 13970 1
13959 13970 1
13961 13971 1
13959 13971 1
13939 13972 1
13804 13972 4
13802 13972 1
13991 13972 1
13857 13973 3
14165 13973 1
14153 13973 1
13975 13974 1
13977 13976 3
14065 13976 2
13974 13976 1
14001 13977 1
13975 13977 1
13974 13978 1
13977 13978 3
14065 13978 2
13974 13979 1
13977 13979 3
14065 13979 2
13977 13980 3
13974 13980 1
14065 13980 2
13786 13981 1
13981 13982 1
14153 13982 1
13857 13982 2
13991 13983 1
14017 13983 1
13797 13983 1
13804 13983 4
13904 13984 4
13984 13986 1
13988 13987 1
13882 13988 4
13953 13990 1
14003 13992 1
13782 13992 11
13789 13994 1
13983 13995 1
13867 13996 1
14109 13997 1
14124 13997 1
13948 13997 2
13996 13997 1
13867 13997 5
13802 13998 1
13998 13999 1
13864 13999 1
14018 14000 1
13877 14003 2
14002 14003 1
14127 14004 2
14157 14004 1
14005 14004 4
14017 14005 2
13939 14005 2
13880 14007 1
13867 14008 1
13789 14009 1
13882 14010 4
13804 14011 4
13939 14011 1
13983 14012 1
13797 14012 2
13923 14013 1
14013 14014 1
13923 14014 1
14019 14015 1
13904 14018 4
13904 14019 4
14018 14021 1
14021 14022 1
14000 14022 1
14000 14023 1
14021 14023 1
14021 14024 1
14000 14024 1
14021 14025 1
14000 14025 1
14000 14026 1
14021 14026 1
14021 14027 1
14000 14027 1
14021 14028 1
14000 14028 1
14021 14029 1
14000 14029 1
13806 14030 2
14017 14030 2
14031 14030 2
14034 14033 1
14034 14035 1
14033 14035 1
14033 14036 1
14034 14036 1
13789 14037 1
14037 14038 1
13789 14038 1
14037 14039 1
13789 14039 1
13867 14040 1
14042 14041 1
14093 14042 3
14041 14043 1
13778 14043 1
14041 14044 1
13789 14044 2
14041 14045 1
13780 14045 1
14041 14046 1
14047 14046 2
14042 14047 1
13863 14048 2
14046 14048 2
14046 14049 2
13870 14049 3
14051 14050 2
14046 14050 2
14047 14051 2
14051 14052 2
14046 14052 2
14046 14053 2
14051 14053 2
14051 14054 2
14046 14054 2
13780 14055 2
14046 14055 2
14172 14056 1
13780 14056 5
14046 14056 2
14185 14056 1
14146 14056 1
13942 14057 4
14067 14057 2
14046 14057 2
14046 14058 2
14051 14058 2
14041 14059 1
14172 14059 1
14185 14059 1
14060 14059 3
14042 14060 1
13797 14060 2
14172 14061 1
14185 14061 1
14041 14061 1
14060 14061 3
14063 14062 1
14041 14062 1
14042 14063 1
13977 14064 1
14064 14065 1
13977 14065 2
14030 14066 2
14067 14066 2
14066 14067 2
14030 14067 2
14089 14068 2
14154 14068 1
14172 14068 1
14138 14068 1
14067 14068 2
14104 14068 1
13630 14068 8
14066 14069 2
14144 14069 1
13867 14069 4
13988 14070 1
13797 14071 1
14071 14072 1
14081 14072 1
13797 14072 3
14136 14072 1
14005 14073 1
13804 14073 4
13935 14074 1
14019 14075 1
14015 14076 1
14075 14076 1
14075 14077 1
14015 14077 1
13985 14079 1
13985 14080 1
14079 14080 1
13797 14081 1
14146 14082 1
14081 14082 1
13780 14082 2
13828 14083 1
14003 14084 1
14003 14085 1
14003 14086 1
13867 14087 2
13802 14088 1
13802 14089 2
14088 14089 1
13880 14090 1
14090 14091 1
14112 14091 1
13882 14091 2
14090 14092 1
14099 14092 1
14180 14092 1
14103 14092 1
14112 14092 1
13937 14092 5
14172 14095 1
13630 14095 2
13630 14096 2
14095 14096 2
13630 14097 3
14095 14097 2
13884 14098 1
13953 14099 1
14099 14100 1
14180 14100 1
13882 14100 2
14170 14101 2
14180 14101 1
13882 14101 3
14099 14101 1
13789 14102 1
13935 14103 1
13802 14104 1
13988 14105 1
13797 14106 1
14106 14107 1
13800 14107 1
13784 14108 1
13867 14109 1
14018 14110 1
14110 14111 1
14018 14111 1
13988 14112 1
13892 14113 1
13784 14114 1
13991 14116 1
14116 14117 1
14156 14117 1
13780 14117 2
14116 14118 1
14166 14118 1
14119 14118 2
13956 14119 1
13991 14119 1
13802 14119 1
14119 14120 2
14133 14120 1
14116 14120 1
13867 14121 1
14030 14122 1
13942 14123 2
14122 14123 1
14146 14123 1
13867 14124 1
13867 14125 1
13870 14126 1
14049 14126 1
14005 14127 2
14144 14127 1
13983 14128 1
14172 14129 1
14012 14129 3
14185 14129 1
14128 14129 1
13956 14133 1
14119 14134 2
14133 14134 1
14166 14134 1
13984 14135 1
13797 14136 1
13939 14138 1
14138 14139 1
13939 14139 3
14154 14139 1
14171 14139 1
14019 14140 1
14140 14141 1
14019 14141 1
13834 14142 1
14142 14143 1
13834 14143 1
14005 14144 1
13784 14146 1
14172 14147 1
13780 14147 2
14146 14147 1
14010 14148 1
13857 14150 1
14010 14151 1
13935 14152 1
13857 14153 1
13939 14154 1
13955 14156 1
14005 14157 1
13784 14158 1
13784 14159 1
14159 14160 1
13814 14160 1
13784 14161 1
13983 14162 1
14162 14163 1
13995 14163 1
14162 14164 1
13995 14164 1
13882 14165 1
13802 14166 1
14166 14167 1
14119 14167 1
13828 14168 1
14042 14169 1
14180 14170 1
13882 14170 2
13939 14171 1
13797 14172 1
13797 14173 1
14172 14173 1
14172 14174 1
14175 14174 1
13797 14175 1
13797 14176 1
14172 14176 1
13780 14177 1
14172 14177 1
13780 14178 1
14172 14178 1
14172 14179 1
14060 14179 1
14010 14180 1
13784 14181 1
14161 14182 1
14181 14182 1
14181 14183 1
14161 14183 1
14161 14184 1
14181 14184 1
13797 14185 1
14185 14186 1
13797 14186 1
