9662 8269 2
8269 8270 4
8272 8271 4
9649 8272 2
8275 8274 1
10293 8274 1
10313 8278 1
9651 8279 1
9719 9616 1
9618 9617 4
9620 9619 4
9746 9621 1
9733 9622 2
9624 9623 1
9714 9625 1
9691 9625 1
9626 9625 4
9634 9626 1
10191 9626 1
9626 9627 4
9625 9627 3
9626 9628 4
9627 9628 4
9629 9630 4
10288 9631 1
9646 9633 2
10297 9633 5
9701 9633 2
9635 9636 4
9638 9639 4
9748 9641 1
10208 9642 1
10305 9643 1
9954 9645 2
9647 9646 2
9730 9646 1
10297 9647 5
9736 9647 2
10233 9648 3
8277 9650 1
9702 9651 2
10297 9651 5
10164 9652 1
9752 9653 1
9780 9654 1
9655 9654 2
9960 9656 1
9632 9659 1
9659 9660 1
9661 9660 1
9632 9661 1
9760 9664 1
9674 9675 4
10297 9676 3
9786 9676 1
9722 9676 1
9678 9677 1
9954 9679 1
9679 9680 1
9645 9680 1
10256 9686 1
10246 9687 1
9686 9687 1
10246 9688 1
9686 9688 1
9686 9689 1
10215 9689 1
9686 9690 1
10246 9690 1
10191 9691 1
9960 9692 1
9697 9693 1
9692 9693 1
10185 9693 3
9729 9693 1
9692 9694 1
9697 9694 1
10185 9694 3
9729 9694 1
10166 9695 4
10253 9697 1
9651 9700 1
9651 9701 2
9700 9701 1
10188 9703 1
10227 9706 1
9707 9706 3
9708 9706 1
9704 9706 1
9711 9710 1
10217 9712 1
9712 9713 1
10219 9713 1
9634 9714 1
9626 9715 2
9625 9715 1
9714 9715 1
10293 9718 1
10294 9718 1
9704 9720 1
9720 9721 1
9706 9721 1
9651 9722 1
10185 9724 1
9724 9725 1
10185 9725 1
10217 9726 1
10219 9727 1
9726 9727 1
10182 9729 1
9647 9730 1
9731 9732 4
9649 9733 1
8278 9734 2
10305 9735 1
10217 9739 1
9739 9740 1
10219 9740 1
9775 9741 1
9744 9743 1
10306 9743 1
9781 9747 1
10293 9747 1
10294 9747 1
10309 9750 1
9960 9751 1
9753 9754 4
9759 9756 1
9631 9761 1
10288 9762 2
9761 9762 1
9762 9763 2
10272 9763 2
10182 9764 1
9615 9765 1
9765 9766 1
10254 9766 1
9780 9767 1
9655 9767 2
9647 9768 1
10214 9771 3
9954 9783 1
9645 9784 1
9783 9784 1
9645 9785 1
9783 9785 1
9647 9786 1
9703 9787 1
10188 9788 1
9787 9788 1
9953 9951 3
9952 9951 3
9955 9954 1
9957 9956 1
9959 9957 1
9959 9958 1
9956 9958 1
9957 9959 1
9755 9960 2
9962 9961 1
10153 10154 4
10156 10155 4
10157 10158 4
10160 10159 4
10162 10161 4
10164 10163 1
9684 10164 1
9685 10164 1
10166 10165 2
9652 10165 1
10163 10165 1
10164 10166 2
10166 10167 1
10163 10167 1
9651 10168 3
9647 10168 3
10297 10168 3
10170 10169 4
10173 10172 3
10175 10174 4
10242 10175 2
10176 10177 3
10179 10178 4
10180 10179 6
8276 10179 1
10182 10181 1
10192 10182 1
10205 10182 2
10181 10183 1
10182 10183 2
10183 10184 2
9764 10184 1
10185 10184 3
9960 10185 2
10182 10185 5
10253 10185 2
9729 10186 1
10185 10186 2
10181 10186 1
9703 10188 1
10237 10188 2
10187 10188 4
10187 10189 3
10237 10189 1
10191 10190 4
9955 10193 1
10271 10194 1
10196 10195 4
10198 10197 2
10200 10201 4
10204 10203 4
9728 10206 2
10208 10207 1
9760 10208 1
10207 10209 1
10210 10209 4
9642 10209 1
10226 10209 1
10208 10210 3
10209 10211 4
10210 10211 4
9773 10212 1
10214 10213 3
10256 10215 1
10217 10216 1
9683 10217 1
10219 10218 2
10216 10218 1
10217 10219 4
10219 10220 2
10218 10220 2
10224 10223 1
10208 10226 1
10229 10228 4
10231 10230 4
10233 10232 3
10234 10232 1
10233 10234 4
10235 10234 2
10239 10238 1
10197 10241 4
10244 10243 1
10256 10244 1
10243 10245 1
10246 10245 1
10244 10246 1
10256 10246 1
10243 10247 1
10246 10247 1
10243 10248 1
10246 10248 1
10182 10249 1
10249 10250 1
9751 10250 1
10252 10250 1
10185 10250 3
10185 10251 3
9751 10251 1
10249 10251 1
10252 10251 1
10253 10252 1
8277 10253 2
9615 10254 1
9776 10255 1
9779 10256 2
10259 10258 2
9749 10258 1
10261 10260 4
10313 10261 2
10225 10262 1
10264 10263 1
10262 10263 1
10225 10264 1
9953 10266 3
9952 10266 3
10268 10267 4
10270 10269 4
10288 10272 2
10253 10273 1
10276 10275 3
10278 10275 1
10277 10275 1
10168 10279 7
9786 10279 1
9701 10279 2
9646 10279 2
9722 10279 1
10301 10280 1
10168 10280 8
10279 10280 7
10279 10281 7
10168 10281 7
10279 10282 7
10168 10282 7
10214 10283 3
10284 10285 4
10286 10287 3
9631 10288 1
10179 10288 2
10290 10291 4
10294 10292 1
10293 10292 4
10236 10295 1
10297 10296 3
9700 10296 1
9730 10296 1
9651 10297 3
9647 10297 3
10296 10298 3
10168 10298 3
10296 10299 3
10168 10299 3
9633 10300 5
10297 10300 9
10296 10300 3
9676 10300 3
10168 10301 1
10303 10302 4
10305 10304 1
10309 10308 1
10261 10311 1
10311 10312 1
10313 10312 3
9734 10312 2
10261 10313 1
8278 10313 2
