14696 5669 1
14697 5669 1
5671 5670 4
14681 5672 1
10944 5673 1
5672 5673 1
11816 5673 1
11822 5673 1
10947 5673 1
10957 5673 1
11848 5673 1
5674 5673 8
10829 5674 2
10896 5674 3
10831 5674 2
14687 5674 2
5682 5674 3
14688 5674 1
10830 5674 2
14681 5674 4
12441 5674 1
10840 5674 2
10886 5674 2
14684 5675 19
10883 5675 1
10841 5675 9
11860 5675 1
5673 5675 8
5676 5677 3
5679 5678 2
11780 5678 1
10858 5679 2
5678 5680 2
5679 5680 2
5682 5681 1
14688 5682 1
14697 5682 3
14684 5682 4
10840 5682 6
5682 5683 5
5681 5683 1
11846 5683 2
11755 5683 1
10950 5683 1
10827 5684 2
10884 5684 1
14684 5684 4
5685 5684 3
11810 10828 1
14688 10828 1
14681 10828 1
12443 10829 5
14683 10829 4
14684 10829 4
11717 10830 1
12441 10830 1
10884 10830 1
14684 10830 4
12443 10830 5
10829 10830 1
10836 10830 2
14684 10831 4
10840 10831 6
10884 10832 3
14684 10832 4
5685 10832 3
10834 10833 3
5671 10837 4
10840 10839 1
12443 10840 11
11829 10841 1
11838 10841 1
10898 10841 1
10863 10841 1
11856 10841 1
11762 10841 1
11859 10841 1
10839 10841 1
5674 10841 9
5674 10842 2
10839 10842 1
10844 10843 4
10842 10843 2
10900 10843 2
5674 10844 4
11724 10845 1
12445 10845 5
11820 10845 1
11846 10845 2
11825 10846 1
11757 10846 1
11856 10846 1
12445 10846 12
10845 10846 5
11778 10846 1
10908 10846 3
5682 10847 1
11784 10848 1
5674 10848 2
10847 10848 1
10834 10849 3
10914 10849 1
11717 10849 1
10833 10849 1
12449 10850 2
11766 10850 1
11809 10851 1
10918 10851 5
10850 10851 2
12449 10851 9
10901 10851 1
5682 10852 3
11759 10852 1
11755 10852 1
10854 10853 3
11781 10856 2
10855 10856 4
10858 10857 1
14688 10858 1
5679 10859 1
10857 10859 1
10858 10860 3
11780 10860 1
10857 10860 1
10860 10861 3
10862 10861 4
10858 10862 3
10840 10862 1
5674 10862 1
10831 10863 1
11838 10864 1
11829 10864 1
10865 10864 4
11833 10864 1
10863 10864 1
11776 10865 3
5682 10865 1
10831 10865 1
10830 10865 1
12443 10865 1
10833 10867 1
10919 10868 1
11763 10868 1
10867 10868 1
10849 10868 3
10849 10869 3
10867 10869 1
10919 10869 1
11763 10869 1
12443 10870 5
5674 10871 1
10873 10872 1
10871 10872 1
5674 10873 1
10875 10874 3
14681 10876 1
10828 10877 1
10876 10877 1
10876 10878 1
10828 10878 1
10876 10879 1
10828 10879 2
10828 10880 3
10879 10880 2
11854 10880 1
14693 10881 2
11731 10881 1
10881 10882 2
12445 10882 3
5674 10883 1
10886 10885 1
11832 10886 2
12443 10886 5
11715 10886 1
10885 10887 1
12445 10887 1
10885 10888 1
10886 10888 2
10834 10889 3
10830 10890 1
11766 10891 1
12449 10891 3
10890 10891 1
10926 10891 1
10916 10892 4
11819 10892 1
10831 10892 1
5674 10892 1
10937 10892 1
10829 10893 1
10893 10894 1
10942 10894 1
12449 10894 5
11856 10894 1
11831 10894 1
10944 10894 1
10834 10895 3
10856 10897 1
10829 10897 2
11789 10897 1
12441 10898 1
5674 10900 2
10944 10900 1
10915 10901 1
10902 10901 2
10916 10902 1
14688 10902 1
10934 10902 3
14687 10902 1
10829 10904 2
11849 10904 1
10875 10905 3
14687 10905 1
11790 10906 1
10907 10906 2
10934 10907 3
10935 10907 4
14687 10907 1
14688 10907 1
10906 10908 2
12445 10908 3
10906 10909 2
12445 10909 2
5670 10910 1
10912 10911 3
10834 10914 3
10916 10915 1
5674 10916 1
14688 10916 1
10892 10917 3
10915 10917 1
10936 10917 1
11830 10917 1
11804 10918 2
12449 10918 5
10915 10918 1
10955 10918 1
10914 10919 1
5671 10922 4
10924 10923 1
11843 10925 1
10924 10925 2
10923 10925 1
12441 10926 1
10932 10929 1
10930 10929 1
10931 10929 1
10829 10929 1
12445 10935 2
10937 10936 1
11716 10937 3
11856 10939 1
11758 10939 2
12445 10939 5
10958 10939 1
10941 10940 5
10939 10940 5
12445 10941 5
5682 10942 1
10840 10944 1
5674 10945 1
10944 10945 1
10862 10946 1
10944 10946 1
10831 10947 1
10947 10948 1
10892 10948 1
12438 10949 4
5682 10950 1
12445 10951 2
10950 10951 1
11724 10952 1
12445 10952 5
10951 10952 2
11813 10952 2
11784 10953 1
10950 10953 1
12445 10953 2
10950 10954 1
12445 10954 1
14681 10955 1
12445 10956 1
10955 10956 1
10830 10957 1
14697 10958 1
10958 10959 1
12445 10959 1
10834 11717 3
11815 11719 1
11718 11719 3
14688 11719 1
10903 11720 1
11730 11720 1
11752 11720 1
11734 11720 1
11733 11720 1
11732 11720 1
11722 11723 3
14681 11724 1
5674 11725 1
11724 11725 1
12445 11726 3
11757 11726 1
11731 11726 1
11724 11726 1
11724 11727 1
12445 11727 1
12445 11728 3
11724 11728 1
11846 11728 2
11814 11729 3
11730 11729 4
11724 11729 1
14681 11730 1
12445 11730 2
10832 11731 1
5671 11754 4
14697 11755 1
5684 11757 1
11757 11758 1
14675 11758 2
5682 11759 1
5682 11760 4
11759 11760 1
11846 11760 2
12449 11761 5
11760 11761 4
11794 11761 1
14681 11762 1
11717 11763 1
11831 11764 1
10830 11764 3
11763 11764 1
11835 11764 1
10829 11766 1
11768 11767 2
11766 11767 1
10829 11768 2
11768 11769 2
11767 11769 2
11766 11770 1
11768 11770 1
11766 11771 1
10897 11771 1
10929 11772 1
11766 11772 1
12445 11773 1
11766 11773 1
5671 11775 4
10829 11778 1
11778 11779 1
10897 11779 1
10858 11780 1
14687 11782 1
5674 11783 2
11782 11783 1
11784 11783 1
14681 11784 1
10886 11787 1
11820 11788 1
11787 11788 1
12445 11788 2
10907 11790 1
11790 11791 1
12445 11791 2
10935 11792 2
11791 11792 2
11790 11793 1
10907 11793 1
10886 11794 1
11794 11795 1
11856 11795 1
11796 11795 2
10886 11796 2
11796 11797 1
11794 11797 1
11799 11798 1
11719 11801 1
11719 11802 1
11801 11802 1
11719 11803 1
11801 11803 1
10916 11804 2
11860 11804 1
10892 11805 3
11851 11805 1
11804 11805 2
11804 11806 2
10916 11806 2
10892 11807 2
11804 11807 2
10902 11809 1
10913 11810 1
11811 11810 3
11858 11813 1
12445 11813 2
11813 11814 2
11730 11814 3
10886 11816 1
11816 11817 1
11859 11817 1
11856 11817 1
11848 11817 1
5674 11817 4
11859 11818 1
11856 11818 1
14687 11818 4
11816 11818 1
11848 11818 1
14681 11820 1
11820 11821 1
12445 11821 1
5682 11822 1
11781 11823 1
11837 11824 1
10941 11824 1
10907 11825 1
14678 11826 3
10831 11827 1
11827 11828 1
10831 11828 1
5682 11829 1
5674 11830 1
12441 11831 1
12443 11833 1
14683 11834 2
11833 11834 1
11845 11834 1
10829 11835 1
11835 11836 1
11768 11836 1
10830 11838 1
14697 11839 1
11839 11840 1
14697 11840 1
11842 11841 1
10924 11843 1
12443 11845 1
11858 11846 1
14697 11846 2
12445 11847 2
11846 11847 2
10829 11848 1
10829 11849 1
11849 11850 1
12445 11850 1
10916 11851 1
5670 11852 1
11852 11853 1
10910 11853 1
11810 11854 1
10886 11856 1
11796 11857 1
11856 11857 1
5682 11858 1
10829 11859 1
5674 11860 1
11860 11861 1
10862 11861 1
14687 11862 1
11860 11862 1
11860 11863 1
5674 11863 1
12438 12437 4
12439 12438 29
12441 12440 1
14683 12441 4
10840 12441 6
14684 12441 4
11858 12442 1
11778 12442 1
11849 12442 1
12443 12442 12
11856 12442 1
11846 12442 2
11731 12442 1
11757 12442 1
11766 12442 1
12440 12442 1
10885 12442 1
11787 12442 1
10958 12442 1
12438 12443 22
5682 12443 1
10829 12443 3
10886 12443 3
14697 12443 3
10832 12443 1
5684 12443 1
12441 12443 1
10835 12443 21
12445 12444 7
10908 12444 3
12440 12444 1
11778 12444 1
11825 12444 1
10906 12444 2
11731 12444 1
14687 12445 1
5682 12445 2
12441 12445 1
10832 12445 1
10907 12445 3
10829 12445 3
10886 12445 3
14693 12445 2
14681 12445 4
14675 12445 2
14697 12445 3
5684 12445 1
12447 12446 1
12443 12447 5
12449 12448 16
10885 12448 1
10944 12448 1
10955 12448 1
11849 12448 1
11794 12448 1
11858 12448 1
11755 12448 1
10950 12448 1
11760 12448 4
12446 12448 1
10852 12448 3
10888 12448 2
10890 12448 1
10904 12448 2
14697 12449 3
10886 12449 4
14675 12449 1
12441 12449 2
10840 12449 1
14681 12449 1
10830 12449 1
5682 12449 8
10916 12449 3
10902 12449 2
12447 12449 1
14693 12449 1
10829 12449 4
14675 14674 1
5684 14675 1
11721 14675 1
10866 14675 2
14674 14676 1
12449 14676 3
11846 14676 2
14678 14677 3
12438 14679 4
14687 14681 1
14682 14681 3
14685 14681 2
14688 14681 1
11786 14681 1
14684 14681 4
14686 14681 2
11785 14681 1
14683 14681 4
12443 14683 2
5674 14684 19
10829 14687 2
5674 14687 1
14688 14687 7
10886 14687 2
11724 14689 1
10958 14689 1
12445 14689 4
11820 14689 1
10882 14690 3
14691 14690 13
14689 14690 4
11791 14690 2
10939 14690 5
12445 14691 13
14693 14692 1
10832 14693 1
11721 14693 1
11753 14693 2
11846 14694 2
14692 14694 1
12449 14694 3
14697 14696 1
5682 14697 1
11715 14697 3
10834 14697 3
