2108 2067 1
2961 2067 45
2962 2067 47
2067 2068 47
2961 2068 43
2108 2068 1
2361 2068 1
2282 2068 1
2211 2068 1
2235 2068 2
2287 2068 1
2260 2068 1
2129 2068 1
2262 2068 1
2300 2068 1
2284 2068 2
2962 2068 48
2370 2068 1
2180 2068 1
2347 2068 1
2290 2068 1
2337 2068 1
2321 2068 1
2165 2068 1
2265 2068 1
2285 2068 2
2070 2069 1
2955 2070 4
2072 2071 1
2069 2071 1
2070 2072 2
2364 2072 1
2144 2072 4
2074 2073 2
2313 2073 1
2076 2075 2
2079 2076 4
2076 2077 3
2075 2077 2
2100 2078 2
2079 2078 7
2293 2078 2
2075 2078 2
2131 2079 1
2151 2079 2
2101 2079 2
2076 2079 2
2209 2079 5
2178 2079 2
2153 2080 2
2078 2080 7
2079 2080 9
2079 2081 7
2078 2081 7
2265 2082 1
2079 2082 8
2078 2082 7
2084 2083 2
2348 2083 1
2142 2083 2
2086 2085 2
2087 2085 4
2365 2085 1
2364 2087 1
2088 2087 4
2091 2090 4
2364 2090 1
2093 2092 1
2955 2093 4
2330 2094 1
2216 2094 1
2235 2094 2
2321 2094 1
2955 2094 12
2300 2094 1
2333 2094 1
2349 2094 1
2092 2094 1
2180 2094 1
2234 2094 1
2301 2094 1
2955 2095 13
2094 2095 12
2284 2095 1
2216 2095 1
2952 2096 1
2092 2096 1
2099 2098 4
2364 2098 1
2101 2100 2
2079 2101 4
2100 2102 2
2101 2102 3
2364 2103 1
2104 2103 4
2217 2103 3
2365 2105 1
2103 2105 4
2152 2105 2
2107 2106 1
2111 2107 3
2345 2108 1
2315 2108 1
2162 2108 1
2213 2108 1
2134 2108 1
2962 2108 15
2323 2108 1
2163 2108 2
2277 2108 1
2216 2108 1
2295 2108 1
2106 2108 1
2234 2108 1
2179 2108 1
2952 2109 4
2365 2109 1
2110 2109 2
2113 2112 2
2114 2112 4
2365 2112 1
2954 2114 3
2364 2114 1
2115 2114 4
2117 2116 2
2313 2116 1
2118 2116 3
2120 2119 1
2119 2121 1
2122 2121 1
2120 2122 1
2124 2123 1
2119 2123 1
2120 2124 1
2127 2125 4
2365 2125 1
2126 2125 2
2128 2127 4
2364 2127 1
2109 2127 2
2093 2127 1
2958 2129 1
2300 2130 1
2165 2130 1
2235 2130 2
2956 2130 6
2211 2130 1
2129 2130 1
2955 2131 4
2133 2132 3
2135 2134 1
2962 2135 4
2137 2136 2
2105 2136 5
2286 2136 1
2348 2136 1
2313 2138 1
2139 2138 2
2118 2138 3
2141 2140 3
2143 2142 2
2365 2142 1
2072 2142 4
2146 2145 1
2955 2146 4
2276 2148 1
2147 2148 3
2093 2149 1
2952 2150 1
2149 2150 1
2079 2151 4
2151 2153 2
2151 2154 2
2153 2154 2
2313 2155 1
2156 2155 2
2158 2157 1
2229 2158 2
2183 2158 4
2365 2158 1
2160 2159 1
2157 2159 1
2223 2160 2
2348 2160 1
2158 2160 3
2157 2161 1
2158 2161 1
2954 2162 1
2954 2163 2
2162 2163 1
2114 2164 2
2162 2164 1
2345 2164 1
2131 2165 1
2167 2166 3
2169 2168 3
2105 2170 1
2105 2171 3
2191 2171 1
2170 2171 1
2171 2172 3
2136 2172 3
2171 2173 3
2952 2173 3
2175 2174 2
2176 2174 4
2365 2174 1
2364 2176 1
2177 2176 4
2079 2178 4
2954 2179 1
2181 2180 1
2955 2181 4
2183 2182 1
2180 2182 1
2194 2183 4
2181 2183 3
2364 2183 1
2185 2184 1
2180 2184 1
2181 2185 1
2187 2186 3
2189 2188 1
2954 2189 1
2189 2190 2
2188 2190 1
2320 2190 1
2105 2191 1
2193 2192 2
2118 2192 3
2313 2192 1
2146 2195 1
2958 2196 1
2105 2197 1
2197 2198 1
2136 2198 1
2200 2199 2
2365 2199 1
2201 2199 4
2202 2201 4
2364 2201 1
2131 2201 2
2267 2201 2
2158 2203 1
2203 2204 1
2160 2204 1
2142 2205 1
2352 2206 1
2083 2206 2
2205 2206 1
2208 2207 2
2313 2207 1
2118 2207 3
2118 2209 8
2270 2210 1
2070 2211 1
2072 2212 1
2211 2212 1
2107 2213 1
2189 2214 1
2189 2215 1
2214 2215 1
2217 2216 1
2955 2217 4
2216 2218 1
2219 2218 1
2217 2219 1
2103 2220 1
2216 2220 1
2222 2221 2
2090 2221 4
2365 2221 1
2109 2224 1
2224 2225 1
2228 2225 1
2127 2225 2
2158 2226 1
2226 2227 1
2160 2227 1
2109 2228 1
2231 2230 2
2125 2230 1
2348 2230 1
2958 2233 1
2217 2234 1
2093 2235 2
2321 2235 1
2098 2236 4
2365 2236 1
2237 2236 2
2313 2238 1
2118 2238 3
2239 2238 2
2955 2241 4
2955 2242 4
2313 2243 1
2244 2243 2
2118 2243 3
2112 2245 1
2348 2246 1
2247 2246 2
2249 2248 3
2253 2252 3
2257 2256 2
2348 2256 1
2348 2258 1
2109 2258 2
2259 2258 2
2242 2260 1
2093 2262 1
2262 2263 1
2127 2263 1
2131 2265 1
2265 2266 1
2267 2266 2
2131 2267 1
2201 2268 4
2285 2268 2
2266 2268 2
2131 2269 1
2360 2270 1
2271 2270 3
2348 2272 1
2273 2272 2
2275 2274 2
2348 2274 1
2135 2277 1
2146 2278 1
2281 2280 2
2348 2280 1
2112 2282 1
2245 2283 2
2282 2283 1
2217 2284 2
2131 2285 2
2310 2285 1
2185 2286 4
2181 2287 1
2183 2288 1
2287 2288 1
2181 2290 1
2125 2291 1
2291 2292 1
2230 2292 1
2178 2293 2
2178 2294 2
2293 2294 2
2181 2295 1
2183 2296 1
2295 2296 1
2313 2297 1
2298 2297 2
2217 2300 1
2217 2301 1
2301 2302 1
2103 2302 1
2313 2303 1
2118 2303 3
2139 2303 2
2270 2304 1
2210 2305 1
2304 2305 1
2181 2307 1
2131 2310 1
2201 2311 1
2310 2311 1
2118 2314 3
2332 2314 2
2313 2314 1
2135 2315 1
2219 2317 1
2219 2318 1
2317 2318 1
2189 2320 1
2093 2321 1
2135 2323 1
2954 2326 1
2329 2328 2
2348 2328 1
2093 2330 1
2330 2331 1
2952 2331 1
2217 2333 1
2333 2334 1
2103 2334 1
2146 2337 1
2142 2338 1
2283 2339 1
2245 2339 1
2327 2340 1
2327 2341 1
2340 2341 1
2105 2343 1
2359 2344 1
2136 2344 2
2343 2344 1
2954 2345 1
2345 2346 1
2954 2346 1
2146 2347 1
2954 2349 1
2114 2350 1
2349 2350 1
2189 2351 1
2349 2351 1
2142 2352 1
2352 2353 1
2083 2353 1
2338 2354 2
2352 2354 1
2354 2355 2
2338 2355 2
2354 2356 2
2338 2356 2
2338 2357 2
2354 2357 2
2354 2358 2
2338 2358 2
2286 2359 1
2958 2361 1
2210 2366 1
2366 2367 1
2210 2367 1
2366 2368 1
2210 2368 1
2181 2369 1
2131 2370 1
2109 2371 1
2371 2372 1
2258 2372 1
2109 2373 1
2258 2374 1
2373 2374 1
2953 2952 4
2105 2952 3
2093 2952 3
2364 2952 1
2955 2954 4
2181 2955 1
2954 2955 1
2956 2955 11
2093 2955 4
2217 2955 6
2131 2956 1
2958 2956 1
2217 2956 1
2093 2956 2
2070 2956 1
2958 2957 1
2955 2958 4
2960 2959 7
2310 2959 1
2333 2959 1
2196 2959 1
2092 2959 1
2301 2959 1
2957 2959 1
2330 2959 1
2093 2960 2
2217 2960 2
2958 2960 2
2131 2960 1
2196 2961 1
2195 2961 1
2369 2961 1
2361 2961 1
2233 2961 1
2295 2961 1
2957 2961 1
2284 2961 2
2260 2961 1
2310 2961 1
2285 2961 2
2278 2961 1
2149 2961 1
2216 2961 1
2962 2961 45
2211 2961 1
2262 2961 1
2290 2961 1
2265 2961 1
2326 2961 1
2235 2961 2
2180 2961 1
2269 2961 1
2337 2961 1
2301 2961 1
2321 2961 1
2129 2961 1
2163 2961 2
2349 2961 1
2333 2961 1
2165 2961 1
2234 2961 1
2282 2961 1
2145 2961 1
2287 2961 1
2330 2961 1
2307 2961 1
2370 2961 1
2300 2961 1
2347 2961 1
2092 2961 1
2112 2962 1
2181 2962 6
2093 2962 6
2954 2962 6
2135 2962 4
2308 2962 1
2146 2962 5
2070 2962 1
2217 2962 7
2242 2962 1
2958 2962 5
2131 2962 6
2264 2962 4
2107 2962 2
