3161 3162 3
3164 3163 3
3165 3163 4
3170 3163 1
3166 3165 1
3170 3166 1
3167 3166 3
3170 3169 1
3257 3170 1
3179 3170 3
3172 3171 2
3169 3171 1
3170 3172 1
3171 3173 2
3174 3173 5
3177 3173 2
3258 3173 1
3175 3173 2
3172 3174 5
3184 3174 3
3172 3175 2
3169 3175 1
3169 3176 1
3163 3176 1
3169 3177 1
3172 3177 2
3169 3178 1
3166 3178 1
3163 3180 1
3180 3181 1
3163 3181 2
3163 3182 2
3181 3182 2
3163 3183 2
3181 3183 2
3186 3185 3
3187 3257 3
3172 3258 1
3166 3260 1
3165 3261 1
3260 3261 1
3165 3262 1
3260 3262 1
3165 3263 1
3260 3263 1
3257 3264 1
3170 3265 1
3264 3265 1
