7021 7020 3
7023 7022 1
8495 7023 1
8032 7024 1
7025 7024 17
11887 7024 1
7046 7024 1
7958 7024 1
8062 7024 1
8055 7024 1
8119 7024 1
9577 7024 1
7022 7024 1
11894 7024 1
8054 7024 1
7972 7024 1
8113 7024 1
8012 7024 1
11823 7024 1
8070 7024 1
11896 7025 1
11868 7025 1
7023 7025 1
9457 7025 3
7034 7025 6
8013 7025 1
11860 7025 1
8510 7025 1
9453 7025 14
8503 7025 1
8494 7025 1
7036 7025 1
9541 7025 2
9545 7025 5
11785 7025 2
9477 7025 1
11848 7025 1
9483 7025 1
9517 7025 1
9578 7025 1
8531 7025 1
11732 7025 4
9526 7025 1
11897 7025 3
8464 7025 2
9570 7025 1
11824 7025 1
9580 7025 1
8008 7025 2
8500 7025 9
7105 7025 1
7939 7026 1
7079 7026 1
9569 7026 1
8027 7026 1
8046 7026 1
7024 7026 17
7956 7026 1
7058 7026 2
8006 7026 1
8023 7026 1
11845 7026 1
7025 7026 41
8487 7026 4
11867 7026 1
11884 7026 1
8060 7026 1
7959 7026 1
11816 7026 1
11859 7026 1
9452 7026 1
11784 7026 1
7963 7027 1
8122 7027 1
7025 7027 60
9542 7027 9
8035 7027 1
8034 7027 1
9551 7027 1
19125 7027 1
8028 7027 1
8107 7027 1
8073 7027 1
9482 7027 1
8502 7027 1
7026 7027 41
7026 7028 41
8034 7028 1
8092 7028 1
8000 7028 1
11891 7028 1
8502 7028 1
9482 7028 1
7025 7028 48
9577 7028 1
9587 7029 2
9551 7029 1
11836 7029 2
7025 7029 62
9542 7029 9
7028 7029 48
8122 7029 1
8092 7030 1
8127 7030 1
8122 7030 1
8054 7030 1
8119 7030 1
11887 7030 1
9577 7030 1
8070 7030 1
7972 7030 1
7022 7030 1
8055 7030 1
7031 7030 19
9551 7030 1
8032 7030 1
8077 7030 1
7956 7030 1
8035 7030 1
11778 7030 1
11823 7030 1
8446 7031 1
11785 7031 2
9580 7031 1
8008 7031 2
9570 7031 1
11824 7031 1
8500 7031 10
9483 7031 1
7023 7031 1
9578 7031 1
11732 7031 5
9526 7031 1
11896 7031 2
9453 7031 16
9554 7031 1
9457 7031 4
8495 7031 1
11725 7031 2
8494 7031 1
9441 7031 2
11745 7031 1
11826 7031 2
11856 7031 1
9541 7031 2
9408 7031 3
11897 7031 3
8503 7031 1
8529 7031 3
9479 7031 1
8510 7031 3
8527 7031 1
8496 7031 39
9557 7032 2
7031 7032 97
9427 7032 1
7030 7032 19
11727 7032 1
7041 7032 2
8504 7032 30
8451 7032 8
9528 7032 4
9484 7032 13
9555 7032 4
8447 7032 35
8030 7032 3
8458 7032 42
11857 7032 4
8449 7032 40
9571 7032 2
8068 7032 3
8042 7033 1
7034 7033 25
8012 7033 1
8113 7033 1
7030 7033 19
11891 7033 1
11867 7033 1
7031 7034 97
11848 7034 1
9545 7034 3
11868 7034 1
8531 7034 5
11834 7034 2
8457 7034 1
8496 7034 5
8021 7034 1
7036 7034 1
7105 7034 1
8013 7034 1
9450 7034 1
8431 7034 1
7039 7034 1
11748 7034 3
7108 7034 1
8445 7035 1
11760 7035 1
9572 7035 3
8431 7035 41
7042 7035 3
8044 7035 1
11849 7035 1
11746 7035 6
7946 7035 1
7033 7035 25
7039 7038 1
8547 7040 1
8024 7041 1
7031 7041 2
7041 7042 2
7034 7042 3
8489 7043 1
8482 7044 1
7043 7044 1
7043 7045 1
8489 7045 1
11897 7046 1
8455 7047 1
8455 7048 1
7047 7048 1
7050 7049 1
9448 7050 4
9407 7050 1
8462 7051 1
7049 7051 1
7107 7052 1
8016 7052 1
7068 7052 1
11800 7052 7
7983 7052 1
8117 7052 1
7049 7052 1
11800 7053 3
8104 7053 1
7049 7053 1
7966 7053 1
8464 7054 1
7049 7054 1
9453 7055 1
9582 7056 1
9545 7057 1
8024 7058 1
9453 7058 2
8489 7059 1
7059 7060 1
8482 7060 1
9453 7061 1
11861 7062 2
8508 7063 1
8112 7064 1
7112 7064 1
8466 7064 6
8036 7064 1
7063 7064 1
8056 7064 1
8128 7064 1
9448 7065 4
7067 7066 2
8471 7067 4
7069 7068 1
9448 7069 4
9471 7070 2
7068 7070 1
8050 7071 2
7070 7071 2
9500 7071 4
9493 7072 1
9493 7073 1
7072 7073 1
8531 7074 1
9448 7075 4
11819 7076 1
7076 7077 1
11819 7077 1
9448 7078 4
9453 7079 1
9461 7080 1
8466 7081 2
7080 7081 1
8059 7081 1
8525 7082 1
7082 7083 1
8526 7083 1
8440 7084 2
8440 7085 2
8440 7086 2
8440 7087 2
7087 7088 2
8440 7089 2
8440 7090 2
7090 7091 2
8440 7092 2
8440 7093 2
8440 7094 2
8441 7095 2
8441 7096 2
8441 7097 2
7097 7098 2
7097 7099 2
8441 7100 2
8441 7101 2
7101 7102 2
7101 7103 2
7101 7104 2
11800 7107 1
8508 7112 1
11861 7113 1
7113 7114 1
8489 7114 2
7116 7115 1
9478 7116 4
7118 7117 3
9448 7119 4
7121 7120 1
9478 7121 4
7120 7122 1
9464 7122 2
9499 7123 3
8081 7123 1
7122 7123 2
8529 7124 1
7119 7126 1
8031 7127 1
9406 7127 2
9493 7128 1
8547 7129 1
9447 7130 1
7130 7131 1
8464 7131 1
8104 7132 1
8464 7132 2
7130 7132 1
7130 7133 1
7927 7133 1
9464 7927 2
9447 7927 1
7930 7929 5
11861 7931 1
11861 7932 1
7931 7932 1
8489 7933 1
7931 7933 1
7931 7934 1
8489 7934 2
7934 7935 2
8482 7935 2
8489 7936 1
7931 7936 1
7931 7937 1
8489 7937 1
7931 7938 1
8489 7938 1
7036 7939 1
7034 7940 1
7034 7941 1
7940 7941 1
7981 7942 1
8542 7942 2
8542 7943 2
7942 7943 2
7942 7944 2
9584 7944 2
11745 7946 1
9493 7947 1
8489 7948 1
7948 7949 1
8482 7949 1
8514 7952 1
11826 7953 1
7034 7954 1
8457 7955 1
11896 7956 1
9561 7957 1
11732 7958 1
9453 7959 1
9408 7960 1
8489 7962 1
8494 7963 1
7963 7964 1
7965 7964 1
8087 7965 1
8494 7965 1
7025 7965 1
8462 7966 1
9541 7967 1
11732 7968 1
7968 7969 1
9582 7969 1
9493 7970 1
9493 7971 1
8500 7972 1
8531 7973 1
9478 7974 4
9478 7975 4
9478 7976 4
8438 7977 1
8439 7978 3
7979 7978 3
7977 7978 1
8439 7979 3
7977 7979 1
8033 7979 1
9499 7980 1
8542 7981 1
8495 7982 1
7078 7983 1
7067 7984 1
7984 7985 1
8433 7985 1
8482 7986 1
7986 7987 1
8489 7988 1
8513 7989 1
7965 7990 1
9546 7990 1
7067 7991 1
8433 7992 1
7991 7992 1
9496 7993 1
8501 7994 1
7994 7995 1
9493 7995 1
8435 7996 1
11769 7997 1
9461 7998 1
7997 7998 1
9457 8000 1
9563 8001 1
8484 8002 1
8457 8003 1
11866 8004 1
9545 8005 1
8531 8006 1
11732 8007 1
8495 8008 1
11767 8009 1
9493 8010 1
8009 8010 1
8013 8012 1
8093 8014 1
8489 8014 2
9506 8015 1
7075 8016 1
8016 8017 1
9471 8017 1
7065 8019 1
7976 8020 1
9468 8022 1
9545 8023 1
9453 8024 1
11762 8025 1
8510 8026 1
11860 8027 1
8008 8028 1
9441 8029 1
7031 8030 3
8029 8030 1
8080 8030 1
9406 8031 1
11897 8032 1
8439 8033 1
9457 8034 1
8500 8035 1
8508 8036 1
8123 8037 1
9464 8037 2
7927 8038 2
8037 8038 2
9563 8039 1
9493 8040 1
8489 8041 2
8531 8042 1
11732 8043 1
8527 8044 1
9453 8046 1
11834 8047 1
8457 8048 1
8045 8049 1
8117 8050 1
9500 8050 2
8050 8051 2
9471 8051 2
8050 8052 2
11798 8052 2
8050 8053 2
9448 8053 2
8500 8054 1
8500 8055 1
8508 8056 1
8489 8057 1
8482 8058 1
8057 8058 1
8542 8059 1
9453 8060 1
8489 8061 1
11732 8062 1
8455 8064 1
7108 8065 1
8489 8066 1
9441 8067 1
8067 8068 1
7031 8068 3
8080 8068 1
8508 8069 1
8500 8070 1
7067 8071 1
8071 8072 1
7067 8072 1
8008 8073 1
11826 8075 1
11826 8076 1
8075 8076 1
8500 8077 1
8514 8078 1
8078 8079 1
9406 8079 2
8129 8079 1
8495 8080 1
9499 8081 1
9464 8082 1
8081 8082 1
8081 8083 1
9464 8083 1
8081 8084 1
7980 8084 1
9478 8085 1
8081 8085 1
8081 8086 1
9478 8086 1
8489 8089 1
7999 8090 1
8090 8091 1
8523 8091 1
8500 8092 1
8489 8093 1
7975 8094 1
8547 8095 1
8547 8096 1
8095 8096 1
7945 8097 1
8097 8098 1
11743 8098 1
9517 8099 1
7116 8100 1
8482 8101 2
8110 8101 1
8100 8101 1
8489 8103 1
11825 8104 1
8104 8105 1
8462 8105 1
8464 8106 1
8104 8106 1
11785 8107 1
9559 8108 1
8108 8109 1
9559 8109 1
7976 8110 1
9459 8111 1
8508 8112 1
7105 8113 1
7974 8114 1
9441 8115 1
8547 8116 1
9500 8117 1
7031 8118 1
9526 8119 1
9518 8120 1
9580 8122 1
9477 8123 1
8489 8124 1
8489 8125 1
8125 8126 1
8482 8126 1
8500 8127 1
8508 8128 1
8513 8129 1
9545 8130 1
11725 8431 1
9408 8431 1
9457 8431 1
8527 8431 1
8480 8431 1
11745 8431 1
8446 8431 1
8542 8431 2
7034 8431 72
9582 8431 1
8496 8431 22
11736 8431 2
11793 8431 1
11732 8431 1
8461 8432 49
11746 8432 6
7033 8432 25
8433 8432 68
8446 8433 1
9461 8433 2
8508 8433 1
7034 8433 36
7067 8433 4
9457 8433 1
11745 8433 1
8542 8433 1
9410 8433 1
8527 8433 1
8462 8433 49
7996 8434 1
8435 8434 35
7033 8434 25
9466 8434 3
9465 8434 4
8123 8434 1
19123 8434 1
11851 8434 1
8100 8434 1
9459 8435 1
8514 8435 1
8513 8435 4
9477 8435 1
7034 8435 25
7976 8435 1
7116 8435 1
9517 8435 1
8054 8436 1
8092 8436 1
8012 8436 1
11778 8436 1
7025 8436 22
11797 8436 1
11837 8436 1
8070 8436 1
8127 8436 1
8113 8436 1
8122 8436 1
7958 8436 1
8062 8436 1
8005 8436 1
8043 8436 1
7022 8436 1
11823 8436 1
8055 8436 1
11887 8436 1
8032 8436 1
9544 8436 1
8007 8436 1
9589 8437 8
8436 8437 22
11854 8437 3
7025 8437 34
8123 8437 1
19123 8437 1
8439 8438 6
8440 8439 6
8438 8439 1
8441 8440 8
8442 8441 7
8443 8441 7
9493 8441 3
9450 8441 3
9449 8442 2
8484 8442 3
8008 8444 2
11897 8444 1
8446 8445 1
8495 8446 1
11845 8447 1
11816 8447 1
8060 8447 1
7031 8447 35
11859 8447 1
8026 8447 1
7963 8447 1
7046 8447 1
7079 8447 1
11884 8447 1
9456 8447 1
7055 8447 1
7959 8447 1
7946 8447 1
11889 8447 1
11784 8447 1
8044 8447 1
8502 8447 1
8024 8447 1
8034 8447 1
8092 8447 1
7958 8447 1
9482 8447 1
8046 8447 1
7953 8447 1
11894 8447 1
8445 8447 1
9452 8447 1
7058 8447 2
11855 8447 1
9577 8447 1
8107 8447 1
9569 8447 1
8000 8447 1
7057 8448 1
8530 8448 1
9428 8448 2
11867 8448 1
8023 8448 1
11891 8448 1
8447 8448 35
7034 8448 43
11786 8449 1
8445 8449 1
11887 8449 1
9577 8449 1
8026 8449 1
7061 8449 1
8509 8449 1
8107 8449 1
8024 8449 1
11855 8449 1
9569 8449 1
11884 8449 1
7946 8449 1
7079 8449 1
8060 8449 1
7959 8449 1
11889 8449 1
7055 8449 1
7967 8449 1
9452 8449 1
11784 8449 1
11837 8449 1
11816 8449 1
11845 8449 1
7963 8449 1
8028 8449 1
8044 8449 1
9540 8449 1
8502 8449 1
7953 8449 1
9553 8449 1
9456 8449 1
8046 8449 1
7046 8449 1
11859 8449 1
9592 8449 1
11894 8449 1
7031 8449 40
7058 8449 2
9482 8449 1
8005 8450 1
11891 8450 1
7939 8450 1
8023 8450 1
7038 8450 1
7057 8450 1
8449 8450 40
7034 8450 46
11849 8451 1
8445 8451 1
9531 8451 1
7968 8451 1
9592 8451 1
8044 8451 1
7946 8451 1
7031 8451 8
8451 8452 8
9572 8452 3
7034 8452 11
7946 8453 1
8445 8453 1
8433 8453 3
8044 8453 1
11855 8454 1
11763 8454 2
7061 8454 1
8455 8454 21
8073 8454 1
19125 8454 1
8445 8454 1
8044 8454 1
7939 8454 1
11841 8454 1
9531 8454 1
7960 8454 1
8502 8454 1
7963 8454 1
19126 8454 1
8028 8454 1
8107 8454 1
7946 8454 1
8075 8454 1
11826 8455 1
11856 8455 1
9483 8455 1
9545 8455 1
9541 8455 2
9457 8455 3
11897 8455 1
9408 8455 3
9453 8455 6
8527 8455 1
11745 8455 1
8542 8455 1
11762 8455 2
8008 8455 2
11896 8455 2
8446 8455 1
9578 8455 1
11848 8455 1
8494 8455 1
8500 8455 2
7036 8455 1
7039 8455 1
8503 8455 1
11785 8455 2
9584 8455 10
9586 8455 4
9583 8455 9
8457 8455 4
8431 8455 4
9585 8455 4
9450 8455 4
8454 8456 18
8457 8456 20
8048 8456 1
9429 8456 1
11860 8457 1
11834 8457 1
11752 8457 7
8542 8457 3
8045 8457 1
8455 8457 28
8531 8457 1
7025 8457 1
8062 8458 1
7972 8458 1
8445 8458 1
11778 8458 1
11887 8458 1
8528 8458 1
9540 8458 1
19125 8458 1
8035 8458 1
7031 8458 42
8070 8458 1
7967 8458 1
11784 8458 1
8107 8458 1
8077 8458 1
9569 8458 1
9551 8458 1
8007 8458 1
8026 8458 1
7061 8458 1
9527 8458 1
7058 8458 2
11884 8458 1
8127 8458 1
8028 8458 1
7946 8458 1
11845 8458 1
11894 8458 1
8092 8458 1
7046 8458 1
8044 8458 1
11889 8458 1
8073 8458 1
8509 8458 1
8043 8458 1
11837 8458 1
9482 8458 1
11852 8458 1
7958 8458 1
7124 8458 1
7034 8459 48
11867 8459 1
8458 8459 42
8113 8459 1
8005 8459 1
8023 8459 1
19118 8460 1
8431 8460 49
8459 8460 48
8462 8461 49
8459 8461 48
11801 8462 3
9450 8462 3
11825 8462 1
11802 8462 3
7050 8462 1
8466 8462 3
7034 8462 48
8461 8463 49
8464 8463 50
7130 8463 1
8462 8464 49
7050 8464 1
9447 8464 1
11825 8464 1
11800 8464 7
8507 8465 1
8466 8465 52
8059 8465 1
8069 8465 1
8461 8465 49
9408 8466 1
8508 8466 8
7034 8466 1
8496 8466 22
9461 8466 2
8542 8466 2
8462 8466 49
7119 8466 1
11736 8466 2
11725 8466 1
11732 8466 1
8468 8467 49
8461 8467 49
8462 8468 49
8461 8469 49
8128 8469 1
11735 8469 2
8507 8469 1
8491 8469 6
8069 8469 1
7968 8469 1
8541 8469 1
8056 8469 1
8466 8469 66
9531 8469 1
8448 8469 1
8036 8469 1
7063 8469 1
8471 8470 66
8469 8470 66
8462 8471 49
11736 8471 2
8542 8471 1
8466 8471 68
11848 8471 1
8547 8471 1
9578 8471 1
7025 8471 3
7034 8471 1
9461 8471 2
9410 8471 1
8508 8471 1
8466 8472 67
8469 8472 66
8466 8473 68
8128 8473 1
8472 8473 67
8069 8473 1
8473 8474 68
8472 8474 67
7129 8474 1
8471 8474 69
8507 8474 1
8473 8475 68
8471 8475 71
11836 8475 2
9587 8475 2
8507 8475 1
8472 8475 67
8471 8476 68
8473 8476 68
8461 8477 49
11891 8477 1
9577 8477 1
8471 8477 51
8461 8478 49
8464 8478 56
7052 8478 7
7079 8479 1
7046 8479 1
8024 8479 1
9452 8479 1
7953 8479 1
7057 8479 1
8046 8479 1
8445 8479 1
8480 8479 23
7959 8479 1
7946 8479 1
9456 8479 1
8502 8479 1
8023 8479 1
11884 8479 1
11816 8479 1
11855 8479 1
11859 8479 1
8060 8479 1
8044 8479 1
7058 8479 2
7055 8479 1
11845 8479 1
7963 8479 1
11897 8480 1
9453 8480 12
11856 8480 1
8494 8480 1
8503 8480 1
8527 8480 1
9457 8480 1
11826 8480 1
8446 8480 1
11745 8480 1
9545 8480 2
8455 8480 5
8482 8481 7
11907 8481 1
7066 8481 2
8445 8481 1
8044 8481 1
8041 8481 2
8489 8482 35
7976 8482 1
8508 8482 1
9496 8482 1
9457 8482 1
7975 8482 1
9579 8482 1
8547 8482 3
7121 8482 1
7116 8482 1
7067 8482 2
9459 8482 1
8542 8482 1
8446 8482 1
11745 8482 1
8527 8482 1
9477 8482 1
9517 8482 1
8484 8483 1
9449 8484 2
9410 8484 1
9495 8484 3
8443 8484 4
8486 8485 3
8483 8485 1
7931 8485 1
9575 8485 1
9451 8486 1
11861 8486 1
8484 8486 2
7025 8487 4
9527 8487 1
8007 8487 1
11778 8487 1
8489 8488 1
11771 8489 3
9543 8489 4
11861 8489 2
8482 8489 4
19113 8490 1
8488 8490 1
8482 8490 2
8466 8491 6
7126 8491 1
8112 8491 1
8036 8491 1
7063 8491 1
7112 8491 1
8541 8492 1
11863 8492 1
8507 8492 1
8491 8492 6
11735 8492 2
8448 8492 1
8466 8492 12
9587 8493 2
11836 8493 2
8491 8493 6
8471 8493 9
8495 8494 1
7031 8495 36
8498 8495 33
8499 8495 33
7034 8496 21
8497 8496 42
7031 8496 3
9468 8497 3
8496 8497 22
8444 8497 4
8495 8500 1
8503 8502 1
8495 8503 1
7963 8504 1
8073 8504 1
8075 8504 1
7967 8504 1
7960 8504 1
11859 8504 1
7061 8504 1
11855 8504 1
9531 8504 1
7956 8504 1
9452 8504 1
8060 8504 1
11784 8504 1
8028 8504 1
11816 8504 1
19127 8504 1
8046 8504 1
11884 8504 1
8502 8504 1
9540 8504 1
9553 8504 1
8000 8504 1
9482 8504 1
19125 8504 1
7031 8504 30
8092 8504 1
8107 8504 1
19126 8504 1
8035 8504 1
8034 8504 1
8504 8505 30
8005 8505 1
7034 8505 32
7038 8505 1
11816 8506 1
7967 8506 1
8000 8506 1
11784 8506 1
9577 8506 1
8092 8506 1
9452 8506 1
8502 8506 1
11884 8506 1
8046 8506 1
8035 8506 1
8060 8506 1
11891 8506 1
11859 8506 1
8005 8506 1
9540 8506 1
9482 8506 1
8455 8506 18
8034 8506 1
8508 8507 1
8510 8509 1
8495 8510 1
11888 8511 1
8512 8511 6
8511 8513 4
8511 8514 4
7101 8517 2
8516 8517 1
8516 8518 1
7101 8518 2
7101 8519 2
8516 8519 1
8516 8520 1
7101 8520 2
8516 8521 1
7101 8521 2
7101 8522 2
8516 8522 1
7999 8523 1
8455 8523 4
8524 8523 3
8526 8525 4
8525 8526 1
8495 8527 1
8529 8528 1
8495 8529 1
9450 8529 1
8531 8530 1
9450 8531 1
7110 8531 3
7109 8531 3
7111 8531 3
8047 8532 1
7057 8532 1
11883 8532 1
9454 8532 3
8530 8532 1
8012 8532 1
8023 8532 1
11867 8532 1
11750 8532 3
8030 8532 3
8065 8532 1
8113 8532 1
9552 8532 1
11891 8532 1
8005 8532 1
7034 8532 21
8030 8533 3
8496 8533 22
8532 8533 21
8535 8534 24
9562 8534 1
8533 8534 22
8001 8534 1
8496 8535 22
9565 8535 5
9468 8535 1
9563 8535 3
8497 8536 26
9424 8536 4
8533 8536 22
8533 8537 22
8497 8537 22
8431 8538 32
9531 8538 1
8541 8538 1
8059 8538 1
11760 8538 1
9592 8538 1
8448 8538 1
11735 8538 2
7056 8538 1
8533 8538 22
7968 8538 1
8036 8539 1
8466 8539 26
8112 8539 1
8533 8539 22
7063 8539 1
7112 8539 1
8535 8540 23
8533 8540 22
8039 8540 1
8542 8541 1
7928 8542 3
7929 8542 4
9450 8542 1
8448 8543 1
8541 8543 1
11735 8543 2
8471 8543 4
7074 8544 1
11779 8544 1
7942 8544 2
8541 8544 1
11906 8544 3
8457 8544 14
11728 8544 4
9429 8544 1
8049 8544 1
7942 8545 2
8541 8545 1
7074 8545 1
8457 8545 14
8049 8545 1
11779 8545 1
11906 8545 3
11764 8545 4
9429 8545 1
8547 8546 1
8443 8547 4
8433 8547 4
9480 8548 2
19113 8548 1
8546 8548 1
8116 8548 1
8547 8548 7
7129 8548 1
8548 8549 7
8550 8549 9
8552 8549 2
7040 8549 1
8547 8550 9
7129 8551 1
8546 8551 1
8482 8551 3
9576 8551 1
8547 8552 2
8546 8552 1
7040 8553 1
8552 8553 2
8550 8553 3
8014 8554 2
8546 8554 1
8124 8554 1
8482 8554 4
8546 8555 1
8482 8555 2
7988 8555 1
8482 8556 5
19113 8556 1
7962 8556 1
8546 8556 1
11849 8556 1
8069 8556 1
8550 9405 1
8546 9405 1
11818 9406 1
8513 9406 1
8514 9406 1
9493 9406 1
9407 9406 1
9506 9406 1
8495 9408 1
9410 9409 1
8440 9410 4
9412 9411 1
9409 9411 1
8489 9412 1
9410 9412 1
9449 9412 2
9572 9413 3
8433 9413 7
7042 9413 3
9409 9413 1
11871 9414 2
9409 9414 1
8484 9414 3
9409 9415 1
9416 9415 3
7072 9415 1
9449 9416 2
9493 9416 10
9410 9416 1
11815 9417 2
11872 9417 3
9415 9417 3
9416 9417 18
9420 9417 17
9417 9418 18
9416 9418 18
9417 9419 18
11815 9419 2
9416 9419 18
11815 9420 2
11813 9420 5
11872 9420 3
9416 9420 17
9415 9420 3
9521 9420 9
9409 9421 1
9412 9421 1
9409 9422 1
7129 9422 1
8471 9422 2
9409 9423 1
8484 9423 1
8073 9424 1
19125 9424 1
8444 9424 4
8028 9424 1
7021 9425 5
9425 9426 4
7031 9427 1
9427 9428 1
7034 9428 2
8027 9429 1
7955 9429 1
8049 9429 1
8457 9429 12
11755 9429 6
11753 9429 6
11883 9429 1
9429 9430 1
8457 9430 3
8003 9430 1
11906 9431 3
9430 9431 3
8457 9431 11
11751 9431 5
8457 9432 3
9429 9432 1
11883 9432 1
7074 9432 1
8457 9433 1
9429 9433 1
8457 9434 1
9429 9434 1
8457 9435 4
9429 9435 1
11906 9435 3
9429 9436 1
8457 9436 1
9429 9437 1
11906 9437 3
8457 9437 4
9429 9438 1
8457 9438 1
11906 9439 3
9429 9439 1
8457 9439 4
9429 9440 1
8457 9440 2
7955 9440 1
9442 9441 3
9443 9441 3
7031 9441 6
9406 9444 3
11817 9444 1
9505 9444 1
11835 9445 1
9406 9445 5
9444 9445 3
9445 9446 5
9406 9446 7
7127 9446 2
9448 9447 4
9500 9448 2
9450 9448 10
9450 9449 1
9495 9449 1
9453 9452 1
8495 9453 1
8047 9454 1
7034 9454 3
11727 9454 1
7973 9455 1
7074 9455 1
8012 9455 1
11867 9455 1
8047 9455 1
8068 9455 3
7034 9455 17
11891 9455 1
8023 9455 1
8113 9455 1
7057 9455 1
11883 9455 1
8005 9455 1
8065 9455 1
9454 9455 3
9453 9456 1
8495 9457 1
9459 9458 1
9478 9459 4
19123 9460 1
8100 9460 1
7120 9460 1
8123 9460 1
8094 9460 1
8110 9460 1
9458 9460 1
11890 9460 1
9461 9460 8
8471 9461 3
9561 9461 1
8466 9461 3
7975 9461 1
9579 9461 2
9459 9461 2
9517 9461 2
7976 9461 2
9477 9461 2
7116 9461 2
8482 9461 3
11769 9461 2
7121 9461 1
9518 9461 2
8482 9462 10
9458 9462 1
8123 9462 1
8094 9462 1
8100 9462 1
7993 9462 1
8059 9462 1
19123 9462 1
9537 9462 2
8110 9462 1
8081 9463 1
7997 9463 1
19123 9463 1
7120 9463 1
11890 9463 1
8110 9463 1
9560 9463 1
8094 9463 1
11862 9463 1
9464 9463 15
9458 9463 1
11830 9463 1
8100 9463 1
8114 9463 1
8123 9463 1
7121 9464 1
9473 9464 2
9459 9464 1
11803 9464 2
11769 9464 1
9450 9464 2
7976 9464 1
11799 9464 2
9499 9464 3
7974 9464 1
9517 9464 1
9477 9464 1
9518 9464 1
9586 9464 2
7975 9464 1
9561 9464 1
11831 9464 1
9579 9464 1
7116 9464 1
9458 9465 1
8129 9465 1
8435 9465 4
11828 9465 1
9458 9466 1
8123 9466 1
8435 9466 3
9468 9467 3
8004 9467 1
8065 9467 1
11866 9468 1
7108 9468 1
8497 9469 3
9467 9469 3
9471 9470 1
9586 9471 2
9500 9471 6
7050 9471 1
11799 9471 2
11803 9471 2
7069 9471 1
7078 9471 1
9488 9471 1
11825 9471 1
9473 9471 2
7065 9471 1
7075 9471 1
8002 9472 1
9473 9472 3
9470 9472 1
9471 9473 13
8484 9473 4
11804 9473 7
9472 9474 3
9473 9474 3
8016 9475 1
9471 9475 5
7068 9475 1
11895 9475 2
9471 9476 5
9475 9476 5
9478 9477 4
9499 9478 1
8495 9479 1
7129 9480 1
8547 9480 2
9483 9482 1
8495 9483 1
9553 9484 1
11784 9484 1
7046 9484 1
8062 9484 1
7031 9484 13
7958 9484 1
7968 9484 1
9482 9484 1
7967 9484 1
8043 9484 1
11889 9484 1
9540 9484 1
8028 9484 1
7038 9485 1
9484 9485 13
7034 9485 14
9488 9487 1
9448 9488 4
8016 9489 1
7068 9489 1
11895 9489 2
9487 9489 1
8104 9489 1
8019 9489 1
8050 9489 2
9471 9489 12
8117 9489 1
7049 9489 1
7983 9489 1
9525 9489 3
19129 9490 3
9473 9490 24
9489 9490 12
9492 9491 3
9449 9493 2
11767 9493 1
8501 9493 1
9407 9494 1
8513 9494 1
8514 9494 1
8466 9495 1
9450 9495 1
11861 9495 2
9498 9495 4
8443 9495 4
7034 9496 3
8443 9496 4
8550 9496 4
8455 9498 2
9497 9498 11
9464 9499 4
9461 9499 2
8466 9499 2
7980 9499 2
9498 9499 5
11800 9500 2
8462 9500 2
11799 9500 2
9471 9500 4
11798 9500 2
9498 9500 5
9450 9500 2
8489 9501 1
8482 9502 4
8100 9502 1
8110 9502 1
11890 9502 1
9501 9502 1
8489 9503 1
8482 9504 1
9503 9504 1
9506 9505 1
9505 9507 1
9508 9507 1
9506 9508 1
9508 9509 1
9505 9509 1
8015 9510 1
9506 9510 2
9505 9510 1
9505 9511 1
8015 9511 1
9512 9511 2
9506 9511 3
9505 9512 1
9506 9512 2
9514 9513 7
9513 9515 4
9513 9516 4
9478 9517 4
9478 9518 4
9493 9519 4
8040 9519 1
11812 9519 2
9519 9520 4
9493 9520 5
7072 9521 1
11813 9521 5
9520 9521 5
9493 9521 9
7947 9522 1
9493 9522 2
11873 9523 3
7072 9523 1
9522 9523 2
9493 9523 13
11835 9523 1
9524 9523 13
11905 9524 1
9523 9524 13
11812 9524 2
9493 9524 13
11871 9524 2
8040 9524 1
9500 9525 3
8050 9525 2
8495 9526 1
9453 9527 1
7031 9528 4
9527 9528 1
11889 9528 1
9553 9528 1
7038 9529 1
7034 9529 5
9528 9529 4
8005 9530 1
8007 9530 1
8127 9530 1
9527 9530 1
9551 9530 1
11891 9530 1
7958 9530 1
11778 9530 1
7025 9530 17
8092 9530 1
11894 9530 1
7061 9530 1
8062 9530 1
8070 9530 1
8043 9530 1
8035 9530 1
11837 9530 1
8113 9530 1
9408 9531 1
11761 9532 1
7038 9532 1
7960 9532 1
8455 9532 5
9531 9532 1
19126 9532 1
19127 9533 1
11761 9533 1
7038 9533 1
7960 9533 1
9531 9533 1
19126 9533 1
7956 9533 1
8455 9533 7
8064 9534 1
8455 9534 2
11774 9535 2
8455 9535 4
9534 9535 2
9534 9536 2
9498 9536 2
8489 9537 2
9538 9539 3
9541 9540 1
8495 9541 1
11838 9542 6
7025 9542 9
8113 9542 1
9540 9542 1
9545 9544 1
11792 9546 2
8130 9546 1
9544 9546 1
7025 9546 5
8031 9547 1
9406 9547 2
9547 9548 2
9406 9548 3
9406 9549 3
9548 9549 3
9548 9550 3
9406 9550 3
8500 9551 1
8531 9552 1
9554 9553 1
8495 9554 1
8007 9555 1
11889 9555 1
9553 9555 1
7031 9555 4
7038 9556 1
9555 9556 4
7034 9556 5
9553 9557 1
7031 9557 2
9557 9558 2
7034 9558 3
7038 9558 1
9492 9559 3
9561 9560 1
9478 9561 4
9563 9562 1
8039 9564 1
8001 9564 1
9562 9564 1
9565 9564 4
9563 9565 3
9565 9566 5
9564 9566 4
8022 9567 1
9566 9567 5
8535 9567 6
8535 9568 4
9564 9568 4
9570 9569 1
8495 9570 1
9569 9571 1
7031 9571 2
7034 9572 3
9571 9572 2
9496 9573 4
9572 9573 3
9496 9574 5
7993 9574 1
9573 9574 4
8484 9575 1
8489 9576 1
9578 9577 1
8495 9578 1
9478 9579 4
8495 9580 1
9581 9580 1
11732 9582 1
8455 9582 5
8542 9584 2
7057 9587 1
7025 9587 2
11746 9588 6
7025 9588 7
9588 9589 7
7025 9589 8
8514 9590 1
11842 9591 1
7989 9591 1
8129 9591 1
8110 9591 1
8435 9591 5
9590 9591 1
11725 9592 1
8495 11725 1
9592 11726 1
8466 11726 1
7031 11727 1
8455 11728 4
11775 11728 3
11728 11729 4
11906 11729 3
8457 11729 7
8523 11730 5
11728 11730 4
11730 11731 5
8523 11731 5
8495 11732 1
11734 11733 1
11736 11735 2
11733 11735 1
11734 11736 1
7106 11736 3
11735 11737 2
11738 11737 4
11736 11738 2
11740 11739 3
11737 11739 3
11806 11740 1
11736 11740 2
11738 11740 4
11740 11741 3
11735 11741 2
11805 11741 1
11735 11742 2
11743 11742 2
7945 11743 1
11736 11743 2
11736 11744 1
11733 11744 1
8495 11745 1
7954 11746 1
7034 11746 6
11857 11746 4
11748 11747 1
7036 11748 1
11747 11749 1
11748 11749 1
11748 11750 3
7939 11750 1
11747 11750 1
11752 11751 5
8049 11751 1
11750 11751 3
8045 11752 1
11748 11752 3
11751 11753 5
11752 11753 6
9429 11754 11
11779 11754 1
11906 11754 3
8457 11754 15
11752 11755 6
11751 11755 5
11751 11756 5
11752 11756 5
11750 11757 3
7034 11757 5
8065 11757 1
11759 11758 1
8480 11760 1
11762 11761 3
11886 11761 2
11858 11762 3
8455 11763 2
11761 11763 1
11763 11764 2
8455 11764 4
8025 11764 1
7951 11766 1
11765 11766 1
7950 11766 2
8526 11767 4
11769 11768 1
9478 11769 4
7957 11770 1
8020 11770 1
7115 11770 1
8120 11770 1
8099 11770 1
11783 11770 1
9461 11770 9
11768 11770 1
19134 11770 1
8111 11770 1
11774 11772 2
8455 11772 2
11772 11773 2
8455 11773 3
11779 11773 1
11772 11774 2
8455 11774 2
11774 11775 2
8455 11775 3
8455 11776 3
11775 11776 3
11774 11777 2
8455 11777 2
8500 11778 1
8455 11779 1
8457 11780 1
11779 11780 1
8489 11781 1
8482 11782 2
8061 11782 1
11781 11782 1
9579 11783 1
11785 11784 1
8495 11785 1
11725 11786 1
8489 11787 2
7931 11787 1
7993 11788 1
8059 11788 1
8482 11788 4
11787 11788 2
8457 11789 1
11790 11791 1
11885 11791 2
7130 11792 1
8464 11792 2
8455 11793 5
8526 11794 4
9450 11795 1
11796 11795 4
7025 11797 1
9500 11798 2
7050 11800 1
11825 11800 1
9500 11800 1
7078 11800 1
7069 11800 1
8464 11800 3
7075 11800 1
8462 11800 1
11806 11805 1
11737 11807 1
11740 11807 2
11805 11807 1
11805 11808 1
11737 11808 1
11740 11808 2
11740 11809 1
11805 11809 1
9493 11811 1
11811 11812 1
9493 11812 2
11812 11813 2
7128 11813 1
8040 11813 1
9493 11813 5
9493 11814 1
11814 11815 1
9416 11815 2
9453 11816 1
11818 11817 1
11820 11819 3
9450 11819 1
8489 11821 2
8482 11822 3
7120 11822 1
11821 11822 2
11824 11823 1
8495 11824 1
9448 11825 4
9407 11825 1
8495 11826 1
7021 11827 3
8513 11828 1
11831 11830 1
9478 11831 4
8489 11832 1
11832 11833 1
8482 11833 1
9493 11835 1
7025 11836 2
7057 11836 1
9453 11837 1
8043 11838 1
11837 11838 1
8127 11838 1
7025 11838 6
8005 11838 1
7967 11838 1
11838 11839 6
7025 11839 6
7025 11840 4
11837 11840 1
8005 11840 1
8043 11840 1
8127 11840 1
8542 11841 1
8513 11842 1
8513 11843 1
11843 11844 1
9494 11844 2
7952 11844 1
9453 11845 1
8489 11846 1
11846 11847 1
7114 11847 2
8482 11847 3
9457 11849 1
8069 11850 1
11849 11850 1
8059 11850 1
7066 11850 2
11864 11850 2
8433 11850 7
8435 11851 1
9479 11852 1
7025 11853 1
11853 11854 1
7025 11854 3
8005 11854 1
11856 11855 1
8495 11856 1
8119 11857 1
7031 11857 4
8118 11857 1
11855 11857 1
9453 11859 1
9412 11861 4
9518 11862 1
9461 11863 3
7997 11863 1
11862 11863 1
9461 11864 2
11862 11864 1
8471 11865 2
11864 11865 2
8495 11866 1
11868 11867 1
9495 11869 1
11869 11870 1
8484 11870 1
11869 11871 1
9449 11871 2
9416 11872 3
11871 11872 2
11871 11873 2
9493 11873 3
8484 11874 2
11871 11874 2
8484 11875 2
11871 11875 2
8484 11876 2
11871 11876 2
11871 11877 2
11878 11877 2
9449 11878 2
8442 11879 2
11871 11879 2
11871 11880 2
9412 11880 2
8442 11881 2
11871 11881 2
11869 11882 1
7062 11882 1
9495 11882 4
19128 11882 2
11834 11883 1
9457 11884 1
19124 11886 1
11762 11886 2
8510 11887 1
8529 11889 1
9579 11890 1
11848 11891 1
8489 11892 1
8482 11893 1
11892 11893 1
9453 11894 1
8117 11895 1
9500 11895 2
8495 11896 1
8495 11897 1
11898 11899 3
7021 11900 3
7021 11901 3
7021 11902 3
8515 11903 1
11903 11904 1
8515 11904 1
9493 11905 1
8454 11906 1
7029 11906 1
8457 11906 3
11745 11907 1
8066 11908 1
11907 11908 1
8482 11908 2
8547 19113 1
19113 19114 1
8550 19114 1
8482 19115 2
8089 19115 1
19113 19115 1
8550 19116 1
19113 19116 1
8550 19117 1
19113 19117 1
11793 19118 1
8489 19119 1
19119 19120 1
9412 19120 1
19119 19121 1
8482 19121 4
8103 19121 1
8014 19121 2
9517 19123 1
11762 19124 1
11897 19125 1
9408 19126 1
11896 19127 1
9495 19128 2
7062 19128 1
8484 19129 3
19128 19129 2
8484 19130 3
19129 19130 3
19129 19131 3
8442 19131 3
8489 19132 1
19132 19133 1
8482 19133 1
9477 19134 1
