9812 9793 1
9794 9793 2
9812 9795 1
9796 9795 2
9798 9797 3
9806 9799 1
9801 9800 3
9802 9803 1
9831 9803 1
9830 9803 2
9805 9804 2
9812 9804 1
9837 9807 1
9812 9808 1
9809 9808 2
9812 9810 1
9811 9810 2
9812 9813 1
9834 9813 2
9812 9814 1
9832 9814 2
9812 9815 1
9820 9815 2
9812 9816 1
9833 9816 2
9818 9817 1
9819 9817 1
9823 9821 1
9823 9822 1
9827 9822 1
9826 9823 6
9825 9823 6
9824 9823 6
9829 9827 4
9823 9827 4
9828 9827 4
9824 9828 5
9824 9829 5
9837 9835 1
9807 9835 1
9836 9835 3
9840 9837 2
9839 9837 2
9838 9837 4
9837 9840 1
9843 9842 3
9829 9844 1
9828 9844 1
9827 9844 1
9847 9846 3
9843 9849 3
9837 9850 1
10006 9851 1
9850 9851 1
9837 9851 2
9850 9852 1
9807 9852 1
9850 9853 1
9840 9853 1
9850 9854 1
9840 9854 1
9803 9855 1
9855 9856 1
9803 9856 2
9803 9857 2
9856 9857 2
9863 9858 1
9859 9858 2
9861 9860 2
9863 9860 1
9823 9862 1
9827 9862 1
9837 10006 1
