495 494 4
497 496 1
497 498 2
496 498 1
498 499 2
497 499 3
496 499 1
497 500 5
496 500 1
516 500 2
499 500 3
495 501 4
495 502 4
495 503 4
495 504 4
501 504 1
495 505 4
518 505 1
495 506 4
495 507 4
495 508 4
495 509 4
503 510 1
517 510 2
503 511 1
510 511 3
501 512 1
504 513 1
512 513 1
505 514 3
497 515 1
515 516 1
497 516 2
503 517 1
518 519 1
530 520 1
519 520 1
497 521 1
521 522 1
497 522 1
497 523 1
521 523 1
507 524 1
507 525 1
524 525 1
497 526 1
497 527 1
526 527 1
518 528 1
518 529 1
528 529 1
505 530 1
