8270 8269 3
9635 8270 5
9660 8270 10
9689 8270 3
8270 8271 5
8269 8271 3
8273 8272 1
9734 8274 1
9902 8274 1
9771 8274 1
9839 8274 1
9882 8274 1
9759 8274 1
9708 8274 1
9875 8274 1
9654 8274 1
9855 8274 1
9716 8274 1
9890 8274 1
9817 8274 1
9697 8274 12
9856 8274 1
9865 8274 1
9748 8274 1
9849 8274 1
9895 8274 1
9901 8274 1
9836 8274 1
9760 8274 1
9807 8274 1
8275 8274 49
9826 8274 1
9884 8274 1
9742 8274 1
9822 8274 1
9830 8274 1
9774 8274 1
9866 8274 1
9754 8274 1
9913 8274 1
9804 8274 1
8272 8274 1
9885 8274 1
9880 8274 1
9814 8274 1
9622 8274 1
9756 8275 1
9653 8275 1
9683 8275 18
9637 8275 29
9658 8275 1
9782 8275 1
9741 8275 6
9750 8275 3
8273 8275 34
9718 8275 1
9660 8275 1
9665 8276 1
9783 8276 1
9881 8276 1
9682 8276 12
8277 8276 17
9841 8276 1
9683 8277 14
9674 8277 4
8279 8278 23
9824 8278 1
9722 8278 1
9685 8278 7
8276 8278 17
9801 8278 1
9896 8278 1
9684 8278 13
9799 8279 2
9681 8279 7
9795 8279 2
9683 8279 1
9658 8279 1
8277 8279 22
9718 8279 1
9656 9615 17
9680 9615 3
9794 9615 1
8279 9615 29
9798 9615 1
8278 9615 23
9617 9616 4
9619 9618 1
9777 9620 1
9618 9620 1
9907 9620 1
9621 9620 20
9838 9620 1
9692 9620 16
9683 9621 16
9619 9621 1
9746 9621 1
9715 9621 1
9788 9621 1
9617 9621 8
8273 9622 1
8275 9623 80
9815 9623 1
9814 9623 1
9654 9623 1
9817 9623 1
9807 9623 1
9850 9623 1
9905 9623 1
9742 9623 1
9642 9623 1
9664 9623 1
9786 9623 1
9895 9623 1
9855 9623 1
9842 9623 1
9833 9623 1
9913 9623 1
9849 9623 1
9830 9623 1
9622 9623 1
9692 9623 16
9732 9623 1
9800 9623 1
9901 9623 1
9747 9623 1
9826 9623 1
9879 9623 1
9832 9623 1
9675 9623 1
9636 9623 1
9835 9623 1
9868 9623 1
9897 9623 1
9822 9623 1
9912 9623 1
9716 9623 1
9869 9623 1
9708 9623 1
9760 9623 1
9804 9623 1
9884 9623 1
9748 9623 1
9797 9623 1
9827 9623 1
9776 9623 1
9796 9623 1
9875 9623 1
9734 9623 1
9740 9623 1
9831 9623 1
9885 9623 1
9818 9623 1
9836 9623 1
9856 9623 1
9902 9623 1
9646 9623 1
9759 9623 1
9839 9623 1
9757 9623 1
9882 9623 1
9886 9623 1
9758 9623 1
9880 9623 1
9867 9623 1
9872 9623 1
9865 9623 1
9625 9624 2
9909 9624 1
9652 9625 4
9625 9626 2
9624 9626 2
9624 9627 2
9628 9627 2
9625 9628 5
9769 9628 3
9630 9629 1
8279 9630 4
9730 9631 2
9629 9631 1
9632 9631 9
9680 9631 3
9829 9631 1
9737 9631 1
9792 9632 1
9681 9632 7
9706 9632 1
9630 9632 3
9718 9632 1
9653 9632 1
9631 9633 9
9634 9633 9
9632 9634 9
9637 9636 1
9773 9638 1
9718 9638 1
9658 9638 1
9617 9639 4
9641 9640 3
8273 9642 1
9749 9643 3
9697 9643 12
8275 9643 16
9806 9644 1
9643 9644 16
8275 9644 17
9806 9645 1
9643 9645 16
8275 9645 17
9637 9646 1
9646 9647 1
8275 9647 5
9749 9647 3
9693 9648 18
9837 9648 1
9647 9648 5
8275 9648 24
9650 9649 4
9706 9650 4
9681 9651 7
9792 9651 1
9755 9652 1
9639 9652 1
9706 9652 1
9653 9652 1
9718 9652 1
9617 9653 4
8273 9654 1
9843 9655 1
9691 9655 12
9841 9655 1
8277 9655 15
9655 9656 15
8277 9656 17
9783 9656 1
9722 9657 1
9781 9657 1
9658 9657 4
9735 9657 1
9736 9658 2
9621 9658 5
9660 9659 7
9657 9659 4
9749 9659 3
9733 9660 2
9750 9660 3
9681 9660 7
9736 9660 2
9799 9660 1
9658 9660 4
9712 9661 1
9735 9661 1
9870 9661 1
9662 9661 6
9657 9661 4
9713 9662 1
9736 9662 1
9658 9662 5
9805 9662 5
9735 9663 1
9662 9663 4
9657 9663 4
9637 9664 1
9674 9665 1
9637 9675 1
9635 9676 1
9864 9677 1
9676 9677 1
8270 9677 7
9819 9677 1
9834 9677 1
9887 9677 1
9892 9677 1
9900 9677 1
9679 9678 1
9678 9680 1
9681 9680 3
9878 9680 1
9811 9681 1
9769 9681 2
9679 9681 2
9685 9682 7
9680 9682 3
9683 9682 12
9789 9682 4
9681 9683 7
9706 9683 5
9619 9683 4
8277 9684 13
9682 9684 12
9810 9685 1
9681 9685 7
9680 9685 3
9820 9685 1
9778 9685 1
9685 9686 7
9687 9686 7
9681 9687 7
9876 9688 1
9789 9688 4
9689 9688 12
9685 9688 7
9635 9689 2
9772 9689 1
9706 9689 4
9681 9689 7
9685 9690 7
9651 9690 8
9829 9690 1
9683 9691 12
9685 9691 7
9789 9691 4
9891 9692 1
9874 9692 1
9683 9692 16
9877 9692 1
9685 9692 7
9789 9692 4
9784 9692 1
9692 9693 16
9767 9693 1
8275 9693 18
9685 9694 7
9660 9694 8
9694 9695 8
8270 9695 8
9632 9696 8
9812 9696 1
9685 9696 7
9683 9697 12
9789 9697 4
9685 9697 7
9683 9698 7
9685 9698 7
9685 9699 7
9812 9699 1
9683 9699 9
9877 9699 1
9701 9700 3
9625 9702 1
9702 9703 1
9628 9703 2
9768 9703 1
9705 9704 3
9788 9706 3
9707 9706 3
8273 9708 1
9683 9709 1
9755 9709 1
9709 9710 4
9788 9711 1
9652 9711 4
9713 9712 1
9662 9713 4
9780 9713 5
9658 9713 1
9799 9713 1
9722 9714 1
9896 9714 1
9713 9714 8
9712 9714 1
9779 9714 5
8273 9716 1
9716 9717 1
9843 9717 1
9826 9717 1
8275 9717 3
9617 9718 4
9795 9718 1
9621 9718 5
9689 9719 3
9892 9719 1
9834 9719 1
9719 9720 3
9721 9720 4
8270 9720 5
8271 9720 1
8270 9721 4
9719 9721 3
9658 9722 1
9722 9723 1
9638 9723 2
9801 9724 1
9731 9724 2
9638 9724 5
9723 9724 2
9722 9725 1
9735 9725 1
9781 9725 1
9896 9725 1
9660 9725 5
9660 9726 5
9725 9726 5
9658 9727 1
9722 9727 1
8275 9728 5
9722 9728 1
9801 9728 1
9749 9728 3
9630 9729 1
9630 9730 2
9729 9730 1
9898 9731 1
9638 9731 2
9637 9732 1
8273 9734 1
9736 9735 1
9718 9737 1
9652 9738 1
9737 9738 1
9632 9739 2
9737 9739 1
9748 9739 1
9741 9740 1
8273 9742 1
9744 9743 1
9746 9745 2
9838 9745 1
9743 9745 1
9744 9746 1
9637 9747 1
9653 9748 1
9748 9749 1
9817 9749 1
9750 9749 3
9653 9750 1
8273 9750 1
9748 9751 1
9652 9751 2
9852 9751 1
9748 9752 1
9652 9752 1
9652 9753 1
9748 9753 1
8273 9754 1
9617 9755 4
8273 9757 1
9637 9758 1
8273 9759 1
9637 9760 1
9847 9761 1
9762 9761 2
9823 9761 1
9755 9763 1
9763 9764 1
9652 9764 1
9763 9765 1
9709 9765 1
8279 9766 4
8275 9767 1
9769 9768 1
9816 9770 1
9768 9770 1
9628 9770 2
9741 9771 1
9773 9772 4
9641 9773 7
8273 9774 1
9637 9776 1
9715 9777 1
9769 9778 1
9820 9779 1
9810 9779 1
9778 9779 1
9780 9779 5
9876 9779 1
9772 9780 1
9679 9780 1
9811 9780 1
9683 9780 1
9769 9780 1
9736 9781 1
9674 9783 1
9619 9784 1
9808 9785 1
9637 9786 1
9788 9787 1
9840 9789 1
9813 9789 1
9787 9789 1
9706 9789 4
9650 9790 4
9789 9790 4
9792 9791 1
9687 9792 4
9792 9793 1
9791 9793 1
9795 9794 1
9637 9796 1
9637 9797 1
9799 9798 1
9637 9800 1
9718 9801 1
9801 9802 1
9718 9802 1
8273 9804 1
8275 9806 1
9741 9807 1
9687 9809 4
9811 9810 1
9773 9811 4
9828 9811 1
9706 9812 1
9788 9813 1
8273 9814 1
9637 9815 1
9625 9816 1
8273 9817 1
9637 9818 1
9635 9819 1
9679 9820 1
8273 9822 1
9795 9824 1
9824 9825 1
9718 9825 1
9637 9826 1
8273 9827 1
9792 9829 1
8273 9830 1
9637 9831 1
9741 9832 1
9637 9833 1
9635 9834 1
9741 9835 1
8273 9836 1
9782 9837 1
9746 9838 1
8273 9839 1
9788 9840 1
9674 9841 1
9637 9842 1
9683 9843 1
9780 9844 1
9843 9844 1
8279 9845 1
9843 9845 1
9709 9846 1
9843 9846 1
8273 9849 1
9637 9850 1
9906 9851 1
9706 9852 1
9769 9853 1
9904 9854 2
9853 9854 1
9628 9854 3
8273 9855 1
8273 9856 1
9639 9857 1
9652 9858 1
9857 9858 1
9652 9859 1
9857 9859 1
9857 9860 1
9652 9860 1
9857 9861 1
9652 9861 1
9652 9862 1
9857 9862 1
9652 9863 1
9857 9863 1
9635 9864 1
8273 9865 1
8273 9866 1
9637 9867 1
9637 9868 1
9637 9869 1
9658 9870 1
9870 9871 1
9662 9871 1
9637 9872 1
9773 9873 1
9619 9874 1
8273 9875 1
9772 9876 1
9619 9877 1
9769 9878 1
9637 9879 1
9637 9880 1
9674 9881 1
9741 9882 1
9711 9883 1
8273 9884 1
8273 9885 1
9637 9886 1
9660 9887 1
9769 9888 1
9888 9889 1
9628 9889 1
8273 9890 1
9619 9891 1
9635 9892 1
9766 9893 1
9766 9894 1
9893 9894 1
8273 9895 1
9799 9896 1
8273 9897 1
9773 9898 1
9898 9899 1
9873 9899 1
9660 9900 1
9637 9901 1
8273 9902 1
9909 9904 1
9625 9904 2
9637 9905 1
9788 9907 1
9711 9908 1
9907 9908 1
9625 9909 1
9909 9910 1
9625 9910 1
9909 9911 1
9625 9911 1
8273 9912 1
8273 9913 1
