3075 3074 1
3345 3075 1
3880 3075 1
3670 3075 2
3969 3075 1
3764 3075 2
3468 3076 2
3074 3076 1
3075 3076 4
3560 3077 2
3956 3077 1
3078 3077 8
3076 3077 4
3785 3077 1
3181 3078 3
3075 3078 7
5289 3078 1
3477 3078 2
3565 3079 1
3566 3079 1
3307 3079 3
3477 3079 2
5216 3079 1
3099 3079 1
3080 3079 14
3375 3079 1
3333 3079 1
3082 3081 1
4390 3082 1
3084 3083 1
3081 3083 1
3476 3084 4
3082 3084 10
4390 3084 1
4989 3084 2
4754 3086 2
3085 3086 1
5141 3087 1
3086 3087 1
3089 3088 1
3910 3089 2
3091 3090 1
3088 3090 1
3101 3091 31
3089 3091 3
3869 3091 6
3874 3091 1
3702 3091 6
4454 3091 1
3080 3091 3
3655 3091 4
3253 3091 4
4733 3091 1
3305 3091 12
4042 3091 1
3099 3091 3
3103 3091 2
3665 3091 1
4553 3091 1
4125 3091 1
4813 3092 1
3478 3092 1
5442 3092 1
4072 3092 1
5444 3092 1
5109 3092 2
5357 3092 1
4839 3092 1
4048 3092 1
4346 3092 3
4772 3092 1
5423 3092 1
5414 3092 1
4035 3092 1
3959 3092 1
4957 3092 1
4904 3092 1
4475 3092 1
3807 3092 1
3088 3092 1
4040 3092 9
4711 3092 2
4903 3092 1
3091 3092 45
3654 3092 3
4732 3092 1
4331 3092 3
4554 3092 2
4862 3092 1
5531 3092 1
4332 3092 1
3429 3092 1
4603 3092 1
4558 3092 1
5424 3092 1
4780 3092 4
3088 3093 1
3536 3093 1
4780 3093 4
3100 3093 24
3426 3093 8
4475 3093 1
3979 3093 4
3429 3093 1
3091 3093 35
4554 3093 2
5189 3094 1
5418 3094 1
4106 3094 1
4728 3094 1
3799 3094 1
5155 3094 1
5273 3094 1
4779 3094 1
4644 3094 1
5336 3094 1
4247 3094 1
3889 3094 1
5568 3094 1
5042 3094 1
4240 3094 1
3667 3094 1
5551 3094 1
5113 3094 1
3456 3094 1
3095 3094 45
4828 3094 1
3088 3094 1
5145 3094 1
5243 3094 1
5271 3094 1
5515 3094 1
4140 3094 1
4563 3094 1
5490 3094 1
5367 3094 1
4116 3094 1
5381 3094 1
4503 3094 1
4004 3094 1
5039 3094 1
5439 3094 1
5083 3094 1
5021 3094 1
4731 3094 1
4638 3094 1
4791 3094 1
4645 3094 1
3931 3094 2
5142 3094 1
5369 3094 1
3457 3095 6
3668 3095 9
3226 3095 9
3089 3095 40
5328 3096 1
5219 3096 1
5039 3096 1
4644 3096 1
5515 3096 1
5145 3096 1
4904 3096 1
5429 3096 1
5142 3096 1
5569 3096 1
5534 3096 1
5083 3096 1
3095 3096 41
4092 3096 1
4563 3096 1
5021 3096 1
5444 3096 1
4728 3096 1
4247 3096 1
5418 3096 1
4116 3096 1
4699 3096 1
5551 3096 1
4704 3096 1
4791 3096 1
5381 3096 1
5243 3096 1
4645 3096 1
3688 3096 1
4828 3096 1
5042 3096 1
4948 3096 1
4140 3096 1
4731 3096 1
4639 3096 1
5344 3096 1
3088 3096 1
5273 3096 1
3931 3096 2
5523 3096 1
3088 3097 1
3091 3097 1
3099 3098 1
3101 3099 3
3534 3099 11
3368 3099 1
3319 3099 5
4880 3100 4
4437 3100 1
3101 3100 26
3979 3100 4
4554 3100 2
3536 3100 13
3098 3100 1
3806 3101 4
3099 3101 42
4456 3101 1
5444 3102 1
4899 3102 2
4332 3102 1
3100 3102 24
4732 3102 1
5553 3102 1
4048 3102 1
5423 3102 1
3103 3102 42
3426 3102 8
4711 3102 2
4603 3102 1
5109 3102 2
4558 3102 1
5526 3102 1
4779 3102 1
4554 3102 2
5281 3102 1
3457 3103 1
3099 3103 3
3874 3103 1
3101 3103 30
3080 3103 3
3869 3103 1
4042 3103 1
4428 3103 1
3089 3103 1
4733 3103 1
3534 3103 2
3253 3103 2
4454 3103 1
3305 3103 11
3100 3104 24
3105 3104 25
3979 3104 4
3171 3105 1
3101 3105 27
4417 3105 7
3099 3105 1
3911 3106 1
4730 3106 1
3669 3106 1
4862 3106 1
4001 3106 7
3284 3106 4
3676 3106 3
3100 3106 24
3354 3106 2
3979 3106 4
3107 3106 46
3251 3106 1
3539 3106 1
3476 3107 3
3969 3107 1
3670 3107 16
3099 3107 25
3608 3107 1
3564 3107 4
4869 3107 3
3912 3107 1
3255 3107 10
3442 3107 2
3333 3107 1
3345 3107 1
3101 3107 41
3764 3107 10
4057 3107 4
3443 3107 1
4195 3107 1
3285 3107 5
3475 3107 1
3347 3107 8
3669 3108 6
4074 3108 3
3107 3108 62
3355 3108 4
4109 3108 1
4554 3108 2
3676 3108 1
3435 3108 1
4087 3108 4
4711 3108 2
5109 3108 2
5396 3108 1
3251 3108 10
3448 3108 1
4096 3108 1
3979 3108 4
4370 3108 1
5379 3108 1
5066 3108 1
3984 3108 1
4535 3108 1
4437 3108 1
3687 3108 1
3974 3108 11
3100 3108 24
3429 3109 1
3105 3109 25
3100 3109 24
3429 3110 1
3098 3110 1
3100 3110 24
3435 3110 16
3984 3110 1
3111 3110 42
3974 3110 11
4554 3110 2
4437 3110 1
3806 3111 4
3099 3111 3
3470 3111 4
3101 3111 42
4554 3112 2
3429 3112 1
3435 3112 16
4856 3112 4
3098 3112 1
4437 3112 1
3984 3112 1
3100 3112 24
3113 3112 45
5084 3112 1
3974 3112 11
4063 3112 7
3099 3113 2
3806 3113 4
3101 3113 42
3111 3113 8
3100 3114 24
3115 3114 24
3101 3115 28
3368 3115 1
3099 3115 3
4687 3116 1
3979 3116 4
3536 3116 13
3483 3116 2
3117 3116 29
5381 3116 1
4554 3116 2
3545 3116 1
4856 3116 4
3098 3116 1
5113 3116 1
3457 3117 4
3546 3117 1
3099 3117 5
3342 3117 2
3665 3117 1
3080 3117 3
3469 3117 1
3305 3117 1
3806 3117 4
3869 3117 2
4428 3117 1
3534 3117 3
3101 3117 26
4733 3117 1
3098 3118 1
3119 3118 2
3181 3119 5
3099 3119 2
3118 3120 2
4635 3120 1
3119 3120 3
3098 3121 1
3119 3121 3
3539 3121 1
3118 3121 2
3098 3122 1
3123 3122 10
5190 3122 1
5084 3122 1
5424 3122 1
3429 3122 1
5521 3122 1
4437 3122 1
5038 3122 1
3701 3122 1
3118 3122 2
3665 3123 1
3089 3123 1
3869 3123 1
3119 3123 2
3111 3123 1
3099 3123 2
3101 3123 13
3080 3123 3
3702 3123 13
3119 3124 2
3118 3124 2
5414 3125 1
5190 3125 1
4471 3125 1
5038 3125 1
3959 3125 1
3123 3125 23
4813 3125 1
4437 3125 1
4979 3125 1
4072 3125 1
4969 3125 1
5524 3125 1
3118 3125 2
4839 3125 1
4957 3125 1
5424 3125 1
4554 3125 2
5521 3125 1
3984 3125 1
5273 3125 1
3701 3125 1
5084 3125 1
3118 3126 2
3119 3126 2
3123 3127 2
3118 3127 2
3119 3128 2
3118 3128 2
3123 3129 2
3118 3129 2
3098 3130 1
3119 3130 1
3355 3131 4
4375 3131 1
3979 3131 4
4931 3131 1
3098 3131 1
4946 3131 1
3284 3131 4
3911 3131 1
4217 3131 2
3429 3131 1
4834 3131 1
4218 3131 4
5264 3131 2
3539 3131 1
3107 3131 25
3107 3132 29
4721 3132 1
3346 3132 6
4931 3132 1
3254 3132 1
3539 3132 1
3675 3132 1
4353 3132 1
4834 3132 1
5396 3132 1
5264 3132 2
3979 3132 4
3098 3132 1
4484 3132 3
3284 3132 4
3429 3132 1
5437 3132 1
4687 3133 1
3972 3133 3
4048 3133 1
3117 3133 22
5113 3133 1
5381 3133 1
4554 3133 2
5403 3133 1
3984 3133 8
4856 3133 4
3545 3133 1
3098 3133 1
5442 3133 1
3135 3134 1
3134 3136 1
5323 3136 1
3137 3136 4
5077 3136 1
4821 3136 1
3141 3137 3
4408 3137 1
5078 3137 1
3167 3137 1
3135 3137 1
3134 3138 1
4695 3138 3
3139 3138 4
3135 3139 1
4696 3139 3
5323 3140 1
3141 3140 3
3134 3140 1
3135 3141 1
3167 3141 1
3141 3142 3
3140 3142 3
3141 3143 4
3140 3143 3
3141 3144 4
3143 3144 4
3143 3145 4
3141 3145 4
3140 3146 3
3137 3146 3
3148 3147 1
3134 3147 1
3135 3148 1
3150 3149 1
3134 3149 1
3135 3150 1
3134 3151 1
3152 3151 1
3135 3152 1
3134 3153 1
3152 3153 1
3134 3154 1
3155 3154 1
3135 3155 1
3155 3156 1
3134 3156 1
3134 3157 1
3152 3157 1
4870 3158 1
3134 3158 1
3159 3158 5
4695 3158 3
4696 3159 3
3184 3159 1
3377 3159 2
3135 3159 1
3134 3160 1
3161 3160 1
3135 3161 1
3163 3162 1
3880 3163 7
5229 3164 2
3173 3164 1
5253 3164 1
4997 3164 1
4260 3164 1
3422 3164 1
4509 3164 1
4407 3164 1
5100 3164 1
5572 3164 1
4542 3164 1
5261 3164 1
5462 3164 1
5035 3164 1
4981 3164 1
4400 3164 1
3162 3164 1
4517 3164 1
4626 3164 1
4658 3164 1
4351 3164 1
3165 3164 22
4660 3165 2
4401 3165 2
4627 3165 1
3163 3165 1
3566 3165 1
4590 3165 1
3312 3165 28
4213 3165 1
4278 3165 1
3423 3165 2
4510 3165 1
4449 3165 1
4352 3165 1
3370 3165 1
3307 3165 2
4261 3165 1
3311 3165 28
4387 3165 1
3174 3165 2
4305 3165 2
3309 3165 58
3879 3165 1
4061 3165 2
3310 3165 28
3173 3166 1
5100 3166 1
3165 3166 12
5261 3166 1
5462 3166 1
4351 3166 1
5572 3166 1
4658 3166 1
4407 3166 1
5035 3166 1
4542 3166 1
4626 3166 1
3162 3166 1
3169 3168 1
3168 3170 1
4058 3170 1
4531 3170 1
3171 3170 6
4355 3170 2
4156 3171 1
3307 3171 2
3180 3171 1
3105 3171 1
4499 3171 2
3253 3171 1
3880 3171 1
3169 3171 1
3181 3171 1
3080 3171 20
4188 3171 1
4340 3171 1
3372 3171 1
3171 3172 7
4929 3172 1
3170 3172 6
3174 3173 1
3307 3174 7
3179 3175 4
3176 3175 5
3177 3176 6
3178 3177 11
3181 3180 5
3577 3180 4
3226 3180 2
3764 3180 11
3589 3180 1
3575 3180 1
3099 3181 8
3182 3181 34
3927 3181 1
3928 3181 1
3670 3181 3
3764 3181 3
3101 3181 1
3075 3182 5
4869 3182 2
3585 3182 1
3255 3182 2
3099 3182 1
4510 3182 1
3476 3182 2
3333 3182 1
3477 3182 6
3372 3182 1
4261 3182 1
3880 3182 1
3370 3182 1
3565 3182 1
3181 3182 18
3375 3182 2
3184 3183 1
3289 3184 4
3107 3184 4
3186 3185 1
3183 3185 1
3310 3186 5
3184 3186 13
3183 3187 1
3186 3187 1
3189 3188 3
5089 3190 1
5504 3190 1
5032 3190 1
4309 3190 1
3191 3190 6
5312 3190 1
3246 3191 5
3411 3191 15
3193 3192 6
3190 3192 6
3809 3193 2
3191 3193 19
3190 3194 6
3193 3194 10
3195 3194 10
4905 3195 1
3191 3195 10
3190 3195 6
4322 3195 1
5458 3195 1
4980 3196 1
5559 3196 1
3195 3196 10
5312 3196 1
5463 3196 1
4723 3196 1
3197 3196 15
3191 3197 10
3411 3197 8
3761 3197 6
3197 3198 16
3196 3198 15
3421 3199 16
3198 3199 16
3200 3199 24
3411 3200 7
3191 3200 18
3197 3200 20
3197 3201 20
3198 3201 16
3217 3201 16
5312 3202 1
3195 3202 10
3203 3202 11
3205 3203 4
3743 3203 1
3411 3203 8
3191 3203 10
4386 3203 1
3205 3204 16
3885 3204 2
3202 3204 11
4640 3204 1
5058 3204 1
3501 3205 11
3917 3205 1
4003 3205 5
4641 3205 3
3866 3205 2
4358 3205 2
3203 3205 11
3933 3205 4
3191 3205 10
3411 3205 8
3494 3205 3
4386 3205 1
3809 3205 3
4629 3205 1
3205 3206 17
3204 3206 16
3204 3207 16
5058 3207 1
3205 3207 17
5015 3207 1
4640 3207 1
3885 3208 2
4824 3208 1
4944 3208 1
5015 3208 1
5058 3208 1
3808 3208 1
5030 3208 1
5334 3208 1
4362 3208 2
3195 3208 10
3190 3208 6
5147 3208 1
5025 3208 1
5016 3208 3
3205 3208 24
3190 3209 6
4824 3209 1
3195 3209 10
3203 3209 11
3193 3210 6
3190 3210 6
3191 3211 7
3410 3211 1
3190 3211 6
5445 3212 1
3193 3212 7
3190 3212 6
5312 3213 1
4824 3213 1
5058 3213 1
3205 3213 10
3190 3213 6
5015 3213 1
5016 3213 3
3742 3214 1
5032 3214 1
4322 3214 1
4905 3214 1
4430 3214 1
3203 3214 11
5089 3214 1
5458 3214 1
3190 3214 6
5504 3214 1
3190 3215 6
3191 3215 7
5270 3215 1
5263 3216 1
5334 3216 1
5016 3216 3
5461 3216 1
3808 3216 1
4824 3216 1
5015 3216 1
5154 3216 1
4291 3216 1
3205 3216 24
4362 3216 2
5147 3216 1
3190 3216 6
4318 3216 1
5025 3216 1
4147 3216 1
4944 3216 1
5030 3216 1
5504 3217 1
5089 3217 1
5032 3217 1
5458 3217 1
4923 3217 1
3760 3217 1
3190 3217 6
4430 3217 1
5463 3217 1
3197 3217 16
4322 3217 1
4905 3217 1
4723 3217 1
4980 3217 1
3421 3218 16
3200 3218 23
3217 3218 16
5504 3219 1
4322 3219 1
4430 3219 1
3190 3219 6
3205 3219 23
4292 3219 11
5058 3219 1
5032 3219 1
5458 3219 1
4905 3219 1
4640 3219 1
5089 3219 1
3191 3220 6
3190 3220 6
3191 3221 8
4022 3221 1
5270 3221 1
3190 3221 6
4022 3222 1
3191 3222 8
3190 3222 6
5270 3222 1
3224 3223 4
3226 3225 1
5116 3226 1
3225 3227 1
3228 3227 1
3226 3228 9
3095 3229 1
3225 3229 1
4904 3230 1
4639 3230 1
5344 3230 1
5408 3230 1
5219 3230 1
3095 3230 14
4143 3230 1
5534 3230 1
5444 3230 1
5569 3230 1
4699 3230 1
3225 3230 1
4092 3230 1
5566 3230 1
3230 3231 14
3232 3231 14
4165 3232 1
3095 3232 14
3234 3233 1
3225 3233 1
3670 3234 9
4251 3234 4
3226 3234 7
3236 3235 1
3464 3236 5
4021 3237 1
3238 3237 2
3235 3237 1
3236 3238 28
3239 3240 4
3285 3240 4
3191 3241 4
4129 3247 1
3247 3248 4
3236 3249 3
3238 3250 5
4021 3250 1
3249 3250 3
5371 3250 1
5553 3251 1
3435 3251 1
5281 3251 1
4854 3251 3
4711 3251 2
4983 3251 1
3099 3251 11
3539 3252 1
3253 3252 12
3251 3252 10
4899 3252 2
3171 3253 1
3099 3253 16
3181 3253 5
3255 3254 1
3336 3255 8
3334 3255 8
3310 3255 8
3442 3255 1
3335 3255 8
3687 3256 1
4218 3256 4
3448 3256 1
3255 3256 12
4721 3256 1
3254 3256 1
4217 3256 2
5066 3256 1
4435 3256 1
5028 3256 1
4927 3256 1
3107 3257 13
3615 3257 1
3802 3257 2
4817 3257 1
4218 3257 4
3254 3257 1
5537 3257 1
3911 3257 1
5512 3257 1
5396 3257 1
3254 3258 1
4994 3258 1
3182 3258 7
3374 3258 1
4441 3258 1
4721 3258 1
5379 3258 1
5396 3258 1
4852 3259 1
3260 3259 2
3236 3260 1
3265 3260 5
3534 3260 2
3315 3260 5
4059 3260 2
4530 3260 2
4580 3260 2
4496 3261 1
3259 3261 2
3262 3261 3
3260 3262 2
4497 3262 1
3259 3263 2
3260 3263 8
5207 3263 3
5161 3263 1
5520 3263 1
3265 3264 8
3263 3264 8
3260 3265 8
4530 3265 1
3115 3265 8
3514 3265 3
3267 3266 9
3263 3266 8
4259 3267 4
3260 3267 8
4530 3267 2
3111 3268 1
3184 3269 1
3269 3270 1
3186 3270 1
3272 3271 2
3884 3271 1
3273 3271 2
3883 3271 1
3236 3274 2
4021 3275 1
3274 3275 2
5244 3275 1
3238 3275 4
4339 3276 1
3277 3276 2
3278 3277 4
3279 3278 21
3281 3280 1
5507 3282 1
5376 3282 1
3283 3282 3
3280 3282 1
3281 3283 3
4910 3284 2
5552 3284 1
3285 3284 4
3289 3285 1
3107 3285 1
4512 3285 2
3330 3285 2
3287 3285 1
3240 3285 1
4514 3285 1
4891 3285 1
3287 3286 4
3284 3286 4
3099 3287 1
3912 3287 1
3285 3287 4
3101 3287 14
3806 3287 4
4513 3287 2
3284 3288 4
5071 3288 1
5549 3288 1
3787 3288 1
4876 3288 1
3289 3288 12
3344 3288 1
3911 3288 1
5343 3288 1
4571 3288 1
3969 3289 1
3912 3289 1
5092 3289 1
3285 3289 4
3345 3289 4
3928 3289 1
3788 3289 1
3927 3289 1
3911 3290 1
3284 3290 4
3287 3290 5
3787 3291 1
3289 3291 12
4571 3291 1
3344 3291 1
5343 3291 1
3911 3291 1
5071 3291 1
3284 3291 4
4876 3291 1
5549 3291 1
5549 3292 1
3911 3292 1
3787 3292 1
3289 3292 12
4876 3292 1
3284 3292 4
5343 3292 1
3344 3292 1
4571 3292 1
5071 3292 1
3284 3293 4
3287 3293 4
3284 3294 4
3240 3294 4
3284 3295 4
3296 3295 4
3285 3296 4
3284 3297 4
3298 3297 4
3285 3298 4
3296 3299 4
3284 3299 4
3284 3300 4
3301 3300 4
3285 3301 4
3298 3301 4
4743 3303 1
3494 3303 2
3809 3303 3
3496 3303 30
3917 3303 1
3501 3303 11
3866 3303 2
3305 3304 4
3654 3304 3
4553 3305 1
4033 3305 1
3702 3305 1
3665 3305 1
3829 3305 1
3869 3305 3
3655 3305 4
3874 3305 1
4428 3305 1
3464 3305 7
3305 3306 4
3304 3306 4
3308 3307 26
3313 3307 11
3079 3307 11
3171 3307 11
3165 3308 33
3526 3309 5
3165 3312 2
4401 3312 1
4869 3312 2
3397 3312 2
3880 3312 1
3526 3312 4
4510 3312 1
4989 3312 1
3308 3312 1
3315 3314 1
3918 3316 1
4487 3316 1
4739 3316 1
5511 3316 1
3314 3316 1
3260 3316 5
5244 3317 1
3429 3317 1
3918 3317 1
3314 3317 1
3426 3317 8
4739 3317 1
5358 3317 1
4380 3317 1
4487 3317 1
3318 3317 16
5511 3317 1
3236 3318 1
3305 3318 1
3315 3318 5
5359 3318 1
4203 3318 1
3080 3318 3
4151 3318 1
3101 3318 8
3238 3319 8
3236 3319 5
3758 3320 3
3321 3320 9
3322 3320 8
3322 3321 12
3531 3321 5
3322 3323 4
3320 3323 6
3320 3324 6
3322 3324 4
3080 3325 3
3327 3326 1
3326 3328 1
3327 3328 2
5307 3329 1
4910 3329 2
3330 3329 16
4912 3329 1
3954 3329 9
3328 3329 2
4885 3329 1
4886 3330 2
3327 3330 2
3723 3330 21
3896 3330 2
3099 3332 3
3331 3332 4
3337 3333 5
3338 3333 5
3255 3333 12
3107 3333 5
3080 3338 12
3532 3339 11
4569 3339 1
3925 3339 1
3866 3339 2
4390 3340 3
3340 3341 4
3343 3342 3
3482 3342 1
3345 3344 1
3347 3345 1
3289 3345 1
3721 3345 1
3347 3346 6
5549 3346 1
3344 3346 1
4876 3346 1
5071 3346 1
4571 3346 1
3969 3347 2
3628 3347 6
3345 3347 5
3554 3347 6
3346 3348 6
3349 3348 6
3347 3349 9
3181 3349 5
3349 3350 6
3346 3350 6
3349 3351 6
3346 3351 6
4122 3352 1
5427 3352 1
3107 3352 13
4862 3352 1
3979 3352 4
3346 3352 6
3346 3353 6
3349 3353 6
3344 3354 1
3347 3354 2
3354 3355 2
3107 3355 4
5269 3355 1
3107 3356 5
4028 3356 1
3355 3356 4
4144 3357 2
5223 3357 1
3687 3357 1
3355 3357 4
3107 3357 15
5396 3357 1
5026 3357 1
4074 3357 3
5066 3357 1
5379 3357 1
3355 3358 4
4411 3358 1
5286 3358 1
3107 3358 6
4504 3359 1
3355 3359 4
5279 3359 1
5036 3359 1
5543 3359 1
3107 3359 11
4854 3359 3
3354 3360 2
3361 3360 2
3349 3360 3
3344 3361 1
3347 3361 2
4927 3362 1
4437 3362 1
3984 3362 9
3361 3362 2
4535 3362 1
3107 3362 22
4216 3362 2
4480 3362 3
5129 3362 1
3563 3362 1
5396 3362 1
3911 3362 1
3344 3363 1
4876 3363 1
3347 3363 5
5071 3363 1
5549 3363 1
3349 3364 5
3363 3364 5
3366 3365 3
3285 3367 1
3626 3368 4
3367 3368 4
3630 3368 4
3628 3368 4
3632 3368 4
3370 3369 1
3372 3370 6
3372 3371 4
4913 3371 1
4509 3371 1
4750 3371 1
3369 3371 1
4261 3372 1
3182 3372 11
3165 3372 25
4510 3372 2
3370 3372 1
4506 3373 5
4984 3373 1
5186 3373 1
3182 3373 12
4350 3373 1
3369 3373 1
4913 3373 1
3539 3373 1
4750 3373 1
3375 3374 1
3377 3375 5
3374 3376 1
3377 3376 2
3383 3377 4
3375 3377 4
3565 3377 2
3818 3377 4
3566 3377 6
4294 3377 1
3819 3377 4
3820 3377 4
3338 3377 4
3186 3377 10
3379 3377 4
4181 3378 1
3379 3378 10
3407 3378 2
5162 3378 1
3398 3378 2
4182 3378 5
4778 3378 1
4018 3378 1
3376 3378 2
4949 3378 1
3821 3379 5
3566 3379 2
4294 3379 1
3377 3379 10
3381 3380 7
4182 3380 5
3376 3380 2
3377 3381 7
3383 3382 2
3376 3382 2
3526 3383 2
3377 3383 3
3376 3384 2
3159 3384 2
3386 3385 2
3376 3385 2
3377 3386 2
3379 3387 2
3376 3387 2
3379 3388 9
3398 3388 2
4182 3388 5
3407 3388 2
3376 3388 2
3376 3389 2
3379 3389 3
3389 3390 3
3391 3390 3
3379 3391 5
3375 3392 1
3374 3392 1
3375 3393 2
3374 3393 1
5498 3394 1
4163 3394 1
5041 3394 1
3377 3394 12
5544 3394 1
4984 3394 1
5186 3394 1
5419 3394 1
3393 3394 2
5428 3394 1
5506 3394 1
3394 3395 12
4295 3395 3
3377 3395 13
5560 3396 1
5428 3396 1
4984 3396 1
3393 3396 2
3397 3396 8
4315 3396 1
4441 3396 1
5544 3396 1
3566 3397 1
3308 3397 1
3375 3397 3
3377 3397 1
3565 3397 1
3372 3397 1
3377 3398 2
3374 3398 1
3379 3399 3
3398 3399 2
3407 3399 2
3398 3400 2
3407 3400 2
3377 3400 8
4018 3400 1
4181 3400 1
4949 3400 1
4778 3400 1
5162 3400 1
3379 3401 3
3398 3401 2
3391 3402 3
3401 3402 3
3391 3403 3
3401 3403 3
3401 3404 3
3391 3404 3
3379 3405 2
3398 3405 2
3379 3406 2
3398 3406 2
3374 3407 1
3377 3407 2
3409 3408 3
3411 3410 1
5312 3412 1
4322 3412 1
5089 3412 1
5032 3412 1
5504 3412 1
4309 3412 1
4430 3412 1
4232 3412 1
5562 3412 1
5270 3412 1
5458 3412 1
3191 3412 15
3410 3412 1
4022 3412 1
4905 3412 1
3191 3413 16
3412 3413 15
4607 3413 1
3191 3414 16
3412 3414 15
3191 3415 17
3414 3415 16
4430 3416 1
5032 3416 1
3200 3416 17
5089 3416 1
5504 3416 1
3415 3416 17
5312 3416 1
4322 3416 1
5458 3416 1
3412 3417 15
3191 3417 16
3417 3418 16
5445 3418 1
3193 3418 17
4322 3419 1
5312 3419 1
3410 3419 1
4430 3419 1
5032 3419 1
4022 3419 1
5270 3419 1
5504 3419 1
5089 3419 1
4232 3419 1
5458 3419 1
3191 3419 15
5562 3419 1
4309 3419 1
4905 3419 1
3193 3420 16
3419 3420 15
4491 3420 1
3419 3421 15
3200 3421 16
3423 3422 1
3307 3423 11
3425 3424 3
4967 3426 2
3101 3426 8
3979 3426 4
3429 3426 1
5423 3427 1
4612 3427 2
4780 3427 4
3426 3427 8
4732 3427 1
4475 3427 1
3091 3427 18
4603 3427 1
3101 3428 11
4554 3428 2
3426 3428 8
3101 3429 17
3428 3429 11
4570 3429 2
4711 3429 2
4772 3430 1
5180 3430 1
5177 3430 1
5019 3430 1
3428 3430 11
4453 3430 1
4711 3430 2
3709 3430 2
5144 3430 1
5561 3430 1
4149 3430 1
4839 3430 1
4554 3430 2
3450 3430 2
3710 3430 2
3545 3430 1
5357 3430 1
4225 3430 1
4709 3430 1
4928 3430 1
3426 3430 8
4732 3430 1
3979 3430 4
4072 3430 1
3429 3430 1
3959 3430 1
3431 3430 35
3684 3430 1
3101 3431 14
4733 3431 1
3685 3431 1
3869 3431 3
4033 3431 3
3546 3431 1
3702 3431 2
4451 3431 1
4600 3431 1
4454 3431 3
3451 3431 4
3117 3431 1
4459 3431 1
5553 3432 1
5526 3432 1
3426 3432 8
3117 3432 16
5113 3432 1
4732 3432 1
4554 3432 2
5326 3432 1
3456 3432 1
5381 3432 1
3091 3433 15
4780 3433 4
4475 3433 1
3426 3433 8
3979 3433 4
4612 3433 2
3117 3434 23
4856 3434 4
3483 3434 2
5553 3434 1
4732 3434 1
3429 3434 1
4437 3434 1
5381 3434 1
3545 3434 1
5367 3434 1
5113 3434 1
4554 3434 2
3426 3434 8
4687 3434 1
3426 3435 8
3540 3435 8
3979 3435 4
3429 3435 2
3101 3435 17
3318 3436 10
3426 3436 8
4150 3436 1
5170 3436 1
3426 3437 8
3115 3437 8
3333 3438 5
3333 3439 5
3333 3440 5
3333 3441 5
3255 3442 4
3255 3443 4
3276 3444 1
3444 3445 1
3446 3445 4
5046 3445 1
5106 3445 1
4155 3445 1
4340 3446 2
3080 3446 7
4894 3446 1
4188 3446 3
3880 3446 1
4156 3446 1
3276 3446 1
3253 3446 1
4632 3447 1
3444 3447 1
3446 3447 3
5335 3447 1
3255 3448 1
3255 3449 3
5066 3449 1
3448 3449 1
3687 3449 1
3451 3450 2
3703 3450 1
4532 3451 4
3708 3452 2
5258 3452 1
4957 3452 1
3709 3452 2
3705 3452 2
3453 3452 9
4032 3452 1
5548 3452 1
3450 3452 2
3080 3453 12
3665 3453 1
3431 3453 13
3451 3453 5
4033 3453 3
4672 3454 1
3709 3454 2
3431 3454 5
4928 3454 1
3450 3454 2
3450 3455 2
3709 3455 2
3431 3455 4
4928 3455 1
3457 3456 1
3910 3457 2
4117 3458 1
3456 3458 1
3459 3458 2
3457 3459 1
3896 3459 1
3461 3460 2
4705 3460 1
3462 3461 2
3466 3461 1
3463 3462 4
3465 3462 4
3816 3463 1
3464 3463 7
3238 3464 17
3279 3464 16
3765 3466 1
3486 3466 4
3342 3466 3
3075 3468 2
5106 3468 1
3546 3469 1
3305 3469 11
3470 3469 4
3101 3469 23
3322 3471 6
3471 3472 5
3321 3472 5
3474 3473 4
3107 3475 4
3107 3476 4
3107 3477 4
3475 3477 7
5526 3478 1
4331 3478 3
4903 3478 1
4937 3478 1
4603 3478 1
5423 3478 1
3305 3478 12
4957 3478 1
3654 3478 3
3480 3479 8
4885 3481 1
5090 3481 1
4912 3481 1
3482 3481 9
5564 3481 1
5535 3481 1
5245 3481 1
4868 3481 1
5278 3481 1
4738 3482 2
3690 3482 1
4886 3482 2
4584 3482 4
3896 3482 1
3965 3482 1
3481 3483 1
3342 3483 2
3483 3484 2
3342 3484 3
3868 3485 1
3488 3485 3
3484 3485 3
5237 3485 1
4851 3485 1
3486 3485 8
4520 3485 1
3342 3486 4
3869 3486 2
3765 3486 2
3488 3487 3
3486 3487 6
3484 3487 3
4851 3487 1
4520 3487 1
3483 3488 2
3342 3488 3
4851 3489 1
3466 3489 4
3488 3489 3
3483 3490 2
3342 3490 3
3492 3491 3
3490 3491 3
3699 3492 1
3342 3492 3
3765 3492 1
3519 3492 1
3494 3493 1
4358 3494 2
3501 3494 2
4017 3494 5
4103 3494 2
4364 3495 2
3808 3495 1
5354 3495 1
5320 3495 2
5178 3495 1
3496 3495 30
3966 3495 1
5350 3495 1
5025 3495 1
3616 3495 1
5318 3495 1
3504 3495 5
3493 3495 1
3952 3495 3
3936 3495 13
4318 3495 1
5445 3495 1
3967 3496 5
3917 3496 3
4345 3496 2
3809 3496 6
3494 3496 10
3933 3496 15
3952 3497 3
3496 3497 14
3493 3497 1
4344 3497 1
5320 3497 2
3504 3497 5
5185 3497 1
3966 3497 1
4534 3497 1
3493 3498 1
3733 3498 9
3499 3498 10
3494 3499 1
3734 3499 9
4345 3499 2
3501 3499 17
3493 3500 1
3501 3500 8
4291 3500 1
3916 3500 1
3971 3500 1
4534 3500 1
5147 3500 1
4489 3500 1
4357 3500 1
3193 3501 12
3494 3501 15
3917 3501 3
4358 3501 3
3507 3502 9
4344 3502 1
4440 3502 1
3499 3502 11
3493 3502 1
3493 3503 1
3494 3503 4
4534 3503 1
5354 3503 1
3971 3503 1
3493 3504 1
3494 3504 5
5354 3504 1
4357 3504 1
5147 3504 1
3496 3505 30
3616 3505 1
5320 3505 2
3952 3505 3
3504 3505 5
5350 3505 1
5354 3505 1
3971 3505 1
3966 3505 1
4534 3505 1
3936 3505 13
5318 3505 1
5222 3505 2
3303 3506 30
3505 3506 30
4534 3507 1
5318 3507 1
3971 3507 1
4357 3507 1
4291 3507 1
5354 3507 1
3493 3507 1
3501 3507 9
5147 3507 1
3509 3508 23
3507 3508 9
3822 3508 1
3937 3508 13
3734 3509 9
3935 3509 14
3501 3509 10
4105 3509 3
4209 3509 1
3823 3509 2
3493 3510 1
4344 3510 1
3499 3510 22
4292 3510 11
3733 3510 9
3512 3511 5
3514 3512 4
3513 3512 10
3305 3513 2
4995 3515 1
3516 3515 4
4552 3515 1
5130 3515 1
3723 3516 3
4428 3516 2
4553 3516 1
3516 3517 4
3515 3517 4
3519 3518 1
4816 3519 3
3518 3520 1
3492 3520 1
3518 3521 1
3492 3521 1
3080 3523 3
3224 3524 4
3526 3525 6
4950 3525 2
4181 3525 1
4778 3525 1
5162 3525 1
3566 3526 1
4951 3526 2
3377 3526 2
4294 3526 1
3526 3527 7
4758 3527 2
3525 3527 6
5447 3528 1
3477 3528 4
4111 3528 2
3528 3529 4
5338 3529 2
5396 3529 1
3680 3529 18
3560 3529 2
4750 3529 1
3182 3529 27
3477 3530 5
4774 3530 1
3528 3530 4
3902 3531 4
4569 3532 5
3770 3532 9
3866 3532 2
3925 3532 1
3534 3533 1
3334 3534 1
5446 3535 1
4540 3535 1
4588 3535 1
3533 3535 1
3099 3535 11
3875 3535 1
5553 3535 1
5403 3535 1
3101 3536 14
3535 3536 11
4554 3537 2
3675 3537 1
4899 3537 2
4048 3537 1
4772 3537 1
5109 3537 2
3536 3537 13
3103 3537 31
4558 3537 1
4040 3537 9
3099 3538 11
5553 3538 1
3535 3538 9
5281 3538 1
3538 3539 11
3099 3539 12
3973 3540 4
3099 3540 8
5553 3540 1
4535 3540 1
3972 3540 3
4733 3541 1
3712 3541 4
3265 3542 5
4382 3542 1
3546 3545 1
3562 3547 2
3469 3547 21
4048 3547 1
4935 3547 1
3985 3547 14
3545 3547 1
4334 3547 1
4332 3548 8
3979 3548 4
3974 3548 11
3984 3548 1
3545 3548 1
3100 3548 2
4856 3548 4
4935 3548 1
4334 3548 1
3547 3548 21
3549 3548 35
3469 3549 21
3101 3549 15
3305 3549 10
3806 3549 4
3546 3549 1
3100 3550 2
3545 3550 1
3974 3550 11
3469 3550 27
3984 3550 8
4332 3550 8
3545 3551 1
3469 3551 1
3099 3552 1
3552 3553 1
3554 3553 2
5093 3553 1
3285 3554 1
4142 3554 1
3099 3554 2
3556 3555 1
3883 3556 1
3884 3556 1
4126 3556 2
4127 3556 2
3555 3557 1
3558 3557 1
4584 3558 5
4280 3558 1
4279 3558 1
4755 3558 2
3556 3558 1
4757 3558 1
4756 3558 2
3475 3559 1
3559 3560 1
3477 3560 2
5428 3561 1
4315 3561 1
4984 3561 1
5522 3561 1
4349 3561 1
3560 3561 2
3079 3561 7
3101 3562 2
4062 3562 1
3564 3563 1
3727 3564 4
3377 3565 5
3377 3566 5
3475 3568 1
3568 3569 1
3477 3569 1
3554 3570 4
3236 3571 2
3238 3572 2
3571 3572 2
3246 3573 3
4047 3573 1
3575 3574 1
5218 3575 1
3577 3576 1
3574 3576 1
3575 3577 1
4931 3578 1
3579 3578 2
4480 3578 3
3919 3578 1
4484 3578 3
3574 3578 1
3599 3578 1
3180 3578 10
5537 3578 1
3574 3579 1
3577 3579 2
3574 3580 1
3577 3580 2
3587 3580 2
3577 3581 2
3574 3581 1
3577 3582 1
3574 3582 1
4621 3583 2
3577 3583 4
3574 3583 1
3600 3584 3
3599 3584 5
3583 3584 4
4480 3584 3
4000 3584 7
4370 3584 1
3585 3584 17
4484 3584 3
3764 3585 9
3577 3585 8
3585 3586 17
4370 3586 1
3583 3586 4
3600 3586 3
3599 3586 5
4480 3586 3
4000 3586 7
4484 3586 3
4621 3586 2
3577 3587 2
3574 3587 1
3919 3588 1
3589 3588 5
4634 3588 1
3587 3588 2
5408 3588 1
3577 3589 2
3226 3589 1
4931 3590 1
5537 3590 1
5408 3590 1
4001 3590 7
3180 3590 10
3587 3590 2
3574 3590 1
5408 3591 1
3587 3591 2
3589 3591 3
5408 3592 1
3180 3592 3
3574 3592 1
3587 3592 2
5408 3593 1
3589 3593 3
3587 3593 2
3574 3594 1
3180 3594 3
5408 3594 1
3587 3594 2
3587 3595 2
3589 3595 3
5408 3595 1
4931 3596 1
5408 3596 1
3587 3596 2
5537 3596 1
3180 3596 5
5408 3597 1
3589 3597 3
3587 3597 2
5408 3598 1
4370 3598 1
3587 3598 2
3574 3598 1
4001 3598 7
3180 3598 10
3574 3599 1
4643 3599 2
3577 3599 5
3574 3600 1
4642 3600 1
3577 3600 3
3200 3601 4
3840 3601 1
4762 3602 1
3200 3602 6
3602 3603 5
3602 3604 2
3200 3605 1
3200 3606 1
3608 3607 1
5059 3608 2
4891 3608 1
3610 3609 1
3607 3609 1
3425 3610 3
3608 3610 1
3612 3611 1
3607 3611 1
3608 3612 1
3107 3613 2
3619 3613 1
3607 3613 1
3607 3614 1
3612 3614 1
3564 3615 1
3494 3616 1
3616 3617 1
4534 3617 1
3501 3617 2
3501 3618 2
4534 3618 1
3616 3618 1
3285 3619 1
3621 3620 1
3619 3620 1
3425 3621 3
3285 3621 1
3621 3622 1
3619 3622 1
3619 3623 1
3621 3623 1
3621 3624 1
3619 3624 1
3626 3625 1
3619 3625 1
3285 3626 1
3619 3627 1
3628 3627 1
3285 3628 1
3619 3629 1
3630 3629 1
3285 3630 1
3619 3631 1
3632 3631 1
3285 3632 1
3367 3633 1
3619 3633 1
3619 3634 1
3626 3634 1
3619 3635 1
3636 3635 1
3285 3636 1
3619 3637 1
3554 3637 1
3619 3638 1
3636 3638 1
3640 3639 1
3619 3639 1
3285 3640 1
3640 3641 1
3619 3641 1
3619 3642 1
3621 3642 1
3113 3643 1
3643 3644 1
3645 3644 1
3080 3645 3
3099 3645 2
3113 3645 2
3474 3646 4
3512 3647 5
5540 3647 1
3512 3648 5
3475 3650 1
3650 3651 1
3477 3651 1
3236 3652 1
3652 3653 1
4021 3653 1
3238 3653 2
3655 3654 3
4896 3654 1
4329 3654 1
4228 3655 1
3305 3656 4
3654 3656 3
4935 3657 1
4334 3657 1
3658 3657 18
4605 3657 1
4311 3657 2
4616 3657 2
4410 3657 1
4054 3657 2
3824 3657 1
3656 3657 4
5420 3657 1
4381 3657 1
4048 3657 1
3305 3658 18
3660 3659 3
3654 3659 3
3655 3660 3
3662 3661 3
3654 3661 3
3655 3662 3
3654 3663 3
3305 3663 3
3654 3664 3
3305 3664 3
3289 3666 4
3668 3667 1
5336 3669 1
4503 3669 1
3667 3669 1
3670 3669 7
5155 3669 1
4638 3669 1
3668 3670 9
3234 3671 6
3669 3671 6
5156 3672 2
3673 3672 3
3667 3672 1
3670 3673 9
3181 3673 5
3668 3673 1
3690 3674 3
3874 3674 1
3336 3674 7
3869 3674 2
4667 3674 3
3099 3675 1
3675 3676 1
3099 3676 3
3678 3677 3
3676 3677 3
3171 3678 1
3099 3678 4
3181 3678 5
4834 3679 1
3676 3679 3
3678 3679 4
3676 3680 3
3181 3680 18
3539 3680 1
4535 3680 1
5159 3680 1
3251 3680 1
3984 3680 1
4764 3680 1
4862 3680 1
3669 3680 1
4437 3680 1
4216 3680 2
4480 3680 3
3680 3681 18
3182 3681 18
3675 3682 1
5109 3682 2
3683 3682 4
3676 3682 1
3099 3683 4
3685 3684 1
3305 3685 1
3101 3685 1
3080 3685 3
4752 3686 1
3255 3687 1
3089 3688 1
3690 3689 1
3674 3690 1
5423 3691 1
4432 3691 1
4937 3691 1
5564 3691 1
4603 3691 1
3674 3691 9
3689 3691 1
5434 3691 1
5393 3691 1
5505 3691 1
5393 3692 1
5237 3692 1
4432 3692 1
3689 3692 1
3693 3692 6
5505 3692 1
3702 3693 1
3874 3693 1
3869 3693 9
3665 3693 1
3690 3693 3
4667 3693 3
3693 3694 20
4434 3694 3
5442 3694 1
5357 3694 1
5423 3694 1
4603 3694 1
5531 3694 1
3807 3694 1
4957 3694 1
4072 3694 1
4433 3694 3
3692 3694 6
3891 3694 1
5144 3694 1
5237 3694 1
5410 3694 3
5505 3695 1
3693 3695 3
3689 3695 1
3695 3696 3
3697 3696 3
3271 3697 1
3693 3697 3
4409 3697 1
4280 3697 3
4279 3697 3
3816 3697 1
4757 3697 1
3697 3698 3
3695 3698 3
3700 3699 3
3702 3701 1
3334 3702 1
3451 3703 1
3451 3704 1
3703 3704 1
3451 3705 2
3703 3705 1
3705 3706 2
3708 3706 2
3453 3706 3
3453 3707 3
3708 3707 2
3705 3707 2
3703 3708 1
3451 3708 2
3703 3709 1
3451 3709 2
3703 3710 1
3451 3710 2
3979 3711 4
3712 3711 6
3710 3711 2
3972 3711 3
3451 3712 2
3101 3712 7
3099 3712 3
3710 3713 2
3972 3713 3
3979 3713 4
3712 3713 6
4711 3714 2
3429 3714 1
3710 3714 2
3712 3714 5
3429 3715 1
3712 3715 4
3710 3715 2
3715 3716 4
3541 3716 4
3628 3718 4
3626 3718 4
3152 3719 4
3969 3721 1
3720 3721 5
3345 3721 1
3723 3722 1
3690 3723 3
3702 3723 2
3869 3723 2
3874 3723 2
3665 3723 2
4667 3723 3
4428 3723 2
4553 3723 1
3330 3724 3
3722 3724 1
4910 3724 2
3476 3725 1
3727 3726 1
3725 3726 1
3476 3727 3
4393 3728 2
5379 3728 1
3084 3728 7
4389 3728 1
5105 3728 1
3725 3728 1
4501 3728 1
3725 3729 1
3727 3729 1
3725 3730 1
5379 3730 1
3182 3730 2
4391 3731 2
3725 3731 1
5257 3731 1
5379 3731 1
4389 3731 1
3084 3731 7
5105 3731 1
3725 3732 1
3084 3732 4
5379 3732 1
5415 3732 1
5105 3732 1
4015 3733 1
4579 3733 1
3808 3733 1
5430 3733 1
3734 3733 9
5025 3733 1
5346 3733 1
5027 3733 1
5030 3733 1
3809 3734 10
3501 3734 6
3734 3735 10
3733 3735 9
4157 3735 1
3499 3736 9
3733 3736 9
3509 3737 9
3733 3737 9
3851 3738 1
3739 3738 2
3740 3739 2
3741 3740 4
3463 3740 4
3743 3742 1
3193 3743 4
3411 3743 1
3181 3744 5
3171 3744 1
3101 3744 6
3746 3745 5
3747 3746 6
4746 3746 2
4745 3747 3
3531 3747 3
4744 3747 3
3748 3749 4
3310 3750 1
3748 3750 4
3826 3751 2
3678 3751 1
3080 3751 3
3305 3751 1
3753 3752 1
3752 3754 1
3753 3754 2
3753 3755 2
3754 3755 2
3757 3756 3
3305 3759 16
4042 3759 3
3761 3760 1
3721 3762 2
3762 3763 2
3721 3763 2
3228 3764 4
3766 3765 3
3768 3767 1
4285 3769 1
3767 3769 1
5495 3769 1
5435 3769 1
3770 3769 13
5530 3769 1
5466 3769 1
4692 3769 1
5283 3769 1
5143 3769 1
5433 3769 1
5389 3769 1
5240 3769 1
4838 3769 1
4646 3770 1
3967 3770 7
3768 3770 6
3767 3771 1
5530 3771 1
4692 3771 1
5435 3771 1
4285 3771 1
5433 3771 1
5143 3771 1
5283 3771 1
3770 3771 9
5466 3772 1
4838 3772 1
3771 3772 9
5495 3772 1
4365 3772 3
3770 3772 16
3770 3773 17
3772 3773 16
3775 3774 17
3773 3774 17
3770 3774 18
3770 3775 17
3772 3775 16
3771 3776 9
5466 3776 1
4838 3776 1
5495 3776 1
3770 3776 15
4365 3776 3
3771 3777 9
4788 3777 1
3532 3777 11
4833 3778 1
3777 3778 11
3779 3778 12
3866 3779 2
3532 3779 12
4833 3780 1
3885 3780 2
4866 3780 1
4788 3780 1
3777 3780 11
3339 3780 14
4725 3781 1
3777 3781 11
3532 3781 12
4365 3782 3
3771 3782 9
5466 3782 1
4838 3782 1
3770 3782 16
5495 3782 1
3770 3783 16
3782 3783 16
3770 3784 16
3782 3784 16
3181 3785 1
3785 3786 1
3956 3786 1
3078 3786 2
3788 3787 1
4214 3788 3
3787 3789 1
3788 3789 1
3791 3790 1
3787 3790 1
3788 3791 1
3178 3792 3
3794 3793 1
3080 3794 3
4600 3794 2
4343 3795 1
3796 3795 2
3278 3796 2
3080 3798 3
3089 3798 1
3079 3798 1
3668 3799 1
3801 3800 2
3799 3800 1
5568 3800 1
4251 3801 4
4245 3801 1
3668 3801 2
3799 3802 1
3670 3802 2
3673 3803 7
3802 3803 2
4216 3803 2
3669 3803 1
5264 3803 2
3103 3804 1
3804 3805 1
3091 3805 1
3099 3806 3
3702 3807 1
3809 3808 1
4017 3809 3
3734 3809 1
4285 3810 1
3808 3810 1
5240 3810 1
5530 3810 1
4364 3810 2
5445 3810 1
5025 3810 1
5389 3810 1
3496 3810 10
5178 3811 1
3810 3811 10
3496 3811 12
5350 3812 1
4362 3812 2
3496 3812 19
3808 3812 1
5025 3812 1
3966 3812 1
4318 3812 1
5318 3812 1
3810 3812 10
3811 3812 12
5354 3812 1
5030 3812 1
5445 3813 1
4364 3813 2
4318 3813 1
3303 3813 16
4292 3813 11
3885 3813 2
3808 3813 1
5025 3813 1
4318 3814 1
3205 3814 14
5058 3814 1
5147 3814 1
5334 3814 1
4362 3814 2
4944 3814 1
4824 3814 1
3808 3814 1
5025 3814 1
5016 3814 3
5015 3814 1
4291 3814 1
5030 3814 1
5025 3815 1
5030 3815 1
3809 3815 4
4157 3815 1
3808 3815 1
3305 3816 1
3193 3817 4
4629 3817 4
3526 3818 4
4294 3818 3
3375 3820 1
3566 3820 1
4294 3820 3
3565 3820 1
3184 3820 1
3823 3822 1
3501 3823 5
3305 3824 1
3824 3825 1
3826 3825 1
3305 3826 1
3080 3826 3
3824 3827 1
3751 3827 2
5516 3827 1
3829 3828 1
3824 3828 1
3305 3829 1
5516 3830 1
3824 3830 1
3751 3830 2
5516 3831 1
3824 3831 1
3751 3831 2
3511 3832 1
3832 3833 1
3511 3833 1
4702 3834 1
3835 3834 4
3838 3835 3
4701 3835 1
3836 3835 6
3837 3835 3
3840 3839 1
3839 3841 1
3601 3841 1
3601 3842 1
3839 3842 1
3839 3843 1
3601 3843 1
3099 3844 1
3101 3845 1
3844 3845 1
3847 3846 1
3844 3846 1
4454 3847 2
3101 3847 3
3099 3847 1
3850 3849 4
3178 3850 5
4366 3851 1
3740 3851 2
3853 3852 2
3970 3852 1
3278 3853 2
3474 3854 4
5133 3855 1
3463 3855 2
3463 3856 2
3855 3856 2
3858 3857 1
3764 3858 5
3181 3858 5
3178 3859 3
3862 3861 1
3864 3863 3
4617 3863 1
3861 3863 1
5348 3863 1
3082 3864 5
5349 3864 1
3862 3864 4
3779 3866 4
3423 3867 8
3869 3868 1
3674 3869 1
3868 3870 1
3486 3870 3
5237 3870 1
3870 3871 3
3486 3871 4
3871 3872 4
3466 3872 4
5564 3873 1
3868 3873 1
3693 3873 3
5434 3873 1
3674 3874 1
3534 3875 1
5526 3876 1
4711 3876 2
4603 3876 1
4035 3876 1
4332 3876 1
4140 3876 1
5133 3876 1
4588 3876 1
3875 3876 1
5446 3876 1
5553 3876 1
4331 3876 3
5332 3876 1
3877 3876 17
4540 3876 1
3869 3877 4
3929 3877 1
3534 3877 6
3305 3877 1
3101 3877 2
4648 3877 1
3874 3877 1
3457 3877 1
3080 3877 3
3655 3877 3
3089 3877 1
3816 3877 1
4428 3877 1
4409 3877 1
3665 3877 1
3880 3879 7
3311 3880 4
4387 3880 1
3526 3880 4
3372 3880 12
3882 3881 3
3866 3885 2
4833 3885 1
3885 3886 2
5153 3886 1
4833 3886 1
3779 3886 3
4742 3887 1
3885 3887 2
3303 3887 14
4292 3887 11
3532 3888 5
4833 3888 1
4866 3888 1
4568 3888 1
3885 3888 2
4637 3888 1
3226 3889 1
3228 3890 1
3889 3890 1
3869 3891 1
3894 3893 3
3896 3895 1
3334 3896 1
3898 3897 2
5212 3897 1
3895 3897 1
3896 3898 2
4922 3898 2
4608 3898 1
4379 3898 1
4530 3898 2
4203 3898 3
3895 3899 1
3898 3899 1
5146 3901 1
3902 3901 2
3531 3903 2
3901 3903 2
3901 3904 2
3531 3904 2
3906 3905 2
3901 3905 2
3902 3906 2
3908 3907 1
3310 3908 1
3907 3909 1
3908 3909 1
3319 3910 2
4514 3910 2
3912 3911 1
4698 3912 3
3287 3913 1
3911 3913 1
3911 3914 1
3915 3914 1
3181 3915 5
3912 3915 1
3917 3916 1
4017 3917 3
3501 3917 1
3315 3918 1
3589 3919 2
4138 3919 1
3180 3920 3
3919 3920 1
4505 3920 2
3919 3921 1
3180 3921 1
3919 3922 1
4931 3922 1
3180 3922 3
5537 3922 1
3180 3923 4
5537 3923 1
5096 3923 1
3919 3923 1
4931 3923 1
3894 3924 3
3768 3925 1
3779 3925 4
3099 3926 1
3926 3927 4
3926 3928 4
3310 3929 1
3930 3929 5
4648 3930 1
3466 3930 12
3089 3931 2
3933 3932 1
4017 3933 3
4220 3933 1
3935 3933 1
4219 3933 1
5040 3934 1
5154 3934 1
5461 3934 1
4789 3934 1
4377 3934 1
5220 3934 1
4147 3934 1
3932 3934 1
3935 3934 11
5347 3934 1
5263 3934 1
4847 3934 1
3193 3935 5
3933 3935 13
5263 3936 1
5347 3936 1
3933 3936 13
4147 3936 1
3932 3936 1
5461 3936 1
4377 3936 1
4847 3936 1
5154 3936 1
4789 3936 1
5040 3936 1
5220 3936 1
4941 3936 1
5461 3937 1
5040 3937 1
4789 3937 1
4147 3937 1
4941 3937 1
4847 3937 1
3932 3937 1
5347 3937 1
5154 3937 1
5220 3937 1
5263 3937 1
4377 3937 1
3935 3937 13
5404 3938 1
3939 3938 16
4565 3938 1
3937 3938 13
5305 3938 1
4431 3939 3
3935 3939 13
4941 3940 1
4147 3940 1
5220 3940 1
3932 3940 1
5347 3940 1
5263 3940 1
3933 3940 10
5461 3940 1
4377 3940 1
5154 3940 1
4847 3940 1
4377 3941 1
5220 3941 1
4941 3941 1
4847 3941 1
5154 3941 1
5347 3941 1
3935 3941 11
5263 3941 1
5461 3941 1
3932 3941 1
4147 3941 1
3935 3942 11
3941 3942 11
3935 3943 12
3941 3943 11
3943 3944 12
3935 3944 12
3935 3945 12
3943 3945 12
3935 3946 12
3943 3946 12
3941 3947 11
3935 3947 11
4525 3948 2
5404 3948 1
4527 3948 2
3932 3948 1
4377 3948 1
4847 3948 1
3949 3948 18
4147 3948 1
4526 3948 3
5154 3948 1
5220 3948 1
5347 3948 1
5263 3948 1
4522 3948 1
4565 3948 1
5305 3948 1
5461 3948 1
4941 3948 1
4431 3949 3
3933 3949 10
4522 3950 1
3948 3950 18
4527 3950 2
3949 3950 19
4523 3951 2
4524 3951 2
4527 3951 2
3950 3951 19
3949 3951 21
3809 3952 3
5445 3952 1
5350 3952 1
3690 3953 1
5029 3954 1
3953 3954 1
5513 3954 1
4903 3954 1
5340 3954 1
5519 3954 1
4613 3954 1
3723 3954 9
5076 3954 1
4912 3955 1
3954 3955 9
3330 3955 22
4885 3955 1
4910 3955 2
4231 3955 9
5411 3955 1
3181 3956 1
4155 3957 1
5022 3957 1
3956 3957 1
5046 3957 1
3171 3957 4
5106 3958 1
4354 3958 1
4500 3958 2
3171 3958 5
3956 3958 1
3702 3959 1
3438 3960 1
5392 3961 1
5395 3961 1
5188 3961 1
3960 3961 1
3962 3961 7
4800 3961 1
5279 3961 1
5543 3961 1
3345 3962 1
3969 3962 1
3440 3962 1
3438 3962 1
3439 3962 1
3441 3962 1
3155 3963 4
3298 3964 4
4924 3964 1
3967 3966 1
4017 3967 3
3835 3968 4
4702 3968 1
3347 3969 1
3289 3969 1
3721 3969 1
3278 3970 4
3494 3971 1
3099 3972 3
5109 3972 2
3099 3973 4
3972 3973 3
3101 3974 11
3973 3974 4
4554 3974 2
4856 3974 4
3979 3975 4
4304 3975 1
4659 3975 1
3984 3975 1
4554 3975 2
3435 3975 1
3974 3975 11
4087 3975 4
4437 3975 1
4074 3975 3
3976 3975 24
5066 3975 1
3101 3976 18
4660 3976 1
4305 3976 1
3255 3976 1
3099 3976 4
3123 3977 11
3974 3977 11
3972 3978 3
3101 3978 5
4554 3978 2
3101 3979 4
3972 3979 3
4554 3980 2
3744 3980 6
3979 3980 4
3744 3981 6
3979 3981 4
4554 3981 2
4711 3982 2
3429 3982 1
3979 3982 4
3712 3982 7
3979 3983 4
3744 3983 4
4437 3984 1
4589 3984 2
3101 3984 9
3979 3984 4
3984 3985 9
3979 3985 4
4856 3985 4
3101 3985 14
3987 3986 14
3985 3986 14
4856 3986 4
3806 3987 4
3101 3987 16
3099 3987 4
3287 3988 14
4856 3988 4
3985 3988 14
3469 3989 14
3985 3989 14
3979 3990 4
3712 3990 4
3744 3991 4
3979 3991 4
3744 3992 4
3979 3992 4
3712 3993 4
3979 3993 4
3744 3994 4
3979 3994 4
3744 3995 4
3979 3995 4
3744 3996 4
3979 3996 4
3744 3997 4
3979 3997 4
4062 3998 1
3972 3998 3
3987 3998 4
3972 3999 3
3332 3999 3
5537 4000 1
4370 4000 1
4479 4000 1
4001 4000 7
4931 4000 1
3764 4000 7
5096 4001 1
4000 4001 7
3764 4001 7
5096 4002 1
4001 4002 7
3180 4002 7
3226 4004 1
3228 4005 1
4004 4005 1
5566 4006 1
3234 4006 9
5271 4006 1
4216 4006 2
4106 4006 1
4004 4006 1
5408 4006 1
3669 4006 1
4240 4006 1
4004 4007 1
3180 4007 1
4009 4008 1
4016 4009 3
4008 4010 1
4385 4010 1
4009 4010 2
4012 4011 1
5400 4013 1
4011 4013 1
4830 4013 1
4014 4013 3
4012 4014 3
3809 4015 1
3377 4018 1
3526 4019 1
4018 4019 1
3236 4020 3
4020 4021 3
3238 4021 6
3411 4022 1
4022 4023 1
3191 4023 2
5270 4023 1
5270 4024 1
3191 4024 2
4022 4024 1
4022 4025 1
3743 4025 1
4022 4026 1
5562 4026 1
5270 4026 1
3191 4026 3
3181 4027 5
3099 4028 1
5215 4029 1
4028 4029 1
4938 4029 1
3079 4029 4
5522 4029 1
5215 4030 1
4028 4030 1
3079 4030 4
4938 4030 1
5522 4030 1
3079 4031 2
5522 4031 1
4028 4031 1
4033 4032 1
3628 4034 4
3626 4034 4
3869 4035 1
5570 4036 1
4332 4036 1
4121 4036 4
4711 4036 2
4037 4036 9
4035 4036 1
3305 4037 1
3267 4037 4
3080 4037 3
3089 4037 2
3101 4037 2
4530 4037 1
3869 4037 1
3869 4038 1
5423 4039 1
4038 4039 1
3305 4039 7
4903 4039 1
5526 4039 1
4603 4039 1
3478 4039 1
4039 4040 7
4957 4040 1
3305 4040 9
4040 4041 9
4042 4041 9
3305 4042 16
4936 4043 2
4049 4043 9
3759 4043 18
4558 4043 1
4040 4043 9
4935 4043 1
4346 4043 3
4346 4044 3
4334 4044 1
4038 4044 1
3305 4044 6
4048 4044 1
4346 4045 3
4046 4045 6
4038 4045 1
4334 4045 1
4048 4045 1
3305 4046 5
3869 4046 1
3095 4046 1
3305 4048 1
4603 4049 1
5423 4049 1
4332 4049 1
4048 4049 1
5526 4049 1
4346 4049 3
3305 4049 9
4605 4049 1
4042 4050 9
4049 4050 9
4048 4051 1
4334 4051 1
4046 4051 2
3829 4052 1
4052 4053 1
3305 4053 1
3305 4054 2
4052 4054 1
3184 4055 1
4870 4056 1
4055 4056 1
3186 4056 2
3727 4057 4
3171 4058 1
4061 4060 8
3307 4061 11
3099 4062 1
4856 4063 4
4437 4063 1
4062 4063 1
3111 4063 7
3111 4064 1
4062 4064 1
4062 4065 1
3101 4065 2
3469 4066 2
4065 4066 2
3178 4067 3
3894 4068 3
3930 4069 1
4071 4070 1
4069 4070 1
4584 4071 1
3930 4071 2
3869 4072 1
4332 4073 1
4957 4073 1
5357 4073 1
4072 4073 1
5144 4073 1
5181 4073 1
5403 4073 1
4779 4073 1
5386 4073 1
3877 4073 11
4711 4073 2
4452 4074 2
3099 4074 3
4074 4075 3
4862 4075 1
3251 4075 1
3253 4075 6
4075 4076 6
3253 4076 7
4076 4077 7
3253 4077 8
3539 4077 1
4076 4078 7
3253 4078 8
3539 4078 1
3253 4079 7
4076 4079 7
4076 4080 7
3253 4080 7
4076 4081 7
3253 4081 7
3253 4082 7
4076 4082 7
4076 4083 7
3253 4083 7
4075 4084 6
3539 4084 1
3253 4084 7
4075 4085 6
3253 4085 6
3099 4086 3
5403 4086 1
5326 4086 1
3101 4087 4
4086 4087 3
4767 4088 6
3480 4088 6
4767 4089 4
4088 4089 6
3480 4089 4
3479 4090 5
3479 4091 5
3089 4092 1
4094 4093 3
3894 4095 3
3099 4096 1
3105 4097 1
4096 4097 1
3105 4098 1
4096 4098 1
4096 4099 1
4100 4099 1
3305 4100 5
4787 4100 1
3099 4100 1
4100 4101 1
4096 4101 1
4096 4102 1
4100 4102 1
4105 4104 5
4209 4105 1
4104 4105 3
3226 4106 1
3228 4107 4
5408 4107 1
5271 4107 1
4240 4107 1
4106 4107 1
4106 4108 1
3228 4108 1
3670 4109 1
3475 4110 1
3477 4111 2
4110 4111 1
4113 4112 1
4114 4112 1
4115 4112 1
3089 4116 1
3896 4117 1
3482 4118 1
4848 4119 1
4118 4119 1
4120 4119 2
3482 4120 10
4237 4120 9
5260 4121 1
3267 4121 4
5176 4121 1
3266 4121 1
3564 4122 1
3826 4123 1
3751 4124 1
4123 4124 1
4389 4128 1
4129 4128 2
4390 4129 1
4128 4130 1
4131 4130 1
4129 4131 1
4691 4131 1
5289 4131 1
4128 4132 1
3247 4132 1
3247 4133 1
4128 4133 1
4135 4134 1
4128 4134 1
4129 4135 1
4135 4136 1
4128 4136 1
3080 4137 3
3534 4137 1
3589 4138 1
3178 4139 3
3089 4140 1
4142 4141 4
3668 4143 1
3670 4144 2
4143 4144 1
5245 4145 1
3482 4145 9
5278 4145 1
4868 4145 1
4885 4145 1
5564 4145 1
5535 4145 1
4912 4145 1
5090 4145 1
4145 4146 9
4120 4146 9
3933 4147 1
3117 4149 1
4151 4150 1
3178 4153 3
4156 4155 1
3101 4156 1
3181 4156 5
3809 4157 1
3178 4158 3
4390 4159 1
3699 4160 1
4160 4161 1
3492 4161 1
4160 4162 1
3492 4162 1
3566 4163 1
4165 4164 1
3232 4166 1
4164 4166 1
5493 4167 1
5011 4167 1
3535 4167 1
4168 4167 3
3171 4168 1
3099 4168 1
3181 4168 5
4170 4169 1
3535 4169 1
3099 4170 1
3535 4171 1
3926 4171 1
4388 4172 2
3319 4172 3
3319 4173 3
4172 4173 3
4172 4174 3
3319 4174 3
4172 4175 3
3319 4175 3
4172 4176 3
3319 4176 3
4172 4177 3
3319 4177 3
4172 4178 3
3319 4178 3
3113 4179 1
3645 4180 2
4179 4180 1
3377 4181 1
4949 4182 1
4181 4182 1
3377 4182 5
4778 4182 1
5162 4182 1
3526 4183 2
4778 4183 1
4181 4183 1
4181 4184 1
4185 4184 2
4778 4184 1
3184 4185 1
3377 4185 1
3566 4185 1
4181 4186 1
3377 4186 3
4778 4186 1
4186 4187 3
4188 4187 3
3377 4188 3
4499 4188 1
4200 4189 1
4186 4189 3
4190 4189 4
4201 4190 1
4872 4190 2
3377 4190 3
3494 4191 1
4292 4192 11
4191 4192 1
3501 4192 12
3570 4193 1
3570 4194 4
4193 4194 1
4697 4194 1
5394 4194 1
5075 4194 1
4212 4195 2
3322 4195 1
3178 4196 3
4198 4197 1
4198 4199 1
4197 4199 1
4201 4200 1
3818 4201 6
4201 4202 1
4200 4202 1
4204 4203 2
5256 4203 1
4206 4205 3
3205 4207 1
3206 4207 1
4209 4208 1
3917 4209 1
3305 4209 2
4528 4209 5
5050 4210 3
3509 4210 4
4208 4210 1
4105 4211 2
4208 4211 1
3308 4213 6
3930 4215 5
5439 4216 1
3670 4216 2
4300 4217 1
3255 4217 2
4217 4218 2
4946 4218 1
3255 4218 4
3224 4221 4
4224 4223 1
3896 4224 1
4033 4225 1
3976 4226 1
4071 4227 4
4229 4228 1
3665 4230 1
3723 4231 9
5526 4231 1
4230 4231 1
5205 4231 1
5060 4231 1
4810 4231 1
4903 4231 1
4887 4231 1
5197 4231 1
3411 4232 1
3723 4233 5
5029 4233 1
4614 4233 1
5505 4233 1
5564 4233 1
3330 4234 1
4233 4234 1
4233 4235 1
3516 4235 2
5076 4235 1
4237 4236 8
4885 4236 1
5278 4236 1
5564 4236 1
5535 4236 1
4868 4236 1
5090 4236 1
5245 4236 1
5037 4237 2
5529 4237 1
4584 4237 4
3690 4237 1
3896 4237 1
4886 4237 1
4236 4238 1
4237 4238 1
3226 4240 1
3082 4241 1
3084 4242 1
4241 4242 1
4241 4243 1
4244 4243 1
3082 4244 3
4246 4245 2
4595 4245 1
3089 4247 1
3236 4248 1
4248 4249 1
4021 4249 1
3238 4249 2
3453 4250 6
4488 4251 7
3178 4251 15
4245 4251 1
4251 4252 4
4251 4253 4
4251 4254 4
4251 4255 4
4257 4256 2
5211 4256 1
4584 4256 2
4261 4260 1
3372 4261 6
4261 4262 1
4260 4262 1
4997 4263 1
4509 4263 1
5462 4263 1
3165 4263 6
4626 4263 1
4260 4263 1
4658 4263 1
4071 4264 4
3236 4265 1
4265 4266 1
3238 4266 2
4021 4266 1
3155 4268 4
3080 4269 3
3184 4270 1
3186 4271 1
4270 4271 1
3165 4272 1
5440 4273 1
4272 4273 1
3312 4273 4
5105 4273 1
3312 4274 4
4273 4274 4
3325 4275 1
4275 4276 1
4277 4276 1
3325 4277 2
3307 4277 2
3080 4277 3
3372 4278 6
4415 4283 2
4282 4283 1
4416 4284 1
3967 4285 1
3602 4286 2
5500 4286 1
3602 4287 2
4286 4287 2
3602 4288 4
4286 4288 2
4290 4288 4
3602 4289 3
4286 4289 2
4289 4290 3
3602 4290 4
3494 4291 1
4944 4292 1
3501 4292 11
5147 4292 1
4364 4292 2
4360 4292 2
4378 4292 1
4318 4292 1
4361 4292 2
4291 4292 1
4362 4292 2
4292 4293 11
5306 4293 1
3501 4293 12
3375 4294 1
5186 4295 1
4984 4295 1
3377 4295 3
3446 4296 1
4296 4297 1
3446 4297 1
3446 4298 1
4296 4298 1
3446 4299 1
4296 4299 1
3255 4300 1
4302 4301 1
4250 4301 1
4303 4301 1
3453 4302 6
3453 4303 6
4305 4304 1
5428 4306 1
5525 4306 1
5342 4306 1
4304 4306 1
3165 4306 6
4659 4306 1
4306 4307 6
3165 4307 6
3411 4309 1
4094 4310 3
4957 4311 1
3305 4311 2
3099 4312 1
4312 4313 1
3101 4313 1
3375 4315 1
4984 4316 1
5163 4316 3
5428 4316 1
4315 4316 1
3820 4316 6
3917 4318 1
3496 4319 1
4318 4319 1
4819 4320 2
4318 4320 1
4209 4320 3
4318 4321 1
4819 4321 2
4209 4321 3
3411 4322 1
5458 4323 1
4430 4323 1
5032 4323 1
5504 4323 1
5312 4323 1
5089 4323 1
4324 4323 7
4322 4323 1
3411 4324 7
4159 4325 1
4398 4326 2
4325 4326 1
4159 4326 3
3798 4328 1
4228 4329 1
3655 4330 3
4329 4330 1
4896 4330 1
4897 4330 2
3655 4331 3
4329 4331 1
4896 4331 1
4331 4332 3
3305 4332 8
5526 4332 1
4603 4332 1
4957 4332 1
3305 4333 4
4603 4333 1
4331 4333 3
4935 4334 1
4331 4334 3
4603 4334 1
3305 4334 6
4331 4335 3
4603 4335 1
3305 4335 5
4335 4336 5
4100 4336 5
3655 4337 3
4329 4337 1
4896 4337 1
5031 4338 1
4337 4338 3
3655 4338 4
3278 4339 4
4339 4340 1
3277 4340 2
3278 4341 4
3278 4342 4
3278 4343 4
4345 4344 1
4603 4346 1
5423 4346 1
3305 4346 3
4042 4347 3
4346 4347 3
3307 4348 1
3307 4349 2
4348 4349 1
3585 4350 2
4811 4350 1
4352 4351 1
3308 4352 6
4057 4353 1
4188 4354 1
4354 4355 1
3171 4355 2
4201 4356 5
4358 4357 1
3494 4358 4
4357 4359 1
4358 4359 2
5147 4359 1
4357 4360 1
3494 4360 2
3494 4361 2
4357 4361 1
3494 4362 2
4357 4362 1
3494 4363 3
4362 4363 2
5306 4363 1
4357 4364 1
3494 4364 2
3770 4365 3
5240 4365 1
5389 4365 1
3463 4366 4
3741 4366 3
4366 4367 2
4367 4368 2
3851 4368 1
3178 4369 3
5096 4370 1
3764 4370 2
4245 4371 1
3801 4372 1
4371 4372 1
4251 4373 1
4371 4373 1
3152 4374 4
3476 4375 1
5443 4376 1
4625 4376 1
3305 4376 2
3933 4377 1
3494 4378 1
3305 4380 1
3305 4381 2
4380 4381 1
3927 4383 1
3927 4384 1
4383 4384 1
4009 4385 1
3880 4387 7
3236 4388 2
4390 4389 2
3082 4391 2
4389 4391 1
4391 4392 2
4244 4392 2
3082 4393 2
4389 4393 1
4393 4394 2
3864 4394 4
5348 4394 1
4461 4394 1
4389 4395 1
3082 4395 2
3084 4396 3
4389 4396 1
4395 4396 2
3864 4397 4
5348 4397 1
4649 4397 1
4395 4397 2
4389 4398 1
4159 4398 2
4389 4399 1
3340 4399 1
4401 4400 1
3307 4401 11
5069 4402 1
5334 4402 1
3817 4402 3
4628 4403 1
3817 4403 4
4402 4403 3
4402 4404 3
5454 4404 1
3817 4404 4
3184 4405 1
4405 4406 1
3186 4406 1
3423 4407 1
3305 4409 1
3305 4410 1
3333 4411 1
3423 4412 8
3082 4413 1
3084 4414 2
4413 4414 1
5098 4414 1
4418 4417 7
3105 4417 7
3181 4417 7
3182 4418 8
4420 4419 1
4419 4421 1
4420 4421 1
4423 4422 3
5229 4422 2
4419 4422 1
3080 4423 3
3079 4423 3
3307 4423 2
5216 4423 1
3089 4423 1
4420 4423 1
4416 4423 1
3310 4425 2
4426 4425 5
3869 4427 2
3080 4427 3
3253 4429 6
4862 4429 1
4535 4429 1
4780 4429 4
3251 4429 1
3411 4430 1
3690 4432 1
5393 4433 1
3693 4433 3
4432 4433 1
3693 4434 3
4432 4434 1
5393 4434 1
3255 4435 1
3255 4436 1
4435 4436 1
3099 4437 1
4439 4438 1
4437 4438 1
3099 4439 1
3181 4439 5
4345 4440 1
3372 4441 1
3397 4442 2
4441 4442 1
5560 4442 1
3182 4443 1
4441 4443 1
4498 4444 1
4441 4444 1
3171 4444 4
4531 4444 1
5335 4444 1
3460 4445 1
4447 4446 1
4445 4446 1
3460 4447 1
4447 4448 1
4445 4448 1
3372 4449 6
4451 4450 1
3080 4451 3
3431 4451 4
5553 4452 1
3099 4452 2
4454 4453 1
3334 4454 1
4672 4455 1
4456 4455 2
4453 4455 1
3431 4456 8
4600 4456 1
4454 4456 4
4456 4457 3
4700 4457 1
4453 4457 1
4672 4457 1
4453 4458 1
4459 4458 1
4532 4459 4
4454 4459 1
3847 4460 3
5019 4460 1
4772 4460 1
4453 4460 1
3862 4461 1
4156 4462 2
3429 4462 1
4156 4463 3
5533 4463 1
4462 4463 2
4156 4464 2
4462 4464 2
4466 4465 2
4462 4465 2
3080 4466 3
4156 4466 2
4156 4467 2
4462 4467 2
4462 4468 2
4466 4468 2
4462 4469 2
4156 4469 2
4466 4470 2
4462 4470 2
3702 4471 1
4505 4472 2
4473 4472 5
5156 4472 2
3670 4473 2
3764 4473 2
4472 4474 5
4473 4474 6
4977 4474 1
4125 4475 1
4780 4476 4
4475 4476 1
3091 4476 5
4780 4477 4
4475 4477 1
3091 4477 5
4475 4478 1
3091 4478 6
3429 4478 1
4780 4478 4
3764 4479 1
3764 4480 3
4479 4480 1
5096 4480 1
4480 4481 3
4484 4481 3
3858 4481 5
4480 4482 3
4484 4482 3
3858 4482 5
4480 4483 3
3858 4483 5
4484 4483 3
3764 4484 3
4479 4484 1
4931 4484 1
3463 4485 4
3465 4485 3
3315 4487 1
3494 4489 1
4037 4490 1
3809 4491 1
3305 4492 2
4818 4492 1
3513 4493 2
4492 4493 2
4492 4494 2
3513 4494 2
4376 4495 2
4492 4495 2
4497 4496 1
4499 4498 1
3171 4500 2
4498 4500 1
3476 4501 1
4501 4502 1
3727 4502 1
3668 4503 1
3764 4504 1
4504 4505 1
3764 4505 2
3075 4506 5
5156 4506 2
4505 4506 2
3184 4507 1
4507 4508 1
3186 4508 1
4510 4509 1
3372 4510 6
4509 4511 1
4510 4511 2
4750 4511 1
4401 4516 8
3174 4517 1
3723 4518 2
5526 4518 1
4518 4519 2
5307 4519 1
4885 4519 1
4910 4519 2
4912 4519 1
3330 4519 7
3765 4520 1
3949 4522 1
3949 4523 2
4522 4523 1
3949 4524 2
4522 4524 1
3949 4525 2
4522 4525 1
4527 4526 2
4522 4526 1
3949 4526 3
3949 4527 2
4522 4527 1
3658 4528 8
5061 4528 3
3425 4528 3
4528 4529 5
3171 4531 1
3101 4532 1
4203 4533 1
3494 4534 1
3099 4535 1
3099 4536 1
4536 4537 1
3101 4537 1
3181 4538 1
3078 4539 1
4538 4539 1
3534 4540 1
3879 4542 1
4544 4543 3
4546 4545 1
4545 4547 1
4546 4547 1
4545 4548 1
4546 4548 1
4545 4549 1
4546 4549 1
4546 4550 1
4545 4550 1
4545 4551 1
4546 4551 1
4553 4552 1
3101 4554 2
4974 4554 1
4554 4555 2
3987 4555 2
3117 4556 2
4554 4556 2
3744 4557 2
4554 4557 2
4042 4558 1
4558 4559 1
3759 4559 1
4558 4560 1
4561 4560 1
4042 4561 1
4558 4562 1
3759 4562 1
3089 4563 1
4563 4564 1
3095 4564 1
4431 4565 1
3236 4566 1
3238 4567 1
4566 4567 1
4569 4568 1
3099 4570 2
3345 4571 1
3721 4572 2
4571 4572 1
4876 4572 1
4574 4573 1
4573 4575 1
4577 4575 3
4576 4575 4
4578 4576 3
5118 4576 1
4574 4576 2
5117 4577 1
5044 4577 1
4578 4577 3
5045 4578 1
3082 4578 1
5118 4578 1
3809 4579 1
3167 4582 1
4584 4583 1
4583 4585 1
5090 4585 1
3558 4585 4
5057 4585 1
5278 4585 1
4583 4586 1
5057 4586 1
4256 4586 2
5057 4587 1
4583 4587 1
4256 4587 2
3534 4588 1
3099 4589 2
3308 4590 6
4343 4591 2
5279 4592 1
3075 4592 3
5543 4592 1
4592 4593 3
3078 4593 3
3894 4594 3
3474 4596 8
4596 4597 5
4596 4598 5
5003 4599 1
4600 4599 2
4454 4600 1
5557 4600 1
5556 4600 1
5558 4600 1
4599 4601 2
3794 4601 2
4599 4602 2
3794 4602 2
3874 4603 1
3877 4604 4
4711 4604 2
4332 4604 1
4603 4604 1
4603 4605 1
3305 4605 2
3411 4607 1
4203 4608 3
4533 4608 1
4609 4610 4
4609 4611 4
3091 4612 2
4737 4612 1
3702 4613 1
3723 4614 7
4903 4614 1
5526 4614 1
4613 4614 1
5029 4614 1
5513 4614 1
5340 4614 1
3702 4615 1
4615 4616 1
3305 4616 2
3082 4617 1
4617 4618 1
3084 4618 1
5564 4619 1
4237 4619 8
5535 4619 1
5245 4619 1
5090 4619 1
4885 4619 1
4868 4619 1
5278 4619 1
4619 4620 8
4120 4620 8
4642 4621 1
3577 4621 2
5289 4622 1
3271 4623 1
4623 4624 1
3697 4624 1
4627 4626 1
3372 4627 6
4629 4628 1
5334 4630 1
4628 4630 1
3817 4630 3
5069 4630 1
3817 4631 3
4628 4631 1
5069 4631 1
5334 4631 1
4340 4632 1
4914 4633 3
3554 4633 4
3589 4634 1
3119 4635 1
4569 4637 1
3668 4638 1
3089 4639 1
4641 4640 1
3577 4642 1
3577 4643 2
4642 4643 1
3089 4644 1
3089 4645 1
3178 4647 3
3310 4648 1
3930 4648 5
3862 4649 1
4651 4650 1
4650 4652 1
4651 4652 1
4651 4653 1
4650 4653 1
3425 4654 3
4314 4654 1
4427 4655 1
3184 4656 1
4656 4657 1
3186 4657 1
4278 4658 1
4660 4659 1
4578 4662 1
5563 4663 1
4578 4663 2
4662 4663 1
3823 4664 1
3509 4665 3
4664 4665 1
5308 4665 1
4769 4665 1
3823 4666 1
4664 4666 1
3674 4667 1
4227 4668 1
4264 4668 1
4669 4668 1
4390 4670 1
3340 4671 2
4670 4671 1
4389 4671 1
4454 4672 1
5546 4673 1
4700 4673 1
4672 4673 1
4456 4673 3
4456 4674 2
4672 4674 1
4674 4675 2
4456 4675 3
5003 4675 1
5546 4676 1
4672 4676 1
4456 4676 2
4201 4677 1
4201 4678 1
4677 4678 1
4685 4680 5
3179 4680 4
3178 4681 3
3178 4682 3
3178 4683 3
3178 4684 3
3177 4685 6
3178 4686 3
3469 4687 1
4687 4688 1
4689 4688 1
3469 4689 1
3117 4690 1
4687 4690 1
3768 4692 1
3099 4693 1
4693 4694 1
3554 4694 2
5093 4694 1
5323 4695 1
4696 4695 3
5077 4695 1
3167 4696 1
5078 4696 1
3570 4697 1
3089 4699 1
4454 4700 1
4701 4702 1
4701 4703 1
3089 4704 1
3466 4705 1
4485 4705 1
3462 4705 2
4968 4706 2
4705 4706 1
4708 4707 3
4459 4709 1
3099 4710 1
4710 4711 1
3101 4711 2
3712 4712 2
4711 4712 2
3847 4713 2
4711 4713 2
3847 4714 2
4711 4714 2
4332 4715 1
4037 4715 3
4711 4715 2
4771 4716 1
3514 4716 1
3928 4717 1
4717 4718 1
3928 4718 1
4724 4720 2
4701 4720 1
3255 4721 1
3761 4723 1
4569 4725 1
4934 4726 1
3685 4727 2
3429 4727 1
4605 4727 1
3089 4728 1
3894 4729 3
4195 4730 1
3089 4731 1
4733 4732 1
4456 4733 1
3541 4734 1
4732 4734 1
3541 4735 1
4732 4735 1
4732 4736 1
3541 4736 1
3103 4737 1
3315 4739 1
3860 4740 1
3368 4741 1
4743 4742 1
4748 4747 1
4747 4749 1
4748 4749 1
4510 4750 1
4750 4751 1
5560 4751 1
4981 4751 1
3312 4751 10
5338 4751 2
4952 4751 4
5106 4751 1
5141 4753 1
3086 4753 2
3526 4758 2
5162 4758 1
3309 4759 2
4758 4759 2
4758 4760 2
5179 4760 1
3383 4760 3
4952 4761 4
4758 4761 2
3309 4761 5
3894 4763 3
3928 4764 1
4764 4765 1
3289 4765 1
5078 4766 1
3935 4769 1
4454 4772 1
4772 4773 1
4600 4773 1
3475 4774 1
3099 4775 1
4775 4776 1
3287 4776 1
3224 4777 4
3566 4778 1
3457 4779 1
4862 4780 1
3253 4780 4
4899 4780 2
3253 4781 4
4780 4781 4
3253 4782 4
4780 4782 4
3253 4783 4
4780 4783 4
3253 4784 4
4780 4784 4
3253 4785 4
4780 4785 4
4780 4786 4
3253 4786 4
4569 4788 1
3933 4789 1
3089 4791 1
3105 4792 1
3105 4793 7
5062 4793 1
5456 4793 1
4792 4793 1
5125 4793 3
4417 4794 7
4793 4794 7
5229 4795 2
3104 4795 1
3171 4795 3
3184 4796 1
4796 4797 1
3186 4797 1
5150 4798 1
3186 4798 2
4796 4798 1
4061 4799 8
3962 4800 1
3930 4801 5
4803 4802 3
4805 4804 3
4423 4806 2
5432 4806 1
4499 4807 1
4807 4808 1
4188 4808 2
4188 4809 2
4808 4809 2
3702 4810 1
3585 4811 1
3702 4813 1
3184 4814 1
4814 4815 1
3186 4815 1
4057 4817 1
3305 4818 1
3305 4819 2
4818 4819 1
3305 4820 1
4818 4820 1
4408 4821 1
4823 4822 3
4386 4824 1
3165 4825 5
3165 4826 2
4401 4827 8
3089 4828 1
4037 4829 2
4828 4829 1
5328 4829 1
4012 4830 1
3927 4831 1
4831 4832 1
3927 4832 1
3866 4833 1
3099 4834 1
3678 4835 1
4834 4835 1
3678 4836 1
4834 4836 1
3678 4837 1
4834 4837 1
3768 4838 1
3702 4839 1
3894 4840 3
3894 4841 3
3894 4842 3
3894 4843 5
4843 4844 4
3165 4845 1
3312 4846 2
5123 4846 1
4845 4846 1
3933 4847 1
4237 4848 1
3765 4851 1
4580 4852 1
3368 4853 1
4881 4854 1
3099 4854 3
4853 4854 1
4854 4855 3
3806 4855 3
3806 4856 4
4854 4856 3
3111 4857 4
4856 4857 4
4854 4858 3
3101 4858 3
3115 4859 3
4854 4859 3
4741 4860 1
4853 4860 1
4853 4861 1
3115 4861 1
3099 4862 1
3962 4864 1
4864 4865 1
3962 4865 1
3925 4866 1
3925 4867 2
4866 4867 1
5099 4867 1
4584 4868 1
3107 4869 1
5492 4869 1
3184 4870 1
4872 4871 2
4870 4871 1
3184 4872 1
4871 4873 2
4190 4873 2
4875 4874 2
4871 4874 2
4872 4875 2
3969 4876 1
4569 4878 1
3532 4879 1
4878 4879 1
3099 4880 4
5553 4880 1
3534 4881 1
5416 4882 1
3260 4882 2
4881 4882 1
3079 4883 1
4883 4884 1
4423 4884 1
4886 4885 1
3874 4887 1
4339 4888 2
4339 4889 2
3117 4890 1
5048 4892 2
4891 4892 1
4894 4893 1
3446 4894 4
4499 4894 1
3446 4895 1
4893 4895 1
3655 4896 1
3655 4897 2
4896 4897 1
3539 4899 1
3253 4899 2
5364 4900 1
4899 4900 2
3253 4900 3
4899 4901 2
3539 4901 1
3253 4901 2
3103 4902 4
5109 4902 2
4899 4902 2
4553 4903 1
3089 4904 1
3411 4905 1
3898 4906 2
4978 4906 1
3898 4907 3
5212 4907 1
4906 4907 2
3453 4908 1
3330 4910 2
5124 4910 1
4327 4911 1
4886 4912 1
4261 4913 1
4914 4915 1
5097 4916 1
5053 4916 1
4633 4916 3
4915 4916 1
4892 4918 1
4892 4919 2
4918 4919 1
4919 4920 2
4892 4920 2
3761 4923 1
3930 4925 1
4925 4926 1
5057 4926 1
4071 4926 2
3255 4927 1
4451 4928 1
4499 4929 1
4894 4930 1
4929 4930 1
3764 4931 1
4931 4932 1
3180 4932 2
3180 4933 1
4931 4933 1
3305 4935 1
4935 4936 1
4042 4936 2
3869 4937 1
3079 4938 1
4938 4939 1
4423 4939 3
5344 4939 1
5215 4939 1
4938 4940 1
3798 4940 2
5344 4940 1
3933 4941 1
3236 4942 1
3319 4943 1
4942 4943 1
4358 4944 1
5147 4945 1
4944 4945 1
4358 4945 2
3442 4946 1
3442 4947 2
5026 4947 1
4946 4947 1
3089 4948 1
3566 4949 1
4951 4950 2
4949 4950 1
3566 4951 1
5162 4952 1
4950 4952 2
3526 4952 4
4952 4953 4
3309 4953 4
3818 4954 4
4952 4954 4
4952 4955 4
5035 4955 1
3880 4955 5
3970 4956 2
3665 4957 1
4957 4958 1
3665 4958 1
4957 4959 1
3305 4959 1
3117 4960 3
5442 4960 1
4957 4960 1
5144 4960 1
5561 4961 1
3305 4961 2
4957 4961 1
3236 4962 1
3319 4963 2
4962 4963 1
4963 4964 2
3319 4964 2
4963 4965 2
3319 4965 2
4963 4966 2
3319 4966 2
3099 4967 2
4485 4968 2
3702 4969 1
4971 4970 1
4973 4972 1
4970 4972 1
4971 4973 1
3099 4974 1
4059 4975 1
5207 4976 3
4975 4976 1
3260 4976 5
5187 4976 1
4473 4977 1
4608 4978 1
3702 4979 1
3761 4980 1
4401 4981 1
3534 4983 1
3565 4984 1
5186 4985 1
3182 4985 2
4984 4985 1
4987 4988 3
3082 4992 1
4992 4993 1
3084 4993 1
3333 4994 1
3723 4995 2
4995 4996 1
5076 4996 1
3516 4996 2
3370 4997 1
4997 4998 1
3370 4998 1
3184 4999 1
3186 5000 1
4999 5000 1
5078 5001 1
4600 5003 1
3738 5006 1
5008 5007 1
5006 5007 1
3738 5008 1
4382 5009 1
5009 5010 1
3542 5010 1
4168 5011 1
5493 5012 1
4168 5012 2
5011 5012 1
3567 5013 1
5013 5014 1
3567 5014 1
4641 5015 1
3205 5016 3
5058 5016 1
5015 5016 1
4439 5017 1
4439 5018 1
5017 5018 1
3101 5019 1
5019 5020 1
4532 5020 1
3089 5021 1
3180 5022 1
4255 5023 1
5023 5024 1
4255 5024 1
3809 5025 1
3442 5026 1
3809 5027 1
3255 5028 1
3869 5029 1
3809 5030 1
3655 5031 1
3411 5032 1
4574 5033 1
4576 5034 2
5033 5034 1
5117 5034 1
4387 5035 1
3476 5036 1
3702 5038 1
3089 5039 1
3933 5040 1
3566 5041 1
3089 5042 1
3446 5043 4
5045 5044 1
3253 5046 1
3080 5047 3
4104 5049 2
4211 5049 1
4211 5050 1
5049 5050 2
4105 5050 3
5198 5051 1
4105 5051 4
5050 5051 3
4105 5052 3
5050 5052 3
4914 5053 1
5097 5054 1
4633 5054 2
5053 5054 1
5097 5055 1
5053 5055 1
4633 5055 2
5053 5056 1
4633 5056 2
5097 5056 1
4584 5057 1
4641 5058 1
3690 5060 1
3105 5062 1
3236 5063 1
3238 5064 2
5371 5064 1
5063 5064 1
3255 5066 1
4533 5067 1
5171 5068 2
5165 5068 1
4608 5068 4
5170 5068 1
5067 5068 1
4629 5069 1
3171 5070 1
3345 5071 1
4227 5072 1
5072 5073 1
4668 5073 3
5345 5073 1
4668 5074 3
5073 5074 3
3570 5075 1
4428 5076 1
5078 5077 1
5001 5079 1
5077 5079 1
4766 5080 1
5077 5080 1
5082 5081 1
5077 5081 1
5078 5082 1
3089 5083 1
3111 5084 1
3113 5085 1
5084 5085 1
5084 5086 1
3268 5086 1
3113 5087 1
5084 5087 1
3123 5088 1
5084 5088 1
3411 5089 1
4584 5090 1
5245 5091 1
5278 5091 1
3558 5091 3
5090 5091 1
4142 5093 1
5093 5094 1
4142 5094 1
3554 5095 1
5093 5095 1
3764 5096 1
4914 5097 1
3476 5098 1
3768 5099 1
4061 5100 1
5102 5101 1
5101 5103 1
5102 5103 1
5102 5104 1
5101 5104 1
4989 5105 1
3880 5106 1
3182 5107 1
5106 5107 1
5553 5109 1
3099 5109 2
3645 5110 2
5109 5110 2
3645 5111 2
5109 5111 2
3457 5113 1
3862 5114 1
5348 5115 1
5415 5115 1
5114 5115 1
3864 5115 3
5118 5117 1
3236 5119 1
3238 5120 1
5119 5120 1
3080 5122 3
3397 5123 1
3723 5124 1
3429 5125 1
3435 5125 1
3105 5125 3
4934 5126 1
4726 5127 1
5126 5127 1
4057 5129 1
4428 5130 1
4456 5131 5
3453 5131 5
3816 5133 1
3697 5134 2
5332 5134 1
5133 5134 1
3697 5135 2
5332 5135 1
5133 5135 1
5137 5136 1
5133 5136 1
3816 5137 1
5139 5138 1
5133 5138 1
3816 5139 1
4754 5141 2
3085 5141 1
3089 5142 1
3967 5143 1
3869 5144 1
3089 5145 1
3902 5146 1
4358 5147 1
3184 5150 1
3186 5151 1
5150 5151 1
3322 5152 1
3532 5153 1
3933 5154 1
3668 5155 1
5155 5156 1
3670 5156 2
5156 5157 2
3673 5157 2
3673 5158 2
5156 5158 2
3927 5159 1
3289 5160 1
5159 5160 1
4530 5161 1
4294 5162 1
5186 5163 1
5162 5163 1
4294 5163 3
5163 5164 3
3818 5164 3
4203 5165 1
5165 5166 1
4608 5166 1
5165 5167 1
4608 5167 1
5165 5168 1
5176 5168 1
3898 5168 5
5170 5168 1
5260 5168 1
5171 5168 2
5165 5169 1
4203 5169 1
4203 5170 1
4203 5171 2
5170 5171 1
4533 5172 1
5170 5172 1
5170 5173 1
3318 5173 1
5170 5174 1
4608 5174 1
4608 5175 1
5170 5175 1
4530 5176 1
4600 5177 1
3496 5178 1
3377 5179 1
4033 5180 1
4648 5181 1
5181 5182 1
3930 5182 2
5182 5183 2
3930 5183 2
3105 5184 2
3984 5184 1
3429 5184 1
4345 5185 1
3375 5186 1
4059 5187 1
3439 5188 1
3457 5189 1
3702 5190 1
3236 5191 1
5191 5192 1
3238 5192 2
4021 5192 1
3184 5193 1
5193 5194 1
3820 5194 1
3186 5195 1
5193 5195 1
5193 5196 1
4185 5196 1
3869 5197 1
4104 5198 1
3902 5199 2
5199 5200 2
3531 5200 2
5199 5201 2
3531 5201 2
5199 5202 2
5203 5202 2
3902 5203 2
4667 5205 1
4580 5206 1
5206 5207 1
5403 5207 1
3260 5207 3
4376 5208 1
5210 5209 1
5208 5209 1
4376 5210 1
3896 5212 1
3898 5213 1
5212 5213 1
5216 5215 1
3089 5219 1
3933 5220 1
3933 5222 2
5547 5222 1
3443 5223 1
3443 5224 1
5223 5224 1
3236 5225 1
3238 5226 1
5225 5226 1
3475 5227 1
5227 5228 1
3477 5228 1
5565 5229 1
3307 5229 2
5229 5230 2
3307 5230 2
5229 5231 2
3079 5231 2
5229 5232 2
4277 5232 2
3079 5233 2
5229 5233 2
4277 5234 2
5229 5234 2
4277 5235 2
5229 5235 2
5229 5236 2
4277 5236 2
3869 5237 1
3826 5238 1
5238 5239 1
3751 5239 2
3967 5240 1
3765 5241 1
3492 5242 1
5241 5242 1
3089 5243 1
3236 5244 1
4584 5245 1
4924 5246 1
5246 5247 1
3964 5247 2
5247 5248 2
3964 5248 2
3964 5249 1
5246 5249 1
5246 5250 1
3964 5250 1
3964 5251 1
5246 5251 1
3964 5252 1
5246 5252 1
4061 5253 1
3283 5254 2
5376 5254 1
3283 5255 3
5376 5255 1
5254 5255 2
5282 5255 2
4989 5257 1
4033 5258 1
4530 5260 1
4590 5261 1
5289 5262 1
3933 5263 1
5568 5264 1
3670 5264 2
4515 5265 1
5265 5266 1
4515 5266 1
5265 5267 1
4515 5267 1
4515 5268 1
5265 5268 1
3475 5269 1
3411 5270 1
3226 5271 1
3228 5272 1
5271 5272 1
3089 5273 1
5276 5275 4
5289 5276 1
4584 5278 1
3969 5279 1
5279 5280 1
3347 5280 2
5543 5280 1
3534 5281 1
5376 5282 1
3283 5282 2
3768 5283 1
4027 5284 1
5284 5285 1
4027 5285 1
4869 5286 1
5512 5287 1
5396 5287 1
4869 5287 3
5286 5287 1
5289 5288 1
5288 5290 1
4131 5290 1
4131 5291 1
5288 5291 1
5288 5292 1
5293 5292 1
5289 5293 1
4131 5294 1
5288 5294 1
4131 5295 1
5288 5295 1
5288 5296 1
5262 5296 1
5262 5297 1
5288 5297 1
5262 5298 1
5288 5298 1
5262 5299 1
5288 5299 1
4131 5300 1
5288 5300 1
4131 5301 1
5288 5301 1
4622 5302 1
5288 5302 1
3078 5303 1
5288 5303 1
5288 5304 1
5276 5304 1
4431 5305 1
3494 5306 1
3896 5307 1
3501 5308 1
3933 5309 1
3935 5310 1
5309 5310 1
3167 5311 1
3411 5312 1
4314 5313 1
5313 5314 1
4654 5314 1
3869 5315 1
5315 5316 1
4427 5316 1
4427 5317 2
5315 5317 1
5442 5317 1
3917 5318 1
3917 5319 1
5318 5319 1
5318 5320 1
3917 5320 2
3236 5321 1
5321 5322 1
3238 5322 1
3167 5323 1
5323 5324 1
5311 5324 1
5323 5325 1
4582 5325 1
3534 5326 1
3089 5328 1
5330 5329 1
5329 5331 1
5330 5331 1
4409 5332 1
4629 5334 1
4340 5335 1
3668 5336 1
5336 5337 1
3670 5337 1
4869 5338 2
5396 5338 1
3665 5340 1
4305 5342 1
5092 5343 1
3089 5344 1
4264 5345 1
3809 5346 1
3933 5347 1
5349 5348 1
3809 5350 1
5350 5351 1
3809 5351 2
5445 5351 1
5350 5352 1
3734 5352 1
4466 5353 1
3494 5354 1
4787 5355 1
5355 5356 1
4100 5356 1
3869 5357 1
5359 5358 1
3099 5360 1
5360 5361 1
3101 5361 1
3302 5362 1
3302 5363 1
5362 5363 1
3253 5364 1
3236 5365 1
3238 5366 2
5365 5366 1
5371 5366 1
3457 5367 1
4094 5368 3
3089 5369 1
3238 5371 1
5371 5372 1
3238 5372 2
5398 5372 1
3238 5373 2
5436 5373 1
5371 5373 1
5371 5374 1
5532 5374 1
3238 5374 2
3281 5376 1
5376 5377 1
3283 5377 1
3476 5379 1
5379 5380 1
3727 5380 1
3457 5381 1
4327 5382 1
5382 5383 1
4911 5383 1
4911 5384 1
5382 5384 1
5382 5385 1
4911 5385 1
3929 5386 1
3896 5387 1
4224 5388 1
5387 5388 1
3967 5389 1
3236 5390 2
4021 5391 1
3238 5391 3
5390 5391 2
3440 5392 1
4667 5393 1
3570 5394 1
3441 5395 1
4869 5396 1
5396 5397 1
4869 5397 1
3236 5398 1
4012 5400 1
5400 5401 1
4014 5401 1
5400 5402 1
4014 5402 1
3534 5403 1
4431 5404 1
3238 5405 1
4021 5405 1
5514 5406 1
4021 5406 1
3238 5406 2
4021 5407 1
3238 5407 1
3226 5408 1
5408 5409 1
3228 5409 1
5505 5410 1
3693 5410 3
5564 5410 1
3896 5411 1
5256 5412 1
3877 5413 1
3702 5414 1
3082 5415 1
3236 5416 1
3319 5417 1
5416 5417 1
3089 5418 1
3375 5419 1
3305 5420 1
3869 5423 1
3702 5424 1
3647 5425 2
5539 5425 1
5425 5426 2
3647 5426 2
4057 5427 1
3566 5428 1
3089 5429 1
3809 5430 1
3079 5432 1
3768 5433 1
4667 5434 1
3967 5435 1
3236 5436 1
3564 5437 1
3253 5438 1
3539 5438 1
3668 5439 1
3397 5440 1
5440 5441 1
3397 5441 1
3869 5442 1
3089 5444 1
3809 5445 1
3534 5446 1
3475 5447 1
5449 5448 1
5448 5450 1
5449 5450 1
5448 5451 1
5452 5451 1
5449 5452 1
4629 5454 1
3759 5455 1
3105 5456 1
3105 5457 1
5456 5457 1
3411 5458 1
3928 5459 1
3928 5460 1
5459 5460 1
3933 5461 1
4449 5462 1
3761 5463 1
4349 5464 1
5565 5464 1
3307 5464 2
4349 5465 1
5565 5465 1
3307 5465 2
3768 5466 1
3099 5467 1
3101 5468 1
5467 5468 1
3105 5469 1
3429 5469 1
3429 5470 1
3105 5470 1
3429 5471 1
3105 5471 1
3105 5472 1
3429 5472 1
3105 5473 1
3429 5473 1
3105 5474 1
3429 5474 1
3685 5475 1
3429 5475 1
3429 5476 1
3105 5476 1
3105 5477 1
3429 5477 1
3685 5478 1
3429 5478 1
3429 5479 1
3685 5479 1
3429 5480 1
3685 5480 1
3429 5481 1
3318 5481 1
3429 5482 1
3318 5482 1
3105 5483 1
3429 5483 1
3685 5484 1
3429 5484 1
4156 5485 1
3429 5485 1
3429 5486 1
3115 5486 1
3429 5487 1
3105 5487 1
4156 5488 1
3429 5488 1
4156 5489 1
3429 5489 1
3226 5490 1
3228 5491 1
5490 5491 1
4168 5493 1
4168 5494 1
5493 5494 1
3967 5495 1
3566 5498 1
4046 5499 1
3096 5499 1
4762 5500 1
3602 5501 1
5500 5501 1
3602 5502 1
5500 5502 1
3602 5503 1
5500 5503 1
3411 5504 1
4667 5505 1
3565 5506 1
3281 5507 1
4047 5508 1
5508 5509 1
3573 5509 1
5508 5510 1
3573 5510 1
3315 5511 1
4869 5512 1
3874 5513 1
3236 5514 1
3089 5515 1
3678 5516 1
5516 5517 1
3751 5517 1
3751 5518 1
5516 5518 1
4667 5519 1
4530 5520 1
3702 5521 1
3333 5522 1
3089 5523 1
3702 5524 1
4660 5525 1
4428 5526 1
3325 5527 1
4277 5528 1
5527 5528 1
3967 5530 1
3869 5531 1
3236 5532 1
4156 5533 1
3089 5534 1
3896 5535 1
3764 5537 1
5540 5539 1
5539 5541 1
3647 5541 1
5539 5542 1
3647 5542 1
3345 5543 1
3377 5544 1
5544 5545 1
3377 5545 1
4454 5546 1
3933 5547 1
4033 5548 1
3345 5549 1
3089 5551 1
3285 5552 1
3534 5553 1
4137 5554 1
5553 5554 1
5553 5555 1
4137 5555 1
3761 5559 1
3308 5560 1
4033 5561 1
3411 5562 1
3082 5563 1
3690 5564 1
3307 5565 1
3226 5566 1
3228 5567 1
5566 5567 1
3668 5568 1
3089 5569 1
4530 5570 1
3265 5571 1
5570 5571 1
4213 5572 1
