7983 7978 1
7978 7979 4
7978 7980 4
7978 7981 4
7978 7982 4
7978 7983 4
7978 7984 4
7978 7985 4
7978 7986 4
7978 7987 4
7978 7988 4
7978 7989 4
7978 7990 4
7978 7991 4
8013 7992 2
8016 7993 1
8029 7993 1
8017 7993 1
8030 7993 1
8026 7993 1
7995 7994 1
7978 7995 1
7994 7996 1
8089 7996 1
7997 7996 2
7995 7997 1
8005 7997 1
7999 7998 5
7998 8000 2
8001 8000 2
8019 8001 1
7999 8001 5
8003 8002 2
8085 8002 1
8005 8004 1
7978 8005 1
8079 8006 1
8004 8006 1
8064 8006 1
8007 8006 3
8035 8007 1
8022 8007 1
8005 8007 1
8041 8007 1
8063 8007 2
8009 8008 1
8017 8009 1
8030 8009 1
8016 8009 1
8029 8009 1
8088 8010 1
8038 8010 1
8011 8010 5
8044 8010 1
8008 8010 1
8036 8010 1
8039 8011 1
8071 8011 1
8037 8011 1
8058 8011 3
8009 8011 1
8045 8011 1
8014 8012 1
7992 8012 1
8015 8014 3
8013 8014 3
8016 8015 10
8017 8015 10
8019 8018 1
8061 8019 1
8046 8019 1
8060 8019 1
8076 8020 1
8021 8020 2
8018 8020 1
8019 8021 1
8055 8021 1
7978 8022 1
7998 8023 1
8001 8023 1
8049 8024 1
8025 8024 2
8027 8026 3
8015 8026 3
8016 8026 3
8041 8028 1
8032 8028 1
8032 8031 1
7978 8032 1
8034 8033 3
8086 8033 1
8031 8033 1
8087 8033 1
7995 8034 1
8032 8034 1
8050 8034 1
8070 8034 1
8072 8034 2
8037 8036 1
8060 8037 1
8017 8037 1
8080 8037 1
8016 8037 1
8030 8037 1
8039 8038 1
8029 8039 1
8016 8039 1
8017 8039 1
8014 8039 1
8030 8039 1
8041 8040 1
7978 8041 1
8028 8042 2
8040 8042 1
8068 8042 1
7998 8043 1
8001 8043 1
8045 8044 1
8030 8045 1
8017 8045 1
8029 8045 1
8016 8045 1
7999 8046 2
8048 8047 3
7978 8050 1
8019 8051 1
8051 8052 1
8001 8052 1
8051 8053 1
8001 8053 1
8051 8054 1
8055 8054 1
8019 8055 1
8055 8056 1
8051 8056 1
8001 8057 1
7998 8057 1
7999 8060 3
8015 8060 3
8022 8064 1
8001 8065 1
7998 8065 1
7983 8066 1
7978 8067 1
8066 8067 1
8032 8068 1
8026 8069 1
8029 8071 1
8016 8071 1
8017 8071 1
8030 8071 1
7983 8074 1
7983 8075 1
8074 8075 1
8055 8076 1
7978 8077 1
7978 8078 1
8077 8078 1
8041 8079 1
8022 8081 1
8081 8082 1
8084 8082 1
8083 8082 2
8050 8083 1
8022 8083 1
8050 8084 1
7995 8086 1
8050 8087 1
8071 8088 1
8005 8089 1
