10191 8269 1
8269 8270 1
10097 8270 1
10161 8271 1
10285 8272 1
10285 8273 1
8273 8274 1
10079 8274 1
10245 8276 1
10147 8277 1
8276 8277 1
10147 8278 1
8276 8278 1
10159 8279 1
10131 9615 1
10245 9616 1
10306 9617 1
10159 9618 1
10225 9619 1
10084 9620 1
10084 9621 1
9620 9621 1
10140 9622 1
10313 10072 53
10222 10072 2
10265 10072 1
10182 10072 6
10073 10072 62
10312 10073 57
10183 10073 9
10268 10074 2
10312 10074 49
10309 10074 12
10119 10074 14
10128 10074 33
10249 10074 1
10309 10075 12
10177 10075 2
10312 10075 55
10133 10075 1
10128 10075 33
10256 10075 1
10289 10075 1
9622 10075 1
10074 10075 49
10139 10076 5
10312 10076 21
10309 10076 12
10152 10076 3
10082 10077 13
10119 10077 14
10141 10077 9
10073 10077 25
10076 10077 21
10284 10078 1
10076 10078 21
10079 10078 22
10285 10079 4
10073 10079 14
10312 10079 25
10073 10080 27
10082 10080 13
10222 10080 2
10076 10080 21
10182 10080 3
10073 10081 26
10076 10081 21
10222 10081 2
10182 10081 3
10312 10082 13
10309 10082 12
10082 10083 13
10084 10083 17
10266 10083 1
8269 10083 1
10190 10083 1
10312 10084 17
10220 10084 2
10191 10084 4
10166 10084 1
10242 10085 1
10215 10085 1
10084 10085 26
10275 10085 1
10083 10085 17
10195 10085 7
10295 10085 1
10085 10086 26
10084 10086 26
10083 10086 17
10268 10087 2
10304 10087 26
10085 10087 26
10085 10088 26
10084 10088 26
10083 10089 17
10085 10089 26
10101 10089 14
10268 10089 2
10304 10089 27
10304 10090 26
10085 10090 26
10083 10090 17
10304 10091 26
10085 10091 26
10093 10092 26
10085 10092 26
10073 10093 14
10084 10093 26
10093 10094 27
10101 10094 14
10085 10094 26
10304 10095 26
10268 10095 2
10085 10095 26
10097 10096 17
10083 10096 17
10084 10097 17
10191 10097 3
10083 10098 17
10097 10098 17
10083 10099 17
10097 10099 17
10097 10100 17
10083 10100 17
10073 10101 14
10082 10101 13
10101 10102 14
10294 10102 1
10079 10102 16
10079 10103 16
10102 10103 16
10304 10104 14
10101 10104 14
10101 10105 14
10304 10105 14
10294 10106 1
10101 10106 14
10079 10106 15
10079 10107 14
10101 10107 14
10101 10108 14
10304 10108 14
10101 10109 14
10304 10109 14
10304 10110 14
10101 10110 14
10079 10111 14
10101 10111 14
10101 10112 14
10079 10112 14
10082 10113 13
10079 10113 13
10082 10114 13
8272 10114 1
10079 10114 14
10312 10115 16
10082 10115 13
10268 10115 2
10117 10116 16
10115 10116 16
10312 10117 16
10309 10118 12
10312 10118 13
10309 10119 12
10312 10119 14
10118 10119 13
10119 10120 14
10308 10120 14
10141 10121 9
10284 10121 1
8272 10121 1
10079 10121 26
8273 10121 1
10119 10121 14
10123 10122 44
10256 10122 1
10309 10122 12
10128 10122 33
10310 10123 12
10247 10123 4
10151 10123 1
10129 10123 33
10160 10124 1
10305 10124 4
10202 10124 1
10275 10124 1
10178 10124 1
10295 10124 1
10148 10124 2
10203 10124 1
10273 10124 1
10250 10124 1
10180 10124 1
10241 10124 1
9617 10124 1
10152 10124 1
10308 10124 21
10215 10124 1
10242 10124 1
8279 10124 1
10126 10125 2
10304 10125 2
10125 10126 2
10304 10126 2
10304 10127 2
10126 10127 2
10296 10128 1
10278 10128 1
8279 10128 1
10185 10128 1
10186 10128 1
10153 10128 1
10281 10128 1
10298 10128 1
10250 10128 1
10235 10128 1
10197 10128 1
10269 10128 1
10206 10128 1
10277 10128 1
10288 10128 1
10246 10128 1
10181 10128 1
9618 10128 1
10287 10128 1
10283 10128 1
10243 10128 1
10263 10128 1
10164 10128 1
10231 10128 1
10158 10128 1
10293 10128 1
10155 10128 1
10157 10128 1
10129 10128 33
10169 10128 1
10188 10128 1
10223 10128 1
10204 10128 1
10237 10129 1
10131 10129 4
10224 10129 3
10213 10129 2
10264 10129 1
10236 10129 2
10306 10129 1
10154 10129 3
10228 10129 1
10198 10129 2
10187 10129 2
10189 10129 2
10159 10129 6
10165 10129 1
10156 10129 5
10270 10129 1
10131 10130 33
10128 10130 33
10129 10131 33
10210 10131 4
10212 10131 4
10134 10131 1
10209 10131 4
10211 10131 4
10150 10131 9
10097 10131 4
10134 10132 1
10134 10133 1
10163 10134 4
9615 10135 1
10131 10135 2
10133 10135 1
10131 10136 1
10133 10136 1
10133 10137 1
10132 10137 1
10132 10138 1
10133 10138 1
10140 10139 5
10084 10140 1
10117 10140 1
10152 10141 3
10139 10141 5
10312 10141 9
10167 10142 1
10255 10142 1
10179 10142 1
10170 10142 1
10272 10142 1
10143 10142 6
10084 10143 1
10191 10143 1
10168 10143 5
10312 10143 2
10142 10144 1
10145 10144 1
10143 10145 5
10147 10146 8
10254 10146 1
10257 10146 1
10244 10146 1
10299 10146 1
9616 10146 1
10142 10146 1
9615 10146 1
10282 10146 1
10131 10147 1
10245 10147 7
10143 10147 1
10142 10148 1
10149 10148 2
10143 10149 9
10131 10151 4
10140 10152 3
10154 10153 1
10156 10155 1
10156 10157 1
10159 10158 1
10161 10160 1
10176 10162 1
10163 10162 4
10165 10164 1
10168 10167 1
10156 10169 1
10168 10170 1
10272 10171 1
10170 10171 1
10255 10171 1
10226 10171 1
10143 10171 4
10170 10172 1
10255 10172 1
10272 10172 1
10143 10172 4
10172 10173 4
10149 10173 4
10176 10175 1
10175 10177 1
10162 10177 2
10306 10178 1
10168 10179 1
10161 10180 1
10154 10181 1
10183 10182 6
10156 10185 1
10187 10186 1
10189 10188 1
10191 10190 1
8269 10192 1
10190 10192 1
10097 10192 3
10266 10192 1
10097 10193 3
8269 10193 1
10266 10193 1
10190 10193 1
10266 10194 1
8269 10194 1
10190 10194 1
10097 10194 3
8269 10195 1
10190 10195 1
10084 10195 7
10268 10195 2
10266 10195 1
10198 10197 1
10221 10199 1
10312 10199 2
10084 10200 3
10199 10200 2
10215 10200 1
10143 10201 3
10199 10201 2
10215 10201 1
10306 10202 1
10161 10203 1
10156 10204 1
10131 10205 1
10184 10205 1
10166 10205 1
10159 10206 1
10302 10207 2
10163 10214 4
10191 10215 1
10195 10216 1
10084 10216 4
10215 10216 1
10268 10216 2
10215 10217 1
10268 10217 2
10084 10217 3
10218 10219 3
10140 10221 1
10183 10222 2
10224 10223 1
10084 10226 1
10302 10227 1
10289 10229 1
9622 10229 1
10312 10229 3
10229 10230 3
10304 10230 3
10213 10231 1
9615 10232 1
10233 10232 5
10295 10232 1
10242 10232 2
10220 10233 3
10131 10233 1
10232 10234 5
10304 10234 5
10159 10235 1
10302 10238 1
10302 10240 1
10161 10241 1
10220 10242 2
10224 10243 1
10245 10244 1
10147 10245 1
10228 10246 1
10302 10248 1
10312 10249 1
10306 10250 1
10233 10253 1
10245 10254 1
10168 10255 1
10151 10256 1
10245 10257 1
10225 10258 1
10260 10259 3
10258 10259 1
10271 10259 1
9619 10259 1
10225 10260 3
10260 10261 3
9619 10261 1
10271 10261 1
10258 10261 1
9619 10262 1
10271 10262 1
10260 10262 3
10258 10262 1
10236 10263 1
10183 10265 1
10191 10266 1
10140 10267 1
10267 10268 1
10312 10268 2
10237 10269 1
10225 10271 1
10168 10272 1
10161 10273 1
10306 10274 1
10166 10275 1
9615 10276 1
10297 10276 1
10275 10276 1
10205 10276 3
10236 10277 1
10187 10278 1
10302 10280 1
10264 10281 1
10245 10282 1
10213 10283 1
10285 10284 1
10161 10286 1
10224 10287 1
10189 10288 1
10140 10289 1
10306 10290 1
10252 10291 1
10291 10292 1
10308 10292 1
10159 10293 1
10285 10294 1
10220 10295 1
10154 10296 1
10184 10297 1
10198 10298 1
10245 10299 1
10302 10301 1
10207 10303 2
10304 10303 11
10227 10303 1
10238 10303 1
10301 10303 1
10253 10303 1
10280 10303 1
10126 10303 2
10240 10303 1
10248 10303 1
10302 10304 8
10084 10304 26
10073 10304 14
10312 10304 5
10233 10304 6
10306 10305 4
10202 10307 1
10164 10307 1
10180 10307 1
10250 10307 1
8271 10307 1
10286 10307 1
10203 10307 1
10274 10307 1
9617 10307 1
10241 10307 1
10160 10307 1
10308 10307 18
10273 10307 1
10178 10307 1
10290 10307 1
10305 10307 4
10165 10308 1
10159 10308 1
10191 10308 1
10252 10308 1
10220 10308 2
10166 10308 1
10161 10308 7
10306 10308 10
10140 10308 1
10149 10308 2
10312 10308 14
10250 10309 1
10164 10309 1
10274 10309 1
10202 10309 1
10310 10309 12
10305 10309 4
9617 10309 1
10290 10309 1
10178 10309 1
10306 10310 10
10165 10310 1
10131 10310 4
10309 10311 12
10139 10311 5
10152 10311 3
10128 10311 33
10312 10311 51
10151 10312 1
10310 10312 12
10129 10312 33
10162 10312 2
10140 10312 12
10134 10312 1
10128 10313 33
10312 10313 53
10076 10313 21
10309 10313 12
