1795 1794 3
14526 1794 3
13920 1796 1
1798 1797 2
12158 1797 1
14148 1800 1
13924 1801 1
13939 1801 1
14150 1802 1
1804 1803 2
12158 1803 1
1806 1805 2
12158 1805 1
13863 1807 1
14367 1809 1
14040 1810 3
1809 1810 1
14146 1811 1
14047 1812 1
14428 1813 1
1815 1814 1
12116 1816 1
2683 1816 1
2734 1816 1
13853 1816 4
1814 1816 1
13855 1817 6
12130 1817 1
11907 1817 4
13873 1818 1
13855 1818 6
1817 1819 6
14372 1819 6
14377 1820 1
1822 1821 1
12104 1823 1
1821 1823 1
14177 1823 2
14047 2657 1
14084 2658 1
13907 2659 4
3525 2659 1
11938 2659 1
12138 2659 1
3518 2660 1
2661 2660 5
2659 2660 4
3437 2661 1
13907 2661 4
1805 2661 1
3518 2662 1
14054 2662 5
2659 2662 4
2659 2663 4
3518 2663 1
14054 2663 6
2703 2663 1
3518 2664 1
2659 2664 4
14054 2664 5
14054 2665 5
3518 2665 1
2659 2665 4
14040 2666 2
13907 2667 1
2669 2668 2
2753 2668 1
2817 2670 1
2667 2670 3
2672 2671 2
2670 2671 2
2667 2672 2
13867 2673 1
11935 2674 1
12071 2674 1
2673 2674 1
3499 2674 1
13869 2674 8
12115 2674 1
3441 2674 1
2749 2674 1
14150 2675 1
14180 2676 3
12048 2676 2
14150 2677 1
14150 2678 1
2677 2678 1
3261 2679 1
2677 2679 1
3436 2679 1
2822 2679 1
14055 2679 4
14150 2680 1
1815 2683 1
14367 2684 1
14040 2685 4
2684 2685 1
12024 2685 1
12024 2686 1
2684 2686 1
3254 2686 1
12062 2686 1
14250 2686 4
3254 2687 1
14250 2687 4
12062 2687 1
2684 2687 1
12024 2687 1
14250 2688 4
12062 2688 1
2684 2688 1
3254 2688 1
12024 2688 1
12062 2689 1
3254 2689 1
12024 2689 1
2684 2689 1
14040 2689 5
12137 2690 1
12024 2690 1
2689 2690 5
2684 2690 1
14251 2690 6
12024 2691 1
12137 2691 1
14251 2691 6
2689 2691 5
2684 2691 1
2684 2692 1
12024 2692 1
2689 2692 5
12137 2692 1
14251 2692 6
14251 2693 6
2689 2693 5
12137 2693 1
12024 2694 1
2684 2694 1
2689 2694 5
12137 2694 1
14251 2694 6
12024 2695 1
12137 2695 1
2689 2695 5
14251 2695 6
2684 2695 1
13907 2696 1
11909 2697 1
2696 2697 1
13907 2697 3
13907 2698 7
3458 2698 1
11883 2698 1
2697 2698 3
2724 2698 1
14359 2699 1
13937 2700 4
11984 2700 1
12144 2700 1
11903 2700 1
13855 2701 5
2700 2701 4
14272 2702 5
2701 2702 5
14359 2703 1
2703 2704 1
14359 2704 2
12119 2704 1
2706 2705 1
3452 2707 1
11950 2707 1
14065 2707 6
11984 2707 1
11903 2707 1
2725 2707 1
2705 2707 1
2705 2708 1
13937 2708 2
2708 2709 2
13942 2709 2
11941 2710 1
13942 2710 5
2708 2710 2
12108 2710 2
13942 2711 5
12031 2711 1
12108 2711 2
2708 2711 2
2708 2712 2
13865 2712 2
14428 2713 1
14377 2714 1
13937 2716 1
12108 2717 2
13914 2717 3
2716 2717 1
14047 2718 1
11977 2719 1
12019 2719 1
13959 2719 4
3490 2719 1
13959 2720 5
12046 2720 1
2719 2720 4
12139 2721 1
13869 2721 2
2721 2722 2
13865 2722 2
2721 2723 2
13865 2723 2
13907 2724 1
2706 2725 1
13907 2726 1
2726 2727 1
14180 2727 1
2726 2728 1
14180 2728 1
14180 2729 1
2726 2729 1
14180 2730 1
2726 2730 1
13853 2731 1
14348 2733 1
1815 2734 1
13867 2735 1
13955 2736 1
14248 2737 1
14359 2738 2
2738 2739 2
12086 2739 1
14359 2739 3
2741 2740 1
13867 2742 1
14040 2743 1
14040 2745 1
14150 2746 1
14150 2747 2
2746 2747 1
11924 2747 1
2746 2748 1
14150 2748 1
13867 2749 1
13955 2750 1
2752 2751 2
3468 2751 1
3489 2754 2
2753 2754 1
2753 2755 1
2765 2755 2
2753 2756 1
3513 2756 2
2753 2757 1
11918 2757 2
2753 2758 1
12066 2758 2
2753 2759 1
3450 2759 2
2796 2760 2
2753 2760 1
13955 2762 1
14511 2764 1
14454 2766 1
14393 2767 1
2769 2768 1
2770 2768 1
2772 2771 1
2771 2773 1
13851 2773 1
2771 2774 1
13851 2774 1
2771 2775 1
13851 2775 1
2771 2776 1
13851 2776 1
13851 2777 1
2771 2777 1
2771 2778 1
13851 2778 1
13851 2779 1
2771 2779 1
2771 2780 1
13851 2780 1
13851 2781 1
2771 2781 1
2771 2782 1
13851 2782 1
2771 2783 1
13851 2783 1
3469 2784 1
11977 2784 1
12019 2784 1
3490 2784 1
2771 2784 1
13959 2784 5
2771 2785 1
13851 2785 1
2771 2786 1
13851 2786 1
13851 2787 1
2771 2787 1
13851 2788 1
2771 2788 1
3469 2789 1
12019 2789 1
13851 2789 5
2771 2789 1
11977 2789 1
3490 2789 1
2771 2790 1
13851 2790 1
13851 2791 1
2771 2791 1
2771 2792 1
13851 2792 1
2771 2793 1
13851 2793 1
13851 2794 1
2771 2794 1
14040 2795 1
14040 2797 1
2799 2798 1
13863 2800 1
14087 2801 1
14057 2802 1
2803 2802 1
2769 2802 1
14367 2804 1
13869 2805 1
12043 2806 1
12042 2806 1
2763 2806 1
13955 2806 2
13955 2807 1
12107 2808 1
14465 2809 1
2809 2810 1
14079 2810 1
2741 2811 1
2813 2812 1
13922 2814 2
2812 2814 1
12080 2814 1
13979 2815 2
11889 2815 1
13853 2816 1
13907 2817 1
11973 2818 1
13922 2818 2
2817 2818 1
13955 2819 1
13959 2820 1
2819 2820 1
13907 2822 1
3261 2823 1
3436 2823 1
14055 2823 5
2822 2823 1
11901 2823 2
3436 3233 1
2822 3233 1
3261 3233 1
11901 3233 2
14055 3233 5
2822 3234 1
3436 3234 1
3261 3234 1
11901 3234 2
14055 3234 5
2822 3235 1
14055 3235 1
3436 3236 1
2822 3236 1
3261 3236 1
14055 3236 3
3436 3237 1
14055 3237 3
2822 3237 1
3261 3237 1
2822 3238 1
3436 3238 1
14055 3238 3
3261 3238 1
14055 3239 1
2822 3239 1
13907 3240 1
3254 3241 1
14040 3241 2
13853 3242 1
14040 3243 2
12062 3243 1
14038 3245 2
3247 3246 1
11966 3247 2
12158 3247 1
13979 3249 2
11889 3249 1
3249 3250 2
14011 3250 2
3249 3251 2
14011 3251 2
1822 3252 1
14466 3253 1
14367 3254 1
14040 3255 1
13853 3256 1
13873 3257 1
3280 3258 1
3257 3258 1
12049 3258 1
13922 3258 3
3257 3259 1
12049 3259 1
3280 3259 1
14065 3259 3
13907 3261 1
14052 3262 2
3261 3262 1
3262 3263 2
3264 3263 2
14052 3264 2
13969 3264 1
14007 3265 5
3467 3265 1
11901 3265 2
3261 3265 1
3514 3265 1
3261 3266 1
3467 3266 1
14007 3266 4
12068 3266 1
3514 3266 1
3261 3267 1
3467 3267 1
14007 3267 3
3514 3267 1
14007 3268 3
3514 3268 1
3467 3268 1
3261 3268 1
3261 3269 1
3514 3269 1
14007 3269 3
3467 3269 1
3514 3270 1
14007 3270 3
3261 3270 1
3467 3270 1
3261 3271 1
14007 3271 3
3514 3271 1
3467 3271 1
3261 3272 1
14007 3272 3
3467 3272 1
3514 3272 1
11985 3273 1
3436 3273 1
14055 3273 3
3261 3273 1
14040 3274 1
3276 3275 1
13869 3277 1
13855 3278 2
3277 3278 1
3278 3279 2
13924 3279 2
13873 3280 1
3280 3281 1
13855 3281 3
3283 3281 2
13894 3282 4
3281 3282 3
3280 3283 1
14348 3283 2
13855 3285 2
13860 3286 1
3288 3287 1
3287 3429 1
13922 3429 1
13922 3430 1
3287 3430 1
3287 3431 1
13922 3431 1
3456 3432 5
13867 3433 1
1822 3434 1
14040 3435 1
3437 3436 1
2661 3438 1
3436 3438 1
14474 3440 1
13867 3441 1
13851 3442 1
14474 3445 1
3447 3446 1
3449 3448 1
12158 3449 1
12178 3449 2
13955 3451 1
2706 3452 1
3452 3453 1
13937 3453 2
13955 3455 1
13855 3456 4
13907 3458 1
1822 3460 1
3460 3461 1
14177 3461 2
13865 3462 2
3461 3462 2
2821 3463 1
14040 3464 2
12064 3464 1
14040 3465 1
13853 3467 1
13955 3469 1
14377 3471 1
14248 3472 1
13964 3473 1
3472 3473 1
14134 3474 1
3474 3475 1
14135 3475 1
14135 3476 1
3474 3476 1
3474 3477 1
14135 3477 1
14135 3478 1
3474 3478 1
3474 3479 1
14135 3479 1
14135 3480 1
3474 3480 1
14135 3481 1
3474 3481 1
14135 3482 1
3474 3482 1
14135 3483 1
3474 3483 1
3474 3484 1
14135 3484 1
3486 3485 1
11991 3486 1
11932 3486 2
3486 3487 1
3485 3487 1
3485 3488 1
3486 3488 1
13955 3490 1
14040 3491 1
14084 3492 1
14359 3493 1
3495 3494 1
14525 3496 1
14148 3497 1
13867 3499 1
14150 3500 1
13907 3501 1
3501 3502 1
13907 3502 1
14040 3503 1
14040 3504 1
14040 3506 1
13907 3507 2
12006 3507 1
13860 3508 3
3507 3508 2
12015 3508 1
14040 3509 1
13955 3511 1
3511 3512 1
13959 3512 1
13907 3514 1
14474 3515 1
14148 3516 1
1805 3518 1
14054 3519 1
3518 3519 1
3518 3520 1
14054 3520 1
14054 3521 1
3518 3521 1
13863 3522 1
14465 3523 1
14150 3524 1
13907 3525 1
12107 3526 1
13920 11881 1
13910 11882 1
13907 11883 1
13855 11884 1
13937 11885 1
3288 11886 1
13910 11888 1
13863 11889 1
13865 11890 2
11889 11890 1
12068 11890 1
11889 11891 1
11988 11891 1
13979 11891 3
13863 11892 1
11892 11893 1
13865 11893 1
14040 11894 1
14040 11895 1
14210 11896 1
2761 11897 1
11897 11898 1
11899 11898 2
12118 11898 1
2756 11899 1
2761 11899 1
13863 11900 1
11900 11901 1
13979 11901 2
11931 11902 2
2706 11903 1
14377 11904 1
13869 11905 1
14348 11906 3
12171 11906 1
12049 11906 1
12049 11907 1
13855 11907 4
11906 11907 3
14084 11908 4
13907 11909 1
11909 11910 1
13907 11910 4
11985 11910 1
12138 11910 1
13907 11911 1
11909 11911 1
12006 11912 1
11909 11912 1
13907 11912 3
14424 11913 4
12072 11913 1
11912 11913 3
11912 11914 3
12072 11914 1
14424 11914 4
13979 11915 1
14148 11916 1
14040 11919 1
2813 11920 1
13922 11921 1
11920 11921 1
14465 11922 1
11922 11923 1
14079 11923 1
14150 11924 1
14354 11925 1
14040 11926 1
11926 11927 1
14040 11927 2
14040 11928 2
11926 11928 1
14248 11930 1
14428 11933 1
14040 11934 1
13867 11935 1
13955 11936 1
14148 11937 1
13907 11938 1
14367 11939 1
13955 11940 1
13907 11941 1
13870 11942 1
13855 11943 2
12026 11943 1
11990 11944 1
13855 11944 4
11943 11944 2
11944 11945 4
3456 11945 4
11944 11946 4
3456 11946 5
11946 11947 5
14355 11947 5
14355 11948 5
11946 11948 5
11946 11949 5
14355 11949 5
2706 11950 1
13955 11951 1
13959 11952 1
11951 11952 1
14047 11954 1
11954 11955 1
13924 11955 1
13867 11956 1
3495 11958 1
13972 11959 3
11958 11959 1
12141 11959 1
13955 11960 1
13962 11961 1
13962 11962 1
11961 11962 1
11964 11963 1
3437 11965 1
14377 11967 1
13907 11968 1
13955 11969 1
13959 11970 1
11969 11970 1
13955 11971 1
11963 11973 1
3443 11974 1
13851 11975 1
14148 11976 1
13955 11977 1
14377 11978 1
13920 11981 1
13920 11983 1
2706 11984 1
13907 11985 1
12166 11986 1
11985 11986 1
13907 11986 2
2751 11987 1
14511 11988 1
14040 11989 1
14348 11990 1
14040 11992 2
12114 11992 1
13924 11993 1
13858 11994 1
13883 11994 2
13858 11995 1
13865 11995 1
13858 11996 1
13922 11996 1
11997 11998 3
14150 11999 1
13955 12000 1
13959 12001 1
12000 12001 1
13853 12002 1
13907 12003 1
14047 12004 1
13907 12006 1
14248 12007 1
14393 12008 1
14040 12009 1
13855 12010 1
11884 12011 1
12010 12011 1
11884 12012 1
12010 12012 1
12010 12013 1
11884 12013 1
2741 12014 1
14040 12015 1
14040 12016 2
12015 12016 1
14105 12017 2
12056 12017 1
12017 12018 2
13975 12018 2
13955 12019 1
14377 12020 1
14367 12021 1
13955 12022 1
14511 12023 1
14367 12024 1
13920 12025 1
14472 12026 1
13955 12027 1
12068 12028 1
14169 12028 2
14148 12029 1
13863 12030 1
12032 12031 1
12158 12032 1
12082 12032 2
14040 12033 1
14040 12035 1
3245 12036 1
1815 12038 1
14040 12040 1
13867 12041 1
11982 12044 1
12044 12045 1
13883 12045 1
13955 12046 1
13910 12047 1
12175 12048 1
2806 12048 2
13873 12049 1
13955 12050 1
14148 12051 1
14430 12052 1
13955 12053 1
13955 12054 1
12054 12055 1
13959 12055 1
14428 12056 1
14040 12057 1
14040 12058 1
14377 12059 1
13955 12060 1
13959 12061 1
12060 12061 1
14367 12062 1
11902 12063 1
14367 12064 1
14040 12065 1
12064 12065 1
14040 12067 2
13969 12068 1
3264 12069 1
12068 12069 1
13867 12071 1
1797 12072 1
14248 12073 1
13955 12074 1
13920 12075 1
13955 12076 1
12076 12077 1
13959 12077 1
13867 12078 1
13955 12079 1
2813 12080 1
14148 12081 1
13907 12083 1
13863 12085 1
14359 12086 1
12086 12087 1
14359 12087 1
14359 12088 1
12086 12088 1
13853 12089 1
14365 12090 1
14525 12091 1
13955 12103 1
14442 12104 1
14150 12105 1
12105 12106 1
14150 12106 1
13937 12108 2
12144 12108 1
13865 12109 2
12108 12109 2
12108 12110 2
13914 12110 2
13914 12111 2
12108 12111 2
12108 12112 2
13914 12112 2
13914 12113 2
12108 12113 2
14040 12114 1
13867 12115 1
1815 12116 1
14037 12117 1
2756 12118 1
13920 12119 1
13867 12121 1
13907 12122 1
14187 12123 1
14187 12124 1
12123 12124 1
14474 12125 1
2741 12126 1
13910 12127 1
14150 12128 1
13873 12130 1
1818 12131 1
12130 12131 1
1818 12132 1
12130 12132 1
1818 12133 1
12130 12133 1
12130 12134 1
1818 12134 1
1818 12135 1
12130 12135 1
12130 12136 1
1818 12136 1
13907 12137 1
13907 12138 1
13867 12139 1
14047 12140 1
3495 12141 1
13855 12142 1
3437 12143 1
13870 12144 1
14367 12145 1
14359 12146 1
14040 12148 1
14150 12149 1
14150 12150 1
12149 12150 1
14428 12151 1
13975 12152 1
12151 12152 1
14474 12153 1
2741 12154 1
13955 12156 1
2806 12157 1
12156 12157 1
14148 12159 1
14040 12160 1
1822 12161 1
14084 12162 1
14148 12163 1
14148 12164 1
13860 12165 1
13907 12166 1
11902 12167 1
12167 12168 1
12063 12168 1
12063 12169 1
12167 12169 1
14377 12170 1
14474 12171 1
13907 12174 1
13955 12175 1
13922 12176 1
12176 12177 1
13975 12177 1
13955 12179 1
1803 12180 1
13910 12181 1
13955 12182 1
14511 12183 1
13851 13850 1
13955 13851 4
2772 13851 1
12038 13852 1
12089 13852 1
13853 13852 12
12002 13852 1
2816 13852 1
3442 13852 1
3256 13852 1
11975 13852 1
12181 13852 1
13850 13852 1
2731 13852 1
3242 13852 1
12127 13852 1
13910 13853 2
1815 13853 5
13955 13853 7
13920 13853 4
13851 13853 3
3515 13854 1
13855 13854 2
14222 13855 7
2706 13855 2
13979 13855 3
13937 13855 15
14231 13855 16
14348 13855 9
13863 13855 2
14123 13855 9
13873 13855 5
13962 13855 2
14430 13855 10
2741 13855 5
14474 13855 1
14034 13855 5
14359 13855 1
13869 13855 2
14087 13855 6
14047 13855 9
14472 13855 1
13854 13856 2
13857 13856 2
13855 13857 2
14046 13858 2
14118 13858 22
13947 13858 2
11907 13858 4
13939 13858 1
12010 13858 1
14126 13858 10
11954 13858 1
13854 13858 2
2703 13858 1
13984 13858 4
14232 13858 1
14349 13858 3
14226 13858 5
14270 13858 3
1812 13858 1
3278 13858 2
14244 13858 5
3281 13858 3
2718 13858 1
14502 13858 5
13855 13858 86
14498 13858 1
2701 13858 5
11944 13858 4
14440 13858 11
12142 13858 1
12140 13858 1
2657 13858 1
3285 13858 2
14205 13858 1
12004 13858 1
11901 13858 2
13986 13859 3
14394 13859 5
12015 13859 1
12016 13859 2
14242 13859 4
14266 13859 1
13858 13859 85
3507 13859 2
13868 13859 1
14390 13859 7
12006 13859 1
13860 13859 105
2805 13859 1
1797 13860 1
13863 13860 2
14248 13860 2
14428 13860 6
2706 13860 2
2813 13860 3
13910 13860 1
3498 13860 1
13867 13860 12
14377 13860 9
14146 13860 11
13964 13860 35
13907 13860 5
14177 13860 2
14040 13860 2
14034 13860 5
14404 13860 12
14393 13860 4
13869 13860 7
14222 13860 4
14511 13860 5
14359 13860 3
14430 13860 10
14348 13860 1
11982 13860 1
14150 13860 2
13920 13860 1
3454 13860 2
13855 13860 86
14231 13860 16
14047 13860 8
13854 13861 2
13857 13861 2
13863 13862 2
14476 13862 1
13920 13863 7
11892 13864 1
11889 13864 1
13865 13864 19
2699 13864 1
13953 13864 7
12068 13864 1
12030 13864 1
13862 13864 2
11901 13864 2
14396 13864 1
11981 13864 1
1807 13864 1
2703 13864 1
11900 13864 1
14379 13864 1
14231 13865 15
2751 13865 1
14013 13865 7
14047 13865 7
2813 13865 3
13962 13865 2
3495 13865 2
13870 13865 1
13863 13865 17
13937 13865 7
1822 13865 2
14359 13865 3
13979 13865 18
14428 13865 6
2706 13865 2
13869 13865 11
13969 13865 4
14177 13865 8
14430 13865 10
14474 13865 1
13855 13865 1
13972 13865 3
13910 13865 7
14511 13865 5
14404 13865 13
14222 13865 4
13920 13865 4
13867 13866 1
3505 13867 1
3433 13868 1
11956 13868 1
12121 13868 1
13866 13868 1
12078 13868 1
13869 13868 7
14216 13868 1
13867 13869 14
13962 13869 2
13907 13871 2
14040 13871 3
13873 13872 1
13855 13874 54
12014 13874 1
14429 13874 10
14230 13874 14
2733 13874 1
12026 13874 1
2703 13874 1
2705 13874 1
14225 13874 4
14218 13874 2
14122 13874 8
14234 13874 15
14086 13874 5
11901 13874 2
11885 13874 1
14242 13874 4
12130 13874 1
14221 13874 4
13872 13874 1
14239 13874 16
3515 13874 1
11950 13874 1
11990 13874 1
13961 13874 2
2740 13874 1
11905 13874 1
14394 13874 5
11915 13874 1
2811 13874 1
12126 13874 1
2801 13874 1
3277 13874 1
13872 13875 1
13894 13875 16
12130 13875 1
13876 13875 18
13949 13875 16
13873 13875 2
13894 13876 19
13873 13876 2
14348 13876 1
12130 13877 1
13875 13877 2
13872 13877 1
13875 13878 2
13872 13878 1
12130 13878 1
13875 13879 18
12130 13879 1
13872 13879 1
13949 13879 16
13875 13880 2
12130 13880 1
13872 13880 1
12130 13881 1
13872 13881 1
13875 13881 2
11942 13882 1
2716 13882 1
13873 13882 5
12144 13882 1
11984 13882 1
14177 13882 2
2725 13882 1
14087 13882 6
14474 13882 5
14348 13882 1
12125 13882 1
13883 13882 36
11994 13882 2
13936 13882 2
3452 13882 1
13883 13882 2
3280 13882 1
11982 13882 1
3257 13882 1
13872 13882 1
13855 13882 1
12171 13882 1
2708 13882 2
12130 13882 1
14406 13882 2
13962 13882 2
13870 13882 3
12049 13882 1
3440 13882 1
12153 13882 1
14206 13882 1
3445 13882 1
2801 13882 1
13961 13882 2
13858 13882 1
13937 13882 5
11990 13882 1
2706 13882 4
11903 13882 1
12044 13882 1
14086 13882 5
14087 13883 6
13870 13883 3
14348 13883 1
13962 13883 2
14128 13883 11
11982 13883 1
13894 13883 13
14474 13883 5
14177 13883 2
13855 13883 1
13873 13883 5
2706 13883 4
13937 13883 5
13936 13884 2
3257 13884 1
2801 13884 1
13858 13884 1
12044 13884 1
11994 13884 2
14406 13884 2
13961 13884 2
2716 13884 1
14086 13884 5
11903 13884 1
11984 13884 1
13882 13884 28
12130 13884 1
2725 13884 1
12049 13884 1
11990 13884 1
2708 13884 2
13872 13884 1
3280 13884 1
3452 13884 1
11903 13885 1
3280 13885 1
12130 13885 1
12125 13885 1
12044 13885 1
2708 13885 2
11984 13885 1
14406 13885 2
2716 13885 1
2725 13885 1
11942 13885 1
12171 13885 1
3452 13885 1
12049 13885 1
14206 13885 1
13936 13885 2
13858 13885 1
14086 13885 5
3445 13885 1
3440 13885 1
13882 13885 31
2801 13885 1
3257 13885 1
13872 13885 1
12153 13885 1
14349 13886 3
13855 13886 5
13872 13886 1
14445 13887 3
13888 13887 19
14212 13887 4
1817 13887 6
13886 13887 5
12174 13887 1
14348 13888 1
13855 13888 15
13894 13888 19
14367 13888 2
14040 13888 3
13907 13888 2
1803 13888 1
13855 13889 5
13890 13889 5
13886 13889 5
13873 13890 1
13855 13890 5
13886 13891 5
13889 13891 5
1817 13892 6
13886 13892 5
12174 13892 1
13949 13892 16
14445 13892 3
13888 13892 25
14212 13892 4
3281 13893 3
12130 13893 1
11907 13893 4
13894 13893 13
14349 13893 3
13872 13893 1
13873 13894 2
13855 13894 12
11990 13895 1
13893 13895 13
13876 13895 14
1803 13896 1
14348 13896 1
13888 13896 18
13894 13896 13
14489 13896 1
13893 13896 13
12180 13896 1
11939 13896 1
13907 13896 1
13906 13896 1
14367 13896 2
11990 13896 1
12180 13897 1
13906 13897 1
14489 13897 1
11990 13897 1
13896 13897 18
11939 13897 1
13893 13897 13
11990 13898 1
13883 13898 14
13893 13898 13
14406 13899 2
13893 13899 13
13883 13899 26
11990 13899 1
14129 13899 11
13896 13900 17
11939 13900 1
13893 13900 13
14489 13900 1
12180 13900 1
11990 13900 1
13890 13901 1
13872 13901 1
13890 13902 1
13872 13902 1
13890 13903 1
13872 13903 1
13872 13904 1
13890 13904 1
13872 13905 1
13890 13905 1
13907 13906 1
13865 13907 4
14011 13907 4
13906 13908 1
11939 13908 1
13896 13908 3
14489 13908 1
13910 13909 1
13909 13911 1
13865 13911 5
12181 13911 1
11882 13911 1
12068 13911 1
11888 13911 1
13907 13912 1
12148 13913 1
12083 13913 1
14149 13913 1
12108 13913 2
13914 13913 8
13912 13913 1
11989 13913 1
2680 13913 1
12032 13914 1
13937 13914 8
14040 13914 2
14150 13914 2
13907 13914 3
14272 13914 6
13912 13915 1
14149 13915 1
11989 13915 1
13914 13915 10
12108 13915 2
2680 13915 1
12148 13915 1
2716 13915 1
14500 13915 1
12083 13915 1
13912 13916 1
13914 13916 1
13912 13917 1
13914 13917 1
13914 13918 1
13912 13918 1
13920 13919 1
1796 13921 1
12170 13921 1
3287 13921 1
13919 13921 1
13922 13921 4
13964 13922 32
14428 13922 2
14248 13922 7
14047 13922 3
14013 13922 7
14348 13922 1
14430 13922 10
14177 13922 2
13855 13922 47
2813 13922 3
13972 13922 3
14377 13922 1
14093 13922 16
14034 13922 5
14075 13922 36
11963 13922 1
2741 13922 4
13863 13922 2
13910 13922 1
14231 13922 15
3288 13922 2
13907 13922 1
13962 13922 2
13920 13922 3
13873 13922 3
14393 13922 4
3457 13922 4
14440 13923 11
2713 13923 1
12151 13923 1
13924 13923 13
13919 13923 1
1813 13923 1
14468 13923 1
11933 13923 1
1796 13923 1
14427 13923 1
13920 13924 2
2706 13924 1
14177 13924 2
13855 13924 41
14248 13924 1
13964 13924 32
1799 13924 3
14359 13924 2
14047 13924 7
14377 13924 9
14428 13924 6
12120 13924 1
14468 13925 1
12151 13925 1
11978 13925 1
1820 13925 1
12020 13925 1
2713 13925 1
13919 13925 1
2714 13925 1
12059 13925 1
3471 13925 1
14376 13925 1
14427 13925 1
1813 13925 1
11904 13925 1
11967 13925 1
14126 13925 10
13924 13925 26
1796 13925 1
13919 13926 1
2713 13926 1
12078 13926 1
11904 13926 1
14468 13926 1
12151 13926 1
12119 13926 1
2714 13926 1
14428 13926 4
12059 13926 1
11967 13926 1
13867 13926 1
14377 13926 9
1813 13926 1
1796 13926 1
1820 13926 1
14376 13926 1
11978 13926 1
13920 13926 3
3471 13926 1
13927 13926 17
12020 13926 1
14428 13927 4
14377 13927 9
13867 13927 1
14430 13927 10
13920 13927 3
14222 13927 4
14231 13927 16
1813 13928 1
2713 13928 1
12059 13928 1
14376 13928 1
11978 13928 1
13919 13928 1
12020 13928 1
14468 13928 1
1820 13928 1
3471 13928 1
12151 13928 1
12119 13928 1
1796 13928 1
13926 13928 17
2714 13928 1
11967 13928 1
11904 13928 1
12078 13928 1
13910 13929 1
12068 13930 1
14437 13930 13
13865 13930 26
14425 13930 1
12085 13930 1
12047 13930 1
14429 13930 10
13929 13930 1
14230 13930 14
11901 13930 2
14379 13930 1
11882 13930 1
14468 13930 1
14234 13930 15
13929 13931 1
14234 13931 15
14437 13931 13
14429 13931 10
13865 13931 18
1813 13932 1
12151 13932 1
11933 13932 1
12047 13932 1
14429 13932 10
13929 13932 1
13865 13932 12
2713 13932 1
14468 13932 1
13929 13933 1
13865 13933 1
13929 13934 1
2713 13934 1
12151 13934 1
11933 13934 1
1813 13934 1
14427 13934 1
11987 13934 1
13865 13934 8
12068 13934 1
11950 13936 1
13937 13936 2
2706 13937 6
13870 13937 1
13936 13938 2
14218 13938 2
3277 13938 1
13865 13938 17
12144 13938 1
12068 13938 1
2721 13938 2
2708 13938 2
11901 13938 2
12171 13938 1
11950 13938 1
14425 13938 1
2716 13938 1
12127 13938 1
2705 13938 1
13855 13939 6
11950 13939 1
2708 13939 2
2716 13939 1
13936 13939 2
2705 13939 1
13858 13940 1
2716 13940 1
12125 13940 1
13936 13940 2
12153 13940 1
14406 13940 2
11994 13940 2
3445 13940 1
12171 13940 1
11942 13940 1
2708 13940 2
14206 13940 1
13882 13940 18
12144 13940 1
12044 13940 1
3440 13940 1
13936 13941 2
13865 13941 2
13914 13942 14
13936 13942 2
14272 13942 6
14503 13942 6
12032 13942 1
13907 13942 1
12108 13942 2
2708 13942 2
13937 13942 6
12031 13942 1
11941 13942 1
12031 13943 1
2708 13943 2
13942 13943 8
13936 13943 2
11941 13943 1
12108 13943 2
11941 13944 1
13936 13944 2
14503 13944 6
13942 13944 11
2708 13944 2
12031 13945 1
12108 13945 2
11941 13945 1
13936 13945 2
13942 13945 6
11990 13947 1
13855 13947 2
3281 13948 3
13947 13948 2
13894 13948 12
14349 13948 3
11907 13948 4
14513 13949 5
14350 13949 4
13947 13949 2
13894 13949 16
3282 13949 4
13876 13950 16
13949 13950 16
13949 13951 16
14445 13951 3
12174 13951 1
14212 13951 4
13888 13951 21
11939 13951 1
13949 13952 16
13888 13952 20
14445 13952 3
12174 13952 1
11881 13953 1
13863 13953 7
11981 13953 1
11983 13953 1
14476 13953 1
12025 13953 1
12075 13953 1
13955 13954 1
3447 13955 1
14163 13955 1
3245 13955 1
3276 13955 1
2799 13955 1
14037 13955 1
2821 13955 1
13957 13956 26
3469 13956 1
12103 13956 1
12000 13956 1
2819 13956 1
13954 13956 1
11951 13956 1
14153 13956 1
14519 13956 1
14351 13956 1
12019 13956 1
3455 13956 1
11971 13956 1
11936 13956 1
3490 13956 1
12054 13956 1
12060 13956 1
12074 13956 1
11977 13956 1
11940 13956 1
3451 13956 1
12179 13956 1
12050 13956 1
2807 13956 1
3511 13956 1
11960 13956 1
13955 13957 34
3260 13957 1
2719 13958 4
13956 13958 26
13959 13958 27
2772 13959 1
13957 13959 26
13955 13959 34
13954 13960 1
13959 13960 1
13962 13961 2
14514 13961 1
11887 13962 1
11929 13962 2
13964 13963 2
13961 13963 2
13855 13964 35
13867 13964 1
11982 13964 1
14047 13964 2
2706 13964 5
14087 13964 1
14248 13964 3
14377 13964 9
2741 13964 4
14428 13964 1
13873 13964 3
13920 13964 1
13962 13964 2
13869 13964 2
14177 13964 2
13961 13965 2
13964 13965 2
13961 13966 2
13964 13966 2
13961 13967 2
13964 13967 2
13969 13968 2
13961 13968 2
13962 13969 2
13910 13969 1
1808 13969 4
13961 13970 2
13969 13970 2
13972 13971 3
13961 13971 2
13962 13972 2
1808 13972 3
3495 13972 2
12151 13973 1
13971 13973 3
13922 13973 13
14429 13973 10
13971 13974 3
13975 13974 3
14428 13975 1
14105 13975 2
13922 13975 1
14430 13975 10
13972 13975 3
13975 13976 3
13971 13976 3
2718 13977 1
14394 13977 5
13961 13977 2
13922 13977 41
14072 13977 34
14510 13978 1
2703 13978 1
12183 13978 1
2764 13978 1
13961 13978 2
12023 13978 1
13979 13978 8
14082 13979 4
14083 13979 2
14359 13979 1
14511 13979 5
13969 13979 1
13863 13979 2
13962 13979 2
14510 13980 1
13978 13980 8
2764 13980 1
12183 13980 1
12025 13980 1
12023 13980 1
13865 13980 9
13922 13981 2
13961 13981 2
13858 13982 1
14074 13982 36
14014 13982 7
14394 13982 5
14395 13982 6
2701 13982 5
12142 13982 1
11990 13982 1
13961 13982 2
13922 13982 56
13922 13983 3
13858 13983 1
13961 13983 2
12142 13984 1
13855 13984 4
13961 13984 2
13924 13985 4
13984 13985 4
13869 13986 3
13961 13986 2
13860 13987 62
14406 13987 2
13994 13987 5
12115 13987 1
11950 13987 1
2767 13987 1
1797 13987 1
14459 13987 1
12041 13987 1
12056 13987 1
14392 13987 1
11982 13987 1
2764 13987 1
12072 13987 1
1812 13987 1
13855 13987 1
12080 13987 1
3499 13987 1
12139 13987 1
11956 13987 1
12071 13987 1
14393 13987 4
3441 13987 1
12023 13987 1
11912 13987 3
11954 13987 1
13986 13987 3
2813 13987 3
14511 13987 5
12007 13987 1
13920 13987 1
14047 13987 8
14390 13987 7
11935 13987 1
12183 13987 1
11988 13987 1
2706 13987 2
2749 13987 1
14248 13987 2
14348 13987 1
14510 13987 1
14145 13987 3
3433 13987 1
2805 13987 1
12004 13987 1
2718 13987 1
2735 13987 1
13860 13987 5
14205 13987 1
2705 13987 1
2673 13987 1
13869 13987 4
14177 13987 2
14146 13987 10
14247 13987 1
13867 13987 12
14428 13987 1
12119 13987 1
14046 13987 2
2657 13987 1
13907 13987 3
12044 13987 1
2812 13987 1
12008 13987 1
11990 13987 1
11920 13987 1
12041 13988 1
11954 13988 1
2718 13988 1
12007 13988 1
11950 13988 1
12008 13988 1
13994 13988 5
2812 13988 1
2735 13988 1
14406 13988 2
14247 13988 1
12119 13988 1
12183 13988 1
3499 13988 1
2767 13988 1
2805 13988 1
11988 13988 1
12139 13988 1
11920 13988 1
11990 13988 1
12056 13988 1
11956 13988 1
14392 13988 1
12044 13988 1
12071 13988 1
12004 13988 1
12072 13988 1
3441 13988 1
12080 13988 1
2764 13988 1
14459 13988 1
13986 13988 3
12023 13988 1
2705 13988 1
13987 13988 61
14510 13988 1
11935 13988 1
14205 13988 1
14390 13988 7
14145 13988 2
11912 13988 3
3433 13988 1
2657 13988 1
2673 13988 1
1812 13988 1
12115 13988 1
14046 13988 2
2749 13988 1
11935 13989 1
12115 13989 1
2718 13989 1
11956 13989 1
14145 13989 2
2812 13989 1
14392 13989 1
13986 13989 3
12023 13989 1
14247 13989 1
2749 13989 1
11954 13989 1
12008 13989 1
11988 13989 1
3433 13989 1
2767 13989 1
3499 13989 1
12041 13989 1
2735 13989 1
13987 13989 54
12071 13989 1
11990 13989 1
3441 13989 1
14510 13989 1
14459 13989 1
2657 13989 1
13994 13989 5
12183 13989 1
2764 13989 1
14205 13989 1
12119 13989 1
12004 13989 1
2805 13989 1
12044 13989 1
12080 13989 1
14390 13989 7
12139 13989 1
14046 13989 2
11950 13989 1
1812 13989 1
11920 13989 1
2673 13989 1
2705 13989 1
12007 13989 1
13986 13990 3
13987 13990 22
11950 13990 1
11912 13990 3
11954 13990 1
2705 13990 1
12044 13990 1
12119 13990 1
12072 13990 1
14392 13990 1
3433 13990 1
13994 13990 5
12139 13990 1
2767 13990 1
14459 13990 1
12008 13990 1
11956 13990 1
14145 13990 1
13994 13991 5
2805 13991 1
13986 13991 3
14145 13991 3
13987 13991 14
14390 13991 4
12072 13991 1
14145 13992 3
13994 13992 5
13858 13992 1
11912 13992 3
14390 13992 2
13986 13992 3
13987 13992 14
12072 13992 1
14429 13993 10
11904 13993 1
12151 13993 1
13860 13993 57
14267 13993 2
14468 13993 1
14420 13993 1
11933 13993 1
14376 13993 1
14436 13993 12
12165 13993 1
11978 13993 1
2699 13993 1
14396 13993 1
12127 13993 1
11967 13993 1
14239 13993 16
14242 13993 4
12020 13993 1
2713 13993 1
14390 13993 7
12059 13993 1
12015 13993 1
12016 13993 2
12006 13993 1
3471 13993 1
1813 13993 1
14218 13993 2
2703 13993 1
2805 13993 1
1820 13993 1
14266 13993 1
14394 13993 5
2714 13993 1
13986 13993 3
3507 13993 2
2721 13993 2
14230 13993 14
13860 13994 5
13858 13994 1
13986 13994 3
14390 13995 3
13986 13995 3
2718 13995 1
13987 13995 18
14046 13995 2
2657 13995 1
14145 13995 3
13858 13995 1
14205 13995 1
1812 13995 1
13994 13995 5
12004 13995 1
14390 13996 7
13860 13996 14
13994 13996 5
2805 13996 1
13996 13997 14
11912 13997 3
13998 13997 18
12072 13997 1
13907 13998 3
13860 13998 14
1797 13998 1
11920 13999 1
12080 13999 1
13961 13999 2
11959 13999 3
13865 13999 21
11987 13999 1
14014 13999 7
2674 13999 8
14425 13999 1
14379 13999 1
2812 13999 1
12023 14000 1
14046 14000 2
14396 14000 1
2703 14000 1
2657 14000 1
1812 14000 1
12004 14000 1
14468 14000 1
11933 14000 1
12119 14000 1
13865 14000 26
12183 14000 1
13961 14000 2
2713 14000 1
14427 14000 1
1813 14000 1
12151 14000 1
14510 14000 1
11958 14000 1
2764 14000 1
14205 14000 1
2718 14000 1
12141 14000 1
2699 14000 1
11988 14000 1
13922 14001 2
13961 14001 2
13961 14002 2
13962 14002 2
13961 14003 2
13979 14003 3
2764 14004 1
12023 14004 1
12183 14004 1
13865 14004 7
14510 14004 1
14003 14004 3
14003 14005 3
13979 14005 6
11889 14005 1
12068 14005 1
2703 14006 1
14005 14006 6
3249 14006 2
2815 14006 2
12009 14006 1
12068 14006 1
11924 14006 1
11891 14006 3
14007 14006 13
13863 14007 2
13969 14007 1
14454 14007 1
12005 14007 2
13920 14007 1
14150 14007 3
3498 14007 1
13853 14007 1
13979 14007 12
2813 14007 3
14359 14007 3
14511 14007 5
14047 14007 7
14222 14007 4
14040 14007 3
14148 14007 15
13907 14007 3
14013 14007 7
3249 14008 2
12068 14008 1
14005 14008 6
11891 14008 3
2815 14008 2
2703 14008 1
13865 14008 11
11988 14008 1
14364 14009 1
12068 14009 1
14003 14009 3
3261 14009 1
11891 14009 3
3504 14009 1
14046 14009 2
2718 14009 1
12183 14009 1
2764 14009 1
14007 14009 36
2815 14009 2
12023 14009 1
14005 14009 6
2699 14009 1
14396 14009 1
2657 14009 1
12105 14009 1
12009 14009 1
12160 14009 1
12004 14009 1
14205 14009 1
2703 14009 1
14510 14009 1
11988 14009 1
11889 14009 1
14379 14009 1
3514 14009 1
3467 14009 1
1812 14009 1
11901 14009 2
12085 14009 1
3249 14009 2
14011 14010 3
14003 14010 3
13979 14011 5
14013 14011 7
14013 14012 6
12080 14012 1
13961 14012 2
2812 14012 1
11920 14012 1
3522 14012 1
13962 14013 2
2813 14013 3
13863 14013 1
3522 14014 1
11920 14014 1
13961 14014 2
14013 14014 7
2812 14014 1
12080 14014 1
14014 14015 7
13922 14015 7
13922 14016 7
14014 14016 7
2812 14017 1
13865 14017 10
14379 14017 1
14014 14017 7
12080 14017 1
11920 14017 1
14425 14017 1
12085 14017 1
11901 14018 2
12085 14018 1
3467 14018 1
3514 14018 1
3261 14018 1
14007 14018 16
14379 14018 1
11889 14018 1
11924 14018 1
14014 14018 7
14379 14019 1
3514 14019 1
14007 14019 11
14014 14019 7
3467 14019 1
3261 14019 1
1807 14020 1
14014 14020 7
13865 14020 8
14011 14021 7
14014 14021 7
14011 14022 7
14014 14022 7
14011 14023 7
14014 14023 7
13922 14024 2
13961 14024 2
13865 14025 3
11987 14025 1
13961 14025 2
13961 14026 2
14429 14026 10
14468 14026 1
12127 14026 1
13922 14026 15
14218 14026 2
13922 14027 15
13961 14027 2
14429 14027 10
12127 14027 1
14218 14027 2
13961 14028 2
13922 14028 2
14218 14029 2
13922 14029 4
13961 14029 2
12127 14030 1
14468 14030 1
14218 14030 2
13961 14030 2
14429 14030 10
13922 14030 15
13922 14031 2
13961 14031 2
13961 14032 2
13922 14032 2
14392 14033 1
14034 14033 6
2767 14033 1
13961 14033 2
14459 14033 1
12008 14033 1
13962 14034 2
14393 14034 4
14082 14034 3
3463 14035 1
13955 14035 4
12117 14035 1
12036 14035 1
14164 14036 8
3490 14036 1
14035 14036 4
11977 14036 1
12019 14036 1
13957 14036 12
14038 14037 2
12021 14039 1
14040 14039 5
2804 14039 1
12145 14039 1
14366 14039 1
14367 14040 13
3466 14040 1
13865 14040 4
14011 14040 4
14040 14041 74
2743 14041 1
14445 14041 3
2797 14041 1
11927 14041 2
14458 14041 1
14039 14041 5
12015 14041 1
14463 14041 2
11895 14041 1
2666 14041 2
3504 14041 1
11928 14041 2
2685 14041 4
3255 14041 1
14461 14041 2
14497 14041 3
12058 14041 1
3274 14041 1
3506 14041 1
14482 14041 1
14369 14041 1
11989 14041 1
3491 14041 1
12033 14041 1
12148 14041 1
14159 14041 1
14151 14041 1
14207 14041 2
14363 14041 1
11926 14041 1
2795 14041 1
11992 14041 2
11934 14041 1
3503 14041 1
12040 14041 1
3509 14041 1
12057 14041 1
11894 14041 1
2689 14041 5
12160 14041 1
12016 14041 2
11919 14041 1
3243 14041 2
14368 14041 14
14419 14041 3
3464 14041 2
2745 14041 1
12067 14041 2
12035 14041 1
12009 14041 1
1810 14041 3
14483 14041 1
3435 14041 1
3465 14041 1
3241 14041 2
14370 14041 2
14276 14042 4
14043 14042 9
14039 14042 5
14040 14043 74
14454 14043 1
14275 14043 1
14210 14043 1
2766 14044 1
3504 14044 1
14172 14044 1
14045 14044 20
11925 14044 1
12033 14044 1
14353 14044 3
3518 14044 1
3448 14044 1
14274 14044 1
3491 14044 1
14039 14044 5
3503 14044 1
11896 14044 1
14458 14044 1
12145 14044 1
14210 14045 1
14454 14045 1
14275 14045 1
14354 14045 4
1805 14045 1
14040 14045 33
3449 14045 1
14173 14045 1
14367 14045 3
14047 14046 2
14396 14048 1
14046 14048 2
12004 14048 1
1812 14048 1
14205 14048 1
14468 14048 1
14234 14048 15
13865 14048 25
2718 14048 1
12119 14048 1
2703 14048 1
2699 14048 1
2657 14048 1
14193 14049 1
14050 14049 40
11904 14049 1
2703 14049 1
14218 14049 2
12020 14049 1
11978 14049 1
12183 14049 1
2764 14049 1
14468 14049 1
11967 14049 1
12059 14049 1
12122 14049 1
14274 14049 1
14396 14049 1
14046 14049 2
14510 14049 1
2769 14049 1
12127 14049 1
2718 14049 1
12004 14049 1
2699 14049 1
12119 14049 1
2714 14049 1
3471 14049 1
14376 14049 1
2657 14049 1
11988 14049 1
14429 14049 10
14205 14049 1
14231 14049 15
1820 14049 1
1812 14049 1
12023 14049 1
14428 14050 1
14275 14050 1
14430 14050 10
13969 14050 1
14222 14050 4
13920 14050 2
13907 14050 6
14359 14050 3
14047 14050 7
13853 14050 1
14404 14050 13
14365 14050 1
13979 14050 2
14511 14050 5
14150 14050 9
13863 14050 2
14231 14050 15
14377 14050 9
13851 14050 1
13910 14050 1
13865 14051 14
14046 14051 2
14205 14051 1
2703 14051 1
2657 14051 1
1812 14051 1
14242 14051 4
12004 14051 1
2699 14051 1
14396 14051 1
2718 14051 1
12023 14052 1
11920 14052 1
2699 14052 1
2763 14052 1
14396 14052 1
11976 14052 1
2696 14052 1
12051 14052 1
1812 14052 1
3497 14052 1
2812 14052 1
11988 14052 1
12080 14052 1
12029 14052 1
2718 14052 1
12164 14052 1
1800 14052 1
12163 14052 1
12081 14052 1
14264 14052 1
11916 14052 1
12183 14052 1
14242 14052 4
2764 14052 1
14205 14052 1
12159 14052 1
2657 14052 1
14453 14052 1
14510 14052 1
2766 14052 1
14007 14052 39
13907 14052 1
14046 14052 2
2703 14052 1
3516 14052 1
14147 14052 1
11937 14052 1
12004 14052 1
14242 14053 4
14205 14053 1
12068 14053 1
14436 14053 12
2746 14053 1
14218 14053 2
14050 14053 33
1812 14053 1
11988 14053 1
14396 14053 1
12183 14053 1
12023 14053 1
3524 14053 1
14046 14053 2
2764 14053 1
12004 14053 1
12122 14053 1
14468 14053 1
2718 14053 1
14510 14053 1
2699 14053 1
2657 14053 1
14359 14054 1
12004 14054 1
2699 14054 1
14046 14054 2
12023 14054 1
12183 14054 1
14242 14054 4
2659 14054 4
1812 14054 1
2657 14054 1
2764 14054 1
14396 14054 1
13907 14054 4
2703 14054 1
14205 14054 1
14510 14054 1
2718 14054 1
14055 14054 23
3518 14054 1
1805 14054 1
14359 14055 3
1805 14055 1
14047 14055 7
13979 14055 2
14150 14055 2
14511 14055 4
3437 14055 1
14040 14055 2
13907 14055 7
14222 14055 4
14511 14056 4
13907 14056 5
2764 14056 1
14510 14056 1
14046 14056 2
14057 14056 26
2659 14056 4
2699 14056 1
14365 14056 1
3247 14056 1
12023 14056 1
12090 14056 1
12004 14056 1
14205 14056 1
14047 14056 7
11985 14056 1
2657 14056 1
3246 14056 1
14396 14056 1
3518 14056 1
12183 14056 1
2718 14056 1
14222 14056 4
14359 14056 3
2703 14056 1
14242 14056 4
1812 14056 1
1805 14056 1
14079 14057 2
13907 14057 6
3437 14057 3
1805 14057 1
14047 14057 7
13855 14057 9
3247 14057 1
14055 14057 8
14511 14057 4
14359 14057 3
14479 14057 2
14222 14057 4
14365 14057 1
14481 14057 2
2703 14058 1
2718 14058 1
2659 14058 4
2699 14058 1
1812 14058 1
12004 14058 1
3518 14058 1
3246 14058 1
14396 14058 1
14056 14058 21
14205 14058 1
14046 14058 2
2657 14058 1
12023 14058 1
14510 14058 1
12090 14058 1
12183 14058 1
2764 14058 1
14046 14059 2
14396 14059 1
14510 14059 1
12183 14059 1
2764 14059 1
12023 14059 1
3518 14059 1
14056 14059 21
2718 14059 1
14242 14059 4
2703 14059 1
2657 14059 1
2699 14059 1
12004 14059 1
3246 14059 1
14205 14059 1
12090 14059 1
1812 14059 1
12122 14060 1
2718 14060 1
12004 14060 1
14191 14060 2
12128 14060 1
12068 14060 1
14046 14060 2
14050 14060 34
14205 14060 1
14360 14060 1
3458 14060 1
14373 14060 3
14234 14060 15
2657 14060 1
1812 14060 1
14437 14060 13
12090 14061 1
12004 14061 1
14360 14061 1
12122 14061 1
2746 14061 1
3467 14061 1
2718 14061 1
14242 14061 4
1812 14061 1
14205 14061 1
14046 14061 2
14050 14061 16
2657 14061 1
11956 14062 1
12119 14062 1
12080 14062 1
12056 14062 1
14247 14062 1
2673 14062 1
13858 14062 1
3433 14062 1
11920 14062 1
2718 14062 1
2749 14062 1
13987 14062 37
2657 14062 1
12139 14062 1
2735 14062 1
11990 14062 1
11912 14062 3
14390 14062 3
14046 14062 2
12007 14062 1
14205 14062 1
12115 14062 1
3441 14062 1
12044 14062 1
2812 14062 1
11935 14062 1
11954 14062 1
12004 14062 1
12072 14062 1
3499 14062 1
2805 14062 1
1812 14062 1
12071 14062 1
14205 14063 1
14046 14063 2
2703 14063 1
12004 14063 1
2657 14063 1
14396 14063 1
2718 14063 1
1812 14063 1
13865 14063 10
2699 14063 1
11967 14064 1
14396 14064 1
3471 14064 1
2714 14064 1
12020 14064 1
1820 14064 1
2801 14064 1
12004 14064 1
11954 14064 1
1812 14064 1
12059 14064 1
2718 14064 1
2699 14064 1
11904 14064 1
14046 14064 2
2657 14064 1
2703 14064 1
14065 14064 21
14205 14064 1
14376 14064 1
11978 14064 1
2706 14065 6
14377 14065 9
13873 14065 3
14087 14065 6
14047 14065 8
14359 14065 3
12004 14066 1
14205 14066 1
14396 14066 1
2699 14066 1
11954 14066 1
14406 14066 2
14046 14066 2
1812 14066 1
3285 14066 2
13924 14066 13
2657 14066 1
14396 14067 1
14260 14067 32
2657 14067 1
14046 14067 2
13924 14067 40
1812 14067 1
12004 14067 1
14205 14067 1
2699 14067 1
12004 14068 1
14396 14068 1
14046 14068 2
2718 14068 1
11954 14068 1
14205 14068 1
1812 14068 1
2703 14068 1
14065 14068 11
2657 14068 1
2699 14068 1
1812 14069 1
12004 14069 1
14396 14069 1
14205 14069 1
14046 14069 2
13924 14069 8
2699 14069 1
2657 14069 1
13865 14070 12
11901 14070 2
2657 14070 1
1812 14070 1
14046 14070 2
14205 14070 1
12004 14070 1
2703 14070 1
2699 14070 1
2718 14070 1
14396 14070 1
2746 14071 1
14046 14071 2
14191 14071 2
14360 14071 1
12122 14071 1
11985 14071 1
3458 14071 1
14265 14071 1
12004 14071 1
12149 14071 1
1812 14071 1
2657 14071 1
12128 14071 1
2718 14071 1
14437 14071 13
14436 14071 12
14230 14071 14
14242 14071 4
14205 14071 1
14234 14071 15
3467 14071 1
14050 14071 37
1812 14072 1
2740 14072 1
12126 14072 1
3281 14072 3
11943 14072 2
14349 14072 3
2718 14072 1
2811 14072 1
11907 14072 4
14125 14072 8
11954 14072 1
2657 14072 1
14205 14072 1
2703 14072 1
14046 14072 2
13855 14072 34
12014 14072 1
12004 14072 1
12126 14073 1
12014 14073 1
2811 14073 1
13964 14073 34
14072 14073 34
2740 14073 1
11954 14073 1
14072 14074 34
14075 14074 36
11990 14074 1
2811 14074 1
13865 14075 1
13979 14075 1
13922 14075 1
11979 14075 1
2741 14075 1
2763 14075 1
13969 14075 1
13855 14075 34
11980 14075 1
14348 14075 1
13964 14075 1
14046 14076 2
2657 14076 1
1812 14076 1
2703 14076 1
13855 14076 9
14205 14076 1
12004 14076 1
2718 14076 1
14076 14077 9
14242 14077 4
13855 14077 14
2703 14077 1
12142 14077 1
14483 14078 1
14079 14078 16
3523 14078 1
14076 14078 9
2659 14078 4
14480 14079 3
3437 14079 2
13907 14079 4
14055 14079 8
14465 14079 4
14040 14079 1
13855 14079 9
14079 14080 17
14078 14080 16
14464 14080 1
14076 14081 9
3261 14081 1
3436 14081 1
11985 14081 1
14057 14081 12
14087 14086 5
2801 14088 1
14065 14088 6
14086 14088 5
3494 14089 1
3452 14089 1
2705 14089 1
11984 14089 1
11950 14089 1
2742 14089 1
2801 14089 1
2725 14089 1
14086 14089 5
14090 14089 15
11903 14089 1
3495 14090 1
2706 14090 6
14428 14090 2
13867 14090 2
14087 14090 6
14089 14091 15
14090 14091 19
12056 14091 1
14468 14091 1
12078 14091 1
14093 14092 19
14091 14092 19
14090 14093 19
13867 14093 1
14428 14093 2
14093 14094 19
14091 14094 19
14091 14095 19
14093 14095 19
14091 14096 19
14093 14096 19
14093 14097 19
14091 14097 19
14091 14098 19
14093 14098 19
14093 14099 19
14091 14099 19
14091 14100 19
14093 14100 19
14091 14101 19
14093 14101 19
14468 14102 1
14093 14102 19
12078 14102 1
14091 14102 19
12056 14102 1
12056 14103 1
12078 14103 1
14091 14103 19
14468 14103 1
14090 14103 20
14103 14104 20
14105 14104 20
13867 14105 1
14428 14105 2
14090 14105 20
14093 14106 16
14089 14106 15
14106 14107 16
12119 14107 1
3287 14107 1
13922 14107 18
14106 14108 16
13922 14108 17
3287 14108 1
14106 14109 16
13922 14109 18
11886 14109 1
12119 14109 1
14106 14110 16
3287 14110 1
13922 14110 17
13922 14111 17
3287 14111 1
14106 14111 16
3287 14112 1
14106 14112 16
13922 14112 17
3287 14113 1
14106 14113 16
13922 14113 17
13922 14114 16
14106 14114 16
13922 14115 16
14106 14115 16
14106 14116 16
13922 14116 16
13922 14117 16
14106 14117 16
2801 14118 1
14349 14118 3
11943 14118 2
11907 14118 4
14086 14118 5
13855 14118 22
3281 14118 3
14125 14118 8
14261 14119 35
14118 14119 22
14120 14119 53
13855 14120 22
13964 14120 35
14261 14121 35
14118 14121 22
14120 14121 53
14473 14122 1
14086 14122 5
2801 14122 1
14123 14122 8
14474 14123 1
14087 14123 6
14086 14124 5
14123 14124 7
2801 14124 1
13855 14125 8
14124 14125 7
14125 14126 8
13855 14126 10
11990 14126 1
14126 14127 10
14128 14127 10
13855 14128 10
14128 14129 11
14126 14129 10
12091 14130 1
14131 14130 15
3496 14130 1
14524 14130 1
14129 14130 11
14525 14131 3
14128 14131 11
14130 14132 15
14133 14132 16
14131 14133 15
14132 14134 16
14135 14134 17
14175 14134 1
14131 14135 15
14133 14135 17
14134 14135 1
14132 14136 16
14137 14136 16
14133 14137 16
14135 14138 16
3474 14138 1
14130 14138 15
14130 14139 15
14140 14139 15
14131 14139 15
14131 14140 15
14130 14141 15
14139 14141 15
14139 14142 15
14130 14142 15
13924 14143 12
14126 14143 10
14396 14143 1
2699 14143 1
14125 14144 8
12154 14144 1
13855 14144 9
14146 14145 3
14148 14147 1
14150 14149 1
13865 14150 4
14040 14151 1
14276 14152 4
14151 14152 1
14043 14152 5
13955 14153 1
14153 14154 1
12103 14154 1
2807 14154 1
14358 14154 1
12074 14154 1
12179 14154 1
11971 14154 1
13959 14154 8
12050 14154 1
12179 14155 1
12075 14155 1
14153 14155 1
12050 14155 1
14476 14155 1
12103 14155 1
13853 14155 11
11971 14155 1
2807 14155 1
11881 14155 1
14358 14155 1
11981 14155 1
14084 14157 8
14156 14157 3
2769 14158 1
11902 14158 1
12172 14158 1
12173 14158 1
14040 14159 1
12040 14160 1
14276 14160 4
14159 14160 1
14043 14160 6
3465 14161 1
3241 14161 2
2685 14161 4
12009 14161 1
12021 14161 1
12035 14161 1
2689 14161 5
11895 14161 1
3506 14161 1
12145 14161 1
14366 14161 1
14482 14161 1
2797 14161 1
14159 14161 1
2743 14161 1
14045 14161 26
12040 14161 1
11992 14161 2
3255 14161 1
12067 14161 1
14363 14161 1
14163 14162 1
3446 14164 1
3275 14164 1
12117 14164 1
13955 14164 8
2798 14164 1
3463 14164 1
12036 14164 1
14162 14164 1
14166 14165 2
2753 14165 1
13969 14167 2
11882 14167 1
14426 14168 2
12040 14168 1
14169 14168 7
11888 14168 1
2675 14168 1
14167 14168 2
12068 14168 1
13969 14169 4
14428 14169 1
13910 14169 4
14040 14169 2
14173 14169 1
13851 14169 1
13907 14169 9
14404 14169 12
14150 14169 3
14423 14170 1
11919 14170 1
12068 14170 1
14191 14170 2
12040 14170 1
14360 14170 1
11882 14170 1
14167 14170 2
12047 14170 1
1802 14170 1
14169 14170 12
14426 14170 2
14426 14171 2
12068 14171 1
11888 14171 1
14167 14171 2
13865 14171 5
14173 14172 1
12158 14173 1
11953 14173 2
14436 14174 12
2698 14174 7
14172 14174 1
2763 14174 1
14169 14174 20
14468 14174 1
14133 14175 1
14177 14176 2
3252 14176 1
1822 14177 4
14442 14177 2
14406 14178 2
12161 14178 1
3252 14178 1
13865 14178 5
14176 14178 2
14176 14179 2
2726 14179 1
14406 14179 2
14180 14179 5
13907 14180 1
14150 14180 1
14040 14180 1
2806 14180 2
14177 14180 6
1822 14180 1
13955 14180 3
14406 14181 2
14180 14181 7
3461 14181 2
14176 14181 2
2726 14181 1
14406 14182 2
14180 14182 5
2726 14182 1
14176 14182 2
14176 14183 2
13865 14183 2
14180 14184 5
3503 14184 1
14176 14184 2
14351 14184 1
14184 14185 5
2676 14185 3
14180 14185 8
2726 14186 1
3252 14186 1
14512 14186 1
12027 14186 1
14351 14186 1
14176 14186 2
14180 14186 9
3500 14186 1
14406 14186 2
14373 14188 3
11999 14188 1
14150 14188 9
2746 14188 1
3524 14188 1
12149 14188 1
14265 14188 1
12128 14188 1
3435 14189 1
2677 14189 1
14188 14189 1
2822 14189 1
14055 14189 7
2764 14189 1
3261 14189 1
3436 14189 1
13907 14190 1
13907 14191 2
14190 14191 1
14191 14192 2
14169 14192 3
12068 14192 1
3261 14193 1
2822 14193 1
3458 14193 1
2696 14193 1
14191 14193 2
11985 14193 1
13907 14193 9
12138 14193 1
14191 14194 2
14169 14194 4
12068 14194 1
12047 14194 1
14191 14195 2
12068 14195 1
14169 14195 4
14360 14195 1
14360 14196 1
12127 14196 1
14468 14196 1
12068 14196 1
12028 14196 2
14169 14196 7
14191 14196 2
12028 14197 2
14360 14197 1
14468 14197 1
14169 14197 6
12068 14197 1
14191 14197 2
14169 14198 5
14360 14198 1
14468 14198 1
14191 14198 2
12068 14198 1
12127 14199 1
14468 14199 1
14191 14199 2
12068 14199 1
14360 14199 1
14169 14199 6
14169 14200 5
14360 14200 1
12068 14200 1
14191 14200 2
14468 14200 1
12068 14201 1
14360 14201 1
14468 14201 1
14169 14201 5
14191 14201 2
14468 14202 1
14191 14202 2
14360 14202 1
14169 14202 6
12068 14202 1
12127 14202 1
14191 14203 2
14169 14203 3
14360 14203 1
14468 14204 1
14169 14204 5
14191 14204 2
14360 14204 1
12068 14204 1
14047 14205 1
13870 14206 1
14489 14207 1
14040 14207 2
14043 14208 6
14207 14208 2
14276 14208 4
14043 14209 6
14207 14209 2
14276 14209 4
12158 14210 1
14211 14210 2
3281 14212 3
13855 14212 4
14214 14213 4
13855 14213 4
14212 14213 4
13855 14214 4
14213 14215 4
14212 14215 4
13867 14216 1
12119 14218 1
13863 14218 2
13922 14219 12
14468 14219 1
14218 14219 2
14429 14219 10
12127 14220 1
14218 14220 2
14261 14220 35
13860 14220 38
1811 14220 1
12127 14221 1
14218 14221 2
14222 14221 4
2715 14222 1
13863 14222 3
13969 14222 1
13910 14222 2
14221 14223 4
14429 14223 10
14230 14223 14
14239 14223 16
13855 14223 17
14230 14224 14
13927 14224 17
14221 14224 4
14429 14224 10
14234 14224 15
14239 14224 16
14222 14225 4
14218 14225 2
12127 14225 1
13855 14226 5
14225 14226 4
14226 14227 5
13924 14227 5
14222 14228 3
12127 14228 1
14218 14228 2
13922 14229 13
14218 14229 2
14429 14229 10
12127 14229 1
12127 14230 1
14231 14230 14
14218 14230 2
14429 14230 10
13910 14231 2
14377 14231 1
13863 14231 3
14430 14231 11
13855 14232 18
14234 14232 15
14218 14232 2
14230 14232 14
14242 14232 4
12149 14233 1
14360 14233 1
14436 14233 12
14050 14233 20
14234 14233 15
11985 14233 1
12122 14233 1
14230 14233 14
14231 14234 15
14230 14234 14
13922 14235 15
14234 14235 15
13927 14236 15
14234 14236 15
14234 14237 15
14346 14237 2
14436 14237 12
14050 14237 18
14049 14238 15
14234 14238 15
14231 14239 16
14429 14239 10
14234 14239 15
14360 14240 1
14050 14240 18
2746 14240 1
3467 14240 1
14230 14240 14
12122 14240 1
14360 14241 1
14242 14241 4
14218 14241 2
2746 14241 1
12127 14241 1
12122 14241 1
14050 14241 11
11901 14241 2
3467 14241 1
14218 14242 2
14222 14242 4
12068 14242 1
14242 14243 4
13860 14243 15
3507 14243 2
14390 14243 7
12016 14243 2
12006 14243 1
12015 14243 1
13855 14244 5
14242 14244 4
14244 14245 5
13924 14245 5
11985 14246 1
14056 14246 10
2659 14246 4
3518 14246 1
14242 14246 4
14248 14247 1
13922 14249 17
2811 14249 1
11954 14249 1
12014 14249 1
12008 14249 1
12140 14249 1
11930 14249 1
12073 14249 1
12007 14249 1
2737 14249 1
14247 14249 1
2767 14249 1
2740 14249 1
3472 14249 1
14392 14249 1
14459 14249 1
14371 14249 1
12126 14249 1
14466 14250 1
14247 14250 1
3254 14250 1
12007 14250 1
2684 14250 1
3253 14250 1
14367 14250 4
14251 14250 9
13907 14250 1
3240 14250 1
12062 14250 1
14248 14250 3
3472 14250 1
12024 14250 1
14248 14251 3
14466 14251 1
14040 14251 5
13907 14251 2
14367 14251 4
3254 14252 1
14247 14252 1
2684 14252 1
3472 14252 1
12062 14252 1
12007 14252 1
14250 14252 9
12024 14252 1
3253 14252 1
3240 14252 1
12024 14253 1
12007 14253 1
2684 14253 1
14247 14253 1
14250 14253 7
3472 14253 1
12062 14253 1
3254 14253 1
12024 14254 1
3472 14254 1
14250 14254 7
12062 14254 1
12007 14254 1
14247 14254 1
2684 14254 1
3254 14254 1
12007 14255 1
14247 14255 1
14250 14255 3
12024 14255 1
12062 14256 1
3472 14256 1
2684 14256 1
14247 14256 1
3254 14256 1
14250 14256 7
12007 14256 1
12024 14256 1
12056 14257 1
11950 14257 1
12007 14257 1
2714 14257 1
11967 14257 1
12119 14257 1
3452 14257 1
3472 14257 1
12049 14257 1
14406 14257 2
11903 14257 1
11978 14257 1
2742 14257 1
12059 14257 1
14376 14257 1
3257 14257 1
2705 14257 1
13964 14257 31
14247 14257 1
11984 14257 1
11954 14257 1
2801 14257 1
12020 14257 1
1820 14257 1
3280 14257 1
13858 14257 1
11904 14257 1
12044 14257 1
12140 14257 1
3471 14257 1
14257 14258 31
14261 14258 35
14259 14258 35
13964 14259 35
14257 14260 31
13964 14260 32
14260 14261 32
2721 14261 2
13964 14261 35
14406 14262 2
13922 14262 33
2718 14262 1
14260 14262 32
11954 14263 1
14247 14263 1
13924 14263 2
14148 14264 1
14150 14265 1
14150 14266 1
14150 14267 2
14266 14267 1
12016 14268 2
14390 14268 7
13858 14268 1
13860 14268 14
12006 14268 1
12165 14268 1
3507 14268 2
12015 14268 1
14266 14268 1
14150 14269 1
14266 14269 1
13855 14270 3
3453 14270 2
14502 14271 5
14270 14271 3
14272 14271 13
2701 14271 5
13855 14272 13
14270 14273 3
14272 14273 3
14275 14274 1
3470 14275 2
12158 14275 1
14043 14276 4
11896 14276 1
2766 14276 1
14274 14276 1
14368 14277 14
14276 14277 4
14043 14277 18
14419 14278 3
14276 14278 4
14043 14278 8
11926 14278 1
3274 14279 1
14043 14279 5
14276 14279 4
14043 14280 5
14276 14280 4
12015 14280 1
14276 14281 4
12016 14281 2
14043 14281 6
11926 14282 1
14043 14282 5
14276 14282 4
12009 14283 1
2743 14283 1
14276 14283 4
14043 14283 6
14276 14284 4
11928 14284 2
14043 14284 6
14276 14285 4
3509 14285 1
14043 14285 5
14276 14286 4
14043 14286 5
14363 14286 1
14043 14287 5
14276 14287 4
3504 14287 1
12160 14288 1
14043 14288 5
14276 14288 4
14276 14289 4
14043 14289 5
12009 14289 1
14276 14290 4
12067 14290 1
14043 14290 5
14043 14291 5
14276 14291 4
12067 14291 1
3491 14292 1
14276 14292 4
14043 14292 5
14043 14293 4
14276 14293 4
11926 14294 1
14276 14294 4
14043 14294 5
12067 14295 1
14043 14295 5
14276 14295 4
3435 14296 1
14276 14296 4
14043 14296 5
14043 14297 5
14482 14297 1
14276 14297 4
14276 14298 4
14043 14298 6
11992 14298 2
14276 14299 4
14043 14299 5
2797 14299 1
14276 14300 4
14043 14300 5
11934 14300 1
11992 14301 2
14043 14301 6
14276 14301 4
14043 14302 5
3465 14302 1
14276 14302 4
14276 14303 4
3465 14303 1
14043 14303 5
12009 14304 1
14043 14304 5
14276 14304 4
14458 14305 1
14276 14305 4
14043 14305 5
14276 14306 4
11919 14306 1
14043 14306 5
11927 14307 2
14043 14307 6
14276 14307 4
12057 14308 1
14043 14308 5
14276 14308 4
14276 14309 4
11894 14309 1
14043 14309 5
14043 14310 5
2745 14310 1
14276 14310 4
14043 14311 5
14276 14311 4
12033 14311 1
12040 14312 1
14043 14312 5
14276 14312 4
14043 14313 5
14276 14313 4
3255 14313 1
12009 14314 1
12035 14314 1
14276 14314 4
14043 14314 6
12058 14315 1
14043 14315 5
14276 14315 4
14043 14316 5
2795 14316 1
14276 14316 4
14043 14317 5
14276 14317 4
11989 14317 1
14043 14318 5
12148 14318 1
14276 14318 4
14276 14319 4
14043 14319 6
2666 14319 2
14276 14320 4
14043 14320 5
11895 14320 1
14276 14321 4
3503 14321 1
14043 14321 5
3506 14322 1
14276 14322 4
14043 14322 5
14276 14323 4
14369 14323 1
14043 14323 5
14043 14324 5
14276 14324 4
14369 14324 1
14276 14325 4
1810 14325 3
14043 14325 7
14043 14326 6
14276 14326 4
14370 14326 2
14276 14327 4
14043 14327 4
14483 14328 1
14276 14328 4
14043 14328 5
14276 14329 4
14483 14329 1
14043 14329 5
14043 14330 5
14276 14330 4
14483 14330 1
14276 14331 4
14043 14331 6
3464 14331 2
14043 14332 9
2689 14332 5
14276 14332 4
14276 14333 4
2685 14333 3
14043 14333 7
14043 14334 5
2685 14334 1
14276 14334 4
14043 14335 6
14276 14335 4
3241 14335 2
14276 14336 4
14043 14336 6
3243 14336 2
14445 14337 3
14276 14337 4
14043 14337 7
14276 14338 4
14043 14338 7
14445 14338 3
14043 14339 7
14276 14339 4
14445 14339 3
14445 14340 3
14043 14340 7
14276 14340 4
14043 14341 7
14276 14341 4
14497 14341 3
14276 14342 4
14043 14342 7
14497 14342 3
14461 14343 2
14276 14343 4
14043 14343 6
14463 14344 2
14043 14344 6
14276 14344 4
14276 14345 4
14483 14345 1
14043 14345 5
14150 14346 2
12149 14346 1
3257 14347 1
14348 14347 2
13873 14348 3
14474 14348 1
14347 14349 2
13855 14349 3
3257 14349 1
13894 14350 4
14349 14350 3
13955 14351 1
14351 14352 1
12060 14352 1
13959 14352 2
12060 14353 1
14354 14353 3
14351 14353 1
3244 14354 2
13955 14354 2
12158 14354 1
3432 14355 5
3456 14355 5
11946 14355 5
13955 14356 1
12182 14357 1
2736 14357 1
14356 14357 1
2750 14357 1
2762 14357 1
13959 14357 8
12053 14357 1
12022 14357 1
12079 14357 1
13955 14358 1
13920 14359 1
13851 14360 1
2746 14361 1
12122 14361 1
3467 14361 1
14050 14361 4
14360 14361 1
14360 14362 1
2746 14362 1
14379 14362 1
3467 14362 1
12122 14362 1
14050 14362 5
14040 14363 1
14150 14364 1
14367 14366 1
12145 14368 1
2684 14368 1
12062 14368 1
2804 14368 1
3254 14368 1
12024 14368 1
1809 14368 1
12021 14368 1
14366 14368 1
11939 14368 1
14460 14368 1
14489 14368 1
14040 14368 14
12064 14368 1
1809 14369 1
12145 14369 1
12021 14369 1
14040 14369 5
14366 14369 1
14040 14370 2
14366 14370 1
14248 14371 1
1817 14372 6
13855 14372 6
1818 14372 6
11999 14373 1
14150 14373 3
14521 14373 1
13922 14374 1
13922 14375 1
14374 14375 1
14377 14376 1
2725 14378 1
14376 14378 1
2714 14378 1
12059 14378 1
3471 14378 1
11904 14378 1
11978 14378 1
11967 14378 1
13924 14378 11
14232 14378 1
12020 14378 1
1820 14378 1
13920 14379 1
14379 14380 1
13865 14380 1
12163 14381 1
12068 14381 1
3261 14381 1
14379 14381 1
14007 14381 6
3467 14381 1
3514 14381 1
3261 14382 1
3467 14382 1
14007 14382 4
14379 14382 1
3514 14382 1
3467 14387 1
11988 14387 1
3261 14387 1
14379 14387 1
14007 14387 5
3514 14387 1
3261 14388 1
14007 14388 5
12068 14388 1
3467 14388 1
14379 14388 1
3514 14388 1
11981 14389 1
13865 14389 4
1807 14389 1
11889 14389 1
14379 14389 1
14146 14390 7
13860 14391 11
13858 14391 1
3507 14391 2
12015 14391 1
14390 14391 7
14393 14392 1
12008 14394 1
14459 14394 1
14392 14394 1
2767 14394 1
14034 14394 5
14394 14395 5
13855 14395 6
14359 14396 1
2699 14397 1
12086 14397 1
2738 14397 2
3493 14397 1
14359 14397 7
12146 14397 1
14396 14397 1
14399 14398 1
2681 14399 3
14399 14400 1
14398 14400 1
13910 14401 1
14401 14402 1
2800 14402 1
12052 14402 1
12170 14402 1
14231 14402 4
14401 14403 1
14404 14403 2
12052 14403 1
13910 14404 2
14430 14404 11
14401 14405 1
14222 14405 2
2800 14405 1
14441 14406 1
14177 14406 2
14408 14407 2
14406 14407 2
14177 14408 2
14406 14409 2
14408 14409 2
14406 14410 2
14408 14410 2
14232 14411 1
14406 14411 2
13924 14411 4
12010 14411 1
14408 14412 2
14406 14412 2
14406 14413 2
14408 14413 2
14415 14414 2
14406 14414 2
14177 14415 2
14415 14416 2
14406 14416 2
14406 14417 2
14415 14417 2
14406 14418 2
13883 14418 3
14040 14419 3
12016 14419 2
13907 14420 1
13907 14421 1
14420 14421 1
13907 14422 5
14420 14422 1
11910 14422 4
14150 14423 1
13998 14424 4
13907 14424 3
12072 14424 1
1797 14424 1
11912 14424 3
13863 14425 1
13969 14426 2
11882 14426 1
14428 14427 1
14430 14429 10
11933 14429 1
14427 14429 1
14468 14429 1
11959 14429 3
1813 14429 1
2713 14429 1
12151 14429 1
14428 14430 6
13972 14430 3
14429 14431 10
13975 14431 10
14429 14432 10
13975 14432 10
14429 14433 10
13975 14433 10
12181 14434 1
13865 14434 11
14429 14434 10
14429 14435 10
13975 14435 10
14429 14436 10
12127 14436 1
14404 14436 12
12127 14437 1
14436 14437 12
14404 14437 13
13865 14438 12
11933 14438 1
2713 14438 1
14436 14438 12
14468 14439 1
14429 14439 10
12127 14439 1
13922 14439 11
13855 14440 11
14429 14440 10
14442 14441 1
14441 14443 1
14177 14443 3
3434 14443 1
3461 14444 2
14443 14444 3
13865 14444 5
11939 14445 1
14040 14445 3
14489 14445 1
13888 14446 4
12174 14446 1
14445 14446 3
14445 14447 3
12174 14447 1
13888 14447 4
13888 14448 4
14445 14448 3
12174 14448 1
14369 14449 1
14445 14449 3
12015 14449 1
14450 14449 5
14040 14450 5
12174 14451 1
14445 14451 3
13888 14451 4
12174 14452 1
14445 14452 3
13888 14452 4
14148 14453 1
14455 14454 2
12158 14454 1
14084 14456 1
12162 14457 1
2658 14457 1
11908 14457 4
14456 14457 1
3492 14457 1
14157 14457 8
14040 14458 1
14393 14459 1
14367 14460 1
14460 14461 1
14040 14461 2
14461 14462 2
11968 14462 1
14463 14462 2
12003 14462 1
13871 14462 5
14040 14463 2
14460 14463 1
14465 14464 1
14467 14466 2
12158 14466 1
14428 14468 1
14105 14469 3
12056 14469 1
14468 14469 1
12078 14469 1
12078 14470 1
12056 14470 1
14468 14470 1
14105 14470 3
14105 14471 1
14468 14471 1
14474 14472 1
14474 14473 1
14472 14475 1
14473 14475 1
13920 14476 1
3284 14477 1
14478 14477 2
14040 14482 1
14040 14483 1
14483 14484 1
3261 14484 1
14055 14484 7
2659 14484 4
14057 14485 10
14487 14485 7
14484 14485 7
11965 14485 1
12143 14485 1
14484 14486 7
2809 14486 1
12143 14486 1
14079 14486 9
3525 14486 1
3261 14487 1
14483 14487 1
2659 14487 4
14055 14487 7
14487 14488 7
3525 14488 1
2809 14488 1
11965 14488 1
14079 14488 9
14367 14489 1
13896 14490 2
11939 14490 1
14489 14490 1
11939 14491 1
14489 14491 1
13896 14491 2
13896 14492 2
11939 14492 1
14489 14492 1
11939 14493 1
14489 14493 1
13896 14493 2
14489 14494 1
13896 14494 2
11939 14494 1
13896 14495 2
14489 14495 1
11939 14495 1
11939 14496 1
14489 14496 1
13896 14496 2
11939 14497 1
14040 14497 3
14489 14497 1
13855 14498 1
14498 14499 1
13924 14499 1
13937 14500 1
13937 14501 4
2725 14501 1
2716 14501 1
14500 14501 1
14501 14502 4
13855 14502 5
14502 14503 5
14272 14503 6
14503 14504 6
13942 14504 6
13942 14505 6
14503 14505 6
13942 14506 6
14503 14506 6
14503 14507 6
13942 14507 6
14272 14508 6
14503 14508 6
13942 14509 6
14503 14509 6
14511 14510 1
13955 14512 1
11907 14513 4
13894 14513 5
13962 14514 1
14514 14515 1
13922 14515 2
13922 14516 2
14515 14516 2
14514 14516 1
14518 14517 1
14514 14517 1
13962 14518 1
13955 14519 1
11940 14520 1
14519 14520 1
13959 14520 3
3451 14520 1
14150 14521 1
14150 14522 2
14521 14522 1
2746 14522 1
14150 14523 1
14521 14523 1
14525 14524 1
