10154 6587 3
6646 6587 1
6645 6587 1
6588 6587 5
10151 6588 6
10153 6588 4
6615 6588 4
10139 6588 4
10151 6589 1
10156 6590 3
6589 6590 1
6614 6590 1
6622 6591 1
10158 6591 11
6590 6591 3
6626 6591 7
6622 6592 1
10162 6592 4
6589 6592 1
6614 6592 1
6594 6593 10
6592 6593 4
6632 6593 6
10162 6594 10
6589 6595 1
6588 6595 4
6614 6595 1
6622 6595 1
6597 6596 4
6595 6596 4
6588 6597 5
6599 6598 1
6643 6599 1
6599 6600 2
6598 6600 1
6659 6600 1
6659 6601 1
6598 6601 1
6599 6601 2
6598 6602 1
6659 6602 1
6599 6602 2
6604 6603 1
10153 6604 4
6603 6605 1
6606 6605 3
6621 6605 1
6588 6606 1
6639 6606 1
10152 6606 1
10141 6606 1
6604 6606 2
6643 6606 1
6644 6606 1
10162 6606 6
6605 6607 3
6606 6607 3
6609 6608 1
6660 6610 1
10136 6610 3
6679 6610 1
6608 6610 1
6608 6611 1
10136 6611 3
6679 6611 1
6660 6611 1
10136 6612 2
6608 6612 1
6679 6612 1
6594 6613 4
6615 6614 1
6623 6615 5
10138 6616 4
6632 6617 6
6606 6617 7
6606 6618 7
6617 6618 7
10152 6619 1
6666 6620 1
6606 6620 5
6658 6620 1
6659 6620 1
6647 6620 1
6619 6620 1
10141 6621 1
10139 6622 1
10140 6623 6
6674 6624 2
10151 6624 3
6662 6625 1
6624 6625 3
10156 6625 5
6625 6626 5
10158 6626 7
6664 6626 1
6626 6627 7
10142 6627 7
6664 6628 1
6662 6628 1
10162 6628 5
6624 6628 3
6588 6629 5
6624 6629 3
6664 6629 1
6662 6629 1
10139 6630 1
6630 6631 1
10158 6631 6
6649 6631 5
6648 6632 3
6630 6632 1
6663 6632 1
10162 6632 6
6594 6633 6
6632 6633 6
6588 6634 5
6648 6634 3
6630 6634 1
6663 6634 1
10151 6635 2
10153 6635 4
10151 6637 2
10153 6637 4
6597 6638 4
10153 6639 4
6642 6640 1
6641 6640 1
10153 6643 4
10153 6644 4
6615 6645 1
10139 6646 1
6639 6647 1
10151 6648 3
6674 6648 2
6663 6649 1
6648 6649 3
10156 6649 5
6651 6650 1
6588 6651 1
6650 6652 1
6651 6652 1
6650 6653 1
6680 6653 1
6651 6653 2
6650 6654 1
6651 6654 1
6650 6655 1
6651 6655 1
6651 6656 2
6680 6656 1
6650 6656 1
10153 6657 1
6604 6658 1
6643 6659 1
10136 6660 1
10136 6661 1
6660 6661 1
6615 6662 1
6615 6663 1
10139 6664 1
6644 6666 1
6668 6667 1
6667 6669 1
6668 6669 1
6667 6670 1
6668 6670 1
6667 6671 1
6668 6671 1
6668 6672 1
6667 6672 1
6615 6673 1
6673 6674 1
10151 6674 2
6674 6675 2
10151 6675 2
10152 6676 2
6674 6676 2
6674 6677 2
6637 6677 2
6674 6678 2
6635 6678 2
6609 6679 1
6588 6680 1
6597 6681 1
6680 6681 1
6606 6682 1
6680 6682 1
10133 10132 3
10133 10134 3
10133 10135 3
6609 10136 2
10138 10137 4
10162 10138 6
10140 10139 4
10142 10141 4
10158 10142 7
10133 10143 3
10133 10144 3
10133 10145 3
10133 10146 3
10133 10147 3
10133 10148 3
10133 10149 3
10133 10150 3
10140 10151 4
6615 10151 1
10151 10152 2
10153 10152 4
6674 10154 2
10151 10154 3
10154 10155 3
6645 10155 1
10156 10155 5
10151 10156 6
6615 10156 4
10153 10156 4
6646 10157 1
10158 10157 6
10155 10157 5
10153 10158 4
10156 10158 15
10139 10158 4
10156 10159 5
10154 10159 3
6645 10159 1
10158 10160 5
10159 10160 5
10154 10161 3
6646 10161 1
6645 10161 1
10162 10161 6
10139 10162 4
10151 10162 6
10153 10162 4
6615 10162 4
10161 10163 6
10138 10163 6
