495 494 3
1003 495 1
11701 495 1
11795 495 1
497 496 103
14371 496 1
14440 496 1
894 496 1
14299 496 1
610 496 1
3660 496 1
11857 496 1
11813 496 20
577 496 1
14287 496 5
14348 496 2
682 496 1
14344 496 1
546 496 1
3654 496 1
950 496 1
864 496 1
969 496 1
846 496 1
14399 496 4
888 496 1
11790 496 1
14322 496 1
14281 496 1
11847 496 1
14489 496 2
790 496 1
11810 496 1
825 496 1
11784 496 1
14400 496 1
14323 496 1
14498 496 1
628 496 1
530 496 1
11772 496 1
633 496 1
14275 496 1
11849 496 2
842 496 1
785 496 2
528 496 1
548 496 2
14291 496 6
14459 496 1
14483 496 1
931 496 1
14487 496 1
635 496 1
14288 496 7
14398 496 4
14302 496 7
784 496 1
692 496 1
14253 496 1
954 496 1
14453 496 1
533 496 1
14421 496 1
753 496 1
739 496 1
678 496 1
841 496 1
14392 496 1
494 496 3
1005 496 1
816 496 1
801 496 1
830 496 1
11804 496 1
1002 496 1
912 496 1
11797 496 2
11825 496 1
915 496 1
11779 497 18
11878 497 51
11823 497 39
14238 497 6
11798 497 35
11851 497 5
11827 497 2
495 497 46
14317 497 1
11852 497 4
11871 497 4
11745 497 11
11880 497 4
11856 497 1
11817 497 8
14365 497 2
11879 497 15
11727 497 11
11792 497 11
11795 497 14
11802 497 82
14349 497 3
11846 497 2
647 497 1
958 497 1
499 498 435
11818 498 1
565 498 1
892 498 1
622 498 1
864 498 1
11810 498 1
11794 498 1
14253 498 1
707 498 1
800 498 1
14488 498 1
14421 498 1
14288 498 7
14264 498 1
924 498 1
14280 498 1
910 498 1
11726 498 1
14448 498 5
799 498 1
14475 498 1
14419 498 2
737 498 1
646 498 1
663 498 1
11816 498 1
14237 498 1
824 498 1
946 498 1
14443 498 1
14369 498 1
882 498 1
956 498 1
685 498 1
916 498 1
535 498 3
578 498 1
613 498 1
611 498 1
638 498 1
911 498 1
14303 498 26
745 498 1
11842 498 1
554 498 1
1011 498 1
14377 498 1
981 498 1
541 498 1
538 498 1
3653 498 1
14356 498 1
636 498 1
1022 498 1
599 498 1
931 498 1
986 498 1
3661 498 1
14286 498 2
11776 498 6
625 498 1
686 498 1
790 498 1
14495 498 1
940 498 1
14379 498 1
577 498 1
896 498 1
1021 498 1
14314 498 28
764 498 1
546 498 1
14219 498 11
637 498 1
14301 498 16
14430 498 1
1004 498 1
550 498 1
14397 498 1
14255 498 8
772 498 1
886 498 1
14287 498 5
818 498 4
846 498 1
14380 498 2
14313 498 4
14223 498 2
11848 498 1
692 498 1
666 498 1
947 498 1
620 498 1
14371 498 1
741 498 1
909 498 1
965 498 1
598 498 1
789 498 1
592 498 1
816 498 1
966 498 1
14302 498 7
891 498 1
11771 498 6
841 498 1
862 498 1
1008 498 1
977 498 1
14492 498 1
819 498 2
14328 498 3
980 498 1
14263 498 28
14291 498 6
1001 498 1
11761 498 1
11797 498 2
989 498 1
590 498 1
759 498 2
859 498 1
645 498 1
14438 498 1
738 498 1
14487 498 1
919 498 1
765 498 1
3654 498 1
11729 498 22
721 498 1
978 498 1
945 498 1
518 498 1
702 498 1
14321 498 1
743 498 1
720 498 1
11700 498 197
14364 498 2
934 498 1
621 498 1
496 498 103
970 498 1
990 498 1
722 498 1
884 498 2
877 498 1
829 498 1
754 498 1
805 498 1
785 498 2
803 498 1
997 498 1
727 498 1
809 498 1
773 498 1
11870 498 1
533 498 1
953 498 2
923 498 1
866 498 2
863 498 2
895 498 1
11742 498 2
767 498 1
14336 498 2
581 498 1
907 498 1
995 498 1
755 498 1
751 498 1
11720 498 1
777 498 2
14515 498 2
14447 498 1
520 498 1
858 498 1
827 498 1
683 498 1
633 498 1
959 498 1
700 498 1
739 498 1
665 498 1
14403 498 1
531 498 1
950 498 1
825 498 1
885 498 1
14489 498 2
875 498 1
861 498 1
757 498 1
14440 498 1
730 498 1
545 498 1
14501 498 15
681 498 1
14375 498 1
1018 498 1
985 498 1
14399 498 4
555 498 1
529 498 1
640 498 1
930 498 1
695 498 1
639 498 1
670 498 1
779 498 1
14500 498 1
734 498 1
11732 498 24
14498 498 1
969 498 1
897 498 1
11744 498 1
14222 498 2
14453 498 1
612 498 1
556 498 1
14516 498 4
11849 498 2
14217 498 1
687 498 1
784 498 1
915 498 1
601 498 2
14483 498 1
14474 498 1
744 498 1
967 498 1
1005 498 1
736 498 1
14326 498 3
851 498 1
14299 498 1
949 498 1
14478 498 1
832 498 2
834 498 1
838 498 1
839 498 1
618 498 1
14512 498 1
747 498 1
817 498 4
14322 498 1
14372 498 1
14493 498 4
587 498 1
912 498 1
14398 498 4
1012 498 1
14426 498 1
14323 498 1
14456 498 1
847 498 2
797 498 1
14509 498 1
14402 498 1
14348 498 2
740 498 1
728 498 1
11850 498 1
14273 498 1
843 498 1
517 498 1
671 498 1
781 498 1
14437 498 1
595 498 1
14367 498 1
710 498 1
3651 498 1
14278 498 2
14392 498 1
711 498 2
811 498 2
3660 498 1
14338 498 1
14510 498 1
888 498 1
540 498 4
11730 498 99
14245 498 1
856 498 1
14254 498 1
14269 498 1
11851 499 4
14224 499 10
11879 499 18
14270 499 9
14315 499 2
11701 499 197
11779 499 5
497 499 264
594 499 3
11727 499 12
11871 499 1
11823 499 21
11817 499 13
11852 499 4
11798 499 11
11827 499 2
11792 499 1
11838 499 1
11795 499 22
14349 499 3
14274 499 5
14435 499 1
14376 499 5
14226 499 1
495 499 23
14238 499 6
14279 499 4
11806 499 5
11878 499 26
11745 499 17
11802 499 8
14496 499 7
11846 499 3
642 499 2
532 499 3
647 499 1
11853 499 1
11880 499 10
14415 499 1
14317 499 1
11743 499 5
11856 499 1
14365 499 10
501 500 345
577 500 1
14509 500 1
897 500 1
14313 500 4
11720 500 1
538 500 1
14219 500 11
710 500 1
14495 500 1
891 500 1
14291 500 6
797 500 1
14356 500 1
740 500 1
863 500 2
646 500 1
520 500 1
737 500 1
817 500 4
670 500 1
14301 500 16
14326 500 3
789 500 1
14478 500 1
777 500 2
14263 500 28
640 500 1
1022 500 1
587 500 1
11700 500 197
14375 500 1
595 500 1
14500 500 1
711 500 2
3651 500 1
759 500 2
805 500 1
864 500 1
824 500 1
875 500 1
11744 500 1
14392 500 1
14245 500 1
839 500 1
14488 500 1
14364 500 2
738 500 1
14379 500 1
14255 500 8
924 500 1
531 500 1
11771 500 6
829 500 1
859 500 1
14287 500 5
14286 500 2
14314 500 28
11761 500 1
11729 500 22
14493 500 4
907 500 1
14288 500 7
800 500 1
818 500 4
953 500 2
14515 500 2
14475 500 1
767 500 1
997 500 1
921 500 1
847 500 2
14222 500 2
11794 500 1
14338 500 1
722 500 1
832 500 2
838 500 1
14438 500 1
757 500 1
14377 500 1
970 500 1
827 500 1
947 500 1
14501 500 15
884 500 2
565 500 1
11730 500 99
695 500 1
816 500 1
3654 500 1
14492 500 1
14403 500 1
747 500 1
14421 500 1
728 500 1
846 500 1
861 500 1
11742 500 2
14448 500 5
989 500 1
985 500 1
819 500 2
779 500 1
14516 500 4
540 500 4
720 500 1
14348 500 2
496 500 103
1021 500 1
765 500 1
14303 500 26
11732 500 24
625 500 1
14419 500 2
645 500 1
14489 500 2
692 500 1
940 500 1
14397 500 1
529 500 1
866 500 2
3661 500 1
598 500 1
14380 500 2
1012 500 1
11827 501 2
14365 501 10
11852 501 4
14238 501 1
11823 501 1
497 501 258
14349 501 3
14317 501 1
647 501 1
11802 501 1
11792 501 1
495 501 1
14435 501 1
14226 501 1
11817 501 1
11871 501 1
11851 501 1
532 501 3
14224 501 1
14496 501 7
14274 501 1
594 501 1
11846 501 2
11743 501 5
11853 501 1
11879 501 16
11856 501 1
14270 501 1
14376 501 5
11878 501 1
642 501 2
11745 501 17
14279 501 1
11727 501 1
11701 501 197
14315 501 1
14265 501 1
11795 501 22
11880 501 7
613 502 1
14492 502 1
494 502 1
14440 502 1
1014 502 1
692 502 1
684 502 1
856 502 1
825 502 1
629 502 1
977 502 1
1022 502 1
3653 502 1
996 502 1
14445 502 1
1018 502 1
934 502 1
11784 502 1
14307 502 1
14216 502 2
816 502 1
3649 502 1
667 502 1
14483 502 1
548 502 2
1002 502 1
969 502 1
14319 502 1
841 502 1
14322 502 1
14336 502 2
610 502 1
3660 502 1
1017 502 1
622 502 1
894 502 1
3658 502 1
516 502 1
748 502 1
3656 502 1
842 502 1
14328 502 2
1012 502 1
601 502 2
744 502 1
985 502 1
590 502 1
497 502 52
1018 503 1
894 503 1
985 503 1
14216 503 2
590 503 1
14440 503 1
622 503 1
14328 503 2
497 503 38
969 503 1
856 503 1
516 503 1
850 503 1
684 503 1
14492 503 1
14336 503 1
14319 503 1
11843 503 1
977 503 1
11784 503 1
14445 503 1
996 503 1
1014 503 1
14307 503 1
1022 503 1
610 503 1
14322 503 1
494 503 1
744 503 1
583 503 1
601 503 2
1002 503 1
3653 503 1
934 503 1
14483 503 1
14515 504 2
702 504 1
14521 504 3
702 505 1
14515 505 2
14521 505 3
14515 506 2
702 506 1
940 506 1
14271 506 4
702 507 1
849 507 1
14515 507 2
14521 507 4
14515 508 2
14521 508 3
702 508 1
14515 509 2
14521 509 3
702 509 1
849 510 1
14515 510 2
14521 510 4
702 510 1
14515 511 2
14521 511 4
849 511 1
702 511 1
11798 512 1
514 513 1
11823 515 1
11878 516 1
11779 517 1
11823 518 1
11795 520 1
522 521 1
520 521 1
11722 522 3
11795 522 1
524 523 3
11779 525 1
11823 526 1
11722 527 3
495 528 1
11745 529 1
11802 530 1
532 531 1
495 533 1
11823 534 1
11817 535 3
11798 537 2
14365 538 1
11802 539 1
497 540 4
539 540 1
832 540 2
11727 541 1
755 542 1
543 542 3
810 542 1
541 542 1
11727 543 2
11880 543 1
11722 543 3
541 544 1
810 544 1
543 544 3
755 544 1
11802 545 1
11798 546 1
11802 547 1
11878 548 2
842 549 1
548 549 2
497 549 7
816 549 1
673 549 1
14270 550 1
11802 551 1
569 552 1
11722 552 3
11727 552 1
11798 553 2
11878 554 1
11823 555 1
11798 556 1
11823 557 1
11722 559 3
11722 560 3
11722 561 3
11722 562 3
11722 563 3
11745 563 3
11722 564 3
14496 565 1
11802 566 1
11798 567 1
569 568 1
810 570 1
1008 570 1
11723 570 3
568 570 1
1008 571 1
568 571 1
810 571 1
11723 571 3
1008 572 1
11723 572 3
810 572 1
568 572 1
568 573 1
11723 573 3
810 573 1
1008 573 1
568 574 1
1008 574 1
11723 574 2
11806 575 1
575 576 1
607 576 1
499 576 2
11856 577 1
14224 578 1
11798 579 1
11802 580 1
11823 581 1
11802 583 1
11823 584 1
11823 585 1
11792 586 1
11743 587 1
11798 588 1
11878 590 1
11878 591 1
11727 592 1
514 593 1
11743 594 1
11701 594 1
11795 595 1
595 596 1
11777 596 1
595 597 1
11777 597 1
11743 598 1
14279 599 1
11878 600 1
11878 601 2
11798 602 1
11779 603 1
569 604 1
606 605 1
11806 607 1
11823 608 1
532 609 1
495 610 1
11817 611 1
495 612 1
11878 613 1
11779 614 1
11783 615 1
11823 616 1
11802 617 1
594 618 1
11823 619 1
11823 620 1
11823 621 1
11878 622 1
11745 625 1
864 626 1
11752 626 2
625 626 1
11752 627 2
864 627 1
625 627 1
495 628 1
11802 629 1
14347 630 1
1016 631 1
646 631 1
630 631 1
11710 631 3
11802 632 1
495 633 1
11798 634 1
11878 635 1
14270 636 1
14224 637 1
14315 638 1
11880 639 1
532 640 1
11798 641 1
514 643 1
11823 644 1
14317 645 1
647 646 1
11707 648 1
646 648 1
646 649 1
11707 649 1
11779 650 1
11779 651 1
651 652 1
14310 652 1
651 653 1
14310 653 1
14310 654 1
651 654 1
11779 655 1
11802 656 1
495 657 1
11838 658 1
11823 659 1
11846 660 1
11779 661 1
11823 662 1
11823 663 1
11802 664 1
14415 665 1
11878 666 1
11802 667 1
11823 668 2
11879 670 1
14224 671 1
11705 672 1
671 672 1
11802 673 1
11802 674 1
14238 675 1
11802 676 1
11823 677 2
495 678 1
11792 680 1
11823 681 1
495 682 1
14274 683 1
11878 684 2
11878 685 1
495 686 1
11823 687 1
11763 688 3
805 688 1
687 688 1
746 688 1
687 689 1
746 689 1
11763 689 3
805 689 1
805 690 1
746 690 1
687 690 1
11763 690 3
687 691 1
746 691 1
11763 691 3
805 691 1
11879 692 1
11832 693 3
692 693 1
14452 693 1
816 693 1
11832 694 3
692 694 1
796 694 1
816 694 1
642 695 1
11802 696 1
696 697 1
497 697 5
1021 697 1
781 697 1
959 697 1
751 697 1
11802 698 1
11823 699 1
11853 700 1
11802 701 2
11823 702 1
849 703 1
702 703 1
14521 703 2
702 704 1
14521 704 1
849 705 1
14521 705 2
702 705 1
11802 706 1
594 707 1
14283 708 1
11802 709 1
11879 710 1
1017 711 1
497 711 2
884 712 2
711 712 2
1017 712 1
14412 712 4
3649 712 1
711 713 2
14412 713 4
884 713 2
14412 714 4
711 714 2
884 714 2
1017 715 1
14412 715 4
884 715 2
711 715 2
3649 715 1
711 716 2
14412 716 4
884 716 2
14412 717 4
711 717 2
884 717 2
884 718 2
711 718 2
14412 718 4
11802 719 1
14365 720 1
11817 721 1
11795 722 1
11802 723 1
11802 724 1
642 726 1
11879 727 1
11745 728 1
11792 729 1
14224 730 1
730 731 1
14235 731 4
843 731 1
829 731 1
3650 731 1
495 734 1
11823 735 1
11823 736 1
14376 737 1
11846 738 1
11798 739 1
14349 740 1
11817 741 1
11871 742 1
14238 743 1
11878 744 1
14238 745 1
11783 746 1
11745 747 1
11879 748 1
11802 749 1
11851 751 1
11802 752 2
495 753 1
11817 754 1
11727 755 1
11802 756 1
11879 757 1
11827 758 1
758 759 1
11827 759 2
758 760 1
964 760 1
11832 760 2
11823 761 1
11878 762 1
11878 763 1
11823 764 1
642 765 1
11823 766 1
11795 767 1
767 768 1
11812 768 1
767 769 1
11812 769 1
767 770 1
11812 770 1
767 771 1
11812 771 1
11817 772 1
14224 773 1
11802 774 1
11823 775 1
11798 776 1
11795 777 2
3654 777 1
11802 778 1
11743 779 1
11851 781 1
783 782 1
495 784 1
495 785 3
11798 786 1
11823 787 1
11878 788 1
14365 789 1
11823 790 1
950 791 1
14390 791 4
915 791 1
790 791 1
864 791 1
569 792 1
792 793 1
552 793 2
911 793 1
792 794 1
911 794 1
552 794 2
11853 796 1
11880 797 1
14405 798 1
14238 799 1
14376 800 1
495 801 1
11798 802 1
11823 803 1
803 804 1
11747 804 1
11745 805 1
11745 806 1
11802 807 1
11798 808 2
14274 809 1
11880 810 1
11880 811 2
810 811 1
11802 812 1
14452 813 1
11832 813 1
495 814 1
11823 815 1
11879 816 1
824 817 1
975 817 1
816 817 1
497 817 4
816 818 1
824 818 1
920 818 1
497 818 4
497 819 2
892 819 1
14394 820 2
819 820 2
819 821 2
14394 821 2
819 822 2
14394 822 2
11802 823 1
11879 824 1
11878 825 1
11802 826 1
11795 827 1
11792 828 1
14496 829 1
495 830 1
11802 831 1
831 832 1
497 832 2
11779 833 1
11802 834 1
11802 835 1
11798 836 1
11823 837 1
11852 838 1
11879 839 1
11823 840 1
11878 841 1
11878 842 1
14224 843 1
11779 844 1
11878 845 1
11795 846 1
846 847 1
11795 847 2
11779 848 1
11783 849 1
11878 850 1
14279 851 1
11823 852 1
11792 853 1
495 854 1
11783 855 1
11878 856 1
11802 857 1
495 858 1
14365 859 1
11802 860 1
11880 861 1
11823 862 1
14496 863 2
983 863 1
11745 864 1
864 865 1
11752 865 1
864 866 1
11745 866 2
563 867 3
866 867 2
3651 867 1
563 868 3
3651 868 1
866 868 2
563 869 3
3651 869 1
866 869 2
3651 870 1
563 870 3
866 870 2
11747 871 1
864 871 1
14390 872 1
864 872 1
11823 873 1
11783 874 1
532 875 1
11823 876 1
11880 877 1
569 878 1
11823 879 1
11838 880 1
11792 881 1
11823 882 1
11823 883 1
497 884 2
3649 884 1
11798 885 1
11727 886 1
11798 887 1
495 888 1
14226 889 1
11727 890 1
11795 891 1
11802 892 1
495 894 1
11823 895 1
11727 896 2
14435 897 1
897 898 1
14320 898 1
897 899 1
14320 899 1
897 900 1
14320 900 1
897 901 1
11774 901 1
1022 902 1
897 902 1
14320 902 2
897 903 1
11774 903 1
11774 904 1
897 904 1
11779 905 1
11802 906 1
14376 907 1
14238 908 1
14224 909 1
11846 910 1
11727 911 1
495 912 1
11823 913 1
11727 914 1
11823 915 1
11727 916 2
11880 917 1
11817 919 1
11802 920 1
14265 921 1
623 922 1
11817 923 1
14365 924 1
11798 925 2
11779 926 1
11823 928 1
11802 929 1
11851 930 1
11779 931 1
11802 932 1
11823 933 1
11878 934 1
11802 935 1
11783 936 1
11851 937 1
11802 939 1
11745 940 1
14271 941 1
940 941 1
14271 942 1
940 942 1
940 943 1
14271 943 1
940 944 1
14271 944 1
14315 945 1
11798 946 1
11880 947 1
11779 948 1
14270 949 1
11823 950 1
11798 951 1
11823 952 1
11795 953 2
495 954 1
11792 955 1
11798 956 1
14327 957 1
11851 959 1
11823 960 1
514 961 1
961 962 1
11777 962 1
11777 963 1
961 963 1
11856 964 1
14270 965 1
495 966 1
11823 967 1
11802 968 1
11878 969 1
14376 970 1
569 971 1
11823 974 1
11802 975 1
11802 976 1
11879 977 1
14270 978 1
14405 979 1
14270 980 1
594 981 1
11823 982 1
972 983 1
11823 984 1
11879 985 1
11878 986 1
11802 987 1
14496 989 1
14226 990 1
11823 991 1
14215 992 1
11798 993 1
11806 994 1
11823 995 1
11878 996 1
14365 997 1
11880 998 1
11846 999 1
11871 1000 1
11838 1001 1
495 1002 1
14270 1004 1
495 1005 1
11823 1006 1
11802 1007 1
11727 1008 1
11823 1009 1
11802 1010 1
11792 1011 1
11879 1012 1
11823 1013 1
11878 1014 1
11823 1015 1
609 1016 1
11852 1017 1
11878 1018 1
11792 1019 1
11802 1020 1
11852 1021 1
11879 1022 1
11798 1023 1
11852 3649 1
725 3650 1
11745 3651 1
11823 3652 1
11878 3653 1
11795 3654 1
495 3655 1
11878 3656 1
11798 3657 1
11802 3658 1
11802 3659 1
11878 3660 1
14496 3661 1
11823 3662 1
497 11699 39
503 11699 38
826 11699 1
14222 11700 2
729 11700 1
11730 11700 99
14504 11700 1
11732 11700 24
14314 11700 28
711 11700 2
11791 11700 1
742 11700 1
1000 11700 1
817 11700 4
853 11700 1
645 11700 1
11813 11700 20
881 11700 1
14368 11700 1
818 11700 4
11701 11700 197
14313 11700 4
14442 11700 1
740 11700 1
14493 11700 4
11720 11700 1
503 11700 38
14501 11700 15
1019 11700 1
14263 11700 28
759 11700 2
577 11700 1
955 11700 1
884 11700 2
11771 11700 6
540 11700 4
680 11700 1
832 11700 2
11871 11701 3
11792 11701 9
14349 11701 1
11856 11701 1
14317 11701 1
497 11701 179
11827 11701 2
11700 11702 197
11703 11702 197
11701 11703 197
558 11703 1
11705 11704 298
660 11704 1
657 11704 1
534 11704 1
14382 11704 1
11771 11704 6
14286 11704 2
1022 11704 1
677 11704 2
953 11704 2
924 11704 1
748 11704 1
970 11704 1
577 11704 1
907 11704 1
11720 11704 1
1012 11704 1
11857 11704 1
811 11704 2
14478 11704 1
11837 11704 1
728 11704 1
863 11704 2
14375 11704 1
767 11704 1
14500 11704 1
800 11704 1
14356 11704 1
789 11704 1
757 11704 1
797 11704 1
3661 11704 1
777 11704 2
14439 11704 2
14364 11704 2
14492 11704 1
998 11704 1
997 11704 1
11790 11704 1
14475 11704 1
11847 11704 1
14414 11704 1
14429 11704 1
828 11704 1
644 11704 1
14421 11704 1
14403 11704 1
14438 11704 1
722 11704 1
839 11704 1
737 11704 1
14313 11704 4
14377 11704 1
727 11704 1
947 11704 1
565 11704 1
1021 11704 1
14488 11704 1
3651 11704 1
587 11704 1
14348 11704 2
11845 11704 1
11796 11704 13
877 11704 1
14288 11704 7
11742 11704 2
873 11704 1
866 11704 2
14509 11704 1
14498 11704 1
747 11704 1
711 11704 2
992 11704 1
824 11704 1
14400 11704 1
14338 11704 1
840 11704 1
851 11704 1
14419 11704 2
14326 11704 3
699 11704 1
11730 11704 99
720 11704 1
14287 11704 5
14516 11704 4
827 11704 1
910 11704 1
520 11704 1
14493 11704 4
14489 11704 2
832 11704 2
838 11704 1
977 11704 1
940 11704 1
3654 11704 1
3649 11704 1
645 11704 1
891 11704 1
805 11704 1
999 11704 1
861 11704 1
817 11704 4
538 11704 1
692 11704 1
670 11704 1
710 11704 1
11825 11704 1
638 11704 1
880 11704 1
639 11704 1
884 11704 2
529 11704 1
586 11704 1
989 11704 1
11772 11704 1
779 11704 1
14392 11704 1
985 11704 1
1017 11704 1
14380 11704 2
598 11704 1
888 11704 1
595 11704 1
829 11704 1
11794 11704 1
14291 11704 6
11744 11704 1
658 11704 1
11700 11704 197
816 11704 1
14495 11704 1
917 11704 1
11813 11704 20
846 11704 1
11761 11704 1
14245 11704 1
759 11704 2
14397 11704 1
859 11704 1
11745 11705 17
14315 11705 2
14317 11705 1
11854 11705 5
594 11705 1
11855 11705 5
11795 11705 21
11880 11705 12
11856 11705 1
11852 11705 6
11871 11705 1
11802 11705 17
11792 11705 3
14376 11705 5
11878 11705 1
11823 11705 10
11838 11705 3
14365 11705 10
495 11705 11
11853 11705 1
11879 11705 19
14274 11705 1
14224 11705 2
14270 11705 1
14226 11705 1
14496 11705 7
11783 11705 1
14238 11705 2
11846 11705 5
11727 11705 10
11701 11705 197
11827 11705 2
14215 11705 1
14279 11705 2
11851 11705 1
11743 11705 5
14349 11705 3
497 11705 172
11817 11705 1
11700 11706 197
11707 11706 197
647 11707 1
11701 11707 197
11707 11708 197
11700 11708 197
11710 11709 197
11700 11709 197
11854 11710 1
609 11710 1
11701 11710 197
927 11710 1
647 11710 1
14347 11710 1
11710 11711 197
11700 11711 197
11700 11712 197
11710 11712 197
11710 11713 197
11700 11713 197
11705 11714 258
14381 11714 1
14375 11714 1
520 11714 1
14268 11714 1
11720 11714 1
757 11714 1
11771 11714 6
14500 11714 1
947 11714 1
645 11714 1
565 11714 1
14392 11714 1
14245 11714 1
1021 11714 1
989 11714 1
14377 11714 1
14488 11714 1
824 11714 1
14509 11714 1
940 11714 1
14338 11714 1
675 11714 1
759 11714 2
14221 11714 1
863 11714 2
748 11714 1
860 11714 1
859 11714 1
747 11714 1
977 11714 1
529 11714 1
658 11714 1
779 11714 1
14433 11714 1
14313 11714 4
595 11714 1
14356 11714 1
11813 11714 20
639 11714 1
861 11714 1
577 11714 1
11845 11714 1
829 11714 1
11729 11714 22
538 11714 1
877 11714 1
11730 11714 99
14498 11714 1
797 11714 1
998 11714 1
846 11714 1
14421 11714 1
11794 11714 1
752 11714 2
839 11714 1
888 11714 1
1012 11714 1
11857 11714 1
711 11714 2
805 11714 1
1017 11714 1
539 11714 1
14380 11714 2
14287 11714 5
3661 11714 1
587 11714 1
14419 11714 2
924 11714 1
692 11714 1
14286 11714 2
701 11714 2
827 11714 1
14397 11714 1
997 11714 1
14423 11714 2
14291 11714 6
14326 11714 3
722 11714 1
740 11714 1
816 11714 1
11742 11714 2
710 11714 1
11761 11714 1
14288 11714 7
800 11714 1
14429 11714 1
985 11714 1
832 11714 2
838 11714 1
817 11714 4
884 11714 2
890 11714 1
3649 11714 1
598 11714 1
11837 11714 1
970 11714 1
3654 11714 1
866 11714 2
891 11714 1
3651 11714 1
14382 11714 1
14403 11714 1
664 11714 1
907 11714 1
709 11714 1
767 11714 1
727 11714 1
789 11714 1
999 11714 1
11732 11714 24
910 11714 1
11744 11714 1
880 11714 1
14438 11714 1
656 11714 1
1022 11714 1
992 11714 1
14495 11714 1
670 11714 1
728 11714 1
14364 11714 2
14492 11714 1
14489 11714 2
14516 11714 4
720 11714 1
737 11714 1
14475 11714 1
503 11714 38
14478 11714 1
818 11714 4
14493 11714 4
811 11714 2
14348 11714 2
917 11714 1
953 11714 2
777 11714 2
660 11714 1
11849 11715 2
14483 11715 1
546 11715 1
11797 11715 2
14440 11715 1
845 11715 1
494 11715 3
14322 11715 1
610 11715 1
894 11715 1
14284 11715 1
739 11715 1
1002 11715 1
497 11715 23
969 11715 1
14323 11715 1
846 11715 1
14392 11715 1
11784 11715 1
824 11716 1
14389 11716 1
781 11716 1
567 11716 1
802 11716 1
14378 11716 8
11800 11716 16
756 11716 1
14285 11716 1
14308 11716 10
14396 11716 1
497 11716 98
11785 11716 9
14276 11716 1
537 11716 1
751 11716 1
887 11716 1
14401 11716 2
808 11716 1
1023 11716 1
850 11716 1
600 11716 1
3657 11716 1
776 11716 1
710 11716 1
857 11716 1
925 11716 2
14441 11716 1
553 11716 2
547 11716 1
1021 11716 1
959 11716 1
579 11716 1
757 11716 1
11715 11716 23
836 11716 1
996 11717 1
14377 11717 1
516 11717 1
727 11717 1
894 11717 1
497 11717 32
14336 11717 1
1002 11717 1
11784 11717 1
14440 11717 1
856 11717 1
551 11717 1
3653 11717 1
684 11717 1
14392 11717 1
494 11717 2
986 11717 1
1012 11717 1
14322 11717 1
14483 11717 1
685 11717 1
14307 11717 1
610 11717 1
14328 11717 2
14500 11717 1
846 11717 1
1018 11717 1
14494 11717 1
554 11717 1
969 11717 1
497 11718 84
968 11718 1
14440 11718 1
554 11718 1
836 11718 1
14392 11718 1
955 11718 1
985 11718 1
692 11718 1
816 11718 1
729 11718 1
853 11718 1
516 11718 1
651 11718 1
14322 11718 1
905 11718 1
14479 11718 1
588 11718 1
602 11718 1
856 11718 1
894 11718 1
11784 11718 1
11808 11718 2
881 11718 1
11800 11718 16
758 11718 1
11717 11718 32
802 11718 1
846 11718 1
14319 11718 1
11791 11718 1
14442 11718 1
727 11718 1
993 11718 1
14368 11718 1
14401 11718 1
14441 11718 1
14216 11718 1
977 11718 1
842 11718 1
1022 11718 1
14500 11718 1
887 11718 1
14377 11718 1
1019 11718 1
996 11718 1
1012 11718 1
986 11718 1
548 11718 2
553 11718 1
680 11718 1
634 11718 1
925 11718 1
497 11719 97
516 11719 1
634 11719 1
836 11719 1
14479 11719 1
802 11719 1
14377 11719 1
816 11719 1
14442 11719 1
11808 11719 2
680 11719 1
1019 11719 1
11717 11719 32
14441 11719 1
14319 11719 1
727 11719 1
925 11719 1
842 11719 1
14401 11719 1
14282 11719 7
846 11719 1
856 11719 1
853 11719 1
14368 11719 1
748 11719 1
729 11719 1
553 11719 1
955 11719 1
996 11719 1
548 11719 2
1022 11719 1
905 11719 1
3656 11719 1
985 11719 1
14391 11719 1
554 11719 1
11784 11719 1
977 11719 1
14392 11719 1
14452 11719 13
14440 11719 1
14322 11719 1
887 11719 1
14500 11719 1
894 11719 1
986 11719 1
11800 11719 16
14216 11719 1
1012 11719 1
881 11719 1
11791 11719 1
758 11719 1
1012 11720 1
14500 11720 1
14322 11720 1
11717 11720 32
516 11720 1
14377 11720 1
549 11720 7
856 11720 1
786 11720 1
986 11720 1
996 11720 1
14440 11720 1
14216 11720 1
985 11720 1
1022 11720 1
556 11720 1
517 11720 1
646 11720 1
497 11720 49
894 11720 1
554 11720 1
977 11720 1
11784 11720 1
14319 11720 1
846 11720 1
727 11720 1
14392 11720 1
11798 11721 8
14283 11721 2
11802 11721 2
14238 11721 6
11823 11721 1
11722 11721 3
514 11721 2
569 11723 1
11724 11723 4
11727 11723 1
11722 11723 3
11880 11723 1
11727 11724 3
569 11724 2
11880 11724 1
11802 11724 2
497 11724 7
11722 11724 5
11722 11725 3
11727 11726 1
11701 11727 1
11880 11727 1
896 11728 2
945 11728 1
14426 11728 1
545 11728 1
11705 11728 78
666 11728 1
11726 11728 1
14367 11728 1
700 11728 1
745 11728 1
990 11728 1
14264 11728 1
849 11728 1
711 11728 2
14516 11728 4
11870 11728 1
599 11728 1
636 11728 1
930 11728 1
11729 11728 22
702 11728 1
1011 11728 1
14402 11728 1
592 11728 1
14474 11728 1
14493 11728 4
11813 11728 20
919 11728 1
14488 11728 1
618 11728 1
916 11728 2
886 11728 1
884 11728 2
886 11729 1
497 11729 22
14429 11729 1
14437 11729 1
14438 11729 1
720 11729 1
14264 11729 1
772 11729 1
14369 11729 1
11726 11729 1
861 11729 1
741 11729 1
752 11729 2
923 11729 1
14237 11729 1
721 11729 1
538 11729 1
754 11729 1
611 11729 1
592 11729 1
947 11729 1
497 11730 99
14322 11730 1
616 11730 1
894 11730 1
1018 11730 1
766 11730 1
3652 11730 1
529 11730 1
915 11730 1
984 11730 1
977 11730 1
619 11730 1
846 11730 1
3651 11730 1
14319 11730 1
996 11730 1
3653 11730 1
14500 11730 1
744 11730 1
601 11730 1
1022 11730 1
554 11730 1
913 11730 1
662 11730 1
14328 11730 2
1009 11730 1
856 11730 1
995 11730 1
14338 11730 1
14307 11730 1
663 11730 1
590 11730 1
14216 11730 1
11784 11730 1
14345 11730 1
14440 11730 1
14377 11730 1
1002 11730 1
969 11730 1
685 11730 1
764 11730 1
699 11730 1
534 11730 1
581 11730 1
557 11730 1
14336 11730 1
803 11730 1
728 11730 1
11729 11730 22
14245 11730 1
950 11730 1
516 11730 1
14445 11730 1
14497 11730 1
664 11730 1
934 11730 1
866 11730 2
14262 11730 1
974 11730 1
14260 11730 1
960 11730 1
610 11730 1
14490 11730 1
986 11730 1
555 11730 1
727 11730 1
644 11730 1
14392 11730 1
815 11730 1
622 11730 1
14428 11730 1
985 11730 1
1012 11730 1
14403 11730 1
840 11730 1
14356 11730 1
700 11731 1
618 11731 1
11729 11731 22
666 11731 1
745 11731 1
545 11731 1
14488 11731 1
14402 11731 1
849 11731 1
11813 11731 20
990 11731 1
702 11731 1
14367 11731 1
945 11731 1
11796 11731 13
711 11731 2
636 11731 1
11870 11731 1
14474 11731 1
599 11731 1
884 11731 2
14493 11731 4
14426 11731 1
919 11731 1
14516 11731 4
1011 11731 1
930 11731 1
11705 11731 87
803 11732 1
950 11732 1
1005 11732 1
14487 11732 1
808 11732 1
14458 11732 1
497 11732 24
864 11732 1
512 11732 1
14299 11732 1
14264 11732 1
915 11732 1
790 11732 1
617 11732 1
698 11732 1
995 11732 1
592 11732 1
11726 11732 1
910 11732 1
3654 11732 1
14456 11732 1
743 11732 1
861 11732 1
14430 11732 1
14264 11733 1
11726 11733 1
11734 11733 2
11722 11734 3
11727 11734 2
749 11735 1
916 11735 2
896 11735 2
947 11735 1
774 11735 1
11726 11735 1
14264 11735 1
3659 11735 1
886 11735 1
861 11735 1
592 11735 1
497 11735 13
719 11736 1
497 11736 3
929 11736 1
11736 11737 3
929 11737 1
719 11737 1
978 11737 1
11738 11737 5
14512 11737 1
497 11738 3
11722 11738 3
14270 11738 2
11802 11738 2
14512 11739 1
11738 11739 5
719 11739 1
11736 11739 3
929 11739 1
978 11739 1
11741 11740 1
11743 11742 2
11740 11742 1
11741 11743 1
11745 11744 1
11744 11746 1
864 11746 1
764 11746 1
11747 11746 6
555 11746 1
581 11746 1
663 11746 1
11823 11747 5
11745 11747 2
11722 11747 3
11744 11748 1
803 11748 1
11747 11748 2
581 11749 1
764 11749 1
895 11749 1
518 11749 1
803 11749 1
736 11749 1
621 11749 1
663 11749 1
681 11749 1
995 11749 1
11744 11749 1
950 11749 1
14443 11749 1
11750 11749 18
915 11749 1
555 11749 1
790 11749 1
967 11749 1
882 11749 1
11823 11750 17
11722 11750 3
11745 11750 1
681 11751 1
915 11751 1
967 11751 1
882 11751 1
803 11751 1
621 11751 1
625 11751 1
864 11751 1
950 11751 1
736 11751 1
895 11751 1
14443 11751 1
11752 11751 16
518 11751 1
11744 11751 1
790 11751 1
995 11751 1
11745 11752 4
11823 11752 21
11722 11752 3
11783 11752 1
790 11753 1
803 11753 1
11744 11753 1
895 11753 1
11750 11753 18
764 11753 1
518 11753 1
882 11753 1
950 11753 1
14443 11753 1
621 11753 1
663 11753 1
555 11753 1
581 11753 1
995 11753 1
681 11753 1
915 11753 1
967 11753 1
736 11753 1
736 11754 1
803 11754 1
895 11754 1
11750 11754 14
11744 11754 1
681 11754 1
14443 11754 1
518 11754 1
790 11754 1
915 11754 1
967 11754 1
621 11754 1
950 11754 1
995 11754 1
882 11754 1
11752 11755 16
621 11755 1
790 11755 1
864 11755 1
895 11755 1
967 11755 1
625 11755 1
803 11755 1
14443 11755 1
950 11755 1
882 11755 1
915 11755 1
681 11755 1
736 11755 1
518 11755 1
11744 11755 1
995 11755 1
11757 11756 1
11744 11756 1
732 11757 1
733 11757 1
11745 11757 1
11744 11758 1
11759 11758 1
14274 11759 2
11722 11759 3
11745 11759 1
11759 11760 3
809 11760 1
14273 11760 1
11744 11760 1
11745 11761 1
11763 11762 1
11761 11762 1
11745 11763 2
11783 11763 1
11823 11763 1
11722 11763 3
515 11764 1
746 11764 1
11752 11764 7
928 11764 1
14505 11764 1
11761 11764 1
608 11764 1
837 11764 1
915 11765 1
950 11765 1
14505 11765 1
895 11765 1
11752 11765 23
746 11765 1
14346 11765 1
803 11765 1
995 11765 1
11822 11765 1
11761 11765 1
518 11765 1
608 11765 1
882 11765 1
928 11765 1
14443 11765 1
790 11765 1
621 11765 1
515 11765 1
967 11765 1
736 11765 1
681 11765 1
14261 11765 1
837 11765 1
928 11766 1
14505 11766 1
608 11766 1
14346 11766 1
864 11766 1
11752 11766 10
11761 11766 1
746 11766 1
14261 11766 1
11822 11766 1
625 11766 1
747 11767 1
11761 11767 1
882 11767 1
620 11767 1
11768 11767 5
736 11767 1
11722 11768 3
11823 11768 3
11745 11768 2
882 11769 1
747 11769 1
11761 11769 1
11768 11769 5
736 11769 1
620 11769 1
11768 11770 5
882 11770 1
11761 11770 1
620 11770 1
747 11770 1
736 11770 1
14433 11771 1
709 11771 1
882 11771 1
497 11771 6
736 11771 1
11761 11771 1
495 11772 1
11774 11773 121
534 11773 1
797 11773 1
888 11773 1
3654 11773 1
557 11773 1
984 11773 1
14490 11773 1
14372 11773 1
11772 11773 1
815 11773 1
555 11773 1
699 11773 1
905 11773 1
854 11773 1
14439 11773 2
766 11773 1
616 11773 1
662 11773 1
14321 11773 1
758 11773 1
14251 11773 8
883 11773 1
14457 11773 1
526 11773 1
14480 11773 2
11800 11773 16
651 11773 1
914 11773 1
14428 11773 1
11840 11773 2
3652 11773 1
14260 11773 1
11794 11773 1
14497 11773 1
11804 11773 1
677 11773 2
11825 11773 1
663 11773 1
14498 11773 1
974 11773 1
14262 11773 1
840 11773 1
11813 11773 20
879 11773 1
913 11773 1
11877 11773 1
814 11773 1
862 11773 1
11857 11773 1
764 11773 1
584 11773 1
14516 11773 4
3662 11773 1
11847 11773 1
852 11773 1
619 11773 1
14345 11773 1
14491 11773 3
775 11773 1
581 11773 1
14287 11773 5
964 11773 1
14400 11773 1
1009 11773 1
14275 11773 1
11790 11773 1
528 11773 1
644 11773 1
960 11773 1
946 11773 1
659 11773 1
11745 11774 18
11856 11774 1
11792 11774 1
497 11774 20
11878 11774 9
11853 11774 1
11827 11774 1
623 11774 1
569 11774 1
14238 11774 1
11783 11774 11
495 11774 22
11871 11774 1
11880 11774 1
11779 11774 26
14435 11774 1
11798 11774 2
11802 11774 1
11795 11774 9
11722 11774 3
11727 11774 2
514 11774 1
11823 11774 82
11774 11775 77
14275 11775 1
1005 11775 1
883 11775 1
912 11775 1
814 11775 1
3652 11775 1
528 11775 1
11804 11775 1
14253 11775 1
11800 11775 16
758 11775 1
879 11775 1
651 11775 1
661 11775 1
662 11775 1
905 11775 1
926 11775 1
14372 11775 1
775 11775 1
964 11775 1
897 11775 1
14439 11775 1
844 11775 1
862 11775 1
14323 11775 1
14497 11775 1
14476 11775 1
14498 11775 1
526 11775 1
767 11775 1
14457 11775 1
14286 11775 1
852 11775 1
931 11775 1
614 11775 1
722 11775 1
785 11775 2
659 11775 1
677 11775 1
533 11775 1
11799 11775 1
14507 11775 1
848 11775 1
14516 11775 4
14422 11775 1
11847 11775 1
11778 11775 1
14287 11775 5
854 11775 1
11794 11775 1
657 11775 1
11844 11775 1
11772 11775 1
11790 11775 1
11825 11775 1
14299 11775 1
14400 11775 1
517 11775 1
595 11775 1
948 11775 1
557 11775 1
525 11775 1
14262 11775 1
3662 11775 1
953 11775 1
655 11775 1
14321 11775 1
11857 11775 1
14488 11775 1
497 11776 6
781 11776 1
751 11776 1
959 11776 1
1021 11776 1
11848 11776 1
514 11777 1
11722 11777 3
11795 11777 1
11779 11778 1
11774 11780 84
933 11780 1
11782 11780 1
764 11780 1
661 11780 1
621 11780 1
14443 11780 1
873 11780 1
1015 11780 1
876 11780 1
525 11780 1
14287 11780 5
662 11780 1
581 11780 1
735 11780 1
895 11780 1
555 11780 1
862 11780 1
936 11780 1
14422 11780 1
874 11780 1
967 11780 1
931 11780 1
620 11780 1
14476 11780 1
950 11780 1
761 11780 1
746 11780 1
14434 11780 1
1006 11780 1
952 11780 1
837 11780 1
14321 11780 1
11778 11780 1
585 11780 1
848 11780 1
668 11780 2
905 11780 1
14407 11780 1
518 11780 1
11809 11780 1
915 11780 1
14262 11780 1
995 11780 1
651 11780 1
614 11780 1
14413 11780 1
681 11780 1
14261 11780 1
3652 11780 1
687 11780 1
855 11780 1
3662 11780 1
991 11780 1
557 11780 1
14236 11780 1
11799 11780 1
790 11780 1
14507 11780 1
655 11780 1
787 11780 1
736 11780 1
1013 11780 1
615 11780 1
948 11780 1
14346 11780 1
803 11780 1
14373 11780 1
844 11780 1
14323 11780 1
11822 11780 1
14497 11780 1
758 11780 1
14457 11780 1
14372 11780 1
663 11780 1
11844 11780 1
882 11780 1
982 11780 1
926 11780 1
661 11781 1
14287 11781 5
11844 11781 1
14356 11781 1
11774 11781 68
806 11781 1
14321 11781 1
14476 11781 1
14507 11781 1
767 11781 1
866 11781 2
14422 11781 1
11799 11781 1
525 11781 1
595 11781 1
3651 11781 1
948 11781 1
844 11781 1
11794 11781 1
940 11781 1
14323 11781 1
897 11781 1
11778 11781 1
905 11781 1
14374 11781 1
14286 11781 1
11813 11781 20
14503 11781 1
651 11781 1
848 11781 1
953 11781 1
14372 11781 1
14245 11781 1
926 11781 1
14516 11781 4
529 11781 1
964 11781 1
14491 11781 3
14338 11781 1
14403 11781 1
931 11781 1
614 11781 1
758 11781 1
655 11781 1
728 11781 1
722 11781 1
14488 11781 1
11783 11782 1
495 11784 1
3653 11785 1
14267 11785 1
727 11785 1
14424 11785 1
14328 11785 3
497 11785 9
11785 11786 1
601 11786 2
985 11786 1
11787 11786 5
590 11786 1
11879 11787 1
11722 11787 3
497 11787 1
11779 11787 2
11878 11787 3
11787 11788 1
11785 11788 1
844 11789 1
926 11789 1
11787 11789 3
11785 11789 1
495 11790 1
11792 11791 1
11701 11792 1
11827 11792 1
11705 11792 1
1019 11793 1
729 11793 1
577 11793 1
645 11793 1
740 11793 1
497 11793 19
14368 11793 1
742 11793 1
1011 11793 1
11791 11793 1
11870 11793 1
14504 11793 1
14442 11793 1
1000 11793 1
759 11793 2
955 11793 1
881 11793 1
680 11793 1
853 11793 1
11795 11794 1
11794 11796 1
854 11796 1
497 11796 13
14371 11796 1
14453 11796 1
777 11796 2
1005 11796 1
14299 11796 1
633 11796 1
14510 11796 1
14487 11796 1
814 11796 1
11798 11797 2
11827 11798 1
11879 11798 1
11856 11798 1
11795 11798 1
11779 11798 1
14317 11798 1
11838 11798 1
11846 11798 1
11880 11798 1
11779 11799 1
931 11800 1
614 11800 1
655 11800 1
905 11800 1
650 11800 1
11799 11800 1
844 11800 1
14304 11800 1
926 11800 1
848 11800 1
948 11800 1
603 11800 1
661 11800 1
11779 11800 16
14323 11800 1
833 11800 1
11802 11801 1
11701 11802 1
497 11803 45
644 11803 1
14377 11803 1
14262 11803 1
940 11803 1
581 11803 1
534 11803 1
3651 11803 1
977 11803 1
866 11803 2
555 11803 1
950 11803 1
803 11803 1
761 11803 1
11801 11803 1
557 11803 1
915 11803 1
1012 11803 1
14403 11803 1
14338 11803 1
991 11803 1
622 11803 1
764 11803 1
662 11803 1
663 11803 1
14497 11803 1
3652 11803 1
1018 11803 1
986 11803 1
14307 11803 1
677 11803 2
817 11803 4
14500 11803 1
685 11803 1
14439 11803 2
14313 11803 4
684 11803 1
699 11803 1
840 11803 1
495 11804 1
11806 11805 1
499 11807 1
11805 11807 1
11798 11808 2
11783 11809 1
495 11810 1
14219 11811 11
785 11811 3
782 11811 1
11812 11811 21
14253 11811 1
11810 11811 1
533 11811 1
912 11811 1
784 11811 1
957 11811 1
11722 11812 3
14327 11812 1
783 11812 1
11795 11812 3
497 11812 12
495 11812 9
797 11813 1
912 11813 1
533 11813 1
14423 11813 2
14381 11813 1
985 11813 1
14253 11813 1
497 11813 20
784 11813 1
590 11813 1
914 11813 1
11810 11813 1
601 11813 2
785 11813 2
14397 11813 1
701 11813 2
990 11814 1
849 11814 1
14426 11814 1
930 11814 1
884 11814 2
636 11814 1
14402 11814 1
599 11814 1
11705 11814 52
702 11814 1
11870 11814 1
919 11814 1
666 11814 1
14488 11814 1
745 11814 1
14367 11814 1
11813 11814 20
945 11814 1
1011 11814 1
14474 11814 1
14493 11814 4
618 11814 1
711 11814 2
700 11814 1
545 11814 1
14516 11814 4
767 11815 1
14300 11815 1
11810 11815 1
912 11815 1
785 11815 2
14397 11815 1
533 11815 1
784 11815 1
11812 11815 22
830 11815 1
14219 11815 11
3654 11815 1
14253 11815 1
11817 11816 1
14365 11817 1
11701 11817 1
11727 11818 1
11820 11819 2
11818 11819 1
878 11819 1
569 11820 1
11727 11820 1
11722 11820 3
878 11821 1
11818 11821 1
11820 11821 2
11823 11822 1
11745 11823 1
14376 11823 1
11880 11823 1
669 11823 1
14317 11823 1
11795 11823 1
11846 11823 1
14349 11823 1
11701 11823 1
14346 11824 1
11752 11824 7
928 11824 1
608 11824 1
11822 11824 1
14261 11824 1
14505 11824 1
746 11824 1
495 11825 1
11827 11826 3
759 11826 2
11829 11828 4
796 11828 1
11826 11828 3
11879 11829 3
497 11829 9
11878 11829 3
11856 11829 1
11827 11829 3
11853 11829 1
11802 11829 1
11722 11829 3
11779 11829 2
842 11830 1
14452 11830 1
14255 11830 8
548 11830 2
964 11830 1
816 11830 1
692 11830 1
11829 11830 18
758 11830 1
11826 11830 3
651 11830 1
676 11830 1
11826 11831 3
11832 11831 12
14255 11831 8
796 11831 1
11802 11832 1
11856 11832 1
497 11832 9
11722 11832 3
11779 11832 1
11827 11832 3
11853 11832 1
11879 11832 2
11878 11832 3
11826 11833 3
11832 11833 3
11832 11834 4
11826 11834 3
796 11834 1
11832 11835 5
11826 11835 3
796 11835 1
651 11835 1
11838 11837 1
11722 11839 3
11823 11840 2
11798 11842 1
11802 11843 1
11779 11844 1
11846 11845 1
495 11847 1
11802 11848 1
11798 11849 2
11806 11850 1
11701 11851 1
11852 11851 1
606 11852 1
11856 11853 1
11705 11853 1
11701 11853 1
495 11857 1
888 11858 1
14498 11858 1
14344 11858 1
14288 11858 7
11857 11858 1
628 11858 1
3655 11858 1
11859 11858 13
11795 11859 7
495 11859 6
11722 11859 3
888 11860 1
14302 11860 7
11857 11860 1
3655 11860 1
14498 11860 1
14399 11860 4
14398 11860 4
14288 11860 7
628 11860 1
11861 11860 25
14344 11860 1
495 11861 6
497 11861 13
11722 11861 3
11795 11861 7
888 11862 1
14498 11862 1
628 11862 1
14288 11862 7
14344 11862 1
11861 11862 13
11857 11862 1
3655 11862 1
14344 11863 1
11859 11863 13
11857 11863 1
628 11863 1
888 11863 1
14288 11863 7
3655 11863 1
14498 11863 1
888 11864 1
11865 11864 4
11857 11864 1
14498 11864 1
14488 11864 1
495 11865 3
11722 11865 3
11795 11865 1
11857 11866 1
14488 11866 1
888 11866 1
14498 11866 1
11865 11866 4
14488 11867 1
11865 11867 4
11857 11867 1
888 11867 1
14498 11867 1
11865 11868 4
14488 11868 1
11857 11868 1
888 11868 1
14498 11868 1
11722 11869 3
11871 11870 1
11701 11871 1
11705 11871 1
14317 11871 1
666 11872 1
930 11872 1
700 11872 1
618 11872 1
599 11872 1
501 11872 18
636 11872 1
11870 11872 1
14402 11872 1
702 11872 1
1011 11872 1
919 11872 1
14426 11872 1
545 11872 1
745 11872 1
14367 11872 1
14474 11872 1
990 11872 1
945 11872 1
1011 11873 1
11774 11873 23
887 11873 1
971 11873 1
684 11873 2
545 11873 1
14307 11873 1
11870 11873 1
745 11873 1
643 11873 1
922 11873 1
666 11873 1
516 11873 1
849 11873 1
554 11873 1
996 11873 1
897 11873 1
702 11873 1
14426 11873 1
14367 11873 1
685 11873 1
986 11873 1
796 11873 1
887 11874 1
796 11874 1
1011 11874 1
666 11874 1
897 11874 1
11870 11874 1
11774 11874 15
702 11874 1
14426 11874 1
643 11874 1
922 11874 1
971 11874 1
745 11874 1
849 11874 1
14367 11874 1
545 11874 1
897 11875 1
1011 11875 1
14367 11875 1
922 11875 1
887 11875 1
849 11875 1
702 11875 1
545 11875 1
11870 11875 1
971 11875 1
11774 11875 15
666 11875 1
796 11875 1
14426 11875 1
643 11875 1
745 11875 1
11870 11876 1
643 11876 1
745 11876 1
14426 11876 1
922 11876 1
11774 11876 15
1011 11876 1
702 11876 1
849 11876 1
14367 11876 1
666 11876 1
545 11876 1
796 11876 1
887 11876 1
971 11876 1
897 11876 1
11823 11877 1
11879 11878 1
11846 11878 1
14215 11878 1
11795 11878 1
11701 11878 1
11827 11878 1
11880 11878 1
14418 11879 1
14325 11880 1
11878 14216 2
11802 14217 1
14254 14218 1
14301 14218 16
819 14218 2
499 14218 33
580 14218 1
14219 14218 11
892 14218 1
1007 14218 1
14448 14218 5
14255 14218 7
14217 14218 1
994 14218 1
834 14218 1
3654 14219 1
14371 14219 1
633 14219 1
497 14219 11
14453 14219 1
14487 14219 1
14510 14219 1
686 14219 1
1005 14219 1
14217 14219 1
14299 14219 1
11802 14221 1
497 14222 2
14221 14222 1
14224 14223 2
11701 14224 1
14496 14224 1
14226 14225 1
642 14226 1
669 14226 1
798 14227 1
14228 14227 3
14225 14227 1
765 14227 1
11722 14228 3
642 14228 1
14226 14228 1
14405 14228 1
798 14229 1
765 14229 1
14228 14229 3
14225 14229 1
765 14230 1
14225 14230 1
14228 14230 3
798 14230 1
889 14231 1
765 14231 1
14404 14231 1
14292 14231 1
695 14231 1
726 14231 1
979 14231 1
798 14231 1
14225 14231 1
14232 14231 9
642 14232 3
14405 14232 3
14226 14232 3
11722 14232 3
14292 14233 1
765 14233 1
14404 14233 1
726 14233 1
979 14233 1
889 14233 1
14234 14233 9
798 14233 1
695 14233 1
14225 14233 1
642 14234 3
14405 14234 3
14226 14234 3
11722 14234 3
14224 14235 2
725 14235 1
14365 14235 2
14496 14235 2
11722 14235 3
11823 14236 1
14238 14237 1
11846 14238 1
11701 14238 1
14458 14239 1
14395 14239 1
593 14239 1
11721 14239 21
808 14239 2
14499 14239 1
632 14239 1
908 14239 1
512 14239 1
743 14239 1
799 14239 1
537 14239 2
14430 14239 1
14456 14239 1
14237 14239 1
951 14239 1
708 14239 1
641 14239 1
14511 14239 1
513 14239 1
593 14240 1
799 14240 1
14430 14240 1
14395 14240 1
808 14240 2
708 14240 1
951 14240 1
641 14240 1
11721 14240 21
14499 14240 1
632 14240 1
743 14240 1
512 14240 1
513 14240 1
14237 14240 1
908 14240 1
14511 14240 1
14456 14240 1
537 14240 2
14458 14240 1
14511 14241 1
641 14241 1
808 14241 2
908 14241 1
708 14241 1
537 14241 2
11721 14241 21
14458 14241 1
743 14241 1
14395 14241 1
14499 14241 1
632 14241 1
799 14241 1
513 14241 1
14237 14241 1
951 14241 1
593 14241 1
14430 14241 1
512 14241 1
14456 14241 1
14456 14242 1
11721 14242 21
593 14242 1
537 14242 2
908 14242 1
708 14242 1
14499 14242 1
951 14242 1
632 14242 1
14395 14242 1
641 14242 1
799 14242 1
14237 14242 1
513 14242 1
14511 14242 1
14430 14242 1
512 14242 1
14458 14242 1
808 14242 2
743 14242 1
14458 14243 1
14456 14243 1
908 14243 1
593 14243 1
14430 14243 1
641 14243 1
537 14243 2
808 14243 2
14237 14243 1
743 14243 1
708 14243 1
632 14243 1
951 14243 1
11721 14243 21
512 14243 1
799 14243 1
14395 14243 1
14499 14243 1
513 14243 1
14511 14243 1
14237 14244 1
14456 14244 1
724 14244 1
799 14244 1
14430 14244 1
14511 14244 1
497 14244 11
14438 14244 1
908 14244 1
743 14244 1
910 14244 1
632 14244 1
11745 14245 1
14247 14246 2
14245 14246 1
728 14246 1
11745 14247 2
11722 14247 3
728 14248 1
14245 14248 1
14247 14248 2
728 14249 1
14247 14249 2
14245 14249 1
14247 14250 2
14245 14250 1
728 14250 1
14338 14251 1
529 14251 1
11745 14251 8
3651 14251 1
14245 14251 1
14403 14251 1
728 14251 1
14356 14251 1
14338 14252 1
14356 14252 1
3651 14252 1
671 14252 1
565 14252 1
529 14252 1
866 14252 2
11705 14252 11
14403 14252 1
728 14252 1
14245 14252 1
495 14253 1
11802 14254 1
3660 14255 1
692 14255 1
825 14255 1
676 14255 1
497 14255 8
14254 14255 1
841 14255 1
11832 14256 13
548 14256 2
14255 14256 8
692 14256 1
14452 14256 1
842 14256 1
676 14256 1
816 14256 1
796 14257 1
11829 14257 9
14255 14257 8
14492 14258 1
692 14258 1
14452 14258 1
11829 14258 14
816 14258 1
651 14258 1
14255 14258 8
848 14258 1
676 14258 1
964 14258 1
11722 14259 3
11745 14259 2
11823 14260 1
11823 14261 1
11823 14262 1
817 14263 4
663 14263 1
764 14263 1
14307 14263 1
996 14263 1
14336 14263 1
803 14263 1
1018 14263 1
497 14263 28
14262 14263 1
684 14263 1
555 14263 1
3652 14263 1
950 14263 1
581 14263 1
3651 14263 1
866 14263 2
14497 14263 1
14268 14263 1
1012 14263 1
915 14263 1
940 14263 1
516 14263 1
14500 14263 1
11727 14264 1
14266 14265 3
11802 14267 1
11802 14268 1
14270 14269 1
11701 14270 1
14349 14270 1
11705 14270 1
11722 14271 3
11745 14271 3
11823 14271 1
938 14272 1
14274 14273 1
11701 14274 1
14376 14274 1
495 14275 1
11878 14276 1
11722 14277 3
11745 14277 2
11783 14277 1
11823 14277 1
14279 14278 2
11701 14279 1
11838 14279 1
14274 14280 1
11878 14281 1
497 14282 7
816 14282 1
14281 14282 1
812 14282 1
842 14282 1
548 14282 2
11802 14284 1
11798 14285 1
11795 14286 2
11795 14287 5
953 14287 1
14488 14287 1
767 14287 1
14286 14287 1
14287 14288 5
14488 14288 1
11795 14288 7
14397 14288 1
14397 14289 1
628 14289 1
11859 14289 7
14287 14289 5
14397 14290 1
628 14290 1
11861 14290 7
14287 14290 5
14287 14291 5
14488 14291 1
11795 14291 6
14226 14292 1
14292 14293 1
979 14293 1
889 14293 1
14404 14293 1
14294 14293 5
695 14293 1
11722 14294 3
14226 14294 2
14405 14294 2
642 14294 1
14292 14295 1
14404 14295 1
14294 14295 5
889 14295 1
695 14295 1
979 14295 1
14404 14296 1
979 14296 1
14292 14296 1
695 14296 1
14294 14296 5
889 14296 1
14404 14297 1
14292 14297 1
889 14297 1
695 14297 1
979 14297 1
14294 14297 5
14294 14298 5
889 14298 1
14404 14298 1
695 14298 1
14292 14298 1
979 14298 1
495 14299 1
3654 14300 1
14487 14300 1
14454 14300 1
686 14300 1
633 14300 1
14453 14300 1
1005 14300 1
497 14300 14
14510 14300 2
14299 14300 1
14371 14300 1
14329 14300 1
580 14301 1
14300 14301 13
1007 14301 1
497 14301 16
497 14302 7
985 14302 1
797 14302 1
914 14302 1
861 14302 1
674 14302 1
910 14302 1
692 14303 1
864 14303 1
816 14303 1
497 14303 26
950 14303 1
841 14303 1
1010 14303 1
915 14303 1
842 14303 1
14398 14303 4
14399 14303 4
3660 14303 1
14302 14303 7
995 14303 1
803 14303 1
790 14303 1
11779 14304 1
11851 14305 1
14305 14306 1
987 14306 1
1014 14306 1
14492 14306 1
937 14306 1
824 14306 1
497 14306 9
1020 14306 1
838 14306 1
835 14306 1
11878 14307 1
14307 14308 1
516 14308 1
996 14308 1
684 14308 2
14432 14308 1
14500 14308 1
14444 14308 1
497 14308 10
758 14309 1
14310 14309 10
14500 14309 1
14308 14309 9
11879 14310 1
11722 14310 3
11779 14310 1
11827 14310 1
497 14310 9
758 14311 1
14310 14311 10
14308 14311 9
14500 14311 1
14310 14312 10
14308 14312 9
14500 14312 1
758 14312 1
824 14313 1
816 14313 1
935 14313 1
497 14313 4
699 14314 1
677 14314 2
986 14314 1
622 14314 1
656 14314 1
581 14314 1
555 14314 1
644 14314 1
14439 14314 2
534 14314 1
497 14314 28
14313 14314 4
940 14314 1
14403 14314 1
764 14314 1
554 14314 1
840 14314 1
977 14314 1
663 14314 1
14377 14314 1
744 14314 1
14338 14314 1
685 14314 1
14215 14315 1
11856 14315 1
11701 14315 1
14317 14316 1
14316 14318 1
14317 14318 1
11878 14319 1
14315 14320 3
11878 14320 1
11879 14320 1
14435 14320 1
11722 14320 3
14215 14320 1
11779 14321 1
11878 14322 1
11779 14323 1
14325 14324 1
11880 14325 1
810 14326 1
11880 14326 3
14324 14326 1
11878 14328 3
11802 14329 1
14315 14330 2
14330 14331 2
638 14331 1
14320 14331 4
992 14331 1
14320 14332 4
638 14332 1
14330 14332 2
992 14332 1
14320 14333 4
992 14333 1
14330 14333 2
638 14333 1
638 14334 1
992 14334 1
14320 14334 4
14330 14334 2
14441 14335 1
638 14335 1
14330 14335 2
992 14335 1
14320 14335 5
11878 14336 2
996 14337 1
538 14337 1
497 14337 12
645 14337 1
554 14337 1
1000 14337 1
744 14337 1
742 14337 1
14336 14337 1
566 14337 1
720 14337 1
14504 14337 1
516 14337 1
11745 14338 1
529 14339 1
14356 14339 1
866 14339 2
3651 14339 1
728 14339 1
14338 14339 1
14403 14339 1
11745 14339 8
14259 14340 2
14403 14340 1
14338 14340 1
14403 14341 1
14259 14341 2
14338 14341 1
14259 14342 2
14403 14342 1
14338 14342 1
14403 14343 1
14338 14343 1
14259 14343 2
495 14344 1
11823 14345 1
11823 14346 1
14349 14348 2
14421 14348 1
14348 14350 2
497 14350 2
497 14351 2
14348 14351 2
497 14352 2
14348 14352 2
14354 14353 2
14348 14353 2
14349 14354 2
11722 14354 3
14354 14355 2
14348 14355 2
11745 14356 1
14356 14357 1
529 14357 1
14358 14357 2
11722 14358 3
11745 14358 2
14358 14359 2
14356 14359 1
529 14359 1
14356 14360 1
529 14360 1
14358 14360 2
14358 14361 2
529 14361 1
14356 14361 1
14363 14362 1
14365 14364 2
14362 14364 1
14363 14365 1
565 14366 1
14235 14366 3
14364 14366 2
11727 14367 1
11792 14368 1
11817 14369 1
11722 14370 3
495 14371 1
11779 14372 1
11823 14373 1
11745 14374 1
14376 14375 1
11879 14377 1
14377 14378 1
685 14378 1
986 14378 1
939 14378 1
497 14378 8
554 14378 1
823 14378 1
11880 14379 1
11852 14380 2
605 14380 1
11802 14381 1
11880 14382 1
14388 14387 3
11798 14389 1
11823 14390 3
11722 14390 3
11745 14390 1
11802 14391 1
11879 14392 1
14394 14393 5
14392 14393 1
819 14393 2
846 14393 1
931 14393 1
11879 14394 1
497 14394 2
11795 14394 1
11779 14394 1
11722 14394 3
11823 14395 1
11878 14396 1
11795 14397 1
14397 14398 1
3654 14398 1
497 14398 4
706 14398 1
497 14399 4
14397 14399 1
778 14399 1
3654 14399 1
495 14400 1
11798 14401 2
14224 14402 1
11745 14403 1
14405 14404 1
11783 14407 1
14378 14408 1
14409 14408 1
11779 14409 2
497 14409 1
11722 14409 3
14378 14410 1
14409 14410 1
655 14411 1
14409 14411 3
948 14411 1
14378 14411 1
11852 14412 2
497 14412 4
11722 14412 3
11783 14413 1
495 14414 1
14416 14415 3
14418 14417 1
14417 14419 1
11879 14419 2
11722 14420 3
14349 14421 1
11779 14422 1
11802 14423 2
11802 14424 1
11795 14425 1
497 14425 5
11722 14425 3
495 14426 1
11722 14427 3
11823 14428 1
11802 14429 1
14238 14430 1
11721 14431 2
743 14431 1
14430 14431 1
11802 14432 1
11802 14433 1
11783 14434 1
14436 14435 3
11817 14437 1
11846 14438 1
11823 14439 2
11878 14440 1
11878 14441 1
11792 14442 1
11823 14443 1
11802 14444 1
11878 14445 1
495 14447 1
14509 14448 1
734 14448 1
497 14448 5
14447 14448 1
834 14448 1
14425 14449 5
14448 14449 5
14509 14449 1
14425 14450 5
14448 14450 5
11802 14451 1
692 14452 1
807 14452 1
635 14452 1
14451 14452 1
841 14452 1
762 14452 1
788 14452 1
497 14452 13
825 14452 1
763 14452 1
3660 14452 1
591 14452 1
495 14453 1
11802 14454 1
11722 14455 3
14238 14456 1
11823 14457 1
11798 14458 1
11802 14459 1
11802 14460 1
604 14461 1
541 14461 1
755 14461 1
723 14461 1
14460 14461 1
11724 14461 5
755 14462 1
541 14462 1
604 14462 1
723 14462 1
11724 14462 5
14460 14462 1
723 14463 1
11724 14463 5
14460 14463 1
755 14463 1
541 14463 1
604 14463 1
755 14464 1
604 14464 1
541 14464 1
723 14464 1
11724 14464 5
14460 14464 1
604 14465 1
755 14465 1
14460 14465 1
11724 14465 5
723 14465 1
541 14465 1
723 14466 1
568 14466 1
541 14466 1
14460 14466 1
604 14466 1
1008 14466 1
755 14466 1
11724 14466 7
541 14467 1
932 14467 1
14460 14467 1
810 14467 1
755 14467 1
723 14467 1
497 14467 7
14467 14468 7
541 14468 1
755 14468 1
11724 14468 7
810 14468 1
14467 14469 7
541 14469 1
810 14469 1
11724 14469 7
755 14469 1
14467 14470 7
11724 14470 7
810 14470 1
14467 14471 7
810 14471 1
11724 14471 7
11724 14472 7
14467 14472 7
810 14472 1
14467 14473 7
11724 14473 7
810 14473 1
14274 14474 1
14365 14475 1
11779 14476 1
11722 14477 3
14365 14478 1
11792 14479 1
11823 14480 2
14482 14481 3
11878 14483 1
11802 14484 1
497 14485 7
548 14485 2
976 14485 1
14484 14485 1
842 14485 1
816 14485 1
906 14485 1
495 14487 1
11795 14488 1
11795 14489 2
14488 14489 1
11823 14490 1
11745 14491 3
866 14491 2
11879 14492 1
816 14493 1
497 14493 4
14492 14493 1
824 14493 1
11802 14494 1
14496 14495 1
972 14496 1
11823 14497 1
495 14498 1
14283 14499 1
11879 14500 1
557 14501 1
817 14501 4
497 14501 15
3651 14501 1
940 14501 1
1012 14501 1
860 14501 1
662 14501 1
761 14501 1
866 14501 2
14500 14501 1
11745 14503 1
11871 14504 1
11823 14505 1
746 14506 1
14505 14506 1
608 14506 1
11752 14506 7
515 14506 1
864 14506 1
928 14506 1
837 14506 1
11779 14507 1
14482 14508 3
11795 14509 1
495 14510 2
11802 14511 1
14270 14512 1
978 14513 1
11738 14513 3
14512 14513 1
719 14513 1
11738 14514 3
14512 14514 1
978 14514 1
719 14514 1
864 14515 1
11745 14515 2
14515 14516 2
625 14516 1
11745 14516 4
14277 14517 4
702 14517 1
14515 14517 2
849 14517 1
14519 14518 4
702 14518 1
849 14518 1
14515 14518 2
11783 14519 1
11823 14519 1
11745 14519 2
11722 14519 3
702 14520 1
849 14520 1
14521 14520 4
14515 14520 2
11745 14521 2
11722 14521 3
11823 14521 1
11783 14521 1
849 14522 1
14515 14522 2
702 14522 1
14521 14522 4
849 14523 1
14515 14523 2
702 14523 1
14521 14523 4
14515 14524 2
702 14524 1
849 14524 1
14521 14524 4
849 14525 1
14515 14525 2
702 14525 1
14521 14525 4
14521 14526 2
14515 14526 2
