5639 5638 1
5639 5640 2
9704 5640 1
5638 5640 1
5639 5642 1
5644 5643 2
9681 5643 1
5646 5645 1
5648 5647 2
5645 5647 1
5653 5647 1
5646 5648 2
5650 5649 3
9801 5649 1
5665 5649 2
5673 5649 2
9797 5651 1
5651 5652 1
9797 5652 1
5646 5653 1
5655 5654 1
5659 5655 1
5654 5656 1
5657 5656 1
5655 5657 1
5650 5657 3
5659 5658 1
5658 5660 1
5659 5660 2
9683 5660 1
9801 5661 1
9712 5662 1
5649 5662 3
5661 5662 1
9693 5662 1
5665 5664 1
5667 5666 1
5664 5666 1
5650 5667 3
5665 5667 3
5642 5667 1
5669 5668 1
5671 5670 1
9802 5670 2
5668 5670 1
5669 5671 1
5673 5672 1
5673 5674 1
5672 5674 1
9706 5675 1
5672 5675 1
5649 5675 2
5677 5676 1
5676 5678 1
9800 5678 1
9690 9679 2
9688 9679 1
5682 9679 1
9684 9680 2
5682 9680 1
5644 9682 2
9681 9682 1
5659 9683 1
9688 9687 1
9687 9689 1
9679 9689 1
5665 9693 1
9712 9694 1
9710 9694 1
9693 9694 1
5667 9694 3
5673 9696 1
9696 9697 1
5673 9697 1
5679 9698 1
9698 9699 1
5679 9699 2
9711 9699 1
5639 9704 1
5673 9706 1
9706 9707 1
5673 9707 1
9688 9708 1
9688 9709 1
9708 9709 1
5642 9710 1
5679 9711 1
5665 9712 1
9797 9796 1
9797 9798 1
9796 9798 1
9800 9799 1
9796 9799 1
9797 9800 1
5650 9800 3
5677 9800 1
5673 9801 1
5669 9802 2
