1516 1024 1
1318 1024 17
1749 1024 1
1319 1024 14
1026 1025 17
1024 1025 17
1121 1026 1
1141 1026 2
1477 1026 1
1039 1026 4
1318 1026 19
1024 1027 17
1028 1027 17
1318 1028 17
1024 1029 17
1028 1029 17
1024 1030 17
1318 1030 19
1749 1030 1
1386 1030 1
1030 1031 19
1032 1031 20
1656 1031 1
1352 1032 1
1039 1032 4
1316 1032 2
1218 1032 2
1635 1032 1
1318 1032 20
1177 1033 1
1156 1033 2
1106 1033 11
1315 1033 1
1314 1033 27
1024 1033 17
1516 1033 1
1228 1033 1
1314 1034 35
1033 1034 27
1420 1034 1
1427 1034 7
1177 1035 1
1516 1035 1
1228 1035 1
1377 1035 7
1318 1035 13
1397 1035 1
1315 1035 1
1035 1036 13
1318 1036 13
1315 1037 1
1228 1037 1
1516 1037 1
1177 1037 1
1509 1037 1
1392 1037 9
1381 1037 1
1383 1037 9
1098 1037 1
1551 1037 1
1318 1037 19
1380 1037 1
1039 1038 1
1318 1039 2
1101 1039 2
1339 1039 3
1041 1039 2
1407 1039 2
1185 1039 2
1420 1040 1
1038 1040 1
1498 1040 2
1749 1040 1
1041 1040 6
1539 1041 1
1532 1041 1
1172 1041 3
1128 1041 1
1253 1041 2
1221 1041 1
1162 1041 2
1299 1041 1
1453 1041 1
1064 1041 1
1157 1041 2
1523 1041 1
1421 1041 3
1214 1041 2
1068 1041 1
1312 1041 1
1451 1041 2
1178 1041 2
1337 1041 2
1786 1041 1
1591 1041 1
1086 1041 10
1066 1041 6
1297 1041 1
1165 1041 5
1058 1041 1
1250 1041 1
1419 1041 1
1121 1041 1
1215 1041 2
1218 1041 4
1303 1041 1
1536 1041 1
1433 1041 1
1169 1041 1
1524 1041 1
1318 1041 12
1099 1041 3
1352 1041 12
1497 1041 1
1495 1041 1
1235 1041 1
1091 1041 2
1084 1041 2
1604 1041 2
1565 1041 1
1061 1041 11
1093 1041 5
1461 1041 3
1600 1041 3
1458 1041 1
1260 1041 3
1460 1041 2
1039 1041 1
1627 1041 3
1263 1041 1
1314 1041 11
1252 1041 1
1113 1041 2
1339 1041 2
1406 1041 3
1197 1041 2
1292 1041 1
1555 1041 1
1506 1041 4
1055 1041 6
1041 1042 225
1047 1042 6
1147 1042 7
1384 1042 11
1154 1042 8
1171 1042 2
1258 1042 2
1232 1042 2
1588 1042 1
1076 1042 2
1400 1042 2
1153 1042 7
1152 1042 7
1234 1042 3
1445 1042 2
1795 1042 1
1150 1042 7
1405 1042 1
1542 1042 1
1510 1042 8
1246 1042 6
1046 1042 3
1350 1042 2
1763 1042 1
1644 1042 2
1398 1042 9
1130 1042 10
1094 1042 10
1444 1042 2
1748 1042 1
1624 1042 1
1448 1042 2
1615 1042 2
1666 1042 1
1471 1042 4
1206 1042 2
1736 1042 1
1702 1042 1
1803 1042 1
1628 1042 2
1681 1042 2
1576 1042 1
1149 1042 7
1479 1042 1
1545 1042 2
1211 1042 3
1592 1042 2
1205 1042 2
1422 1042 3
1270 1042 3
1056 1042 32
1353 1042 4
1334 1042 6
1554 1042 1
1593 1042 2
1625 1042 1
1134 1042 10
1499 1042 2
1155 1042 8
1566 1042 2
1229 1042 1
1440 1042 2
1176 1042 2
1395 1042 2
1227 1042 3
1501 1042 1
1151 1042 7
1717 1042 1
1269 1042 2
1653 1042 2
1700 1042 2
1623 1042 1
1345 1042 2
1493 1042 1
1561 1042 1
1201 1042 6
1682 1042 1
1288 1042 7
1146 1042 7
1204 1042 2
1040 1042 6
1640 1042 1
1703 1042 1
1247 1042 3
1785 1042 1
1660 1042 2
1431 1042 2
1597 1042 3
1054 1042 1
1522 1042 2
1713 1042 1
1347 1042 3
1144 1042 10
1521 1042 1
1415 1042 1
1057 1042 9
1148 1042 7
1764 1042 1
1610 1042 2
1189 1042 2
1145 1042 7
1504 1042 2
1194 1042 1
1241 1042 10
1447 1042 2
1416 1042 6
1446 1042 2
1198 1042 9
1443 1042 5
1110 1042 24
1760 1042 1
1673 1042 2
1500 1042 2
1051 1043 61
1041 1043 253
1042 1043 225
1749 1044 1
1498 1044 2
1420 1044 1
1045 1044 5
1038 1044 1
1039 1045 1
1352 1045 1
1421 1045 1
1113 1045 2
1041 1046 3
1420 1046 1
1038 1046 1
1038 1047 1
1156 1047 2
1397 1047 1
1041 1047 6
1749 1047 1
1098 1048 1
1049 1048 3
1038 1048 1
1749 1048 1
1121 1049 1
1352 1049 1
1039 1049 1
1099 1049 1
1565 1049 1
1406 1049 1
1420 1050 1
1038 1050 1
1041 1050 3
1230 1051 5
1637 1051 2
1287 1051 7
1393 1051 11
1797 1051 1
1050 1051 3
1399 1051 2
1439 1051 2
1208 1051 8
1139 1051 2
1209 1051 8
1163 1051 6
1642 1051 2
1691 1051 2
1192 1051 2
1179 1051 2
1041 1051 61
1212 1051 3
1164 1051 3
1394 1051 1
1441 1051 2
1696 1051 2
1158 1051 3
1041 1052 1
1041 1053 21
1540 1053 3
1341 1053 2
1340 1053 2
1502 1053 2
1052 1053 1
1357 1053 9
1382 1053 10
1739 1053 2
1055 1054 1
1059 1055 3
1613 1056 1
1542 1056 1
1666 1056 1
1286 1056 1
1472 1056 1
1586 1056 1
1054 1056 1
1639 1056 1
1667 1056 1
1336 1056 1
1514 1056 1
1435 1056 1
1405 1056 1
1716 1056 1
1623 1056 1
1520 1056 1
1470 1056 1
1762 1056 1
1569 1056 1
1041 1056 32
1259 1056 1
1415 1056 1
1665 1056 1
1065 1056 5
1799 1056 1
1577 1056 1
1774 1056 1
1796 1056 1
1666 1057 1
1542 1057 1
1636 1057 1
1701 1057 1
1623 1057 1
1778 1057 1
1054 1057 1
1405 1057 1
1041 1057 9
1059 1058 3
1061 1060 8
1535 1060 1
1302 1060 1
1781 1060 1
1645 1060 1
1587 1060 1
1745 1060 1
1207 1060 1
1604 1061 2
1303 1061 1
1188 1061 1
1195 1061 1
1184 1061 1
1534 1061 1
1210 1062 8
1060 1062 8
1286 1062 1
1229 1062 1
1669 1062 1
1410 1062 2
1173 1062 2
1646 1062 1
1741 1062 3
1222 1062 2
1355 1062 2
1231 1062 6
1706 1062 2
1041 1062 36
1183 1062 2
1494 1062 2
1202 1062 2
1742 1062 3
1721 1063 1
1064 1063 9
1249 1063 2
1480 1063 1
1329 1063 4
1250 1064 10
1186 1064 4
1068 1064 6
1063 1065 1
1256 1065 1
1066 1065 5
1683 1065 1
1598 1065 1
1523 1066 1
1185 1066 16
1339 1066 3
1064 1066 1
1252 1066 1
1524 1066 1
1041 1066 16
1068 1067 33
1063 1067 1
1256 1067 1
1531 1067 4
1667 1067 1
1586 1067 1
1262 1067 1
1290 1067 6
1254 1067 17
1253 1068 1
1252 1068 1
1178 1068 3
1187 1068 12
1235 1068 6
1337 1068 2
1186 1068 26
1460 1068 1
1263 1068 1
1532 1068 4
1562 1068 1
1421 1068 1
1458 1068 1
1185 1068 12
1064 1068 5
1066 1068 26
1297 1068 1
1172 1068 12
1254 1069 17
1068 1069 33
1067 1069 33
1071 1070 1
1059 1071 3
1647 1072 1
1070 1072 1
1788 1072 1
1747 1072 1
1420 1072 1
1543 1072 1
1073 1072 11
1503 1072 1
1749 1072 1
1112 1072 2
1216 1073 1
1180 1073 1
1352 1073 10
1071 1073 5
1113 1073 3
1421 1073 1
1073 1074 14
1420 1074 1
1238 1074 2
1072 1074 11
1073 1075 14
1074 1075 14
1041 1076 2
1438 1076 1
1078 1077 1
1032 1078 4
1614 1079 1
1077 1079 1
1295 1079 1
1080 1079 4
1654 1079 1
1460 1080 1
1296 1080 2
1132 1080 2
1490 1080 2
1091 1080 1
1600 1080 1
1078 1080 2
1556 1081 1
1082 1081 4
1108 1082 23
1084 1083 1
1414 1084 4
1083 1085 1
1551 1085 1
1220 1085 1
1086 1085 15
1378 1085 8
1098 1085 1
1383 1085 9
1693 1085 1
1776 1085 1
1557 1086 5
1601 1086 2
1221 1086 1
1099 1086 3
1084 1086 1
1421 1086 2
1627 1086 2
1352 1086 9
1477 1086 1
1495 1086 1
1240 1087 8
1392 1087 9
1191 1087 1
1498 1087 2
1083 1087 1
1787 1087 1
1112 1087 2
1088 1087 27
1378 1087 8
1420 1087 1
1363 1087 4
1478 1087 3
1366 1087 5
1084 1088 1
1352 1088 9
1421 1088 1
1086 1088 8
1101 1088 5
1408 1088 3
1028 1088 1
1121 1088 1
1039 1088 4
1113 1088 3
1787 1089 1
1112 1089 2
1378 1089 8
1083 1089 1
1498 1089 2
1478 1089 3
1088 1089 26
1366 1089 5
1363 1089 4
1240 1089 8
1191 1089 1
1420 1089 1
1091 1090 1
1068 1091 6
1587 1092 1
1093 1092 5
1802 1092 1
1207 1092 1
1090 1092 1
1460 1093 1
1188 1093 1
1091 1093 1
1534 1093 1
1041 1094 10
1599 1094 1
1544 1094 1
1092 1094 5
1718 1094 1
1450 1094 1
1750 1095 1
1041 1095 8
1418 1095 1
1092 1095 5
1095 1096 8
1541 1096 2
1041 1096 10
1722 1097 1
1041 1097 4
1090 1097 1
1251 1097 1
1802 1097 1
1099 1098 1
1059 1099 3
1101 1100 13
1378 1100 8
1551 1100 1
1776 1100 1
1098 1100 1
1383 1100 9
1099 1101 3
1121 1101 4
1039 1101 5
1408 1101 3
1352 1101 9
1101 1102 17
1100 1102 13
1383 1102 9
1359 1102 4
1373 1102 5
1551 1102 1
1101 1103 15
1366 1103 5
1098 1103 1
1551 1103 1
1363 1103 4
1383 1103 9
1378 1103 8
1776 1103 1
1745 1104 1
1675 1104 1
1750 1104 1
1105 1104 13
1781 1104 1
1098 1104 1
1112 1104 2
1302 1104 1
1517 1104 1
1749 1104 1
1507 1104 1
1578 1104 1
1656 1104 1
1299 1105 1
1556 1105 1
1099 1105 1
1457 1105 1
1604 1105 2
1451 1105 1
1113 1105 3
1352 1105 1
1600 1105 1
1248 1105 1
1303 1105 1
1312 1105 1
1635 1105 1
1275 1105 1
1755 1106 1
1318 1106 11
1177 1106 1
1228 1106 1
1098 1106 1
1372 1106 4
1570 1106 1
1749 1106 1
1108 1107 19
1781 1107 1
1755 1107 1
1570 1107 1
1641 1107 1
1745 1107 1
1217 1107 1
1228 1107 1
1589 1107 1
1106 1107 11
1302 1107 1
1664 1107 1
1177 1107 1
1318 1108 11
1352 1108 1
1218 1108 3
1113 1108 2
1339 1108 1
1421 1108 1
1627 1108 1
1604 1108 2
1316 1108 4
1279 1108 1
1303 1108 1
1244 1108 8
1082 1109 19
1107 1109 19
1664 1110 1
1750 1110 1
1792 1110 1
1302 1110 1
1720 1110 1
1217 1110 1
1498 1110 2
1675 1110 1
1607 1110 1
1749 1110 1
1745 1110 1
1041 1110 24
1106 1110 11
1781 1110 1
1314 1111 11
1106 1111 11
1496 1112 1
1113 1112 2
1497 1113 1
1264 1114 1
1392 1114 9
1507 1114 1
1073 1114 15
1112 1114 2
1749 1114 1
1747 1114 1
1749 1115 1
1675 1115 1
1781 1115 1
1750 1115 1
1116 1115 9
1517 1115 1
1112 1115 2
1745 1115 1
1578 1115 1
1604 1116 2
1352 1116 1
1190 1116 1
1277 1116 1
1556 1116 1
1113 1116 2
1248 1116 1
1451 1116 1
1600 1116 1
1105 1117 9
1656 1117 1
1743 1117 1
1507 1117 1
1699 1117 1
1112 1117 2
1603 1117 1
1688 1117 1
1749 1117 1
1121 1118 4
1252 1118 1
1091 1118 1
1339 1118 3
1068 1118 17
1524 1118 1
1250 1118 2
1523 1118 1
1119 1118 5
1460 1118 1
1073 1118 1
1532 1118 4
1190 1118 6
1627 1118 2
1073 1119 1
1339 1119 3
1118 1119 4
1358 1120 3
1121 1120 5
1359 1120 4
1558 1121 3
1352 1121 9
1101 1121 3
1339 1121 3
1041 1121 3
1123 1121 3
1123 1122 5
1120 1122 5
1121 1123 13
1343 1123 2
1073 1124 3
1420 1124 1
1543 1124 1
1124 1125 3
1608 1125 1
1073 1125 5
1339 1126 3
1041 1127 1
1126 1127 4
1055 1129 1
1156 1130 2
1799 1130 1
1336 1130 1
1041 1130 10
1229 1130 1
1778 1130 1
1129 1130 1
1577 1130 1
1569 1130 1
1132 1131 1
1032 1132 4
1131 1133 1
1667 1133 1
1080 1133 5
1470 1133 1
1285 1133 1
1750 1133 1
1438 1134 1
1240 1134 8
1740 1134 2
1041 1134 10
1136 1135 1
1032 1136 4
1128 1137 1
1291 1138 1
1689 1138 1
1496 1138 1
1738 1138 1
1137 1138 1
1772 1138 1
1041 1138 8
1798 1138 1
1609 1138 1
1041 1139 2
1137 1139 1
1137 1140 1
1141 1140 2
1128 1141 1
1787 1142 1
1380 1142 1
1381 1142 1
1140 1142 2
1026 1142 5
1291 1143 1
1798 1143 1
1744 1143 1
1314 1143 6
1496 1143 1
1137 1143 1
1551 1144 1
1041 1144 10
1590 1144 1
1143 1144 6
1509 1144 1
1041 1145 7
1143 1145 6
1041 1146 7
1143 1146 6
1041 1147 7
1143 1147 6
1041 1148 7
1143 1148 6
1041 1149 7
1143 1149 6
1041 1150 7
1143 1150 6
1143 1151 6
1041 1151 7
1041 1152 7
1143 1152 6
1143 1153 6
1041 1153 7
1041 1154 8
1143 1154 6
1705 1154 1
1705 1155 1
1041 1155 8
1143 1155 6
1137 1156 1
1157 1156 2
1128 1157 1
1041 1158 3
1156 1158 2
1156 1159 2
1314 1159 5
1170 1159 2
1314 1160 3
1156 1160 2
1137 1161 1
1162 1161 2
1128 1162 1
1121 1162 4
1161 1163 2
1041 1163 6
1356 1163 2
1787 1163 1
1137 1164 1
1041 1164 3
1787 1164 1
1059 1165 3
1167 1166 1
1105 1167 4
1169 1168 1
1166 1168 1
1167 1169 2
1180 1169 2
1507 1170 1
1314 1170 2
1438 1171 1
1041 1171 2
1059 1172 3
1420 1173 1
1041 1173 2
1041 1174 4
1621 1174 1
1438 1174 1
1692 1174 1
1041 1175 8
1174 1175 4
1335 1175 2
1515 1175 2
1338 1176 1
1041 1176 2
1316 1177 1
1059 1178 3
1041 1178 1
1789 1179 1
1041 1179 2
1032 1180 4
1182 1181 3
1338 1183 1
1041 1183 2
1082 1184 4
1451 1188 1
1082 1188 4
1080 1188 1
1338 1189 1
1041 1189 2
1339 1190 3
1039 1190 4
1352 1190 11
1193 1191 1
1028 1191 2
1438 1192 1
1041 1192 2
1028 1193 1
1041 1194 1
1082 1195 4
1197 1196 1
1213 1197 4
1551 1198 1
1196 1198 1
1594 1198 2
1333 1198 3
1590 1198 1
1041 1198 9
1509 1198 1
1314 1199 3
1543 1199 1
1420 1199 1
1196 1199 1
1314 1200 2
1196 1200 1
1200 1201 2
1041 1201 6
1333 1201 3
1041 1202 2
1196 1202 1
1314 1203 1
1196 1203 1
1196 1204 1
1041 1204 2
1041 1205 2
1196 1205 1
1041 1206 2
1196 1206 1
1188 1207 1
1535 1208 1
1207 1208 1
1745 1208 1
1587 1208 1
1781 1208 1
1645 1208 1
1061 1208 8
1302 1208 1
1302 1209 1
1061 1209 8
1781 1209 1
1745 1209 1
1587 1209 1
1645 1209 1
1207 1209 1
1535 1209 1
1061 1210 8
1535 1210 1
1302 1210 1
1781 1210 1
1645 1210 1
1587 1210 1
1207 1210 1
1745 1210 1
1590 1211 1
1041 1211 3
1449 1211 1
1226 1212 1
1548 1212 1
1041 1212 3
1352 1213 9
1041 1213 7
1213 1214 4
1622 1215 1
1213 1215 4
1650 1216 1
1213 1216 4
1218 1217 1
1059 1218 3
1032 1219 9
1372 1219 4
1217 1219 1
1380 1219 1
1720 1219 1
1570 1219 1
1755 1219 1
1221 1220 1
1414 1221 4
1041 1222 2
1449 1222 1
1082 1223 4
1248 1223 1
1488 1224 1
1420 1224 1
1546 1224 1
1680 1224 1
1068 1224 5
1329 1225 4
1782 1225 1
1783 1225 1
1469 1225 5
1428 1225 5
1068 1225 17
1224 1225 5
1084 1226 1
1548 1227 1
1226 1227 1
1041 1227 3
1316 1228 1
1068 1229 1
1577 1230 1
1229 1230 1
1336 1230 1
1569 1230 1
1041 1230 5
1041 1231 6
1229 1231 1
1684 1231 1
1770 1231 1
1775 1231 1
1508 1231 1
1643 1232 1
1041 1232 2
1064 1233 1
1233 1234 1
1577 1234 1
1041 1234 3
1165 1235 5
1068 1235 6
1119 1236 1
1242 1237 4
1236 1237 1
1553 1237 1
1118 1237 6
1547 1238 1
1073 1238 2
1086 1239 5
1740 1239 2
1582 1239 2
1239 1240 5
1086 1240 8
1619 1240 2
1041 1241 10
1240 1241 8
1438 1241 1
1358 1242 3
1119 1242 4
1244 1243 1
1771 1245 1
1338 1245 1
1243 1245 1
1626 1245 1
1737 1245 1
1420 1245 1
1108 1245 6
1551 1246 1
1705 1246 1
1509 1246 1
1590 1246 1
1594 1246 2
1041 1246 6
1740 1247 2
1041 1247 3
1250 1249 2
1059 1250 3
1252 1251 1
1068 1252 6
1059 1253 3
1775 1254 1
1396 1254 2
1762 1254 1
1777 1254 1
1469 1254 5
1770 1254 1
1489 1254 1
1508 1254 1
1068 1254 17
1796 1254 1
1767 1254 1
1533 1254 1
1254 1255 17
1118 1255 23
1280 1255 6
1252 1256 1
1280 1257 6
1721 1257 1
1531 1257 4
1480 1257 1
1470 1257 1
1358 1257 3
1256 1257 1
1118 1257 17
1667 1257 1
1598 1257 1
1683 1257 1
1643 1258 1
1041 1258 2
1260 1259 1
1059 1260 3
1745 1261 1
1041 1261 7
1520 1261 1
1612 1261 1
1259 1261 1
1781 1261 1
1774 1261 1
1613 1261 1
1646 1262 1
1481 1262 1
1697 1262 1
1520 1262 1
1669 1262 1
1774 1262 1
1613 1262 1
1259 1262 1
1263 1262 9
1260 1263 4
1068 1263 6
1461 1263 4
1071 1264 1
1747 1265 1
1503 1265 1
1749 1265 1
1264 1265 1
1507 1265 1
1073 1265 5
1073 1266 3
1749 1266 1
1264 1266 1
1747 1266 1
1749 1267 1
1073 1267 3
1747 1267 1
1264 1267 1
1507 1268 1
1264 1268 1
1747 1268 1
1073 1268 4
1749 1268 1
1705 1269 1
1041 1269 2
1449 1270 1
1041 1270 3
1590 1270 1
1250 1271 1
1271 1272 1
1064 1272 1
1274 1273 4
1032 1275 4
1032 1276 4
1032 1277 4
1032 1278 4
1635 1279 1
1082 1279 4
1190 1280 6
1749 1280 1
1358 1280 3
1359 1281 4
1470 1281 1
1118 1281 10
1358 1281 3
1125 1281 1
1667 1281 1
1280 1281 6
1280 1282 6
1125 1282 1
1359 1282 4
1118 1282 8
1578 1283 1
1280 1283 1
1116 1283 2
1280 1284 1
1750 1284 1
1781 1284 1
1517 1284 1
1745 1284 1
1675 1284 1
1116 1284 7
1578 1284 1
1078 1285 1
1165 1286 1
1639 1287 1
1286 1287 1
1514 1287 1
1435 1287 1
1716 1287 1
1041 1287 7
1665 1287 1
1286 1288 1
1041 1288 7
1639 1288 1
1514 1288 1
1665 1288 1
1435 1288 1
1716 1288 1
1409 1289 1
1716 1289 1
1639 1289 1
1514 1289 1
1302 1289 1
1435 1289 1
1041 1289 7
1286 1289 1
1514 1290 1
1716 1290 1
1286 1290 1
1665 1290 1
1639 1290 1
1235 1290 6
1292 1291 1
1294 1293 2
1291 1293 1
1292 1294 1
1296 1295 1
1185 1296 1
1105 1296 4
1068 1297 6
1299 1298 1
1105 1299 4
1101 1300 1
1300 1301 1
1101 1301 4
1478 1301 3
1303 1302 1
1059 1303 3
1041 1304 2
1302 1304 1
1409 1304 1
1781 1305 1
1749 1305 1
1664 1305 1
1108 1305 9
1607 1305 1
1302 1305 1
1498 1305 2
1745 1305 1
1082 1306 9
1305 1306 9
1277 1307 1
1116 1308 1
1307 1308 1
1307 1309 1
1116 1309 1
1250 1310 1
1312 1311 1
1032 1312 4
1160 1313 3
1753 1313 1
1311 1313 1
1159 1313 5
1298 1313 1
1511 1313 4
1427 1313 7
1033 1313 27
1759 1313 1
1434 1313 2
1611 1313 1
1314 1313 50
1651 1313 1
1293 1313 2
1550 1313 1
1135 1313 1
1034 1313 35
1136 1314 1
1299 1314 1
1457 1314 1
1197 1314 1
1318 1314 24
1312 1314 1
1591 1314 1
1277 1314 1
1421 1314 1
1157 1314 2
1786 1314 1
1492 1314 1
1401 1314 1
1497 1314 1
1113 1314 1
1128 1314 1
1294 1314 2
1316 1314 4
1099 1314 2
1216 1314 1
1275 1314 1
1292 1314 1
1316 1315 1
1059 1316 3
1478 1317 3
1315 1317 1
1383 1317 9
1378 1317 8
1363 1317 4
1318 1317 13
1352 1318 11
1099 1318 4
1408 1318 3
1039 1318 5
1316 1318 9
1317 1319 13
1318 1319 14
1310 1329 1
1549 1329 1
1064 1329 4
1659 1329 1
1064 1330 6
1552 1330 1
1329 1330 4
1721 1330 1
1332 1331 3
1543 1333 1
1314 1333 3
1420 1333 1
1333 1334 3
1594 1334 2
1041 1334 6
1590 1334 1
1041 1335 2
1564 1335 1
1337 1336 1
1059 1337 3
1339 1338 1
1352 1339 1
1101 1339 1
1371 1339 1
1467 1339 3
1121 1339 1
1126 1339 1
1041 1339 1
1066 1339 1
1039 1339 1
1123 1339 1
1338 1340 1
1041 1340 2
1041 1341 2
1338 1341 1
1338 1342 1
1343 1342 2
1339 1343 1
1123 1344 2
1342 1344 2
1338 1345 1
1041 1345 2
1690 1346 1
1638 1346 1
1108 1346 4
1338 1346 1
1761 1346 1
1505 1347 1
1338 1347 1
1041 1347 3
1338 1348 1
1108 1348 1
1338 1349 1
1108 1349 1
1338 1350 1
1041 1350 2
1352 1351 2
1338 1351 1
1121 1352 2
1339 1352 3
1041 1352 2
1371 1352 2
1101 1352 2
1318 1352 2
1213 1352 2
1185 1352 2
1408 1352 3
1086 1352 2
1626 1353 1
1041 1353 4
1420 1353 1
1338 1353 1
1338 1354 1
1108 1354 1
1338 1355 1
1041 1355 2
1339 1356 2
1338 1356 1
1356 1357 2
1378 1357 8
1041 1357 9
1339 1358 3
1356 1358 2
1358 1359 3
1121 1359 4
1162 1360 4
1359 1360 4
1359 1361 4
1123 1361 4
1118 1362 6
1740 1362 2
1359 1362 4
1358 1363 3
1039 1363 4
1363 1364 4
1026 1364 5
1476 1364 1
1392 1365 9
1363 1365 4
1190 1365 12
1383 1365 9
1378 1365 8
1101 1366 5
1363 1366 4
1358 1367 3
1126 1367 3
1358 1368 3
1066 1368 4
1066 1369 4
1368 1369 4
1371 1370 10
1383 1370 9
1358 1370 3
1352 1371 9
1339 1371 3
1039 1372 4
1358 1372 3
1101 1373 5
1372 1373 4
1032 1374 6
1656 1374 1
1749 1374 1
1372 1374 4
1358 1375 3
1371 1375 3
1356 1376 2
1339 1376 3
1352 1377 7
1376 1377 3
1478 1377 3
1352 1378 8
1377 1378 7
1378 1379 8
1190 1379 8
1397 1380 1
1378 1380 8
1318 1380 11
1575 1380 1
1378 1381 8
1318 1381 10
1417 1381 1
1041 1382 10
1397 1382 1
1378 1382 8
1352 1383 9
1378 1383 8
1383 1384 9
1041 1384 11
1397 1384 1
1383 1385 9
1086 1385 9
1318 1386 10
1383 1386 9
1213 1387 10
1606 1387 1
1383 1387 9
1383 1388 9
1086 1388 9
1121 1389 10
1383 1389 9
1389 1390 10
1123 1390 10
1383 1391 9
1086 1391 9
1378 1392 8
1352 1392 9
1392 1393 9
1509 1393 1
1041 1393 11
1041 1394 1
1041 1395 2
1705 1395 1
1172 1396 2
1099 1397 1
1041 1398 9
1397 1398 1
1564 1398 1
1509 1398 1
1551 1398 1
1351 1398 1
1791 1398 1
1617 1398 1
1438 1398 1
1548 1399 1
1041 1399 2
1041 1400 2
1590 1400 1
1105 1401 4
1180 1402 1
1402 1403 1
1169 1403 2
1403 1404 2
1585 1404 1
1503 1404 1
1169 1404 4
1055 1405 1
1123 1406 4
1605 1408 1
1477 1408 1
1169 1409 1
1381 1410 1
1041 1410 2
1082 1411 4
1296 1412 1
1412 1413 1
1661 1413 1
1080 1413 2
1627 1414 3
1421 1414 1
1066 1415 1
1041 1416 6
1762 1416 1
1666 1416 1
1796 1416 1
1472 1416 1
1415 1416 1
1316 1417 1
1419 1418 1
1080 1419 4
1421 1420 1
1786 1421 1
1626 1422 1
1041 1422 3
1420 1422 1
1626 1423 1
1414 1423 2
1420 1423 1
1420 1424 1
1414 1424 1
1420 1425 1
1414 1425 3
1740 1425 2
1420 1426 1
1414 1426 3
1740 1426 2
1507 1427 1
1543 1427 1
1420 1427 1
1744 1427 1
1551 1427 1
1509 1427 1
1314 1427 7
1488 1428 1
1068 1428 5
1680 1428 1
1546 1428 1
1420 1428 1
1068 1429 5
1428 1429 5
1420 1430 1
1041 1430 1
1041 1431 2
1420 1431 1
1433 1432 1
1420 1432 1
1421 1433 1
1314 1434 2
1420 1434 1
1235 1435 1
1086 1436 2
1772 1436 1
1436 1437 2
1086 1437 4
1740 1437 2
1406 1438 1
1438 1439 1
1041 1439 2
1041 1440 2
1438 1440 1
1438 1441 1
1041 1441 2
1655 1442 1
1049 1442 3
1438 1442 1
1787 1442 1
1564 1443 1
1041 1443 5
1438 1443 1
1791 1443 1
1617 1443 1
1041 1444 2
1438 1444 1
1041 1445 2
1438 1445 1
1041 1446 2
1438 1446 1
1438 1447 1
1041 1447 2
1438 1448 1
1041 1448 2
1215 1449 1
1451 1450 1
1059 1451 3
1574 1452 1
1668 1452 1
1792 1452 1
1450 1452 1
1453 1452 5
1757 1452 1
1451 1453 2
1080 1453 4
1707 1453 1
1709 1453 1
1600 1453 1
1058 1453 3
1708 1453 1
1675 1454 1
1453 1454 4
1450 1454 1
1792 1454 1
1757 1454 1
1750 1455 1
1450 1455 1
1456 1455 5
1792 1455 1
1675 1455 1
1712 1455 1
1600 1456 2
1451 1456 2
1419 1456 1
1105 1457 4
1068 1458 6
1332 1459 3
1068 1460 6
1059 1461 3
1463 1462 1
1695 1464 1
1462 1464 1
1465 1464 2
1463 1465 4
1371 1465 4
1467 1466 3
1172 1468 1
1674 1469 1
1468 1469 1
1571 1469 1
1698 1469 1
1068 1469 5
1091 1470 1
1626 1471 1
1740 1471 2
1041 1471 4
1263 1472 1
1474 1473 1
1472 1473 1
1278 1474 2
1263 1474 2
1477 1476 1
1563 1477 3
1476 1478 1
1408 1478 3
1616 1478 1
1041 1479 1
1250 1480 1
1461 1481 1
1105 1482 4
1276 1483 1
1485 1484 2
1483 1484 1
1276 1485 2
1484 1486 2
1487 1486 2
1485 1487 2
1172 1488 1
1178 1489 1
1105 1490 4
1105 1491 4
1105 1492 4
1041 1493 1
1705 1494 1
1041 1494 2
1497 1496 1
1113 1498 2
1496 1498 1
1041 1499 2
1705 1499 1
1705 1500 1
1041 1500 2
1041 1501 1
1041 1502 2
1754 1502 1
1180 1503 1
1626 1504 1
1041 1504 2
1506 1505 1
1113 1507 1
1178 1508 1
1099 1509 1
1564 1510 1
1582 1510 2
1740 1510 2
1652 1510 1
1509 1510 1
1041 1510 8
1543 1511 1
1551 1511 1
1314 1511 4
1509 1511 1
1276 1512 1
1485 1513 1
1512 1513 1
1165 1514 1
1041 1515 2
1626 1515 1
1316 1516 1
1248 1517 1
1517 1518 1
1223 1518 1
1223 1519 1
1517 1519 1
1461 1520 1
1041 1521 1
1705 1522 1
1041 1522 2
1068 1523 6
1066 1524 4
1185 1524 1
1187 1524 1
1526 1525 1
1800 1527 1
1525 1527 1
1528 1527 2
1526 1528 2
1528 1529 2
1525 1529 1
1800 1529 1
1253 1530 1
1532 1531 4
1530 1531 1
1758 1531 1
1790 1531 1
1068 1532 6
1253 1532 3
1178 1533 1
1082 1534 4
1080 1534 1
1600 1534 1
1184 1535 1
1537 1536 4
1482 1537 1
1539 1538 1
1066 1539 4
1783 1540 1
1538 1540 1
1041 1540 3
1041 1541 2
1768 1541 1
1055 1542 1
1216 1543 1
1058 1544 1
1041 1545 2
1794 1545 1
1172 1546 1
1071 1547 1
1221 1548 1
1250 1549 1
1277 1550 1
1099 1551 1
1250 1552 1
1118 1553 1
1041 1554 1
1475 1559 1
1559 1560 1
1475 1560 1
1041 1561 1
1068 1562 6
1565 1564 1
1123 1565 4
1583 1565 4
1041 1566 2
1564 1566 1
1406 1567 1
1567 1568 6
1172 1569 1
1316 1570 1
1172 1571 1
1482 1573 1
1058 1574 1
1316 1575 1
1041 1576 1
1250 1577 1
1556 1578 1
1081 1579 1
1578 1579 1
1578 1580 1
1081 1580 1
1116 1581 1
1578 1581 1
1421 1582 2
1798 1582 1
1185 1584 1
1167 1585 1
1458 1586 1
1534 1587 1
1041 1588 1
1244 1589 1
1591 1590 1
1041 1592 2
1590 1592 1
1590 1593 1
1041 1593 2
1590 1594 1
1041 1594 2
1278 1595 1
1595 1596 1
1474 1596 1
1041 1597 3
1652 1597 1
1769 1597 1
1523 1598 1
1600 1599 1
1059 1600 3
1082 1602 4
1275 1603 1
1059 1604 3
1059 1605 3
1213 1606 1
1218 1607 1
1073 1608 1
1299 1609 1
1609 1610 1
1041 1610 2
1492 1611 1
1506 1612 1
1260 1613 1
1490 1614 1
1689 1615 1
1041 1615 2
1605 1616 1
1506 1617 1
1601 1618 1
1601 1619 2
1618 1619 1
1619 1620 2
1086 1620 2
1086 1621 1
1055 1623 1
1041 1624 1
1041 1625 1
1627 1626 1
1555 1627 1
1041 1628 2
1626 1628 1
1482 1629 1
1629 1630 1
1537 1630 1
1463 1631 1
1465 1632 1
1631 1632 1
1088 1633 1
1088 1634 1
1633 1634 1
1532 1636 1
1789 1637 1
1041 1637 2
1244 1638 1
1165 1639 1
1041 1640 1
1244 1641 1
1041 1642 2
1789 1642 1
1214 1643 1
1643 1644 1
1041 1644 2
1195 1645 1
1260 1646 1
1073 1647 1
1279 1648 1
1648 1649 1
1108 1649 1
1457 1651 1
1406 1652 1
1652 1653 1
1041 1653 2
1132 1654 1
1565 1655 1
1635 1656 1
1279 1657 1
1656 1657 1
1279 1658 1
1656 1658 1
1250 1659 1
1794 1660 1
1041 1660 2
1490 1661 1
1663 1662 3
1218 1664 1
1165 1665 1
1055 1666 1
1460 1667 1
1058 1668 1
1461 1669 1
1474 1670 3
1262 1670 1
1793 1670 1
1670 1671 3
1474 1671 3
1670 1672 3
1474 1672 3
1754 1673 1
1041 1673 2
1172 1674 1
1451 1675 1
1675 1676 1
1792 1676 1
1453 1676 2
1188 1677 1
1675 1677 1
1188 1678 1
1675 1678 1
1172 1680 1
1041 1681 2
1789 1681 1
1041 1682 1
1524 1683 1
1406 1684 1
1684 1685 1
1723 1685 1
1686 1685 2
1406 1686 1
1724 1686 1
1684 1687 1
1567 1687 1
1299 1688 1
1312 1689 1
1244 1690 1
1041 1691 2
1705 1691 1
1086 1692 1
1477 1693 1
1125 1694 1
1119 1694 1
1463 1695 1
1041 1696 2
1787 1696 1
1260 1697 1
1172 1698 1
1312 1699 1
1351 1700 1
1041 1700 2
1253 1701 1
1041 1702 1
1041 1703 1
1197 1705 1
1041 1706 2
1705 1706 1
1041 1710 2
1789 1710 1
1710 1711 2
1041 1711 2
1419 1712 1
1041 1713 1
1463 1714 1
1465 1715 1
1714 1715 1
1165 1716 1
1041 1717 1
1453 1718 1
1453 1719 1
1718 1719 1
1218 1720 1
1250 1721 1
1523 1722 1
1724 1723 1
1487 1725 1
1487 1726 1
1487 1727 1
1487 1728 1
1487 1729 1
1487 1730 1
1487 1731 1
1487 1732 1
1487 1733 1
1487 1734 1
1487 1735 1
1041 1736 1
1244 1737 1
1555 1738 1
1041 1739 2
1738 1739 1
1738 1740 1
1627 1740 2
1740 1741 2
1041 1741 3
1041 1742 3
1740 1742 2
1457 1743 1
1591 1744 1
1604 1745 1
1745 1746 1
1041 1746 1
1071 1747 1
1041 1748 1
1352 1749 1
1600 1750 1
1750 1751 1
1534 1751 1
1750 1752 1
1534 1752 1
1401 1753 1
1433 1754 1
1316 1755 1
1755 1756 1
1784 1756 1
1318 1756 2
1058 1757 1
1253 1758 1
1275 1759 1
1041 1760 1
1244 1761 1
1337 1762 1
1041 1763 1
1041 1764 1
1482 1765 1
1573 1766 1
1765 1766 1
1172 1767 1
1536 1768 1
1084 1769 1
1253 1770 1
1244 1771 1
1495 1772 1
1772 1773 1
1086 1773 1
1461 1774 1
1172 1775 1
1099 1776 1
1337 1777 1
1524 1778 1
1250 1779 1
1779 1780 1
1064 1780 1
1604 1781 1
1562 1782 1
1297 1783 1
1316 1784 1
1041 1785 1
1121 1787 1
1071 1788 1
1215 1789 1
1253 1790 1
1506 1791 1
1600 1792 1
1278 1793 1
1214 1794 1
1041 1795 1
1172 1796 1
1041 1797 1
1786 1798 1
1178 1799 1
1526 1800 1
1528 1801 1
1800 1801 1
1460 1802 1
1041 1803 1
