9116 9115 1
9118 9117 46
9647 9117 1
12772 9117 1
9157 9117 1
14688 9117 1
9425 9117 1
12784 9117 1
9288 9117 1
14664 9117 1
12853 9117 1
9636 9117 1
14653 9117 1
9622 9117 1
9469 9117 1
9352 9117 1
9226 9117 1
9151 9117 1
9557 9117 1
12759 9117 1
9577 9117 1
14645 9117 1
9575 9117 1
9198 9117 1
9449 9117 1
12761 9117 1
14682 9117 1
9574 9117 1
14675 9117 1
9620 9117 1
9237 9117 1
9206 9117 1
9187 9117 1
9648 9117 1
9571 9117 1
9334 9117 1
12860 9117 1
14694 9117 1
9594 9117 1
9529 9117 1
9576 9117 1
9279 9117 1
14652 9117 1
9115 9117 1
9635 9117 1
9689 9117 1
9617 9117 1
9158 9118 6
9116 9118 16
15595 9118 70
9228 9118 2
9238 9118 1
9351 9118 1
15779 9118 1
9199 9118 1
15604 9118 43
15781 9118 1
9290 9118 2
9353 9118 4
9156 9118 2
9188 9118 7
9280 9118 1
9155 9118 2
9476 9118 1
9445 9118 2
9566 9118 2
15592 9118 42
14664 9119 1
12860 9119 1
12759 9119 1
12761 9119 1
9151 9119 1
14653 9119 1
9115 9119 1
9226 9119 1
9117 9119 46
14688 9119 1
9118 9119 56
9191 9119 8
9449 9119 1
9206 9119 1
15639 9119 24
9635 9119 1
9574 9119 1
9647 9119 1
9571 9119 1
12853 9119 1
9198 9120 1
9575 9120 1
9352 9120 1
12784 9120 1
9121 9120 60
9557 9120 1
12772 9120 1
9227 9120 1
9305 9120 1
9119 9120 56
9679 9120 1
9279 9120 1
9576 9120 1
9689 9120 1
9303 9120 1
9117 9120 46
9334 9120 1
9188 9121 4
9445 9121 2
9199 9121 1
9118 9121 56
9476 9121 1
15779 9121 1
9155 9121 1
9608 9121 1
9351 9121 1
15781 9121 1
9290 9121 1
9228 9121 1
9280 9121 1
9353 9121 1
9566 9121 1
9515 9122 1
9119 9122 56
9121 9122 60
9631 9122 1
9516 9122 1
9124 9123 62
15593 9123 50
9122 9123 60
9399 9123 1
9295 9124 3
9269 9124 1
15741 9124 1
9121 9124 61
9393 9124 3
12981 9124 1
15590 9125 62
15593 9125 50
9122 9125 60
9399 9125 1
15805 9126 10
15807 9126 13
9352 9126 1
9658 9126 1
9626 9126 1
15804 9127 9
15807 9127 9
9352 9128 1
9179 9128 1
9346 9128 1
15804 9128 9
15807 9128 15
12770 9128 1
14649 9128 1
14675 9128 1
9237 9128 1
9402 9128 1
12773 9128 1
9609 9128 1
9187 9129 1
9648 9129 1
9617 9129 1
9622 9129 1
14687 9129 1
9296 9129 1
15604 9129 15
14682 9129 1
9577 9129 1
9154 9129 1
14645 9129 1
14652 9130 1
9648 9130 1
14645 9130 1
9187 9130 1
15604 9130 8
9617 9130 1
9577 9130 1
9622 9130 1
15681 9131 4
15717 9132 1
12760 9133 1
9132 9133 1
9511 9133 1
12776 9133 1
9134 9133 4
9193 9134 1
9210 9134 1
9444 9134 1
9428 9134 1
9318 9134 2
15717 9134 2
9132 9135 1
15725 9135 2
12776 9135 1
14685 9136 1
9132 9136 1
15722 9136 3
9432 9136 1
15722 9137 2
12760 9137 1
9132 9137 1
14648 9138 1
9442 9138 1
9682 9138 2
12790 9138 1
9455 9138 1
9685 9138 1
9232 9138 1
9325 9138 1
9139 9138 10
9295 9139 1
9683 9139 2
9704 9139 1
9193 9139 1
15713 9139 1
9393 9139 3
9219 9139 2
9210 9139 1
9233 9139 8
9353 9139 1
9326 9139 1
15608 9140 24
9638 9140 2
9503 9140 1
9333 9140 2
14682 9140 1
9178 9140 2
14652 9140 1
9636 9140 1
9424 9140 4
9434 9140 2
9222 9140 2
9634 9140 2
9630 9140 1
9324 9140 2
9138 9140 1
9142 9141 2
9237 9141 1
9138 9141 1
9139 9142 1
9353 9142 1
9326 9142 1
9683 9142 2
9233 9142 6
9238 9142 1
9142 9143 1
9138 9143 1
9138 9144 1
9142 9144 1
9138 9145 1
9142 9145 1
12768 9146 1
9524 9146 1
9138 9146 1
12762 9146 1
9630 9146 1
15656 9146 6
9552 9146 1
9142 9147 1
9138 9147 1
9138 9148 1
9142 9148 1
9138 9149 1
9142 9149 1
9138 9150 1
9142 9150 1
9116 9151 1
9153 9152 4
15687 9153 9
9155 9154 1
9158 9157 1
15604 9159 1
9157 9159 1
14694 9160 1
9157 9160 1
12978 9160 1
15632 9160 5
9425 9160 1
9620 9160 1
9162 9161 4
9164 9163 1
9166 9165 1
9163 9165 1
9164 9166 5
14644 9167 1
15748 9167 4
9163 9167 1
9601 9167 1
9496 9167 1
9169 9168 1
9177 9169 4
15656 9170 4
9168 9170 1
9253 9170 2
9691 9170 1
9172 9171 1
9168 9171 1
9169 9172 1
15729 9173 1
9168 9173 1
9325 9174 1
9389 9174 3
9168 9174 1
15679 9174 6
12767 9174 1
12762 9174 1
9172 9175 1
9168 9175 1
9177 9176 4
9431 9177 2
12857 9178 1
9139 9178 2
15713 9179 1
15715 9180 6
9179 9180 1
9658 9180 1
9699 9180 1
14647 9180 1
14649 9180 1
14656 9180 1
9179 9181 1
9609 9181 1
14649 9181 1
12773 9181 1
15807 9181 5
9296 9181 1
9218 9182 1
9685 9182 1
9179 9182 1
9423 9182 3
12762 9182 1
14648 9182 1
9323 9182 1
9183 9182 21
9442 9182 1
9433 9182 1
9325 9182 1
12777 9182 2
12863 9182 1
9232 9182 1
9679 9182 1
9645 9182 1
12790 9182 1
12857 9182 1
9393 9183 3
9353 9183 1
15713 9183 1
9326 9183 1
9704 9183 1
9210 9183 1
9219 9183 2
9193 9183 1
9295 9183 1
9233 9183 8
9608 9183 1
9179 9184 1
9139 9184 2
9179 9185 1
14649 9185 1
9609 9185 1
9296 9185 1
12773 9185 1
15807 9185 6
9352 9185 1
9210 9186 2
9188 9187 1
9577 9189 1
9187 9189 1
9622 9189 1
14645 9189 1
9648 9189 1
9617 9189 1
15604 9189 7
9469 9190 1
14682 9190 1
9187 9190 1
14664 9190 1
9296 9190 1
9617 9190 1
9622 9190 1
9577 9190 1
9648 9190 1
9594 9190 1
14645 9190 1
15604 9190 12
9617 9191 1
9296 9191 1
9187 9191 1
14645 9191 1
14687 9191 1
9622 9191 1
15595 9191 8
9648 9191 1
15595 9192 8
9191 9192 8
9352 9194 1
9183 9194 2
15673 9195 1
9195 9196 1
15675 9196 1
15604 9197 2
14693 9197 1
9199 9198 1
9607 9199 1
15595 9200 3
9198 9200 1
9296 9201 1
15604 9201 4
9198 9201 1
9487 9201 1
14652 9201 1
9198 9202 1
9253 9202 2
9203 9202 3
15595 9203 1
15750 9203 2
9254 9203 2
9199 9203 1
9198 9204 1
9253 9204 2
9203 9204 3
9153 9205 4
9116 9206 1
12860 9207 1
12761 9207 1
14664 9207 1
12759 9207 1
9206 9207 1
15592 9207 8
9226 9207 1
12853 9207 1
9153 9208 4
9210 9209 1
9378 9211 1
9209 9211 1
9186 9211 2
9378 9212 1
9209 9212 1
9186 9212 2
9214 9213 1
9209 9213 1
9193 9214 1
9210 9214 1
9216 9215 3
9277 9217 1
9219 9218 1
9218 9220 1
9221 9220 5
12863 9220 1
12777 9220 2
9323 9220 1
9704 9221 1
9219 9221 2
9233 9221 2
9139 9222 2
9218 9222 1
9162 9223 4
9584 9224 1
9134 9224 4
9645 9224 1
12857 9224 1
9504 9225 1
9224 9225 4
9134 9225 5
9116 9226 1
9228 9227 1
15686 9229 4
15681 9230 4
15681 9231 4
9233 9232 1
9650 9234 2
9232 9234 1
9301 9234 1
15719 9234 4
14659 9235 1
9232 9235 1
15715 9235 8
9685 9235 1
9650 9235 2
9442 9235 1
9682 9235 2
9232 9236 1
9685 9236 1
14648 9236 1
9142 9236 5
9442 9236 1
12790 9236 1
9238 9237 1
15604 9239 1
9237 9239 1
9142 9240 1
9237 9240 1
15737 9241 1
9705 9242 1
9241 9242 1
9519 9242 1
15739 9242 3
9200 9243 1
14676 9243 1
9203 9243 3
9447 9243 1
9203 9244 3
9200 9244 1
14676 9244 1
9447 9244 1
9447 9245 1
9203 9245 3
9200 9245 1
14676 9245 1
9203 9246 3
9200 9246 1
14676 9246 1
9447 9246 1
9203 9247 3
14676 9247 1
9200 9247 1
9447 9247 1
9203 9248 1
9200 9248 1
15649 9249 2
9200 9249 1
9395 9249 1
15649 9250 2
9200 9250 1
9395 9250 1
15649 9251 2
9395 9251 1
9200 9251 1
9395 9252 1
9200 9252 1
15649 9252 2
9630 9253 1
9254 9253 2
9139 9254 1
9253 9255 2
9300 9255 1
15752 9255 3
9650 9256 2
15656 9256 4
9253 9256 2
15608 9257 9
12781 9257 1
9253 9257 2
9612 9257 1
12857 9257 1
9645 9257 1
12796 9257 1
14652 9257 1
9636 9257 1
9253 9258 2
9552 9258 1
15656 9258 5
9531 9258 2
9552 9259 1
15656 9259 3
9253 9259 2
9253 9260 2
9261 9260 2
9254 9261 2
9277 9261 1
9261 9262 2
9253 9262 2
9264 9263 2
9253 9263 2
9254 9264 2
9266 9265 1
9177 9266 4
9343 9267 1
15729 9267 2
9265 9267 1
9343 9268 1
9265 9268 1
9269 9268 2
15673 9269 2
9344 9269 1
9266 9269 1
9620 9270 1
15632 9270 7
9343 9270 1
12799 9270 1
12978 9270 1
9265 9270 1
14694 9270 1
14687 9270 1
9265 9271 1
9272 9271 1
9266 9272 1
9343 9273 1
15729 9273 2
9265 9273 1
9269 9274 2
9265 9274 1
12799 9275 1
9345 9275 2
9274 9275 2
9269 9275 5
15632 9276 10
9620 9276 1
9425 9276 1
14670 9276 1
14694 9276 1
9265 9276 1
9343 9276 1
12799 9276 1
14687 9276 1
14682 9276 1
9698 9276 1
9264 9277 4
15604 9278 2
12977 9278 1
9280 9279 1
9155 9281 1
15604 9282 1
9281 9282 1
9164 9283 1
9283 9284 1
9285 9284 1
9444 9285 1
9164 9285 3
9326 9285 1
15737 9286 1
15739 9287 1
9286 9287 1
9228 9288 1
15604 9289 2
14675 9289 1
9288 9289 1
15762 9291 3
9705 9291 1
9588 9291 1
15760 9291 1
9557 9292 1
9511 9292 1
15760 9292 1
9449 9292 1
15773 9292 8
9579 9292 1
9689 9292 1
9379 9292 1
12760 9292 1
9121 9293 1
9293 9294 1
9295 9294 1
9121 9295 3
9476 9295 1
15779 9296 1
9296 9297 1
9699 9297 1
9591 9297 1
15807 9297 3
14649 9298 1
15666 9298 3
9698 9298 1
9296 9298 1
14649 9299 1
15666 9299 3
9698 9299 1
9296 9299 1
15750 9300 1
9302 9301 1
9188 9303 1
15686 9304 4
15781 9305 1
14686 9306 1
15719 9306 2
9305 9306 1
9659 9307 1
15719 9307 2
9305 9307 1
9305 9308 1
12799 9308 1
15675 9308 2
9305 9309 1
9496 9309 1
15743 9309 2
15656 9310 3
9630 9310 1
9325 9310 1
9305 9310 1
9325 9311 1
9305 9311 1
15656 9311 2
15748 9312 7
9371 9312 2
9529 9312 1
9582 9312 1
9487 9312 1
9552 9312 1
9305 9312 1
15656 9313 2
9325 9313 1
9305 9313 1
9305 9314 1
15679 9314 2
9325 9314 1
15737 9315 1
15739 9316 1
9315 9316 1
9318 9317 1
9414 9319 1
12776 9319 1
9320 9319 3
9317 9319 1
9417 9320 5
9318 9320 8
15692 9321 1
9423 9322 3
9442 9322 1
9321 9322 1
15696 9322 5
9219 9323 1
9139 9324 2
9323 9324 1
9326 9325 5
14649 9325 1
9698 9325 1
14646 9326 1
15677 9326 1
15686 9327 4
9139 9328 2
9353 9328 3
15686 9329 4
15687 9330 3
15687 9331 3
15687 9332 3
9139 9333 2
9645 9333 1
9155 9334 1
9511 9335 1
9318 9335 4
12776 9335 1
14683 9335 1
9416 9336 5
15725 9336 9
9335 9336 4
12856 9337 1
9416 9337 5
9320 9337 10
9335 9337 4
9161 9338 1
9338 9339 1
15702 9339 1
9341 9340 1
9388 9341 4
15702 9342 1
9340 9342 1
9344 9343 1
9177 9344 4
9343 9345 1
9269 9345 2
15779 9346 1
9686 9347 1
9612 9347 1
15796 9347 3
9346 9347 1
9630 9348 1
9612 9348 1
9346 9348 1
9419 9348 1
15702 9348 6
9686 9348 1
12796 9349 1
9686 9349 1
9346 9349 1
15796 9349 3
15702 9350 5
9346 9350 1
9630 9350 1
12796 9350 1
9686 9350 1
9353 9352 1
9352 9354 1
9479 9354 1
12781 9354 1
15781 9354 6
12796 9354 1
14682 9354 1
9612 9354 1
9352 9355 1
9658 9355 1
9591 9355 1
15715 9355 4
14656 9355 1
9352 9356 1
9328 9356 3
9434 9356 2
9328 9357 3
9434 9357 2
9352 9357 1
9352 9358 1
9434 9358 2
9328 9358 3
9328 9359 3
9352 9359 1
9434 9359 2
9328 9360 3
9352 9360 1
9434 9360 2
9328 9361 3
9434 9361 2
9352 9361 1
9352 9362 1
15781 9362 2
9352 9363 1
15679 9363 1
14670 9364 1
9352 9364 1
15781 9364 3
14675 9365 1
15679 9365 7
9364 9365 3
9524 9365 1
9475 9365 1
12762 9365 1
9352 9366 1
9121 9366 2
9295 9367 3
9366 9367 2
9367 9368 3
9392 9368 3
9124 9368 6
9370 9369 3
9367 9369 3
9295 9370 3
9393 9370 3
9516 9371 1
15592 9371 2
9529 9372 1
15748 9372 3
9371 9372 2
9529 9373 1
9371 9373 2
15748 9373 3
9375 9374 2
9502 9374 1
15737 9376 1
9376 9377 1
15739 9377 1
9210 9378 1
9290 9379 1
9449 9380 1
9379 9380 1
9557 9380 1
9574 9380 1
15595 9380 6
9380 9381 6
15595 9381 7
9580 9382 5
15773 9382 11
9380 9382 6
9379 9383 1
15604 9383 1
9579 9384 1
9379 9384 1
15773 9384 2
9379 9385 1
9692 9385 2
9579 9385 1
15773 9385 4
15773 9386 2
9379 9386 1
9579 9386 1
9623 9387 1
15727 9387 2
9379 9387 1
9475 9389 1
9295 9389 3
12762 9389 1
9389 9390 3
15656 9390 3
9575 9391 1
9121 9391 2
9393 9392 3
9391 9392 2
9121 9393 4
9618 9393 1
9392 9394 3
9370 9394 3
9164 9395 1
9285 9396 1
9395 9396 1
15737 9397 1
9397 9398 1
15739 9398 1
15741 9399 1
9399 9400 1
15590 9400 1
15590 9401 1
9399 9401 1
9351 9402 1
9591 9403 1
9699 9403 1
12773 9403 1
9558 9403 1
9402 9403 1
15807 9403 6
9609 9403 1
9405 9404 2
9678 9404 1
9177 9406 4
9408 9407 1
9410 9409 6
9644 9409 1
9701 9409 3
9407 9409 1
9408 9410 4
9409 9411 6
9410 9411 7
9411 9412 7
9410 9412 7
9407 9413 1
9644 9413 1
9410 9413 2
9318 9414 1
9414 9415 1
14685 9415 1
15725 9415 2
9549 9416 3
9550 9416 3
9417 9416 5
9431 9417 2
9548 9418 3
9416 9418 5
15725 9418 6
9351 9419 1
15796 9420 1
9419 9420 1
9419 9421 1
15781 9421 1
9176 9422 1
9484 9423 2
9393 9423 3
9423 9424 3
9139 9424 4
9158 9425 1
15604 9426 1
9425 9426 1
9164 9429 1
9166 9430 1
9429 9430 1
15737 9431 1
9326 9431 1
15717 9432 1
9233 9433 1
9139 9434 2
9433 9434 1
9434 9435 2
9328 9435 2
9328 9436 2
9434 9436 2
14652 9437 1
9636 9437 1
15608 9437 4
9434 9437 2
14652 9438 1
9434 9438 2
15608 9438 3
9434 9439 2
15608 9439 2
15677 9440 1
9440 9441 1
15679 9441 1
9233 9442 1
9443 9444 3
15750 9447 1
9447 9448 1
15752 9448 1
9116 9449 1
9452 9451 3
9325 9451 1
9584 9451 1
9326 9452 1
9444 9452 1
9452 9453 4
9451 9453 3
15649 9454 4
9453 9454 4
9353 9455 1
15781 9456 2
14682 9456 1
9455 9456 1
9455 9457 1
9142 9457 1
9455 9458 1
9142 9458 1
9455 9459 1
9142 9459 1
9142 9460 1
9455 9460 1
9142 9461 1
9455 9461 1
9328 9462 2
9455 9462 1
14682 9462 1
9455 9463 1
14682 9463 1
9328 9463 2
9455 9464 1
9328 9464 2
14682 9464 1
9455 9465 1
9328 9465 2
14682 9465 1
9328 9466 2
9455 9466 1
14682 9466 1
9328 9467 2
14682 9467 1
9455 9467 1
9455 9468 1
9328 9468 1
9158 9469 1
9620 9470 1
9469 9470 1
15604 9470 2
12799 9471 1
9469 9471 1
15632 9471 2
9469 9472 1
15632 9472 3
12799 9472 1
9649 9472 1
15632 9473 2
12799 9473 1
9469 9473 1
12799 9474 1
9469 9474 1
15632 9474 2
9476 9475 1
15696 9477 1
9475 9477 1
15679 9478 1
9475 9478 1
9351 9479 1
15796 9480 1
9479 9480 1
9479 9481 1
15781 9481 1
15781 9482 1
9479 9482 1
9445 9483 1
9483 9484 1
9121 9484 2
15673 9485 1
9485 9486 1
15675 9486 1
9155 9487 1
15604 9488 2
9487 9488 1
15768 9489 1
9487 9489 1
15768 9490 1
9487 9490 1
15768 9491 1
9487 9491 1
9176 9492 1
9492 9493 1
9422 9493 1
9492 9494 1
9422 9494 1
9422 9495 1
9492 9495 1
9164 9496 1
14644 9497 1
9496 9497 1
15748 9497 3
9601 9497 1
9601 9498 1
9496 9498 1
15748 9498 3
14644 9498 1
9601 9499 1
9496 9499 1
14644 9499 1
15748 9499 3
9496 9500 1
14644 9500 1
9601 9500 1
15748 9500 3
9601 9501 1
9516 9501 1
9496 9501 1
14644 9501 1
15748 9501 4
9139 9503 3
12777 9503 2
9428 9504 1
15679 9505 2
9504 9505 1
12787 9505 1
9504 9506 1
15679 9506 2
12787 9506 1
12787 9507 1
9504 9507 1
15679 9507 2
9508 9509 3
15592 9510 4
9318 9511 1
12760 9512 1
15725 9512 2
9511 9512 1
9511 9513 1
12776 9513 1
9320 9513 2
15604 9514 1
9188 9515 1
9188 9516 1
15604 9517 1
9516 9517 1
15737 9519 1
15739 9520 2
9705 9520 1
9519 9520 1
9705 9521 1
9588 9521 1
9519 9521 1
14653 9521 1
15762 9521 6
9531 9521 2
9588 9522 1
15762 9522 5
9705 9522 1
9531 9522 2
9519 9522 1
9519 9523 1
9588 9523 1
14653 9523 1
15762 9523 6
9705 9523 1
9531 9523 2
15677 9524 1
9526 9525 1
9524 9525 1
9326 9526 1
15677 9526 1
9526 9527 2
9524 9527 1
9325 9527 1
9526 9528 2
9325 9528 1
9524 9528 1
9188 9529 1
15604 9530 1
9529 9530 1
9431 9531 2
9325 9531 1
9531 9532 2
15729 9532 2
15739 9533 2
9531 9533 2
9535 9534 2
9531 9534 2
9431 9535 2
15739 9536 3
9600 9536 1
9531 9536 2
9588 9537 1
9431 9537 3
9531 9537 2
15762 9538 2
9531 9538 2
9177 9539 2
9531 9539 2
15762 9540 2
9531 9540 2
15762 9541 2
9531 9541 2
9531 9542 2
15762 9542 2
9531 9543 2
15762 9543 2
9531 9544 2
9535 9544 2
9535 9545 2
9531 9545 2
9531 9546 2
9535 9546 2
15729 9547 2
9531 9547 2
9417 9548 3
9531 9548 2
9417 9549 3
9531 9549 2
9531 9550 2
9417 9550 3
9531 9551 2
9535 9551 2
9155 9552 1
15604 9553 3
14682 9553 1
14687 9553 1
9552 9553 1
9408 9554 1
9554 9555 1
9410 9555 1
9290 9557 1
9231 9558 1
15677 9559 1
9650 9560 2
15679 9560 3
9559 9560 1
9445 9561 1
15604 9562 2
9561 9562 1
9680 9562 1
15677 9563 1
9563 9564 1
15679 9564 1
9566 9565 1
9565 9567 1
15604 9567 1
15604 9568 2
9565 9568 1
14693 9568 1
9579 9569 1
15777 9569 2
9565 9569 1
9565 9570 1
15604 9570 2
9116 9571 1
15737 9572 1
15739 9573 1
9572 9573 1
9116 9574 1
9445 9575 1
15779 9576 1
9188 9577 1
9601 9578 1
9164 9578 2
9566 9579 1
9579 9580 1
9635 9580 1
9689 9580 1
15595 9580 5
9579 9581 1
15604 9581 1
15602 9582 1
9444 9583 1
9444 9584 1
9583 9585 1
9584 9585 1
9584 9586 1
9325 9586 1
9285 9586 2
15737 9588 1
9588 9589 1
15739 9589 1
15604 9590 2
9623 9590 1
9280 9591 1
15807 9592 2
9591 9592 1
14656 9592 1
9591 9593 1
15604 9593 3
9699 9593 1
9158 9594 1
9598 9597 1
15737 9600 1
9164 9601 1
15743 9602 1
9601 9602 1
9302 9603 1
15750 9605 1
15752 9606 1
9605 9606 1
9280 9609 1
15604 9610 1
9609 9610 1
9609 9611 1
15807 9611 2
12773 9611 1
9351 9612 1
12781 9613 1
9612 9613 1
12796 9613 1
15781 9613 3
9612 9614 1
15781 9614 3
12796 9614 1
12781 9614 1
15595 9615 2
15762 9616 2
9615 9616 2
9188 9617 1
15592 9619 1
9158 9620 1
9406 9621 1
9188 9622 1
9290 9623 1
9623 9624 1
15604 9624 1
9623 9625 1
12977 9625 1
15604 9625 2
9598 9626 1
15715 9627 1
9626 9627 1
15702 9628 2
14682 9628 1
9269 9629 1
9139 9630 1
9188 9631 1
9642 9633 2
12762 9634 1
9139 9634 2
9116 9635 1
9156 9636 1
15604 9637 1
9636 9637 1
12863 9638 1
9139 9638 2
9223 9640 1
9640 9641 1
15608 9641 1
9233 9642 1
9566 9643 1
9408 9644 1
9193 9645 1
9193 9646 1
9116 9647 1
9188 9648 1
9233 9649 1
9642 9650 2
9649 9650 1
15696 9651 2
9650 9651 2
9650 9652 2
9633 9652 2
9633 9653 2
9650 9653 2
15679 9654 2
9650 9654 2
9650 9655 2
15675 9655 2
15632 9656 2
9650 9656 2
9325 9657 1
9142 9657 4
9682 9657 2
9649 9657 1
9598 9658 1
9302 9659 1
9277 9660 1
9261 9661 1
9660 9661 1
9261 9662 1
9660 9662 1
9660 9663 1
9261 9663 1
9660 9664 1
9261 9664 1
9261 9665 1
9660 9665 1
9261 9666 1
9660 9666 1
9660 9667 1
9261 9667 1
9660 9668 1
9261 9668 1
9675 9674 1
9660 9674 1
9277 9675 1
9675 9676 1
9660 9676 1
9217 9677 1
9660 9677 1
9608 9679 1
9445 9680 1
12768 9681 1
9699 9681 1
9680 9681 1
9118 9681 3
9683 9682 2
12762 9682 1
9295 9683 1
15679 9684 2
9682 9684 2
9233 9685 1
9155 9686 1
9598 9687 1
15715 9688 1
9687 9688 1
9566 9689 1
15702 9691 1
15773 9692 2
9269 9693 1
9693 9694 1
9124 9694 1
9629 9695 1
9693 9695 1
9629 9696 1
9693 9696 1
15677 9698 1
9353 9699 1
15807 9700 2
9699 9700 1
14656 9700 1
14655 9701 2
9410 9701 3
9618 9702 1
9702 9703 1
9393 9703 1
15737 9705 1
9116 12759 1
15717 12760 1
9116 12761 1
9295 12762 1
9683 12763 2
12762 12763 1
12763 12764 2
15679 12764 2
15715 12765 1
12762 12765 1
12762 12766 1
15715 12766 1
15677 12767 1
9353 12768 1
15656 12769 1
12768 12769 1
9230 12770 1
9131 12771 1
9476 12772 1
9280 12773 1
12773 12774 1
15604 12774 2
12773 12775 1
15604 12775 1
9318 12776 1
9233 12777 2
9164 12778 1
9166 12779 1
12778 12779 1
9351 12781 1
15592 12782 2
14688 12782 1
9351 12784 1
15717 12785 1
12785 12786 1
15722 12786 1
15677 12787 1
9318 12788 1
12788 12789 1
9320 12789 1
9233 12790 1
15604 12791 1
9290 12792 1
9446 12793 1
15725 12794 2
12793 12794 1
14657 12794 1
15725 12795 2
12793 12795 1
12856 12795 1
9351 12796 1
9164 12797 1
12797 12798 1
9285 12798 1
15673 12799 1
15632 12800 1
12799 12800 1
12802 12801 1
12799 12801 1
15673 12802 1
15632 12803 1
12799 12803 1
12802 12804 1
12799 12804 1
12799 12805 1
12802 12805 1
12799 12806 1
15632 12806 1
12802 12807 1
12799 12807 1
12799 12849 1
15632 12849 1
12802 12850 1
12799 12850 1
15737 12851 1
15739 12852 1
12851 12852 1
9116 12853 1
9164 12854 1
15743 12855 1
12854 12855 1
9318 12856 1
9210 12857 1
15623 12858 1
12857 12858 1
15604 12859 1
9116 12860 1
15677 12861 1
12861 12862 1
15679 12862 1
9704 12863 1
9221 12864 1
12863 12864 1
9526 12975 1
9325 12975 1
15656 12976 1
9325 12976 1
9290 12977 1
15673 12978 1
12978 12979 1
9269 12979 1
12981 12980 1
9124 14640 1
12980 14640 1
12980 14641 1
14642 14641 1
12981 14642 1
14642 14643 1
12980 14643 1
15595 14644 1
9188 14645 1
9598 14647 1
9233 14648 1
14646 14649 1
15692 14650 1
9156 14652 1
9116 14653 1
14653 14654 1
15604 14654 1
14666 14655 1
9410 14655 2
15713 14656 1
15717 14657 1
9595 14658 1
9598 14659 1
9598 14660 1
14660 14661 1
15715 14661 1
9164 14662 1
9166 14663 1
14662 14663 1
9116 14664 1
15592 14665 1
9408 14666 1
9408 14667 1
9164 14668 1
14668 14669 1
9166 14669 1
9351 14670 1
15796 14671 1
14670 14671 1
14670 14672 1
15781 14672 2
14682 14672 1
15656 14673 1
14670 14673 1
15604 14674 1
9228 14675 1
15750 14676 1
15752 14677 1
14676 14677 1
9193 14678 1
9646 14679 1
14678 14679 1
14678 14680 1
9646 14680 1
9214 14681 1
14678 14681 1
9353 14682 1
9318 14683 1
9320 14684 1
14683 14684 1
15717 14685 1
9302 14686 1
9155 14687 1
9116 14688 1
15677 14689 1
9215 14690 1
15673 14691 1
14691 14692 1
15675 14692 1
9566 14693 1
9158 14694 1
15604 14695 1
14694 14695 1
15741 15590 1
9121 15590 61
9631 15591 1
9516 15591 1
9119 15591 56
9515 15591 1
15592 15591 59
15595 15592 8
9188 15592 3
9118 15592 56
9116 15592 8
9515 15593 1
9631 15593 1
9121 15593 50
9516 15593 1
9117 15593 46
15593 15594 50
9305 15594 1
15595 15594 51
9121 15595 50
9476 15595 1
9351 15595 1
9238 15595 1
9118 15595 24
15781 15595 1
9290 15595 3
9188 15595 6
9566 15595 3
9116 15595 16
15779 15595 2
9353 15595 1
9228 15595 2
9199 15595 1
9155 15595 1
9445 15595 1
15593 15596 50
15597 15596 50
9121 15597 50
9631 15598 1
9117 15598 46
9516 15598 1
9515 15598 1
15592 15598 50
15598 15599 50
15600 15599 50
15592 15600 50
15602 15601 51
14688 15601 1
9552 15601 1
9516 15601 1
9515 15601 1
9631 15601 1
9117 15601 46
9487 15601 1
9529 15601 1
9116 15602 1
9118 15602 46
15604 15602 4
9155 15602 2
9188 15602 4
9516 15603 1
9117 15603 46
9515 15603 1
15604 15603 48
9351 15604 1
9280 15604 3
9116 15604 2
9228 15604 2
15779 15604 3
9118 15604 46
9199 15604 1
9353 15604 3
9445 15604 2
9238 15604 1
9156 15604 2
9158 15604 6
9566 15604 3
9290 15604 3
9188 15604 9
9155 15604 5
14653 15605 1
14675 15605 1
9635 15605 1
9288 15605 1
9206 15605 1
9574 15605 1
9151 15605 1
12860 15605 1
14693 15605 1
14664 15605 1
9689 15605 1
12761 15605 1
9115 15605 1
12759 15605 1
15638 15605 1
15804 15605 1
9402 15605 1
9237 15605 1
14688 15605 1
9449 15605 1
9647 15605 1
9226 15605 1
15595 15605 31
9571 15605 1
9200 15605 2
12853 15605 1
9575 15605 1
9305 15606 1
9622 15606 1
14645 15606 1
9577 15606 1
15605 15606 31
9648 15606 1
9187 15606 1
15595 15606 40
9617 15606 1
15691 15607 1
15606 15607 39
15608 15607 40
9139 15608 23
9183 15608 23
9155 15608 1
15779 15608 1
9353 15608 2
9254 15608 2
15692 15608 1
9210 15608 1
9193 15608 1
15781 15608 3
15702 15608 20
9566 15608 2
9238 15608 1
9188 15608 6
9351 15608 5
9223 15608 1
9116 15608 4
15595 15608 51
9156 15608 2
9228 15608 2
9131 15608 1
9352 15609 1
15606 15609 39
9643 15609 1
15640 15609 33
12792 15609 1
9305 15609 1
15654 15609 32
15621 15609 40
14644 15609 1
15760 15609 4
9118 15609 74
15771 15609 1
9487 15609 1
15805 15609 10
15629 15609 1
9381 15609 1
9200 15609 1
15606 15610 39
15691 15610 1
15608 15610 40
15691 15611 1
15608 15611 40
15606 15611 39
15691 15612 1
15606 15612 39
15608 15612 40
15608 15613 40
15691 15613 1
15606 15613 39
15608 15614 40
15606 15614 39
15691 15614 1
9305 15615 1
15606 15615 39
15691 15615 1
15608 15615 40
15608 15616 40
15691 15616 1
15606 15616 39
15606 15617 39
15691 15617 1
15608 15617 40
15608 15618 40
15606 15618 39
15691 15618 1
15608 15619 37
9577 15619 1
14645 15619 1
9622 15619 1
15605 15619 31
9187 15619 1
9617 15619 1
9648 15619 1
15595 15620 32
9574 15620 1
9151 15620 1
15638 15620 2
15804 15620 2
12761 15620 1
9237 15620 1
9402 15620 1
9647 15620 1
14675 15620 1
15629 15620 1
12759 15620 1
12977 15620 1
9635 15620 1
9200 15620 2
14688 15620 1
9346 15620 1
9571 15620 1
9206 15620 1
14653 15620 1
9288 15620 1
9557 15620 1
14664 15620 1
9226 15620 1
9449 15620 1
12860 15620 1
9115 15620 1
12853 15620 1
14645 15621 1
9305 15621 1
9577 15621 1
9617 15621 1
9622 15621 1
9187 15621 1
9648 15621 1
15595 15621 40
15620 15621 32
9659 15622 1
15621 15622 40
15623 15622 42
14686 15622 1
9254 15623 2
9139 15623 1
9290 15623 2
15779 15623 2
9158 15623 1
9155 15623 1
9238 15623 1
9642 15623 2
9683 15623 2
15717 15623 3
9116 15623 6
9233 15623 6
15781 15623 1
9351 15623 1
9228 15623 2
9188 15623 6
9295 15623 1
9302 15623 2
15702 15623 21
9210 15623 1
15595 15623 55
9353 15623 2
9305 15624 1
9659 15624 1
15621 15624 40
14686 15624 1
15623 15624 42
15621 15625 40
9305 15625 1
9659 15625 1
14686 15625 1
15623 15625 42
9305 15626 1
14686 15626 1
15623 15626 42
9659 15626 1
15621 15626 40
15623 15627 42
15621 15627 40
9659 15627 1
14686 15627 1
14645 15628 1
15623 15628 38
9622 15628 1
9187 15628 1
9617 15628 1
9577 15628 1
15620 15628 32
9648 15628 1
15595 15629 21
9647 15629 1
9206 15629 1
9288 15629 1
9151 15629 1
14688 15629 1
9198 15629 1
9635 15629 1
9226 15629 1
9574 15629 1
9115 15629 1
12759 15629 1
15638 15629 2
14675 15629 1
9571 15629 1
12860 15629 1
12761 15629 1
12853 15629 1
15595 15630 32
9648 15630 1
9577 15630 1
9296 15630 1
15629 15630 21
14682 15630 1
9617 15630 1
9187 15630 1
14645 15630 1
9622 15630 1
9305 15630 1
9594 15631 1
12799 15631 1
14664 15631 1
9469 15631 1
15630 15631 32
15632 15631 36
9353 15632 1
15673 15632 2
9233 15632 1
15779 15632 1
9344 15632 1
9351 15632 1
15595 15632 38
9642 15632 2
9188 15632 6
9266 15632 1
9155 15632 1
15677 15632 1
9116 15632 1
9158 15632 6
14664 15633 1
12799 15633 1
15632 15633 36
15630 15633 32
9594 15633 1
9469 15633 1
12799 15634 1
15630 15634 32
15632 15634 36
9469 15634 1
14664 15634 1
9594 15634 1
9577 15635 1
9187 15635 1
9557 15635 1
9469 15635 1
9305 15635 1
12777 15635 2
14648 15635 1
9442 15635 1
9237 15635 1
9622 15635 1
9288 15635 1
12759 15635 1
15760 15635 4
12790 15635 1
9682 15635 2
9650 15635 2
9138 15635 1
9449 15635 1
9352 15635 1
15654 15635 32
14682 15635 1
12761 15635 1
9402 15635 1
14664 15635 1
14687 15635 1
15630 15635 32
9648 15635 1
9617 15635 1
14675 15635 1
9685 15635 1
15804 15635 2
12860 15635 1
12977 15635 1
9346 15635 1
9574 15635 1
15623 15635 69
15705 15635 6
15778 15635 1
14645 15635 1
12799 15636 1
15632 15636 33
15630 15636 32
9622 15637 1
14664 15637 1
9617 15637 1
9296 15637 1
9469 15637 1
9577 15637 1
15629 15637 21
9648 15637 1
14645 15637 1
9187 15637 1
14682 15637 1
15632 15637 31
14675 15638 1
9635 15638 1
9475 15638 1
9226 15638 1
12759 15638 1
9115 15638 1
9206 15638 1
14688 15638 1
9574 15638 1
9198 15638 1
9151 15638 1
12853 15638 1
14664 15638 1
12761 15638 1
9647 15638 1
12860 15638 1
9571 15638 1
15595 15638 21
15638 15639 21
9118 15639 24
14682 15639 1
9237 15639 1
15595 15640 33
15639 15640 24
9191 15640 8
12778 15641 1
15640 15641 33
15642 15641 34
15595 15642 33
9164 15642 1
9118 15642 24
15642 15643 32
9191 15643 8
15639 15643 24
9191 15644 8
15639 15644 24
15592 15644 33
9278 15645 2
9207 15645 8
9570 15645 2
12782 15645 2
15650 15645 33
12791 15645 1
9118 15645 82
15652 15645 33
9514 15645 1
15653 15645 33
9190 15645 12
9197 15645 2
9619 15645 1
9189 15645 7
9129 15645 2
9593 15645 3
15805 15645 10
14674 15645 1
12859 15645 1
14665 15645 1
15644 15645 33
9371 15645 2
9130 15645 8
9590 15645 2
12774 15645 2
15684 15645 1
9488 15645 2
15784 15645 6
9191 15646 8
15642 15646 32
15639 15646 24
15639 15647 24
9191 15647 8
15595 15647 32
15639 15648 24
15649 15648 32
9191 15648 8
9164 15649 1
9118 15649 24
9452 15649 4
15595 15649 9
15639 15650 24
9191 15650 8
15592 15650 33
15649 15651 32
9191 15651 8
15639 15651 24
15592 15652 33
15639 15652 24
9191 15652 8
15639 15653 24
15592 15653 33
9191 15653 8
9187 15654 1
14682 15654 1
9296 15654 1
14645 15654 1
9305 15654 1
15595 15654 32
15638 15654 21
9617 15654 1
9577 15654 1
9648 15654 1
9622 15654 1
15656 15655 35
9325 15655 1
15654 15655 32
9352 15655 1
9362 15655 2
9266 15656 1
9353 15656 3
9228 15656 1
9351 15656 2
9155 15656 4
15781 15656 5
15702 15656 15
9254 15656 2
9344 15656 1
9295 15656 3
9326 15656 1
9406 15656 1
9139 15656 2
15790 15656 7
9642 15656 2
15779 15656 2
9169 15656 1
9683 15656 3
9476 15656 1
15595 15656 32
9431 15656 2
15677 15656 1
15654 15657 32
9194 15657 2
9617 15657 1
12761 15657 1
9187 15657 1
9182 15657 21
9636 15657 1
9648 15657 1
14693 15657 1
9577 15657 1
9622 15657 1
14652 15657 1
9237 15657 1
14675 15657 1
14645 15657 1
9449 15657 1
9352 15657 1
9634 15657 2
9362 15657 2
15804 15657 1
15705 15657 6
9402 15657 1
9288 15657 1
9635 15657 1
14687 15657 1
9434 15657 2
9184 15657 2
9689 15657 1
9138 15657 1
9206 15657 1
9346 15657 1
15608 15657 79
15760 15657 4
15656 15658 33
9325 15658 1
15654 15658 32
15656 15659 33
15654 15659 32
9325 15659 1
14687 15660 1
15632 15660 39
15654 15660 32
14645 15660 1
14682 15660 1
9469 15660 1
14694 15660 1
9157 15660 1
9698 15660 1
9622 15660 1
9620 15660 1
9648 15660 1
9187 15660 1
9425 15660 1
9577 15660 1
9617 15660 1
14664 15660 1
9296 15660 1
15656 15661 33
15654 15661 32
9305 15661 1
9325 15661 1
9305 15662 1
9325 15662 1
15654 15662 32
15656 15662 33
15656 15663 33
9325 15663 1
15654 15663 32
15654 15664 32
15656 15664 32
15666 15665 25
9154 15665 1
9296 15665 1
14682 15665 1
14687 15665 1
15638 15665 21
9353 15666 1
9155 15666 2
9188 15666 5
15677 15666 1
15595 15666 21
15779 15666 1
14646 15666 1
15638 15667 21
14682 15667 1
15656 15667 22
15638 15668 21
9348 15668 6
9475 15668 1
9682 15668 2
12768 15668 1
14675 15668 1
9487 15668 1
9350 15668 5
15656 15668 48
14687 15668 1
15797 15668 9
9253 15668 2
9281 15668 1
9364 15668 3
12763 15668 2
9630 15668 1
14682 15668 1
15789 15668 7
9552 15668 1
14687 15669 1
9187 15669 1
9617 15669 1
15666 15669 29
15638 15669 21
9154 15669 1
9296 15669 1
14645 15669 1
9622 15669 1
9577 15669 1
15671 15670 4
15673 15672 1
9233 15673 1
15675 15674 1
15672 15674 1
9642 15675 2
9344 15675 1
15790 15675 7
9266 15675 1
9353 15675 1
15673 15675 9
15677 15675 1
15781 15675 1
9351 15675 1
15677 15676 1
15676 15678 1
15679 15678 1
9169 15679 1
9642 15679 2
9476 15679 1
9295 15679 3
15781 15679 4
15677 15679 9
15702 15679 14
9326 15679 1
9683 15679 3
9428 15679 1
9353 15679 2
9228 15679 1
15681 15680 4
15673 15682 2
9649 15682 1
15682 15683 2
15675 15683 5
9698 15683 1
12799 15683 1
12978 15683 1
15604 15684 1
15686 15685 4
15687 15686 13
15688 15689 3
15754 15690 2
9215 15690 1
15692 15691 1
15691 15693 1
15608 15693 1
15691 15694 1
15608 15694 1
15691 15695 1
15696 15695 2
9305 15695 1
15692 15696 3
9233 15696 8
9295 15696 3
9642 15696 2
15790 15696 7
9351 15696 1
9476 15696 1
9393 15696 3
9193 15696 1
9210 15696 1
15781 15696 1
9608 15696 1
9704 15696 1
9219 15696 2
9254 15696 2
15713 15696 1
9326 15696 1
15698 15697 1
15681 15698 4
15705 15699 6
9340 15699 1
15697 15699 1
15700 15699 8
9338 15699 1
9341 15700 1
15698 15700 1
15702 15700 6
9161 15700 1
14682 15701 1
9138 15701 1
15702 15701 3
15697 15701 1
9139 15702 5
15779 15702 2
9351 15702 7
9155 15702 1
9341 15702 1
15698 15702 1
9161 15702 1
9353 15702 1
9630 15703 1
15702 15703 7
9138 15703 1
15697 15703 1
14682 15703 1
9634 15703 2
9503 15703 1
9634 15704 2
9630 15704 1
15702 15704 5
15697 15704 1
14682 15704 1
9503 15705 1
15702 15705 6
15697 15705 1
9628 15705 2
9138 15705 1
15746 15706 6
15705 15706 6
15707 15706 12
15745 15707 6
15702 15707 6
9660 15708 1
15709 15708 8
14658 15708 1
15705 15708 6
9277 15709 1
9595 15709 1
15702 15709 6
14652 15710 1
12771 15710 1
15608 15710 10
9636 15710 1
15705 15710 6
9479 15710 1
9636 15711 1
15608 15711 11
14652 15711 1
15705 15711 6
14675 15711 1
12771 15711 1
9288 15711 1
15713 15712 1
15712 15714 1
15715 15714 1
9353 15715 2
15713 15715 3
15702 15715 9
9295 15715 1
9683 15715 2
9598 15715 7
9280 15715 1
14646 15715 1
9642 15715 2
9233 15715 3
15717 15716 1
12777 15718 2
9419 15718 1
9442 15718 1
9685 15718 1
15716 15718 1
9132 15718 1
9325 15718 1
9323 15718 1
15719 15718 28
9305 15718 1
9659 15718 1
9603 15718 1
12760 15718 1
9253 15718 2
12857 15718 1
9682 15718 2
12762 15718 1
9179 15718 1
12790 15718 1
15789 15718 7
14648 15718 1
9679 15718 1
15790 15719 7
9683 15719 2
9295 15719 1
9219 15719 1
9351 15719 1
9233 15719 7
9254 15719 2
15713 15719 1
9326 15719 1
9210 15719 1
9642 15719 2
15717 15719 3
9608 15719 1
9302 15719 4
15781 15719 1
12777 15720 2
15623 15720 20
9442 15720 1
9682 15720 2
9691 15720 1
15797 15720 9
15716 15720 1
12760 15720 1
9132 15720 1
9650 15720 2
15722 15721 1
15716 15721 1
9417 15722 5
15717 15722 8
12760 15723 1
15717 15723 4
9132 15723 1
15716 15723 1
9416 15724 5
15725 15724 9
15723 15724 4
9417 15725 6
15717 15725 6
9446 15725 1
9318 15725 6
15727 15726 10
9416 15726 5
9381 15726 1
15723 15726 4
15717 15727 4
9599 15727 1
9290 15727 2
9417 15727 5
15773 15727 4
15595 15727 1
15722 15728 10
14657 15728 1
15723 15728 4
9416 15728 5
9431 15729 2
9344 15729 1
9169 15729 1
9266 15729 1
15597 15730 1
9407 15731 1
15730 15731 1
14667 15731 1
15732 15731 4
9644 15731 1
15597 15732 1
9408 15732 3
15597 15733 1
15730 15733 1
15730 15734 1
15597 15734 1
15730 15735 1
15597 15735 1
15737 15736 1
15736 15738 1
15739 15738 1
9431 15739 2
15737 15739 12
15741 15740 1
15743 15742 3
15740 15742 1
9578 15742 2
15741 15743 1
15781 15743 1
9164 15743 4
15740 15744 1
15745 15744 2
15595 15745 1
9164 15745 2
15741 15745 1
15745 15746 6
9496 15746 1
9601 15746 1
15744 15746 2
14644 15746 1
15740 15747 1
15748 15747 1
9188 15748 2
9155 15748 2
15602 15748 1
9164 15748 3
15592 15748 2
15781 15748 1
15595 15748 1
15741 15748 1
15750 15749 1
15752 15751 2
14676 15751 1
15749 15751 1
15750 15752 5
9254 15752 2
14690 15753 1
15754 15753 2
9215 15754 1
15753 15755 2
14690 15755 1
15690 15755 2
14690 15756 1
15753 15756 2
15690 15756 2
15690 15757 2
15753 15757 2
14690 15757 1
15690 15758 2
15753 15758 2
14690 15758 1
15753 15759 2
15690 15759 2
14690 15759 1
15595 15760 4
9615 15760 2
15762 15761 6
9588 15761 1
15760 15761 4
9705 15761 1
9431 15762 2
15595 15762 4
9116 15762 7
15737 15762 3
15760 15763 4
9588 15763 1
15762 15763 6
9705 15763 1
15762 15764 6
9588 15764 1
15760 15764 4
9705 15764 1
9705 15765 1
15760 15765 4
15762 15765 6
9588 15765 1
14664 15766 1
9705 15766 1
9588 15766 1
12853 15766 1
15760 15766 4
15762 15766 8
12759 15767 1
9519 15767 1
9206 15767 1
12761 15767 1
9705 15767 1
9588 15767 1
9226 15767 1
15762 15767 11
15760 15767 4
15769 15768 1
9155 15768 1
15671 15770 4
15595 15771 6
9580 15771 5
9381 15772 1
15771 15772 1
15773 15772 2
9318 15773 1
9556 15773 3
9566 15773 2
9116 15773 1
15595 15773 14
15717 15773 1
9290 15773 2
9381 15774 1
15773 15774 2
15771 15774 1
15771 15775 1
15773 15775 2
9381 15775 1
9416 15776 5
15777 15776 10
15771 15776 1
9335 15776 4
9566 15777 2
9417 15777 5
9599 15777 1
15595 15777 1
9318 15777 4
15773 15777 4
15779 15778 1
15781 15780 12
9612 15780 1
9346 15780 1
12768 15780 1
9402 15780 1
9479 15780 1
9352 15780 1
12796 15780 1
12781 15780 1
15778 15780 1
9686 15780 1
9419 15780 1
14670 15780 1
15779 15781 2
9353 15781 4
9351 15781 7
9155 15781 1
9198 15782 1
9487 15782 1
15604 15782 5
9296 15782 1
9352 15782 1
15778 15782 1
9296 15783 1
9168 15783 1
9487 15783 1
14682 15783 1
15656 15783 18
9419 15783 1
15789 15783 7
9621 15783 1
9552 15783 1
15778 15783 1
9531 15783 2
9281 15783 1
9253 15783 2
9237 15784 1
9402 15784 1
15778 15784 1
15604 15784 6
9352 15784 1
9346 15784 1
9237 15785 1
15623 15785 10
12762 15785 1
12857 15785 1
9346 15785 1
9402 15785 1
9288 15785 1
15778 15785 1
9352 15785 1
9253 15785 2
9237 15786 1
9402 15786 1
9346 15786 1
15797 15786 9
9352 15786 1
15623 15786 11
15778 15786 1
9346 15787 1
15623 15787 10
9352 15787 1
15778 15787 1
9348 15787 6
9402 15787 1
9237 15787 1
9402 15788 1
9350 15788 5
9352 15788 1
9237 15788 1
15623 15788 9
9346 15788 1
15778 15788 1
9402 15789 1
9630 15789 1
9346 15789 1
9686 15789 1
9352 15789 1
15790 15789 7
15778 15789 1
15779 15790 2
9139 15790 1
9155 15790 1
9353 15790 1
9351 15790 1
9698 15791 1
9419 15791 1
15675 15791 14
15803 15791 1
15789 15791 7
14682 15791 1
9265 15791 1
9343 15791 1
12978 15791 1
9531 15792 2
9265 15792 1
15789 15792 7
9343 15792 1
9487 15792 1
9419 15792 1
9552 15792 1
15656 15792 15
9281 15792 1
9419 15793 1
12857 15793 1
9389 15793 3
9645 15793 1
14650 15793 1
9685 15793 1
14648 15793 1
9475 15793 1
15696 15793 28
9179 15793 1
12762 15793 1
9323 15793 1
12790 15793 1
12777 15793 2
15789 15793 7
9232 15793 1
9218 15793 1
9433 15793 1
9679 15793 1
9325 15793 1
12863 15793 1
9253 15793 2
9531 15794 2
15789 15794 7
9389 15794 3
9475 15794 1
9281 15794 1
15656 15794 20
9621 15794 1
9487 15794 1
9682 15794 2
9168 15794 1
9253 15794 2
9419 15794 1
9552 15794 1
15778 15795 1
15796 15795 2
9346 15795 1
15779 15796 2
9155 15796 1
9351 15796 6
9630 15797 1
15778 15797 1
9402 15797 1
12781 15797 1
9479 15797 1
15702 15797 9
14670 15797 1
9346 15797 1
9686 15797 1
9348 15798 6
9524 15798 1
12768 15798 1
15679 15798 18
14689 15798 1
9475 15798 1
15797 15798 9
9350 15798 5
15608 15799 14
9350 15799 5
9348 15799 6
15797 15799 9
15797 15800 9
15656 15800 9
9597 15801 1
15797 15801 9
15715 15801 10
12781 15802 1
15778 15802 1
15796 15802 4
9346 15802 1
9686 15802 1
15673 15803 1
9288 15804 1
14675 15804 1
9402 15804 1
9346 15804 1
9237 15804 1
15595 15804 9
15595 15805 10
15804 15805 9
15805 15806 10
9658 15806 1
15807 15806 12
9626 15806 1
9231 15807 1
9353 15807 2
14646 15807 1
9351 15807 1
9598 15807 2
15779 15807 2
15595 15807 10
9228 15807 1
15713 15807 2
9230 15807 1
9238 15807 1
9280 15807 3
15807 15808 13
14656 15808 1
9626 15808 1
9658 15808 1
15805 15808 10
15805 15809 10
15807 15809 12
9626 15809 1
9658 15809 1
9346 15809 1
15807 15810 12
9658 15810 1
15805 15810 10
9626 15810 1
