10961 7940 1
11144 7940 1
11146 7940 2
11144 7941 1
11146 7941 1
11144 7942 1
11146 7942 1
11146 7943 1
11144 7943 1
11146 7944 1
11144 7944 1
11146 7945 1
11144 7945 1
11146 7946 1
11144 7946 1
11144 7947 1
11146 7947 1
10358 7948 3
10360 7948 1
11144 7948 1
8095 7948 1
10636 7949 3
11144 7949 1
8102 7949 1
8087 7950 1
7951 7950 2
8088 7951 1
7951 7952 1
7950 7952 1
10858 7953 1
14314 7955 1
14476 7956 1
8168 7957 1
7956 7957 1
8344 7957 1
8412 7957 1
7976 7957 1
10322 7957 6
14476 7958 1
10795 7959 1
7959 7960 1
14326 7960 1
14326 7961 1
10722 7962 1
8413 7963 1
14326 7963 3
8000 7963 1
7962 7963 1
7962 7964 1
8000 7964 1
10723 7964 2
10723 7965 2
7962 7965 1
10723 7966 2
7965 7966 2
8000 7967 1
10723 7967 2
7962 7967 1
7962 7968 1
10723 7968 2
8000 7968 1
8000 7969 1
10723 7969 2
7962 7969 1
14366 7970 1
7973 7972 1
10666 7974 1
7972 7974 1
14404 7975 1
10510 7976 1
14490 7977 2
7976 7977 1
7979 7978 2
7977 7978 2
14490 7979 4
8079 7980 1
7976 7980 1
14490 7980 2
8059 7981 1
10496 7981 2
10324 7982 1
10800 7984 1
10389 7986 1
7988 7987 1
7986 7987 1
10389 7988 1
7988 7989 1
7986 7989 1
7986 7990 1
7988 7990 2
10622 7991 1
14316 7993 1
10380 7994 1
7993 7994 1
10380 7995 1
7993 7995 1
7993 7996 1
10380 7996 1
7993 7997 1
10380 7997 1
10380 7998 1
7993 7998 1
7993 7999 1
10380 7999 1
10852 8000 1
14404 8001 1
8003 8002 1
8002 8004 1
8003 8004 1
8003 8005 1
8002 8005 1
14324 8007 1
14324 8008 3
8007 8008 1
8403 8008 1
14356 8009 1
14354 8009 1
10547 8009 2
11063 8010 1
10321 8011 1
10499 8012 1
7979 8013 4
10329 8014 1
10321 8015 1
8017 8016 2
10315 8018 2
8020 8019 1
14440 8020 6
14452 8021 3
8178 8021 2
10315 8022 1
10539 8023 1
11063 8024 1
7973 8025 1
8254 8026 1
10666 8026 2
8025 8026 1
10713 8027 1
8029 8028 1
8028 8030 1
10654 8030 1
10446 8031 1
10346 8032 2
14474 8033 1
10337 8034 1
10448 8035 1
10505 8036 3
8098 8036 1
8035 8036 1
10450 8037 1
14424 8038 1
10529 8039 3
10467 8040 3
10510 8041 2
8196 8041 1
10324 8042 1
8261 8043 1
10500 8043 2
10329 8044 1
8059 8045 1
10496 8045 2
14324 8046 1
8353 8047 1
8316 8047 1
8046 8047 1
8409 8047 1
8218 8047 1
14326 8047 7
8272 8047 1
8378 8047 1
8223 8048 1
8136 8048 1
10324 8048 4
10867 8048 1
10324 8049 5
8048 8049 4
8048 8050 4
10324 8050 6
10893 8050 1
14456 8052 1
8054 8053 1
14440 8054 6
10822 8055 2
10655 8055 1
11063 8056 1
14452 8057 1
8057 8058 1
14348 8058 4
8178 8058 2
14348 8059 1
10676 8060 2
8276 8060 1
8059 8060 1
8059 8061 1
10676 8061 1
10676 8062 1
8059 8062 1
8059 8063 1
10676 8063 1
8059 8064 1
10676 8064 1
8059 8065 1
10676 8065 1
8059 8066 1
10676 8066 1
10676 8067 1
8059 8067 1
8059 8068 1
14322 8068 2
8059 8069 1
14322 8069 2
14348 8070 2
8059 8070 1
10617 8071 1
10727 8072 2
8397 8072 1
8071 8072 1
14366 8073 1
11013 8074 1
8074 8075 1
8259 8075 1
8076 8075 2
11013 8076 2
10529 8077 3
10529 8078 3
10454 8079 1
14324 8080 1
8290 8081 1
14348 8081 4
8306 8081 1
8243 8081 1
8080 8081 1
10622 8082 1
8193 8084 2
14471 8084 3
14471 8085 3
8084 8085 3
11075 8086 1
8088 8087 1
14326 8089 1
14404 8090 1
10539 8091 1
10617 8092 2
14510 8094 1
10920 8095 1
8095 8096 1
10358 8096 2
10360 8096 1
8151 8097 1
14462 8097 2
10449 8098 1
8098 8099 1
8149 8099 1
10498 8099 2
8098 8100 1
10497 8100 1
14345 8101 1
8103 8102 1
10636 8103 4
8102 8104 1
10963 8104 1
10963 8105 1
8102 8105 1
10963 8106 1
8102 8106 1
10963 8107 1
8102 8107 1
8102 8108 1
10963 8108 1
8102 8109 1
10963 8109 1
8102 8110 1
10963 8110 1
8102 8111 1
10963 8111 1
10963 8112 1
8102 8112 1
8102 8113 1
10963 8113 1
8261 8114 1
10500 8114 2
10617 8115 1
10499 8116 1
14306 8117 1
10541 8118 1
8257 8119 1
14355 8119 4
8122 8119 1
8118 8119 1
8422 8119 1
10503 8120 1
8120 8121 1
10503 8121 1
10541 8122 1
8122 8123 1
14355 8123 1
10718 8124 1
10800 8125 1
10368 8126 1
11063 8127 1
10315 8128 2
10392 8129 1
14404 8130 1
14404 8131 1
14310 8133 1
14471 8134 3
8193 8134 2
10329 8135 1
10622 8136 1
14498 8137 1
10505 8138 1
14331 8139 1
14474 8140 1
14519 8141 1
10597 8142 1
14392 8143 1
10762 8144 1
8144 8145 1
14314 8145 2
10658 8146 1
10658 8147 1
8146 8147 1
10957 8148 1
10449 8149 1
14476 8150 1
14462 8151 1
10910 8152 3
8221 8152 1
10392 8154 1
14466 8155 1
10578 8155 1
10324 8156 1
14344 8157 3
10352 8158 1
10324 8159 1
10313 8160 1
10368 8161 1
10396 8162 1
10878 8163 1
8162 8163 1
8165 8164 2
8162 8164 1
8252 8164 1
10396 8165 3
8162 8166 1
8167 8166 1
10396 8167 1
10510 8168 2
14310 8169 1
8168 8169 1
8168 8170 1
8171 8170 2
10510 8170 3
8168 8171 1
10510 8171 2
10629 8172 2
8168 8172 2
10469 8173 1
8168 8173 1
8168 8174 1
8175 8174 1
10510 8175 1
10629 8176 1
8168 8176 1
10738 8177 1
8168 8177 1
8251 8178 1
14348 8178 2
10539 8179 1
10329 8181 1
14366 8182 1
10800 8183 1
8183 8184 1
10338 8184 1
10534 8185 3
14476 8186 1
14476 8187 1
10315 8188 1
14326 8189 1
8188 8189 1
8188 8190 1
14326 8190 1
14498 8191 1
10392 8192 1
10822 8193 2
10655 8193 1
8193 8194 2
14471 8194 2
8193 8195 2
14471 8195 2
10510 8196 1
14476 8197 1
11122 8199 1
10662 8200 1
8199 8200 1
10510 8201 1
10504 8202 1
14324 8203 1
14424 8204 1
10597 8205 1
8205 8206 1
10481 8206 1
10491 8207 1
14498 8208 1
10329 8209 1
14476 8210 1
14310 8211 1
14345 8212 1
8211 8212 1
8211 8213 1
8214 8213 2
8428 8213 1
14310 8214 2
14440 8215 2
8215 8216 2
14434 8216 2
14476 8217 1
10315 8218 1
10561 8219 1
10315 8220 2
10910 8221 1
14404 8222 1
14348 8223 4
8306 8223 1
8243 8223 1
10324 8224 1
11146 8225 1
10961 8225 1
10961 8226 1
11146 8226 1
10961 8227 1
11146 8227 1
11146 8228 1
10961 8228 1
10961 8229 1
11146 8229 1
10961 8230 1
11146 8230 1
10961 8231 1
11146 8231 1
8306 8232 1
8243 8232 1
14348 8232 3
10448 8234 1
10321 8235 2
10867 8235 1
8235 8236 2
10321 8236 2
10392 8237 1
8015 8238 1
10867 8238 1
8015 8239 1
10867 8239 1
8011 8240 1
10867 8240 1
14404 8241 1
14498 8242 1
10346 8243 1
10394 8244 2
8306 8244 1
8243 8244 1
8306 8245 1
8243 8245 1
10362 8245 2
10539 8246 1
10368 8247 1
14523 8248 1
14452 8251 1
10396 8252 1
8252 8253 1
10400 8253 1
7973 8254 1
10800 8255 1
14503 8256 1
10541 8257 1
11013 8259 1
10617 8260 2
10449 8261 1
10498 8262 1
8261 8262 1
10492 8263 1
8261 8263 1
10500 8264 2
8261 8264 1
10324 8265 1
14424 8266 1
10368 8268 1
14476 8270 1
14456 8271 1
10346 8272 1
14424 8273 1
10346 8274 1
14348 8276 1
8276 8277 1
10676 8277 1
8276 8278 1
10676 8278 1
8276 8279 1
10676 8279 1
10676 8280 1
8276 8280 1
10676 8281 1
8276 8281 1
8276 8282 1
10676 8282 1
8276 8283 1
10676 8283 1
14510 8284 1
14404 8285 1
8168 8286 1
14490 8286 2
7979 8287 2
8286 8287 2
14344 8288 1
8317 8289 1
14348 8289 2
14452 8290 1
8249 8292 1
10762 8293 1
11063 8294 1
14404 8295 1
10510 8296 1
14411 8297 1
10910 8298 1
10910 8299 1
8298 8299 1
14310 8300 1
8249 8301 1
10326 8302 1
10352 8303 1
10315 8304 1
8304 8305 1
14326 8305 1
14344 8306 1
10544 8307 2
10655 8307 1
10510 8308 1
14498 8309 1
10491 8310 1
14404 8316 1
14348 8317 1
14348 8319 1
11063 8320 1
10315 8321 1
14326 8322 1
8321 8322 1
14348 8323 1
11063 8325 1
10762 8326 1
10324 8327 1
10541 8328 1
10329 8329 1
10539 8330 1
10315 8331 1
10502 8332 1
14306 8333 1
8335 8334 1
10450 8336 1
8336 8337 1
14343 8337 1
10728 8338 1
10325 8339 1
8338 8339 1
14366 8340 1
10368 8341 1
14310 8342 1
14476 8344 1
14324 8345 1
14404 8346 1
14476 8347 1
10368 8348 1
10613 8349 1
10322 8350 1
8349 8350 1
14466 8351 1
8155 8352 3
8351 8352 1
8414 8352 1
14344 8353 1
10499 8354 1
14324 8355 1
10507 8356 1
14310 8357 1
10617 8358 1
10617 8359 1
10617 8360 1
10315 8361 1
10762 8362 1
10315 8363 1
14344 8364 1
14306 8365 2
8417 8365 1
14331 8366 1
14326 8368 1
10800 8369 1
10705 8370 1
10539 8371 1
11063 8372 1
8076 8373 1
8076 8374 1
8373 8374 1
10315 8375 1
10329 8376 1
10491 8377 1
14324 8378 1
14523 8379 1
14348 8380 1
10344 8381 1
10329 8382 1
10539 8384 1
14308 8385 1
10676 8386 1
10396 8387 1
8387 8388 1
10400 8388 1
8165 8389 1
8387 8389 1
8165 8390 1
8387 8390 1
8165 8391 1
8387 8391 1
8165 8392 1
8387 8392 1
8387 8393 1
10878 8393 1
10878 8394 1
8387 8394 1
8387 8395 1
10878 8395 1
11063 8396 1
8343 8397 1
14458 8398 1
10407 8399 1
14440 8400 1
14404 8401 1
14310 8402 1
14324 8403 1
10597 8404 1
10450 8405 1
8405 8406 1
10472 8406 1
14440 8407 1
8407 8408 1
14434 8408 1
10315 8409 1
14458 8411 1
14476 8412 1
14322 8413 1
10578 8414 1
10392 8415 1
14328 8416 1
14306 8417 1
10676 8418 1
10676 8419 1
8418 8419 1
14314 8420 1
10655 8420 1
10544 8421 1
10655 8421 1
10450 8422 1
8003 8423 1
11063 8424 1
10324 8425 1
10841 8426 1
10407 8427 1
14310 8428 1
8428 8429 1
14310 8429 1
8214 8430 1
8428 8430 1
10617 8431 1
10539 8432 1
10312 10311 9
10313 10312 10
10343 10313 1
10315 10313 1
10314 10313 57
10448 10313 1
10449 10313 3
10321 10313 57
10705 10313 1
10315 10314 70
10319 10314 35
10320 10314 35
10448 10314 1
10449 10314 1
10313 10315 7
10317 10315 43
10314 10315 3
10318 10315 43
10316 10315 43
14452 10315 3
10617 10317 10
8343 10317 1
10544 10317 14
10315 10317 11
10322 10321 73
10323 10321 36
14304 10321 36
10613 10322 4
14404 10322 33
10722 10322 1
10510 10322 5
14476 10322 18
10321 10322 2
14344 10322 24
10954 10322 1
10346 10322 40
14326 10322 1
14331 10322 5
14348 10322 10
14322 10322 1
14498 10322 10
10315 10322 1
14396 10322 2
10450 10322 1
10852 10322 1
10728 10322 1
10323 10322 49
10327 10322 49
10324 10322 55
10328 10322 49
14404 10324 30
10326 10324 49
10622 10324 1
10322 10324 59
14348 10324 2
14331 10324 5
10321 10324 1
10728 10324 1
10325 10324 52
10510 10324 1
10954 10324 1
10315 10325 1
14348 10325 1
10322 10325 29
10450 10325 1
14322 10325 1
14396 10325 2
10510 10325 1
10346 10325 5
10324 10325 77
14344 10325 2
10728 10325 2
10622 10325 1
10321 10325 1
14404 10325 1
14404 10326 30
10481 10326 3
14348 10326 1
10324 10326 30
10342 10329 9
8046 10330 1
8045 10330 2
10609 10330 1
8021 10330 3
14526 10330 1
8364 10330 1
14344 10330 19
10332 10331 3
10334 10333 1
14348 10334 1
10333 10335 1
10334 10335 1
14440 10336 6
10800 10338 8
8022 10340 1
10315 10340 3
8361 10340 1
14326 10341 1
10343 10342 1
10313 10342 10
10344 10343 7
10321 10344 19
14375 10344 18
10346 10345 2
14348 10346 1
14396 10346 2
10323 10346 5
10322 10346 12
10315 10346 5
14404 10346 22
8401 10347 1
10974 10347 3
10402 10347 1
10778 10347 1
10461 10347 1
8272 10347 1
10994 10347 3
10463 10347 1
11124 10347 1
10832 10347 2
10736 10347 1
10925 10347 2
8241 10347 1
8001 10347 1
10812 10347 1
10603 10347 1
10872 10347 2
7975 10347 1
10345 10347 2
10361 10347 1
8346 10347 1
10564 10347 1
10346 10347 36
10464 10347 3
10466 10347 1
8295 10347 1
10745 10347 2
8048 10348 4
8050 10348 6
10857 10348 2
8243 10348 1
8306 10348 1
10402 10348 1
10825 10348 2
10848 10348 1
10893 10348 1
8308 10348 1
10872 10348 1
10345 10348 2
10325 10348 26
10609 10348 1
10933 10348 5
10804 10348 1
10350 10349 3
10839 10351 1
8316 10351 1
8378 10351 1
8363 10351 1
14326 10351 5
10314 10352 5
8095 10353 1
11144 10353 1
10354 10353 3
10358 10354 7
11059 10354 1
14460 10354 5
10920 10354 1
10440 10354 3
10760 10354 2
10356 10355 10
10353 10355 1
10579 10355 7
10530 10355 2
10354 10356 10
10530 10357 2
11148 10357 2
10353 10357 1
10358 10357 6
10920 10358 1
10354 10358 3
11059 10358 1
10950 10358 2
10360 10359 5
10357 10359 6
10354 10359 14
10579 10359 7
10532 10359 3
11148 10360 2
10358 10360 5
10353 10360 1
10924 10361 2
10346 10361 14
10402 10361 1
10758 10361 1
10346 10362 1
14344 10362 1
8048 10363 4
10324 10363 5
8050 10364 6
10363 10364 5
8042 10364 1
8049 10364 5
10325 10364 10
10893 10364 1
14331 10365 2
8416 10366 1
10365 10366 2
14331 10366 4
11069 10366 1
11069 10367 1
14310 10367 3
10365 10367 2
14366 10369 1
10371 10370 1
14344 10371 4
14510 10373 1
10375 10374 1
8168 10376 1
14310 10376 3
10374 10376 1
10378 10377 1
10761 10378 4
14344 10379 2
14316 10380 1
10382 10381 3
10381 10383 3
10384 10383 6
10836 10383 2
11063 10384 12
14440 10384 2
10382 10384 3
10383 10385 6
10384 10385 6
10324 10386 1
10614 10387 3
10670 10387 4
10849 10387 2
10386 10387 1
10671 10387 4
8159 10387 1
11011 10387 1
8224 10387 1
10857 10387 2
10326 10387 23
8327 10387 1
10930 10387 5
10933 10387 5
11074 10387 1
14395 10388 1
8334 10388 1
8101 10388 1
14314 10388 3
10390 10389 4
10392 10391 1
10323 10392 1
10344 10392 7
14344 10394 1
10346 10394 1
10396 10395 1
10344 10396 7
10398 10397 6
8387 10397 1
10807 10397 1
8162 10397 1
8252 10397 1
10871 10397 1
10395 10397 1
10396 10398 4
10395 10399 1
10400 10399 1
10396 10400 4
10395 10401 1
8252 10401 1
10400 10401 4
8387 10401 1
8162 10401 1
10361 10402 1
10623 10402 1
8032 10402 1
8274 10402 1
10346 10402 6
11094 10402 1
10402 10403 1
14326 10403 3
8220 10403 1
10609 10403 1
14326 10404 5
8363 10404 1
10402 10404 1
10972 10404 1
10609 10404 1
8218 10404 1
14326 10405 9
8157 10405 2
10402 10405 1
10758 10405 1
10564 10405 2
10609 10405 1
8364 10405 1
10407 10406 1
10410 10407 5
14375 10408 2
8182 10408 1
10406 10408 1
8427 10409 1
10410 10409 10
10657 10409 1
10406 10409 1
8336 10409 1
10791 10409 1
10992 10409 1
8399 10409 1
11016 10409 1
10592 10409 1
14375 10410 8
10450 10410 1
10323 10410 3
10407 10410 8
10406 10411 1
8336 10411 1
10409 10411 10
10410 10411 10
8336 10412 1
10409 10412 10
10410 10412 10
10406 10412 1
10414 10413 10
10409 10413 10
10410 10414 10
10409 10415 10
10414 10415 10
10409 10416 10
10414 10416 10
10414 10417 10
10409 10417 10
10419 10418 2
10682 10418 1
10343 10419 1
10418 10420 2
10421 10420 2
10419 10421 2
10423 10422 1
10425 10423 4
10422 10424 1
10425 10424 1
10423 10425 1
14310 10426 1
10343 10427 1
8149 10428 1
8234 10428 1
10427 10428 1
10313 10428 7
8098 10428 1
8370 10428 1
8261 10428 1
10682 10429 1
10430 10429 3
11095 10429 1
10427 10429 1
10313 10430 10
10343 10430 3
10427 10431 1
10432 10431 1
10313 10432 10
10343 10432 3
10427 10433 1
10432 10433 1
10427 10434 1
10432 10434 1
10427 10435 1
10432 10435 1
10432 10436 1
10427 10436 1
10432 10437 1
10427 10437 1
14474 10438 1
14324 10439 1
10354 10440 2
10358 10440 4
10392 10441 1
10443 10442 1
10921 10443 3
10443 10444 1
10442 10444 1
14393 10445 4
10728 10445 1
10344 10446 7
10344 10447 7
10344 10448 7
10993 10448 1
10497 10448 1
10498 10448 1
10344 10449 7
10879 10450 3
10410 10450 5
14368 10450 5
8301 10451 1
10452 10451 2
11075 10452 1
8249 10452 2
10451 10453 2
10452 10453 4
8292 10453 1
8086 10453 1
14310 10456 1
10456 10457 1
14310 10457 2
10998 10458 1
10457 10458 2
14310 10458 5
8300 10458 1
10456 10459 1
14310 10459 2
14404 10460 1
8131 10461 1
11118 10461 1
10721 10461 1
10850 10461 1
8222 10461 1
10901 10461 1
10460 10461 1
10812 10461 1
10881 10461 1
11058 10461 1
8285 10461 1
10787 10461 1
14404 10461 15
8130 10461 1
10939 10461 1
14348 10462 1
14404 10463 1
10463 10464 1
14404 10464 3
8295 10464 1
14404 10466 1
10947 10467 1
10946 10467 1
10948 10467 1
14498 10468 1
10510 10469 1
10522 10469 2
14310 10470 1
10472 10471 1
10450 10472 2
14456 10472 3
10313 10472 1
8103 10472 1
14490 10472 2
10629 10472 1
11059 10472 1
10344 10472 1
10392 10473 1
10840 10474 1
10473 10474 1
10882 10474 1
10833 10474 1
10475 10474 7
8426 10474 1
11061 10474 1
10450 10475 2
10841 10475 3
10392 10475 1
10477 10476 7
10474 10476 7
10475 10477 7
10479 10478 1
10596 10480 1
10481 10480 5
10478 10480 1
10672 10480 1
8142 10480 1
10949 10480 1
14393 10481 11
10322 10481 4
10597 10481 6
10479 10481 2
10481 10482 2
10478 10482 1
10481 10483 15
10596 10483 1
10949 10483 1
10584 10483 11
10478 10483 1
10596 10484 1
10481 10484 21
10483 10484 15
8205 10484 1
10976 10484 3
10481 10485 21
10976 10485 3
10484 10485 20
10483 10486 15
10487 10486 15
10481 10487 15
10720 10488 1
10584 10488 11
10949 10488 1
8027 10488 1
10874 10488 1
10478 10488 1
10712 10488 1
10596 10488 1
10489 10488 20
8034 10488 1
10713 10489 4
10479 10489 1
10597 10489 2
14393 10489 11
10337 10489 1
10343 10490 1
10313 10490 10
10490 10491 9
10313 10492 8
10449 10492 1
10313 10493 8
10343 10493 1
10313 10494 10
10494 10495 9
14348 10496 1
14326 10496 1
14453 10496 9
10313 10497 9
10449 10497 1
10449 10498 3
10313 10498 10
10323 10498 3
10432 10499 9
10313 10500 8
10449 10500 1
10343 10501 1
10313 10501 10
10501 10502 9
10314 10503 5
10314 10504 5
10449 10505 2
10314 10505 5
10448 10505 1
10314 10506 5
14326 10506 1
10314 10507 5
14306 10508 1
10510 10509 1
14456 10510 5
10350 10510 3
10512 10511 1
10509 10511 1
10510 10512 1
10512 10513 2
10509 10513 1
10515 10514 2
10513 10514 2
10512 10515 2
10509 10516 1
10510 10516 1
10518 10517 1
14326 10519 2
14429 10520 1
10519 10520 1
14326 10520 2
8218 10521 1
8046 10521 1
14326 10521 7
10519 10521 1
8363 10521 1
10330 10521 1
8409 10521 1
10361 10521 1
10510 10522 1
10971 10523 1
10757 10523 2
10324 10523 4
10324 10524 7
10825 10524 2
10523 10524 4
10848 10525 1
14411 10525 8
10524 10525 7
10525 10526 8
14418 10526 8
8171 10527 2
10510 10527 3
10529 10528 3
10360 10530 1
10354 10530 2
10356 10531 2
10530 10531 2
10530 10532 2
10440 10532 3
10534 10533 3
11144 10535 1
10536 10535 3
8102 10535 1
8103 10536 1
10634 10536 4
11059 10536 1
10633 10537 4
10535 10537 3
10536 10537 7
10539 10538 1
10541 10540 1
10368 10542 1
11056 10543 1
8268 10543 1
8341 10543 1
10846 10543 1
8348 10543 1
10655 10543 2
10544 10543 14
11142 10543 1
8126 10543 1
10542 10543 1
8247 10543 1
8161 10543 1
10917 10543 1
10510 10544 3
10368 10544 10
10544 10545 1
10542 10545 1
10547 10546 4
14355 10547 2
14348 10548 1
14348 10549 7
8021 10549 3
8178 10549 2
10548 10549 1
10582 10549 2
14452 10550 1
10548 10550 1
14452 10551 1
10548 10551 1
14452 10552 1
10548 10552 1
10548 10553 1
14452 10553 1
10315 10555 3
10349 10556 1
14331 10557 1
14424 10557 4
14318 10558 2
14393 10558 4
10559 10560 4
10559 10561 4
10559 10562 4
10529 10563 3
10346 10564 3
14456 10565 1
10567 10566 3
11144 10566 1
10565 10566 1
8102 10566 1
14456 10567 1
8103 10567 1
11059 10567 1
10944 10567 1
10565 10568 1
10567 10568 1
8052 10569 1
10565 10569 1
10472 10569 3
10715 10570 1
10630 10570 4
10569 10570 3
10472 10570 8
8102 10571 1
14460 10571 5
10565 10571 1
7949 10571 3
11144 10571 1
8398 10572 1
8411 10572 1
14458 10572 7
10571 10572 5
14458 10573 5
10571 10573 5
8293 10574 1
10715 10574 1
14314 10574 15
10784 10574 1
8326 10574 1
10571 10574 5
8331 10574 1
8053 10574 1
8160 10574 1
8019 10574 1
8362 10574 1
10574 10575 15
10576 10575 15
14314 10576 15
10578 10577 5
10571 10577 5
14460 10578 5
10571 10579 5
10354 10579 7
14348 10581 1
10581 10582 1
14452 10582 2
8021 10583 3
10582 10583 2
8178 10583 2
14452 10583 6
14393 10584 11
10651 10584 10
10481 10585 11
10584 10585 11
10621 10586 1
10584 10586 11
11017 10586 1
14314 10586 23
7991 10586 1
10851 10586 1
10977 10586 4
8082 10586 1
11069 10586 1
10584 10587 11
14393 10587 12
10885 10588 2
8124 10588 1
8171 10588 2
8423 10588 1
10587 10588 12
14314 10588 18
8168 10588 1
10590 10589 3
8187 10591 1
8197 10591 1
8270 10591 1
14406 10591 1
8150 10591 1
10322 10591 7
10692 10591 1
10407 10592 1
14310 10593 1
10593 10594 1
10595 10594 2
10426 10594 2
10593 10595 1
10426 10595 2
10597 10596 1
14480 10598 1
10481 10598 2
10596 10598 1
10481 10599 3
10484 10599 1
10596 10599 1
10481 10600 3
8205 10600 1
10596 10600 1
8417 10601 1
14306 10601 2
10346 10602 5
14404 10603 1
10604 10605 3
10529 10606 3
10529 10607 3
14344 10608 2
10844 10609 1
10608 10609 1
10330 10609 1
10999 10609 1
8288 10609 1
14344 10609 6
10329 10610 1
8043 10611 2
8181 10611 1
8114 10611 2
14326 10611 12
10884 10611 1
10748 10611 2
8303 10611 1
10610 10611 1
8264 10611 2
10972 10611 2
10613 10612 1
10322 10613 4
10324 10614 3
10825 10614 2
10853 10615 1
10617 10616 1
8115 10618 1
10317 10618 3
10616 10618 1
10618 10619 3
8092 10619 2
11121 10619 3
8260 10619 2
8397 10619 1
10317 10619 11
10622 10621 1
10346 10623 1
8059 10624 1
14348 10624 3
8223 10624 1
14424 10625 4
10539 10626 1
8359 10627 1
10317 10627 2
10629 10628 1
10510 10629 2
10472 10630 4
11092 10630 1
10766 10630 1
10628 10630 1
10769 10631 2
10630 10631 4
10715 10631 1
10472 10631 7
10680 10631 1
10472 10632 7
10630 10632 4
11144 10632 1
8102 10632 1
11116 10633 3
10634 10633 4
10344 10634 2
10636 10635 4
10633 10635 4
11060 10636 3
10944 10636 3
8103 10636 1
11059 10636 1
10634 10636 4
10633 10637 4
10636 10637 4
10633 10638 4
10636 10638 4
10636 10639 4
10633 10639 4
10633 10640 4
10636 10640 4
10633 10641 4
10636 10641 4
10633 10642 4
10636 10642 4
10633 10643 4
10636 10643 4
10636 10644 4
10633 10644 4
10536 10645 6
8102 10645 1
11144 10645 1
10633 10645 4
8102 10646 1
10633 10646 4
11144 10646 1
10536 10646 6
10633 10647 4
10648 10647 4
10634 10648 4
10633 10649 4
10648 10649 4
10529 10650 3
14393 10651 10
10810 10651 3
10856 10651 3
11132 10651 3
11129 10651 4
11130 10651 3
10743 10651 3
10651 10652 10
11052 10652 2
14393 10652 13
10652 10653 13
8170 10653 3
11128 10653 2
10804 10653 1
14314 10653 18
8029 10654 1
10510 10655 2
8247 10656 1
10655 10656 2
10544 10656 3
10407 10657 1
10659 10658 3
10629 10660 1
10662 10661 1
10660 10661 1
14456 10662 1
11122 10662 1
10629 10662 1
10522 10662 2
8199 10663 1
10662 10663 4
10660 10663 1
10813 10663 2
10766 10664 1
14310 10664 2
10666 10665 1
7973 10666 3
10666 10667 2
10665 10667 1
10667 10668 2
10666 10668 2
11017 10669 1
10322 10669 3
8349 10669 1
10324 10670 4
10669 10670 3
10324 10671 4
10669 10671 3
10597 10672 1
10450 10673 1
14498 10674 1
10676 10675 2
14348 10676 2
10675 10677 2
10676 10677 4
8386 10677 1
10676 10678 5
8059 10678 1
10677 10678 4
10675 10679 2
10676 10679 2
10344 10680 1
10472 10681 1
10680 10681 1
10343 10682 1
10432 10683 2
11095 10683 1
10682 10683 1
10682 10684 1
10501 10684 1
10490 10685 1
10682 10685 1
10682 10686 1
10490 10686 1
10490 10687 1
10682 10687 1
8355 10688 1
10682 10688 1
14344 10688 4
8012 10688 1
10682 10689 1
10490 10689 1
10490 10690 1
10682 10690 1
10490 10691 1
10682 10691 1
14476 10692 1
14432 10693 1
14474 10694 1
10315 10695 1
10695 10696 1
8331 10696 1
10697 10696 2
10315 10697 2
10313 10698 1
10695 10698 1
14440 10699 6
14432 10700 1
14434 10701 1
10700 10701 1
14519 10702 1
10702 10703 1
14364 10703 1
10491 10704 1
14514 10705 1
10706 10705 3
10498 10705 1
14476 10707 1
14404 10708 2
11138 10708 1
14510 10710 1
14310 10711 2
8168 10711 1
10713 10712 1
10329 10714 1
10313 10715 2
10717 10716 3
10576 10718 4
10713 10720 1
14404 10721 1
10322 10722 4
10723 10722 4
10722 10723 1
10852 10723 1
14306 10724 1
10317 10725 1
8431 10726 1
10727 10726 2
10725 10726 1
10617 10727 3
8343 10727 1
10317 10727 1
14319 10728 4
10499 10729 1
10732 10731 1
10732 10733 1
10731 10733 1
10746 10734 1
10315 10734 3
8079 10735 1
8296 10735 1
14490 10735 3
10346 10736 1
10738 10737 1
10510 10738 1
14432 10739 1
10741 10740 3
14318 10742 2
14393 10742 4
11128 10743 2
10744 10743 3
14393 10744 4
14318 10744 2
10346 10745 2
10315 10746 1
14476 10747 1
10500 10748 2
8261 10748 1
10750 10749 3
10752 10753 3
10329 10754 1
10392 10755 1
10510 10756 1
10324 10757 2
10848 10757 1
10346 10758 1
14476 10759 1
10349 10763 1
10763 10764 1
10765 10764 1
10349 10765 1
14456 10766 1
10766 10767 1
10472 10767 1
10766 10768 1
14310 10768 2
10766 10769 1
14490 10769 2
10472 10770 2
10769 10770 2
10769 10771 2
10772 10771 2
14490 10772 2
10662 10773 1
10766 10773 1
10766 10774 1
10662 10774 1
14308 10775 1
10562 10775 1
8098 10776 1
10314 10776 4
8035 10776 1
10776 10777 3
10315 10777 6
10555 10777 1
8188 10777 1
14404 10778 1
10780 10779 1
10778 10779 1
14404 10780 1
10467 10781 1
10336 10784 1
14314 10785 1
14404 10787 1
10789 10788 1
14360 10789 4
14360 10790 2
7953 10790 1
10788 10790 1
10407 10791 1
10315 10792 2
10793 10794 3
10793 10795 3
14348 10796 1
14326 10797 2
10330 10797 1
10361 10797 1
10800 10799 1
10338 10801 7
10799 10801 1
8125 10801 1
10843 10801 1
7984 10801 1
8255 10801 1
10934 10801 1
8369 10801 1
10843 10802 1
7984 10802 1
8125 10802 1
10799 10802 1
8255 10802 1
8369 10802 1
10338 10802 7
10934 10802 1
14498 10803 1
10450 10804 1
10804 10805 1
8413 10805 1
10893 10805 1
10867 10805 1
8223 10805 1
10325 10805 13
8308 10805 1
10924 10805 2
11138 10805 1
8050 10805 6
10322 10806 3
10398 10807 1
10529 10808 3
10811 10810 3
11128 10810 2
14393 10811 4
14318 10811 2
14404 10812 2
10522 10813 2
8168 10813 1
10813 10814 2
10662 10814 2
10813 10815 2
10662 10815 2
10813 10816 2
10662 10816 2
10813 10817 2
10662 10817 2
10522 10818 3
10813 10818 2
10818 10819 3
14310 10819 4
10813 10820 2
10662 10820 2
10662 10821 2
10813 10821 2
10510 10822 1
10823 10822 1
10315 10824 1
10324 10825 2
11017 10825 1
14314 10826 4
11011 10826 1
10655 10826 1
10825 10826 2
10324 10827 4
11011 10827 1
10825 10827 2
14310 10828 2
11069 10828 1
10315 10829 1
10829 10830 1
14326 10830 1
14348 10831 1
10831 10832 1
10346 10832 2
10450 10833 1
10446 10834 1
10834 10835 1
14440 10835 4
8031 10835 1
10834 10836 1
14440 10836 2
14364 10837 2
10499 10839 1
10841 10840 1
10491 10842 1
10800 10843 1
14344 10844 1
10510 10846 1
10917 10847 1
10544 10847 6
8126 10847 1
8161 10847 1
8268 10847 1
8348 10847 1
10846 10847 1
10324 10848 1
10848 10849 1
10324 10849 2
14404 10850 1
10622 10851 1
10723 10852 4
10322 10852 4
14416 10854 1
10854 10855 1
14418 10855 1
10558 10856 3
11128 10856 2
8156 10857 1
10324 10857 2
14360 10858 4
10699 10859 1
10859 10860 1
14434 10860 1
14442 10861 1
10861 10862 1
10863 10862 1
14442 10863 1
14519 10864 1
10864 10865 1
14364 10865 2
10865 10866 2
10837 10866 2
10321 10867 2
14452 10868 1
10870 10869 3
10398 10871 1
10346 10872 2
10539 10873 1
10713 10874 1
10334 10875 1
14350 10875 1
10334 10876 1
14350 10876 1
14350 10877 1
10334 10877 1
10396 10878 2
14404 10881 1
10450 10882 1
10529 10883 3
10329 10884 1
14430 10885 2
10890 10885 1
10479 10886 1
8205 10887 1
11010 10887 1
10886 10887 1
10481 10887 3
10499 10888 1
14476 10889 1
14430 10890 1
10491 10891 1
10786 10892 4
10324 10893 3
10325 10894 5
8136 10894 1
10893 10894 3
11017 10894 1
10325 10895 4
11017 10895 1
10893 10895 3
10325 10896 5
11017 10896 1
10893 10896 3
8136 10896 1
10325 10897 4
11017 10897 1
10893 10897 3
10893 10898 3
10325 10898 4
11017 10898 1
10325 10899 3
11017 10899 1
10893 10899 2
14404 10901 1
10562 10902 1
10902 10903 1
8385 10903 1
10775 10903 2
8385 10904 1
10775 10904 2
10902 10904 1
10902 10905 1
10906 10905 1
10562 10906 1
14393 10907 4
14318 10907 2
10909 10908 3
10344 10911 2
10617 10912 1
10912 10913 1
10317 10913 2
8360 10913 1
10317 10914 2
8360 10914 1
10912 10914 1
10329 10915 1
14326 10916 3
8209 10916 1
10915 10916 1
8044 10916 1
10368 10917 1
10450 10922 1
14396 10923 1
14396 10924 2
10923 10924 1
14404 10925 2
10923 10925 1
10926 10927 3
10929 10928 4
14480 10928 1
10976 10928 3
14476 10929 1
10322 10929 5
10976 10930 3
10324 10930 5
14480 10930 1
8210 10931 1
10929 10931 5
14480 10931 1
10976 10931 3
14340 10932 1
8210 10932 1
10929 10932 4
14480 10932 2
14480 10933 1
10324 10933 5
10976 10933 3
10800 10934 1
10697 10935 1
10697 10936 1
10935 10936 1
10467 10937 2
14510 10938 1
14404 10939 1
8168 10940 1
10522 10940 2
10469 10941 2
10940 10941 2
10469 10942 2
10940 10942 2
10940 10943 2
10469 10943 2
10597 10949 1
11059 10950 1
10760 10950 2
14430 10952 1
14430 10953 1
10952 10953 1
14456 10955 1
10957 10956 1
10956 10958 1
10959 10958 2
8148 10958 1
10957 10959 2
10567 10961 2
10963 10962 1
10961 10962 1
8103 10963 1
10567 10963 1
10961 10964 1
8102 10964 1
10963 10964 2
10963 10965 1
10961 10965 1
10961 10966 1
10963 10966 1
10961 10967 1
10963 10967 1
10961 10968 1
10963 10968 1
14345 10969 1
10717 10970 3
10954 10971 1
10937 10972 1
10467 10972 6
14404 10973 1
8090 10974 1
14404 10974 3
10973 10974 1
14340 10975 1
10929 10975 1
10322 10976 3
14401 10976 1
14340 10976 1
10976 10977 3
10806 10977 4
14319 10978 4
10977 10978 4
10977 10979 4
11018 10979 3
14319 10979 7
14319 10980 4
10977 10980 4
10325 10981 4
10976 10981 3
10893 10981 1
8210 10982 1
14478 10982 4
10976 10982 3
10617 10984 1
8397 10985 1
10984 10985 1
10727 10985 2
10522 10987 1
10522 10988 1
10987 10988 1
10454 10989 1
10990 10991 3
10407 10992 1
14404 10994 3
10994 10995 3
14404 10995 4
14404 10996 3
10994 10996 3
10994 10997 3
14404 10997 3
14310 10998 1
14344 10999 2
11000 11001 3
10315 11002 1
10567 11003 4
8102 11003 1
11144 11003 1
11003 11004 4
10567 11004 4
8149 11005 1
10505 11005 2
10991 11006 1
11006 11007 1
10991 11007 1
10450 11008 1
14343 11009 1
11008 11009 1
10597 11010 1
10324 11011 2
14453 11014 1
11014 11015 1
14453 11015 1
10407 11016 1
10728 11017 1
14319 11018 3
11017 11018 1
11127 11018 1
11018 11019 3
14319 11019 3
11127 11020 1
14319 11020 3
11017 11020 1
11017 11021 1
11127 11021 1
14319 11021 2
11017 11022 1
11023 11022 1
11126 11023 3
10728 11023 1
11127 11024 1
11017 11024 1
14319 11024 3
11017 11025 1
10322 11025 2
8210 11025 1
10445 11052 2
11017 11052 1
10325 11053 1
11017 11053 1
10893 11054 2
11017 11054 1
10325 11054 3
10893 11055 1
10325 11055 2
11017 11055 1
10368 11056 1
10544 11057 2
11056 11057 1
8341 11057 1
14404 11058 1
10636 11059 4
10841 11061 1
11063 11062 1
8396 11064 1
8127 11064 1
8056 11064 1
8010 11064 1
8325 11064 1
8024 11064 1
11062 11064 1
8320 11064 1
10384 11064 12
8294 11064 1
8372 11064 1
11073 11064 1
8424 11064 1
10547 11066 4
10547 11067 4
10539 11068 1
14331 11069 1
10557 11070 1
11069 11070 1
8149 11072 1
10313 11072 6
8370 11072 1
8098 11072 1
8261 11072 1
8234 11072 1
11063 11073 1
10324 11074 1
10450 11092 1
14416 11093 1
10346 11094 2
10343 11095 1
11095 11096 1
10493 11096 1
11095 11097 1
10342 11097 1
10342 11098 1
11095 11098 1
10342 11099 1
11095 11099 1
11095 11100 1
10342 11100 1
11095 11101 1
10342 11101 1
11095 11102 1
10342 11102 1
11095 11103 1
10342 11103 1
11095 11104 1
10342 11104 1
10342 11105 1
11095 11105 1
10342 11106 1
11095 11106 1
11095 11107 1
10342 11107 1
10342 11108 1
11095 11108 1
11095 11109 1
10342 11109 1
14366 11110 1
10534 11111 3
14523 11112 1
11112 11113 1
14525 11113 1
10315 11114 1
10344 11115 1
10634 11116 3
8381 11116 1
11115 11116 1
14404 11118 1
10613 11119 1
10613 11120 1
8359 11121 1
8358 11121 1
10317 11121 3
11123 11122 2
8132 11122 1
14404 11124 1
14366 11125 1
14318 11127 1
11127 11128 1
14318 11128 2
10907 11129 4
11128 11129 2
11131 11130 3
11128 11130 2
14393 11131 4
14318 11131 2
10742 11132 3
11128 11132 2
14318 11133 2
11127 11133 1
11127 11134 1
11135 11134 1
11126 11135 3
14318 11135 1
14466 11136 2
14465 11136 1
14324 11137 2
8345 11137 1
8306 11138 1
8080 11138 1
14404 11138 4
8243 11138 1
10510 11140 1
11140 11141 1
7976 11141 1
14456 11141 3
8201 11141 1
10368 11142 1
11059 11144 1
11144 11145 1
11146 11145 1
10567 11146 1
11059 11146 1
10567 11147 1
11144 11147 1
11144 11148 1
10950 11148 2
10567 11149 2
8102 11149 1
11144 11149 1
11144 11150 1
10567 11150 1
8102 11151 1
11144 11151 1
10567 11151 2
8102 11152 1
10567 11152 2
11144 11152 1
8102 11153 1
11144 11153 1
10567 11153 2
14306 14305 1
8237 14307 1
14308 14307 13
8117 14307 1
8333 14307 1
10601 14307 2
8415 14307 1
10755 14307 1
14305 14307 1
10508 14307 1
10441 14307 1
8417 14307 1
8154 14307 1
10922 14307 1
8192 14307 1
10392 14308 6
14306 14308 6
10450 14308 1
14310 14309 2
14331 14310 4
14404 14310 1
10324 14310 7
10910 14310 1
10510 14310 1
10467 14310 1
10375 14310 1
14393 14310 12
14456 14310 2
14345 14310 1
10522 14310 3
10313 14310 1
10818 14311 3
8152 14311 1
14309 14311 2
14422 14311 1
10456 14311 1
10715 14311 1
10584 14311 11
10458 14311 5
14310 14311 27
10587 14311 12
8040 14311 1
14310 14312 36
10828 14312 2
14311 14312 27
10376 14312 3
8133 14312 1
14455 14312 1
14341 14312 1
8211 14312 1
14314 14313 161
10527 14313 3
8243 14313 1
8338 14313 1
11132 14313 3
10813 14313 2
10488 14313 20
10593 14313 1
10743 14313 3
10377 14313 1
10543 14313 14
8326 14313 1
8160 14313 1
14378 14313 20
8124 14313 1
8196 14313 1
8211 14313 1
10584 14313 11
10653 14313 18
14311 14313 27
8171 14313 2
8055 14313 2
8168 14313 1
10810 14313 3
10459 14313 2
7955 14313 1
10792 14313 2
10482 14313 2
14312 14313 36
10819 14313 4
11127 14313 1
10768 14313 2
8404 14313 1
8331 14313 1
11017 14313 1
10587 14313 12
10470 14313 1
10781 14313 1
10664 14313 2
10715 14313 1
8145 14313 2
10711 14313 2
10485 14313 21
8041 14313 2
10556 14313 1
10785 14313 1
14376 14313 54
10651 14313 10
10483 14313 15
8423 14313 1
8143 14313 1
10632 14313 7
10846 14313 1
8342 14313 1
11136 14313 2
8040 14313 3
10769 14313 2
10655 14313 2
8357 14313 1
8306 14313 1
14377 14313 20
10977 14313 4
11133 14313 2
10885 14313 2
10489 14314 20
8003 14314 1
10718 14314 1
10450 14314 1
10336 14314 1
10762 14314 4
14344 14314 1
14392 14314 1
10315 14314 3
10822 14314 2
10578 14314 1
14310 14314 46
14345 14314 1
8054 14314 1
10378 14314 1
14476 14314 1
10467 14314 4
10522 14314 3
14319 14314 4
10475 14314 7
10324 14314 9
10510 14314 9
10811 14314 3
14484 14314 7
10622 14314 4
8335 14314 1
10597 14314 1
10742 14314 3
10346 14314 1
10322 14314 3
14331 14314 17
14396 14314 1
10806 14314 4
14343 14314 1
10728 14314 2
10472 14314 7
14375 14314 22
10481 14314 24
14318 14314 4
14490 14314 6
10349 14314 1
14460 14314 5
14430 14314 2
10744 14314 3
14466 14314 3
10314 14314 1
10313 14314 2
14393 14314 15
10544 14314 14
8020 14314 1
14316 14315 4
14317 14316 5
14319 14318 4
10728 14319 1
14320 14319 3
10806 14319 4
14318 14319 1
14322 14321 2
8059 14321 1
14348 14322 1
14326 14322 1
14453 14322 9
14321 14323 2
14324 14323 6
8413 14323 1
14344 14324 4
14322 14324 3
8068 14325 2
8256 14325 1
10583 14325 3
14397 14325 4
14395 14325 3
14399 14325 2
10842 14325 1
8413 14325 1
8409 14325 1
14321 14325 2
10923 14325 1
8218 14325 1
8316 14325 1
10924 14325 2
8021 14325 3
8140 14325 1
7981 14325 2
10891 14325 1
14428 14325 2
14400 14325 1
8378 14325 1
10972 14325 2
14326 14325 28
10852 14326 1
14324 14326 3
14344 14326 6
10491 14326 6
10500 14326 5
14404 14326 5
14322 14326 5
10502 14326 1
10507 14326 1
14503 14326 2
10352 14326 2
10504 14326 1
10496 14326 2
10505 14326 6
10467 14326 2
10795 14326 1
10315 14326 8
14514 14326 2
10499 14326 6
14452 14326 4
10329 14326 13
14396 14326 8
14474 14326 5
10722 14326 1
10346 14326 6
14328 14327 1
10315 14328 8
7983 14328 1
10455 14328 3
14327 14329 1
14328 14329 1
14327 14330 1
10715 14330 1
14331 14330 5
8041 14330 2
14348 14331 2
10313 14331 1
14328 14331 2
10510 14331 2
8366 14332 1
14330 14332 5
11069 14332 1
14331 14332 14
8178 14332 2
14327 14332 1
11020 14333 3
10813 14333 2
10671 14333 4
10587 14333 12
14314 14333 57
10940 14333 2
8414 14333 1
8156 14333 1
10488 14333 20
10484 14333 1
10584 14333 11
14489 14333 4
11017 14333 1
8351 14333 1
10599 14333 3
10483 14333 15
14332 14333 14
10825 14333 2
10976 14333 3
10402 14334 1
10924 14334 2
14330 14334 5
10609 14334 1
8349 14334 1
10612 14334 1
11138 14334 1
10804 14334 1
10867 14334 1
10976 14334 3
8223 14334 1
10792 14334 1
8306 14334 1
10322 14334 26
10971 14334 1
8243 14334 1
8413 14334 1
14401 14334 1
8308 14334 1
14350 14334 1
14334 14335 26
8050 14335 6
10893 14335 1
10671 14335 4
8308 14335 1
14480 14335 1
11017 14335 1
10792 14335 1
10804 14335 1
10976 14335 3
10325 14335 51
10669 14335 3
14337 14335 34
10324 14336 6
14330 14336 5
11011 14337 1
10857 14337 2
14336 14337 6
10930 14337 5
10324 14337 34
10976 14337 3
8224 14337 1
10386 14337 1
8327 14337 1
8308 14337 1
8159 14337 1
11074 14337 1
8048 14337 4
10671 14337 4
10849 14337 2
10614 14337 3
11017 14337 1
10670 14337 4
10591 14338 7
10976 14338 3
8041 14338 2
14339 14338 26
14336 14338 6
14479 14338 12
14340 14338 1
10322 14338 33
10747 14338 1
8210 14338 1
14406 14338 1
14336 14339 6
10974 14339 3
7958 14339 1
14479 14339 12
10564 14339 2
10758 14339 1
10322 14339 26
14499 14340 10
8217 14340 1
10707 14340 1
10924 14340 2
14520 14340 1
8197 14340 1
14336 14340 6
8276 14340 1
10347 14340 36
7962 14340 1
8178 14340 2
10759 14340 1
14394 14340 1
10548 14340 1
8000 14340 1
10322 14340 76
8059 14340 1
10831 14340 1
10747 14340 1
8347 14340 1
8223 14340 1
8344 14340 1
10581 14340 1
14401 14340 1
10867 14340 1
10768 14341 2
8156 14341 1
10715 14341 1
10365 14341 2
8402 14341 1
10969 14341 1
10664 14341 2
14310 14341 20
8342 14341 1
10470 14341 1
8139 14341 1
11069 14341 1
10593 14341 1
14336 14341 6
14343 14342 8
14330 14342 5
14331 14343 5
10450 14343 2
10496 14344 2
10371 14344 1
10343 14344 1
10329 14344 1
10315 14344 3
14452 14344 3
14324 14344 12
10499 14344 1
14346 14345 3
14310 14345 1
14348 14347 1
14404 14348 6
10346 14348 1
10322 14348 4
14324 14348 1
14452 14348 8
14344 14348 1
8317 14349 1
14348 14349 3
14347 14349 1
14349 14350 3
8289 14350 2
10868 14350 1
14351 14350 2
14348 14350 7
14347 14351 1
14348 14351 2
10911 14352 2
8059 14352 1
8307 14352 1
8317 14352 1
14481 14352 1
14353 14352 24
10923 14352 1
10670 14352 4
14347 14352 1
10831 14352 1
8018 14352 2
10976 14352 3
8128 14352 1
8425 14352 1
14394 14352 1
10548 14352 1
11138 14352 1
10324 14353 5
10544 14353 1
10315 14353 3
14396 14353 1
14348 14353 6
10322 14353 3
14404 14353 1
14482 14353 1
10344 14353 2
10519 14354 1
10777 14354 6
8118 14354 1
8122 14354 1
14355 14354 41
14352 14354 24
8257 14354 1
10976 14354 3
8334 14354 1
10540 14354 1
11069 14354 1
8139 14354 1
10365 14354 2
10541 14355 5
14326 14355 1
10315 14355 6
10450 14355 1
8335 14355 1
14353 14355 24
14331 14355 4
10322 14355 4
8122 14356 1
8334 14356 1
8257 14356 1
10519 14356 1
14480 14356 1
8328 14356 1
11069 14356 1
10777 14356 6
14352 14356 24
10540 14356 1
14355 14356 42
8139 14356 1
10365 14356 2
14357 14358 3
14360 14359 4
10858 14360 1
10789 14360 1
10323 14360 4
14342 14361 1
11069 14361 1
14362 14361 5
14343 14362 1
14331 14362 1
14519 14364 2
14363 14364 4
14366 14365 1
14368 14366 5
14368 14367 10
8182 14367 1
8340 14367 1
8073 14367 1
7970 14367 1
8336 14367 1
11110 14367 1
10369 14367 1
14365 14367 1
11125 14367 1
10450 14368 1
14366 14368 8
14375 14368 8
10323 14368 3
8182 14369 1
8336 14369 1
14367 14369 10
14368 14369 10
14367 14370 10
14371 14370 10
14368 14371 10
14371 14372 10
14367 14372 10
14367 14373 10
14371 14373 10
10409 14374 10
14367 14374 10
14375 14374 20
10410 14375 10
14366 14375 1
14368 14375 10
10407 14375 1
11069 14376 1
11011 14376 1
10474 14376 7
14314 14376 54
14374 14376 20
10586 14376 23
11017 14376 1
10804 14376 1
10893 14376 1
14367 14377 10
14375 14377 20
10409 14377 10
14375 14378 20
14367 14378 10
10409 14378 10
14367 14379 10
14371 14379 10
10409 14380 10
14367 14380 10
14375 14380 19
10409 14381 10
14375 14381 19
14367 14381 10
8203 14382 1
8353 14382 1
10379 14382 2
10609 14382 1
10330 14382 1
8008 14382 3
8046 14382 1
10439 14382 1
8345 14382 1
10370 14382 1
14323 14382 3
10688 14382 4
8157 14382 1
14344 14382 23
11137 14382 2
7958 14387 1
10322 14387 26
8210 14387 1
14382 14387 23
14387 14388 26
10322 14388 27
10747 14388 1
14324 14389 3
14323 14389 3
14391 14390 3
14393 14392 4
10744 14393 3
10811 14393 3
10558 14393 3
10445 14393 2
11131 14393 3
10742 14393 3
10907 14393 4
14348 14394 1
10831 14395 1
14396 14395 4
14394 14395 1
14348 14396 2
14453 14396 9
14404 14396 6
14396 14397 4
14395 14397 3
8059 14398 1
8306 14398 1
10831 14398 1
8243 14398 1
14394 14398 1
14348 14398 6
14396 14399 2
14394 14399 1
8069 14400 2
8356 14400 1
10924 14400 2
8413 14400 1
14399 14400 2
14326 14400 9
10322 14401 4
14394 14401 1
10831 14401 1
8059 14401 1
14398 14402 1
14348 14402 4
8059 14402 1
14394 14402 1
8232 14403 3
14404 14403 9
8319 14403 1
14402 14403 4
8059 14403 1
14396 14404 1
14324 14404 1
14344 14404 1
14348 14404 26
10323 14404 3
10326 14404 3
10346 14404 10
8323 14405 1
10708 14405 2
14422 14405 1
8059 14405 1
10549 14405 7
10462 14405 1
14404 14405 30
10796 14405 1
11138 14405 1
8058 14405 4
14398 14405 1
8276 14405 1
14403 14405 9
8070 14405 2
8380 14405 1
10624 14405 3
11120 14406 1
10872 14406 1
10345 14406 2
11119 14406 1
8344 14406 1
14405 14406 30
10322 14406 37
14405 14407 30
10848 14407 1
11074 14407 1
11011 14407 1
10324 14407 57
10671 14407 4
10933 14407 5
8224 14407 1
8327 14407 1
10849 14407 2
8159 14407 1
10614 14407 3
14350 14407 1
10386 14407 1
10857 14407 2
10524 14407 7
10325 14408 65
14407 14408 57
10670 14408 4
10930 14408 5
10893 14408 1
8050 14408 6
8050 14409 6
10893 14409 1
14401 14409 1
14407 14409 57
10825 14409 2
10325 14409 63
10849 14410 2
10827 14410 4
8159 14410 1
8327 14410 1
10614 14410 3
14405 14410 30
10933 14410 5
10671 14410 4
8265 14410 1
8224 14410 1
8302 14410 1
14411 14410 58
10670 14410 4
10857 14410 2
14350 14410 1
10930 14410 5
11011 14410 1
10386 14410 1
11074 14410 1
14348 14411 1
14404 14411 30
10324 14411 29
10326 14411 1
8297 14412 1
14410 14412 58
14411 14412 64
10525 14412 8
14405 14413 30
14411 14413 31
14350 14413 1
8327 14414 1
8265 14414 1
10670 14414 4
10671 14414 4
10933 14414 5
10326 14414 65
10857 14414 2
10930 14414 5
14405 14414 30
8159 14414 1
10849 14414 2
10600 14414 3
8224 14414 1
11011 14414 1
10848 14414 1
11074 14414 1
10827 14414 4
14350 14414 1
10614 14414 3
7982 14414 1
10386 14414 1
10524 14414 7
8302 14415 1
14414 14415 65
14416 14415 67
10326 14416 66
14415 14417 67
14418 14417 67
14411 14418 8
14416 14418 68
14414 14419 65
8302 14419 1
10326 14419 66
14414 14420 65
14416 14420 67
8302 14420 1
14416 14421 68
11093 14421 1
14420 14421 67
14394 14422 1
14404 14422 5
10831 14422 1
8059 14422 1
11138 14422 1
8273 14423 1
14424 14423 5
8038 14423 1
8204 14423 1
8266 14423 1
10318 14424 3
14423 14425 5
14424 14425 5
8038 14426 1
14423 14426 5
14424 14426 5
8273 14426 1
8204 14426 1
10831 14428 1
14396 14428 2
8413 14429 1
8033 14429 1
14473 14429 1
10714 14429 1
14428 14429 2
8158 14429 1
10694 14429 1
8036 14429 3
8116 14429 1
10729 14429 1
8382 14429 1
8376 14429 1
8021 14429 3
8329 14429 1
10438 14429 1
8138 14429 1
14326 14429 33
14400 14429 1
11005 14429 2
8354 14429 1
10923 14429 1
8332 14429 1
14502 14429 1
14513 14429 2
8207 14429 1
8202 14429 1
14432 14431 1
10834 14433 1
14431 14433 1
8031 14433 1
10739 14433 1
10693 14433 1
10700 14433 1
14434 14433 7
10446 14434 2
10699 14434 1
14432 14434 4
10337 14434 14
10339 14434 6
14440 14434 11
10338 14434 6
8432 14435 1
8091 14435 1
8023 14435 1
8179 14435 1
8246 14435 1
11068 14435 1
10626 14435 1
10873 14435 1
8384 14435 1
8330 14435 1
14436 14435 19
8371 14435 1
14433 14435 7
10538 14435 1
10539 14436 12
14434 14436 7
14436 14437 19
8091 14437 1
8384 14437 1
8330 14437 1
8246 14437 1
11068 14437 1
10626 14437 1
10873 14437 1
8179 14437 1
8023 14437 1
8371 14437 1
10538 14437 1
8432 14437 1
14433 14437 7
14434 14438 3
10739 14438 1
14431 14438 1
10693 14438 1
10700 14439 1
10739 14439 1
8031 14439 1
10834 14439 1
10693 14439 1
14431 14439 1
14440 14439 7
10446 14440 2
14432 14440 4
10323 14440 5
14434 14440 13
10836 14441 2
8400 14441 1
14442 14441 11
10835 14441 4
14439 14441 7
14440 14442 11
10786 14442 4
14442 14443 10
14439 14443 7
8400 14443 1
10835 14443 4
14439 14444 7
14434 14444 8
8400 14444 1
10836 14445 2
8400 14445 1
14442 14445 12
10835 14445 4
14439 14445 7
14447 14446 14
8215 14446 2
14445 14446 12
14442 14447 12
14440 14447 2
14445 14448 12
14449 14448 12
14442 14449 12
14318 14450 1
14314 14451 2
14450 14451 1
8338 14451 1
10319 14452 1
14453 14452 9
14454 14452 1
14348 14452 4
14326 14452 1
10313 14453 16
14456 14455 1
10510 14456 3
10880 14456 5
10322 14456 6
14455 14457 1
10571 14457 5
14458 14457 6
14460 14458 5
14456 14458 1
14455 14459 1
14460 14459 1
14456 14460 2
10636 14460 3
11059 14460 1
8103 14460 1
14462 14461 2
8151 14461 1
10921 14462 1
11065 14462 3
14464 14463 5
8141 14463 1
8097 14463 2
14461 14463 2
10580 14464 3
14462 14464 3
14519 14464 1
14466 14465 13
10571 14465 5
14463 14465 5
10972 14465 1
10467 14466 1
14460 14466 5
14464 14466 5
14465 14467 12
14466 14467 13
8040 14468 3
8414 14468 1
8351 14468 1
14469 14468 18
14467 14468 13
14466 14469 14
10578 14469 1
10467 14469 3
14471 14470 1
10823 14471 1
10822 14471 2
8275 14471 1
8134 14472 3
14470 14472 1
14471 14472 4
14474 14473 1
10493 14474 3
14476 14475 1
10322 14476 4
8412 14477 1
10509 14477 1
8347 14477 1
14475 14477 1
14478 14477 9
10707 14477 1
10756 14477 1
10747 14477 1
8217 14477 1
10889 14477 1
14476 14478 8
10510 14478 2
10322 14478 3
8270 14479 1
10322 14479 12
8187 14479 1
8344 14479 1
8197 14479 1
8150 14479 1
10692 14479 1
7956 14479 1
10889 14479 1
14475 14479 1
8412 14479 1
8186 14479 1
10322 14480 12
14401 14480 1
7957 14480 6
14475 14480 1
10692 14480 1
10889 14480 1
14482 14481 1
14484 14483 1
14456 14484 1
10798 14484 3
14319 14484 3
14510 14484 1
10471 14485 1
10673 14485 1
11020 14485 3
14486 14485 11
10938 14485 1
10710 14485 1
8094 14485 1
10955 14485 1
14483 14485 1
14509 14485 1
14456 14486 2
14484 14486 1
10450 14486 1
10472 14486 1
14319 14486 3
14510 14486 5
14483 14487 1
11020 14487 3
14484 14487 7
10955 14487 1
8284 14487 1
8139 14488 1
11069 14488 1
10365 14488 2
8196 14488 1
11024 14488 3
10485 14488 21
14487 14488 7
10776 14488 1
8211 14488 1
8210 14488 1
10593 14488 1
14342 14488 1
10976 14488 3
11017 14488 1
14314 14488 38
14483 14489 1
10955 14489 1
10989 14489 1
14490 14489 4
14456 14490 2
10510 14490 3
14484 14490 1
10454 14490 2
10450 14490 1
14490 14491 7
14489 14491 4
10766 14491 1
10989 14491 1
7976 14491 1
8037 14491 1
8094 14492 1
14483 14492 1
14486 14492 3
14509 14492 1
8365 14493 2
8117 14493 1
8129 14493 1
10755 14493 1
14494 14493 13
10724 14493 1
10922 14493 1
10391 14493 1
8417 14493 1
8154 14493 1
10473 14493 1
8192 14493 1
10508 14493 1
10392 14494 6
14306 14494 5
10450 14494 1
8219 14495 1
14496 14495 14
14493 14495 13
10561 14496 1
14494 14496 13
8242 14497 1
14498 14497 2
10322 14498 4
10323 14498 1
8191 14499 1
8309 14499 1
10803 14499 1
10674 14499 1
14497 14499 2
10468 14499 1
8208 14499 1
14498 14499 10
8137 14499 1
14501 14500 10
14499 14500 10
14498 14501 10
14503 14502 1
10430 14503 9
11072 14504 6
10315 14504 7
11114 14505 1
10317 14505 27
8115 14505 1
10543 14505 14
8331 14505 1
10746 14505 1
14504 14505 7
8375 14505 1
8092 14506 2
14505 14506 27
10317 14506 32
8397 14506 1
10627 14506 2
8361 14507 1
8128 14507 2
14521 14507 1
10555 14507 1
8375 14507 1
10824 14507 1
8409 14507 1
11002 14507 1
10715 14507 1
8218 14507 1
8331 14507 1
10695 14507 1
8022 14507 1
10777 14507 6
11114 14507 1
8188 14507 1
10734 14507 3
10315 14507 33
8021 14507 3
14504 14507 7
10340 14507 3
14504 14508 7
10555 14508 1
14328 14508 8
14510 14509 1
8094 14511 1
10938 14511 1
10710 14511 1
14509 14511 1
14486 14511 4
10373 14512 1
14486 14512 3
8271 14512 1
14509 14512 1
8149 14513 1
14514 14513 2
10313 14514 9
10449 14514 1
14513 14515 2
8413 14515 1
8202 14515 1
10704 14515 1
10888 14515 1
8014 14515 1
8377 14515 1
8310 14515 1
10923 14515 1
8135 14515 1
8012 14515 1
14326 14515 14
10754 14515 1
10758 14516 1
10402 14516 1
8157 14516 2
10564 14516 2
14326 14516 9
10609 14516 1
8364 14516 1
10351 14517 5
14429 14517 1
14326 14517 41
14520 14517 1
10405 14517 9
10519 14517 1
14516 14517 9
14515 14517 1
8089 14517 1
7961 14517 1
10341 14517 1
10995 14517 4
10611 14517 12
8368 14517 1
14323 14517 1
14517 14518 41
10702 14518 1
14519 14518 42
10951 14519 3
14326 14519 41
14326 14520 1
10315 14521 1
14523 14522 1
8379 14524 1
14525 14524 3
14522 14524 1
8248 14524 1
14523 14525 4
10329 14526 1
