3766 2516 2
4515 2516 1
3892 2518 1
2518 2519 1
3813 2519 2
2771 2519 1
7521 2520 1
2520 2521 1
2922 2521 1
3712 2521 3
3779 2521 1
2590 2523 1
7584 2523 7
2962 2523 1
2670 2523 1
2619 2523 1
2939 2523 1
2759 2523 1
2524 2525 1
7514 2525 2
3932 2526 2
2524 2526 1
2524 2527 1
2713 2527 2
2524 2528 1
3855 2528 2
7548 2530 1
3797 2531 1
4161 2532 1
3701 2533 1
2532 2533 1
2532 2534 1
3701 2534 1
2532 2535 1
3701 2535 1
3701 2536 1
2532 2536 1
3701 2537 1
2532 2537 1
3983 2538 1
4213 2539 1
2539 2540 1
4213 2540 1
2539 2541 1
4213 2541 1
3825 2542 1
7534 2543 1
2801 2544 1
2543 2544 1
7510 2544 3
7548 2546 1
7548 2548 1
2522 2549 1
2549 2550 1
4293 2550 1
3954 2551 1
2551 2552 1
3954 2552 1
4316 2553 1
3960 2554 1
7548 2555 1
3731 2556 1
3747 2557 2
2557 2558 2
7635 2558 2
2557 2559 2
7635 2559 2
7548 2562 1
4248 2563 1
7548 2564 1
3908 2565 2
2811 2565 1
4433 2566 2
2565 2566 2
4309 2568 1
4288 2569 1
4109 2570 1
2572 2571 2
2954 2571 1
3825 2573 1
2575 2574 1
7548 2577 2
2785 2577 1
7548 2578 1
3752 2579 1
3752 2580 2
2764 2580 1
2579 2580 1
2764 2581 1
2914 2581 1
3752 2581 3
2579 2581 1
2567 2582 1
7548 2583 1
3912 2586 1
2588 2587 3
2589 2587 1
4152 2590 1
7548 2592 1
7610 2594 1
7610 2595 1
2594 2595 1
7610 2596 1
2594 2596 1
7610 2597 1
2594 2597 1
3825 2598 1
7557 2599 3
7548 2602 1
3812 2603 1
3758 2604 1
3960 2605 1
2585 2606 1
2740 2607 1
3906 2607 4
2772 2607 1
2895 2607 1
2606 2607 1
3982 2608 1
3929 2610 2
7548 2611 1
3783 2612 1
2612 2613 1
7635 2613 1
3786 2614 1
2612 2614 1
3985 2615 1
4060 2616 1
7600 2617 1
4000 2618 1
4127 2619 1
7548 2620 2
7602 2623 4
7562 2624 1
3698 2625 1
2625 2626 1
3700 2626 1
2628 2627 3
2630 2627 2
2631 2628 2
2628 2629 3
2627 2629 3
2630 2629 2
2631 2630 2
2764 2630 1
3864 2631 1
7510 2632 4
7548 2633 1
3929 2636 1
2636 2637 1
3803 2637 2
4491 2637 1
7557 2638 3
4396 2642 1
2642 2643 1
4407 2643 2
2884 2643 1
4407 2644 1
2642 2644 1
4297 2645 2
2642 2645 1
2645 2646 2
4297 2646 2
2645 2647 2
4297 2647 2
2642 2648 1
4407 2648 1
4407 2649 1
2642 2649 1
4407 2650 2
2642 2650 1
2884 2650 1
2642 2651 1
4407 2651 1
3797 2652 1
2654 2653 1
3885 2655 4
4376 2655 4
7548 2657 1
7598 2658 2
7502 2661 1
7502 2662 1
2661 2662 1
7548 2663 1
7548 2664 1
3846 2665 1
4000 2666 1
3989 2668 1
4293 2669 1
2593 2670 1
4127 2671 1
2861 2672 1
2751 2672 1
2891 2672 1
2671 2672 1
2952 2672 1
3875 2672 5
2952 2673 1
2751 2673 1
2671 2673 1
3846 2673 5
2891 2673 1
2861 2673 1
2751 2674 1
2952 2674 1
3983 2674 5
2861 2674 1
2891 2674 1
2671 2674 1
2671 2675 1
2952 2675 1
3981 2675 5
2861 2675 1
2891 2675 1
2751 2675 1
2891 2676 1
2751 2676 1
2952 2676 1
2671 2676 1
3989 2676 5
2861 2676 1
2671 2677 1
4422 2677 1
2751 2678 1
2861 2678 1
2891 2678 1
4309 2678 5
2952 2678 1
2671 2678 1
2861 2679 1
2952 2679 1
3981 2679 5
2891 2679 1
2671 2679 1
2751 2679 1
2751 2680 1
4224 2680 5
2861 2680 1
2891 2680 1
2671 2680 1
2952 2680 1
3842 2681 5
2671 2681 1
2891 2681 1
2861 2681 1
2952 2681 1
2751 2681 1
2671 2682 1
4316 2682 5
2952 2682 1
2751 2682 1
2891 2682 1
2861 2682 1
4127 2683 1
4421 2685 1
4319 2686 1
4184 2686 1
3807 2687 1
3801 2688 1
7548 2691 1
7548 2692 2
4248 2697 1
7557 2698 3
3998 2699 1
3963 2700 1
2699 2700 1
3783 2701 1
7635 2702 1
2701 2702 1
4126 2703 1
7548 2704 1
7584 2705 1
7586 2706 2
2900 2706 1
2705 2706 1
7548 2707 1
7606 2708 2
2738 2708 1
4227 2709 1
2709 2710 1
4229 2710 1
4127 2711 1
4056 2714 1
4020 2715 2
2714 2715 1
2854 2715 1
2854 2716 1
2714 2716 1
4020 2716 2
3803 2717 1
3925 2719 1
2609 2722 1
3838 2723 1
2722 2723 1
2722 2724 1
3838 2724 1
2722 2725 1
3838 2725 1
2722 2726 1
3838 2726 1
2722 2727 1
3838 2727 1
3958 2728 1
2728 2729 1
4087 2729 1
4418 2730 1
3908 2731 1
4180 2732 2
2731 2732 1
4275 2733 1
2733 2734 1
4275 2734 1
3879 2738 1
2741 2740 1
7548 2742 1
4109 2744 1
3724 2745 2
2869 2745 1
3825 2746 1
3972 2747 1
2747 2748 1
4183 2748 1
3683 2750 1
4127 2751 1
3987 2752 1
2751 2752 1
4056 2755 1
2755 2756 1
2904 2756 1
7584 2756 2
7521 2757 1
3981 2758 1
2760 2759 1
4476 2761 1
7548 2762 1
3825 2763 1
3864 2764 1
3752 2765 1
2764 2765 1
2631 2766 1
2764 2766 1
2631 2767 1
2764 2767 1
2764 2768 1
2631 2768 1
7548 2769 1
7641 2771 1
3781 2772 1
7548 2773 1
2773 2774 1
4325 2774 1
4505 2775 1
4505 2776 1
4505 2777 1
4505 2778 1
3825 2779 1
3912 2780 1
3812 2782 1
3803 2784 1
7548 2785 1
7548 2786 1
4020 2787 2
2854 2787 1
4022 2788 2
2787 2788 2
4288 2789 1
7548 2791 1
3724 2792 2
2869 2792 1
3842 2793 1
3825 2794 1
3995 2795 1
2795 2796 1
3995 2796 1
7548 2798 1
3729 2799 1
4288 2800 1
7548 2801 1
4491 2802 1
3803 2802 1
3803 2803 1
4491 2803 1
3803 2804 1
4491 2804 1
3803 2805 1
4491 2805 1
3803 2806 1
4491 2806 1
3803 2807 1
4491 2807 1
7578 2808 1
2811 2809 1
7578 2809 2
2808 2809 1
3908 2811 1
4335 2812 1
2811 2812 1
4335 2813 1
2811 2813 1
4335 2814 1
2811 2814 1
4335 2815 1
2811 2815 1
2811 2816 1
4053 2816 1
4335 2817 1
2811 2817 1
4335 2818 1
2811 2818 1
4335 2819 1
2811 2819 1
4335 2820 1
2811 2820 1
4335 2821 1
2811 2821 1
2811 2822 1
3747 2822 1
2811 2823 1
4335 2823 1
2811 2824 1
4335 2824 1
4335 2825 1
2811 2825 1
2811 2826 1
4335 2826 1
2811 2827 1
4335 2827 1
2811 2828 1
4335 2828 1
2811 2829 1
4335 2829 1
4362 2830 2
2811 2830 1
2830 2831 2
4335 2831 2
4335 2832 2
2830 2832 2
4335 2833 2
2830 2833 2
2830 2834 2
4335 2834 2
2830 2835 2
4335 2835 2
2830 2836 2
4335 2836 2
2830 2837 2
4335 2837 2
2830 2838 2
4335 2838 2
2830 2839 2
4335 2839 2
2830 2840 2
4335 2840 2
2830 2841 2
4335 2841 2
4335 2842 2
2830 2842 2
2830 2843 2
4335 2843 2
2830 2844 2
4335 2844 2
7562 2845 1
4327 2846 1
2846 2847 1
4329 2847 1
2846 2848 1
4329 2848 1
3722 2849 1
2851 2850 1
2850 2852 1
2853 2852 1
2851 2853 1
4056 2854 1
2854 2855 1
4020 2855 1
2854 2856 1
4020 2856 1
4248 2857 1
4142 2858 1
7548 2859 1
4127 2861 1
2861 2862 1
3988 2862 1
4418 2864 1
4115 2865 1
3836 2865 1
3722 2867 1
7548 2868 1
4024 2869 1
2869 2870 1
4320 2870 1
2869 2871 1
4107 2871 1
4049 2872 1
2869 2872 1
3724 2873 1
2869 2873 1
4445 2874 1
2869 2874 1
3724 2875 1
2869 2875 1
4289 2876 1
3912 2878 1
7548 2879 1
4115 2880 1
2865 2881 1
2880 2881 1
3786 2882 1
3950 2883 1
4396 2884 1
2884 2885 1
4297 2885 1
2884 2886 1
4407 2886 1
4407 2887 1
2884 2887 1
4297 2888 1
2884 2888 1
2884 2889 1
4407 2889 1
2884 2890 1
3862 2890 1
4127 2891 1
3685 2892 1
3825 2894 1
4154 2895 1
7548 2897 1
7548 2898 1
3777 2899 1
7521 2900 1
2757 2901 1
2900 2901 1
4381 2902 2
2950 2902 1
2900 2902 1
2900 2903 1
2950 2903 1
4381 2903 2
7580 2904 1
3951 2905 1
3960 2906 1
3779 2907 1
3712 2907 1
4318 2908 1
3779 2908 1
3779 2909 1
4318 2909 1
3922 2911 1
7548 2912 1
7548 2913 1
3750 2914 1
2914 2915 1
3752 2915 1
2914 2916 1
3752 2916 1
2914 2917 1
3752 2917 1
3752 2918 1
2914 2918 1
7562 2919 1
7521 2922 1
7539 2923 1
7541 2924 1
2923 2924 1
7548 2926 1
3981 2930 1
3958 2931 1
3979 2933 1
3820 2934 1
3984 2935 1
3777 2936 1
2584 2937 1
7598 2938 2
3729 2939 1
3864 2940 1
2940 2941 1
3752 2941 1
3752 2942 1
2940 2942 1
2940 2943 1
3752 2943 1
2940 2944 1
3752 2944 1
2940 2945 1
3752 2945 1
4465 2946 1
2940 2946 1
7604 2948 1
7521 2950 1
7548 2951 1
4127 2952 1
2938 2953 1
7598 2953 1
2622 2955 1
2955 2956 1
2967 2956 1
3883 2956 2
4109 2957 1
3929 2959 1
7548 2960 1
3912 2961 1
3683 2962 1
3734 2964 1
3734 2965 1
2964 2965 1
2964 2966 1
3734 2966 1
7606 2967 1
7548 2969 1
3684 3683 4
4127 3684 4
3729 3684 4
3683 3684 1
3823 3684 4
3686 3685 3
7502 3687 4
3795 3687 2
7641 3688 5
7586 3689 1
3689 3690 4
3693 3692 1
7579 3693 4
2615 3694 1
2687 3694 1
2665 3694 1
4306 3694 1
4412 3694 1
2668 3694 1
2930 3694 1
3874 3694 1
2935 3694 1
3889 3694 1
3732 3694 1
4254 3694 1
2538 3694 1
2758 3694 1
2608 3694 1
4471 3694 1
2685 3694 1
2553 3694 1
2793 3694 1
2616 3694 1
4176 3694 1
2568 3694 1
4218 3694 1
3692 3694 1
3971 3694 1
3742 3694 1
3968 3694 1
3695 3694 27
3982 3695 1
4309 3695 1
3693 3695 1
3969 3695 1
3843 3695 1
3842 3695 1
3683 3695 1
3807 3695 1
3983 3695 1
4421 3695 1
3986 3695 1
3743 3695 1
4127 3695 3
4060 3695 1
3985 3695 1
3733 3695 1
7601 3695 1
4177 3695 1
3984 3695 1
3846 3695 1
4211 3695 1
3981 3695 2
4224 3695 1
4316 3695 1
3875 3695 1
3989 3695 1
4255 3695 1
3968 3696 1
4455 3696 1
2668 3696 1
2758 3696 1
3692 3696 1
2935 3696 1
2930 3696 1
4254 3696 1
2538 3696 1
4218 3696 1
2685 3696 1
2683 3696 1
2615 3696 1
3889 3696 1
2616 3696 1
2553 3696 1
2568 3696 1
2665 3696 1
2952 3696 1
3742 3696 1
3971 3696 1
2687 3696 1
2793 3696 1
3732 3696 1
4176 3696 1
2608 3696 1
4471 3696 1
3874 3696 1
3695 3696 29
4412 3696 1
3698 3697 1
4239 3698 3
3697 3699 1
3700 3699 1
3698 3700 2
4507 3700 2
4188 3700 1
4161 3701 1
3780 3701 1
3702 3701 3
3704 3703 1
2867 3705 1
2849 3705 1
3703 3705 1
4386 3705 1
3706 3705 5
4466 3705 1
3704 3706 2
3722 3706 2
4387 3706 1
3780 3707 1
2524 3708 1
3709 3708 2
7521 3710 1
4515 3711 1
4477 3711 1
4192 3711 1
2900 3711 1
2883 3711 1
4491 3711 1
3866 3711 1
4355 3711 1
3712 3711 26
3840 3711 6
2520 3711 1
3757 3711 1
3710 3711 1
2697 3711 1
4393 3711 1
4426 3711 1
3940 3711 1
3876 3711 1
2950 3711 1
3779 3711 2
2922 3711 1
4248 3712 1
3950 3712 1
7521 3712 11
3717 3712 1
4280 3712 1
3780 3712 3
7586 3712 1
7584 3712 6
3758 3712 1
2900 3713 1
3876 3713 1
3779 3713 1
2883 3713 1
4491 3713 1
4355 3713 1
4426 3713 1
3710 3713 1
3840 3713 6
2950 3713 1
2697 3713 1
2922 3713 1
4515 3713 1
3712 3713 21
3940 3713 1
3866 3713 1
4393 3713 1
3715 3714 1
2782 3716 1
4416 3716 1
4336 3716 1
4055 3716 1
4357 3716 1
4029 3716 1
2789 3716 1
2936 3716 1
2799 3716 1
7584 3716 13
3714 3716 1
3735 3716 2
2711 3716 1
3718 3717 3
7508 3721 5
3724 3723 2
4388 3723 1
4024 3724 1
4389 3724 1
3724 3725 2
3723 3725 2
7548 3726 1
4472 3727 1
7548 3727 9
2801 3727 1
4231 3727 1
4225 3727 1
2583 3727 1
3726 3727 1
2798 3727 1
2785 3727 1
2773 3727 1
3684 3729 4
3731 3730 1
3733 3732 1
4127 3734 1
7548 3734 1
7598 3735 2
7548 3737 1
2879 3738 1
4398 3738 1
3737 3738 1
2574 3738 1
4501 3738 1
4243 3738 7
4383 3738 1
3877 3738 1
2868 3738 1
4267 3738 1
4058 3738 1
3763 3738 1
3778 3738 1
4241 3738 1
2786 3738 1
3739 3738 30
2602 3738 1
2592 3738 1
2548 3738 1
4551 3738 3
4443 3738 1
2575 3739 1
3724 3739 4
4458 3739 3
4373 3739 1
3684 3739 7
3731 3739 1
4445 3739 6
7548 3739 15
3738 3740 30
4210 3740 4
4551 3740 3
3739 3740 34
3743 3742 1
7602 3743 4
3745 3744 1
4239 3745 3
4052 3746 3
4539 3746 2
3747 3746 6
3744 3746 1
3780 3747 1
7578 3747 2
3745 3747 1
3908 3747 1
3960 3747 1
3820 3747 3
4049 3747 3
4458 3747 3
3922 3747 1
4053 3747 4
3790 3747 2
3707 3747 2
7557 3748 3
3752 3750 1
3751 3750 3
3750 3752 1
3864 3752 2
3753 3752 4
3754 3755 3
7508 3756 3
3758 3757 1
7522 3758 3
3712 3759 5
4477 3759 1
2922 3759 1
3779 3759 1
2900 3759 1
3757 3759 1
3761 3760 2
3760 3761 4
7548 3763 1
7512 3765 4
3780 3766 1
7557 3766 3
3768 3767 1
3767 3769 1
3770 3769 1
3768 3770 1
3770 3771 1
3767 3771 1
3767 3772 1
3770 3772 1
3767 3773 1
3770 3773 1
3768 3774 1
3767 3774 1
7539 3775 1
3775 3776 1
7541 3776 1
3823 3777 1
7548 3778 1
3780 3779 2
4481 3780 3
4154 3781 1
4070 3781 1
3783 3782 2
4355 3782 1
4000 3783 5
7635 3783 8
7521 3783 1
7635 3784 2
3782 3784 2
4467 3785 1
3786 3785 4
3782 3785 2
3783 3786 4
4417 3786 1
4106 3786 3
3934 3786 2
7635 3787 4
3785 3787 4
7557 3788 3
4515 3789 1
3790 3789 2
3780 3790 1
3766 3790 2
3789 3791 2
2557 3791 2
4551 3791 3
4515 3791 1
2934 3791 1
4048 3791 2
3747 3791 11
2811 3791 1
2911 3791 1
7544 3792 10
3789 3792 2
2699 3792 1
4233 3792 7
7548 3793 1
3793 3794 1
7548 3794 1
7502 3795 2
3797 3796 1
3799 3798 3
3801 3800 2
3803 3801 4
3803 3802 4
3800 3802 2
2610 3802 2
3929 3803 11
3975 3803 7
4506 3803 3
3801 3803 7
4280 3803 1
2524 3804 1
3805 3804 2
7508 3806 3
7512 3807 4
2524 3808 1
3805 3808 2
3810 3811 3
3835 3812 1
3836 3812 1
3823 3812 1
4248 3813 1
7641 3813 1
3892 3813 2
3815 3814 3
3797 3816 1
3818 3817 4
7557 3818 11
3820 3819 1
2601 3820 3
4539 3821 2
3819 3821 1
2811 3821 1
3747 3821 4
4515 3821 1
7508 3822 3
3825 3824 1
3880 3826 3
2542 3826 1
2746 3826 1
3827 3826 15
2573 3826 1
4205 3826 1
2894 3826 1
2598 3826 1
2779 3826 1
3824 3826 1
2763 3826 1
4354 3826 1
2794 3826 1
7606 3827 3
3825 3827 11
3826 3828 15
3829 3828 16
2948 3828 1
3878 3828 1
7604 3829 1
7606 3829 5
3827 3829 15
3879 3829 1
3826 3830 15
2948 3830 1
3829 3830 16
2948 3831 1
3826 3831 15
3829 3831 16
2948 3832 1
3829 3832 16
3826 3832 15
2948 3833 1
3826 3833 15
3829 3833 16
2948 3834 1
3826 3834 15
3829 3834 16
3925 3838 4
2609 3838 1
7584 3839 3
3839 3840 3
7584 3840 6
3840 3841 5
7612 3841 6
2922 3841 1
4127 3842 6
7512 3842 4
3683 3842 1
7579 3843 4
3845 3844 3
4127 3846 6
3683 3846 1
7579 3846 4
3707 3847 1
3847 3848 1
3849 3848 1
3707 3849 4
3851 3850 3
3853 3852 1
3855 3854 2
2524 3854 1
3864 3857 1
3856 3857 3
3760 3859 1
3859 3860 1
3760 3860 1
3760 3861 1
3859 3861 1
4396 3862 1
4095 3863 1
3865 3864 3
7521 3866 1
3801 3867 1
3801 3868 2
3867 3868 1
3803 3869 5
4002 3869 2
2688 3869 1
3868 3869 2
3752 3870 1
3752 3871 1
3870 3871 1
3752 3872 1
3870 3872 1
3752 3873 1
3870 3873 1
3875 3874 1
7579 3875 4
4127 3875 6
3683 3875 1
7521 3876 1
7548 3877 1
3879 3878 1
3878 3880 1
2604 3880 1
7606 3880 3
3880 3881 3
3829 3881 5
2708 3881 2
4456 3882 1
4497 3882 1
2955 3882 1
3883 3882 4
3878 3882 1
7606 3883 1
3879 3883 1
4454 3883 4
2622 3883 1
3885 3884 5
4376 3884 4
3683 3885 1
4289 3885 1
2654 3885 1
3885 3886 5
3884 3886 5
3885 3887 5
3884 3887 5
7601 3889 1
3892 3891 1
7522 3892 3
3891 3893 1
2518 3893 1
3813 3893 4
2771 3893 1
4479 3893 1
3813 3894 1
3891 3894 1
3801 3896 1
3801 3897 2
3896 3897 1
3897 3898 2
3803 3898 4
3930 3898 2
7548 3899 1
2609 3900 1
7600 3900 1
3901 3900 3
3903 3902 1
3902 3904 1
3905 3904 1
3903 3905 1
3781 3906 1
3836 3906 1
2741 3906 1
2585 3906 1
4154 3906 1
3797 3907 1
7578 3908 6
7579 3909 4
3912 3911 1
4551 3913 3
2780 3913 1
7524 3913 12
4391 3913 1
2878 3913 1
4274 3913 2
3911 3913 1
2961 3913 1
2586 3913 1
7524 3914 13
3913 3914 12
7524 3915 12
3913 3915 12
2780 3915 1
7544 3916 7
3917 3916 2
4188 3916 1
4221 3916 1
3729 3918 1
4509 3919 1
3684 3919 5
4432 3919 1
4282 3919 1
3918 3919 1
4242 3920 6
3684 3920 11
3919 3920 5
4282 3921 1
4432 3921 1
4509 3921 1
3922 3921 4
3918 3921 1
7578 3922 6
3729 3922 5
4282 3923 1
3918 3923 1
4432 3923 1
4509 3923 1
3922 3923 4
3925 3924 1
3837 3925 1
3925 3926 4
2719 3926 1
3924 3926 1
4203 3926 2
3838 3926 4
4203 3927 2
3924 3927 1
2719 3927 1
3926 3927 4
3929 3928 1
3803 3929 4
3929 3930 2
3928 3930 1
3932 3931 2
2524 3931 1
3934 3933 1
3783 3934 5
3934 3935 2
3933 3935 1
2701 3936 1
3935 3936 2
3786 3936 3
3939 3938 3
7521 3940 1
7548 3941 1
4054 3942 1
2546 3942 1
4047 3942 1
2969 3942 1
3941 3942 1
2578 3942 1
4264 3942 1
2664 3942 1
7548 3942 12
4159 3942 1
2897 3942 1
2704 3942 1
3946 3945 3
4096 3945 2
3863 3946 2
3948 3947 7
4098 3947 3
4096 3947 2
3949 3947 7
3946 3947 7
3945 3947 3
3946 3948 7
4096 3948 2
3947 3948 7
3947 3949 7
4096 3949 2
3946 3949 7
7602 3950 4
3690 3952 1
3954 3953 1
3952 3953 1
4158 3954 3
3690 3954 1
2551 3955 1
3954 3955 2
3952 3955 1
3956 3957 3
7578 3958 6
7516 3959 1
7602 3960 8
3960 3961 5
3960 3962 5
3998 3963 1
7557 3963 3
3965 3964 3
3967 3966 3
3969 3968 1
7512 3969 4
4304 3970 1
4142 3970 2
3843 3971 1
3974 3972 3
3973 3972 3
7579 3977 4
7579 3978 4
7578 3979 6
7578 3980 6
3683 3981 1
7578 3981 6
4127 3981 6
7579 3982 4
3683 3983 1
4127 3983 6
7579 3983 4
7579 3984 4
7579 3985 4
7579 3986 4
7579 3987 4
4127 3987 1
7579 3988 4
4127 3988 1
4127 3989 6
3683 3989 1
7579 3989 4
7579 3990 4
7579 3991 4
7579 3992 4
7579 3993 4
7579 3994 4
7579 3995 6
3995 3996 5
7579 3997 4
7579 3998 4
4000 3999 1
3783 4000 5
4384 4001 1
2701 4001 1
2666 4001 1
3999 4001 1
3783 4001 8
4217 4001 1
4283 4001 1
2618 4001 1
2612 4001 1
2959 4002 1
3929 4002 2
3812 4003 1
4003 4004 1
3812 4004 1
4006 4005 1
4005 4007 1
4008 4007 1
4006 4008 1
2869 4009 1
2792 4009 2
3724 4009 3
3724 4010 4
4009 4010 3
2745 4010 2
3724 4011 3
4009 4011 3
4013 4012 3
3885 4014 4
2876 4014 1
2653 4014 1
2962 4014 1
7602 4015 4
4515 4016 1
3707 4016 2
3849 4017 2
4016 4017 2
3849 4018 3
4016 4018 2
4171 4018 2
4020 4019 3
2714 4019 1
2854 4019 1
4056 4020 2
4019 4021 3
4022 4021 3
4020 4022 5
4163 4022 1
4117 4022 2
4024 4023 4
4551 4023 3
4458 4024 3
4057 4024 3
4023 4025 4
4551 4025 3
4024 4025 4
2524 4026 1
3709 4026 2
4028 4027 3
2694 4027 1
2693 4027 1
2695 4027 1
2696 4027 1
7627 4029 1
7557 4030 9
4030 4031 4
4030 4032 4
4030 4033 4
7562 4034 1
2801 4035 1
4036 4035 2
4034 4035 1
7562 4036 1
7548 4036 1
2801 4037 1
4034 4037 1
4036 4037 2
4034 4038 1
4036 4038 2
2801 4038 1
4036 4039 2
2801 4039 1
4034 4039 1
4036 4040 2
2801 4040 1
4034 4040 1
4034 4041 1
4036 4041 2
2801 4041 1
7569 4042 3
4034 4042 1
2577 4042 2
7569 4043 3
4034 4043 1
2577 4043 2
2577 4044 2
7569 4044 3
4034 4044 1
2577 4045 2
4034 4045 1
7569 4045 3
7569 4046 3
4034 4046 1
2577 4046 2
7548 4047 1
4049 4048 2
2869 4048 1
4024 4049 1
4051 4050 2
4505 4050 1
2811 4052 1
4053 4052 3
2931 4052 1
3958 4053 1
3908 4053 1
7548 4054 1
4056 4055 1
7548 4058 1
4058 4059 1
4060 4059 2
2891 4059 1
7548 4060 1
4127 4060 1
4058 4061 1
2891 4061 1
4060 4061 2
4058 4062 1
4060 4062 1
2952 4063 1
4058 4063 1
3734 4063 2
4058 4064 1
2952 4064 1
3734 4064 2
3734 4065 1
4058 4065 1
3734 4066 2
4058 4066 1
2952 4066 1
4058 4067 1
3734 4067 2
2952 4067 1
4058 4068 1
2952 4068 1
3734 4068 2
4362 4069 1
3972 4071 2
4071 4072 1
4427 4072 1
2747 4072 1
4073 4072 4
4181 4072 1
3979 4073 3
3972 4073 3
4071 4074 2
4075 4074 3
2933 4074 1
3972 4075 2
3979 4075 2
2933 4076 1
4075 4076 3
4071 4076 2
4075 4077 2
4181 4077 1
4071 4077 1
4181 4078 1
4071 4078 1
4075 4078 2
4181 4079 1
4075 4079 2
4071 4079 1
4071 4080 1
4075 4080 2
4181 4080 1
4071 4081 1
4075 4081 2
4181 4081 1
4073 4082 4
2933 4082 1
4071 4082 2
4181 4082 1
4084 4085 3
2728 4086 1
2744 4086 1
2570 4086 1
2957 4086 1
4087 4086 6
4108 4086 1
3958 4087 1
4109 4087 4
4089 4088 9
4086 4088 6
2732 4088 2
4087 4089 6
4180 4089 2
4088 4090 9
7518 4090 9
7518 4091 9
4088 4091 9
4460 4092 1
4088 4092 9
7518 4092 11
4442 4092 1
4389 4093 1
7508 4093 3
4095 4094 1
4094 4096 1
3863 4096 2
4096 4097 2
3946 4097 2
3946 4098 3
4096 4098 2
3946 4099 2
4096 4099 2
2582 4100 1
2619 4100 1
4094 4100 1
2937 4100 1
7584 4100 9
2962 4100 1
4372 4100 1
2653 4100 1
4409 4100 1
7586 4101 16
2900 4101 1
4512 4101 1
2523 4101 7
4100 4101 9
2937 4102 1
2962 4102 1
2619 4102 1
2653 4102 1
4372 4102 1
7584 4102 9
4409 4102 1
4094 4102 1
2582 4102 1
2523 4103 7
2900 4103 1
4512 4103 1
7586 4103 16
4102 4103 9
4106 4105 3
4104 4105 1
4351 4105 2
4458 4107 3
4024 4107 1
4106 4107 3
4109 4108 1
4111 4110 4
4113 4112 1
4410 4113 3
4112 4114 1
4115 4114 1
4113 4115 1
4112 4116 1
4115 4116 1
3803 4118 1
4118 4119 1
2784 4119 1
2717 4119 1
3803 4119 4
3803 4120 5
4491 4120 1
2717 4120 1
4119 4120 4
4268 4122 2
4121 4122 1
3944 4124 4
4124 4125 1
4126 4125 1
3944 4126 1
4269 4126 3
3684 4127 4
4129 4128 7
4130 4129 8
2524 4129 1
4132 4131 3
4551 4133 3
2801 4133 1
7510 4133 6
4134 4135 3
2860 4135 1
4049 4136 2
2869 4136 1
4551 4137 3
3747 4137 6
4136 4137 2
2906 4137 1
7548 4138 1
7548 4139 1
4141 4140 3
7556 4143 4
2524 4144 1
4145 4144 2
4013 4146 3
3729 4147 1
4147 4148 1
3922 4148 1
7548 4149 1
7557 4150 5
4150 4151 4
4142 4155 1
4157 4156 3
4348 4156 1
4155 4156 1
2858 4156 1
4142 4157 3
7548 4159 1
4161 4160 1
4251 4161 3
4160 4162 1
4161 4162 1
4070 4164 1
3781 4165 1
4164 4165 1
4166 4167 3
4169 4168 3
3707 4171 2
4515 4171 1
4171 4172 2
3849 4172 2
4174 4173 1
4173 4175 1
2669 4175 1
4185 4175 1
4178 4175 1
7526 4175 4
4177 4176 1
7512 4177 4
4179 4178 1
3908 4180 1
3979 4181 1
4181 4182 1
4183 4182 1
3972 4183 1
3979 4183 1
4320 4184 1
4186 4185 1
3761 4189 1
4457 4190 1
3760 4190 2
4189 4190 1
3717 4192 1
3712 4193 1
4192 4193 1
4195 4194 3
7578 4197 1
4439 4198 3
4515 4198 1
4197 4198 1
2808 4198 1
3747 4198 7
4539 4198 2
3747 4199 2
2808 4199 1
4197 4199 1
4197 4200 1
7578 4200 2
2811 4200 1
4201 4202 3
3925 4203 2
3926 4204 3
4203 4204 2
2719 4204 1
3825 4205 1
4207 4206 1
2792 4209 2
2869 4209 1
3724 4209 3
3724 4210 4
4209 4210 3
7512 4211 4
4213 4212 1
4213 4214 1
4212 4214 1
7557 4215 3
7548 4216 2
4000 4217 1
4211 4218 1
7548 4219 1
4221 4220 1
4220 4222 1
3916 4222 8
4233 4222 7
3751 4223 3
4127 4224 6
7512 4224 4
3683 4224 1
7548 4225 1
4227 4226 1
2639 4227 2
4286 4227 1
4229 4228 1
4226 4228 1
4227 4229 2
7557 4230 3
7548 4231 1
3960 4232 1
4515 4233 1
4232 4233 1
4539 4233 2
2605 4233 1
2905 4233 1
7544 4233 7
2849 4233 1
4235 4234 7
4233 4234 7
7544 4235 7
4237 4236 7
4233 4236 7
7544 4237 7
4239 4238 3
4145 4240 2
2524 4240 1
7548 4241 1
2861 4242 1
2683 4242 1
4455 4242 1
3684 4242 6
2671 4242 1
2751 4242 1
3684 4243 7
4242 4243 6
7596 4246 1
4248 4247 1
3823 4248 1
4249 4250 3
4253 4252 3
4255 4254 1
7512 4255 4
7548 4257 1
2530 4258 1
4257 4258 1
7548 4258 3
3855 4259 2
2524 4259 1
3944 4260 3
4124 4260 3
7602 4261 4
7557 4262 5
4262 4263 4
7548 4264 1
3786 4265 2
4467 4265 1
7635 4266 3
4265 4266 2
2882 4266 1
7548 4267 1
3818 4271 4
3818 4272 4
3818 4273 4
3912 4274 2
4169 4275 1
4371 4275 2
3820 4276 1
2811 4277 1
3747 4277 4
4539 4277 2
4276 4277 1
4515 4277 1
4281 4280 3
4279 4280 3
7584 4280 4
3729 4282 1
4000 4283 1
7602 4284 4
7529 4285 1
4505 4287 1
4051 4287 2
7548 4288 6
7548 4289 4
7548 4290 1
4179 4291 1
4293 4292 1
4291 4292 1
2522 4293 1
4179 4293 1
4291 4294 1
4293 4294 1
4293 4295 1
4291 4295 1
2642 4296 1
4395 4296 1
4297 4296 4
4396 4297 3
4297 4298 4
4296 4298 4
4505 4300 1
3764 4300 2
3686 4302 3
4304 4303 1
4348 4305 1
4303 4305 1
2858 4305 1
3970 4305 3
4127 4306 1
3989 4307 2
2750 4307 1
4306 4307 1
2750 4308 1
4306 4308 1
4309 4308 2
4127 4309 6
3683 4309 1
7512 4309 4
3875 4310 2
2750 4310 1
4306 4310 1
3846 4311 2
4306 4311 1
2750 4311 1
2750 4312 1
4306 4312 1
3983 4312 2
2750 4313 1
4224 4313 2
4306 4313 1
4306 4314 1
3842 4314 2
2750 4314 1
4316 4315 2
4306 4315 1
2750 4315 1
3683 4316 1
4127 4316 6
7512 4316 4
3981 4317 2
4306 4317 1
2750 4317 1
3780 4318 1
2869 4319 1
4320 4319 4
4024 4320 1
4288 4321 1
3960 4323 1
4325 4324 1
4323 4324 1
3960 4325 1
7548 4325 1
4327 4326 1
2846 4328 1
4329 4328 2
4326 4328 1
4327 4329 2
4326 4330 1
4329 4330 1
4329 4331 1
4326 4331 1
7548 4332 1
3797 4334 1
4362 4335 2
3908 4335 1
7548 4336 1
3864 4337 1
3864 4338 1
4337 4338 1
3864 4339 1
4337 4339 1
4337 4340 1
3857 4340 1
7508 4341 3
3721 4342 4
7508 4343 3
7508 4344 3
7557 4345 5
4347 4346 1
4142 4348 1
2858 4349 1
4348 4349 1
4157 4349 2
2524 4350 1
4145 4350 2
3797 4353 1
3825 4354 1
7521 4355 1
7635 4356 1
4355 4356 1
3731 4357 1
4458 4359 3
4362 4361 1
3908 4362 1
4361 4363 1
4469 4363 1
4364 4363 2
4404 4364 1
4362 4364 1
4364 4365 2
4469 4365 1
4361 4365 1
4364 4366 2
4361 4366 1
4469 4366 1
4469 4367 1
4361 4367 1
4364 4367 2
4469 4368 1
4361 4368 1
4364 4368 2
4469 4369 1
4364 4369 2
4361 4369 1
4069 4370 1
4361 4370 1
4187 4372 1
7557 4374 3
7548 4375 1
2962 4376 1
3885 4376 5
2653 4376 1
2876 4376 1
4376 4377 1
3885 4377 1
2714 4379 1
2854 4379 1
4020 4379 3
4379 4380 3
4022 4380 3
7521 4381 2
4381 4382 4
7548 4383 1
3783 4384 1
4384 4385 1
7635 4385 1
4387 4386 1
2928 4387 3
4389 4388 1
2560 4389 3
2561 4389 4
4388 4390 1
4093 4390 1
3912 4391 1
7521 4393 1
4396 4395 1
4395 4397 1
2642 4397 1
4297 4397 2
7548 4398 1
7557 4399 3
3929 4400 1
3929 4401 2
4400 4401 1
3803 4402 2
4401 4402 2
4404 4403 1
4406 4405 2
2731 4405 1
4403 4405 1
3908 4406 1
4404 4406 2
4396 4407 2
4278 4409 1
3986 4412 1
4414 4413 1
3707 4414 2
4413 4415 1
4414 4415 1
3715 4416 1
4239 4418 3
4540 4419 3
4515 4419 1
4420 4419 4
3780 4420 1
3707 4420 2
7512 4421 4
4127 4422 1
7512 4422 4
7512 4423 4
3934 4424 1
4424 4425 1
3934 4425 1
7521 4426 1
3979 4427 1
4248 4428 1
3709 4429 2
2524 4429 1
7510 4430 4
7548 4431 1
3729 4432 1
3908 4433 2
4435 4434 1
3929 4436 1
3929 4437 2
4436 4437 1
4437 4438 2
3803 4438 2
2931 4439 1
2811 4439 1
4053 4439 3
7548 4441 1
7516 4442 1
4373 4443 1
4445 4444 4
4443 4444 1
4551 4444 3
4458 4445 3
4024 4445 1
3960 4445 1
4373 4445 1
4443 4446 1
4445 4446 1
4445 4447 4
4551 4447 3
4443 4447 1
4551 4448 3
4445 4448 6
4443 4448 1
2554 4448 1
4448 4449 6
3739 4449 6
4239 4450 3
4154 4451 1
3781 4452 1
4451 4452 1
3781 4453 1
4451 4453 1
3780 4454 1
3683 4455 1
4454 4456 1
3761 4457 1
3707 4458 2
7602 4459 4
7516 4460 1
2933 4461 1
4075 4461 2
4071 4461 1
2914 4462 1
4463 4462 2
3750 4463 1
4462 4464 2
4465 4464 3
4500 4464 1
3864 4465 1
4463 4465 2
4484 4465 1
3704 4466 1
4417 4467 1
3786 4468 1
4467 4468 1
4404 4469 1
2731 4470 1
4406 4470 2
4469 4470 1
4224 4471 1
7548 4472 1
2524 4473 1
3709 4473 2
7557 4474 3
4169 4475 1
7586 4477 1
4477 4478 1
3689 4478 1
4248 4479 1
3813 4480 1
4479 4480 1
3764 4482 2
3731 4482 1
4505 4482 1
4483 4484 3
7582 4485 1
7586 4486 1
4485 4486 1
4111 4487 4
4111 4488 4
3853 4488 1
4280 4489 1
4489 4490 1
4280 4490 2
4490 4491 2
4280 4491 3
3900 4494 1
2617 4495 1
2722 4495 1
3900 4495 3
4494 4495 1
4454 4497 1
7548 4498 1
4484 4500 1
3731 4501 1
4501 4502 1
3731 4502 1
4482 4503 1
4501 4503 1
4501 4504 1
4482 4504 1
7548 4508 1
3729 4509 1
3950 4512 1
3780 4515 1
4515 4516 1
3747 4516 1
3701 4517 1
4515 4517 1
3701 4518 1
4515 4518 1
4515 4519 1
7586 4519 1
4515 4520 1
4454 4520 2
3883 4521 3
2955 4521 1
4520 4521 2
4520 4522 2
7612 4522 2
4539 4523 2
4520 4523 2
7610 4523 3
7610 4524 2
4520 4524 2
4539 4525 2
3747 4525 3
4551 4525 3
4515 4525 1
3747 4526 2
4539 4526 2
4515 4526 1
4515 4527 1
4528 4527 2
4539 4527 2
2736 4528 1
3707 4528 2
3780 4528 1
4539 4529 2
7610 4529 3
4515 4529 1
2594 4529 1
4515 4530 1
4531 4530 1
3780 4531 1
4515 4532 1
3707 4532 1
4515 4533 1
4539 4533 2
7610 4533 4
4551 4533 3
2594 4533 1
4515 4534 1
4420 4534 2
4539 4534 2
4420 4535 2
4539 4535 2
4515 4535 1
4515 4536 1
4540 4536 3
4420 4536 3
4544 4537 3
4515 4537 1
4420 4537 3
4420 4538 4
4515 4538 1
4540 4538 3
4539 4538 2
3707 4539 2
4515 4539 1
4420 4540 3
4539 4540 2
4540 4541 3
7579 4541 3
4540 4542 3
7579 4542 4
7512 4543 3
4540 4543 3
4539 4544 2
4420 4544 3
4528 4545 2
4539 4545 2
7610 4546 2
4539 4546 2
4414 4547 2
4539 4547 2
7610 4548 2
4539 4548 2
4539 4549 2
4528 4549 2
4539 4550 2
4458 4550 3
4551 4550 3
4539 4551 2
4458 4551 3
7610 4552 3
4551 4552 3
4551 4553 3
7610 4553 3
4551 4554 3
4458 4554 3
4556 4555 3
4551 4555 3
4458 4556 3
4551 4557 3
4445 4557 3
4551 4558 3
4445 4558 3
2869 4559 1
4107 4559 4
4551 4559 3
4359 4560 3
4551 4560 3
4359 4561 3
4551 4561 3
2516 4562 2
4515 4562 1
3790 4562 2
4515 4563 1
3747 4563 1
3719 7502 3
7502 7503 6
3687 7503 4
7503 7504 6
7502 7504 6
7505 7506 4
7508 7507 3
7510 7509 4
4458 7510 3
7564 7510 11
7534 7510 1
7548 7510 1
7562 7510 5
7512 7511 4
4420 7512 3
7514 7513 2
2524 7513 1
7516 7515 1
4460 7517 1
3959 7517 1
7518 7517 13
4088 7517 9
7515 7517 1
4442 7517 1
7516 7518 4
4089 7518 9
3959 7519 1
7518 7519 2
7515 7519 1
7512 7520 4
7522 7521 3
7524 7523 7
3912 7524 8
4458 7524 3
7523 7525 7
7524 7525 20
3914 7525 13
4179 7526 1
3836 7526 1
4174 7526 1
4293 7526 1
4186 7526 1
7512 7527 4
7529 7528 1
7528 7530 1
7531 7530 3
4285 7530 1
4206 7530 1
7529 7531 2
3741 7531 4
4207 7531 1
7531 7532 3
4285 7532 1
7528 7532 1
4206 7532 1
7535 7534 3
7537 7536 1
7536 7538 1
7539 7538 2
2721 7539 3
7537 7539 1
7538 7540 2
7541 7540 2
7539 7541 4
7512 7542 4
4540 7542 3
2605 7543 1
4539 7543 2
4542 7543 4
4232 7543 1
4515 7543 1
7544 7543 8
7542 7543 4
3998 7544 1
3780 7544 1
3722 7544 1
7579 7544 4
7548 7544 18
3766 7544 2
3685 7544 1
7512 7544 4
3951 7544 1
4418 7544 2
3797 7544 7
3960 7544 2
3707 7544 2
3790 7544 2
3729 7544 4
4542 7545 4
2699 7545 1
7544 7545 12
2730 7545 1
2849 7545 1
2605 7545 1
2905 7545 1
7542 7545 4
4232 7545 1
7543 7545 8
4542 7546 4
4515 7546 1
7542 7546 4
7543 7546 8
7544 7546 8
4539 7546 2
7548 7547 1
3823 7548 6
3835 7548 6
3837 7548 6
3836 7548 6
7548 7549 68
7547 7549 1
4219 7549 1
4225 7549 1
2592 7549 1
4139 7549 1
2742 7549 1
4383 7549 1
4375 7549 1
2960 7549 1
2562 7549 1
2801 7549 1
4138 7549 1
4332 7549 1
2868 7549 1
2769 7549 1
2898 7549 1
2564 7549 1
2555 7549 1
2798 7549 1
2583 7549 1
4290 7549 1
2785 7549 1
4241 7549 1
2663 7549 1
4267 7549 1
2620 7549 2
2773 7549 1
3763 7549 1
4231 7549 1
7558 7549 1
3899 7549 1
4508 7549 1
2602 7549 1
2926 7549 1
4498 7549 1
3942 7549 1
2786 7549 1
4431 7549 1
4472 7549 1
3726 7549 1
4398 7549 1
3778 7549 1
2879 7549 1
2791 7549 1
2657 7549 1
3877 7549 1
4441 7549 1
2611 7549 1
2913 7549 1
2912 7549 1
2548 7549 1
2859 7549 1
2692 7549 2
4216 7549 2
2707 7549 1
4058 7549 1
2633 7549 1
4149 7549 1
2691 7549 1
2762 7549 1
4258 7549 3
7639 7549 1
3737 7549 1
7547 7550 1
7639 7550 1
2801 7550 1
2960 7550 1
2791 7550 1
2859 7550 1
2555 7550 1
7548 7550 29
4216 7550 2
2562 7550 1
2785 7550 1
2912 7550 1
2707 7550 1
2663 7550 1
2691 7550 1
2692 7550 2
4225 7550 1
2773 7550 1
2583 7550 1
2564 7550 1
4258 7550 3
2798 7550 1
4138 7550 1
3899 7550 1
3726 7550 1
3942 7550 1
7512 7551 4
4347 7552 1
7553 7554 3
7556 7555 4
7557 7556 7
7548 7558 1
2742 7559 1
2531 7559 1
2785 7559 1
4216 7559 2
4334 7559 1
4332 7559 1
7558 7559 1
2898 7559 1
4353 7559 1
2892 7559 1
4441 7559 1
4432 7559 1
2620 7559 2
4139 7559 1
7544 7559 39
4282 7559 1
2762 7559 1
3918 7559 1
4225 7559 1
4233 7559 7
2516 7559 2
3796 7559 1
2801 7559 1
3907 7559 1
3816 7559 1
2769 7559 1
2652 7559 1
4290 7559 1
4509 7559 1
2849 7559 1
2773 7559 1
4431 7559 1
2864 7559 1
7558 7560 1
2762 7560 1
7548 7560 6
2769 7560 1
4139 7560 1
4290 7560 1
2742 7560 1
7562 7561 1
4551 7563 3
2919 7563 1
2624 7563 1
2801 7563 1
2845 7563 1
4034 7563 1
7564 7563 11
7561 7563 1
2543 7563 1
4458 7564 3
7534 7564 1
7548 7564 1
7562 7564 5
7510 7565 12
4133 7565 1
7563 7565 11
7510 7566 9
7561 7566 1
4034 7566 1
2919 7566 1
4133 7566 1
2845 7566 1
2624 7566 1
2544 7566 3
7561 7567 1
4034 7567 1
2845 7567 1
2624 7567 1
4133 7567 6
7510 7567 11
2919 7567 1
2919 7568 1
7561 7568 1
7569 7568 2
7562 7569 3
7548 7569 2
7569 7570 3
2919 7570 1
2785 7570 1
7561 7570 1
7569 7571 2
2919 7571 1
7561 7571 1
2919 7572 1
7561 7572 1
7569 7572 2
7561 7573 1
2919 7573 1
7574 7573 2
7562 7574 2
2919 7575 1
7561 7575 1
7569 7575 2
2919 7576 1
7561 7576 1
7569 7576 2
7569 7577 2
2919 7577 1
7561 7577 1
7579 7578 16
7512 7578 16
3908 7578 1
4420 7579 3
7582 7581 1
4491 7583 1
4485 7583 1
7584 7583 4
4479 7583 1
7581 7583 1
7582 7584 2
7548 7584 2
7598 7584 4
4152 7584 1
3715 7584 2
2584 7584 1
4187 7584 1
4248 7584 1
3683 7584 1
4056 7584 2
2567 7584 1
7627 7584 2
4127 7584 2
2760 7584 1
4476 7584 1
3777 7584 2
3812 7584 2
2593 7584 1
7580 7584 1
4280 7584 3
4169 7584 1
7596 7584 1
4352 7584 2
3729 7584 2
4288 7584 2
3731 7584 3
2654 7584 1
4278 7584 1
3885 7584 4
4095 7584 1
7586 7585 1
7581 7585 1
7584 7586 42
4420 7586 5
7582 7586 2
3780 7586 1
3950 7586 1
3809 7586 4
7521 7586 4
7586 7587 1
7581 7587 1
7581 7588 1
7586 7588 1
7586 7589 3
7581 7589 1
4393 7589 1
3710 7589 1
4419 7590 4
7581 7590 1
7586 7590 5
7586 7591 5
4538 7591 4
7581 7591 1
7586 7592 1
7581 7592 1
7586 7593 1
7581 7593 1
7586 7594 1
7581 7594 1
7586 7595 1
7581 7595 1
7598 7597 2
7548 7598 6
4321 7599 1
2658 7599 2
7600 7599 6
7597 7599 2
2800 7599 1
4288 7600 2
7598 7600 4
7602 7601 4
7604 7603 4
3895 7604 3
7606 7605 5
2948 7605 1
7603 7605 4
3758 7606 1
7604 7606 5
3879 7606 2
4208 7606 4
7603 7607 4
3878 7607 1
7606 7607 6
2948 7607 1
7557 7608 3
7610 7609 1
4458 7610 3
3780 7610 1
4454 7610 2
3707 7610 2
7609 7611 1
7612 7611 2
4434 7611 1
7610 7612 1
7584 7612 5
7521 7612 1
4454 7612 2
4435 7612 1
7612 7613 1
7609 7613 1
7609 7614 1
7615 7614 1
7610 7615 1
7615 7616 2
7609 7616 1
7618 7616 2
7615 7617 1
7609 7617 1
7615 7618 2
7609 7618 1
7620 7619 2
7618 7619 2
7615 7620 2
7622 7621 2
7618 7621 2
7615 7622 2
7622 7623 2
7618 7623 2
7609 7624 1
7615 7624 1
7615 7625 1
7609 7625 1
7627 7626 1
4288 7627 5
7626 7628 1
2569 7628 1
3730 7628 1
2951 7628 1
2670 7628 1
2556 7628 1
4490 7628 2
7584 7628 10
2938 7628 1
7628 7629 10
2900 7629 1
7586 7629 12
4485 7629 1
2603 7630 1
2582 7630 1
2761 7630 1
2937 7630 1
2951 7630 1
3730 7630 1
2759 7630 1
3714 7630 1
2939 7630 1
2899 7630 1
2590 7630 1
7626 7630 1
4246 7630 1
4475 7630 1
4094 7630 1
7584 7630 32
4416 7630 1
2556 7630 1
4490 7630 2
2670 7630 1
4014 7630 4
4409 7630 1
2619 7630 1
4372 7630 1
2569 7630 1
2938 7630 2
2900 7631 1
4485 7631 1
7630 7631 32
7586 7631 35
3940 7631 1
2590 7632 1
4246 7632 1
2619 7632 1
2759 7632 1
2556 7632 1
2670 7632 1
4416 7632 1
7584 7632 30
2582 7632 1
2938 7632 2
2904 7632 1
2937 7632 1
2569 7632 1
2951 7632 1
2603 7632 1
4094 7632 1
4490 7632 2
3730 7632 1
4409 7632 1
2899 7632 1
2755 7632 1
7626 7632 1
4479 7632 1
4475 7632 1
2761 7632 1
2939 7632 1
4372 7632 1
3714 7632 1
4515 7633 1
7586 7633 31
7632 7633 30
2900 7634 1
7632 7634 30
7635 7634 31
7584 7635 30
3783 7635 5
3786 7635 6
3747 7635 2
7521 7635 2
7632 7636 30
7584 7636 31
7636 7637 31
7586 7637 31
7636 7638 31
7586 7638 31
7548 7639 1
7641 7640 1
4248 7641 4
4322 7641 3
7640 7642 1
7641 7642 2
2563 7642 1
4247 7643 1
7641 7643 5
7640 7643 1
2857 7643 1
4428 7643 1
7643 7644 5
3688 7644 5
