7388 7187 6
8172 7188 1
7189 7188 3
7337 7188 1
8272 7188 1
7498 7189 1
7466 7189 1
7187 7189 1
7269 7189 1
7338 7189 1
7293 7189 4
7361 7189 2
7191 7190 5
7190 7192 4
7194 7193 4
7195 7193 4
7196 7195 25
7198 7197 9
8322 7197 1
8068 7197 1
7817 7197 1
7584 7197 1
7646 7197 1
7666 7197 1
8423 7197 1
8403 7197 1
8034 7198 2
7956 7198 1
7197 7213 9
7214 7213 9
8070 7214 2
8069 7214 2
7639 7214 1
7198 7214 18
7640 7214 1
7216 7215 9
7197 7215 9
7340 7216 1
7502 7216 1
7198 7216 13
7475 7216 2
8167 7216 5
7707 7216 2
7286 7216 3
7474 7216 5
7348 7216 1
7197 7217 9
7216 7217 9
7197 7218 9
7216 7218 9
7659 7219 1
8413 7219 1
7216 7219 14
7197 7219 9
7266 7219 3
7197 7220 9
7216 7220 9
7197 7221 9
7222 7221 9
7263 7222 2
7707 7222 2
7198 7222 10
7306 7222 1
8161 7222 2
7197 7223 9
7222 7223 9
7197 7224 9
7222 7224 9
8401 7225 1
7226 7225 10
7197 7225 9
7198 7226 10
7707 7226 2
7361 7226 2
7306 7226 1
7197 7227 9
7226 7227 10
8401 7227 1
7197 7228 9
8401 7228 1
7226 7228 10
7230 7229 3
8161 7229 10
7263 7229 2
7269 7229 1
7602 7229 7
7348 7229 1
7320 7229 1
7286 7229 2
8044 7229 2
7333 7229 8
7502 7229 1
7860 7229 1
7340 7229 1
7231 7229 1
7198 7232 3
7957 7233 1
8324 7233 1
7232 7233 1
7854 7233 1
7214 7233 7
8330 7233 1
8090 7233 1
8095 7233 1
7232 7234 1
7706 7234 2
7216 7234 4
8330 7234 1
7216 7235 4
7232 7235 1
8330 7235 1
7706 7235 2
7706 7236 2
8118 7236 1
7232 7236 1
7216 7236 4
7232 7237 1
7216 7237 3
7706 7237 2
7232 7238 1
7216 7238 1
7240 7239 2
7963 7239 1
7241 7242 4
7851 7242 1
7928 7243 1
7851 7243 1
7833 7243 1
7245 7244 1
7244 7246 1
8394 7246 1
7247 7246 2
7502 7247 2
7612 7247 1
7579 7247 1
7873 7247 1
7263 7247 2
7463 7247 1
7441 7247 1
7863 7247 1
7245 7247 2
7901 7247 1
8394 7248 1
7249 7248 2
7244 7248 1
7245 7249 1
7243 7249 1
7873 7249 1
7340 7249 1
7251 7250 1
7696 7251 4
7251 7252 1
7250 7252 1
7753 7253 3
7387 7253 3
7837 7253 3
8011 7253 1
8329 7253 1
7396 7253 1
8290 7253 1
8347 7253 1
7254 7253 31
7537 7253 5
8378 7253 1
8141 7253 2
7975 7253 1
8098 7253 1
8135 7253 3
7981 7253 2
7531 7253 1
8272 7253 1
8192 7253 1
7982 7253 6
8211 7253 1
8346 7253 1
7384 7253 1
8326 7253 1
8133 7253 1
8195 7253 2
7187 7254 8
7498 7254 1
7928 7254 1
7388 7254 15
7338 7254 7
7851 7254 1
7518 7254 3
7833 7254 1
7754 7254 3
7253 7255 31
7386 7255 9
7254 7255 32
7256 7257 3
7259 7258 5
7805 7258 2
7260 7259 6
7805 7259 2
7187 7261 1
7338 7261 1
7187 7262 1
7261 7262 4
7338 7262 1
7264 7263 3
7196 7264 2
7232 7266 2
7216 7266 3
7267 7268 4
7267 7269 4
7216 7270 1
7270 7271 1
7422 7271 1
7272 7271 7
8336 7271 1
7344 7271 3
7222 7272 1
7216 7272 1
7345 7272 4
7277 7272 6
8343 7273 1
7272 7273 13
7742 7273 6
7271 7273 7
7273 7274 13
7275 7274 13
7272 7275 13
7472 7275 3
7277 7275 9
7273 7276 13
7277 7276 14
7943 7276 1
7472 7277 4
7284 7277 3
7272 7277 13
7707 7277 2
7473 7277 1
7506 7277 1
8161 7277 2
8044 7277 2
7340 7277 1
7348 7277 1
8451 7277 1
7845 7277 3
7944 7277 1
7873 7277 1
7273 7278 13
7277 7278 13
7277 7279 13
7273 7279 13
7277 7280 9
8380 7280 1
7271 7280 7
7280 7281 9
7275 7281 10
7281 7282 10
7275 7282 11
8213 7282 1
7270 7283 1
7284 7283 1
7216 7284 1
7612 7284 1
7984 7285 1
7286 7285 2
7409 7286 6
7286 7286 6
7288 7287 4
7609 7287 2
7986 7287 2
7285 7287 2
7527 7288 2
7286 7288 4
7609 7289 2
7986 7289 2
7290 7289 4
7285 7289 2
7286 7290 4
7229 7291 2
7285 7291 2
7285 7292 2
7288 7292 4
7609 7292 2
7986 7292 2
7263 7293 2
7294 7293 3
7299 7298 3
8116 7298 1
7611 7300 1
7284 7300 2
7300 7301 2
7277 7301 4
8118 7301 1
8437 7301 1
7303 7302 2
7956 7302 1
7304 7303 2
7306 7305 1
7473 7306 2
7306 7307 6
7879 7307 4
7305 7307 1
7306 7308 7
7307 7308 6
7308 7309 7
7306 7309 9
7324 7310 8
7318 7310 8
7309 7310 8
8167 7310 18
7322 7310 8
7326 7310 8
7659 7310 1
7881 7310 3
7322 7311 8
8167 7311 16
7309 7311 8
7326 7311 8
7318 7311 8
7324 7311 8
7313 7312 16
7324 7312 8
7326 7312 8
7322 7312 8
7309 7312 8
7318 7312 8
8167 7313 6
7661 7313 1
7745 7313 6
7336 7313 5
7306 7313 16
7315 7314 8
7309 7314 8
7340 7315 1
7313 7315 5
7474 7315 4
7286 7315 4
7306 7315 8
7333 7315 8
8437 7316 1
7315 7316 18
8065 7316 1
7309 7316 8
7680 7316 8
7307 7317 6
7306 7317 7
7306 7318 8
7317 7318 7
8401 7319 1
7881 7319 4
7698 7319 5
7322 7319 8
7880 7319 5
7326 7319 8
8006 7319 1
7645 7319 1
8206 7319 1
7324 7319 8
7318 7319 8
8094 7319 1
7320 7319 24
7309 7319 1
7306 7320 23
7643 7320 1
7307 7321 6
7306 7321 7
7321 7322 7
7306 7322 8
7306 7323 7
7307 7323 6
7306 7324 8
7323 7324 7
7307 7325 6
7306 7325 7
7306 7326 8
7325 7326 7
7328 7327 4
7753 7327 3
7754 7328 3
7327 7329 4
7330 7329 4
7328 7330 4
8045 7330 1
7421 7330 1
7445 7331 2
7216 7331 2
7677 7332 5
7685 7332 3
7333 7332 8
7672 7333 1
8229 7334 2
8146 7334 1
7984 7334 1
8437 7334 1
7332 7334 8
8161 7334 13
7332 7335 8
7984 7335 1
7618 7335 4
7336 7335 12
7286 7336 4
8044 7336 2
7905 7336 3
7333 7336 8
7906 7336 3
8161 7336 2
7320 7336 1
7340 7336 1
7338 7337 1
7388 7338 4
7339 7340 3
7342 7341 4
7914 7344 2
7345 7344 3
8161 7345 2
7579 7345 1
7346 7347 3
7346 7348 3
7195 7349 4
7351 7350 5
7249 7351 10
7506 7352 1
7354 7353 1
7353 7355 1
7356 7355 1
7354 7356 1
7187 7356 2
7338 7356 2
7269 7357 1
7603 7358 7
8379 7358 1
8220 7358 1
7984 7358 1
8118 7358 1
8285 7358 2
7357 7358 1
7678 7358 8
8161 7358 26
8437 7358 1
8146 7358 1
8229 7358 2
8220 7359 1
7229 7359 15
7603 7359 7
8379 7359 1
8437 7359 1
8285 7359 2
7357 7359 1
8229 7359 2
7357 7360 1
8437 7360 1
7361 7360 4
8420 7360 1
7873 7361 1
7269 7361 3
7340 7361 1
7860 7361 1
7263 7361 2
7363 7362 9
7360 7362 4
7753 7362 3
8329 7362 1
7384 7362 1
7441 7363 2
7388 7363 3
7703 7363 1
7361 7363 4
7628 7363 1
7549 7363 1
7754 7363 3
7492 7363 5
7187 7363 1
7338 7363 1
7638 7363 1
7360 7364 4
8189 7364 5
7365 7364 9
7338 7365 1
7361 7365 9
7187 7365 2
7754 7365 3
8360 7366 1
7363 7366 10
7360 7366 4
8076 7366 5
7899 7366 1
7360 7367 4
8329 7367 1
7720 7367 1
7562 7367 1
7753 7367 3
7384 7367 1
8226 7367 1
7363 7367 13
8363 7367 1
7384 7368 1
7720 7368 1
7363 7368 13
8363 7368 1
7562 7368 1
8329 7368 1
7753 7368 3
7360 7368 4
8226 7368 1
7855 7369 1
7363 7369 11
7753 7369 3
7360 7369 4
7387 7369 3
7384 7370 1
7753 7370 3
8329 7370 1
7360 7370 4
7363 7370 9
7196 7371 3
8394 7372 1
7373 7372 4
8285 7372 2
7263 7373 2
7754 7373 3
7388 7373 5
7873 7373 1
7375 7374 6
8394 7374 1
7372 7374 1
7614 7374 1
8190 7374 1
7912 7374 2
8161 7375 2
7365 7375 1
7873 7375 1
8451 7375 1
7754 7375 3
7958 7375 2
7472 7375 3
7373 7375 1
7388 7375 5
7222 7375 1
7627 7376 1
7377 7376 2
7379 7378 1
7381 7380 1
7378 7380 1
7754 7381 3
7379 7381 1
7873 7381 1
7338 7381 1
7361 7381 5
7388 7381 3
7187 7381 1
7872 7382 1
7383 7382 2
7196 7383 8
7187 7384 1
8329 7385 1
7384 7385 1
7363 7385 5
7753 7385 3
8098 7386 1
8011 7386 1
8329 7386 1
7753 7386 3
8347 7386 1
7254 7386 9
7384 7386 1
7388 7387 3
7384 7387 1
8329 7387 1
7503 7388 2
7338 7388 4
7187 7388 7
7753 7389 3
7387 7389 3
7390 7389 7
8394 7389 1
7863 7390 1
7382 7390 1
7823 7390 1
7754 7390 3
7388 7390 8
7498 7390 1
7873 7390 1
7392 7391 7
7753 7391 3
7387 7391 3
8272 7391 1
7382 7392 1
7873 7392 1
7602 7392 7
7754 7392 3
7263 7392 2
7498 7392 1
7388 7392 14
7823 7392 1
8272 7393 1
7647 7393 1
7387 7393 3
7753 7393 3
7537 7393 5
7982 7393 6
8394 7393 1
8283 7393 1
7392 7393 21
7381 7394 11
7753 7394 3
7387 7394 3
8189 7394 5
8098 7395 1
7981 7395 2
7254 7395 25
8135 7395 3
8141 7395 2
8133 7395 1
7753 7395 3
8011 7395 1
8272 7395 1
7531 7395 1
8329 7395 1
8346 7395 1
7384 7395 1
7537 7395 5
8347 7395 1
8211 7395 1
8192 7395 1
8195 7395 2
7387 7395 3
7396 7395 1
7531 7396 1
7388 7396 12
7387 7396 3
8144 7396 1
8290 7396 1
7537 7396 5
7975 7396 1
7388 7397 3
7387 7397 3
7387 7398 3
7837 7398 3
7388 7398 6
7396 7399 1
7384 7399 1
7388 7399 8
8135 7399 3
8290 7399 1
8329 7399 1
8072 7399 1
7384 7400 1
8329 7400 1
7753 7400 3
7401 7400 5
7338 7401 1
7754 7401 3
7187 7401 1
7753 7402 3
8329 7402 1
7401 7402 5
7384 7402 1
7753 7403 3
8291 7403 1
7384 7403 1
8215 7403 1
7365 7403 6
7351 7405 5
7351 7406 5
7408 7407 3
7506 7409 1
7411 7410 4
7851 7410 1
7833 7411 1
7851 7411 1
7928 7411 1
7340 7412 1
7412 7413 4
7412 7414 4
7907 7415 1
7361 7415 2
7189 7416 2
7415 7416 2
8324 7417 1
7706 7417 2
7226 7417 5
7415 7417 2
8324 7418 1
7415 7418 2
7706 7418 2
7226 7418 5
7226 7419 5
7706 7419 2
7415 7419 2
8324 7419 1
7408 7420 3
7222 7422 1
7411 7423 4
7928 7423 1
7260 7424 4
7456 7425 1
7426 7425 2
7196 7427 3
7429 7428 1
8199 7430 1
7428 7430 1
7429 7430 2
7432 7431 2
7428 7431 1
8199 7431 1
7429 7432 2
7700 7432 1
8199 7433 1
7428 7433 1
7434 7433 2
7432 7434 3
7429 7434 2
7260 7434 4
7428 7435 1
7432 7435 2
8199 7435 1
7437 7436 1
8055 7437 1
7439 7438 1
7436 7438 1
7437 7439 1
7672 7439 1
8044 7439 2
8055 7439 1
7496 7439 1
7441 7440 1
7247 7442 7
7923 7442 1
7611 7442 1
8285 7442 2
8394 7442 1
7440 7442 1
7578 7442 1
7445 7444 2
8227 7444 1
7286 7445 1
7331 7446 2
7444 7446 2
7331 7447 2
7444 7447 2
7444 7448 2
7331 7448 2
7450 7449 1
7452 7451 1
7449 7451 1
7450 7452 1
7754 7452 3
7401 7453 1
7313 7454 2
7454 7455 2
7313 7455 2
7456 7457 1
7456 7458 1
7456 7459 1
7461 7460 4
7463 7462 1
7462 7464 1
7247 7464 1
7466 7465 1
7465 7467 1
7189 7467 1
8415 7468 1
7411 7468 4
7833 7468 1
7688 7469 1
8145 7470 2
7216 7473 1
7699 7476 1
7432 7476 2
7476 7477 2
7434 7477 2
7479 7478 4
7931 7479 1
8044 7479 2
7195 7480 4
7482 7481 1
7481 7483 1
7484 7483 1
7482 7484 1
7260 7485 4
7306 7486 4
7487 7486 1
7286 7486 1
7258 7488 1
7490 7489 3
8434 7489 1
7488 7489 1
8097 7489 1
7258 7490 3
7491 7492 3
7607 7492 1
7863 7492 1
7860 7492 1
7494 7493 4
7833 7493 1
7495 7496 3
7498 7497 4
8065 7499 1
8227 7499 3
7286 7499 5
8167 7500 6
7499 7500 5
8382 7500 1
7196 7501 5
7501 7502 4
7194 7503 4
7195 7503 4
7191 7505 3
7507 7506 4
7594 7506 1
7506 7507 1
7586 7507 3
7672 7507 1
7411 7508 4
7928 7508 1
7411 7509 4
7851 7509 1
7833 7510 1
7411 7510 4
7411 7511 1
7411 7512 10
7512 7513 5
7512 7514 5
7512 7515 5
7777 7516 4
7517 7516 3
7196 7519 3
8169 7520 4
7320 7520 1
8161 7521 3
8096 7521 1
8371 7521 1
7578 7522 1
8394 7522 1
7993 7522 1
8285 7522 2
8188 7522 1
7681 7522 3
7914 7522 2
7521 7522 3
7588 7522 1
7687 7522 1
8169 7522 22
7907 7522 1
7571 7522 6
7524 7523 3
7521 7523 3
7507 7524 3
7269 7524 2
8161 7524 11
7873 7524 1
7263 7524 2
7661 7524 1
7688 7524 1
7579 7524 1
7347 7524 1
8158 7525 5
8044 7526 2
7340 7526 1
7320 7527 1
7529 7528 5
7530 7529 16
7595 7530 10
7594 7530 10
7187 7531 1
7531 7532 1
8435 7532 1
7533 7532 2
7390 7533 4
7388 7533 3
7187 7533 1
7498 7533 1
7338 7533 1
7531 7534 1
7535 7534 2
8435 7534 1
7849 7535 1
7187 7535 1
7338 7535 1
7531 7536 1
8435 7536 1
7535 7536 2
7531 7537 1
7837 7537 3
7388 7537 5
7390 7538 8
7537 7538 5
7753 7538 3
7537 7539 5
7388 7539 5
7537 7540 5
7373 7540 8
7753 7540 3
7373 7541 8
7753 7541 3
7537 7541 5
7388 7542 5
7537 7542 5
7537 7543 5
7375 7543 5
7537 7544 5
7375 7544 5
7537 7545 5
7753 7545 3
7375 7545 8
7753 7546 3
7537 7546 5
8283 7546 1
7390 7546 10
7647 7546 1
7388 7547 5
7537 7547 5
8044 7548 2
7479 7548 4
7931 7548 1
7187 7549 5
7529 7550 5
7552 7551 5
7530 7552 6
7554 7553 4
8293 7555 1
8334 7555 1
7556 7555 5
7891 7555 1
7998 7555 1
7656 7556 1
8335 7556 1
7245 7556 1
7892 7556 1
7558 7557 5
7555 7557 5
7555 7558 1
7556 7558 5
7558 7559 5
7555 7559 5
7556 7560 5
7555 7560 5
7833 7561 1
7494 7561 4
7363 7562 1
7642 7563 1
7320 7563 5
7723 7563 3
7320 7564 5
7563 7564 5
7320 7565 6
7563 7565 5
7984 7566 1
7565 7566 6
7677 7566 5
8161 7566 14
8146 7566 1
8437 7566 1
7828 7567 2
8163 7567 8
7565 7567 6
8146 7568 1
7565 7568 6
7984 7568 1
8161 7568 9
8437 7568 1
8437 7569 1
8146 7569 1
8161 7569 9
7984 7569 1
7565 7569 6
8161 7570 9
7565 7570 6
7984 7570 1
8146 7570 1
8437 7570 1
7563 7571 5
8161 7571 6
8169 7572 6
7571 7572 6
7571 7573 6
7229 7573 6
8285 7574 2
7571 7574 6
7907 7574 1
7524 7574 9
7571 7575 6
7914 7575 2
8285 7575 2
7524 7575 12
7588 7575 1
8188 7575 1
8118 7576 1
7229 7576 15
7678 7576 8
7571 7576 6
7754 7577 3
7390 7577 4
7579 7578 1
7903 7579 4
7681 7580 3
8437 7580 1
7687 7580 1
8285 7580 2
7578 7580 1
7993 7580 1
7588 7580 1
8394 7580 1
8188 7580 1
8161 7580 17
7907 7580 1
7677 7580 5
7524 7581 3
7578 7581 1
7914 7581 2
7578 7582 1
7345 7582 1
7198 7584 1
7586 7585 4
7348 7586 1
7507 7586 3
7672 7586 1
7884 7586 2
7506 7586 2
7347 7586 1
8425 7587 1
8427 7587 1
7277 7587 1
7707 7587 2
8426 7587 1
7347 7588 1
7588 7589 1
8118 7589 1
8371 7589 1
8365 7589 1
8096 7589 1
7741 7589 1
7586 7589 8
7671 7589 1
7681 7589 3
7590 7591 1
7590 7592 1
7529 7593 5
7473 7597 1
7247 7597 4
7340 7597 1
7597 7598 2
7600 7599 1
7383 7600 2
7872 7600 1
8389 7601 1
7967 7601 1
7602 7601 6
7599 7601 1
8420 7601 1
8075 7601 1
7870 7602 1
7624 7602 1
7607 7602 1
7600 7602 1
7860 7602 1
7601 7603 6
7602 7603 7
8285 7604 2
7603 7604 7
7392 7604 9
8221 7605 1
8010 7605 1
7599 7605 1
7606 7605 4
8121 7605 1
7338 7606 1
7388 7606 3
7600 7606 1
7187 7606 1
7245 7606 3
7608 7606 1
7382 7606 1
7872 7607 1
7264 7607 2
7872 7608 1
7383 7608 2
7286 7609 2
7984 7609 1
7196 7610 4
7612 7611 1
7897 7612 4
7222 7613 1
7613 7614 1
7912 7614 2
7222 7614 4
7912 7615 2
7222 7615 3
7613 7615 1
7617 7616 4
7928 7616 1
7286 7618 4
7972 7618 3
7984 7618 1
7618 7619 4
7336 7619 5
7619 7620 5
7993 7620 1
7744 7620 6
7313 7620 11
7622 7621 4
7195 7623 4
7610 7624 2
7872 7624 1
7304 7625 2
7959 7628 1
7629 7628 2
7631 7630 3
7413 7633 1
7413 7634 1
7633 7634 1
7636 7635 1
7694 7636 3
7635 7637 1
7638 7637 1
7363 7638 4
7636 7638 2
7960 7641 2
7640 7641 1
7643 7642 1
7320 7644 2
7642 7644 1
7644 7645 2
7320 7645 3
7198 7646 1
7382 7647 1
7647 7648 1
7975 7648 1
7976 7648 3
8290 7648 1
7606 7648 4
7647 7649 1
7650 7649 1
7823 7650 1
7338 7650 1
7382 7650 1
7187 7650 1
7498 7651 1
7388 7651 3
7754 7651 3
7516 7651 1
7815 7652 8
7338 7652 1
7651 7652 4
7187 7652 1
7516 7653 5
7754 7653 3
7651 7653 4
7655 7654 2
7833 7654 1
7456 7654 1
7963 7657 1
7658 7657 2
7216 7659 2
7196 7660 3
7662 7661 4
7719 7662 1
7497 7664 1
7664 7665 1
7497 7665 1
7198 7666 1
7636 7668 1
7638 7669 1
7668 7669 1
7672 7671 1
7507 7672 4
7741 7673 1
7507 7673 2
7671 7673 1
7439 7674 4
7671 7674 1
8229 7674 2
8198 7674 1
8198 7675 1
7439 7675 3
7671 7675 1
8054 7675 1
7671 7676 1
7333 7676 2
7683 7677 2
7676 7677 2
7686 7677 2
7333 7677 5
7685 7678 3
7333 7678 8
7677 7678 5
8437 7679 1
7677 7679 5
8169 7679 6
7685 7680 3
7677 7680 5
7333 7680 8
7741 7681 1
7507 7681 3
7671 7681 1
7524 7682 3
7681 7682 3
7333 7683 2
7671 7683 1
7671 7684 1
7333 7684 2
7684 7685 2
7333 7685 3
7333 7686 2
7671 7686 1
7688 7687 1
7911 7688 4
7687 7689 1
7524 7689 1
7687 7690 1
7469 7690 1
7692 7691 3
7694 7693 3
7696 7695 2
8437 7695 1
7340 7696 1
7696 7697 2
7695 7697 2
7306 7698 5
7879 7698 4
7700 7699 1
7195 7700 4
7699 7701 1
7432 7701 2
7434 7702 2
7701 7702 2
7363 7703 4
7693 7703 2
7198 7704 1
7826 7704 1
7707 7706 2
7741 7706 1
7506 7707 1
8366 7707 2
7706 7708 2
7587 7708 2
8394 7709 1
7943 7709 1
7706 7709 2
7277 7709 4
7706 7710 2
7587 7710 2
7706 7711 2
7587 7711 2
7706 7712 2
7587 7712 2
7706 7713 2
7216 7713 2
7216 7714 2
7706 7714 2
8090 7715 1
7706 7715 2
7222 7715 3
7706 7716 2
8090 7716 1
7222 7716 3
7706 7717 2
7222 7717 3
8090 7717 1
7222 7718 2
7706 7718 2
7586 7719 4
7628 7720 1
7753 7721 3
7577 7721 4
7721 7722 4
7577 7722 4
7877 7723 2
7306 7723 3
7473 7724 1
7473 7725 1
7529 7726 2
7529 7727 5
7529 7728 5
7529 7729 2
7529 7730 2
7529 7731 2
7529 7732 2
7529 7733 5
7529 7734 2
7736 7735 3
7331 7737 3
7737 7738 3
7331 7738 3
7506 7739 1
7739 7740 4
7506 7741 1
7277 7742 6
7877 7742 1
7741 7742 1
8437 7742 1
7914 7742 2
7741 7743 1
8457 7743 1
8146 7743 1
8437 7743 1
7984 7743 1
8161 7743 5
7986 7744 2
7745 7744 6
8437 7744 1
7741 7744 1
8457 7744 1
8044 7745 2
8081 7745 3
7340 7745 1
8082 7745 3
7320 7745 1
7502 7745 1
7286 7745 2
8161 7745 4
7506 7745 1
7739 7746 1
7741 7746 1
7352 7747 1
7741 7747 1
7741 7748 1
7409 7748 1
7193 7749 1
7193 7750 2
7749 7750 1
7750 7751 2
8347 7751 1
7836 7751 2
8098 7751 1
8011 7751 1
7752 7751 7
7851 7752 1
7928 7752 1
7473 7752 1
7643 7752 1
7193 7752 2
7503 7752 2
7931 7752 1
7833 7752 1
7754 7753 3
7750 7753 2
7193 7754 2
8394 7755 1
7837 7755 3
7753 7755 3
7390 7755 7
7653 7756 3
7753 7756 3
7753 7757 3
7758 7757 3
7754 7758 3
7753 7759 3
7758 7759 3
7758 7760 3
7753 7760 3
7753 7761 3
7837 7761 3
7651 7761 6
7753 7762 3
7651 7762 4
8272 7762 1
7753 7763 3
7837 7763 3
7651 7763 6
7653 7764 3
7753 7764 3
7653 7765 3
7753 7765 3
7653 7766 3
7753 7766 3
7753 7767 3
8189 7767 5
8291 7767 1
7381 7767 10
8394 7767 1
8215 7767 1
7381 7768 10
8291 7768 1
7753 7768 3
8215 7768 1
8394 7768 1
8189 7768 5
8215 7769 1
8291 7769 1
8189 7769 5
7753 7769 3
7381 7769 10
7753 7770 3
8291 7770 1
8215 7770 1
7365 7770 5
7365 7771 5
7753 7771 3
8215 7771 1
8291 7771 1
7653 7772 3
7753 7772 3
7653 7773 3
7753 7773 3
7753 7774 3
7775 7774 3
7754 7775 3
7753 7776 3
7777 7776 3
7624 7777 1
7754 7777 3
7873 7777 1
7753 7778 3
7775 7778 3
7753 7779 3
7452 7779 3
7753 7780 3
7452 7780 3
7452 7781 3
7753 7781 3
7452 7782 3
7753 7782 3
7753 7783 3
7452 7783 3
7777 7784 4
7753 7784 3
7516 7785 5
7784 7785 4
7653 7786 5
7785 7786 5
7788 7787 3
7753 7787 3
7754 7788 3
7330 7788 3
7753 7789 3
7788 7789 3
7753 7790 3
7788 7790 3
7788 7791 3
7753 7791 3
7788 7792 3
7753 7792 3
7788 7793 3
7753 7793 3
7788 7794 3
7753 7794 3
7796 7795 3
7753 7795 3
7754 7796 3
7753 7797 3
7798 7797 3
7754 7798 3
7798 7799 3
7753 7799 3
7753 7800 3
7328 7800 3
7753 7801 3
7328 7801 3
7328 7802 3
7753 7802 3
8272 7803 1
7753 7803 3
7390 7803 4
8184 7804 1
7805 7804 2
7871 7805 1
7804 7806 2
7805 7806 2
7258 7807 3
7804 7807 2
7807 7808 3
7258 7808 3
7258 7809 3
7807 7809 3
7258 7810 3
7807 7810 3
7804 7811 2
7805 7811 2
7804 7812 2
8281 7812 1
7259 7812 3
8192 7813 1
7650 7813 3
8346 7813 1
7815 7814 8
7813 7814 3
8134 7814 3
7935 7814 1
7650 7815 3
7517 7815 3
7926 7815 4
7652 7816 8
7814 7816 8
7198 7817 1
7719 7818 1
7662 7819 1
7818 7819 1
7343 7820 1
7343 7821 1
7343 7822 1
7872 7823 1
7383 7823 2
7196 7824 3
7826 7825 1
7956 7826 1
7625 7826 2
7825 7827 1
8060 7827 1
7826 7827 2
8146 7828 1
7527 7828 2
7288 7829 2
7828 7829 2
7288 7830 2
7828 7830 2
7473 7832 1
7831 7832 3
7834 7833 2
7961 7833 1
8110 7836 1
7503 7836 2
7388 7837 3
7836 7837 2
7533 7838 5
8272 7838 1
7837 7838 3
7838 7839 5
7533 7839 5
7837 7840 3
7388 7840 3
7837 7841 3
7388 7841 3
7388 7842 9
7837 7842 3
7982 7842 6
7976 7843 3
7388 7843 6
7837 7843 3
7976 7844 3
7388 7844 6
7837 7844 3
7226 7846 1
7846 7847 1
7226 7847 1
7849 7848 1
7848 7850 1
7535 7850 1
7961 7851 1
7852 7851 2
7554 7853 4
7928 7853 1
7198 7854 1
7549 7855 1
7195 7856 6
7873 7857 1
7693 7858 1
7703 7859 1
7858 7859 1
7264 7860 3
7900 7861 1
7264 7863 3
7866 7867 3
7196 7867 3
7856 7868 5
7195 7869 4
7195 7870 4
7195 7871 4
7196 7872 3
7872 7873 1
7610 7873 2
7196 7874 3
7196 7875 3
7196 7876 3
7473 7877 3
7877 7878 2
7306 7878 3
7878 7879 3
7306 7879 4
7306 7880 5
7879 7880 4
7306 7881 4
7877 7881 2
7881 7882 4
8375 7882 1
7486 7882 5
7881 7883 4
7486 7883 4
7835 7885 1
7835 7886 1
7888 7887 1
8212 7889 1
7890 7889 2
7887 7889 1
7257 7890 1
7888 7890 1
7892 7891 1
8334 7893 1
7891 7893 1
7894 7893 2
7892 7894 1
8335 7894 1
7851 7895 1
7342 7895 4
8044 7896 2
7898 7897 5
7441 7899 1
7902 7901 3
7269 7907 1
7907 7908 1
8287 7908 4
7189 7908 5
8053 7909 2
7214 7909 3
7909 7910 3
7214 7910 3
7608 7911 1
8394 7912 1
8161 7912 2
7912 7913 2
8094 7913 1
7222 7913 3
7993 7914 1
8161 7914 2
7914 7915 2
7745 7915 4
7986 7915 2
7229 7916 2
7914 7916 2
7918 7917 3
7922 7921 3
7245 7923 1
7606 7924 1
7923 7924 1
7926 7925 1
7923 7925 1
7245 7926 1
7187 7926 1
7338 7926 1
7923 7927 1
7926 7927 1
7961 7928 1
7929 7928 2
7931 7930 1
7877 7932 1
7930 7932 1
8003 7932 1
7752 7932 4
7992 7932 1
7930 7933 1
7479 7933 1
8229 7934 2
7930 7934 1
7548 7934 3
7926 7935 1
7936 7937 3
7263 7941 2
7873 7941 1
7940 7941 3
7944 7943 1
8341 7944 1
7943 7945 1
7277 7945 3
8229 7945 2
7948 7947 2
7963 7947 1
8229 7949 2
8437 7949 1
7526 7949 4
7526 7950 4
8229 7950 2
8437 7950 1
7949 7950 4
7526 7951 4
8229 7951 2
7949 7951 4
8437 7951 1
7953 7952 1
8129 7953 3
7955 7954 1
7952 7954 1
7953 7955 1
7304 7956 2
8203 7956 1
7198 7957 1
7963 7964 1
7963 7965 1
7963 7966 1
7870 7967 1
8035 7968 2
7456 7969 1
7970 7969 2
7985 7972 2
7286 7972 3
7315 7973 4
7972 7973 3
8065 7973 1
7338 7975 1
7388 7976 3
8290 7976 1
7975 7976 1
7261 7977 2
7975 7977 1
8290 7977 1
8290 7978 1
7975 7978 1
7261 7978 2
7262 7979 2
8290 7979 1
7975 7979 1
7187 7980 1
7187 7981 2
7980 7981 1
7981 7982 2
8135 7982 3
7388 7982 6
7652 7983 2
8378 7983 1
7980 7983 1
7286 7984 1
7984 7985 1
7286 7985 2
7984 7986 1
7286 7986 2
7984 7987 1
8437 7987 1
8146 7987 1
8161 7987 5
8229 7987 2
7984 7988 1
8229 7988 2
8146 7988 1
8161 7988 4
8229 7989 2
8146 7989 1
8437 7989 1
7984 7989 1
8161 7989 5
8146 7990 1
7984 7990 1
8161 7990 3
8437 7990 1
8437 7991 1
8146 7991 1
8161 7991 3
7984 7991 1
7752 7992 1
7661 7993 1
7524 7994 1
7993 7994 1
7993 7995 1
7661 7995 1
7997 7996 3
7245 7998 1
7832 7999 1
7832 8000 1
7999 8000 1
7516 8001 1
8001 8002 1
7651 8002 1
7643 8003 1
7351 8004 1
8004 8005 1
8008 8005 1
7351 8005 2
7320 8006 1
7498 8007 4
7351 8008 1
8008 8009 1
7351 8009 1
7245 8010 1
7928 8011 1
8347 8012 1
7243 8012 4
8011 8012 1
8098 8012 1
8012 8013 4
7243 8013 4
8015 8014 3
8011 8014 1
8347 8014 1
8098 8014 1
7851 8015 1
7833 8015 1
7928 8015 1
8098 8016 1
8347 8016 1
8011 8016 1
8015 8016 3
8347 8017 1
8015 8017 3
8011 8017 1
8098 8017 1
8011 8018 1
7411 8018 3
8098 8018 1
8347 8018 1
8347 8019 1
8011 8019 1
8020 8019 3
8098 8019 1
7928 8020 1
7851 8020 1
7833 8020 1
8347 8021 1
8020 8021 3
8098 8021 1
8011 8021 1
8011 8022 1
7423 8022 1
8011 8023 1
7423 8023 1
7423 8024 1
8011 8024 1
7423 8025 1
8011 8025 1
7423 8026 1
8011 8026 1
7508 8027 1
8011 8027 1
8011 8028 1
7616 8028 1
7616 8029 1
8011 8029 1
7616 8030 1
8011 8030 1
8011 8031 1
7423 8031 1
7508 8032 1
8011 8032 1
7853 8033 1
8011 8033 1
7304 8034 2
8037 8036 2
8323 8036 1
7735 8039 1
8039 8040 1
7735 8040 1
7900 8044 1
7421 8046 1
8428 8047 1
7330 8047 3
8046 8047 1
7788 8048 3
8047 8048 3
8049 8050 3
7198 8052 1
7198 8053 2
8052 8053 1
8055 8054 1
8054 8056 1
7437 8056 1
8054 8057 1
7439 8057 1
7826 8060 1
7552 8061 2
7552 8062 2
7552 8063 2
7286 8065 1
7198 8068 1
7338 8072 1
7645 8073 1
8169 8073 3
8182 8073 2
7873 8074 1
7306 8074 1
7857 8074 2
7607 8075 1
8420 8076 1
8075 8076 1
8122 8076 1
7492 8076 5
7424 8077 1
8079 8078 1
8077 8078 1
7424 8079 1
8115 8079 4
8077 8080 1
7424 8080 1
7390 8083 1
8083 8084 1
8122 8084 1
7390 8084 2
7390 8085 1
8083 8085 1
7414 8086 1
7414 8087 1
8086 8087 1
7833 8089 1
7622 8089 4
7198 8090 1
7306 8094 2
7198 8095 1
7884 8096 1
7258 8097 1
7833 8098 1
7654 8099 1
8098 8099 1
8098 8100 1
7468 8100 1
8098 8101 1
8089 8101 1
7510 8102 1
8098 8102 1
7561 8103 1
8098 8103 1
7561 8104 1
8098 8104 1
7561 8105 1
8098 8105 1
8098 8106 1
7493 8106 1
7493 8107 1
8098 8107 1
8098 8108 1
7493 8108 1
8098 8109 1
7510 8109 1
7503 8110 1
7696 8113 4
8117 8116 3
7348 8118 1
7216 8119 1
8118 8119 1
8118 8120 1
7216 8120 1
7245 8121 1
7863 8122 1
8122 8123 1
7247 8123 1
7247 8124 1
8122 8124 1
8122 8125 1
7247 8125 1
7247 8126 2
8379 8126 1
8122 8126 1
8116 8127 1
8127 8128 1
7298 8128 1
7555 8130 1
7558 8131 1
8130 8131 1
7558 8132 1
8130 8132 1
7338 8133 1
8133 8134 1
7926 8134 3
8211 8134 1
7388 8135 3
8133 8135 1
8211 8135 1
8137 8136 3
8135 8136 3
7920 8137 1
7388 8137 3
8135 8138 3
8137 8138 3
8137 8139 3
8135 8139 3
8135 8140 3
7388 8140 3
8346 8141 1
7338 8141 2
8195 8142 2
8141 8142 2
7356 8142 4
8195 8143 2
8141 8143 2
7356 8143 4
7187 8144 1
7320 8146 1
8146 8147 1
8182 8147 2
7229 8147 2
7520 8148 1
8146 8148 1
8146 8149 1
8182 8149 2
7336 8149 2
7520 8150 1
8146 8150 1
7745 8151 2
8182 8151 2
8146 8151 1
8146 8152 1
7520 8152 1
7520 8153 1
8146 8153 1
7520 8154 1
8146 8154 1
8156 8155 1
7667 8156 2
7590 8156 1
8158 8157 4
8229 8157 2
7952 8157 1
8155 8157 1
7526 8158 8
7953 8158 1
8044 8158 2
8156 8158 1
7952 8159 1
8155 8159 1
8158 8159 3
7685 8160 3
7677 8160 5
8161 8160 11
8159 8160 3
7320 8161 7
7884 8161 2
7340 8161 1
7286 8161 1
7579 8161 1
8044 8161 2
7661 8161 1
7333 8161 9
7348 8161 1
7269 8161 3
7507 8161 3
7602 8161 7
7263 8161 2
7502 8161 2
7506 8161 1
7873 8161 1
7347 8161 1
7688 8161 1
8158 8161 3
7860 8161 1
7609 8162 2
7565 8162 6
7677 8162 5
8437 8162 1
8163 8162 20
8160 8162 11
7527 8163 2
8161 8163 13
7286 8163 2
7295 8163 3
7333 8163 5
7340 8163 1
7320 8163 6
8165 8164 11
8160 8164 11
8161 8165 11
8457 8166 1
7972 8166 3
8118 8166 1
7618 8166 4
7332 8166 8
7741 8166 1
8160 8166 11
7986 8166 2
7678 8166 8
8437 8166 1
7499 8166 5
8167 8166 27
8161 8167 11
7286 8167 10
7306 8167 17
7506 8167 1
7340 8167 1
7348 8167 1
7333 8167 9
7216 8167 1
7502 8167 2
8437 8168 1
8160 8168 11
8169 8168 12
7320 8169 1
7579 8169 1
7333 8169 5
8161 8169 24
7347 8169 1
7263 8169 2
7661 8169 1
7688 8169 1
7269 8169 2
7507 8169 3
7340 8169 1
7873 8169 1
8155 8170 1
8171 8170 1
8156 8171 1
7187 8172 1
7520 8175 1
8146 8175 1
8146 8176 1
7520 8176 1
8146 8177 1
7520 8177 1
8146 8178 1
7520 8178 1
7520 8179 1
8146 8179 1
8146 8180 1
7520 8180 1
8146 8181 1
7520 8181 1
8146 8182 1
8161 8182 2
8163 8183 2
8182 8183 2
7871 8184 1
7805 8185 1
8184 8185 1
7269 8188 1
8188 8189 1
7361 8189 5
8394 8189 1
8285 8189 2
7365 8190 6
8189 8190 5
7381 8191 5
8189 8191 5
7187 8192 1
7650 8193 1
8192 8193 1
8192 8194 1
8346 8194 1
7650 8194 2
8192 8195 1
7187 8195 2
7216 8196 2
8437 8196 1
7331 8197 2
8196 8197 2
7496 8198 1
7429 8199 1
7432 8200 1
8199 8200 1
8199 8201 1
7432 8201 1
7432 8202 1
8199 8202 1
7876 8205 1
7306 8206 1
8074 8207 1
8206 8207 1
8206 8208 1
8074 8208 1
8206 8209 1
8074 8209 1
8206 8210 1
8074 8210 1
7187 8211 1
7257 8212 1
7275 8213 1
8213 8214 1
7275 8214 1
7187 8215 1
8158 8218 5
7860 8220 1
7608 8221 1
8221 8222 1
7911 8222 1
7480 8224 2
7480 8225 2
7703 8226 1
8421 8227 1
7286 8227 3
7216 8228 3
8227 8228 3
8410 8229 1
8044 8229 2
8231 8230 2
8229 8230 2
8044 8231 2
7479 8232 2
8229 8232 2
8229 8233 2
8231 8233 2
8231 8234 2
8229 8234 2
8229 8235 2
8231 8235 2
8229 8236 2
8231 8236 2
8229 8237 2
8231 8237 2
8229 8238 2
8231 8238 2
8229 8239 2
8437 8239 1
7526 8239 3
8229 8240 2
7745 8240 3
8437 8240 1
8231 8241 2
8229 8241 2
8229 8242 2
7896 8242 2
8231 8243 2
8229 8243 2
8437 8244 1
8229 8244 2
7526 8244 3
8229 8245 2
7896 8245 2
8229 8246 2
8231 8246 2
8437 8247 1
8229 8247 2
7526 8247 3
7896 8248 2
8229 8248 2
8231 8249 2
8229 8249 2
8437 8250 1
7526 8250 3
8229 8250 2
8229 8251 2
8231 8251 2
7336 8252 3
8437 8252 1
8229 8252 2
7896 8253 2
8229 8253 2
7526 8254 3
8229 8254 2
8437 8254 1
8231 8255 2
8229 8255 2
7896 8256 2
8229 8256 2
7896 8257 2
8229 8257 2
8437 8258 1
7277 8258 3
8229 8258 2
8437 8259 1
7526 8259 3
8229 8259 2
8261 8260 1
7877 8260 1
7473 8261 1
7877 8262 1
7832 8262 1
7877 8263 1
7597 8263 2
8437 8263 1
7597 8264 2
7877 8264 1
8437 8264 1
7877 8265 1
8437 8265 1
7597 8265 2
7597 8266 2
7877 8266 1
8437 8266 1
8437 8267 1
7877 8267 1
7597 8267 2
7597 8268 2
7877 8268 1
8437 8268 1
8059 8269 1
8059 8270 1
7365 8271 1
7498 8272 1
8272 8273 1
7498 8273 1
7498 8274 1
8272 8274 1
7805 8275 1
7191 8276 3
7693 8277 1
7703 8278 1
8277 8278 1
7641 8279 1
8279 8280 1
7641 8280 1
7259 8281 1
7259 8282 1
8281 8282 1
7823 8283 1
8283 8284 1
7650 8284 1
7263 8285 2
8393 8285 1
8394 8286 1
8285 8286 2
7941 8286 3
7293 8287 4
8285 8287 2
8285 8288 2
7222 8288 2
7901 8289 1
7187 8290 1
7338 8291 1
7656 8293 1
7872 8294 1
7872 8295 1
7872 8296 1
7872 8297 1
7872 8298 1
7872 8299 1
7872 8300 1
7872 8301 1
7872 8302 1
8302 8303 1
8302 8304 1
7872 8305 1
7872 8306 1
7872 8307 1
7872 8308 1
7872 8309 1
7900 8310 1
8113 8311 1
8311 8312 1
8113 8312 1
7835 8313 1
7900 8316 1
8316 8317 1
8310 8317 1
8316 8318 1
8310 8318 1
8310 8319 1
8316 8319 1
8310 8320 1
8316 8320 1
8310 8321 1
8316 8321 1
7198 8322 1
7198 8324 1
7338 8326 1
7198 8327 1
8402 8328 1
8327 8328 1
7704 8328 2
7338 8329 1
7198 8330 1
8335 8334 1
7345 8336 1
8394 8337 1
7857 8337 2
8337 8338 2
8394 8338 1
8074 8338 2
8337 8339 2
8074 8339 2
8394 8339 1
8341 8340 1
8340 8342 1
7944 8342 1
7272 8343 1
7338 8346 1
7851 8347 1
7410 8348 1
8347 8348 1
8347 8349 1
7410 8349 1
8347 8350 1
7410 8350 1
7410 8351 1
8347 8351 1
8347 8352 1
7410 8352 1
7509 8353 1
8347 8353 1
7242 8354 1
8347 8354 1
7242 8355 1
8347 8355 1
8347 8356 1
7242 8356 1
8347 8357 1
7410 8357 1
7509 8358 1
8347 8358 1
7895 8359 1
8347 8359 1
7441 8360 1
7900 8361 1
7861 8362 1
8361 8362 1
7638 8363 1
7506 8365 1
7961 8367 1
7961 8368 1
7961 8369 1
7375 8370 1
7884 8371 1
7243 8372 1
7249 8373 1
8372 8373 1
8372 8374 1
7249 8374 1
7486 8375 1
7302 8376 1
8376 8377 1
7302 8377 1
7338 8378 1
7502 8379 1
7284 8380 1
7284 8381 1
8380 8381 1
7502 8382 1
7247 8383 2
8394 8383 1
8382 8383 1
8227 8384 1
7216 8384 2
8382 8384 1
7421 8385 1
7641 8387 1
8387 8388 1
7641 8388 1
7624 8389 1
8389 8390 1
7777 8390 2
8394 8390 1
8386 8391 1
8386 8392 1
7263 8393 1
7873 8394 1
7247 8395 1
8394 8395 1
8394 8396 1
7373 8396 1
8394 8397 1
7524 8397 1
8394 8398 1
7857 8398 1
8394 8399 1
8074 8399 1
8394 8400 1
8074 8400 1
7306 8401 1
7826 8402 1
7198 8403 1
7286 8404 1
8227 8404 1
7597 8405 2
8437 8405 1
7195 8407 1
7195 8408 1
7195 8409 1
7900 8410 1
7243 8411 1
7243 8412 1
8411 8412 1
7216 8413 1
8415 8414 1
7468 8416 1
8414 8416 1
8414 8417 1
7468 8417 1
8414 8418 1
8419 8418 1
8415 8419 1
7860 8420 1
7286 8421 1
7486 8422 1
8421 8422 1
7198 8423 1
8045 8428 1
7956 8429 1
7956 8430 1
7956 8431 1
7257 8432 1
8432 8433 1
7257 8433 1
7258 8434 1
7338 8435 1
7974 8436 1
7340 8437 1
8437 8438 1
7597 8438 1
8437 8439 1
7597 8439 1
7597 8440 1
8437 8440 1
7526 8441 1
8437 8441 1
8437 8442 1
7526 8442 1
8437 8443 1
7597 8443 1
8437 8444 1
7249 8444 1
8437 8445 1
7597 8445 1
8437 8446 1
7597 8446 1
8437 8447 1
7412 8447 1
8437 8448 1
7526 8448 1
7526 8449 1
8437 8449 1
7526 8450 1
8437 8450 1
7897 8452 1
7897 8453 1
7897 8454 1
7897 8455 1
7897 8456 1
7502 8457 1
7251 8458 1
8458 8459 1
7251 8459 1
7901 8460 1
8460 8461 1
8289 8461 1
8460 8462 1
7247 8462 1
7920 8463 1
8463 8464 1
8137 8464 1
