8106 7528 1
8089 7529 1
7528 7529 1
8162 7530 1
8075 7531 1
8164 7532 1
8070 7533 1
7576 7534 1
8129 7534 2
7533 7534 1
8043 7535 1
8047 7536 1
8198 7537 1
8207 7537 4
7569 7537 1
8207 7538 4
8085 7539 1
8085 7540 1
7539 7540 1
8045 7541 1
8201 7542 1
8073 7543 1
8177 7544 1
8176 7545 1
7545 7546 1
8081 7546 1
8038 7548 1
8144 7551 1
8043 7552 1
8038 7553 1
8073 7554 1
8162 7555 1
8087 7556 1
8075 7557 2
7586 7557 1
8162 7558 1
8047 7559 1
8067 7560 1
8067 7561 1
8239 7564 1
7564 7565 1
8136 7565 1
8201 7566 1
8047 7567 1
7570 7569 2
8075 7571 1
8075 7572 3
7573 7572 1
7571 7572 1
8073 7573 1
8067 7575 1
8192 7576 1
8200 7578 1
7608 7579 1
8200 7579 2
7578 7579 1
8162 7581 1
8087 7582 1
8040 7583 1
7582 7583 1
8129 7584 1
8100 7586 1
8174 7588 1
8073 7590 1
8038 7591 1
8059 7592 1
8051 7593 1
8164 7594 1
8038 7595 1
8174 7596 1
8174 7597 1
8087 7599 1
8086 7600 1
7599 7600 1
8129 7601 1
8075 7603 1
8130 7604 1
7604 7605 1
8130 7605 1
8086 7606 1
8056 7607 1
7606 7607 1
8200 7608 1
8174 7609 1
8174 7610 1
7610 7611 1
8093 7611 1
8038 8037 1
8065 8038 4
8047 8038 2
8040 8039 2
8037 8039 1
8059 8040 1
8177 8040 2
8075 8040 13
8051 8040 2
8087 8040 2
8038 8040 13
8195 8041 2
8233 8041 1
7595 8041 1
7591 8041 1
8039 8041 2
8127 8041 3
8102 8041 3
8108 8041 1
7548 8041 1
8040 8041 14
8261 8042 6
8043 8042 7
8260 8042 3
8129 8043 6
8222 8043 3
8223 8043 3
7541 8044 1
8042 8044 7
8045 8044 8
8261 8044 6
8043 8045 11
8047 8046 1
8081 8047 4
8049 8048 2
8145 8048 1
8046 8048 1
8047 8049 2
8051 8050 1
8106 8051 1
8065 8051 4
8050 8052 1
8053 8052 2
7593 8052 1
8051 8053 2
8040 8054 3
8095 8054 1
7593 8054 1
8050 8054 1
8056 8055 1
8086 8056 1
8144 8056 3
8055 8057 1
8234 8057 1
8143 8057 1
8056 8057 4
7551 8057 1
8058 8059 3
8118 8060 1
8062 8061 4
8038 8063 4
8153 8063 1
8126 8063 2
8063 8064 4
8065 8064 10
8217 8064 2
8188 8064 4
8087 8065 4
8086 8065 2
8038 8065 4
8067 8066 1
8065 8066 4
8083 8066 1
8087 8067 1
8070 8069 4
8071 8070 19
8073 8072 1
8081 8073 4
8075 8074 2
7554 8074 1
8072 8074 1
8073 8075 4
8065 8075 4
8100 8075 1
7609 8076 1
8221 8076 1
7554 8076 1
7532 8076 1
8255 8076 1
7543 8076 1
7590 8076 1
7559 8076 1
7597 8076 1
8072 8076 1
7567 8076 1
7536 8076 1
8267 8076 1
8237 8076 1
8170 8076 1
8145 8076 1
8082 8076 1
8199 8076 1
8228 8076 1
8077 8076 20
8047 8077 4
8164 8077 2
8174 8077 5
8073 8077 7
8083 8077 1
8076 8078 20
8079 8078 20
8077 8079 20
8081 8080 4
8177 8081 3
8176 8081 1
8083 8082 1
8081 8083 4
8267 8084 1
8085 8084 2
8082 8084 1
8083 8085 1
8174 8085 1
8065 8085 5
8067 8085 2
8162 8085 1
8175 8086 1
8065 8086 4
8087 8086 1
8065 8087 4
8164 8087 1
8067 8087 1
8065 8088 4
8067 8088 1
8160 8089 2
8067 8089 2
8065 8089 5
8118 8089 2
8106 8089 1
8162 8089 11
8088 8090 1
8088 8091 2
8090 8091 1
8137 8091 1
7596 8092 1
7610 8092 1
8093 8092 3
8174 8093 2
8092 8094 3
8093 8094 3
8087 8095 1
8067 8096 1
7575 8097 1
8109 8097 2
8098 8097 11
8227 8097 1
8141 8097 1
8253 8097 2
7561 8097 1
7560 8097 1
8096 8097 1
8099 8097 1
8256 8097 2
8067 8098 11
8067 8099 1
8070 8100 4
7595 8102 1
8038 8102 3
7553 8102 1
8104 8103 4
8102 8103 3
8233 8103 1
8038 8104 4
8106 8105 1
8081 8106 4
8051 8107 1
8105 8107 1
8038 8108 1
8067 8109 2
7599 8109 1
8112 8111 1
8113 8111 1
8115 8114 3
8117 8116 3
8118 8116 1
8075 8119 1
8225 8120 2
7557 8120 2
8250 8120 1
7603 8120 1
8040 8120 13
8215 8120 1
7531 8120 1
8119 8120 1
8180 8120 1
7572 8120 3
8093 8121 1
8121 8122 1
8123 8122 2
8093 8123 1
8123 8124 2
8122 8124 2
8047 8125 1
8125 8126 1
8038 8126 2
8038 8127 3
8126 8127 2
8070 8129 1
8192 8129 2
8131 8129 3
8128 8129 3
8129 8130 3
8131 8130 3
8128 8130 3
8133 8132 1
8135 8134 4
8118 8134 1
8135 8136 4
8239 8136 1
8088 8137 1
8053 8138 1
8053 8139 2
8236 8139 1
8138 8139 1
7602 8140 1
8070 8140 4
8067 8141 1
8080 8142 1
8144 8143 1
8070 8144 4
8047 8145 1
8148 8147 2
8038 8147 2
8147 8148 2
8038 8148 2
8150 8149 1
8118 8149 1
8151 8152 4
8047 8153 1
7588 8154 1
8153 8154 1
7594 8154 1
8155 8154 4
8174 8155 1
8047 8155 1
8164 8155 1
8155 8156 5
8154 8156 4
8159 8156 4
8153 8157 1
7588 8157 1
7594 8157 1
8155 8157 3
7588 8158 1
7594 8158 1
8155 8158 3
8153 8158 1
7594 8159 1
8155 8159 4
7588 8159 1
8153 8159 1
8162 8161 1
8089 8162 1
8085 8162 1
8070 8162 4
8160 8162 1
8179 8163 1
7530 8163 1
8161 8163 1
8089 8163 7
7581 8163 1
7558 8163 1
8197 8163 1
8258 8163 1
8081 8164 4
8162 8165 1
8089 8166 4
7555 8166 1
8165 8166 1
8252 8166 1
8244 8166 1
8261 8167 6
8260 8167 3
8043 8167 7
8183 8168 1
8169 8168 13
8167 8168 7
8261 8168 6
8185 8168 5
8043 8169 11
8073 8170 1
8173 8172 3
8081 8174 4
8081 8175 4
8081 8176 4
8081 8177 4
8162 8179 1
8075 8180 1
8225 8181 2
8180 8181 1
8075 8181 5
7557 8181 2
8169 8183 1
8169 8184 12
8185 8184 5
8183 8184 1
8261 8184 6
8169 8185 5
8210 8185 4
8083 8186 1
8186 8187 1
8066 8187 1
7594 8188 1
7599 8188 1
8087 8188 4
7556 8188 1
8190 8189 4
8193 8192 3
8194 8192 3
8038 8195 2
8162 8197 1
7570 8198 2
8174 8199 1
8070 8201 4
8070 8202 4
8129 8205 1
8205 8206 1
8130 8206 2
7604 8206 1
8208 8207 3
8268 8209 1
8129 8209 2
7535 8210 1
8209 8210 2
8043 8210 4
8210 8211 4
8212 8211 4
8043 8212 11
8210 8213 4
8045 8213 4
8209 8214 2
8130 8214 2
8075 8215 1
8175 8216 1
8086 8217 2
8216 8217 1
8219 8220 3
8174 8221 1
8073 8224 1
8075 8225 2
8224 8225 1
8067 8227 1
8073 8228 1
8177 8229 1
8081 8230 3
8229 8230 1
7544 8230 1
8249 8230 1
8040 8231 3
8229 8231 1
7592 8231 1
8249 8231 1
8038 8233 1
8144 8234 1
8053 8236 1
8073 8237 1
8118 8238 1
8051 8240 1
8242 8241 1
8240 8241 1
8051 8242 1
8242 8243 1
8240 8243 1
8162 8244 1
8244 8245 1
8089 8245 1
8244 8246 1
8085 8246 2
8085 8247 2
8246 8247 2
8244 8248 1
8089 8248 1
8177 8249 1
8075 8250 1
8162 8252 1
7599 8253 1
8067 8253 2
8164 8255 1
7599 8256 1
8067 8256 2
8162 8258 1
8189 8259 1
8070 8259 4
7576 8260 1
7601 8260 1
8129 8260 3
8260 8261 3
8043 8261 6
7584 8261 1
7552 8261 1
8043 8262 6
8260 8262 3
8261 8262 6
8260 8263 3
8043 8263 7
8261 8263 6
8212 8264 7
8263 8264 7
8201 8265 1
7542 8266 1
8201 8266 3
7566 8266 1
8265 8266 1
8174 8267 1
8192 8268 1
