1950 1949 26
2178 1949 6
2239 1949 7
2513 1949 7
2548 1949 6
3099 1950 1
2106 1950 1
14295 1950 1
2549 1950 26
14358 1950 1
2124 1950 1
14279 1950 5
2834 1950 1
14364 1951 19
14361 1951 3
3184 1951 7
2450 1951 4
3139 1951 1
4125 1951 1
2900 1951 2
14265 1951 4
1952 1951 68
2259 1951 12
2899 1951 2
2564 1951 4
2463 1951 2
14234 1951 3
2548 1951 6
2500 1951 9
2239 1951 7
2025 1952 56
14323 1952 5
2549 1952 13
2124 1952 1
2548 1953 6
3050 1953 1
4113 1953 1
3219 1953 1
3165 1953 2
2513 1953 7
2239 1953 7
3031 1953 3
2178 1953 6
1954 1953 34
2834 1954 1
2549 1954 26
14295 1954 8
2189 1954 7
3099 1954 1
14358 1954 2
14322 1954 3
3062 1955 1
3128 1955 1
2426 1955 1
2239 1955 7
1956 1955 28
2548 1955 6
2259 1955 12
2427 1956 3
14322 1956 2
2358 1956 1
2549 1956 13
2025 1956 49
2548 1957 6
2893 1957 1
4109 1957 1
2549 1957 8
2548 1958 6
2448 1958 2
4838 1958 2
3141 1958 3
3031 1958 3
2880 1958 1
14275 1958 3
1959 1958 54
2239 1958 7
4071 1958 1
2513 1958 7
2178 1958 6
4221 1958 1
2336 1958 2
4215 1958 1
3074 1958 3
2279 1958 3
14254 1958 2
2569 1958 3
3099 1959 1
2280 1959 3
2124 1959 1
2106 1959 1
14295 1959 6
2337 1959 4
2549 1959 26
2834 1959 1
2019 1959 13
2645 1960 1
4109 1960 1
14247 1960 1
14254 1960 2
14275 1960 3
14284 1960 1
4236 1960 1
3062 1960 1
4829 1960 1
4828 1960 1
1961 1960 55
2544 1960 1
2614 1960 18
11889 1960 1
2316 1960 4
3189 1960 1
11890 1960 1
4198 1960 1
3021 1960 1
2458 1960 1
2872 1960 1
3019 1960 1
2120 1960 1
4082 1960 1
2831 1960 1
2880 1960 1
2293 1960 8
2904 1960 1
2912 1960 1
2893 1960 1
2888 1960 1
2578 1960 1
4144 1960 1
2277 1960 1
4133 1960 1
2124 1961 4
2317 1961 4
2256 1961 5
14327 1961 1
2549 1961 16
2030 1961 6
2590 1961 4
2108 1961 1
2019 1961 5
2294 1961 8
14322 1961 18
2280 1961 2
2064 1961 3
2278 1961 2
2545 1961 3
2431 1961 6
3222 1961 4
4068 1961 1
2223 1961 12
2155 1961 3
1991 1961 18
1963 1962 107
4236 1962 1
11890 1962 1
3062 1962 1
4101 1962 1
2848 1962 7
2893 1962 1
4109 1962 1
4202 1962 1
3191 1962 1
2511 1962 1
14371 1962 1
2904 1962 1
4198 1962 1
14284 1962 1
3189 1962 1
3212 1962 1
3219 1962 1
2831 1962 1
3228 1962 1
3021 1962 1
2983 1962 1
2992 1962 1
2872 1962 1
4133 1962 1
2032 1962 16
3160 1962 1
2107 1962 1
3130 1962 1
4121 1962 1
2645 1962 1
2959 1962 1
4144 1962 1
2837 1962 4
4164 1962 1
2544 1962 1
2067 1962 14
2109 1962 7
2942 1962 1
3063 1962 1
2594 1962 13
3124 1962 9
4205 1962 1
11887 1962 1
2120 1962 1
3019 1962 1
11889 1962 1
14328 1962 8
2888 1962 1
2176 1962 1
2985 1962 1
2170 1963 8
2030 1963 3
2033 1963 16
14322 1963 22
4826 1963 1
2236 1963 1
2068 1963 14
2160 1963 25
2019 1963 3
14327 1963 4
3100 1963 2
3099 1963 2
14358 1963 1
2110 1963 7
1954 1963 7
2549 1963 36
2280 1963 2
2106 1963 3
2108 1963 3
2064 1963 1
2189 1963 3
14293 1963 2
2114 1963 9
2124 1963 3
14357 1963 1
2545 1963 7
2834 1963 1
1965 1964 1
1972 1965 1
2605 1965 1
2604 1965 1
1967 1965 1
2408 1966 1
1967 1966 5
4159 1966 1
4168 1966 1
1964 1966 1
4252 1967 1
2075 1967 4
1965 1967 4
2172 1968 5
1969 1968 11
1966 1968 5
2842 1969 1
3186 1969 1
2256 1969 3
2209 1969 1
2856 1969 1
2150 1969 1
2173 1969 5
3153 1969 1
1965 1969 1
1967 1969 5
2394 1969 1
2248 1969 7
1968 1970 11
14248 1970 5
1969 1970 16
1972 1971 5
1966 1971 5
1967 1972 5
1974 1973 6
1966 1973 5
4217 1973 1
14283 1974 1
1967 1974 5
3156 1974 1
3200 1975 1
1966 1975 5
4255 1975 1
1964 1975 1
3185 1975 1
4231 1975 1
2951 1975 1
3152 1975 1
1969 1975 16
3049 1975 1
2172 1975 5
1974 1976 6
1966 1976 5
4217 1976 1
1966 1977 5
1974 1977 6
4217 1977 1
1966 1978 5
1974 1978 6
4217 1978 1
1980 1979 2
1982 1981 1
1984 1982 1
2048 1982 1
2868 1983 1
2911 1983 1
1981 1983 1
2376 1983 2
3013 1983 1
4128 1983 1
2962 1983 1
3197 1983 1
2897 1983 1
2582 1983 1
4180 1983 1
1984 1983 46
11879 1983 1
3034 1983 1
4239 1983 1
2581 1983 1
3154 1983 1
4199 1983 1
2991 1983 1
4176 1983 1
3063 1983 1
4244 1983 1
14263 1983 1
2958 1983 1
3076 1983 1
2825 1983 1
2509 1983 1
2452 1983 1
4209 1983 1
3168 1983 1
3216 1983 1
14290 1983 1
2841 1983 1
3150 1983 1
2865 1983 1
3151 1983 1
3040 1983 1
4083 1983 1
4825 1983 1
4201 1983 1
3203 1983 1
3127 1983 1
4238 1983 1
4090 1983 1
2409 1983 1
2033 1984 16
2160 1984 15
2254 1984 6
2410 1984 1
2236 1984 14
2110 1984 7
2377 1984 2
2251 1984 12
2170 1984 8
2157 1984 6
2252 1984 9
2068 1984 14
1982 1984 12
2566 1984 11
2253 1984 10
4826 1984 10
2624 1984 15
3064 1985 1
2889 1985 1
3152 1985 1
4069 1985 1
1983 1985 46
1986 1985 52
4171 1985 1
2890 1986 1
1984 1986 46
3153 1986 4
1985 1987 52
2073 1987 1
1986 1987 53
2073 1988 1
1985 1988 52
1986 1988 53
1984 1989 15
1981 1989 1
2362 1989 9
2452 1989 1
3151 1989 1
2962 1989 1
2581 1989 1
4222 1989 1
2115 1990 41
14353 1990 1
2614 1990 18
3151 1990 1
2594 1990 13
2363 1990 10
2156 1990 6
14328 1990 8
3098 1990 1
2961 1990 1
3189 1990 1
2532 1990 3
2481 1990 1
2871 1990 1
4253 1990 1
2978 1990 1
4155 1990 1
1981 1990 1
2452 1990 1
2067 1990 14
2432 1990 10
2602 1990 13
1991 1990 107
14357 1991 1
2253 1991 10
14293 1991 1
2106 1991 1
14377 1991 1
2157 1991 6
1982 1991 4
2160 1991 25
2256 1991 4
2025 1991 1
2068 1991 14
2447 1991 1
2549 1991 30
2110 1991 7
2955 1991 1
2223 1991 8
3180 1991 2
3099 1991 1
2477 1991 1
2587 1991 3
2193 1991 1
2019 1991 3
2485 1991 3
2276 1991 6
14322 1991 3
2170 1991 8
2124 1991 4
2572 1991 1
2590 1991 3
2258 1991 8
4133 1992 1
3080 1992 7
2635 1992 1
4098 1992 1
2636 1992 1
2831 1992 1
2549 1992 15
11889 1992 1
3189 1992 1
2645 1992 1
14328 1993 8
2603 1993 13
2941 1993 1
4193 1993 1
4212 1993 1
2594 1993 13
2339 1993 1
2277 1993 1
1994 1993 99
2366 1993 10
4095 1993 1
2105 1993 1
2602 1993 13
4137 1993 1
2983 1993 1
2067 1993 14
2632 1993 1
2109 1993 7
3007 1993 1
2323 1993 1
4175 1993 1
1992 1993 15
2952 1993 1
4100 1993 1
2579 1993 3
2885 1993 1
2645 1993 1
4200 1993 1
2942 1993 1
2107 1993 1
4169 1993 1
2575 1993 1
2266 1993 1
3098 1993 1
2348 1993 10
2090 1993 1
2091 1994 1
2106 1994 4
2110 1994 7
14382 1994 3
2410 1994 1
2278 1994 1
14357 1994 1
2515 1994 2
2566 1994 1
2064 1994 1
14346 1994 7
2160 1994 25
2145 1994 12
2545 1994 4
2349 1994 10
2030 1994 2
2447 1994 2
2230 1994 3
2549 1994 18
14327 1994 2
2590 1994 3
2170 1994 8
2108 1994 1
14322 1994 15
2068 1994 14
2163 1994 19
3099 1994 1
1996 1995 62
1992 1995 15
2081 1995 51
2626 1996 1
2079 1996 51
2834 1996 1
3087 1996 4
3095 1996 1
2549 1996 15
3215 1996 1
11877 1996 1
3155 1996 1
2204 1996 2
1998 1997 16
1992 1997 15
11883 1998 2
2417 1998 1
2549 1998 15
1997 1999 16
2586 1999 1
2836 1999 1
2426 1999 1
2849 1999 1
2000 1999 21
14319 2000 6
14367 2000 1
2587 2000 1
14245 2000 2
2427 2000 1
2572 2000 1
2025 2000 18
1991 2000 31
1998 2000 16
14363 2000 7
2549 2000 15
2485 2000 3
2000 2001 65
14265 2001 4
4125 2001 1
14361 2001 3
14234 2001 3
1999 2001 21
14362 2001 7
4122 2001 1
11891 2001 1
4078 2001 1
2340 2001 31
1992 2001 15
2554 2001 1
2554 2002 1
2340 2002 31
11891 2002 1
2000 2002 59
2826 2002 1
1999 2002 21
14362 2002 7
1992 2002 15
11882 2002 1
2484 2002 3
14318 2003 1
11891 2003 1
14362 2003 7
2484 2003 3
14234 2003 3
1992 2003 15
2554 2003 1
2000 2003 62
3211 2003 1
1999 2003 21
2340 2003 31
1999 2004 21
2484 2004 3
14362 2004 7
2340 2004 31
2554 2004 1
11891 2004 1
2000 2004 57
1992 2004 15
14362 2005 7
1992 2005 15
11891 2005 1
1999 2005 21
2340 2005 31
2484 2005 3
14318 2005 1
2554 2005 1
3211 2005 1
2000 2005 59
1999 2006 21
2484 2006 3
2340 2006 31
2554 2006 1
2000 2006 57
11891 2006 1
1992 2006 15
14362 2006 7
2554 2007 1
2340 2007 31
3211 2007 1
11891 2007 1
1992 2007 15
1999 2007 21
2000 2007 59
14362 2007 7
2484 2007 3
14318 2007 1
2340 2008 31
14318 2008 1
14234 2008 3
3211 2008 1
1992 2008 15
2484 2008 3
2000 2008 60
1999 2008 21
14362 2008 7
1999 2009 21
14234 2009 3
2340 2009 31
14362 2009 7
2000 2009 56
1992 2009 15
2000 2010 38
14362 2010 7
2484 2010 3
3184 2010 7
2554 2010 1
1992 2010 15
1999 2010 21
14234 2010 3
11891 2010 1
1992 2011 15
14375 2011 1
2081 2011 51
2012 2011 117
2514 2011 23
2078 2011 22
2449 2011 14
2240 2011 24
2079 2012 64
2549 2012 48
2146 2012 1
2163 2012 14
3007 2013 1
4101 2013 1
2994 2013 1
2067 2013 14
4083 2013 1
14371 2013 1
2983 2013 1
3212 2013 1
3062 2013 1
4205 2013 1
2338 2013 5
4257 2013 1
14328 2013 8
2107 2013 1
2105 2013 1
4121 2013 1
2985 2013 1
4109 2013 1
11890 2013 1
11889 2013 1
2602 2013 13
2959 2013 1
4133 2013 1
3189 2013 1
4198 2013 1
2992 2013 1
2645 2013 1
2109 2013 7
14329 2013 1
1992 2013 15
2858 2013 1
2348 2013 10
1994 2013 102
2903 2013 1
2176 2013 1
2831 2013 1
2162 2013 14
4093 2014 1
2936 2014 1
1991 2014 64
1992 2014 15
2614 2014 18
2954 2014 1
4125 2014 1
3191 2014 1
2340 2014 31
2325 2014 2
14368 2014 1
3038 2014 1
2873 2014 1
3225 2014 1
3123 2014 1
3121 2014 1
2614 2015 18
1991 2015 79
2014 2015 64
2532 2015 3
2603 2015 13
2017 2016 16
4214 2016 1
1992 2016 15
4091 2017 2
2417 2017 1
2549 2017 15
2019 2018 1
2256 2019 18
14269 2020 1
2462 2020 1
2018 2020 1
2021 2020 6
3068 2020 1
4145 2020 1
2827 2020 1
14358 2021 1
2392 2021 3
14295 2021 1
2280 2021 1
2337 2021 1
2124 2021 1
2547 2021 1
3155 2021 1
3099 2021 1
2231 2021 1
2019 2021 1
2106 2021 1
2238 2021 1
2091 2021 1
2864 2021 1
14270 2021 1
2887 2022 1
4145 2022 1
2123 2022 1
2018 2022 1
2023 2022 5
2019 2023 1
2250 2023 4
3155 2023 1
2124 2023 1
2280 2023 1
4129 2024 1
2025 2024 7
2022 2024 5
2026 2024 3
2249 2025 2
2292 2025 4
3095 2025 1
2019 2025 8
14319 2025 2
2023 2025 7
2258 2025 30
2018 2026 1
2023 2026 3
4145 2026 1
2209 2027 4
2028 2027 3
2030 2029 1
2215 2030 1
1961 2030 1
1991 2030 1
1994 2030 1
2219 2030 1
2317 2030 1
1963 2030 1
1984 2030 1
2033 2030 1
2444 2031 2
4102 2031 1
2067 2031 14
4095 2031 1
3172 2031 1
3166 2031 1
3191 2031 1
14328 2031 8
2603 2031 13
4258 2031 1
2983 2031 1
3187 2031 1
2888 2031 1
11887 2031 1
2975 2031 1
4097 2031 1
2323 2031 23
14284 2031 1
3074 2031 3
2105 2031 1
2594 2031 13
2029 2031 1
4071 2031 1
2107 2031 1
2188 2031 1
4828 2031 1
3102 2031 2
4181 2031 1
1963 2031 124
2120 2031 1
2891 2031 1
2602 2031 13
2267 2031 14
3124 2031 9
4227 2031 1
2032 2031 16
4205 2031 1
2364 2031 10
2109 2031 7
2944 2032 1
3187 2032 1
4116 2032 1
14271 2032 1
14315 2032 1
14257 2032 1
2840 2032 1
2033 2032 16
14284 2032 1
2947 2032 1
2952 2032 1
3043 2032 1
4094 2032 1
2456 2032 1
4175 2032 1
2029 2032 1
2030 2033 15
14308 2033 2
2171 2033 4
3063 2034 1
2067 2034 14
14328 2034 8
1984 2034 59
2109 2034 7
2593 2034 12
3203 2034 1
2032 2034 16
3216 2035 1
2032 2035 16
4201 2035 1
1984 2035 18
2032 2036 16
3223 2036 6
2037 2036 22
2254 2037 6
2033 2037 16
3222 2037 3
2037 2038 22
3006 2038 1
3221 2038 1
2926 2038 1
3223 2038 6
2032 2038 16
2593 2039 12
14328 2039 8
2958 2039 1
2067 2039 14
2156 2039 6
2109 2039 7
2432 2039 10
2825 2039 1
2032 2039 16
1984 2039 75
2032 2040 16
2037 2040 22
3223 2040 6
14328 2041 8
2109 2041 7
2032 2041 16
2593 2041 12
4083 2041 1
2067 2041 14
1984 2041 60
2409 2041 1
2868 2041 1
1984 2042 27
4209 2042 1
2032 2042 16
14328 2042 8
4244 2042 1
11879 2042 1
1984 2043 19
2452 2043 1
2032 2043 16
4180 2043 1
3151 2043 1
2413 2044 1
14328 2044 8
2911 2044 1
2032 2044 16
3013 2044 1
3076 2044 1
4239 2044 1
4090 2044 1
1984 2044 30
2048 2045 1
2046 2045 1
2047 2045 1
4163 2049 1
3159 2049 1
4141 2049 1
4189 2049 1
4230 2049 1
3027 2049 1
2480 2049 1
14272 2049 1
3229 2049 1
4182 2049 1
2050 2049 12
3010 2049 1
3086 2050 1
2457 2050 1
2477 2050 1
2566 2050 1
2218 2050 1
3230 2050 1
4826 2050 1
2236 2050 1
2483 2050 1
2436 2050 1
2045 2050 1
2410 2050 1
2193 2050 1
2118 2050 1
2221 2050 1
2557 2050 1
3078 2050 1
1982 2050 1
14341 2050 1
2856 2050 1
14286 2051 1
2052 2051 25
2372 2051 7
4126 2051 2
2049 2051 12
2574 2051 6
2050 2052 25
2853 2052 1
2049 2053 12
4126 2053 2
2054 2053 13
2050 2054 25
2054 2055 25
2574 2055 6
2049 2055 12
2372 2055 7
14286 2055 1
4126 2055 2
2057 2056 1
2058 2057 15
2879 2057 2
3078 2057 1
14341 2057 10
2056 2058 1
2878 2058 1
2057 2058 15
3078 2058 1
4225 2058 1
2933 2058 1
2057 2058 15
4233 2058 1
3077 2058 1
4190 2058 1
2929 2058 1
3134 2058 1
2967 2058 1
14341 2058 10
2879 2058 2
2867 2058 1
4228 2058 1
2925 2058 1
4108 2058 1
2058 2059 15
2058 2059 15
2056 2059 1
2878 2059 1
4228 2060 1
4108 2060 1
3077 2060 1
4233 2060 1
2933 2060 1
2058 2060 14
2056 2060 1
2878 2060 1
2929 2060 1
4225 2060 1
2967 2060 1
3134 2060 1
2925 2060 1
2867 2060 1
4190 2060 1
3077 2061 1
2933 2061 1
2967 2061 1
4228 2061 1
2878 2061 1
2056 2061 1
4225 2061 1
2925 2061 1
4108 2061 1
4190 2061 1
2929 2061 1
2867 2061 1
3134 2061 1
2058 2061 15
4233 2061 1
2061 2062 15
2057 2062 15
2064 2063 1
2068 2064 1
2625 2064 1
1991 2064 1
1984 2064 1
2215 2064 1
1979 2064 1
1961 2064 1
2926 2065 1
14315 2065 1
3218 2065 1
2840 2065 1
4094 2065 1
2154 2065 1
3065 2065 1
2293 2065 8
2277 2065 1
2120 2065 1
2888 2065 1
2460 2065 1
2063 2065 1
3221 2065 1
4160 2065 1
3006 2065 1
14246 2065 1
2610 2065 1
4132 2065 1
3081 2065 12
1961 2065 43
14257 2065 1
4203 2065 1
4167 2065 1
14284 2065 1
2430 2065 1
2948 2065 1
3079 2065 1
2926 2066 1
2885 2066 1
3065 2066 1
4082 2066 1
2896 2066 1
2840 2066 1
14247 2066 1
2614 2066 18
2831 2066 1
3062 2066 1
2460 2066 1
3221 2066 1
1961 2066 70
4094 2066 1
4167 2066 1
2063 2066 1
2966 2066 1
2456 2066 1
4200 2066 1
2266 2066 15
11889 2066 1
2948 2066 1
4132 2066 1
14315 2066 1
2888 2066 1
14372 2066 1
2430 2066 1
4828 2066 1
14257 2066 1
2316 2066 4
4829 2066 1
11890 2066 1
3218 2066 1
14284 2066 1
3006 2066 1
4203 2066 1
2267 2066 1
2872 2066 1
2120 2066 1
2635 2066 1
4133 2066 1
3055 2066 1
4160 2066 1
2578 2066 1
4098 2066 1
14246 2066 1
2645 2066 1
2610 2066 1
2407 2067 1
2857 2067 1
2117 2067 1
2903 2067 1
14246 2067 1
2063 2067 1
11888 2067 1
2373 2067 1
4110 2067 1
2068 2067 14
2923 2067 1
4251 2067 1
2948 2067 1
4164 2067 1
2064 2068 13
14308 2068 2
2171 2068 4
1984 2069 15
2582 2069 1
2067 2069 14
1984 2070 15
11879 2070 1
2067 2070 14
2067 2071 14
2841 2071 1
1984 2071 16
2452 2071 1
14328 2072 8
1991 2072 61
2614 2072 18
2067 2072 14
2109 2072 7
2603 2072 13
3189 2072 1
2825 2072 1
1986 2073 1
2377 2074 2
2077 2076 1
2342 2077 1
2261 2077 1
2455 2077 1
2235 2077 1
2628 2077 1
2079 2077 1
11885 2078 1
2076 2078 1
3128 2078 1
3144 2078 1
4234 2078 1
14234 2078 3
3184 2078 7
2079 2078 22
14361 2078 3
2426 2078 1
2608 2078 1
3046 2078 1
2077 2079 5
2025 2079 37
2427 2079 3
2549 2079 19
2358 2079 1
2449 2080 14
2012 2080 35
2078 2080 22
2076 2081 1
2500 2081 9
2079 2081 51
14234 2081 3
11885 2081 1
2339 2081 19
2259 2081 12
3046 2081 1
2564 2081 4
2531 2081 1
2083 2082 1
2913 2084 1
14274 2084 1
2082 2084 1
2085 2084 3
2995 2085 1
2083 2085 3
2283 2085 18
2085 2086 4
4241 2086 1
14274 2086 1
2082 2086 1
2286 2087 21
2088 2087 25
2086 2087 4
2914 2087 2
2085 2088 25
2995 2088 1
2086 2089 4
4241 2089 1
2088 2089 6
2914 2089 2
2091 2090 1
2515 2091 4
2093 2092 1
14341 2093 1
2193 2093 1
2094 2093 13
14268 2093 2
3078 2093 8
4248 2094 1
2193 2094 1
3024 2094 1
3061 2094 1
3016 2094 1
3207 2094 1
14267 2094 1
2093 2094 14
2866 2094 1
14321 2094 1
2093 2094 14
14341 2094 1
3134 2094 1
3169 2094 1
3078 2094 8
3020 2094 1
2092 2094 1
4111 2094 1
14268 2094 2
2866 2095 1
3169 2095 1
2094 2095 14
2094 2095 14
2092 2095 1
3061 2095 1
3020 2095 1
14321 2095 1
14321 2096 1
2092 2096 1
2094 2096 14
2094 2096 14
3020 2097 1
2092 2097 1
3134 2097 1
3207 2097 1
3016 2097 1
2866 2097 1
4111 2097 1
3061 2097 1
3169 2097 1
4248 2097 1
3024 2097 1
2094 2097 13
14321 2097 1
14267 2097 1
2092 2098 1
4111 2098 1
3169 2098 1
14267 2098 1
3024 2098 1
3020 2098 1
2094 2098 13
3207 2098 1
3016 2098 1
3061 2098 1
2866 2098 1
3134 2098 1
4248 2098 1
2098 2099 13
2093 2099 13
2101 2100 6
2376 2100 2
4174 2100 1
4229 2100 1
2377 2101 2
2312 2101 7
2103 2102 8
2622 2102 1
2100 2102 6
2101 2103 9
2623 2103 3
2102 2104 8
2103 2104 10
4191 2104 1
4127 2104 1
2106 2105 1
2108 2107 1
1961 2108 1
1984 2108 1
2110 2108 1
1994 2108 1
1991 2108 1
1963 2108 1
2215 2108 1
2884 2108 1
2114 2108 1
2975 2109 1
2120 2109 1
2241 2109 1
4204 2109 1
2644 2109 1
2110 2109 7
2107 2109 1
2171 2110 4
2108 2110 6
4825 2111 1
3150 2111 1
14328 2111 8
2109 2111 7
2594 2111 13
2582 2111 1
1984 2111 31
2865 2112 1
2109 2112 7
1984 2112 9
14263 2112 1
2109 2113 7
14328 2113 8
2114 2113 28
2594 2113 13
2160 2114 13
14358 2114 5
2170 2114 8
2110 2114 7
14357 2114 3
3230 2114 1
4826 2114 2
14295 2114 3
2109 2115 7
2594 2115 13
2603 2115 13
1991 2115 41
2363 2115 10
3182 2115 8
2602 2115 13
3197 2116 1
2109 2116 7
2991 2116 1
1984 2116 9
2064 2117 1
2048 2118 1
2046 2118 1
2193 2119 2
14256 2119 1
2108 2120 1
2122 2121 3
2124 2123 1
2462 2125 1
4145 2125 1
2973 2125 1
2435 2125 1
2123 2125 1
2990 2125 1
3000 2125 1
14370 2125 1
2021 2125 11
2887 2125 1
3047 2125 1
2863 2125 1
2462 2126 1
2827 2126 1
2123 2126 1
3047 2126 1
2990 2126 1
1950 2126 5
1952 2127 1
2123 2127 1
2124 2128 1
14316 2129 1
2130 2129 4
2244 2129 1
2128 2129 1
2124 2130 1
14317 2130 1
2193 2130 2
4186 2131 1
2244 2131 1
2192 2131 1
2130 2131 6
2128 2131 1
2129 2131 4
2133 2132 1
4823 2133 3
2135 2134 2
3149 2134 1
2132 2134 1
2133 2135 1
2132 2136 1
2135 2136 2
4166 2137 1
2136 2137 2
2138 2137 9
2937 2137 1
2439 2137 2
2269 2137 2
2938 2138 1
3190 2138 1
2438 2138 2
1996 2138 2
2135 2138 2
2144 2138 4
2138 2139 11
3174 2139 1
2370 2139 1
2137 2139 9
4208 2140 1
2137 2140 9
2143 2140 1
2138 2140 11
2135 2141 1
2132 2141 1
2132 2142 1
3149 2142 1
2135 2142 2
2144 2143 1
2315 2144 1
2184 2145 6
14357 2145 2
1994 2145 7
2515 2145 2
2148 2147 1
2628 2148 1
2148 2149 1
2147 2149 1
2173 2150 1
2215 2150 1
2175 2150 1
2152 2151 1
2628 2152 1
2152 2153 1
2151 2153 1
2155 2154 1
2157 2155 1
1984 2155 1
4080 2155 1
2160 2155 1
1961 2155 1
1991 2155 1
2215 2155 1
4081 2155 1
4167 2156 1
4074 2156 1
2157 2156 6
2154 2156 1
3065 2156 1
4173 2156 1
2155 2157 5
2171 2157 4
1984 2158 7
2156 2158 6
2452 2158 1
2160 2159 6
2156 2159 6
2157 2160 6
2251 2160 12
2252 2160 9
2532 2161 3
1991 2161 27
2614 2161 18
2156 2161 6
14345 2162 7
2163 2162 14
2575 2162 1
2404 2162 6
14382 2163 10
2337 2163 6
2231 2163 7
2400 2163 1
2184 2163 6
14346 2163 7
2549 2163 13
14322 2163 3
2106 2163 1
14343 2163 2
2091 2163 1
2162 2164 14
2348 2164 10
2575 2164 1
2579 2164 3
1994 2164 27
2166 2165 1
2168 2167 4
3134 2167 1
2165 2167 1
4085 2167 1
2166 2168 1
14341 2168 2
2167 2169 4
2168 2169 4
14327 2170 7
2171 2170 4
4220 2172 1
2173 2172 5
3200 2172 1
2886 2172 1
2993 2172 1
4252 2173 1
2075 2173 3
2150 2173 4
2175 2173 6
2175 2174 7
2245 2174 1
3044 2174 1
2172 2174 5
2226 2175 3
2187 2175 2
2173 2175 5
3115 2175 1
2545 2176 1
4202 2177 1
2547 2177 4
2858 2177 1
2176 2177 1
2549 2178 6
4157 2178 1
2177 2178 4
2180 2179 13
2513 2179 7
2178 2179 6
14324 2180 5
2091 2180 1
2106 2180 1
14346 2180 1
2231 2180 1
2337 2180 1
2549 2180 13
2184 2180 1
2163 2181 26
2336 2181 2
14345 2181 7
2999 2181 1
2178 2181 6
2513 2181 7
14342 2181 1
4113 2181 1
2994 2181 1
2434 2181 1
3189 2182 1
11890 2182 1
2178 2182 6
3062 2182 1
3212 2182 1
2549 2182 10
2184 2183 1
2454 2184 1
2400 2184 4
2180 2185 6
3000 2185 1
2462 2185 1
2435 2185 1
2183 2185 1
4177 2185 1
3068 2185 1
4177 2186 1
2180 2186 3
2183 2186 1
2462 2186 1
2455 2187 1
2175 2187 1
2189 2188 1
1963 2189 1
2455 2189 1
1950 2189 1
1954 2189 1
4113 2190 1
4221 2190 1
2569 2190 3
4197 2190 1
1954 2190 7
2188 2190 1
2847 2191 1
2188 2191 1
1954 2191 5
3004 2191 1
14314 2191 2
2193 2192 1
2046 2193 1
2048 2193 1
2195 2194 20
2358 2194 1
3078 2194 1
2192 2194 1
4185 2194 1
14299 2194 1
2607 2194 2
3090 2194 1
2195 2194 21
2835 2194 1
4112 2194 1
2567 2194 1
2357 2194 1
14325 2194 1
2481 2194 1
4216 2194 1
11881 2194 1
4213 2194 1
3051 2194 1
4136 2194 1
3077 2194 1
2627 2194 1
3207 2194 1
2606 2194 1
2193 2194 14
2607 2195 2
2193 2195 14
2358 2195 2
2194 2195 2
3078 2195 1
2194 2196 20
2194 2196 21
3210 2196 1
3051 2196 1
3207 2196 1
3090 2196 1
2194 2197 20
3210 2197 1
3090 2197 1
2194 2197 21
2194 2198 20
2195 2198 21
3144 2198 1
3077 2199 1
4216 2199 1
2192 2199 1
4213 2199 1
2481 2199 1
3051 2199 1
4112 2199 1
2627 2199 1
14325 2199 1
3090 2199 1
2835 2199 1
4185 2199 1
11881 2199 1
2357 2199 1
2194 2199 20
14299 2199 1
3210 2199 1
4136 2199 1
3207 2199 1
2606 2199 1
2567 2199 1
2192 2200 1
4186 2200 1
2119 2200 3
2200 2201 3
14255 2201 1
2119 2201 4
2192 2202 1
2130 2202 2
4186 2202 1
2204 2203 1
3215 2204 1
2050 2204 6
14283 2204 1
2503 2204 1
2591 2204 2
3083 2204 1
2203 2205 1
2204 2205 2
1996 2206 5
2894 2206 1
4145 2206 1
2898 2206 1
2205 2206 2
2205 2207 2
1996 2207 3
2894 2207 1
1996 2208 3
2205 2208 2
2894 2208 1
2215 2209 1
2211 2209 1
2210 2209 1
2214 2209 1
2213 2209 1
2027 2210 5
3153 2210 1
2394 2211 2
2212 2211 6
3132 2211 2
2027 2211 5
4252 2211 1
2396 2211 5
2924 2216 1
2217 2216 22
3088 2216 1
2246 2216 1
2288 2216 18
2289 2217 18
2247 2217 3
2046 2218 1
2048 2218 1
2037 2219 5
1980 2219 2
2221 2220 1
2048 2221 1
3005 2222 1
2220 2222 1
4071 2222 1
14334 2222 1
2476 2222 1
2223 2222 6
2968 2222 1
2410 2223 1
2272 2223 2
2477 2223 2
14270 2223 4
2834 2223 1
2231 2223 7
2590 2223 2
2221 2223 1
3180 2223 2
14334 2224 1
3005 2224 1
2220 2224 1
2223 2224 3
2226 2225 3
2894 2225 1
3011 2225 1
3215 2226 1
2442 2226 2
3142 2226 1
2225 2227 3
2226 2227 3
2982 2228 2
2225 2228 3
2175 2228 6
2173 2229 6
2228 2229 6
3232 2230 1
14341 2230 1
2106 2230 1
2590 2231 6
2233 2232 1
2232 2234 1
2586 2234 1
3195 2234 1
2869 2234 1
2936 2234 1
3003 2234 1
3225 2234 1
3014 2234 1
2849 2234 1
4230 2234 1
2271 2234 1
4075 2234 1
2954 2234 1
3033 2234 1
2979 2234 1
2836 2234 1
2235 2234 21
3121 2234 1
4066 2234 1
4189 2234 1
2996 2234 1
14306 2235 1
2946 2235 1
14382 2235 1
2477 2235 1
2272 2235 1
14319 2235 1
2587 2235 3
2964 2235 1
2997 2235 2
14367 2235 3
1994 2235 2
2230 2235 3
11886 2235 1
2233 2235 1
2572 2235 2
2077 2235 1
14245 2235 1
2485 2235 6
2160 2235 15
3100 2235 2
14343 2235 1
2410 2235 2
2955 2235 1
14377 2235 1
4068 2235 1
1984 2236 1
2048 2236 1
2238 2237 1
2237 2239 1
2549 2239 7
2880 2239 1
2459 2239 4
3062 2240 1
3189 2240 1
4236 2240 1
2904 2240 1
2872 2240 1
3021 2240 1
2645 2240 1
4198 2240 1
2893 2240 1
11889 2240 1
2549 2240 24
3019 2240 1
4144 2240 1
2239 2240 7
4133 2240 1
4109 2240 1
11890 2240 1
2831 2240 1
2108 2241 1
2243 2242 2
3012 2242 1
2130 2244 1
2187 2245 1
2247 2246 1
14322 2249 1
14376 2251 11
2171 2251 4
2361 2252 8
2171 2252 4
2431 2253 9
14308 2253 2
2171 2253 4
2171 2254 4
14308 2254 2
3222 2254 5
2256 2255 1
2025 2256 1
1959 2256 1
2019 2256 1
1961 2256 1
2258 2256 1
2549 2256 1
2215 2256 1
1969 2256 1
2628 2256 1
3074 2257 3
2998 2257 1
2258 2257 8
2255 2257 1
3025 2257 1
2578 2257 1
2019 2258 13
2280 2258 3
2834 2258 1
2590 2258 1
2231 2258 7
2124 2258 1
2256 2258 6
2257 2259 8
4115 2259 2
2025 2259 12
2826 2259 1
2463 2260 2
4125 2260 1
2564 2260 4
14234 2260 3
2259 2260 12
2261 2260 67
2500 2260 9
3184 2260 7
14364 2260 19
2339 2260 19
14361 2260 3
14307 2261 4
2549 2261 19
2025 2261 48
4125 2262 1
2259 2262 12
2586 2262 1
2849 2262 1
2339 2262 19
2564 2262 4
14364 2262 19
2263 2262 63
2836 2262 1
2500 2262 9
2025 2263 40
14363 2263 7
1991 2263 31
2549 2263 19
14367 2263 1
2572 2263 1
14245 2263 1
2587 2263 1
2485 2263 3
14319 2263 6
2262 2264 63
2554 2264 1
11891 2264 1
2263 2264 74
2340 2264 31
11882 2264 1
3211 2264 1
14362 2264 7
14318 2264 1
2826 2264 1
2484 2264 3
2262 2265 63
14318 2265 1
11891 2265 1
4226 2265 1
14362 2265 7
2340 2265 31
3211 2265 1
2554 2265 1
2484 2265 3
2263 2265 74
3074 2266 3
2434 2266 1
2336 2266 2
2578 2266 1
2998 2266 1
2549 2266 16
2255 2266 1
4144 2266 1
2959 2266 1
2279 2266 3
2255 2267 1
4109 2267 1
2998 2267 1
2578 2267 1
3165 2267 2
4121 2267 1
3074 2267 3
3031 2267 3
2549 2267 15
2966 2268 1
2578 2268 1
2876 2268 1
2019 2268 6
3025 2268 1
2255 2268 1
2998 2268 1
4145 2269 1
1996 2269 2
2272 2271 1
2611 2273 1
2274 2273 16
2881 2273 1
2332 2273 13
2522 2274 4
2211 2274 13
2479 2274 3
2611 2275 1
2274 2275 20
2528 2275 4
2881 2275 1
2478 2275 1
2273 2275 16
14367 2276 3
2955 2276 1
2278 2277 1
2145 2278 1
2258 2278 1
1959 2278 1
2215 2278 1
2280 2278 1
2025 2278 1
2549 2278 1
2280 2279 3
2327 2279 1
2277 2279 1
2278 2280 3
2258 2281 10
2880 2281 1
2279 2281 3
14275 2281 3
14254 2281 2
2826 2282 1
14234 2282 3
4115 2282 2
2281 2282 10
2283 2282 17
2249 2283 2
14363 2283 7
2258 2283 10
2289 2283 18
2025 2283 3
14319 2283 1
2580 2283 1
2282 2284 17
2283 2284 18
2284 2285 18
2085 2285 18
4241 2286 1
2085 2286 21
14274 2286 1
2284 2286 18
14234 2287 3
2283 2287 17
2981 2287 1
2826 2287 1
2281 2287 10
4115 2287 2
2826 2288 1
2281 2288 10
4115 2288 2
2981 2288 1
2289 2288 18
14234 2288 3
2258 2289 10
14319 2289 1
2249 2289 2
2580 2289 1
2025 2289 3
2288 2290 18
2283 2290 22
2981 2290 1
14362 2290 7
14275 2291 3
2292 2291 6
2279 2291 3
2019 2292 3
2280 2292 3
2124 2292 2
2940 2293 1
2279 2293 3
14305 2293 1
2294 2293 8
4245 2293 1
3008 2293 1
2280 2294 5
14306 2294 3
2869 2295 1
2293 2295 8
2294 2295 9
3006 2296 1
4067 2296 1
14247 2296 1
2456 2296 1
1961 2296 37
2277 2296 1
4094 2296 1
4829 2296 1
2414 2296 1
2840 2296 1
3221 2296 1
2926 2296 1
14284 2296 1
3081 2296 12
4098 2296 1
2397 2296 1
3055 2296 1
2293 2296 8
14257 2296 1
4082 2296 1
4132 2296 1
2296 2297 37
2298 2297 37
1961 2298 37
3081 2299 12
1961 2299 37
2316 2299 4
2614 2299 18
2293 2299 8
2578 2299 1
2316 2300 4
3081 2300 12
2277 2300 1
14284 2300 1
2456 2300 1
1961 2300 40
4094 2300 1
2578 2300 1
2293 2300 8
2614 2300 18
2294 2301 8
2293 2301 8
2614 2302 18
3055 2302 1
1961 2302 27
2293 2302 8
2293 2303 8
2294 2303 8
2293 2304 8
2294 2304 8
2293 2305 8
2294 2305 8
2294 2306 8
2293 2306 8
14305 2306 1
2293 2307 8
2294 2307 8
2294 2308 8
2293 2308 8
3008 2308 1
2293 2309 8
2294 2309 8
2376 2310 2
2957 2310 1
14320 2310 1
2101 2310 5
14320 2311 1
2101 2311 7
2957 2311 1
2310 2311 5
2100 2311 1
4076 2311 1
2314 2312 1
2315 2312 1
2313 2312 1
2074 2312 1
2215 2312 1
2317 2316 4
3074 2316 3
2630 2317 3
2629 2317 3
2019 2317 3
2235 2317 3
2628 2317 3
2317 2318 5
2919 2318 1
2316 2318 4
14247 2319 1
4829 2319 1
4082 2319 1
2614 2319 18
1961 2319 23
2316 2319 4
2578 2319 1
2578 2320 1
1961 2320 20
2614 2320 18
2316 2320 4
2614 2321 18
1961 2321 29
2578 2321 1
3081 2321 12
2316 2321 4
2316 2322 4
2578 2322 1
2614 2322 18
1961 2322 20
2549 2323 24
14372 2323 1
2339 2323 19
4084 2323 1
3062 2323 1
2019 2324 1
2324 2325 1
2258 2325 2
2025 2326 2
2325 2326 2
2278 2327 1
2209 2328 1
4192 2329 1
2027 2329 5
2951 2329 1
2328 2329 1
2963 2329 1
2329 2330 5
2331 2330 11
2523 2330 4
2643 2330 4
2027 2331 5
2522 2331 6
2209 2331 1
2642 2331 1
2394 2331 1
3131 2332 2
3049 2332 1
2395 2332 5
2211 2332 13
2393 2332 1
2329 2332 5
2334 2333 13
2332 2333 13
2211 2334 13
2210 2335 5
2329 2335 5
2337 2336 2
3028 2336 1
2447 2337 9
2163 2338 5
2992 2338 1
4106 2338 1
2336 2338 2
11889 2339 1
4133 2339 1
4198 2339 1
2645 2339 1
3181 2339 4
3031 2339 3
11890 2339 1
2336 2339 2
3165 2339 2
2872 2339 1
2831 2339 1
2549 2339 20
4125 2340 1
14266 2340 3
3204 2340 1
2850 2340 2
1991 2340 31
2586 2340 1
2563 2340 3
2339 2340 19
14362 2341 7
14234 2341 3
4143 2341 1
2342 2341 50
3211 2341 1
2340 2341 31
2588 2341 7
2484 2341 3
4142 2341 1
2587 2342 1
2485 2342 3
2077 2342 4
2025 2342 3
14319 2342 5
1991 2342 31
2017 2342 1
2079 2342 2
14367 2342 1
2572 2342 1
14245 2342 2
2124 2342 1
14363 2342 7
4142 2343 1
2340 2343 31
2554 2343 1
2484 2343 3
2588 2343 7
14318 2343 1
11891 2343 1
2342 2343 53
14362 2343 7
14234 2343 3
3211 2343 1
3138 2343 1
2588 2344 7
2340 2344 31
2342 2344 49
3211 2344 1
14234 2344 3
2484 2344 3
4142 2344 1
14362 2344 7
2342 2345 44
4122 2345 1
3046 2345 1
4143 2345 1
3138 2345 1
11891 2345 1
4226 2345 1
2340 2345 31
2554 2345 1
2531 2345 1
4078 2345 1
2588 2345 7
2484 2346 3
4142 2346 1
2340 2346 31
3138 2346 1
14362 2346 7
2554 2346 1
2588 2346 7
11891 2346 1
2342 2346 48
2484 2347 3
3211 2347 1
4142 2347 1
3138 2347 1
14362 2347 7
2340 2347 31
14318 2347 1
2588 2347 7
2342 2347 50
2554 2347 1
11891 2347 1
3158 2348 3
2917 2348 1
4100 2348 1
2349 2348 10
2434 2348 1
2632 2348 1
2633 2348 3
2336 2348 2
3193 2349 1
2235 2349 1
2515 2349 3
2630 2349 1
2091 2349 7
2337 2349 2
2349 2350 10
2348 2350 10
3007 2351 1
2579 2351 3
2348 2351 10
1994 2351 14
2579 2352 3
3007 2352 1
1994 2352 14
2348 2352 10
2348 2353 10
2579 2353 3
1994 2353 14
3007 2353 1
1994 2354 14
2579 2354 3
2348 2354 10
3007 2354 1
1994 2355 14
2579 2355 3
3007 2355 1
2348 2355 10
14381 2356 1
3080 2356 7
3213 2356 1
14345 2356 7
2404 2356 6
2575 2356 1
4215 2356 1
3157 2356 1
4257 2356 1
2163 2356 29
2645 2356 1
14342 2356 1
2892 2356 1
4123 2356 1
2336 2356 2
3045 2356 1
2358 2357 1
2455 2358 1
1956 2358 1
2258 2358 1
2079 2358 1
3090 2359 1
3210 2359 1
2357 2359 1
2194 2359 3
2361 2360 1
2252 2361 1
1984 2361 1
2160 2361 1
2215 2361 1
2877 2361 1
3067 2362 1
3178 2362 1
2360 2362 1
2883 2362 1
2830 2362 1
3041 2362 1
4235 2362 1
2252 2362 9
14261 2362 1
2362 2363 9
2160 2363 10
2160 2364 10
2362 2364 9
4201 2365 1
4128 2365 1
1984 2365 13
2362 2365 9
3040 2365 1
4188 2365 1
2160 2366 10
2362 2366 9
4238 2367 1
4209 2367 1
2987 2367 1
4199 2367 1
2362 2367 9
1984 2367 13
1984 2368 9
2362 2368 9
3193 2369 1
2144 2370 1
2218 2371 1
2482 2372 1
4140 2372 1
3029 2372 1
4189 2372 1
2855 2372 1
2371 2372 1
2050 2372 7
2064 2373 1
2375 2374 1
2377 2376 2
2374 2376 1
2375 2377 1
2376 2378 2
2074 2378 2
2376 2379 2
3054 2379 1
2915 2379 1
2101 2379 6
4174 2379 1
2622 2380 1
2379 2380 6
2103 2380 8
2380 2381 8
2103 2381 8
2380 2382 8
2103 2382 8
2380 2383 8
2103 2383 8
2103 2384 8
2380 2384 8
2380 2385 8
2103 2385 8
2103 2386 8
2380 2386 8
2376 2387 2
2074 2387 3
2387 2388 3
2389 2388 3
2074 2389 3
2376 2390 2
1984 2390 2
2101 2391 2
2376 2391 2
2394 2393 1
2396 2394 1
2211 2394 1
3023 2394 1
2860 2394 1
2215 2394 1
3049 2395 1
2396 2395 5
3129 2395 1
2393 2395 1
4089 2395 1
2394 2396 3
2454 2396 1
1961 2397 1
2122 2398 3
2400 2399 1
2859 2400 1
2163 2400 1
2860 2400 1
2215 2400 1
2184 2400 1
3045 2401 1
2399 2401 1
14342 2401 1
2402 2401 5
2892 2401 1
2248 2402 3
14343 2402 2
2400 2402 2
2401 2403 5
4162 2403 1
2402 2403 6
2184 2404 6
2399 2404 1
4089 2404 1
2440 2404 1
2882 2404 1
2892 2404 1
4195 2405 1
2917 2405 1
2404 2405 6
3123 2405 1
2145 2405 11
3137 2405 1
2405 2406 11
1994 2406 11
2064 2407 1
1965 2408 1
2410 2409 1
2046 2410 1
1984 2410 1
2047 2410 1
1961 2410 1
2048 2410 1
1994 2411 2
2409 2411 1
2575 2411 1
2575 2412 1
2409 2412 1
2235 2412 2
2236 2413 1
1961 2414 1
1961 2415 1
2414 2415 1
2414 2416 1
1961 2416 28
3081 2416 12
2614 2416 18
2394 2418 1
2331 2419 3
2641 2419 1
2976 2419 1
2418 2419 1
3089 2421 2
2420 2421 1
2420 2422 1
2980 2422 3
14297 2422 2
2950 2423 3
3111 2423 2
2420 2423 1
2425 2424 2
3164 2424 1
2427 2426 1
1956 2427 1
1952 2427 1
2079 2427 1
2455 2427 1
2426 2428 1
3184 2428 7
3128 2428 1
3144 2428 1
2608 2428 1
14234 2428 3
1956 2428 17
14361 2428 3
14234 2429 3
1956 2429 30
14361 2429 3
14364 2429 19
3139 2429 1
3184 2429 7
4125 2429 1
2426 2429 1
2431 2430 1
2253 2431 1
2625 2431 1
1991 2431 1
1961 2431 1
2824 2431 1
2215 2431 1
1984 2431 1
2610 2432 1
4160 2432 1
2460 2432 1
2253 2432 10
2986 2432 1
11884 2432 1
3202 2432 1
4203 2432 1
2430 2432 1
3218 2432 1
2432 2433 10
1984 2433 10
2091 2434 1
2091 2435 1
2047 2436 1
2048 2436 1
2046 2436 1
2438 2437 1
3196 2438 3
2437 2439 1
2438 2439 2
2400 2440 1
2442 2441 2
3142 2441 1
3155 2443 1
2280 2444 2
2896 2444 1
11887 2445 1
2614 2445 18
2444 2445 2
1961 2445 21
2447 2446 1
2235 2447 1
1994 2447 1
2549 2447 1
2163 2447 1
2215 2447 1
2337 2447 1
1969 2447 1
1959 2447 1
2337 2448 2
2446 2448 1
14381 2449 1
2448 2449 2
4215 2449 1
4257 2449 1
4113 2449 1
2163 2449 14
14342 2449 1
14345 2449 7
2025 2450 4
3074 2450 3
2256 2451 1
1984 2451 7
14319 2451 4
2193 2451 2
2025 2451 3
1982 2452 1
2453 2454 3
2030 2456 1
2048 2457 1
2046 2457 1
2545 2458 1
2547 2459 4
2508 2459 1
2458 2459 1
3130 2459 1
2431 2460 1
2955 2461 1
2124 2461 1
2193 2461 1
14301 2461 3
2258 2461 1
2972 2461 2
2106 2462 1
2898 2463 1
2025 2463 2
2463 2464 2
1956 2464 2
2079 2465 2
2463 2465 2
1956 2466 2
2463 2466 2
2468 2467 3
2470 2469 1
2471 2470 3
2193 2470 4
4165 2471 1
2470 2471 6
2193 2471 3
14331 2471 1
2469 2471 1
3035 2471 1
2470 2471 5
14331 2472 1
2469 2472 1
4165 2472 1
4120 2472 1
2471 2472 6
3035 2472 1
2471 2472 5
2471 2473 6
2471 2473 5
4165 2473 1
3035 2473 1
2469 2473 1
14331 2473 1
4120 2473 1
2471 2474 3
4165 2474 1
2469 2474 1
3207 2475 1
2474 2475 3
2470 2475 4
2477 2476 1
2223 2477 1
2048 2477 1
2046 2477 1
2479 2478 1
2274 2479 1
2045 2480 1
2193 2481 1
2483 2482 1
2046 2483 1
2048 2483 1
2646 2484 1
2485 2484 3
2836 2484 1
2124 2485 2
2836 2485 1
3225 2485 1
14310 2485 7
4246 2485 1
2572 2485 3
3162 2485 1
3206 2485 1
2646 2485 1
14310 2485 8
2484 2486 3
14309 2486 1
3162 2486 1
2532 2486 3
2485 2486 9
4246 2486 1
3162 2487 1
2532 2487 3
4246 2487 1
2484 2487 3
2485 2487 7
14309 2487 1
2485 2487 10
4246 2488 1
2485 2488 10
3162 2488 1
2532 2488 3
2484 2488 3
2485 2488 7
14309 2488 1
2532 2489 3
2484 2489 3
3162 2489 1
4246 2489 1
2485 2489 9
14309 2489 1
2484 2490 3
2579 2490 3
2829 2490 2
2554 2490 1
2532 2490 3
2603 2490 13
2594 2490 13
2575 2490 1
3138 2490 1
2235 2490 32
11891 2490 1
2602 2490 13
3102 2490 2
2532 2491 3
14309 2491 1
2484 2491 3
2485 2491 8
3162 2491 1
3162 2492 1
2532 2492 3
2484 2492 3
4246 2492 1
2485 2492 9
14309 2492 1
2485 2493 8
14309 2493 1
2532 2493 3
2484 2493 3
3162 2493 1
2484 2494 3
2485 2494 7
2485 2494 11
2532 2494 3
3162 2494 1
4246 2494 1
14309 2494 1
2532 2495 3
14309 2495 1
2484 2495 3
3162 2495 1
2485 2495 7
2485 2495 10
4246 2495 1
2485 2496 7
2485 2496 10
2484 2496 3
2532 2496 3
14309 2496 1
3162 2496 1
14309 2497 1
4246 2497 1
2532 2497 3
3162 2497 1
2484 2497 3
2485 2497 9
14309 2498 1
2485 2498 9
2532 2498 3
3162 2498 1
2484 2498 3
4246 2498 1
2485 2499 8
3162 2499 1
2484 2499 3
2532 2499 3
14309 2499 1
4135 2500 1
14365 2500 2
14266 2500 3
2974 2500 1
2826 2500 1
2025 2500 9
1956 2501 9
2500 2501 9
2503 2502 1
2631 2503 3
2204 2504 3
14282 2504 1
2502 2504 1
2574 2505 6
2894 2505 1
2504 2505 3
2204 2505 10
2502 2506 1
2204 2506 1
2204 2507 1
2502 2507 1
2545 2508 1
1982 2509 1
2841 2510 1
2991 2510 1
2509 2510 1
2897 2510 1
1984 2510 18
3013 2510 1
2603 2510 13
2545 2511 1
14329 2512 1
2511 2512 1
2985 2512 1
2547 2512 4
2549 2513 7
4215 2513 1
4184 2513 1
2512 2513 4
2645 2514 1
4121 2514 1
2549 2514 23
14371 2514 1
4198 2514 1
4109 2514 1
3062 2514 1
3189 2514 1
2513 2514 7
2992 2514 1
11890 2514 1
11889 2514 1
4101 2514 1
3212 2514 1
2831 2514 1
4133 2514 1
2959 2514 1
1959 2515 1
2163 2515 1
2549 2515 1
2215 2515 1
2235 2515 1
2145 2515 1
2091 2515 1
2447 2516 1
2516 2517 1
2337 2517 2
14381 2518 1
4134 2518 1
2517 2518 2
2163 2518 5
4106 2518 1
2129 2519 1
2129 2520 1
2519 2520 1
2641 2521 1
3185 2521 1
2522 2521 3
2642 2522 1
3186 2522 1
3132 2522 2
2521 2523 3
2522 2523 4
2331 2524 6
2523 2524 4
2643 2524 4
2331 2525 6
2523 2525 4
2643 2525 4
2643 2526 4
2331 2526 6
2523 2526 4
2331 2527 6
2643 2527 4
2523 2527 4
2521 2528 3
2522 2528 4
2447 2529 1
2529 2530 1
2337 2530 4
2953 2530 1
11880 2530 1
3007 2530 1
2077 2531 1
3225 2532 1
2485 2532 3
3206 2532 1
2603 2533 13
2614 2533 18
2532 2533 3
1991 2533 34
2532 2534 3
2603 2534 13
1991 2534 39
3182 2534 8
2614 2534 18
2614 2535 18
1991 2535 39
3182 2535 8
2603 2535 13
2532 2535 3
2532 2536 3
1991 2536 34
2603 2536 13
2614 2536 18
2603 2537 13
3182 2537 8
1991 2537 39
2614 2537 18
2532 2537 3
2614 2538 18
1991 2538 34
2532 2538 3
2603 2538 13
3182 2539 8
2532 2539 3
1991 2539 39
2614 2539 18
2603 2539 13
2532 2540 3
1991 2540 21
2614 2540 18
2614 2541 18
1991 2541 34
2532 2541 3
2603 2541 13
2532 2542 3
1991 2542 34
2614 2542 18
2603 2542 13
4823 2543 3
2545 2544 1
2215 2545 1
2547 2545 1
1963 2545 1
1959 2545 1
1969 2545 1
1994 2545 1
1961 2545 1
2549 2545 1
2547 2546 4
2912 2546 1
3228 2546 1
2544 2546 1
2545 2547 12
14369 2548 1
2549 2548 6
2546 2548 4
2258 2549 2
2091 2549 1
2590 2549 1
14295 2549 3
2337 2549 2
2864 2549 2
2280 2549 3
2231 2549 7
14358 2549 2
14270 2549 4
2547 2549 16
2019 2549 3
2256 2549 3
14322 2549 26
2238 2549 2
2124 2549 1
2106 2549 1
2551 2550 3
14327 2552 1
2122 2553 3
14319 2554 1
2588 2555 7
11891 2555 1
3138 2555 1
4142 2555 1
2342 2555 11
2554 2555 1
3138 2556 1
2588 2556 7
4142 2556 1
2342 2556 11
2554 2556 1
11891 2556 1
2046 2557 1
2048 2557 1
2451 2558 1
2984 2559 1
2558 2559 1
3069 2559 1
3224 2559 7
4830 2559 10
2558 2560 1
4830 2560 2
3211 2560 1
2984 2561 1
3069 2561 1
4830 2561 3
2558 2561 1
2019 2562 2
3038 2562 1
2258 2563 3
2562 2563 2
2563 2564 3
2025 2564 4
2564 2565 4
1956 2565 4
1984 2566 1
2048 2566 1
2193 2567 1
14293 2568 1
3167 2569 1
14295 2569 3
2568 2569 1
2612 2570 1
3050 2570 1
3031 2570 3
4071 2570 1
2569 2570 3
4221 2570 1
1954 2570 10
4826 2573 1
2050 2574 6
2573 2574 1
3160 2574 1
3048 2574 1
3133 2574 1
4230 2574 1
14382 2575 1
2577 2576 1
2575 2576 1
2248 2577 3
14382 2577 1
2256 2578 1
2230 2579 3
3231 2579 1
3039 2579 1
2283 2580 1
1982 2581 1
4826 2582 1
2584 2583 4
3155 2584 1
2585 2584 7
2587 2586 1
2342 2588 7
2874 2588 2
4214 2588 1
2836 2588 1
2849 2588 1
2586 2588 1
4142 2589 1
4234 2589 1
3138 2589 1
2342 2589 10
2588 2589 7
2163 2590 1
2231 2590 1
2549 2590 1
1961 2590 1
1994 2590 1
2215 2590 1
2258 2590 1
14376 2592 1
2920 2593 1
2251 2593 12
2943 2593 1
4247 2593 1
3026 2593 1
3009 2593 1
3082 2593 1
4259 2593 1
4224 2593 1
2592 2593 1
4243 2593 1
4092 2593 1
2160 2594 13
2593 2594 12
2114 2595 13
2594 2595 13
2594 2596 13
2114 2596 13
2114 2597 13
2594 2597 13
2594 2598 13
2114 2598 13
2594 2599 13
2114 2599 13
2594 2600 13
2114 2600 13
2114 2601 13
2594 2601 13
2160 2602 13
2593 2602 12
2593 2603 12
2160 2603 13
2607 2606 1
2427 2608 1
2124 2609 1
2431 2610 1
2479 2611 1
2189 2612 1
2276 2613 2
3003 2613 1
3074 2614 3
3195 2614 1
4156 2614 1
3079 2614 1
3189 2614 1
4189 2614 1
4098 2614 1
11880 2614 1
2613 2614 2
4219 2614 1
11890 2614 1
2966 2614 1
1991 2614 18
2871 2614 1
2872 2614 1
1961 2615 18
2614 2615 18
2614 2616 18
1961 2616 18
2614 2617 18
1961 2617 18
1961 2618 18
2614 2618 18
2614 2619 18
1991 2619 18
2276 2620 3
4253 2620 1
2613 2620 2
2276 2621 2
2613 2621 2
2623 2622 1
3052 2626 2
11877 2626 2
2193 2627 1
2515 2632 1
4100 2633 1
2632 2633 1
2091 2633 3
14343 2634 1
14322 2635 1
14322 2636 1
2193 2637 1
14250 2638 1
3096 2639 1
14249 2639 2
2638 2639 1
3096 2640 1
2638 2640 1
14249 2640 2
2642 2641 1
2928 2642 1
2522 2642 1
2522 2643 4
2641 2643 1
3131 2643 2
2108 2644 1
14322 2645 1
2124 2646 1
3206 2647 1
2646 2647 1
3162 2647 1
4246 2647 1
3225 2647 1
2485 2647 6
2836 2647 1
1982 2825 1
14319 2826 1
3099 2827 1
2827 2828 1
1950 2828 2
2833 2828 1
1994 2829 2
3042 2829 1
2361 2830 1
14322 2831 1
2834 2833 1
2193 2835 1
2572 2836 1
2904 2837 1
4135 2837 1
2549 2837 4
2974 2837 1
1963 2838 1
1963 2839 1
2838 2839 1
2030 2840 1
1982 2841 1
2843 2842 1
2842 2843 1
2954 2844 1
2461 2844 2
2844 2845 2
2461 2845 2
2844 2846 2
2461 2846 2
2189 2847 1
1954 2848 7
3031 2848 3
4236 2848 1
2847 2848 1
2992 2848 1
14367 2849 1
2849 2850 1
2276 2850 2
14319 2851 1
2853 2852 1
2852 2854 1
2052 2854 1
2856 2855 1
2048 2856 1
2046 2856 1
2047 2856 1
2064 2857 1
2545 2858 1
3111 2861 1
2423 2862 1
2861 2862 1
2864 2863 1
2236 2865 1
3078 2866 1
14341 2867 1
2566 2868 1
14306 2869 1
14343 2870 1
2590 2871 1
14322 2872 1
2256 2873 1
2079 2874 2
4125 2874 1
2256 2876 1
1980 2877 2
2879 2878 1
2124 2880 1
2479 2881 1
2400 2882 1
2361 2883 1
1980 2884 2
2590 2885 1
2150 2886 1
2280 2887 1
14327 2888 1
2890 2889 1
3099 2891 1
2400 2892 1
14322 2893 1
3215 2894 1
4145 2895 1
14330 2895 5
2898 2895 1
3011 2895 1
4187 2895 1
2894 2895 1
2278 2896 1
1982 2897 1
3095 2898 1
2898 2899 1
2025 2899 2
2898 2900 1
2025 2900 2
2064 2903 1
14322 2904 1
2230 2905 1
2905 2906 1
2230 2906 1
2230 2907 1
2905 2907 1
2230 2908 1
2905 2908 1
2230 2909 1
2905 2909 1
2230 2910 1
2905 2910 1
2236 2911 1
2545 2912 1
2083 2913 1
2085 2914 2
2913 2914 1
2312 2915 1
2515 2917 1
3101 2918 1
2317 2919 1
14376 2920 1
2479 2921 1
2921 2922 1
4103 2922 1
2945 2922 1
3161 2922 3
2064 2923 1
2247 2924 1
2879 2925 1
3222 2926 1
2122 2927 3
14341 2929 1
2114 2930 1
1980 2932 2
2037 2932 5
14341 2933 1
2272 2934 1
2859 2935 3
2587 2936 1
2938 2937 1
3018 2938 3
14319 2939 1
2280 2940 1
2106 2941 1
2106 2942 1
14376 2943 1
2030 2944 1
2875 2945 1
2030 2947 1
2064 2948 1
14356 2949 3
14374 2949 3
2209 2951 1
2030 2952 1
2447 2953 1
2955 2954 1
2974 2956 1
2461 2956 4
4099 2956 1
2954 2956 1
2971 2956 1
2312 2957 1
1982 2958 1
14322 2959 1
2124 2961 1
1982 2962 1
2209 2963 1
2256 2966 1
14341 2967 1
2223 2968 1
2970 2969 1
2972 2971 1
2547 2973 1
2258 2974 1
2108 2975 1
2209 2976 1
3176 2977 1
2106 2978 1
2946 2979 1
2580 2981 1
4187 2982 1
2175 2982 2
14327 2983 1
2193 2984 1
2545 2985 1
2431 2986 1
2566 2987 1
2256 2988 1
4093 2989 1
2988 2989 1
2019 2989 2
14358 2990 1
2236 2991 1
14322 2992 1
2150 2993 1
14382 2994 1
2997 2996 1
2256 2998 1
14382 2999 1
2337 3000 1
2193 3001 1
2122 3002 3
14367 3003 1
2189 3004 1
2223 3005 1
3222 3006 1
2447 3007 1
14306 3008 1
14376 3009 1
2436 3010 1
2226 3011 1
2236 3013 1
2997 3014 1
2256 3015 1
3078 3016 1
3018 3017 3
14322 3019 1
3078 3020 1
14322 3021 1
2468 3022 3
3078 3024 1
2256 3025 1
14376 3026 1
2221 3027 1
2447 3028 1
2557 3029 1
14293 3030 1
3030 3031 1
14295 3031 3
4206 3031 1
11886 3033 1
2566 3034 1
2193 3035 1
14310 3036 1
3035 3036 1
2193 3037 1
2256 3038 1
2106 3039 1
4826 3040 1
2361 3041 1
1994 3042 1
2030 3043 1
2187 3044 1
14343 3045 1
2077 3046 1
14295 3047 1
1982 3048 1
2394 3049 1
2189 3050 1
2193 3051 1
14343 3053 1
2312 3054 1
2124 3055 1
3057 3056 2
3055 3056 1
2124 3057 1
3056 3058 2
3057 3058 2
3055 3059 1
3057 3059 1
3057 3060 1
3055 3060 1
3078 3061 1
14322 3062 1
4826 3063 1
3153 3064 1
2155 3065 1
11877 3066 1
2361 3067 1
2231 3068 1
2193 3069 1
3069 3070 1
14310 3070 1
14310 3071 1
3069 3071 1
3069 3072 1
14310 3072 1
2256 3073 1
3073 3074 1
3194 3074 1
2019 3074 3
2258 3075 13
3080 3075 7
2966 3075 1
3074 3075 3
2876 3075 1
4098 3075 1
2236 3076 1
3078 3077 1
2048 3078 1
2046 3078 1
2590 3079 1
4200 3080 1
2231 3080 7
4098 3080 1
3079 3080 1
4169 3080 1
2871 3080 1
2885 3080 1
3079 3081 1
2871 3081 1
2223 3081 12
2934 3081 1
4153 3081 1
4254 3081 1
3080 3081 7
4071 3081 1
14376 3082 1
2256 3084 1
2122 3085 3
2046 3086 1
2048 3086 1
2247 3088 1
2195 3090 1
3090 3091 1
2194 3091 2
3210 3091 1
3093 3092 3
14379 3094 1
2442 3095 2
3142 3095 1
14250 3096 1
14249 3097 1
3096 3097 1
3099 3098 1
3098 3100 1
2918 3100 1
3101 3100 1
3099 3100 1
3101 3100 3
4211 3100 1
3099 3101 1
3078 3101 1
4124 3101 1
3098 3102 1
3100 3102 2
1963 3103 13
3124 3103 9
3191 3103 1
3102 3103 2
4181 3103 1
1963 3104 12
3191 3104 1
3124 3104 9
3102 3104 2
3124 3105 9
1963 3105 12
3102 3105 2
3191 3105 1
3102 3106 2
3124 3106 9
4181 3106 1
1963 3106 13
3191 3106 1
3191 3107 1
4181 3107 1
3102 3107 2
1963 3107 13
3124 3107 9
3124 3108 9
1963 3108 11
3102 3108 2
2918 3109 1
3100 3109 3
4183 3109 1
3098 3109 1
3111 3110 1
2423 3111 1
2423 3112 1
3110 3112 1
2626 3113 1
3066 3114 1
1996 3114 2
3113 3114 1
3142 3115 1
2442 3115 2
3116 3117 3
3119 3118 3
14377 3121 1
14357 3123 1
3123 3124 1
2114 3124 9
3165 3124 2
3031 3124 3
3137 3124 1
4107 3124 1
3126 3124 3
3124 3125 9
2930 3125 1
2114 3125 10
3137 3126 1
14358 3126 3
3123 3126 1
2236 3127 1
2427 3128 1
2394 3129 1
2545 3130 1
3132 3131 2
3185 3131 1
3186 3132 1
2566 3133 1
14341 3134 1
2230 3135 2
3134 3135 1
2905 3135 1
2230 3136 2
3134 3136 1
2905 3136 1
14357 3137 1
2077 3138 1
2025 3139 1
3139 3140 1
1956 3140 1
4179 3141 1
2019 3141 3
3015 3141 1
2442 3143 2
3142 3143 1
2358 3144 1
3144 3145 1
2195 3145 1
2195 3146 1
3144 3146 1
3144 3147 1
2195 3147 1
3144 3148 1
2195 3148 1
2135 3149 1
4826 3150 1
1982 3151 1
3153 3152 1
1967 3153 1
2916 3153 1
2210 3153 1
2211 3153 1
2047 3153 1
2331 3153 1
2274 3153 1
2236 3154 1
4823 3155 3
14382 3157 1
2091 3158 3
2917 3158 1
4195 3158 1
2193 3159 1
2236 3160 1
2580 3161 1
2479 3161 1
2875 3161 1
14310 3162 1
2315 3163 1
14358 3165 2
4107 3165 1
14327 3166 1
14293 3167 1
2236 3168 1
3078 3169 1
3101 3170 1
3169 3170 1
3101 3171 1
3169 3171 1
2106 3172 1
2144 3174 1
3176 3175 1
4240 3177 1
14312 3177 6
2977 3177 1
4073 3177 1
4196 3177 1
3201 3177 1
3175 3177 1
2361 3178 1
3180 3179 1
1991 3180 1
2215 3180 1
1994 3180 1
14270 3180 1
1961 3180 1
2549 3180 1
4219 3181 1
4156 3181 1
14270 3181 4
3179 3181 1
2223 3182 8
4219 3182 1
4189 3182 1
4153 3182 1
4156 3182 1
3181 3182 4
2934 3182 1
2880 3183 1
2292 3183 2
2939 3184 1
2826 3184 1
2025 3184 7
3183 3184 2
4115 3184 2
3186 3185 1
2047 3186 1
2522 3186 1
2274 3186 1
2211 3186 1
2331 3186 1
2928 3186 1
3132 3186 1
2030 3187 1
14322 3189 1
2584 3190 4
14293 3191 1
4105 3192 1
3191 3192 1
14295 3192 2
2256 3194 1
2587 3195 1
2236 3197 1
1980 3198 2
2150 3200 1
3176 3201 1
2431 3202 1
4826 3203 1
2124 3204 1
1980 3205 2
2124 3206 1
2193 3207 1
2461 3208 3
2971 3208 1
3207 3208 1
2974 3208 1
2873 3209 1
2019 3209 2
2195 3210 1
14319 3211 1
14322 3212 1
14382 3213 1
3214 3215 3
4826 3216 1
2954 3217 1
14301 3217 3
2974 3217 1
2431 3218 1
2189 3219 1
14319 3220 1
3222 3221 1
2932 3222 1
2317 3222 1
1961 3222 1
1984 3222 1
2254 3222 1
2215 3222 1
2926 3223 1
4256 3223 1
4132 3223 1
3221 3223 1
2254 3223 6
3006 3223 1
1984 3224 7
3223 3224 6
2572 3225 1
3227 3226 3
2545 3228 1
3230 3229 1
2048 3230 1
2047 3230 1
2046 3230 1
3232 3231 1
14310 4061 1
3069 4061 1
14310 4062 1
3069 4062 1
14310 4063 1
3069 4063 1
14310 4064 1
3069 4064 1
3069 4065 1
4213 4065 1
14310 4065 2
2964 4066 1
4068 4067 1
3153 4069 1
2834 4071 1
1996 4072 1
4071 4072 1
3176 4073 1
2155 4074 1
14367 4075 1
2312 4076 1
14319 4078 1
2256 4082 1
2566 4083 1
14322 4084 1
14341 4085 1
3230 4087 1
2114 4088 1
4087 4088 1
2454 4089 1
2236 4090 1
14376 4092 1
2256 4093 1
2030 4094 1
14357 4095 1
4095 4096 1
14358 4096 1
14358 4097 1
2590 4098 1
2972 4099 1
2515 4100 1
14322 4101 1
2124 4102 1
2580 4103 1
14293 4105 1
14382 4106 1
14357 4107 1
14341 4108 1
14322 4109 1
2064 4110 1
3078 4111 1
2607 4112 1
14322 4113 1
2249 4114 1
4113 4114 1
2249 4115 2
4113 4115 1
2030 4116 1
3188 4117 1
2470 4120 1
14322 4121 1
14245 4122 1
14382 4123 1
2025 4125 1
2050 4126 2
4189 4126 1
2623 4127 1
4826 4128 1
2023 4129 1
14379 4130 1
11877 4131 1
3222 4132 1
14322 4133 1
14382 4134 1
2258 4135 1
2193 4136 1
2447 4137 1
2337 4138 2
4158 4138 1
4137 4138 1
3086 4140 1
14341 4141 1
2342 4142 1
2124 4143 1
14322 4144 1
3155 4145 1
4145 4146 1
2443 4146 1
1996 4147 1
4145 4147 1
4145 4148 1
1996 4148 1
4145 4149 1
1996 4149 1
4145 4150 1
1996 4150 1
4145 4151 1
1996 4151 1
4145 4152 1
2584 4152 1
2272 4153 1
4153 4154 1
2223 4154 1
2124 4155 1
3180 4156 1
2864 4157 1
2447 4158 1
1965 4159 1
2431 4160 1
14319 4161 1
2402 4162 1
2118 4163 1
2064 4164 1
2193 4165 1
3190 4166 1
2155 4167 1
1965 4168 1
2590 4169 1
3153 4171 1
2210 4172 1
4171 4172 1
2155 4173 1
2312 4174 1
2030 4175 1
2566 4176 1
14346 4177 1
2256 4179 1
1982 4180 1
2189 4181 1
3078 4182 1
3100 4183 1
2864 4184 1
2193 4185 1
2193 4186 1
3115 4187 1
4826 4188 1
2477 4189 1
14341 4190 1
2623 4191 1
2209 4192 1
2106 4193 1
2566 4194 1
2515 4195 1
3176 4196 1
2189 4197 1
14322 4198 1
2566 4199 1
2590 4200 1
4826 4201 1
2545 4202 1
2431 4203 1
2108 4204 1
14327 4205 1
14293 4206 1
14327 4207 1
2144 4208 1
2566 4209 1
4824 4210 1
4124 4211 1
2145 4212 1
2193 4213 1
2017 4214 1
2106 4215 1
2193 4216 1
14283 4217 1
2451 4218 1
3180 4219 1
2150 4220 1
3099 4221 1
1982 4222 1
14293 4223 1
14376 4224 1
14341 4225 1
14319 4226 1
3099 4227 1
14341 4228 1
2312 4229 1
2410 4230 1
2842 4231 1
2843 4232 1
4231 4232 1
14341 4233 1
2077 4234 1
2361 4235 1
14322 4236 1
4236 4237 1
1956 4237 1
2566 4238 1
2236 4239 1
3176 4240 1
2995 4241 1
4241 4242 1
2085 4242 1
14376 4243 1
2566 4244 1
2280 4245 1
2572 4246 1
14376 4247 1
3078 4248 1
14297 4249 1
2422 4250 1
4249 4250 1
2064 4251 1
2276 4253 1
2410 4254 1
2856 4255 1
3222 4256 1
14382 4257 1
14293 4258 1
14376 4259 1
14341 4824 2
3188 4824 1
2193 4824 3
4826 4825 1
2048 4826 1
1984 4826 1
2114 4827 2
4201 4827 1
4825 4827 1
2124 4828 1
2256 4829 1
2256 4830 1
2451 4830 16
3224 4830 7
3211 4830 1
4161 4830 1
1984 4830 7
2558 4830 1
3220 4830 1
3069 4830 1
14319 4830 1
2451 4830 2
2851 4830 1
4829 4830 1
2984 4830 1
2193 4830 2
14234 4831 3
2451 4831 18
4830 4831 16
3224 4832 7
4830 4832 12
2984 4832 1
3069 4832 1
4829 4832 1
4218 4832 1
2558 4832 1
2558 4833 1
4218 4833 1
4829 4833 1
3211 4833 1
4830 4833 4
2558 4834 1
4218 4834 1
4830 4834 6
3069 4834 1
4829 4834 1
2984 4834 1
3211 4834 1
2984 4835 1
3211 4835 1
2558 4835 1
4830 4835 5
4829 4835 1
3069 4835 1
4218 4836 1
2558 4836 1
4829 4836 1
4830 4836 3
2558 4837 1
4829 4837 1
4830 4837 2
2019 4838 2
4829 4838 1
11877 11876 1
4119 11877 1
1996 11877 1
4118 11877 1
2626 11877 1
11876 11878 1
4131 11878 1
2626 11878 2
2566 11879 1
2447 11880 1
2193 11881 1
14319 11882 1
2431 11884 1
2077 11885 1
2124 11887 1
2064 11888 1
14322 11889 1
14322 11890 1
14245 11891 1
4838 14234 2
2025 14234 3
2451 14235 3
14234 14235 3
14234 14236 3
2451 14236 3
2451 14237 3
14234 14237 3
2451 14238 3
14234 14238 3
2451 14239 3
14234 14239 3
2451 14240 3
14234 14240 3
14234 14241 3
2451 14241 3
14362 14242 7
3138 14242 1
4143 14242 1
14234 14242 3
11891 14242 1
2554 14242 1
2342 14242 22
2588 14242 7
14318 14242 1
14234 14243 3
2451 14243 3
14234 14244 3
2451 14244 3
2064 14246 1
2256 14247 1
14247 14248 1
3084 14248 1
4082 14248 1
4255 14248 1
1969 14248 5
3035 14249 1
3001 14249 1
3069 14249 1
14331 14249 1
14250 14249 8
14247 14249 1
14250 14249 9
3096 14249 1
2637 14249 1
2256 14249 1
2193 14250 5
2256 14250 1
3096 14251 1
2638 14251 1
14247 14251 1
14249 14251 9
14249 14251 8
14249 14252 8
3096 14252 1
2638 14252 1
14249 14252 9
14249 14253 8
14250 14253 8
2019 14254 2
14247 14254 1
14256 14255 1
2030 14257 1
14259 14258 1
4210 14259 1
3037 14259 1
2835 14259 1
2929 14259 1
4117 14259 1
14340 14259 1
3188 14259 1
4824 14259 7
14341 14259 2
4824 14259 1
4216 14259 1
2193 14259 3
4216 14260 1
3037 14260 1
4117 14260 1
2929 14260 1
2835 14260 1
14340 14260 1
14259 14260 8
14258 14260 1
4210 14260 1
2361 14261 1
1959 14262 4
2236 14263 1
4176 14264 1
14290 14264 1
2602 14264 13
14263 14264 1
1984 14264 19
3034 14264 1
4194 14264 1
11879 14264 1
3141 14265 3
2025 14265 4
3209 14266 2
2258 14266 3
14268 14267 1
14270 14269 1
3180 14270 3
2030 14271 1
2457 14272 1
4823 14273 3
2083 14274 1
2019 14275 3
4082 14275 1
3084 14275 1
2292 14276 3
14275 14276 3
3090 14277 1
2194 14277 2
14277 14278 2
2195 14278 3
3144 14278 1
2122 14281 3
14283 14282 1
2965 14283 1
2030 14284 1
2050 14286 1
2201 14287 1
14287 14288 1
2201 14288 1
2236 14290 1
3127 14291 1
3168 14291 1
14328 14291 8
14290 14291 1
3154 14291 1
1984 14291 12
14293 14292 1
1954 14293 1
2215 14293 1
1963 14293 1
2235 14293 1
2549 14293 1
14295 14293 1
1969 14293 1
1959 14293 1
4258 14294 1
14292 14294 1
14295 14294 2
14293 14295 9
14297 14296 1
2422 14297 1
14296 14298 1
2422 14298 1
2193 14299 1
14301 14300 3
3144 14300 1
14299 14300 1
2955 14301 1
2193 14301 1
2258 14301 1
2358 14301 1
2461 14302 5
2609 14302 1
14300 14302 3
2971 14302 1
3217 14303 3
14300 14303 3
14301 14303 6
3144 14304 1
3217 14304 3
14299 14304 1
14301 14304 5
14306 14305 1
14310 14309 1
2572 14310 3
2124 14310 2
2193 14310 4
14313 14312 2
3176 14312 6
3164 14312 1
14295 14314 2
4223 14314 1
2030 14315 1
14317 14316 1
14319 14318 1
2312 14320 1
14268 14321 1
1956 14322 1
1963 14322 1
1961 14322 1
1954 14322 1
1952 14322 1
1994 14322 1
2163 14322 1
2023 14322 1
2549 14322 1
1950 14322 1
2455 14322 1
2180 14322 1
2193 14325 1
14327 14326 1
1963 14327 1
2114 14327 1
3205 14327 1
1961 14327 1
2215 14327 1
2170 14327 1
1984 14327 1
1991 14327 1
2888 14328 1
14326 14328 1
3166 14328 1
2983 14328 1
2170 14328 8
2552 14328 1
4207 14328 1
4205 14328 1
2545 14329 1
2226 14330 1
3155 14330 1
3095 14330 1
3215 14330 1
3115 14330 1
2193 14331 1
14331 14332 1
3069 14332 1
14310 14332 2
14331 14333 1
3069 14333 1
14310 14333 2
2223 14334 1
3081 14335 12
14334 14335 1
2223 14335 19
3182 14335 8
2223 14336 4
3005 14336 1
2934 14336 1
2968 14336 1
14334 14336 1
3005 14337 1
14334 14337 1
4071 14337 1
2968 14337 1
2223 14337 4
3005 14338 1
2968 14338 1
2223 14338 3
14334 14338 1
3005 14339 1
2968 14339 1
14334 14339 1
2223 14339 3
14341 14340 1
2048 14341 1
2046 14341 1
14343 14342 1
2215 14343 1
14346 14343 1
2860 14343 1
2859 14343 1
2163 14343 1
4067 14344 1
14342 14344 1
2235 14344 3
2575 14344 1
2634 14345 1
14342 14345 1
14346 14345 7
4089 14345 1
2870 14345 1
3045 14345 1
3053 14345 1
2454 14346 1
14343 14346 5
14345 14347 7
1994 14347 7
14262 14348 1
14348 14349 1
14350 14349 1
14262 14350 1
14352 14351 3
2124 14353 1
14356 14354 3
14355 14354 3
2235 14357 1
1954 14357 1
2145 14357 1
2215 14357 1
14358 14357 1
2549 14357 1
1959 14357 1
14357 14358 4
2124 14359 1
2292 14360 2
14359 14360 1
2025 14361 3
14360 14361 2
3183 14362 2
14360 14362 2
4115 14362 2
14363 14362 7
2292 14363 4
2249 14363 2
3183 14364 2
2826 14364 1
2025 14364 19
3075 14364 13
14360 14364 2
4071 14365 1
2258 14365 2
14367 14366 1
2276 14368 7
14366 14368 1
2954 14368 1
2613 14368 2
2850 14368 2
2238 14369 1
2238 14370 1
14322 14371 1
14322 14372 1
14379 14373 3
14374 14373 3
2146 14375 1
2215 14376 1
1984 14376 1
1991 14376 1
3198 14376 1
2160 14376 1
2251 14376 1
1961 14376 1
14379 14378 1
4079 14379 1
3094 14380 1
14373 14380 3
4130 14380 1
14378 14380 1
14382 14381 1
2455 14382 1
1994 14382 1
2163 14382 1
2180 14382 1
