8394 8225 1
8251 8225 3
8237 8226 2
8403 8226 2
8244 8226 2
8227 8226 4
8400 8227 1
8236 8227 2
8225 8227 2
8372 8227 2
8227 8228 2
8403 8228 2
8400 8229 1
8400 8230 1
8229 8230 1
8267 8231 1
8232 8231 2
8229 8231 1
8400 8232 3
8229 8233 1
8400 8233 1
8394 8234 1
8234 8235 1
8236 8235 1
8394 8236 1
8251 8236 3
8234 8237 1
8236 8237 2
8234 8238 1
8239 8238 1
8397 8239 3
8394 8239 1
8225 8240 1
8234 8240 1
8234 8241 1
8225 8241 1
8373 8242 1
8234 8242 1
8374 8243 1
8234 8243 1
8234 8244 1
8372 8244 2
8234 8245 1
8372 8245 1
8374 8246 1
8393 8247 1
8246 8247 1
8249 8248 2
8250 8248 1
8283 8252 1
8284 8252 1
8285 8252 1
8397 8254 3
8401 8256 1
8256 8257 1
8401 8257 1
8256 8258 1
8401 8258 1
8256 8259 1
8401 8259 1
8256 8260 1
8401 8260 1
8256 8261 1
8401 8261 1
8256 8262 1
8401 8262 1
8256 8263 1
8401 8263 1
8265 8264 1
8369 8264 2
8400 8267 1
8274 8268 1
8269 8268 2
8400 8271 1
8227 8272 1
8271 8272 1
8232 8273 1
8271 8273 1
8387 8275 1
8277 8276 1
8275 8276 1
8387 8277 2
8277 8278 1
8275 8278 1
8396 8279 1
8396 8280 1
8279 8280 1
8387 8281 1
8281 8282 1
8277 8282 1
8265 8368 1
8369 8368 2
8371 8372 3
8394 8372 1
8394 8373 1
8371 8373 3
8394 8374 1
8371 8374 5
8253 8374 2
8374 8385 4
8387 8386 1
8388 8387 4
8389 8387 2
8391 8390 1
8393 8391 4
8267 8392 1
8390 8392 1
8393 8392 2
8374 8393 1
8400 8393 1
8391 8393 1
8388 8394 3
8397 8396 3
8399 8398 3
8393 8400 4
8402 8401 3
8225 8403 2
8234 8403 1
