5131 5130 5
6917 5130 14
5133 5130 3
11839 5130 4
5174 5130 3
5132 5131 28
6830 5131 46
5133 5132 79
14378 5134 1
14380 5134 1
14382 5135 1
14378 5135 1
14380 5136 1
14378 5136 1
14382 5137 1
14378 5137 1
14380 5138 1
14378 5138 1
14382 5139 1
14378 5139 1
14380 5140 1
14378 5140 1
14382 5141 1
14378 5141 1
11826 5142 4
6762 5144 1
14374 5145 1
5147 5146 1
5145 5146 1
14374 5147 1
14371 5147 4
5149 5148 1
5145 5148 1
14374 5149 1
5133 5149 3
5145 5150 1
5386 5150 1
5583 5150 5
5151 5150 8
11870 5151 2
14374 5151 2
6852 5151 1
11834 5151 5
9801 5152 1
10493 5152 1
5153 5152 5
10016 5152 1
10011 5152 1
5145 5152 1
14374 5153 8
6852 5153 1
6635 5153 3
5147 5154 1
5145 5154 1
5156 5155 1
5145 5155 1
6663 5156 5
6703 5156 5
6852 5156 1
14374 5156 3
5153 5156 2
9779 5156 1
5145 5157 1
10016 5157 1
5153 5157 2
10011 5158 1
5386 5158 1
6663 5158 5
5145 5158 1
10493 5158 1
5158 5159 5
5156 5159 8
9760 5159 2
9880 5159 1
5156 5160 6
5158 5160 5
9880 5160 1
9880 5161 1
5156 5161 6
5158 5161 5
5386 5162 1
5156 5162 5
5158 5162 5
10011 5163 1
5386 5163 1
5151 5163 8
10009 5163 2
5145 5163 1
6793 5164 8
5163 5164 8
5166 5165 2
5564 5165 1
5565 5166 1
5612 5167 1
9705 5167 1
5301 5167 1
5598 5167 1
9962 5167 1
11766 5167 7
5165 5167 2
5169 5168 4
5165 5168 2
5612 5168 1
5598 5168 1
5174 5169 3
5372 5169 2
14371 5169 4
5166 5169 2
9962 5170 1
5171 5170 5
5165 5170 2
5532 5170 1
9910 5170 1
5166 5171 2
6765 5171 1
6748 5171 2
5165 5172 2
5171 5172 2
5165 5173 2
5174 5173 3
5166 5174 2
11848 5175 4
5173 5175 3
5177 5176 4
5175 5176 4
11848 5177 4
5173 5178 3
5612 5178 1
5598 5178 1
5169 5178 5
5180 5179 3
5182 5181 4
11795 5183 1
11794 5183 4
6620 5184 1
5184 5185 4
6657 5186 1
6635 5187 2
5186 5187 1
6637 5188 2
5187 5188 2
5190 5189 1
5189 5191 1
6805 5191 2
9739 5191 1
5189 5192 1
6805 5192 1
5189 5193 1
5194 5193 1
5190 5194 1
10413 5194 1
9740 5194 1
5240 5195 2
5196 5195 2
5372 5195 2
9788 5195 1
5371 5195 2
5200 5199 8
5317 5199 6
11874 5200 6
5272 5200 1
5208 5200 2
9862 5200 1
5207 5200 2
5202 5201 1
9860 5202 1
5287 5202 1
5132 5203 1
5203 5204 1
10484 5204 1
5640 5204 1
5132 5204 3
6728 5207 2
5210 5209 4
5212 5211 1
5213 5211 1
11872 5214 1
9788 5215 1
6860 5215 1
5216 5215 2
5372 5215 1
5612 5215 1
5218 5217 3
5180 5219 3
5132 5220 4
5132 5221 4
5132 5222 4
5131 5223 5
5133 5223 3
5256 5223 2
5247 5223 4
5366 5223 2
5133 5224 3
5559 5224 1
6818 5224 6
5334 5225 5
5648 5225 1
5133 5225 3
5131 5225 5
5498 5225 2
5132 5226 4
11834 5226 5
5132 5227 4
5398 5227 3
6852 5228 1
6703 5228 5
11834 5228 5
6651 5229 2
5311 5229 2
11820 5229 3
6703 5229 5
6786 5229 3
5278 5230 2
11820 5230 3
6703 5230 5
5294 5231 2
6703 5231 5
6703 5232 5
5202 5232 1
5313 5232 1
5132 5233 4
6852 5233 1
5132 5234 4
5471 5235 1
5132 5235 4
5132 5236 4
5133 5237 3
6852 5238 1
5133 5238 3
5133 5239 3
6661 5239 4
5133 5240 3
5348 5240 1
5372 5240 2
6661 5241 4
5313 5242 1
6661 5242 4
6661 5243 4
5245 5244 1
5484 5245 1
5247 5246 2
5244 5246 1
5245 5247 7
5559 5247 2
5526 5248 2
5246 5248 2
5223 5248 4
5250 5249 4
5642 5249 2
5246 5249 2
5262 5250 2
5247 5250 2
5250 5251 2
5246 5251 2
5225 5252 1
5253 5252 2
5498 5252 1
9814 5252 1
9788 5252 1
5372 5254 2
5256 5255 2
9796 5255 1
9729 5256 1
6732 5257 2
5255 5257 2
9733 5258 2
5259 5258 4
5255 5258 2
5256 5259 2
14371 5259 4
5262 5259 2
9733 5260 2
5259 5260 4
5255 5260 2
5255 5261 2
5262 5261 2
5256 5262 8
5245 5262 3
11775 5264 1
11837 5265 4
5277 5266 2
5267 5266 2
5278 5266 2
9788 5266 1
5230 5266 2
14371 5268 4
5263 5269 3
11791 5269 8
5269 5270 5
5269 5271 5
9861 5272 1
6728 5272 2
5274 5273 4
5276 5275 3
9830 5277 1
5278 5277 2
9831 5278 1
5277 5279 2
5552 5279 2
10395 5279 1
9887 5279 1
6651 5279 6
5266 5280 2
5277 5280 2
5277 5281 2
6631 5281 2
11820 5282 3
5277 5282 2
5282 5283 3
5230 5283 3
5230 5284 3
5282 5284 3
10425 5285 2
5229 5285 8
5282 5285 3
9839 5285 3
5230 5286 3
5282 5286 3
5341 5288 1
14371 5288 4
5276 5289 3
6807 5290 4
6807 5291 4
6807 5292 4
5294 5293 2
5386 5293 1
6852 5294 1
5572 5294 2
5506 5294 1
5231 5295 2
5293 5295 2
5293 5296 2
5231 5296 2
5231 5297 2
5293 5297 2
5231 5298 2
5293 5298 2
5231 5299 2
5293 5299 2
5231 5300 2
5293 5300 2
6765 5301 1
9962 5302 1
5301 5302 1
11875 5302 2
5301 5303 1
11766 5303 1
5498 5305 2
5559 5305 7
5366 5305 2
11832 5307 1
14374 5308 2
5307 5308 1
5386 5309 1
9801 5309 1
5308 5309 2
5153 5309 8
9704 5309 2
11828 5311 1
5314 5313 2
5506 5313 1
9788 5315 1
5316 5315 2
9984 5315 1
5232 5315 1
5202 5315 1
11874 5317 6
5467 5317 4
9861 5320 1
5321 5320 2
5391 5320 7
11839 5322 7
6765 5322 1
5256 5323 2
5323 5324 2
5262 5324 2
5326 5325 1
5465 5326 4
11791 5327 4
9861 5328 1
5262 5328 2
5329 5328 2
11775 5330 1
5264 5331 2
5330 5331 1
9873 5332 3
5568 5332 3
10438 5332 1
5331 5332 2
6741 5332 12
9764 5332 1
5694 5332 2
5497 5333 2
5334 5333 5
9835 5333 1
9814 5333 1
5498 5334 4
5609 5334 2
5506 5334 1
5647 5335 1
5225 5335 6
5333 5335 5
5333 5336 5
5647 5336 1
5225 5336 6
5333 5337 5
5225 5337 6
5647 5337 1
5274 5338 4
5340 5339 5
5263 5340 3
14371 5340 8
5559 5340 2
5326 5341 1
5464 5341 1
5465 5341 1
6601 5342 1
5342 5343 1
6730 5343 1
5342 5344 1
6730 5344 1
6731 5345 1
5342 5345 1
5342 5346 1
6730 5346 1
5348 5347 1
5506 5348 1
9728 5348 2
5240 5349 1
5347 5349 1
5347 5350 1
5240 5350 1
5347 5351 1
5240 5351 1
5347 5352 1
5240 5352 1
5354 5353 3
6882 5355 2
9788 5355 1
5371 5355 2
5356 5355 2
5372 5355 2
14373 5357 3
6810 5359 1
5467 5360 4
5649 5360 1
5439 5360 2
5530 5360 2
5496 5360 3
6796 5360 18
5359 5360 1
9823 5360 1
9834 5360 3
10483 5360 1
11825 5361 4
9984 5362 1
11771 5362 3
5473 5362 1
6925 5363 3
5362 5363 3
9788 5364 1
5365 5364 2
6748 5364 1
9943 5364 1
6896 5364 1
5540 5366 1
5209 5367 1
5370 5369 2
5398 5369 3
5227 5369 3
9788 5369 1
9761 5369 3
5372 5371 2
9789 5371 1
9790 5372 1
11797 5372 1
5374 5373 3
5371 5373 2
5372 5374 6
5376 5375 7
5563 5375 4
5373 5375 3
9791 5376 2
9861 5376 1
5374 5376 7
5371 5377 2
5355 5377 2
5371 5378 2
5355 5378 2
5195 5379 2
5371 5379 2
5371 5380 2
5195 5380 2
6839 5381 2
11788 5381 2
9788 5381 1
5372 5381 2
5371 5381 2
5381 5382 2
5371 5382 2
5254 5383 2
5371 5383 2
5381 5384 2
5371 5384 2
6852 5386 1
6655 5387 1
5386 5387 1
5233 5388 1
5386 5388 1
14375 5389 1
5386 5389 1
5583 5390 5
5391 5390 7
5386 5390 1
6852 5391 1
11834 5391 5
5390 5392 7
5320 5392 7
5386 5393 1
5583 5393 5
5394 5393 7
11834 5394 5
6852 5394 1
5396 5395 7
5393 5395 7
5394 5396 7
9861 5396 1
5562 5396 2
5398 5397 7
5583 5397 5
5386 5397 1
11834 5398 5
6852 5398 1
5153 5398 2
5397 5399 7
5400 5399 7
9861 5400 1
5470 5400 2
5398 5400 7
5386 5401 1
5402 5401 2
5469 5402 5
6852 5402 1
11834 5402 5
5401 5403 2
5404 5403 2
5402 5404 10
5583 5405 5
6852 5405 1
11834 5405 5
5228 5405 6
9788 5405 1
5610 5405 2
5386 5405 1
5583 5406 5
5405 5406 6
5386 5406 1
5386 5407 1
5405 5407 6
5583 5407 5
5386 5408 1
5402 5408 6
5583 5408 5
5386 5409 1
5238 5409 1
5386 5410 1
5238 5410 1
9722 5411 5
5402 5411 9
5386 5411 1
5404 5412 9
5411 5412 9
11839 5414 4
10463 5414 1
5673 5414 4
6731 5414 4
9808 5414 1
5415 5414 4
9788 5415 1
5416 5415 4
11839 5415 4
6635 5417 2
5420 5419 1
9891 5421 1
6640 5421 5
5472 5421 1
5419 5421 1
10490 5421 1
9867 5421 1
5472 5422 1
10490 5422 1
9867 5422 1
6640 5422 5
9891 5422 1
5419 5422 1
9891 5423 1
5472 5423 1
5419 5423 1
9867 5423 1
6640 5423 5
10490 5423 1
5472 5424 1
10490 5424 1
9867 5424 1
9891 5424 1
6640 5424 5
5419 5424 1
5426 5425 2
5419 5425 1
5472 5425 1
5420 5426 2
14371 5426 4
6635 5426 2
5426 5427 2
5419 5427 1
5472 5427 1
6666 5428 1
14371 5428 4
5278 5429 1
6631 5430 1
5429 5430 1
14371 5431 4
5264 5431 2
5433 5432 3
5435 5434 2
9861 5434 1
5438 5437 1
6635 5439 2
5437 5439 1
5439 5440 2
6637 5440 3
5442 5441 3
5440 5441 3
5566 5442 2
6637 5442 4
5272 5442 1
5440 5443 3
6610 5443 3
9857 5444 2
9801 5444 1
9903 5444 1
6635 5444 11
5439 5444 2
5530 5444 2
9750 5444 2
5444 5445 11
6610 5445 11
6610 5446 11
5444 5446 11
6610 5447 11
5444 5447 11
5444 5448 11
6610 5448 11
6637 5449 2
5439 5449 2
10483 5450 1
6798 5450 3
5439 5450 2
6796 5451 2
5439 5451 2
11872 5454 1
5577 5455 1
5635 5455 1
10438 5455 1
9873 5455 3
9764 5455 1
5454 5455 1
11874 5455 10
9881 5455 1
9783 5455 1
5454 5456 1
6718 5456 2
9881 5456 1
11874 5457 2
5454 5457 1
9881 5457 1
11839 5458 4
5183 5460 1
11795 5461 3
5645 5461 1
5460 5461 1
5463 5462 3
5461 5462 3
11795 5463 3
5465 5464 4
11872 5467 4
5666 5467 1
9794 5467 1
5469 5468 13
9834 5468 3
5467 5468 4
5530 5468 2
5649 5468 1
5496 5468 3
14372 5469 2
6666 5469 1
5368 5469 1
5202 5469 3
6635 5469 2
11872 5469 4
5341 5469 3
6775 5471 3
5420 5472 1
5202 5473 1
9984 5474 1
5475 5474 2
5473 5474 1
5202 5475 2
9701 5475 1
6679 5476 2
9984 5476 1
5473 5476 1
5525 5477 2
6651 5477 5
10425 5477 2
5477 5478 5
6653 5478 5
11791 5480 4
14371 5481 4
5484 5483 1
5245 5485 2
5483 5485 1
5262 5486 6
10440 5486 1
9708 5486 1
5485 5486 2
9733 5486 2
5485 5487 2
9708 5487 1
5488 5487 3
14371 5488 4
5245 5488 3
5485 5489 2
11786 5489 2
5485 5490 2
9708 5490 1
5488 5490 3
5488 5491 3
5485 5491 2
9708 5491 1
5673 5492 4
5493 5492 11
9887 5492 1
5485 5492 2
9962 5492 1
9761 5492 3
5245 5493 2
11839 5493 4
5311 5493 1
6765 5493 1
5398 5493 3
5247 5494 2
5485 5494 2
5202 5496 4
10434 5496 1
5689 5496 1
5498 5497 2
5621 5497 1
5622 5498 1
11826 5500 4
11839 5501 1
9808 5502 1
5670 5502 1
5322 5502 4
9962 5502 1
5501 5502 1
5340 5503 5
5559 5503 2
11825 5504 4
6758 5507 2
5506 5507 1
9861 5509 1
5510 5509 2
5512 5511 2
5535 5511 1
9785 5512 3
5511 5513 2
5512 5513 2
6666 5514 1
5428 5515 1
5514 5515 1
5514 5516 1
6671 5516 1
5514 5517 1
5428 5517 1
6671 5518 1
5514 5518 1
5514 5519 1
5428 5519 1
5514 5520 1
6620 5520 1
5559 5522 1
5523 5522 2
9788 5522 1
5224 5522 1
9999 5522 1
11828 5524 1
5311 5525 2
5524 5525 1
5596 5526 1
5366 5526 2
5305 5527 7
9814 5527 1
5558 5527 2
10400 5527 1
9835 5527 1
5526 5527 2
11792 5528 2
5526 5528 2
6657 5529 1
5529 5530 1
6635 5530 2
5530 5531 2
6610 5531 2
6748 5532 1
5532 5533 1
5171 5533 1
5512 5535 1
5512 5536 1
5535 5536 1
11872 5537 1
5537 5538 1
11829 5538 1
11874 5539 1
5537 5539 1
5210 5540 4
5543 5542 3
9996 5544 1
5322 5544 2
5544 5545 2
5546 5545 3
5322 5546 2
11798 5547 3
5545 5547 3
5182 5550 4
5311 5551 1
5551 5552 1
6651 5552 2
5182 5553 4
14374 5554 1
5153 5555 1
5554 5555 1
5357 5556 1
5469 5556 5
14372 5556 1
11834 5556 5
5209 5557 1
5559 5558 2
5557 5558 1
5209 5559 1
5210 5559 1
5256 5560 1
5262 5561 1
5560 5561 1
9821 5563 2
5598 5563 1
5374 5563 4
5565 5564 1
6728 5566 2
5341 5567 2
9824 5567 1
6741 5568 3
5567 5568 2
10424 5569 1
5568 5569 3
6620 5569 4
11792 5570 1
5559 5570 1
9788 5570 1
5571 5570 2
9999 5570 1
5574 5573 1
5171 5574 4
5658 5574 2
5264 5577 1
5577 5578 1
5624 5578 2
5635 5578 1
5264 5578 1
5341 5578 1
9788 5578 1
6711 5578 2
5577 5579 1
5578 5579 2
5635 5579 1
5431 5580 2
5577 5580 1
10438 5580 1
5635 5581 1
5577 5581 1
5578 5581 2
5635 5582 1
6741 5582 3
5577 5582 1
11834 5583 5
5582 5583 3
10015 5583 1
9732 5584 1
10483 5584 1
9722 5584 5
5556 5584 11
5583 5584 5
5583 5585 5
9722 5585 5
6753 5585 10
9788 5586 1
5226 5586 5
5583 5586 5
9759 5586 2
11834 5586 5
5583 5587 5
5586 5587 5
5586 5588 5
5583 5588 5
5247 5589 2
9708 5589 1
5223 5590 2
5589 5590 2
5592 5591 2
5589 5591 2
5247 5592 2
9792 5592 2
9861 5592 1
5433 5593 3
6765 5594 1
11875 5594 5
14371 5594 4
5540 5596 1
5372 5598 1
5169 5599 2
5598 5599 1
5612 5599 1
5598 5600 1
6860 5600 1
6860 5601 1
5598 5601 1
5612 5602 1
5169 5602 2
5598 5602 1
5612 5603 1
5169 5603 2
5598 5603 1
5598 5604 1
6860 5604 1
5169 5605 2
5612 5605 1
5598 5605 1
5598 5606 1
6860 5606 1
5598 5607 1
5169 5607 2
5612 5607 1
5374 5608 1
5598 5608 1
9899 5611 2
5372 5612 1
5612 5613 1
5215 5613 1
5612 5614 1
5215 5614 1
5215 5615 1
5612 5615 1
5612 5616 1
5374 5616 1
5185 5617 1
11790 5618 5
5622 5621 1
10471 5623 1
6765 5623 1
6915 5623 1
6841 5623 4
9962 5623 1
9788 5625 1
14382 5625 1
5626 5625 2
9984 5625 1
5202 5625 1
14371 5627 4
5276 5628 5
5628 5629 4
5276 5630 3
5276 5631 3
5276 5632 3
5276 5633 3
5276 5634 3
5341 5635 1
5288 5636 1
5635 5636 1
5288 5637 1
5635 5637 1
5288 5638 1
5635 5638 1
5635 5639 1
5288 5639 1
5132 5640 1
6783 5641 1
5262 5642 2
10405 5642 1
5229 5643 1
5311 5643 1
5644 5643 2
9788 5643 1
9887 5643 1
11793 5645 1
5648 5647 1
5498 5648 2
6666 5649 1
9861 5651 1
5652 5651 2
14374 5654 1
5156 5654 1
5620 5654 2
10445 5654 1
9788 5654 1
6657 5655 1
11791 5656 4
5660 5659 3
5171 5662 1
5171 5663 1
5171 5664 1
5171 5665 1
5661 5666 1
5668 5667 2
9788 5667 1
5673 5667 4
5682 5667 4
11839 5667 4
11828 5669 1
11839 5670 1
9788 5671 1
6876 5671 2
5670 5671 1
6765 5671 1
11839 5671 1
9962 5671 1
9756 5671 2
5671 5672 2
5670 5672 1
9962 5672 1
9808 5673 1
11839 5673 4
10410 5673 1
5670 5673 1
6658 5674 4
5673 5674 4
5673 5675 4
9808 5675 1
6800 5675 4
5673 5676 4
9808 5676 1
6800 5676 4
9808 5677 1
6800 5677 4
5673 5677 4
9808 5678 1
5414 5678 4
5673 5678 4
5415 5679 4
9808 5679 1
5673 5679 4
5458 5680 4
9788 5680 1
5673 5680 4
9725 5680 2
11839 5680 4
5673 5681 4
5680 5681 4
11839 5682 4
5673 5683 4
5667 5683 4
9788 5684 1
11839 5684 4
6662 5684 4
5673 5684 4
5688 5684 2
5673 5685 4
5684 5685 4
5404 5686 4
5687 5686 2
9861 5686 1
5287 5689 1
5496 5690 3
11822 5690 4
5507 5692 1
5326 5693 1
5693 5694 1
5341 5694 2
9701 5695 1
6602 6601 2
5506 6601 1
6604 6603 3
6635 6603 4
6606 6605 6
6608 6607 7
6605 6607 6
6606 6608 6
5439 6609 2
11804 6609 9
10412 6609 1
9722 6609 5
6700 6609 42
6610 6609 57
6607 6609 7
6635 6610 13
6608 6610 7
9892 6610 1
6701 6610 42
11805 6610 9
5420 6610 5
6637 6610 3
6703 6610 5
5469 6610 6
6607 6611 7
6610 6611 22
9722 6611 5
11804 6611 9
9723 6611 6
6613 6612 7
6605 6612 6
6606 6613 6
6612 6614 7
6615 6614 7
6613 6615 7
6612 6616 7
6615 6616 7
6618 6617 6
6605 6617 6
6606 6618 6
5649 6619 1
5568 6619 3
6620 6619 6
6741 6620 3
5311 6620 1
9874 6620 3
6666 6620 4
6619 6621 5
6622 6621 8
9774 6621 2
10424 6621 1
5272 6622 1
6620 6622 7
6727 6622 2
6624 6623 2
11778 6623 1
6626 6625 1
5506 6626 1
11853 6626 2
6625 6627 1
6628 6627 1
6626 6628 1
6625 6629 1
6628 6629 1
10425 6630 2
6631 6630 5
5552 6630 2
6651 6631 4
5278 6631 3
6633 6632 5
6630 6632 5
9861 6633 1
6631 6633 5
5650 6633 2
6635 6634 2
5655 6634 1
6657 6635 9
5438 6635 1
6790 6635 1
6637 6636 3
6634 6636 2
5469 6637 2
6666 6637 1
11872 6637 4
6635 6637 22
5202 6637 3
14372 6637 2
5341 6637 3
6639 6638 3
6636 6638 3
6637 6639 3
6746 6640 2
9788 6640 1
6634 6640 2
5419 6640 1
5472 6640 1
9867 6640 1
6635 6640 2
9891 6640 1
5420 6640 5
6610 6640 7
10490 6640 1
9891 6641 1
9867 6641 1
6640 6641 7
10490 6641 1
6634 6641 2
5472 6641 1
5419 6641 1
6643 6642 2
6634 6642 2
6635 6643 2
6637 6644 2
6634 6644 2
5439 6645 2
9722 6645 5
9750 6645 2
6700 6645 42
10412 6645 1
9723 6645 6
6634 6645 2
6610 6645 55
11804 6645 9
6634 6646 2
9750 6646 2
5439 6646 2
10412 6646 1
11804 6646 9
6610 6646 16
9750 6647 2
6634 6647 2
6610 6647 16
10412 6647 1
11804 6647 9
5439 6647 2
6634 6648 2
6610 6648 2
9750 6649 2
6634 6649 2
6603 6649 4
10425 6650 2
6651 6650 3
5278 6651 2
5311 6651 5
6620 6651 1
6650 6652 3
6653 6652 3
6651 6653 6
9861 6653 1
6784 6653 2
6635 6654 1
5133 6654 3
6852 6655 1
5133 6655 3
6657 6656 4
6659 6658 2
5673 6658 4
11839 6658 4
5130 6658 4
9788 6658 1
6661 6660 4
11839 6662 4
6664 6663 2
5506 6663 1
6852 6663 1
14374 6663 3
6666 6665 2
10014 6665 1
9877 6666 1
6665 6667 2
5514 6667 1
6620 6667 7
9873 6667 3
9887 6667 1
6669 6668 6
6665 6668 2
9839 6668 3
6786 6669 3
5506 6669 1
6666 6669 2
5575 6669 2
5692 6670 1
9822 6670 1
6668 6670 6
6671 6670 8
5428 6671 1
6753 6671 4
6669 6671 6
6703 6671 5
5507 6671 1
6666 6671 1
6668 6672 6
6671 6672 8
5692 6672 1
9822 6672 1
6671 6673 8
9822 6673 1
5692 6673 1
6668 6673 6
5692 6674 1
5496 6674 3
6675 6674 11
6668 6674 6
5436 6675 2
6669 6675 6
5507 6675 1
5202 6675 3
5506 6675 1
5496 6676 3
6674 6676 11
6677 6676 11
5202 6677 3
6675 6677 11
6661 6677 4
6679 6678 11
6674 6678 11
6703 6679 5
6753 6679 4
5202 6679 2
6675 6679 11
5507 6679 1
5496 6680 3
6674 6680 11
6677 6680 11
5473 6681 1
9984 6681 1
6679 6681 13
6674 6681 11
5692 6681 1
6677 6682 11
6674 6682 11
6679 6683 11
6674 6683 11
6677 6684 11
6674 6684 11
6674 6685 11
6679 6685 11
6677 6686 11
6674 6686 11
6679 6687 11
6674 6687 11
6677 6688 11
6674 6688 11
6679 6689 11
6674 6689 11
6677 6690 11
6674 6690 11
6679 6691 11
6674 6691 11
6677 6692 11
6674 6692 11
6679 6693 12
5473 6693 1
6674 6693 11
6674 6694 11
6677 6694 11
11838 6695 1
5331 6695 2
9704 6695 2
9834 6695 2
6696 6695 32
9884 6695 1
9910 6695 1
10011 6695 1
5670 6695 1
5323 6695 1
5386 6695 1
5467 6695 3
5525 6695 2
5342 6695 1
9801 6695 1
5145 6695 1
6674 6695 11
14374 6696 4
6635 6696 5
6663 6696 5
9860 6696 1
6748 6696 3
6867 6696 6
6917 6696 14
6786 6696 3
5245 6696 2
11872 6696 4
5341 6696 3
6666 6696 1
5311 6696 2
9701 6696 1
6675 6696 11
6892 6696 10
5264 6696 2
6601 6696 1
11870 6696 2
11839 6696 4
6852 6696 1
5559 6696 2
5256 6696 2
6913 6696 10
6765 6696 2
11805 6696 9
6674 6697 11
6679 6697 11
6677 6698 11
6674 6698 11
6674 6699 11
6679 6699 11
11804 6700 9
6701 6700 42
9839 6700 3
5282 6700 3
5158 6700 5
6708 6700 14
9845 6700 1
6668 6700 6
14378 6700 1
6674 6700 11
6715 6700 17
11820 6701 3
6716 6701 17
6786 6701 3
6669 6701 6
11805 6701 9
6709 6701 14
5313 6701 1
6663 6701 5
6675 6701 11
6808 6701 1
6703 6702 42
6700 6702 42
5132 6703 28
6701 6703 42
6700 6704 42
6703 6704 42
6703 6705 42
6700 6705 42
6703 6706 42
6700 6706 42
6671 6707 7
5692 6707 1
6668 6707 6
5635 6708 1
9764 6708 1
6668 6708 6
5331 6708 2
5694 6708 2
6709 6708 14
5577 6708 1
5646 6709 2
5264 6709 3
6669 6709 6
5341 6709 4
5506 6709 1
6711 6710 14
6708 6710 14
5264 6711 2
5341 6711 2
6703 6711 5
6709 6711 14
6753 6711 4
6711 6712 15
6708 6712 14
10438 6712 1
6711 6713 14
6708 6713 14
6711 6714 15
10438 6714 1
6708 6714 14
6716 6715 17
9783 6715 1
5454 6715 1
6708 6715 14
11872 6716 2
5318 6716 2
6709 6716 14
5506 6716 1
6715 6717 17
9798 6717 1
6718 6717 18
6716 6718 17
6703 6718 5
5627 6718 1
11872 6718 3
6753 6718 4
6718 6719 18
9798 6719 1
6715 6719 17
6718 6720 18
6715 6720 17
9798 6720 1
9798 6721 1
6715 6721 17
5454 6721 1
6718 6721 18
6708 6722 14
6711 6722 14
6671 6723 6
6668 6723 6
6671 6724 7
5692 6724 1
6668 6724 6
6671 6725 7
5692 6725 1
6668 6725 6
5692 6726 1
6668 6726 6
6671 6726 7
6728 6727 2
6833 6729 47
6601 6730 1
6601 6731 1
6730 6731 4
11839 6731 4
5256 6732 2
5255 6732 2
6733 6732 2
5223 6732 2
9788 6732 1
6734 6735 3
6734 6736 3
6734 6737 3
6734 6738 3
6734 6739 3
6741 6740 5
9834 6740 3
5264 6741 4
5341 6741 9
9874 6741 3
6740 6742 5
6743 6742 7
6741 6743 5
11833 6743 2
5272 6743 1
6742 6744 7
5201 6744 1
5690 6744 4
6745 6744 32
5309 6744 8
5496 6744 4
6792 6744 3
5199 6744 8
5202 6745 5
6637 6745 3
6743 6745 7
11822 6745 4
5200 6745 8
5153 6745 8
6748 6747 2
5144 6747 1
6762 6748 1
6750 6749 2
6747 6749 2
6748 6750 8
6765 6750 1
6747 6751 2
6935 6751 2
6696 6751 21
5649 6751 1
10026 6751 2
6791 6751 2
9884 6751 1
10009 6751 2
5695 6751 1
5308 6751 2
5467 6751 1
9834 6751 1
5323 6751 1
10434 6751 1
9878 6751 2
5469 6753 5
11834 6753 5
9864 6754 1
6755 6754 2
5498 6755 4
5541 6755 1
6754 6756 2
6781 6756 4
6757 6756 6
11779 6757 2
6755 6757 6
9861 6757 1
6760 6759 4
6762 6761 1
10022 6763 1
11774 6763 1
5367 6763 1
11800 6763 1
11827 6763 1
5655 6763 1
6761 6763 1
9995 6763 1
10481 6763 1
10480 6763 1
10485 6763 1
11796 6763 1
9905 6763 1
11831 6763 1
10012 6763 1
9876 6763 1
10447 6763 1
9903 6763 1
5669 6763 1
9832 6763 1
5641 6763 1
9830 6763 1
9993 6763 1
9796 6763 1
5483 6763 1
10021 6763 1
10406 6763 1
5325 6763 1
9997 6763 1
10492 6763 1
10007 6763 1
9900 6763 1
6764 6763 32
11828 6764 2
5326 6764 2
6657 6764 3
11775 6764 3
6788 6764 1
5209 6764 2
5484 6764 2
9877 6764 1
11832 6764 3
11797 6764 2
6762 6764 3
6934 6764 2
6783 6764 2
6790 6764 1
9831 6764 1
9729 6764 2
6934 6765 1
6760 6766 4
6760 6767 4
6760 6768 4
6760 6769 4
6760 6770 4
6760 6771 4
6760 6772 4
6775 6774 3
5132 6776 4
6779 6778 2
5256 6778 4
6823 6778 12
5506 6778 1
6661 6780 4
9835 6781 1
5497 6781 2
6755 6781 4
6661 6782 4
6927 6785 2
6787 6786 2
5311 6786 2
5506 6786 1
6790 6789 1
6657 6790 4
6635 6791 2
6789 6791 1
6637 6792 3
6791 6792 2
5272 6793 1
5151 6793 9
9862 6793 1
6795 6793 2
6794 6793 2
6728 6794 2
5202 6796 3
5357 6796 1
6797 6796 3
6798 6796 4
6666 6796 1
11872 6796 4
6810 6796 1
6635 6796 4
5341 6796 3
6811 6796 1
6635 6798 2
5357 6798 1
6800 6799 1
11839 6800 4
14371 6800 4
6799 6801 1
6800 6801 1
6799 6802 1
6800 6802 1
6800 6803 1
6799 6803 1
6799 6804 1
6800 6804 1
10413 6805 1
5190 6805 1
9740 6805 1
6807 6806 4
6773 6808 2
5506 6808 1
6809 6810 1
5495 6810 2
6809 6811 1
5310 6811 2
5272 6812 1
6813 6812 2
6814 6812 2
9863 6812 1
6728 6814 2
10400 6815 1
9999 6815 1
6816 6815 7
5526 6815 2
5558 6815 2
5506 6816 1
5559 6816 4
5366 6816 2
5653 6816 2
6818 6817 7
6815 6817 7
5526 6817 2
5133 6818 7
6816 6818 7
5334 6818 5
5648 6818 1
5366 6818 2
5559 6818 1
5131 6818 9
5263 6818 3
5647 6819 1
6818 6819 13
6815 6819 7
5333 6819 5
5526 6820 2
6818 6820 7
6815 6820 7
5526 6821 2
6815 6821 7
6818 6821 7
9787 6822 1
9708 6822 1
6815 6822 7
6823 6822 12
5485 6822 2
5385 6823 2
5245 6823 4
6816 6823 7
5506 6823 1
6822 6824 12
6825 6824 12
5245 6825 3
5366 6825 2
5131 6825 5
5133 6825 3
6823 6825 12
5247 6825 4
6825 6826 15
6822 6826 12
5589 6826 2
5246 6826 2
6822 6827 12
6825 6827 12
10440 6828 1
6822 6828 12
5255 6828 2
9807 6828 1
6778 6828 17
6822 6829 12
6828 6829 17
6916 6829 14
6893 6829 18
6891 6829 10
5333 6829 5
6830 6829 46
5526 6829 2
6912 6829 10
6815 6829 7
5334 6830 5
6913 6830 10
5366 6830 2
6778 6830 17
6892 6830 10
6917 6830 14
6816 6830 7
6894 6830 18
6823 6830 12
5131 6831 46
6829 6831 46
6829 6832 46
6833 6832 47
6830 6833 46
6832 6834 47
6729 6834 47
5131 6835 46
6829 6835 46
5131 6836 46
6829 6836 46
5131 6837 46
6829 6837 46
5526 6838 2
5589 6838 2
5246 6838 2
6825 6838 15
6822 6838 12
5133 6839 3
6869 6839 8
5372 6839 2
10471 6840 1
6765 6840 1
6906 6840 1
6841 6840 4
9962 6840 1
6765 6841 1
9788 6841 1
6842 6841 6
5166 6843 2
6889 6843 9
5133 6843 7
6913 6843 10
6892 6843 10
5131 6843 9
6765 6843 1
6844 6845 3
6847 6848 3
6850 6849 1
6852 6851 2
6849 6851 1
6850 6852 1
6851 6853 2
6854 6853 4
5386 6853 1
6852 6854 3
6853 6855 4
6856 6855 4
6854 6856 4
10482 6856 2
9861 6856 1
9821 6857 2
5598 6857 1
5612 6857 1
6858 6857 5
5506 6858 1
5372 6858 4
5453 6858 2
6857 6859 5
6860 6859 5
5133 6860 3
5131 6860 5
5372 6860 2
5374 6860 3
6858 6860 5
6857 6861 5
6860 6861 5
6860 6862 5
6857 6862 5
6860 6863 5
6857 6863 5
6857 6864 5
6860 6864 5
6857 6865 5
6860 6865 5
6867 6866 6
6857 6866 5
6858 6867 5
5413 6867 2
5506 6867 1
5347 6868 1
6866 6868 6
6869 6868 8
6867 6869 6
5348 6869 1
5506 6869 1
5466 6869 2
6868 6870 8
6839 6870 8
6868 6871 8
6839 6871 8
6868 6872 8
6839 6872 8
6874 6873 9
6868 6873 8
5506 6874 1
6869 6874 8
5206 6874 2
6876 6875 9
6873 6875 9
11839 6876 1
6874 6876 9
5133 6876 3
6765 6876 1
9962 6877 1
6873 6877 9
6876 6877 10
6876 6878 10
9962 6878 1
6873 6878 9
6873 6879 9
6876 6879 9
6839 6880 8
6868 6880 8
6882 6881 6
6866 6881 6
5372 6882 2
5132 6882 4
5374 6882 3
6867 6882 6
6882 6883 6
6866 6883 6
6882 6884 6
6866 6884 6
6912 6885 10
6916 6885 14
11804 6885 9
5158 6885 5
6866 6885 6
6891 6885 10
6696 6885 33
9839 6885 3
5371 6886 2
6866 6886 6
6882 6886 9
5373 6886 3
6860 6887 8
5373 6887 3
6857 6887 5
5301 6888 1
9705 6888 1
6889 6888 9
6857 6888 5
9895 6888 1
6765 6889 3
6858 6889 5
14377 6889 2
5506 6889 1
5165 6890 2
6891 6890 10
6843 6890 13
6888 6890 9
6912 6890 10
6888 6891 9
6892 6891 10
5506 6892 1
6889 6892 9
5499 6892 2
5532 6893 1
9797 6893 1
6891 6893 10
5165 6893 2
6894 6893 18
9910 6893 1
9943 6893 1
11856 6893 1
5506 6894 1
6748 6894 5
6892 6894 10
5691 6894 2
5166 6894 2
6896 6895 18
6893 6895 18
5133 6896 3
5166 6896 2
5131 6896 5
6748 6896 4
6894 6896 18
6893 6897 18
6896 6897 18
6893 6898 18
6896 6898 18
6893 6899 18
6896 6899 18
6896 6900 18
6893 6900 18
6896 6901 18
9910 6901 1
5165 6901 2
6893 6901 18
5532 6901 1
6896 6902 18
6893 6902 18
6893 6903 18
6896 6903 18
6893 6904 18
6896 6904 18
6891 6905 10
6906 6905 10
5133 6906 3
6843 6906 6
6892 6906 10
6765 6906 1
6906 6907 10
6891 6907 10
6843 6908 11
6891 6908 10
6912 6908 10
6891 6909 10
6843 6909 12
6912 6909 10
9962 6909 1
6912 6910 10
6891 6910 10
6843 6910 11
6843 6911 11
6891 6911 10
6912 6911 10
6888 6912 9
6913 6912 10
6889 6913 9
5506 6913 1
5576 6913 2
6915 6914 10
6912 6914 10
6913 6915 10
6843 6915 6
5174 6915 3
6765 6915 1
5133 6915 3
6917 6916 14
5501 6916 1
6912 6916 10
10410 6916 1
9808 6916 1
9913 6917 2
6913 6917 10
5506 6917 1
11839 6917 3
5130 6918 14
6916 6918 14
6916 6919 14
5130 6919 14
6916 6920 14
5130 6920 14
9808 6921 1
5130 6921 19
5673 6921 4
5173 6921 3
6916 6921 14
6912 6922 10
5173 6922 3
6915 6922 13
6843 6923 10
6912 6923 10
6860 6924 5
6857 6924 5
11771 6925 3
6927 6926 1
10407 6927 1
5595 6927 2
6926 6928 1
6785 6928 1
9861 6929 1
6930 6929 2
9746 6931 1
6932 6931 2
6934 6933 1
6765 6935 2
6933 6935 1
5695 9702 1
5475 9702 1
6657 9703 1
6635 9704 2
9703 9704 1
6765 9705 1
5245 9708 1
9708 9709 1
9999 9709 1
10400 9709 1
9787 9709 1
5247 9709 4
5488 9710 1
9708 9710 1
9708 9711 1
6825 9711 1
9708 9712 1
6825 9712 1
6825 9713 1
9708 9713 1
9716 9715 2
9788 9715 1
9984 9715 1
5202 9715 1
6679 9715 1
9719 9718 2
5272 9718 1
6728 9719 2
11791 9720 4
5469 9721 2
9872 9721 1
9721 9722 2
5469 9722 5
9732 9722 2
9732 9723 2
5469 9723 6
9722 9723 5
6753 9724 5
9722 9724 5
6765 9726 1
9726 9727 1
11766 9727 1
9730 9731 1
9795 9731 2
14372 9732 2
9807 9733 1
5262 9733 2
9733 9734 2
5259 9734 2
5328 9735 2
9733 9735 2
9788 9737 1
9738 9737 2
9740 9739 1
11845 9741 2
9739 9741 1
10442 9741 1
10442 9742 1
9739 9742 1
6805 9742 2
9739 9743 1
10442 9743 1
6805 9743 2
10442 9744 1
9739 9744 1
5194 9744 2
9868 9747 1
5182 9747 2
9747 9748 2
11826 9748 2
9747 9749 2
5182 9749 2
6635 9750 2
10022 9750 1
9750 9751 2
5426 9751 2
6610 9752 2
9750 9752 2
9750 9753 2
5426 9753 2
5426 9754 2
9750 9754 2
5417 9755 2
9750 9755 2
5153 9760 2
10445 9760 1
5398 9761 3
9760 9761 2
9761 9762 3
5369 9762 3
5369 9763 3
9761 9763 3
5341 9764 1
6711 9765 2
10438 9765 1
9764 9765 1
6711 9766 2
9764 9766 1
10438 9766 1
9764 9767 1
10438 9767 1
6711 9767 2
6711 9768 2
10438 9768 1
9764 9768 1
6741 9769 2
10438 9769 1
9764 9769 1
6622 9774 2
6619 9774 1
6622 9775 3
9774 9775 2
10424 9775 1
9774 9776 2
6622 9776 3
10424 9776 1
9774 9777 2
10424 9777 1
6622 9777 3
14374 9779 2
14371 9779 4
6657 9780 4
9782 9781 3
11872 9783 1
5404 9784 4
5245 9787 1
9790 9789 1
6788 9794 1
9729 9796 1
6748 9797 1
5627 9798 1
11875 9799 5
6765 9799 1
14371 9799 4
6635 9801 1
9801 9802 1
9803 9802 1
6635 9803 1
14371 9803 4
9803 9804 1
9801 9804 1
9801 9805 1
6654 9805 1
9801 9806 1
6610 9806 1
5256 9807 1
11839 9808 1
9808 9809 1
6800 9809 1
9808 9810 1
5130 9810 1
9808 9811 1
5130 9811 1
9808 9812 1
5322 9812 1
5498 9814 1
9814 9815 1
5648 9815 2
9835 9815 1
5252 9816 1
9814 9816 1
9814 9817 1
5648 9817 2
9835 9817 1
6755 9818 1
9814 9818 1
11797 9820 1
9820 9821 1
5372 9821 2
5428 9822 1
6811 9823 1
5465 9824 1
6657 9825 1
5660 9826 3
5660 9827 3
9831 9830 1
6934 9832 1
5464 9833 1
9833 9834 1
5341 9834 3
5498 9835 1
5225 9836 1
9835 9836 1
9835 9837 1
6755 9837 1
10395 9839 1
6786 9839 3
9887 9839 1
9839 9840 3
5229 9840 3
5229 9841 3
9839 9841 3
5229 9842 3
9839 9842 3
9839 9843 3
5229 9843 3
5313 9845 1
5242 9846 1
9845 9846 1
5232 9847 1
9845 9847 1
5242 9848 1
9845 9848 1
5232 9849 1
9845 9849 1
5242 9850 1
9845 9850 1
5232 9851 1
9845 9851 1
9845 9852 1
5242 9852 1
5232 9853 1
9845 9853 1
5242 9854 1
9845 9854 1
9845 9855 1
5232 9855 1
9949 9857 1
6635 9857 2
6610 9858 2
9857 9858 2
5541 9864 1
9781 9865 1
9865 9866 1
11817 9866 1
5420 9867 1
5182 9868 1
5212 9869 1
5212 9870 1
9869 9870 1
5368 9872 1
9732 9873 1
9874 9873 3
9872 9873 1
14372 9874 1
5368 9874 1
11791 9875 4
9877 9876 1
10023 9878 1
5559 9878 2
9878 9879 2
5305 9879 2
9779 9880 1
11872 9881 1
9881 9882 1
6718 9882 1
6718 9883 1
9881 9883 1
5245 9884 2
9884 9885 2
5247 9885 2
5311 9887 1
5643 9888 1
9887 9888 1
9887 9889 1
5643 9889 1
9887 9890 1
6651 9890 1
5420 9891 1
14371 9892 4
11843 9893 1
11843 9894 1
6765 9895 1
11766 9896 1
9895 9896 1
5150 9898 1
6793 9898 1
5357 9899 1
6762 9900 1
6657 9903 1
6934 9905 1
5559 9907 1
9907 9908 1
5305 9908 1
6748 9910 1
9910 9911 1
5171 9911 1
5506 9914 1
5506 9915 1
5506 9916 1
5506 9917 1
5506 9918 1
5506 9919 1
5506 9920 1
5506 9921 1
5506 9922 1
5506 9923 1
5506 9924 1
5506 9925 1
5506 9926 1
5506 9927 1
5506 9928 1
5506 9929 1
5506 9930 1
5506 9931 1
5506 9932 1
5506 9933 1
5506 9934 1
5506 9935 1
5506 9936 1
5506 9937 1
5506 9938 1
5506 9939 1
5506 9940 1
5506 9941 1
5506 9942 1
6748 9943 1
9943 9944 1
5364 9944 1
9943 9945 1
6750 9945 1
6657 9949 1
5471 9952 1
9952 9953 1
5235 9953 1
5235 9954 1
9952 9954 1
9952 9955 1
5235 9955 1
9952 9956 1
5235 9956 1
9952 9957 1
5235 9957 1
5235 9958 1
9952 9958 1
5235 9959 1
9952 9959 1
9952 9960 1
5235 9960 1
5235 9961 1
9952 9961 1
6765 9962 1
5171 9963 1
9962 9963 1
11875 9964 1
9962 9964 1
6843 9965 1
9962 9965 1
11875 9966 1
9962 9966 1
9962 9967 1
11875 9967 1
9962 9968 1
6843 9968 1
9962 9969 1
6915 9969 1
9799 9970 1
9962 9970 1
6843 9971 1
9962 9971 1
11875 9972 1
9962 9972 1
6906 9973 1
9962 9973 1
5594 9974 1
9962 9974 1
6906 9975 1
9962 9975 1
9962 9976 1
5594 9976 1
6906 9977 1
9962 9977 1
9962 9978 1
5594 9978 1
9962 9979 1
5623 9979 1
6841 9980 1
9962 9980 1
6841 9981 1
9962 9981 1
6840 9982 1
9962 9982 1
9962 9983 1
6840 9983 1
5202 9984 1
11822 9985 1
9984 9985 1
9715 9986 1
9984 9986 1
6679 9987 1
9984 9987 1
6679 9988 1
9984 9988 1
9984 9989 1
6679 9989 1
9984 9990 1
5315 9990 1
9984 9991 1
5315 9991 1
5625 9992 1
9984 9992 1
6790 9993 1
11803 9994 1
5442 9994 1
6788 9995 1
11839 9996 1
11832 9997 1
5559 9999 1
10400 10000 1
5340 10000 2
9999 10000 1
5522 10001 1
9999 10001 1
5340 10002 2
9999 10002 1
10400 10002 1
5340 10003 2
9999 10003 1
10400 10003 1
10400 10004 1
9999 10004 1
5503 10004 2
9999 10005 1
5570 10005 1
9999 10006 1
5305 10006 1
5484 10007 1
11855 10008 1
11870 10009 2
10008 10009 1
14374 10011 1
11797 10012 1
9877 10014 1
6620 10015 1
14374 10016 1
9779 10017 1
10016 10017 1
10016 10018 1
5156 10018 1
10016 10019 1
9779 10019 2
10445 10019 1
9779 10020 2
10016 10020 1
10445 10020 1
9729 10021 1
6657 10022 1
5210 10023 1
6783 10025 1
11839 10026 2
10025 10026 1
5322 10027 2
10026 10027 2
5311 10395 1
10395 10396 1
5229 10396 1
6651 10397 1
10395 10397 1
10483 10398 1
9899 10398 2
5611 10399 2
10398 10399 2
5559 10400 1
5340 10401 1
10400 10401 1
10400 10402 1
6818 10402 1
6818 10403 1
10400 10403 1
10400 10404 1
5305 10404 1
5256 10405 1
5326 10406 1
11839 10410 1
5322 10411 1
10410 10411 1
9892 10412 1
5272 10416 1
5272 10417 1
5272 10418 1
5272 10419 1
5272 10420 1
5272 10421 1
5272 10422 1
5272 10423 1
6620 10424 1
6651 10425 2
10424 10425 1
10425 10426 2
6653 10426 2
10424 10427 1
5184 10427 1
5185 10428 1
5617 10429 1
10428 10429 1
6736 10430 1
10430 10431 1
6736 10431 1
10430 10432 1
6736 10432 1
9860 10434 1
5264 10438 1
10438 10439 1
5431 10439 1
5256 10440 1
10413 10442 1
6748 10443 1
6750 10444 1
10443 10444 1
14374 10445 1
10445 10446 1
5654 10446 1
11832 10447 1
9788 10448 1
9788 10449 1
9788 10450 1
9788 10451 1
9788 10452 1
9788 10453 1
9788 10454 1
9788 10455 1
9788 10456 1
9788 10457 1
9788 10458 1
9788 10459 1
9788 10460 1
9788 10461 1
9788 10462 1
9788 10463 1
9788 10464 1
9788 10465 1
9788 10466 1
9788 10467 1
9788 10468 1
9788 10469 1
9788 10470 1
9788 10471 1
9788 10472 1
9788 10473 1
9788 10474 1
9788 10475 1
9788 10476 1
9788 10477 1
9788 10478 1
11775 10480 1
6783 10481 1
5357 10483 1
5132 10484 1
5209 10485 1
6927 10486 1
6785 10487 1
10486 10487 1
5420 10490 1
11775 10492 1
14374 10493 1
11766 11765 3
6935 11765 2
5372 11766 2
6765 11766 7
5166 11766 2
11768 11767 3
11765 11767 3
11766 11768 3
9861 11768 1
5521 11768 2
9788 11769 1
11770 11769 2
5202 11771 2
6661 11773 4
11775 11774 1
9861 11776 1
11777 11776 2
6748 11781 1
9910 11782 1
9962 11782 1
11783 11782 6
5165 11782 2
5532 11782 1
11781 11782 1
6748 11783 3
6765 11783 1
5166 11783 2
11781 11784 1
11856 11784 1
9943 11784 1
11785 11784 3
14371 11785 4
6748 11785 3
5574 11785 1
11787 11786 2
6825 11786 2
5245 11786 2
5485 11786 2
9788 11786 1
11790 11789 5
11791 11790 8
6818 11792 6
5366 11792 2
5559 11792 1
5133 11792 3
11794 11793 4
11795 11793 1
11793 11795 1
5183 11795 1
11797 11796 1
5546 11798 3
9861 11798 1
11799 11798 2
6762 11800 1
6657 11801 1
11801 11802 1
6635 11802 3
5530 11803 2
5467 11803 4
5496 11803 3
9732 11803 2
5649 11803 1
9750 11803 2
11802 11803 3
9857 11803 2
6637 11803 32
9801 11803 1
9704 11803 2
9721 11803 2
5444 11803 11
9834 11803 3
11802 11804 3
9857 11804 2
9704 11804 2
11805 11804 9
9801 11804 1
6635 11805 8
5506 11805 1
9773 11805 2
5419 11806 1
6610 11806 12
11804 11806 9
5439 11806 2
6610 11807 10
11804 11807 9
10412 11807 1
6610 11808 10
10412 11808 1
11804 11808 9
11804 11809 9
10412 11809 1
6610 11809 10
6610 11810 10
10412 11810 1
11804 11810 9
11804 11811 9
6610 11811 10
10412 11811 1
9750 11812 2
10412 11812 1
5439 11812 2
11804 11812 9
5530 11812 2
6610 11812 16
9891 11813 1
11804 11813 9
5439 11813 2
6610 11813 12
6610 11814 9
11804 11814 9
6610 11815 9
11804 11815 9
9781 11817 1
11819 11817 3
11818 11817 3
5278 11820 2
11821 11820 2
5506 11820 1
11823 11822 2
5272 11822 1
5202 11822 4
6728 11823 2
11825 11824 4
11826 11825 4
5182 11826 2
11828 11827 1
6718 11829 1
11830 11829 2
9788 11829 1
11872 11829 1
5537 11829 1
11832 11831 1
6728 11833 2
6620 11834 1
6741 11834 3
11837 11836 4
11839 11838 1
6783 11839 1
11838 11840 1
11841 11840 1
11839 11841 1
11838 11842 1
11843 11842 1
11839 11843 1
11838 11844 1
11845 11844 1
9740 11845 1
5190 11845 1
11839 11845 1
10413 11845 1
11845 11846 2
11838 11846 1
5189 11846 1
5506 11848 1
11849 11848 2
5174 11848 3
6635 11850 2
9825 11850 1
5454 11851 1
11852 11851 5
11850 11851 2
9857 11851 2
11872 11852 1
6635 11852 4
11837 11854 4
6748 11856 1
9910 11857 1
5532 11857 1
9962 11857 1
9797 11857 1
11856 11857 1
6750 11857 5
11785 11858 1
11856 11858 1
11856 11859 1
6896 11859 1
11856 11860 1
5573 11860 1
9943 11860 1
11785 11860 3
11856 11861 1
5573 11861 1
9943 11861 1
11785 11861 3
11856 11862 1
6896 11862 1
11856 11863 1
5573 11863 1
11785 11863 3
9943 11863 1
11856 11864 1
9943 11864 1
5573 11864 1
11785 11864 3
9943 11865 1
11856 11865 1
11785 11865 3
5573 11865 1
6896 11866 1
11856 11866 1
9943 11867 1
11856 11867 1
11785 11867 2
9943 11868 1
11856 11868 1
11785 11868 2
6750 11869 1
11856 11869 1
11855 11870 1
11872 11871 1
5661 11872 1
6788 11872 1
11874 11873 1
11871 11873 1
5341 11874 2
5264 11874 2
11872 11874 9
9874 11874 3
14371 11875 8
6765 11875 2
14373 14372 3
11832 14374 1
6852 14375 1
5132 14375 4
11826 14376 4
6808 14378 1
14378 14379 1
14380 14379 1
6661 14380 4
6808 14380 1
14378 14381 1
14382 14381 1
5202 14382 1
6808 14382 1
6703 14382 5
