2570 1918 1
2544 2067 1
2519 2068 1
2067 2068 1
2453 2074 1
2434 2075 1
2570 2076 1
2485 2078 1
2078 2079 1
2365 2079 1
2311 2309 4
2599 2309 1
2310 2309 2
2453 2311 4
2313 2312 3
2315 2314 5
2314 2316 4
2314 2317 1
2319 2318 2
2599 2318 1
2320 2318 4
2391 2320 5
2322 2321 4
2338 2321 2
2324 2323 1
2784 2325 1
2589 2325 1
2528 2325 1
2624 2325 2
2415 2325 6
2610 2325 1
2398 2325 1
2758 2325 1
2591 2325 1
2669 2325 2
2323 2325 1
2326 2325 22
2726 2325 1
2508 2326 1
2570 2326 4
2600 2326 1
2389 2326 2
2453 2326 6
2534 2326 7
2592 2326 2
2391 2326 7
2456 2326 7
2428 2326 2
2416 2326 6
2434 2326 7
2382 2326 6
2387 2326 7
2436 2326 2
2590 2326 1
2781 2326 1
2548 2326 5
2507 2326 2
2324 2326 7
2659 2326 1
2326 2327 24
2325 2327 22
2314 2328 1
2329 2328 2
2315 2329 2
2331 2330 3
2333 2332 3
2335 2334 3
2338 2337 1
2321 2339 3
2489 2339 1
2962 2339 1
2337 2339 1
2340 2341 4
2341 2342 2
2341 2343 2
2341 2344 2
2341 2345 2
2341 2346 2
2341 2347 2
2341 2348 2
2341 2349 2
2340 2350 1
2340 2351 1
2340 2352 1
2340 2353 1
2340 2354 1
2340 2355 1
2340 2356 1
2340 2357 1
2340 2358 1
2340 2359 1
2361 2360 1
2327 2360 1
2326 2361 1
2327 2362 1
2361 2362 1
2599 2363 1
2364 2363 2
2365 2363 4
2485 2365 2
2498 2365 1
2367 2366 1
2502 2367 3
2367 2368 2
2366 2368 1
2368 2369 2
2367 2369 2
2371 2370 2
2070 2370 1
2340 2372 1
2373 2372 2
2375 2374 5
2374 2376 4
2377 2378 3
2510 2380 1
2379 2380 4
2382 2381 1
2326 2383 63
2635 2383 1
2655 2383 1
2761 2383 1
2729 2383 1
2550 2383 1
2546 2383 1
2511 2383 1
2601 2383 1
2556 2383 1
2425 2383 2
2474 2383 1
2676 2383 1
2727 2383 1
2075 2383 1
2788 2383 1
2455 2383 1
2074 2383 1
2386 2383 1
2688 2383 1
2625 2383 1
2647 2383 1
2433 2383 1
2562 2383 1
2681 2383 1
2769 2383 1
2656 2383 1
2667 2383 2
2786 2383 2
2698 2383 2
2076 2383 1
2774 2383 1
2658 2383 1
2477 2383 1
2643 2383 1
2670 2383 1
2665 2383 1
2533 2383 1
2602 2383 1
2381 2383 1
2710 2383 1
2704 2383 1
2553 2383 1
2390 2383 1
2744 2383 1
2452 2383 1
2685 2383 1
2628 2383 1
2536 2383 1
2732 2383 1
2958 2383 1
2674 2383 1
2734 2383 1
2776 2383 1
2700 2383 1
2629 2383 1
1918 2383 1
2753 2383 1
2466 2383 2
2385 2384 3
2387 2386 1
2517 2388 1
2388 2389 4
2391 2390 1
2390 2392 1
2320 2392 1
2434 2393 5
2599 2394 1
2707 2394 2
2393 2394 4
2396 2395 2
2572 2395 1
2611 2396 3
2666 2396 1
2375 2396 1
2395 2397 2
2576 2397 2
2396 2397 3
2324 2398 1
2340 2399 1
2400 2399 2
2402 2401 4
2315 2402 27
2309 2403 1
2405 2404 7
2403 2404 1
2766 2404 1
2660 2404 1
2497 2404 1
2722 2404 1
2687 2404 1
2754 2404 1
2498 2405 1
2485 2405 1
2309 2405 1
2541 2405 1
2496 2405 1
2472 2405 1
2394 2405 1
2402 2406 4
2651 2407 1
2408 2407 2
2410 2409 4
2411 2410 9
2599 2412 1
2414 2412 4
2413 2412 2
2472 2414 3
2485 2414 1
2416 2415 6
2419 2418 2
2340 2418 1
2422 2421 1
2421 2423 1
2424 2423 1
2422 2424 1
2387 2425 2
2497 2426 1
2427 2426 3
2425 2426 2
2498 2427 1
2387 2427 5
2429 2428 4
2324 2430 4
2432 2431 2
2651 2431 1
2434 2433 1
2433 2435 1
2393 2435 2
2655 2435 1
2451 2436 2
2645 2436 1
2439 2438 3
2340 2440 4
2402 2441 4
2402 2442 4
2402 2443 4
2402 2444 4
2402 2445 4
2402 2446 4
2402 2447 4
2402 2448 4
2402 2449 4
2402 2450 4
2453 2452 1
2452 2454 1
2311 2454 1
2456 2455 1
2455 2457 1
2458 2457 1
2456 2458 5
2459 2460 7
2460 2461 4
2460 2462 4
2459 2463 3
2340 2464 1
2465 2464 2
2387 2466 2
2466 2467 1
2427 2467 1
2468 2469 4
2472 2471 1
2599 2472 1
2742 2472 2
2500 2472 4
2471 2473 1
2957 2473 1
2414 2473 3
2687 2473 1
2434 2474 1
2474 2475 1
2393 2475 1
2391 2477 1
2320 2478 1
2477 2478 1
2463 2480 1
2756 2481 3
2782 2481 1
2482 2481 5
2763 2481 1
2480 2481 1
2463 2482 1
2540 2482 4
2764 2482 1
2480 2483 1
2482 2483 2
2763 2483 1
2485 2484 1
2503 2485 2
2427 2485 4
2599 2485 1
2484 2486 1
2365 2486 1
2488 2487 2
2651 2487 1
2321 2489 1
2651 2490 1
2491 2490 2
2651 2492 1
2493 2492 2
2534 2494 5
2598 2494 1
2495 2494 4
2504 2496 2
2494 2496 4
2599 2496 1
2498 2497 2
2642 2498 2
2458 2498 4
2599 2498 1
2734 2499 1
2497 2499 1
2500 2499 2
2498 2500 1
2382 2500 4
2497 2501 1
2365 2501 1
2361 2505 4
2506 2507 4
2324 2508 4
2382 2511 1
2361 2512 4
2612 2513 1
2514 2513 2
2331 2515 3
2331 2516 3
2544 2519 1
2518 2519 4
2324 2521 4
2523 2522 3
2525 2524 1
2333 2525 3
2525 2526 2
2524 2526 1
2527 2526 2
2524 2527 1
2525 2527 2
2324 2528 1
2530 2529 2
2612 2529 1
2341 2531 1
2532 2531 2
2340 2532 2
2534 2533 1
2533 2535 1
2494 2535 1
2534 2536 1
2494 2537 1
2536 2537 1
2764 2540 2
2539 2540 3
2542 2541 2
2543 2541 4
2599 2541 1
2548 2543 3
2545 2544 3
2456 2546 1
2546 2547 1
2458 2547 1
2456 2550 1
2612 2551 1
2552 2551 2
2382 2553 1
2500 2554 1
2553 2554 1
2479 2555 2
2651 2555 1
2382 2556 1
2500 2557 1
2556 2557 1
2955 2558 1
2559 2558 2
2561 2560 4
2456 2562 1
2458 2563 1
2562 2563 1
2566 2565 3
2341 2567 1
2440 2567 2
2507 2568 2
2779 2569 1
2326 2569 3
2568 2569 2
2571 2570 1
2506 2570 1
2396 2572 1
2572 2573 1
2396 2573 1
2396 2574 1
2572 2574 1
2396 2575 1
2572 2575 1
2572 2576 1
2396 2576 2
2572 2577 1
2396 2577 1
2340 2578 1
2579 2578 2
2410 2581 4
2410 2582 4
2584 2583 4
2585 2584 9
2588 2587 4
2324 2589 1
2322 2590 1
2324 2591 1
2593 2592 4
2333 2594 3
2571 2600 4
2548 2601 1
2391 2602 1
2667 2603 1
2320 2603 2
2602 2603 1
2507 2604 2
2568 2604 1
2507 2605 2
2604 2605 2
2606 2607 3
2609 2608 3
2324 2610 1
2691 2613 2
2612 2613 1
2612 2614 1
2720 2614 2
2639 2615 2
2612 2615 1
2073 2616 2
2612 2616 1
2664 2617 2
2612 2617 1
2612 2618 1
2684 2618 2
2612 2619 1
2678 2619 2
2621 2620 4
2315 2621 5
2324 2623 4
2389 2624 2
2570 2625 1
2584 2626 4
2584 2627 4
2434 2628 1
2434 2629 1
2393 2630 1
2629 2630 1
2340 2631 2
2324 2632 4
2453 2635 1
2363 2637 1
2363 2638 1
2637 2638 1
2456 2643 1
2645 2644 1
2436 2645 1
2644 2646 1
2436 2646 1
2391 2647 1
2568 2648 1
2507 2648 1
2340 2649 1
2650 2649 2
2672 2652 2
2651 2652 1
2739 2653 2
2651 2653 1
2434 2655 1
2453 2656 1
2656 2657 1
2311 2657 1
2659 2658 1
2394 2660 1
2341 2663 1
2440 2663 2
2534 2665 1
2391 2667 2
2667 2668 1
2320 2668 1
2436 2669 2
2570 2670 1
2340 2673 2
2456 2674 1
2700 2675 1
2674 2675 1
2458 2675 2
2534 2676 1
2676 2677 1
2494 2677 2
2698 2677 1
2361 2680 4
2590 2681 1
2515 2682 1
2682 2683 1
2515 2683 1
2592 2685 1
2485 2687 2
2453 2688 1
2688 2689 1
2311 2689 2
2074 2689 1
2693 2692 2
2341 2692 1
2340 2693 2
2341 2694 1
2695 2694 2
2340 2695 2
2516 2696 1
2516 2697 1
2696 2697 1
2534 2698 2
2698 2699 1
2494 2699 1
2456 2700 1
2340 2702 1
2703 2702 2
2548 2704 1
2534 2710 1
2673 2713 2
2341 2713 1
2520 2714 1
2714 2715 1
2747 2715 1
2716 2715 2
2520 2716 2
2565 2717 1
2717 2718 1
2565 2718 1
2496 2722 1
2330 2724 1
2330 2725 1
2724 2725 1
2600 2726 1
2548 2727 1
2727 2728 1
2543 2728 1
2387 2729 1
2072 2731 2
2730 2731 1
2548 2732 1
2732 2733 1
2543 2733 1
2382 2734 1
2736 2735 2
2340 2735 1
2650 2738 2
2340 2738 1
2341 2740 1
2631 2740 2
2387 2744 1
2744 2745 1
2427 2745 1
2520 2746 1
2520 2747 1
2746 2748 1
2747 2748 1
2746 2749 1
2747 2749 1
2472 2750 1
2472 2751 2
2750 2751 1
2770 2751 1
2750 2752 1
2414 2752 1
2453 2753 1
2472 2754 1
2763 2756 1
2767 2756 1
2540 2756 3
2756 2757 3
2482 2757 3
2508 2758 1
2460 2759 1
2460 2760 1
2759 2760 1
2382 2761 1
2761 2762 1
2500 2762 1
2764 2763 1
2541 2766 1
2764 2767 1
2427 2768 1
2466 2768 1
2391 2769 1
2472 2770 1
2517 2771 1
2771 2772 1
2388 2772 1
2434 2774 1
2774 2775 1
2393 2775 1
2548 2776 1
2543 2777 1
2776 2777 1
2326 2779 1
2340 2780 2
2540 2782 1
2782 2783 1
2482 2783 1
2324 2784 1
2428 2786 2
2781 2788 1
2412 2789 1
2412 2790 1
2789 2790 1
2780 2791 2
2341 2791 1
2419 2792 2
2340 2792 1
2651 2793 1
2651 2794 1
2651 2795 1
2651 2796 1
2651 2797 1
2651 2952 1
2651 2953 1
2651 2954 1
2472 2957 1
2592 2958 1
2960 2959 3
2338 2962 1
