9878 9873 1
9874 9873 3
9876 9875 3
9936 9877 1
9877 9879 2
9935 9879 1
9945 9880 1
9879 9880 2
9881 9880 5
9877 9881 2
9918 9881 1
9880 9882 5
9883 9882 5
9879 9882 2
9877 9883 2
9881 9883 5
9883 9884 5
9880 9884 5
9886 9885 3
9945 9885 1
9879 9885 2
9877 9886 2
9918 9886 1
9879 9887 2
9945 9887 1
9886 9887 3
9883 9889 1
9880 9889 1
9891 9890 4
9908 9891 1
9893 9892 4
9908 9893 1
9895 9894 3
9898 9897 3
9900 9897 3
9899 9897 3
9908 9901 1
9941 9901 1
9901 9902 4
9876 9903 3
9905 9904 3
9876 9906 3
9908 9907 3
9901 9909 2
9907 9909 1
9942 9909 1
9878 9910 1
9873 9911 1
9910 9911 1
9914 9913 3
9907 9915 1
9891 9915 1
9920 9916 4
9923 9918 2
9917 9918 1
9920 9919 2
9886 9920 4
9919 9921 2
9916 9921 2
9907 9922 1
9893 9922 1
9886 9924 4
9920 9925 2
9925 9926 2
9916 9926 2
9886 9927 4
9878 9930 1
9936 9930 1
9936 9931 1
9878 9932 1
9930 9933 1
9932 9933 1
9876 9934 3
9936 9935 1
9935 9937 1
9931 9937 1
9931 9938 1
9935 9938 1
9935 9939 1
9930 9939 1
9941 9942 1
9918 9945 1
