6717 6198 1
6504 6198 1
6720 6198 3
6717 6199 1
6720 6199 2
6508 6200 1
6588 6200 3
6199 6200 2
6201 6202 1
6203 6202 1
6204 6202 1
6268 6202 3
6329 6202 8
6774 6203 1
6202 6203 4
6202 6204 4
6774 6204 1
6202 6205 4
6774 6205 1
6586 6207 2
6587 6208 1
6582 6209 2
6399 6209 1
6544 6210 3
6209 6210 2
6544 6211 3
6209 6211 2
6594 6212 1
6693 6215 1
6217 6216 1
6219 6218 2
6372 6218 1
6216 6218 1
6217 6219 2
6454 6219 1
6222 6219 1
6219 6220 2
6216 6220 1
6311 6220 1
6222 6221 1
6204 6223 1
6223 6224 1
6267 6224 3
6202 6224 5
6376 6224 1
6659 6225 3
6258 6225 1
6536 6226 1
6257 6227 1
6659 6229 1
6640 6230 4
6608 6231 1
6232 6231 2
6233 6234 4
6582 6235 1
6697 6236 4
6360 6236 1
6238 6237 1
6588 6239 4
6327 6239 1
6328 6239 2
6496 6239 1
6237 6239 1
6237 6240 1
6379 6240 1
6629 6240 2
6237 6241 1
6621 6241 2
6243 6242 1
6245 6244 3
6375 6244 1
6242 6244 1
6493 6244 1
6243 6245 3
6536 6246 1
6529 6247 1
6538 6247 3
6246 6247 1
6768 6247 1
6238 6248 1
6252 6251 6
6465 6253 1
6400 6253 1
6251 6253 5
6649 6254 5
6672 6255 1
6565 6256 1
6649 6257 5
6542 6258 4
6511 6258 1
6507 6258 1
6330 6258 1
6544 6259 1
6563 6260 1
6500 6261 1
6542 6261 7
6260 6261 1
6317 6261 1
6446 6261 1
6771 6261 1
6384 6261 1
6718 6262 1
6327 6263 1
6262 6263 1
6264 6263 2
6718 6264 2
6720 6265 2
6262 6265 1
6327 6265 1
6575 6266 1
6266 6267 1
6268 6267 3
6514 6267 1
6272 6268 1
6575 6268 2
6603 6268 2
6202 6269 3
6267 6269 3
6267 6270 3
6271 6270 3
6268 6271 3
6272 6273 1
6590 6275 1
6592 6276 2
6275 6276 1
6380 6276 1
6544 6277 1
6279 6278 1
6359 6279 3
6279 6280 1
6278 6280 1
6679 6282 1
6536 6283 1
6582 6284 1
6222 6285 1
6287 6286 1
6286 6288 1
6649 6288 5
6486 6288 1
6531 6288 1
6534 6288 1
6700 6289 7
6414 6289 2
6288 6289 5
6531 6290 1
6486 6290 1
6286 6290 1
6291 6290 3
6494 6291 2
6287 6291 3
6455 6291 1
6649 6292 5
6563 6293 1
6222 6294 1
6299 6298 1
6550 6300 1
6580 6302 4
6649 6303 5
6693 6304 1
6649 6305 5
6565 6306 1
6565 6307 2
6544 6308 1
6654 6309 1
6594 6310 1
6217 6311 1
6299 6312 1
6312 6313 1
6544 6313 2
6316 6315 4
6563 6317 1
6321 6319 1
6320 6319 2
6565 6319 1
6629 6320 2
6619 6322 1
6322 6323 1
6619 6323 2
6720 6325 1
6508 6326 1
6588 6326 2
6325 6326 1
6718 6327 1
6327 6328 1
6720 6328 2
6542 6330 3
6341 6330 1
6362 6330 1
6544 6331 1
6611 6332 1
6761 6333 1
6611 6333 2
6332 6333 1
6377 6335 1
6342 6335 1
6582 6335 3
6590 6336 1
6767 6337 1
6479 6337 1
6758 6337 1
6519 6337 1
6397 6337 1
6748 6337 1
6592 6337 7
6336 6337 1
6565 6341 1
6590 6342 1
6592 6343 2
6479 6343 1
6342 6343 1
6544 6344 1
6654 6346 1
6222 6347 1
6682 6349 2
6608 6349 1
6355 6354 1
6359 6358 3
6707 6360 1
6360 6361 1
6697 6361 1
6563 6362 1
6366 6365 1
6368 6367 4
6491 6367 1
6741 6367 1
6365 6367 1
6387 6367 1
6205 6368 1
6366 6368 3
6563 6369 1
6654 6371 1
6222 6372 1
6544 6373 1
6412 6374 2
6261 6374 1
6659 6374 5
6243 6375 1
6203 6376 1
6693 6377 1
6672 6378 1
6238 6379 1
6590 6380 1
6580 6382 4
6565 6384 1
6654 6386 1
6366 6387 1
6222 6388 1
6391 6390 1
6390 6392 1
6468 6392 1
6391 6392 2
6654 6395 1
6544 6396 1
6590 6397 1
6693 6399 1
6222 6401 1
6544 6403 1
6542 6404 1
6406 6407 1
6261 6409 1
6576 6409 3
6412 6409 2
6544 6411 1
6358 6412 2
6506 6412 1
6672 6413 1
6700 6414 2
6485 6414 1
6416 6415 1
6675 6418 4
6565 6419 1
6420 6421 1
6540 6422 1
6609 6423 1
6544 6424 1
6316 6425 1
6536 6427 1
6236 6428 1
6430 6429 1
6428 6429 1
6236 6430 1
6428 6431 1
6697 6431 1
6697 6432 1
6428 6432 1
6563 6433 1
6544 6435 1
6672 6436 1
6550 6438 1
6697 6439 1
6697 6440 2
6439 6440 1
6471 6440 1
6538 6441 1
6439 6441 1
6439 6442 1
6538 6442 1
6652 6443 1
6700 6444 3
6485 6444 1
6443 6444 1
6700 6445 3
6444 6445 3
6563 6446 1
6563 6448 1
6541 6449 1
6659 6449 3
6251 6450 1
6450 6451 1
6251 6451 1
6450 6452 1
6251 6452 1
6251 6453 1
6450 6453 1
6455 6456 1
6455 6457 1
6455 6458 1
6583 6459 1
6583 6460 1
6459 6460 1
6459 6461 1
6583 6461 1
6222 6462 1
6580 6463 4
6563 6464 1
6629 6467 1
6391 6468 1
6391 6469 1
6468 6469 1
6222 6470 1
6697 6471 1
6473 6472 1
6471 6472 1
6697 6473 1
6545 6474 2
6471 6474 1
6534 6474 1
6672 6476 1
6418 6479 1
6479 6480 1
6748 6480 1
6481 6480 2
6418 6481 1
6672 6481 1
6481 6482 1
6479 6482 1
6565 6484 1
6652 6485 1
6287 6486 1
6565 6488 1
6366 6491 1
6416 6492 1
6243 6493 1
6573 6495 1
6238 6496 1
6619 6497 1
6565 6498 1
6222 6499 1
6563 6500 1
6222 6502 1
6718 6504 1
6693 6505 2
6358 6506 1
6565 6507 1
6588 6508 1
6588 6509 1
6508 6509 1
6561 6510 1
6563 6511 1
6404 6512 1
6541 6512 1
6575 6514 1
6483 6515 1
6515 6516 1
6619 6516 1
6515 6517 1
6619 6517 1
6590 6519 1
6689 6520 1
6555 6521 1
6520 6521 1
6520 6522 1
6555 6522 1
6672 6523 1
6540 6525 1
6573 6527 1
6716 6528 1
6527 6528 1
6697 6529 1
6287 6531 1
6291 6532 1
6531 6532 1
6563 6533 1
6454 6534 1
6536 6535 1
6577 6537 1
6538 6537 4
6427 6537 1
6768 6537 1
6535 6537 1
6550 6538 2
6697 6538 2
6536 6538 7
6540 6539 1
6542 6540 4
6306 6541 1
6762 6541 1
6525 6541 1
6614 6541 1
6539 6541 1
6419 6541 1
6764 6541 1
6602 6541 1
6771 6541 1
6210 6541 3
6676 6541 1
6533 6541 1
6566 6541 1
6293 6541 1
6317 6541 1
6403 6541 1
6422 6541 1
6277 6541 1
6606 6541 1
6750 6541 1
6308 6541 1
6396 6541 1
6763 6541 1
6433 6541 1
6435 6541 1
6448 6541 1
6542 6541 52
6600 6541 16
6373 6541 1
6307 6541 2
6424 6541 1
6543 6541 2
6544 6542 42
6563 6542 14
6565 6542 13
6540 6542 5
6312 6543 1
6544 6543 2
6679 6544 4
6299 6544 1
6582 6544 6
6565 6544 11
6693 6544 6
6546 6545 4
6454 6545 1
6316 6545 1
6697 6545 1
6545 6547 4
6425 6547 1
6425 6548 1
6545 6548 1
6545 6549 1
6425 6549 1
6550 6551 1
6551 6552 1
6768 6552 1
6615 6552 1
6553 6552 7
6571 6552 1
6438 6552 1
6749 6552 1
6300 6552 1
6550 6553 5
6561 6553 4
6520 6554 1
6555 6554 2
6689 6555 2
6587 6555 3
6554 6556 2
6557 6556 2
6555 6557 2
6559 6558 1
6561 6560 1
6510 6562 1
6560 6562 1
6553 6562 2
6542 6563 8
6563 6564 5
6542 6565 13
6563 6566 1
6568 6567 1
6567 6569 1
6570 6569 1
6568 6570 1
6561 6571 1
6654 6574 8
6236 6574 1
6542 6576 1
6358 6576 2
6536 6577 1
6577 6578 1
6283 6578 1
6226 6578 1
6710 6578 1
6439 6578 1
6427 6578 1
6438 6578 1
6538 6578 7
6580 6579 8
6581 6580 15
6584 6582 3
6590 6582 1
6631 6582 3
6583 6582 4
6693 6582 2
6544 6583 4
6586 6585 3
6587 6586 5
6588 6587 9
6689 6588 3
6720 6588 8
6238 6588 3
6718 6588 4
6590 6589 1
6760 6591 1
6216 6591 1
6592 6591 4
6311 6591 1
6589 6591 1
6217 6592 2
6590 6592 11
6672 6592 8
6418 6592 1
6594 6593 1
6593 6595 1
6212 6595 1
6310 6595 1
6596 6595 4
6598 6595 1
6455 6596 1
6594 6596 4
6206 6596 2
6594 6598 1
6582 6599 1
6284 6600 1
6544 6600 16
6505 6600 2
6680 6600 4
6304 6600 1
6215 6600 1
6692 6600 1
6235 6600 1
6335 6600 1
6599 6600 1
6751 6600 1
6215 6601 1
6692 6601 1
6505 6601 2
6284 6601 1
6751 6601 1
6235 6601 1
6599 6601 1
6304 6601 1
6335 6601 1
6544 6601 16
6680 6601 4
6684 6602 1
6331 6602 1
6747 6602 1
6411 6602 1
6259 6602 1
6542 6602 35
6484 6602 1
6211 6602 3
6256 6602 1
6464 6602 1
6498 6602 1
6344 6602 1
6683 6602 1
6313 6602 2
6488 6602 1
6601 6602 16
6369 6602 1
6712 6605 4
6604 6605 4
6631 6605 3
6544 6606 1
6608 6607 4
6609 6610 4
6250 6611 2
6609 6611 1
6536 6611 3
6563 6612 2
6214 6612 2
6612 6613 1
6540 6614 1
6561 6615 1
6617 6616 1
6497 6618 1
6515 6618 1
6619 6618 4
6616 6618 1
6617 6619 1
6483 6619 1
6237 6620 1
6621 6620 6
6618 6620 4
6238 6621 3
6619 6621 6
6621 6622 6
6620 6622 6
6620 6623 6
6621 6623 9
6379 6623 1
6323 6623 2
6620 6624 6
6248 6624 1
6241 6624 2
6621 6624 9
6621 6625 9
6624 6625 9
6616 6626 1
6627 6626 2
6617 6627 1
6229 6627 2
6646 6627 1
6626 6628 2
6630 6628 3
6629 6628 3
6238 6629 2
6631 6629 3
6627 6629 2
6626 6630 2
6631 6630 3
6627 6631 2
6668 6632 1
6630 6632 3
6769 6632 1
6633 6632 5
6356 6633 1
6357 6633 1
6353 6633 1
6352 6633 1
6299 6633 1
6669 6633 2
6350 6633 1
6351 6633 1
6354 6633 1
6631 6633 3
6679 6633 5
6630 6634 3
6582 6634 3
6605 6635 3
6630 6635 3
6637 6636 3
6630 6636 3
6631 6637 3
6630 6638 3
6637 6638 3
6640 6639 2
6626 6639 2
6627 6640 2
6640 6641 2
6626 6641 2
6643 6642 3
6626 6642 2
6752 6642 1
6657 6643 1
6627 6643 2
6645 6644 2
6626 6644 2
6627 6645 2
6659 6646 1
6646 6647 1
6649 6648 5
6650 6649 18
6454 6649 1
6287 6649 3
6565 6650 1
6612 6651 3
6654 6653 1
6395 6655 1
6386 6655 1
6371 6655 1
6653 6655 1
6428 6655 1
6746 6655 1
6309 6655 1
6773 6655 1
6574 6655 9
6346 6655 1
6656 6657 3
6659 6658 2
6358 6659 2
6542 6659 3
6374 6660 2
6449 6660 2
6225 6660 2
6661 6660 1
6659 6660 13
6686 6660 2
6658 6660 2
6659 6661 13
6660 6661 13
6660 6662 12
6659 6662 12
6664 6663 1
6666 6665 1
6663 6665 1
6664 6666 1
6669 6668 1
6672 6671 1
6671 6673 1
6592 6673 8
6255 6673 1
6479 6673 1
6378 6673 1
6523 6673 1
6476 6673 1
6436 6673 1
6413 6673 1
6378 6674 1
6255 6674 1
6476 6674 1
6671 6674 1
6413 6674 1
6436 6674 1
6523 6674 1
6675 6674 7
6672 6675 7
6544 6676 1
6579 6677 5
6679 6678 1
6584 6679 3
6583 6679 4
6605 6679 1
6679 6680 5
6678 6680 1
6282 6680 1
6740 6680 1
6298 6681 1
6633 6681 6
6680 6681 5
6544 6683 1
6563 6684 1
6684 6685 1
6446 6685 1
6542 6685 11
6384 6685 1
6293 6685 1
6448 6685 1
6317 6685 1
6771 6685 1
6762 6685 1
6307 6685 2
6659 6686 2
6689 6688 1
6237 6690 1
6717 6690 1
6688 6690 1
6508 6690 1
6379 6690 1
6588 6690 8
6198 6690 3
6504 6690 1
6520 6690 1
6555 6691 1
6688 6691 1
6693 6692 1
6583 6693 4
6584 6693 3
6590 6694 1
6592 6695 1
6694 6695 1
6649 6696 5
6236 6697 1
6544 6697 2
6700 6697 2
6707 6697 1
6698 6697 4
6699 6698 4
6467 6699 1
6701 6700 4
6702 6700 5
6649 6700 5
6652 6700 2
6513 6700 1
6704 6703 2
6492 6703 1
6416 6704 1
6415 6705 1
6499 6705 1
6401 6705 1
6388 6705 1
6502 6705 1
6285 6705 1
6221 6705 1
6470 6705 1
6294 6705 1
6706 6705 13
6703 6705 2
6462 6705 1
6347 6705 1
6222 6706 10
6416 6706 1
6704 6706 2
6699 6707 3
6689 6708 1
6262 6709 1
6508 6709 1
6708 6709 1
6588 6709 3
6536 6710 1
6710 6711 1
6611 6711 2
6246 6711 1
6579 6713 5
6573 6714 1
6527 6715 1
6716 6715 3
6495 6715 1
6714 6715 1
6455 6716 1
6573 6716 3
6281 6716 2
6718 6717 1
6717 6719 1
6720 6719 2
6718 6720 4
6587 6720 3
6588 6721 3
6719 6721 2
6508 6721 1
6534 6722 1
6219 6722 1
6608 6723 1
6608 6724 1
6608 6725 1
6608 6726 1
6608 6727 1
6608 6728 1
6536 6737 1
6737 6738 1
6611 6738 1
6737 6739 1
6611 6739 1
6605 6740 1
6205 6741 1
6257 6743 1
6227 6744 1
6743 6744 1
6654 6746 1
6544 6747 1
6672 6748 1
6550 6749 1
6544 6750 1
6693 6751 1
6657 6752 1
6752 6753 1
6754 6753 1
6657 6754 1
6752 6755 1
6756 6755 1
6657 6756 1
6590 6758 1
6590 6760 1
6611 6761 1
6544 6762 1
6565 6763 1
6540 6764 1
6572 6765 1
6572 6766 1
6765 6766 1
6590 6767 1
6550 6768 1
6669 6769 1
6565 6771 1
6650 6772 1
6771 6772 1
6654 6773 1
6201 6774 1
