14576 12982 1
14697 12982 1
14477 12984 1
14355 14354 4
14357 14356 1
14371 14357 1
14441 14358 3
14665 14358 1
14579 14358 1
14381 14358 3
14664 14358 1
14689 14358 1
14356 14358 1
14609 14358 3
14461 14358 1
14359 14358 17
14671 14358 1
14492 14358 1
14391 14359 1
14357 14359 1
14560 14359 1
14382 14359 3
14630 14359 1
14559 14359 1
14416 14359 1
14362 14359 3
14369 14359 1
14427 14359 1
14507 14359 1
14442 14359 3
14380 14360 1
14359 14360 19
14358 14360 17
14624 14361 1
14362 14361 2
14509 14362 1
14544 14362 1
14448 14363 1
14435 14363 3
14364 14363 9
14428 14363 1
14579 14363 1
14361 14363 2
14671 14363 1
14391 14364 1
14436 14364 3
14429 14364 1
14362 14364 2
14449 14364 1
14559 14364 1
14361 14365 2
14366 14365 3
14362 14366 5
14365 14367 3
14368 14367 3
14366 14368 3
14362 14368 4
14371 14370 1
14373 14372 1
14370 14372 1
14371 14373 1
14478 14373 4
14375 14373 2
14375 14374 1
14370 14374 1
14598 14375 1
14371 14375 1
14370 14376 1
14377 14376 1
14371 14377 1
14377 14378 1
14370 14378 1
14359 14380 1
14677 14381 1
14382 14381 3
14681 14381 1
14509 14382 1
14460 14382 4
14492 14383 1
14381 14383 3
14359 14383 10
14689 14383 1
14664 14383 1
14671 14383 1
14441 14383 3
14671 14384 1
14381 14384 3
14665 14384 1
14359 14384 12
14441 14384 3
14579 14384 1
14492 14384 1
14664 14384 1
14689 14384 1
14496 14386 1
14387 14386 4
14519 14387 3
14390 14389 4
14392 14391 4
14364 14391 4
14393 14391 4
14362 14393 3
14382 14393 1
14391 14393 1
14442 14393 1
14559 14393 1
14395 14394 1
14696 14396 1
14397 14396 3
14394 14396 1
14379 14397 1
14395 14397 1
14368 14397 1
14362 14397 3
14396 14398 3
14399 14398 3
14397 14399 3
14399 14400 3
14396 14400 3
14402 14401 2
14696 14401 1
14394 14401 1
14362 14402 3
14395 14402 1
14379 14402 1
14368 14402 1
14406 14405 2
14554 14405 1
14519 14406 1
14408 14407 2
14405 14407 2
14406 14408 2
14405 14409 2
14408 14409 2
14405 14410 2
14408 14410 2
14405 14411 2
14563 14411 1
14547 14411 1
14461 14411 1
14412 14411 11
14626 14411 1
14426 14411 1
14681 14411 1
14671 14411 1
14659 14411 2
14440 14412 1
14382 14412 1
14544 14412 1
14368 14412 1
14423 14412 1
14560 14412 1
14369 14412 1
14551 14412 1
14414 14412 3
14553 14412 1
14522 14412 1
14436 14412 1
14362 14412 3
14359 14412 1
14458 14412 2
14449 14412 1
14427 14412 2
14541 14412 1
14630 14412 1
14406 14412 2
14559 14412 1
14386 14412 2
14391 14413 4
14393 14414 4
14560 14414 1
14553 14415 1
14417 14416 2
14490 14416 1
14419 14418 1
14535 14419 4
14418 14420 1
14419 14420 1
14423 14422 4
14424 14425 3
14427 14426 1
14429 14428 1
14670 14429 1
14432 14431 1
14431 14433 1
14434 14433 1
14432 14434 1
14442 14434 1
14480 14435 1
14436 14435 3
14431 14435 1
14481 14436 1
14432 14436 1
14435 14437 3
14438 14437 4
14436 14438 4
14440 14439 4
14437 14439 4
14438 14440 4
14431 14441 1
14442 14441 3
14524 14441 1
14479 14442 4
14432 14442 1
14431 14443 1
14444 14443 2
14502 14443 1
14432 14444 1
14503 14444 1
14431 14445 1
14444 14445 1
14444 14446 1
14431 14446 1
14449 14448 1
14451 14450 4
14387 14453 4
14455 14454 2
14502 14454 1
14503 14455 1
14454 14456 2
14455 14456 2
14457 14458 4
14544 14460 1
14369 14461 1
14463 14462 1
14462 14464 1
14463 14464 1
14468 14465 3
14466 14465 4
14678 14466 1
14467 14466 10
14423 14469 1
14599 14470 1
14501 14470 2
14543 14470 1
14547 14470 1
14469 14470 1
14654 14470 1
14665 14470 1
14628 14470 1
14528 14470 1
14412 14470 11
14692 14470 1
14399 14472 4
14473 14474 3
14468 14475 3
14466 14475 4
14466 14476 4
14468 14476 3
14468 14477 3
14466 14477 4
14560 14478 1
14414 14478 3
14481 14479 1
14680 14479 1
14481 14480 1
14483 14482 1
14482 14484 1
14485 14484 2
14691 14484 1
14483 14485 1
14485 14486 2
14691 14486 1
14482 14486 1
14412 14487 4
14379 14488 1
14488 14489 1
14379 14489 1
14416 14492 1
14416 14493 1
14492 14493 1
14387 14494 4
14497 14496 4
14560 14497 1
14414 14497 4
14449 14498 1
14628 14499 1
14609 14499 3
14599 14499 1
14498 14499 1
14668 14499 3
14659 14499 2
14412 14499 9
14496 14500 1
14386 14501 2
14500 14501 1
14503 14502 1
14502 14504 1
14455 14504 1
14506 14505 3
14677 14508 1
14509 14508 2
14508 14510 2
14621 14510 2
14511 14510 4
14357 14511 2
14509 14511 2
14506 14514 3
14387 14515 4
14387 14516 4
14519 14518 1
14364 14519 4
14387 14520 1
14518 14520 1
14506 14521 3
14497 14522 4
14423 14523 4
14442 14524 1
14524 14525 1
14609 14525 3
14671 14525 1
14393 14525 7
14681 14525 1
14579 14525 1
14434 14526 1
14524 14526 1
14355 14527 4
14440 14528 1
14458 14529 1
14529 14530 1
14531 14530 2
14643 14530 1
14569 14531 1
14458 14531 1
14536 14535 4
14607 14535 1
14689 14537 1
14540 14537 1
14547 14537 1
14654 14537 1
14659 14537 2
14412 14537 8
14360 14537 1
14694 14537 1
14360 14538 1
14540 14538 1
14609 14538 3
14668 14538 3
14547 14538 1
14689 14538 1
14659 14538 2
14412 14538 11
14599 14538 1
14541 14540 1
14608 14541 2
14584 14541 2
14544 14543 1
14522 14547 1
14506 14548 3
14475 14549 1
14549 14550 4
14549 14551 4
14549 14552 4
14519 14554 1
14554 14555 1
14387 14555 1
14364 14559 1
14393 14559 1
14392 14559 1
14391 14562 4
14551 14563 1
14563 14564 1
14551 14564 1
14566 14565 2
14563 14565 1
14674 14565 1
14551 14566 1
14476 14566 1
14477 14566 1
14674 14567 1
12984 14567 1
14563 14567 1
14566 14567 3
14570 14569 2
14650 14569 1
14571 14569 2
14649 14569 1
14458 14569 2
14659 14572 2
14362 14572 3
14368 14573 3
14572 14573 3
14575 14574 2
14620 14574 1
14371 14576 1
14391 14579 1
14631 14580 1
14544 14581 1
14460 14582 1
14581 14582 1
14585 14586 1
14585 14587 4
14585 14588 1
14451 14592 4
14451 14593 1
14399 14596 4
14458 14599 1
14599 14600 1
14692 14600 1
14569 14600 2
14654 14601 1
14412 14601 2
14599 14601 1
14412 14602 1
14599 14602 1
14604 14603 1
14391 14605 4
14362 14609 3
14659 14609 2
14368 14610 3
14609 14610 3
14628 14611 1
14397 14611 5
14609 14611 3
14611 14612 5
14397 14612 5
14628 14613 1
14609 14613 3
14402 14613 5
14402 14614 5
14613 14614 5
14397 14615 3
14609 14615 3
14609 14616 3
14689 14616 1
14617 14616 4
14630 14617 1
14362 14617 3
14366 14618 3
14609 14618 3
14368 14619 3
14609 14619 3
14697 14621 1
14357 14621 2
14434 14622 4
14544 14624 1
14535 14625 1
14427 14626 1
14368 14628 1
14397 14629 1
14628 14629 1
14559 14634 1
14487 14635 1
14487 14636 1
14635 14636 1
14475 14638 1
14638 14639 1
14549 14639 1
14674 14640 1
12984 14640 1
14641 14640 3
14638 14640 1
14475 14641 1
14477 14641 1
14476 14641 1
14416 14642 1
14569 14643 1
14481 14647 1
14479 14648 3
14679 14648 1
14647 14648 1
14436 14654 1
14438 14655 1
14654 14655 1
14519 14656 1
14656 14657 1
14387 14657 1
14362 14659 2
14677 14659 1
14659 14660 2
14366 14660 2
14414 14662 3
14665 14662 1
14662 14663 1
14497 14663 1
14427 14664 1
14560 14665 1
14668 14666 3
14478 14666 3
14665 14666 1
14668 14667 3
14497 14667 3
14665 14667 1
14662 14668 2
14414 14668 3
14662 14669 2
14497 14669 2
14559 14671 1
14671 14672 1
14634 14672 1
14476 14674 1
14509 14677 1
14680 14679 1
14382 14681 1
14598 14684 1
14375 14685 2
14684 14685 1
14373 14686 2
14685 14686 2
14630 14689 1
14359 14690 1
14689 14690 1
14485 14691 1
14458 14692 1
14553 14694 1
14694 14695 1
14415 14695 1
14379 14696 1
14371 14697 1
