6224 6223 4
6348 6224 1
6275 6224 2
6313 6225 1
12090 6225 1
6229 6225 1
11796 6225 1
6291 6225 3
6227 6226 4
6228 6226 1
11839 6227 4
6230 6229 5
6231 6230 10
11899 6230 4
11796 6231 2
6457 6232 1
6571 6232 1
6234 6233 1
6233 6235 1
6669 6235 1
6236 6235 4
6705 6235 1
6670 6236 1
11943 6236 1
6750 6236 1
6494 6236 1
6234 6236 3
6235 6237 4
6238 6237 4
6236 6238 4
6233 6239 1
6234 6239 2
6239 6240 2
6234 6240 3
6705 6241 1
6669 6241 1
6240 6241 3
6236 6241 5
6236 6242 6
6772 6242 1
6749 6242 1
6240 6242 3
6669 6242 1
6636 6243 1
11801 6243 2
6243 6244 2
11801 6244 2
6246 6245 4
11828 6247 4
11828 6248 4
11828 6249 4
11828 6250 4
11898 6251 5
11898 6252 5
11809 6253 5
11809 6254 5
11828 6255 4
6257 6255 1
11828 6256 4
11828 6257 4
11828 6258 4
6260 6259 1
6259 6261 1
6262 6261 1
6260 6262 1
6259 6263 1
6262 6263 1
6265 6264 1
6259 6264 1
6260 6265 1
6268 6267 1
6270 6269 2
6796 6269 1
6267 6269 1
6268 6270 3
6506 6270 1
6277 6270 4
6230 6271 1
6271 6272 1
6230 6272 1
11782 6273 4
11877 6274 4
11877 6275 4
6506 6277 1
6280 6279 1
6282 6281 1
11918 6282 5
6367 6283 1
6284 6283 4
6281 6283 1
6721 6283 1
6740 6283 1
6282 6284 4
11845 6285 4
11845 6286 4
11846 6286 4
11846 6287 4
11845 6287 4
11845 6288 4
11846 6288 4
11920 6289 1
11920 6290 7
6289 6290 1
6420 6290 3
6360 6290 2
12062 6292 4
12062 6293 4
11917 6294 3
12079 6295 4
11910 6296 4
11910 6297 4
11910 6298 4
11910 6299 4
11910 6300 4
11910 6301 4
6303 6302 1
6357 6303 3
6303 6304 1
6302 6304 1
6296 6305 1
6306 6307 4
6306 6308 4
6280 6309 1
6309 6310 1
11877 6310 3
6470 6310 1
6312 6311 1
11990 6312 4
6230 6313 5
6314 6315 3
6314 6316 3
6247 6317 1
6696 6318 1
6317 6318 1
6319 6318 3
6247 6319 1
6248 6319 1
6317 6320 1
12087 6320 2
6320 6321 2
12087 6321 6
6420 6321 3
6422 6322 4
6321 6322 6
11786 6322 7
6611 6323 1
6487 6323 1
6350 6323 1
6812 6323 1
6567 6323 1
6726 6323 1
6650 6323 1
6420 6323 3
6481 6323 1
6533 6323 1
11817 6323 18
6321 6323 6
6422 6323 4
6795 6323 1
6486 6323 1
6317 6323 1
6422 6324 4
6321 6324 6
6325 6324 9
6533 6324 1
6650 6324 1
6253 6325 1
6254 6325 1
12087 6325 6
6247 6325 1
6463 6325 1
6464 6325 1
11937 6325 4
11890 6325 1
6351 6325 1
6251 6325 2
6292 6325 1
6255 6325 3
6293 6325 2
6321 6326 6
6422 6326 4
6325 6326 7
6321 6327 6
11786 6327 7
6422 6327 4
6325 6328 7
6422 6328 4
6321 6328 6
6481 6329 1
6422 6329 4
6321 6329 6
6533 6329 1
6486 6329 1
6325 6329 13
6611 6329 1
6567 6329 1
6650 6329 1
6321 6330 6
6325 6330 7
6422 6330 4
6317 6331 1
12087 6331 1
6533 6332 1
6317 6332 1
6325 6332 2
6334 6333 3
6336 6335 3
6223 6337 1
6275 6340 1
6340 6341 1
6224 6341 1
6746 6342 1
6340 6342 1
11852 6342 2
6224 6343 1
6340 6343 1
6340 6344 1
6224 6344 1
6340 6345 1
6224 6345 1
6340 6346 1
6224 6346 1
6340 6347 1
6224 6347 1
11802 6348 4
11918 6349 5
6351 6350 1
12062 6351 4
6350 6352 1
6726 6352 1
6650 6352 1
6567 6352 1
6325 6352 5
6481 6352 1
6325 6353 5
6350 6353 1
6481 6353 1
6650 6353 1
6726 6353 1
6567 6353 1
6650 6354 1
6726 6354 1
6567 6354 1
6350 6354 1
6325 6354 5
6481 6354 1
6650 6355 1
6726 6355 1
6325 6355 5
6481 6355 1
6350 6355 1
6567 6355 1
11782 6358 4
6644 6360 1
11920 6360 2
11800 6361 4
6385 6362 2
11900 6362 4
6362 6363 2
11900 6363 2
6833 6364 1
6365 6364 2
6282 6367 1
6370 6369 3
11843 6371 2
6226 6371 1
6373 6372 1
6372 6374 1
6375 6374 1
6373 6375 1
6377 6376 1
6372 6376 1
6373 6377 1
6375 6378 1
6372 6378 1
6372 6379 1
6375 6379 1
6375 6380 1
6372 6380 1
6372 6381 1
6375 6381 1
6298 6384 1
11900 6385 2
11900 6386 2
6385 6386 2
11806 6387 1
11801 6387 1
6291 6388 1
11796 6388 1
11916 6389 1
6389 6390 1
6840 6390 1
6391 6390 2
11916 6391 2
6389 6392 1
6393 6392 1
11916 6393 2
6393 6394 1
6389 6394 1
6389 6395 1
6393 6395 1
6397 6398 3
6232 6398 3
11844 6399 1
6412 6400 1
6399 6400 1
11845 6400 2
6280 6402 1
6404 6403 1
6403 6405 1
11917 6405 1
11917 6406 1
6403 6406 1
11917 6407 1
6403 6407 1
6403 6408 1
11917 6408 1
6403 6409 1
11917 6409 1
6403 6410 1
11917 6410 1
6288 6412 1
11846 6413 4
6412 6413 1
6800 6413 1
6539 6413 1
11846 6414 4
6413 6414 4
6415 6416 1
6661 6416 2
6739 6417 2
6415 6417 1
6415 6418 1
6770 6418 2
6255 6419 1
6255 6420 3
6419 6420 1
6730 6420 1
11920 6421 3
6420 6421 3
6420 6422 3
11937 6422 4
6325 6423 4
6422 6423 4
6325 6424 4
6422 6424 4
6325 6425 4
6422 6425 4
6422 6426 4
6325 6426 4
6422 6427 4
6325 6427 4
6422 6428 4
12062 6428 4
11990 6429 4
6422 6429 4
6422 6430 4
6325 6430 4
6422 6431 4
6325 6431 4
6325 6432 5
6422 6432 4
6650 6432 1
6422 6433 4
6650 6433 1
6325 6433 5
6422 6434 4
6325 6434 5
6650 6434 1
6325 6435 4
6422 6435 4
6422 6436 4
6325 6436 4
6422 6437 4
6325 6437 4
6650 6438 1
6325 6438 5
6422 6438 4
6422 6439 4
6325 6439 4
6422 6440 4
6325 6440 4
6325 6441 4
6422 6441 4
6422 6442 4
6325 6442 4
6420 6443 3
6422 6443 4
6325 6443 4
6420 6444 3
12087 6444 3
11920 6445 3
6420 6445 3
6447 6446 2
6505 6446 1
6273 6448 1
6285 6448 1
6313 6451 1
11899 6453 2
6452 6453 6
6508 6453 2
6453 6454 5
11898 6455 1
6457 6456 1
6456 6458 1
6459 6458 2
6570 6458 1
6457 6459 1
6571 6459 1
11896 6460 1
6462 6461 3
12062 6463 4
12062 6464 4
11918 6466 1
11918 6467 1
6466 6467 1
12079 6469 4
11923 6470 1
11917 6471 1
6836 6472 1
11801 6472 3
6471 6472 1
6781 6472 1
6836 6473 1
6471 6473 1
6781 6473 1
6294 6473 3
6471 6474 1
6836 6474 1
6781 6474 1
6475 6474 3
11917 6475 3
6477 6476 3
6836 6476 1
6781 6476 1
6471 6476 1
11917 6477 3
6530 6478 3
6479 6478 4
6571 6479 1
6457 6479 1
11797 6480 5
6478 6480 4
6463 6481 1
6567 6482 1
6650 6482 1
6481 6482 1
6325 6482 3
11807 6483 6
6254 6486 1
6253 6487 1
6487 6488 1
6795 6488 1
6325 6488 2
11792 6489 1
6657 6490 1
6497 6496 1
6496 6498 1
6499 6498 1
6497 6499 1
6348 6501 1
6746 6502 1
6224 6502 2
6501 6502 1
6689 6507 1
6506 6509 1
6565 6510 1
6509 6510 1
6270 6510 2
6270 6511 1
6509 6511 1
6509 6512 1
6277 6512 1
11923 6514 1
6516 6515 1
6514 6515 1
6500 6516 1
11923 6516 1
6514 6517 1
6516 6517 1
6519 6518 1
6514 6518 1
11923 6519 1
6514 6520 1
11792 6520 1
6514 6521 1
6516 6521 1
6516 6522 1
6514 6522 1
6524 6523 1
6514 6523 1
11923 6524 1
6514 6525 1
6516 6525 1
6524 6526 1
6514 6526 1
6284 6527 1
6884 6530 1
6479 6530 3
6570 6530 1
6530 6531 3
6479 6531 3
6530 6532 3
6479 6532 3
6293 6533 1
6533 6534 1
6325 6534 1
6533 6535 1
6650 6535 1
6325 6535 2
6533 6536 1
6325 6536 2
6650 6536 1
6325 6537 2
6650 6537 1
6533 6537 1
6533 6538 1
6650 6538 1
6325 6538 2
6286 6539 1
6226 6540 1
11843 6540 2
11918 6541 5
6291 6543 1
6802 6544 1
6225 6544 3
6738 6544 1
6543 6544 1
6738 6545 1
6543 6545 1
6802 6545 1
6225 6545 3
6225 6546 3
6543 6546 1
6738 6546 1
6802 6546 1
6246 6547 4
6358 6548 1
6556 6549 1
11807 6549 3
6548 6549 1
6552 6550 1
6549 6550 1
6548 6550 1
11807 6550 4
6552 6551 1
6548 6551 1
11807 6551 3
6548 6552 1
11807 6552 2
6548 6553 1
11807 6553 2
11807 6554 2
6548 6554 1
11807 6555 1
6548 6555 1
6285 6556 1
6799 6557 1
6748 6557 1
6556 6557 1
12075 6557 6
6736 6557 1
6681 6557 1
6677 6557 1
6556 6558 1
6872 6558 1
6559 6558 3
6560 6558 3
6273 6559 1
6285 6559 1
6559 6560 3
6872 6560 1
6556 6560 1
6559 6561 3
6560 6561 3
6872 6562 1
6448 6562 2
6556 6562 1
6268 6565 1
6464 6567 1
6569 6568 3
6571 6570 1
6570 6572 1
6757 6572 1
6573 6572 2
6457 6573 1
6571 6573 1
6570 6574 1
11798 6574 1
6232 6575 3
6780 6575 1
6570 6575 1
6398 6576 3
6575 6576 3
6570 6577 1
11800 6577 1
6837 6578 1
6579 6578 2
6570 6578 1
6457 6579 1
6571 6579 1
11799 6580 1
6570 6580 1
6657 6583 1
6280 6584 1
6252 6585 1
6454 6587 1
6587 6588 1
6454 6588 1
6590 6589 3
6258 6592 1
6594 6593 1
6552 6593 1
11807 6594 3
6552 6595 1
12077 6595 1
12077 6596 1
6552 6596 1
6599 6597 1
6552 6597 1
6551 6597 1
6483 6597 3
6599 6598 1
6552 6598 1
6551 6598 1
6594 6598 3
11807 6599 2
6552 6599 1
6448 6600 1
6600 6601 1
12017 6601 1
12017 6602 1
6600 6602 1
6252 6603 1
6605 6604 1
6697 6606 1
6607 6606 3
6604 6606 1
6741 6606 1
6605 6607 1
11840 6607 1
11887 6607 1
6301 6608 1
11781 6609 1
11998 6610 1
6609 6610 1
11890 6611 1
11948 6612 1
6833 6613 1
6614 6613 2
11800 6615 4
6280 6617 1
6584 6618 1
6617 6618 1
6617 6619 1
6620 6619 1
6280 6620 1
6617 6621 1
6584 6621 1
6617 6622 1
6584 6622 1
11923 6623 1
11998 6624 4
6284 6626 1
6527 6627 1
6626 6627 1
6527 6628 1
6626 6628 1
6626 6629 1
6527 6629 1
6626 6630 1
6527 6630 1
6626 6631 1
6527 6631 1
6527 6632 1
6626 6632 1
6500 6634 1
11917 6635 1
11917 6636 1
6638 6637 1
6636 6637 1
11917 6638 1
6636 6639 1
6640 6639 1
11917 6640 1
6635 6641 1
6636 6641 1
6559 6643 1
11899 6643 1
6448 6643 1
6256 6644 1
6293 6650 1
6650 6651 1
6325 6651 1
6325 6652 1
6650 6652 1
6650 6653 1
6325 6653 1
6325 6654 1
6650 6654 1
6650 6655 1
6325 6655 1
11782 6660 4
11788 6663 3
11788 6664 3
11909 6665 1
11807 6666 1
6666 6667 1
6668 6667 1
11807 6668 1
6670 6669 1
6674 6673 1
11944 6674 3
6273 6677 1
6223 6678 1
11920 6679 2
6801 6679 1
6358 6681 1
6226 6682 2
6226 6683 2
11943 6684 1
6238 6684 1
6338 6685 1
6689 6688 1
6688 6690 1
6691 6690 1
6689 6691 1
6688 6692 1
6691 6692 1
6688 6693 1
6691 6693 1
6312 6695 1
6248 6696 1
11840 6697 1
6225 6698 1
11933 6698 1
11933 6699 1
6388 6699 1
6388 6700 1
11933 6700 1
6388 6701 1
11933 6701 1
6225 6702 1
11933 6702 1
11933 6703 1
6225 6703 1
11933 6704 1
6231 6704 1
11943 6705 1
6705 6706 1
11914 6706 1
6705 6707 1
6684 6707 1
6705 6708 1
6236 6708 1
11914 6709 1
6705 6709 1
6684 6710 1
6705 6710 1
6705 6711 1
11914 6711 1
6705 6712 1
11914 6712 1
6684 6713 1
6705 6713 1
11936 6716 2
11936 6717 3
6716 6717 2
11936 6718 2
6716 6718 2
6720 6719 3
6282 6721 1
6549 6722 1
6553 6722 1
6550 6722 1
6483 6722 3
11788 6723 3
6292 6726 1
11918 6728 1
6728 6729 1
11918 6729 2
6816 6729 1
6257 6730 1
11920 6731 1
6730 6731 1
6230 6732 1
6230 6733 1
6732 6733 1
6633 6736 1
11813 6737 1
6736 6737 1
6291 6738 1
6282 6740 1
11887 6741 1
6299 6742 1
11788 6743 3
6227 6744 1
6275 6746 1
6746 6747 1
11792 6747 1
6660 6748 1
6750 6749 1
6308 6751 1
11792 6753 1
6687 6755 1
6755 6756 1
6687 6756 1
6457 6757 1
6480 6762 1
6763 6762 1
11797 6763 1
6763 6764 1
6480 6764 1
6763 6765 1
6480 6765 1
6480 6766 1
6763 6766 1
6480 6767 1
11940 6767 1
6230 6768 1
6768 6769 1
6230 6769 1
6494 6772 1
6500 6773 1
6516 6774 1
6773 6774 1
6634 6775 1
6773 6775 1
11788 6776 3
6223 6778 1
6778 6779 1
6223 6779 1
6457 6780 1
11917 6781 1
6401 6782 1
6782 6783 1
6784 6783 1
6401 6784 1
6782 6785 1
6784 6785 1
6782 6786 1
6784 6786 1
11901 6787 1
6782 6787 1
11901 6788 1
6782 6788 1
6782 6789 1
11901 6789 1
6252 6790 1
6790 6791 1
6603 6791 2
11786 6792 2
6791 6792 2
6251 6795 1
6268 6796 1
6796 6797 1
6270 6797 1
6300 6798 1
6373 6799 1
6287 6800 1
11946 6801 1
6291 6802 1
6225 6803 1
6802 6803 1
6388 6804 1
6802 6804 1
6802 6805 1
6225 6805 1
6274 6806 1
6806 6807 1
11792 6807 1
6251 6812 1
6812 6813 1
6325 6813 1
11898 6814 2
6844 6814 1
6844 6815 1
11898 6815 2
6814 6815 2
11918 6816 1
6816 6817 1
11918 6817 1
6816 6818 1
11940 6818 1
11940 6819 1
6816 6819 1
11940 6820 1
6816 6820 1
6657 6821 1
6821 6822 1
6490 6822 1
6490 6823 1
6821 6823 1
6490 6824 1
6821 6824 1
6821 6825 1
6490 6825 1
6821 6826 1
6583 6826 1
6821 6827 1
6583 6827 1
6583 6828 1
6821 6828 1
6821 6829 1
6583 6829 1
6583 6830 1
6821 6830 1
6821 6831 1
6583 6831 1
6821 6832 1
6583 6832 1
6250 6834 1
11917 6836 1
6457 6837 1
6689 6838 1
6507 6839 1
6838 6839 1
11916 6840 1
6393 6841 1
6840 6841 1
6840 6842 1
6393 6842 1
11923 6843 1
11898 6844 1
6844 6845 1
11898 6845 1
6844 6846 1
11898 6846 1
11898 6847 1
6844 6847 1
6844 6848 1
6455 6848 1
11918 6849 1
6849 6850 1
11918 6850 1
6229 6852 1
6878 6859 1
6742 6859 2
6308 6860 1
6860 6861 1
6751 6861 1
6231 6862 1
11971 6862 1
11971 6863 1
6231 6863 1
6312 6864 1
6866 6865 1
6865 6867 1
6866 6867 1
11802 6868 1
11802 6869 1
6868 6869 1
6495 6870 1
6273 6872 1
6872 6873 1
6559 6873 1
6559 6874 1
6872 6874 1
6872 6875 1
6559 6875 1
6559 6876 1
6872 6876 1
6448 6877 1
6872 6877 1
6299 6878 1
12082 6879 1
6879 6880 1
12082 6880 1
6879 6881 1
12082 6881 1
6879 6882 1
6883 6882 1
12082 6883 1
6457 6884 1
11782 11781 4
11784 11783 1
11966 11784 2
11985 11784 3
11783 11785 1
11786 11785 1
11979 11786 6
6247 11786 1
11920 11786 9
11946 11786 1
12029 11786 2
11784 11786 7
11955 11786 1
6255 11786 3
11809 11786 1
6293 11786 2
11828 11786 2
11937 11786 4
11985 11786 3
6742 11786 2
12013 11786 4
12007 11786 4
11908 11786 1
12087 11786 6
11898 11786 1
6603 11786 2
11817 11786 4
11788 11787 3
11790 11789 1
6623 11791 1
11792 11791 3
6402 11791 1
11789 11791 1
6275 11792 1
6280 11792 1
11923 11792 2
11790 11792 1
6274 11792 1
11848 11792 1
11865 11792 4
11920 11793 5
11794 11793 3
11864 11795 4
6389 11795 1
6802 11795 1
11796 11795 11
6291 11796 3
11784 11796 3
11865 11796 4
6495 11796 1
11916 11796 1
11966 11796 2
11802 11797 2
11801 11797 2
6224 11797 2
11800 11797 2
11798 11797 2
11799 11797 2
6479 11797 4
6571 11798 1
6571 11799 1
6571 11800 1
11917 11801 4
11801 11804 2
11804 11805 1
11801 11805 1
11801 11806 3
11804 11806 1
11899 11807 1
6358 11807 1
6285 11807 1
11809 11808 1
11828 11809 10
11811 11810 12
11808 11810 1
6556 11810 1
6420 11810 3
6844 11810 1
12012 11810 4
6872 11810 1
6285 11811 1
11809 11811 1
11966 11811 2
12013 11811 4
11813 11811 4
6273 11811 2
6255 11811 3
11898 11811 1
11813 11812 36
11996 11812 5
11905 11812 25
11810 11812 12
6338 11813 4
11811 11813 15
6633 11813 1
11906 11813 28
11961 11813 6
6339 11813 4
12012 11814 4
11786 11814 11
6422 11814 4
6844 11814 1
11808 11814 1
11814 11815 11
12012 11815 4
6420 11815 3
11786 11815 13
12012 11816 4
11817 11816 14
11815 11816 13
11808 11816 1
12038 11816 2
11979 11817 6
12087 11817 6
11966 11817 2
6312 11817 1
6463 11817 1
12029 11817 2
6660 11817 1
6464 11817 1
11898 11817 1
6293 11817 2
6351 11817 1
6251 11817 2
6253 11817 1
6247 11817 1
11890 11817 1
11899 11817 4
6254 11817 1
11809 11817 1
11937 11817 4
11784 11817 3
6292 11817 1
11786 11817 13
11908 11817 1
12013 11817 6
11985 11817 3
6255 11817 3
11815 11818 13
11817 11818 13
12012 11818 4
11907 11819 1
12012 11819 4
12038 11819 2
6748 11819 1
6317 11819 1
6321 11819 6
6420 11819 3
6422 11819 4
11817 11819 19
11815 11819 13
11978 11820 5
11907 11820 1
12002 11820 3
12012 11820 4
11815 11820 13
11786 11820 29
6420 11820 3
6321 11820 6
6533 11820 1
11922 11820 9
11984 11820 2
6422 11820 4
11814 11821 11
11786 11821 11
11808 11822 1
11809 11822 1
11824 11823 1
11808 11823 1
12013 11824 4
12029 11824 2
11809 11824 1
6317 11825 1
6844 11825 1
11927 11825 3
11808 11825 1
12012 11825 4
11786 11825 13
11984 11825 2
6420 11825 3
11809 11826 1
11808 11826 1
11828 11827 2
6317 11827 1
6247 11828 1
11899 11828 18
11827 11829 2
6608 11829 1
6798 11829 1
11954 11829 1
6305 11829 1
11965 11829 2
6665 11829 1
6612 11829 1
6384 11829 1
6878 11829 1
11830 11829 12
6301 11830 1
11948 11830 1
12004 11830 2
11909 11830 1
6296 11830 1
6300 11830 1
11955 11830 1
11985 11830 3
6299 11830 1
11828 11830 2
6298 11830 1
12007 11830 4
6742 11830 2
11817 11830 1
11966 11830 2
11984 11831 2
12006 11831 4
12021 11831 2
6859 11831 2
11829 11831 12
12003 11831 2
11832 11831 18
11965 11831 2
11954 11831 1
11985 11832 3
11955 11832 1
12007 11832 4
6742 11832 2
11830 11832 12
12004 11832 2
11966 11832 2
11786 11833 2
11827 11833 2
11827 11834 2
11828 11834 2
11827 11835 2
11828 11835 2
11827 11836 2
11828 11836 2
6227 11837 1
11838 11837 2
11839 11838 1
11841 11840 3
6227 11843 4
6228 11843 2
11845 11844 4
11846 11844 4
11844 11845 1
11899 11845 6
6288 11845 1
6287 11846 1
6286 11846 1
6288 11846 1
11848 11847 1
11944 11848 3
6773 11849 1
6746 11849 1
11850 11849 4
6340 11849 1
11847 11849 1
6275 11850 2
6500 11850 1
11848 11850 1
11865 11850 4
11847 11851 1
11852 11851 1
11848 11852 1
6275 11852 2
6500 11852 1
11847 11853 1
11854 11853 1
11848 11854 1
11854 11855 1
11847 11855 1
11854 11856 1
11847 11856 1
11852 11857 1
11847 11857 1
11847 11858 1
6773 11858 1
11852 11858 2
6773 11859 1
11852 11859 2
11847 11859 1
11852 11860 1
11847 11860 1
11847 11861 1
11852 11861 1
11863 11862 1
11847 11862 1
11848 11863 1
6705 11864 1
11865 11864 4
6673 11864 1
11847 11864 1
11848 11865 1
6396 11865 3
6674 11865 1
11943 11865 1
11867 11866 15
11864 11866 4
11876 11866 10
11847 11866 1
6806 11866 1
6514 11866 1
6274 11867 1
6647 11867 1
11877 11867 11
11796 11867 1
11865 11867 4
11923 11867 1
11848 11867 1
11850 11867 1
11797 11867 1
11792 11868 4
11864 11868 4
11864 11869 4
11850 11869 4
11864 11870 4
11871 11870 4
11865 11871 4
11873 11872 4
11864 11872 4
11865 11873 4
11864 11874 4
11871 11874 4
11792 11875 4
11864 11875 4
11847 11875 1
6753 11876 1
6310 11876 3
11877 11876 10
6279 11876 1
6746 11876 1
6340 11876 1
6843 11876 1
11847 11876 1
11848 11877 1
6275 11877 2
6674 11877 1
11923 11877 3
11792 11877 1
6280 11877 3
11876 11878 10
6514 11878 1
11877 11878 13
6617 11878 1
6673 11878 1
11847 11879 1
11792 11879 1
11792 11880 1
11847 11880 1
11847 11881 1
11882 11881 1
11848 11882 1
11792 11883 1
11847 11883 1
11792 11884 1
11847 11884 1
11847 11885 1
11792 11885 1
6489 11886 1
11847 11886 1
11792 11886 2
11788 11889 3
11809 11890 5
11892 11891 1
11895 11893 1
6514 11893 1
11891 11893 1
6460 11893 1
11894 11893 4
11896 11894 2
11923 11894 1
11892 11894 1
11896 11895 1
11898 11897 5
11828 11898 10
11901 11900 4
6401 11901 1
11899 11901 3
11798 11902 4
11904 11903 1
11828 11904 4
11919 11905 5
12026 11905 10
6420 11905 3
11903 11905 1
6834 11905 1
6360 11905 2
6317 11905 1
6548 11905 1
6592 11905 1
6864 11905 1
11906 11905 25
6696 11905 1
6318 11905 3
6290 11905 7
12023 11905 5
6556 11905 1
6358 11906 2
6247 11906 1
6255 11906 3
11813 11906 4
6258 11906 1
6250 11906 1
6285 11906 1
6312 11906 1
11920 11906 16
11904 11906 1
6248 11906 1
6319 11906 3
11966 11906 2
11908 11907 2
11903 11907 1
6465 11908 3
11904 11908 1
11910 11909 4
11911 11910 19
11899 11910 9
11950 11910 9
11949 11910 9
11913 11912 2
6724 11912 1
11943 11914 1
11915 11916 3
6404 11917 1
11918 11917 5
11899 11918 5
11801 11918 12
6644 11919 1
11920 11919 5
6420 11919 3
11985 11920 2
6255 11920 3
11946 11920 1
6250 11920 1
6312 11920 1
6256 11920 1
6257 11920 1
11793 11921 6
11919 11921 5
6290 11922 7
11919 11922 5
6420 11922 3
11920 11922 9
11925 11924 2
6415 11924 1
11784 11927 3
11965 11927 2
12021 11928 2
11984 11928 2
11784 11928 6
11927 11928 3
11786 11929 8
11927 11929 3
11928 11929 6
6859 11929 2
6844 11930 1
6487 11930 1
6795 11930 1
11817 11930 12
6533 11930 1
12038 11930 2
12012 11930 4
11815 11930 1
11927 11930 3
11927 11931 3
11907 11931 1
6321 11931 6
11786 11931 11
6422 11931 4
11927 11932 3
11784 11932 3
6738 11933 1
6802 11933 1
6870 11933 1
11795 11933 2
11927 11933 3
11796 11933 14
6543 11933 1
11927 11934 3
11796 11934 3
11927 11935 3
11786 11935 3
11901 11936 4
11938 11937 3
6255 11937 3
11940 11939 4
11797 11940 1
11918 11940 1
6223 11941 1
6223 11942 3
6337 11942 1
6678 11942 1
11941 11942 1
11944 11943 3
11946 11945 1
11990 11946 4
12006 11947 4
6791 11947 2
11978 11947 5
11954 11947 1
12002 11947 3
11945 11947 1
11984 11947 2
11786 11947 12
11910 11948 4
11798 11952 4
11788 11953 3
11955 11954 1
11984 11956 2
6859 11956 2
11965 11956 2
12003 11956 2
11954 11956 1
11958 11956 2
11957 11956 7
6742 11957 2
11966 11957 2
12004 11957 2
11955 11957 1
11985 11957 2
11959 11957 2
11959 11958 2
11954 11958 1
11955 11959 1
11961 11960 2
11954 11960 1
12029 11961 2
11781 11961 1
11955 11961 1
11813 11961 4
11985 11961 2
11813 11962 8
11969 11962 5
11968 11962 5
11960 11962 2
6666 11963 1
11964 11963 5
6556 11963 1
6799 11963 1
6748 11963 1
11954 11963 1
6660 11964 1
12029 11964 4
6285 11964 1
11807 11964 4
11955 11964 1
6293 11964 1
6373 11964 2
11966 11965 2
11954 11965 1
11955 11966 1
12006 11967 4
11830 11967 9
11965 11967 2
12021 11967 2
11984 11967 2
6859 11967 2
12003 11967 2
11954 11967 1
11965 11968 2
11811 11968 5
6677 11968 1
6556 11968 1
6556 11969 1
11906 11969 5
11965 11969 2
6681 11969 1
11965 11970 2
11817 11970 2
11796 11971 7
6738 11971 1
6543 11971 1
6802 11971 1
11965 11971 2
11973 11972 3
11965 11972 2
6609 11972 1
11781 11973 1
11966 11973 2
11973 11974 3
11965 11974 2
6609 11974 1
11965 11975 2
11976 11975 2
11966 11976 2
11965 11977 2
11830 11977 2
12038 11978 2
11954 11978 1
11979 11978 5
11984 11978 2
11965 11978 2
11966 11979 2
12029 11979 2
11955 11979 1
11985 11979 2
11817 11980 6
11978 11980 5
12002 11980 3
11978 11981 5
12002 11981 3
11786 11981 6
12002 11982 3
11786 11982 6
11978 11982 5
11786 11983 6
11978 11983 5
12002 11983 3
11954 11984 1
11985 11984 2
11955 11985 1
6650 11986 1
12038 11986 2
11984 11986 2
11786 11986 5
6844 11986 1
11984 11987 2
6844 11987 1
12038 11987 2
11817 11987 4
11984 11988 2
6422 11988 4
11786 11988 6
11990 11989 2
11984 11989 2
11985 11990 2
11937 11990 4
6422 11991 4
12038 11991 2
11984 11991 2
6321 11991 6
11786 11991 10
11984 11992 2
12038 11992 2
11817 11992 6
12012 11992 4
12038 11993 2
11984 11993 2
11786 11993 3
12038 11994 2
11786 11994 3
11984 11994 2
6350 11995 1
12038 11995 2
11817 11995 7
11984 11995 2
6481 11995 1
6567 11995 1
6726 11995 1
11984 11996 2
11961 11996 5
12038 11996 2
6609 11996 1
11998 11997 2
11984 11997 2
11985 11998 2
12029 11998 2
11781 11998 1
11899 11998 2
11984 11999 2
6791 11999 2
11786 11999 4
11984 12000 2
11817 12000 2
12038 12001 2
11817 12001 4
11984 12001 2
12021 12001 2
11954 12002 1
11979 12002 3
11984 12002 2
12004 12003 2
11954 12003 1
11955 12004 1
12004 12005 3
12003 12005 2
12007 12006 4
12003 12006 2
12005 12006 3
12004 12007 3
12006 12008 4
11786 12008 5
12038 12008 2
11786 12009 4
12006 12009 4
11786 12010 5
12038 12010 2
12006 12010 4
11830 12011 4
12006 12011 4
12003 12012 2
12013 12012 4
6585 12012 1
6312 12013 1
12004 12013 2
6252 12013 1
12015 12014 6
12012 12014 4
11817 12014 6
12012 12015 4
12013 12015 6
6311 12015 1
12012 12016 4
12017 12016 4
6448 12017 1
12013 12017 4
11786 12018 4
12012 12018 4
12012 12019 4
11824 12019 4
12038 12020 2
12012 12020 4
11824 12020 5
11954 12021 1
11985 12021 2
6422 12022 4
11786 12022 7
12021 12022 2
12038 12022 2
6730 12023 1
6834 12023 1
12021 12023 2
11920 12023 5
6864 12024 1
6730 12024 1
6801 12024 1
6644 12024 1
12025 12024 4
12023 12024 5
11920 12024 9
12021 12025 2
11920 12025 4
6730 12025 1
12025 12026 4
11920 12026 10
6644 12026 1
6420 12026 3
6679 12026 2
6748 12027 1
11954 12027 1
6552 12027 1
12037 12027 3
12028 12027 3
6551 12027 1
6599 12027 1
11964 12027 9
6372 12027 1
6650 12027 1
12029 12028 3
11954 12028 1
6748 12028 1
11955 12029 1
6660 12029 1
12037 12030 3
11964 12030 5
12028 12030 3
6372 12030 1
6748 12031 1
11954 12031 1
12038 12031 2
12032 12031 3
11955 12032 1
11817 12032 4
12029 12032 2
6660 12032 1
12034 12033 1
11954 12033 1
11955 12034 1
11954 12035 1
12036 12035 1
11955 12036 1
12029 12037 3
6748 12037 1
11954 12037 1
12029 12038 2
11954 12038 1
12032 12039 2
12038 12039 2
11817 12040 3
12038 12040 2
6695 12040 1
12038 12041 2
6695 12041 1
12042 12041 3
6312 12042 1
12029 12042 2
11786 12043 2
12038 12043 2
11786 12044 2
12038 12044 2
11786 12045 2
12038 12045 2
11817 12046 2
12038 12046 2
12038 12047 2
11786 12047 2
11786 12048 2
12038 12048 2
12038 12049 2
11786 12049 2
12038 12050 2
11786 12050 2
11786 12051 2
12038 12051 2
11824 12052 2
12038 12052 2
12038 12053 2
11824 12053 2
12038 12054 2
11824 12054 2
11824 12055 2
12038 12055 2
12038 12056 2
12042 12056 2
11786 12057 2
12038 12057 2
12038 12058 2
11998 12058 2
12038 12059 2
11998 12059 2
11786 12060 2
12038 12060 2
12062 12061 2
12038 12061 2
12029 12062 2
11937 12062 4
12038 12063 2
11817 12063 2
12038 12064 2
11824 12064 2
12038 12065 2
11824 12065 2
11824 12066 2
12038 12066 2
11786 12067 2
12038 12067 2
12070 12069 1
12069 12071 1
12072 12071 1
12070 12072 1
11846 12073 1
12073 12074 1
11846 12074 1
6273 12075 1
6373 12075 1
11899 12075 3
6285 12075 1
6358 12075 1
6660 12075 1
6633 12075 1
11807 12077 1
12079 12078 4
12082 12081 1
6382 12082 4
12081 12083 1
12082 12083 2
6879 12083 1
12081 12084 1
12085 12084 1
12082 12085 1
11799 12086 4
12088 12087 3
6255 12087 3
6247 12087 1
12090 12089 1
6230 12090 5
12089 12091 1
6225 12091 3
6451 12091 1
6852 12091 1
