6151 6150 8
6152 6151 13
6154 6153 4
7409 6155 1
6355 6155 2
7436 6155 1
6719 6155 1
6156 6155 6
6354 6156 6
6283 6156 5
7613 6157 1
7489 6157 1
6155 6157 6
7796 6157 1
7462 6157 1
7481 6157 1
6559 6157 1
7397 6157 1
6964 6157 1
6158 6157 21
6499 6157 1
6969 6157 1
6346 6157 1
6690 6157 1
7742 6157 1
6733 6157 1
7229 6157 1
7003 6158 3
6640 6158 7
6959 6158 3
6481 6158 1
6805 6158 3
6328 6158 27
7109 6158 1
6283 6158 17
6156 6158 27
6347 6158 2
6280 6158 4
6246 6158 2
6172 6158 3
6285 6158 5
6500 6158 9
7534 6158 1
6681 6158 1
6806 6158 4
7762 6158 1
6451 6158 1
6473 6158 3
6690 6159 1
6355 6159 2
6155 6159 6
6644 6159 4
6160 6159 13
6346 6159 1
7106 6159 2
6283 6160 1
6354 6160 2
6645 6160 7
6640 6160 2
6839 6160 1
7399 6160 1
7163 6160 2
6347 6160 1
6156 6160 6
6500 6160 5
6473 6160 2
6791 6160 2
6447 6160 2
6437 6160 5
7178 6160 2
7296 6161 1
6964 6161 1
6472 6161 1
7742 6161 1
7205 6161 1
6160 6161 19
7409 6161 1
6499 6161 1
7796 6161 1
6155 6161 6
7392 6161 1
7489 6161 1
7397 6161 1
7492 6161 1
7282 6161 1
6559 6161 1
7578 6162 1
6163 6162 2
7178 6163 2
6162 6164 2
6163 6164 4
6164 6165 3
6163 6165 3
6576 6166 1
6167 6166 3
7564 6168 1
6783 6168 1
6169 6168 13
7799 6168 1
7547 6168 1
6870 6168 1
7586 6168 1
6259 6168 1
6758 6168 1
7511 6168 1
6398 6169 1
6712 6169 1
6998 6169 1
6670 6169 1
6784 6169 1
7180 6169 1
7599 6169 1
7126 6169 1
6244 6169 1
6565 6169 1
6260 6169 1
6203 6169 3
7559 6170 1
7333 6170 1
7752 6170 1
7564 6170 1
6168 6170 13
6169 6170 19
6997 6170 1
6172 6171 1
6234 6172 1
6281 6172 4
7760 6173 1
7380 6173 1
7282 6173 1
6559 6173 1
7397 6173 1
6639 6173 1
7490 6173 1
7742 6173 1
7229 6173 1
7393 6173 1
7482 6173 1
6171 6173 1
6499 6173 1
7376 6173 1
6964 6173 1
6158 6173 40
6472 6173 1
7754 6173 1
6720 6173 4
7734 6173 1
7326 6173 2
6282 6173 6
6450 6173 1
7044 6173 1
7489 6173 1
7650 6173 1
6811 6173 1
6918 6174 1
7460 6174 1
6549 6174 1
7390 6174 1
7783 6174 1
6175 6174 44
6964 6174 1
7393 6174 1
7789 6174 1
7376 6174 1
7490 6174 1
6499 6174 1
7137 6174 5
7531 6174 1
6811 6174 1
7532 6174 1
7431 6174 1
7095 6174 1
7229 6174 1
6639 6174 1
7576 6174 1
7203 6174 1
7136 6174 1
7346 6174 1
6764 6174 3
6250 6174 1
7642 6174 1
6559 6174 1
7489 6174 1
7248 6174 1
7216 6174 1
6450 6174 1
7184 6174 1
7308 6174 1
7295 6174 1
7790 6174 1
6171 6174 1
7283 6174 1
7650 6174 1
7742 6174 1
7651 6174 1
6172 6175 1
6708 6175 2
6181 6175 1
6805 6175 3
6834 6175 2
6354 6175 4
6473 6175 3
7000 6175 1
6328 6175 4
6692 6175 1
6500 6175 7
6251 6175 2
7260 6175 2
6959 6175 2
6268 6175 35
6489 6175 1
6640 6175 2
6804 6175 1
6451 6175 4
6246 6175 2
7003 6175 3
7096 6175 6
6437 6175 28
6578 6175 3
6587 6175 2
6897 6175 1
6503 6175 1
6807 6175 5
6518 6175 1
7544 6176 1
7471 6176 1
6821 6176 1
6907 6176 2
6177 6176 9
7629 6176 1
6588 6176 1
7621 6176 1
6543 6176 1
6171 6176 1
6328 6177 1
6334 6177 1
6166 6177 2
6576 6177 1
6172 6177 4
6587 6177 1
6179 6178 1
6181 6180 1
6247 6181 1
6764 6182 3
7397 6182 1
7760 6182 1
7422 6182 1
7248 6182 1
7734 6182 1
7789 6182 1
7733 6182 1
7652 6182 1
7266 6182 1
7423 6182 1
7623 6182 1
7380 6182 1
7642 6182 1
7184 6182 1
7115 6182 1
7420 6182 1
7482 6182 1
7259 6182 1
6691 6182 1
6175 6182 34
7340 6182 1
7044 6182 1
7664 6182 1
7283 6182 1
7691 6182 1
7754 6182 1
6250 6182 1
7282 6182 1
6472 6182 1
7346 6182 1
7640 6182 1
6762 6182 1
6180 6182 1
6719 6182 1
6184 6183 1
6977 6184 1
6243 6184 2
6871 6185 1
7167 6185 1
7781 6185 1
6668 6185 1
6919 6185 1
7646 6185 1
7746 6185 1
6743 6185 1
7449 6185 1
6267 6185 22
7567 6185 1
6348 6185 1
7724 6185 1
7764 6185 1
7753 6185 1
6186 6185 48
7390 6185 1
7054 6185 1
7136 6185 1
6183 6185 1
7809 6185 1
7773 6185 1
7137 6185 5
7248 6185 1
7588 6185 1
6259 6185 1
7654 6185 1
6908 6185 1
7570 6185 1
7475 6186 1
6618 6186 1
6993 6186 1
6735 6186 1
6191 6186 18
6384 6186 3
6524 6186 3
6708 6186 2
6807 6186 5
6744 6186 9
6184 6186 16
6834 6186 1
7096 6186 6
6888 6186 1
6268 6186 22
6577 6186 1
6260 6186 1
6506 6186 1
6643 6186 1
6387 6186 12
7588 6187 1
6188 6187 3
6578 6188 6
6577 6188 1
7759 6189 1
7768 6189 1
6824 6189 1
7797 6189 1
7472 6189 2
6548 6189 2
7356 6189 1
6602 6189 1
7352 6189 1
7591 6189 2
7264 6189 4
7755 6189 1
6187 6189 3
7590 6189 3
7589 6189 2
6188 6189 25
6669 6189 2
6191 6190 7
7746 6190 1
6893 6190 1
7616 6190 1
7470 6190 1
7500 6190 1
7720 6190 1
6268 6191 2
6652 6191 4
7519 6191 1
6807 6191 5
6191 6192 15
6916 6192 8
6190 6192 7
6194 6193 3
6268 6195 14
6198 6195 2
6197 6195 5
6266 6195 1
6565 6195 1
6196 6195 6
6200 6199 1
6204 6200 4
6202 6201 2
6199 6201 1
7748 6201 1
6836 6202 1
6184 6202 9
6834 6202 1
6203 6202 4
6708 6202 2
6219 6202 2
7180 6202 1
6828 6202 1
6489 6202 1
6524 6202 3
6464 6202 1
6325 6202 1
6692 6202 1
6200 6202 4
6266 6202 1
6204 6203 4
6670 6204 2
6463 6205 1
6207 6206 4
7034 6206 1
7586 6206 1
7207 6206 1
6382 6207 3
6373 6207 1
6459 6207 4
7388 6207 2
6670 6207 1
7359 6208 1
6206 6208 4
7283 6208 1
6302 6208 1
6844 6208 11
7588 6208 1
6967 6208 3
6210 6209 1
6247 6210 1
7293 6211 1
6214 6211 1
7430 6211 1
6939 6211 1
7474 6211 1
6885 6211 1
7777 6211 1
7723 6211 1
6212 6211 9
6209 6211 1
6210 6212 7
7475 6212 1
6181 6212 1
6651 6212 2
6506 6212 3
6212 6213 1
6209 6213 1
6181 6214 1
6212 6215 2
7293 6215 1
6214 6215 1
6212 6216 4
7293 6216 1
6214 6216 1
6885 6216 1
7430 6216 1
6219 6218 1
6247 6219 1
6726 6219 1
6758 6220 1
6202 6220 4
6218 6220 1
7390 6220 1
7716 6220 1
6990 6221 1
7572 6221 1
6202 6221 5
6218 6221 1
7242 6221 1
6691 6221 1
6223 6222 3
6225 6224 1
6247 6225 1
6224 6226 1
7580 6226 1
6227 6226 2
6646 6227 4
6225 6227 3
7580 6228 1
6224 6228 1
6227 6228 4
7198 6228 1
7752 6229 1
6228 6229 4
7200 6229 3
7429 6229 1
6844 6229 12
7559 6229 1
6170 6229 1
7537 6229 1
6920 6229 1
6997 6229 1
6227 6230 4
6224 6230 1
7198 6230 1
7580 6230 1
6232 6231 4
6325 6232 1
6234 6233 1
6401 6234 1
6679 6234 2
6725 6234 2
6247 6234 35
7079 6234 1
6640 6234 1
6246 6234 2
6673 6234 1
6234 6235 1
6233 6235 1
6237 6236 4
6766 6237 4
6184 6238 1
6240 6239 4
6241 6240 27
6245 6244 3
6285 6246 5
6725 6246 2
6615 6246 1
6451 6246 5
6347 6246 4
6533 6246 4
6500 6246 9
6473 6246 3
6280 6246 6
6806 6246 2
6234 6246 14
6830 6248 1
6249 6248 2
6251 6250 1
6253 6252 4
6250 6252 1
7484 6252 1
6490 6252 1
6251 6253 1
6491 6253 1
7398 6253 1
6917 6254 1
6536 6254 1
6438 6254 4
6816 6254 1
6541 6254 2
6450 6254 1
7642 6254 1
7456 6254 2
6269 6254 1
7243 6254 3
6549 6254 1
6516 6254 3
6915 6254 2
7494 6254 1
7346 6254 1
7184 6254 1
7522 6254 1
6913 6254 1
7072 6254 3
6764 6254 3
6955 6254 1
7065 6254 3
7738 6254 1
6250 6254 1
6539 6254 2
6528 6254 6
6175 6254 47
6273 6254 2
6878 6254 2
7184 6255 1
7703 6255 1
6764 6255 3
7642 6255 1
6816 6255 1
6250 6255 1
7346 6255 1
6175 6255 9
6175 6256 22
7642 6256 1
6911 6256 1
7137 6256 5
7345 6256 1
6472 6256 1
7310 6256 1
7282 6256 1
6250 6256 1
7628 6256 1
6531 6256 1
7532 6256 1
7563 6256 1
7295 6256 1
7390 6256 1
7283 6256 1
6764 6256 3
7346 6256 1
7047 6257 1
6436 6257 1
7282 6257 1
7563 6257 1
7642 6257 1
7309 6257 1
7738 6257 1
7346 6257 1
7342 6257 1
6250 6257 1
6175 6257 10
6260 6259 1
6167 6260 3
7564 6261 1
6262 6261 5
6259 6261 1
6783 6261 1
7547 6261 1
6920 6261 1
6971 6262 1
6833 6262 1
6260 6262 1
6972 6262 1
6398 6262 1
6834 6262 2
7126 6262 1
6784 6262 1
6835 6262 1
6454 6262 1
6259 6263 1
6262 6263 3
7310 6263 1
7550 6263 1
6266 6265 1
6643 6266 1
7360 6267 1
7242 6267 1
6914 6267 4
6535 6267 1
6268 6267 22
6265 6267 1
6631 6267 3
7136 6267 1
7390 6267 1
7512 6267 4
6909 6267 2
6877 6267 2
6279 6267 1
6524 6268 3
6708 6268 3
6266 6268 9
7126 6268 1
6398 6268 1
6740 6268 1
6184 6268 6
6735 6268 1
6203 6268 1
6565 6268 3
6912 6269 1
7716 6269 1
6922 6269 1
7502 6269 1
6267 6269 22
6988 6269 1
6265 6269 1
6268 6269 24
6876 6269 1
7360 6269 1
6265 6270 1
7360 6270 1
7390 6270 1
6271 6270 8
7137 6270 5
6266 6271 2
7372 6271 1
6708 6271 1
6807 6271 5
6271 6272 10
7508 6272 1
6275 6272 2
6270 6272 8
6265 6273 1
6268 6273 2
7559 6274 1
6878 6274 2
6438 6274 4
7166 6274 2
7494 6274 1
7522 6274 1
6913 6274 1
6899 6274 1
6374 6274 6
7137 6274 5
6541 6274 2
6536 6274 1
7136 6274 1
6273 6274 2
7586 6274 1
6269 6274 1
6539 6274 2
6917 6274 1
7091 6274 1
6844 6274 42
7065 6274 3
7456 6274 2
7390 6274 1
7243 6274 3
7644 6274 1
6265 6275 1
6271 6275 2
7808 6276 1
6275 6276 2
6271 6276 3
6275 6277 2
7808 6277 1
6271 6277 3
6275 6278 2
6271 6278 3
7808 6278 1
7502 6279 1
6265 6279 1
6922 6279 1
6876 6279 1
6268 6279 8
6912 6279 1
7547 6279 1
6988 6279 1
6281 6280 4
6246 6280 1
6283 6282 6
6158 6283 6
6156 6283 2
6285 6284 1
6246 6285 1
6281 6285 4
7303 6286 1
6879 6286 1
6671 6286 1
6158 6286 5
6284 6286 1
6327 6286 1
7282 6287 1
7691 6287 1
7613 6287 1
7493 6287 1
7516 6287 1
6811 6287 1
6531 6287 1
6389 6287 1
6989 6287 1
7113 6287 1
7114 6287 1
6955 6287 1
7498 6287 1
7481 6287 1
6499 6287 1
7267 6287 1
7489 6287 1
6246 6287 40
7393 6287 1
7626 6287 1
7214 6287 1
6991 6287 1
7737 6287 1
6559 6287 1
7742 6287 1
6964 6287 1
7766 6287 1
7146 6287 1
6284 6287 1
6346 6287 1
6450 6287 1
6929 6287 1
7432 6287 1
6671 6287 1
6879 6287 1
7708 6287 1
7011 6287 1
6472 6287 1
7633 6287 1
7229 6287 1
7440 6287 1
7489 6288 1
6879 6288 1
6472 6288 1
7113 6288 1
7737 6288 1
7613 6288 1
7114 6288 1
6499 6288 1
7498 6288 1
6811 6288 1
7282 6288 1
6531 6288 1
6989 6288 1
6559 6288 1
7292 6288 1
7393 6288 1
7691 6288 1
7493 6288 1
6346 6288 1
6929 6288 1
7516 6288 1
6246 6288 34
7440 6288 1
7214 6288 1
7481 6288 1
6284 6288 1
6964 6288 1
7626 6288 1
7742 6288 1
7708 6288 1
7229 6288 1
6955 6288 1
6991 6288 1
6450 6288 1
6671 6288 1
6291 6290 4
6293 6292 1
6295 6294 4
6297 6296 1
7177 6298 1
7796 6298 1
7340 6298 1
6467 6298 1
6795 6298 1
7577 6298 1
6299 6298 8
7397 6298 1
6296 6298 1
6297 6299 6
6587 6299 4
6328 6299 4
6205 6299 1
6500 6299 2
6354 6299 4
6640 6299 4
6437 6299 2
6285 6299 1
7113 6300 1
6795 6300 1
7177 6300 1
6296 6300 1
6299 6300 4
6296 6301 1
6795 6301 1
6299 6301 3
7177 6301 1
6296 6302 1
6795 6302 1
7177 6302 1
6303 6302 5
6297 6303 3
7571 6304 1
6303 6304 7
6306 6304 6
6302 6304 5
6592 6305 1
7438 6305 1
7310 6305 1
6593 6305 7
6634 6305 1
6821 6305 1
6750 6305 7
7283 6305 1
6467 6305 1
7298 6305 1
6844 6305 30
6627 6305 1
7212 6305 1
7674 6305 1
7544 6305 1
7248 6305 1
7300 6305 1
6302 6305 4
6302 6306 5
6303 6306 6
7441 6307 1
6467 6307 2
6517 6307 1
6844 6307 13
7542 6307 1
6306 6307 6
7078 6307 1
6796 6307 1
6795 6308 1
7177 6308 1
6299 6308 3
6296 6308 1
6717 6309 1
7397 6309 1
7281 6309 1
6936 6309 1
6467 6309 1
7462 6309 1
7037 6309 1
7202 6309 1
6296 6309 1
7177 6309 1
7796 6309 1
6299 6309 17
6425 6309 1
7771 6309 1
7741 6309 1
7467 6309 1
6795 6309 1
6353 6309 1
7796 6310 1
7177 6310 1
7742 6310 1
6639 6310 1
6795 6310 1
6296 6310 1
6299 6310 11
7663 6310 1
7544 6310 1
7489 6310 1
7208 6310 1
6467 6310 1
6312 6311 1
6352 6312 4
6895 6313 1
6600 6313 1
6311 6313 1
6312 6313 8
6512 6313 1
7457 6313 1
6742 6313 1
7769 6313 1
6460 6314 1
6315 6314 20
6553 6314 9
7349 6314 2
6313 6314 8
6195 6315 1
6489 6315 1
6554 6315 9
6437 6315 1
6160 6315 1
6188 6315 1
6897 6315 1
6387 6315 1
7063 6315 2
6251 6315 1
6445 6315 1
6163 6315 2
6651 6315 1
7178 6315 1
6320 6315 1
6993 6315 1
6312 6315 8
7028 6316 1
6577 6316 1
6318 6317 1
6195 6318 5
6659 6319 4
6317 6319 1
6320 6319 5
6196 6320 4
6656 6320 2
6339 6320 2
6708 6320 1
6660 6320 4
6266 6320 1
6318 6320 1
6807 6320 5
6322 6321 1
6321 6323 1
6322 6323 1
6326 6325 3
6337 6325 2
6328 6327 1
7168 6328 1
6330 6329 1
6332 6331 1
6329 6331 1
6167 6332 3
6330 6332 1
6240 6333 4
7455 6334 1
6335 6334 2
7454 6334 1
7192 6334 1
6337 6336 1
6726 6337 1
6247 6337 1
6336 6338 1
6325 6338 1
6341 6340 4
6234 6342 3
6342 6343 4
6342 6344 4
6341 6345 4
6347 6346 1
6246 6347 1
6281 6347 4
6184 6348 1
7057 6349 1
6350 6349 2
6643 6350 1
7695 6351 1
7242 6351 1
7187 6351 1
7390 6351 1
7676 6351 1
7537 6351 1
7368 6351 1
7333 6351 1
6349 6351 2
7716 6351 1
7137 6351 5
7441 6351 1
6927 6351 3
7136 6351 1
7748 6351 1
7811 6351 1
6352 6351 26
7572 6351 1
6919 6351 1
6523 6351 3
7038 6351 1
7593 6351 1
6708 6352 2
7180 6352 1
6266 6352 1
6670 6352 1
6807 6352 5
6204 6352 3
6325 6352 1
6464 6352 3
6184 6352 9
6643 6352 2
6828 6352 1
6350 6352 2
6524 6352 3
6354 6353 1
7168 6354 1
6156 6355 2
6353 6355 1
7149 6356 1
6499 6356 1
7108 6356 1
6964 6356 1
6158 6356 10
6355 6356 2
6933 6356 1
6559 6356 1
7498 6356 1
7740 6356 1
7378 6357 1
7489 6357 1
7761 6357 1
7742 6357 1
7305 6357 1
6158 6357 9
6355 6357 2
7214 6357 1
6717 6357 1
6644 6358 4
6355 6358 2
6160 6358 6
7033 6359 1
7492 6359 1
6160 6359 6
7409 6359 1
6355 6359 2
6905 6359 1
6283 6360 4
6355 6360 2
7661 6360 1
7699 6360 1
7202 6361 1
6362 6361 18
6717 6361 1
6490 6361 1
7741 6361 1
6825 6361 1
7305 6361 1
7037 6361 1
7380 6361 1
7281 6361 1
7771 6361 1
7115 6361 1
6353 6361 1
7734 6361 1
7282 6361 1
6762 6361 1
6472 6361 1
7482 6361 1
7401 6361 1
6578 6362 4
6437 6362 6
6932 6362 1
6473 6362 3
6725 6362 1
7534 6362 1
6834 6362 1
6797 6362 2
6959 6362 3
6158 6362 21
6354 6362 6
6328 6362 5
6587 6362 5
6491 6362 1
6805 6362 1
6533 6362 4
6500 6362 4
6196 6363 4
6708 6363 1
6633 6363 1
6266 6363 1
6241 6364 3
6377 6365 3
6367 6366 2
7534 6367 1
6369 6368 2
7804 6368 1
6366 6368 1
7534 6369 1
6367 6369 1
6369 6370 2
7804 6370 1
6366 6370 1
6366 6371 1
6369 6371 2
7804 6371 1
6366 6372 1
6369 6372 2
7804 6372 1
6375 6374 6
6402 6374 5
6234 6375 5
6377 6376 3
6316 6377 7
6380 6379 3
6381 6380 7
6383 6381 10
6820 6381 4
6520 6381 4
6382 6381 21
6721 6381 4
6684 6384 2
6618 6384 1
6385 6384 4
6640 6385 6
7213 6386 1
7641 6386 1
7051 6386 1
6387 6386 4
6653 6387 6
7520 6387 1
6508 6388 1
6386 6388 4
6186 6388 5
6280 6389 1
6389 6390 1
7336 6390 1
6158 6390 3
6457 6390 1
7440 6391 1
7146 6391 1
7011 6391 1
6389 6391 1
6246 6391 4
7146 6392 1
6630 6392 1
6158 6392 6
6991 6392 1
6389 6392 1
6667 6392 2
6158 6393 4
7011 6393 1
7594 6393 1
6396 6393 1
6389 6393 1
7482 6394 1
7754 6394 1
7380 6394 1
7002 6394 1
6158 6394 9
6954 6394 1
7325 6394 1
6389 6394 1
7042 6394 1
7760 6394 1
6158 6395 5
6389 6395 1
7146 6395 1
7325 6395 1
6808 6395 1
7487 6395 1
6156 6396 1
6234 6397 1
6572 6398 1
6476 6398 1
6399 6398 3
6401 6400 1
6726 6401 1
6234 6401 1
6400 6402 1
6873 6402 3
6234 6402 5
6402 6403 5
6375 6403 6
6234 6404 5
6402 6404 5
6424 6405 5
7001 6405 2
6402 6405 5
6234 6405 11
6402 6406 5
6234 6406 5
6402 6407 5
6234 6407 5
6402 6408 5
7671 6408 1
6409 6408 7
6234 6409 5
7043 6409 3
6242 6409 1
6411 6410 7
6414 6410 5
6408 6410 7
6415 6411 5
6409 6411 7
6411 6412 7
6408 6412 7
6414 6412 5
6414 6413 5
6408 6413 6
6411 6413 6
6415 6414 6
6402 6414 5
7709 6415 2
6234 6415 5
6746 6415 1
6417 6416 6
6414 6416 6
6415 6417 6
6234 6417 5
6414 6418 6
6417 6418 6
6414 6419 6
6417 6419 6
6417 6420 6
6414 6420 6
6414 6421 6
6417 6421 6
6417 6422 5
6402 6422 5
6402 6423 5
6417 6423 5
7626 6424 1
7371 6424 1
6400 6424 1
6234 6424 5
7505 6424 1
6328 6425 1
7481 6426 1
6158 6426 14
7113 6426 1
7304 6426 6
6425 6426 1
7796 6426 1
7397 6426 1
7462 6426 1
6969 6426 1
7225 6426 1
6156 6427 1
6158 6428 10
7754 6428 1
7423 6428 1
6427 6428 1
6474 6428 7
7192 6429 1
6432 6429 1
6430 6429 2
6431 6429 1
6434 6433 6
6152 6434 6
6291 6435 4
6437 6436 1
6594 6437 1
6247 6437 1
6922 6438 1
7093 6438 1
6268 6438 4
6876 6438 1
7065 6439 3
7390 6439 1
6440 6439 22
7522 6439 1
6269 6439 1
6539 6439 2
6438 6439 4
6536 6439 1
7137 6439 5
7243 6439 3
6913 6439 1
6268 6440 16
6708 6440 1
6807 6440 5
7377 6441 1
6439 6441 22
6440 6441 25
7501 6442 1
6440 6442 26
6439 6442 22
6441 6442 25
7501 6443 1
6440 6443 23
6439 6443 22
6796 6444 1
7078 6444 1
6445 6444 8
6438 6444 4
6279 6444 1
6196 6445 4
6268 6445 5
6339 6445 2
6444 6446 8
6445 6446 9
7328 6446 1
6160 6448 1
7323 6449 1
6433 6449 4
6451 6450 1
6281 6451 4
6246 6451 1
7664 6452 1
6450 6452 1
6158 6452 4
7161 6452 1
7090 6452 1
6454 6453 1
6970 6454 1
7189 6454 2
6262 6455 3
7257 6455 1
7614 6455 1
6453 6455 1
6328 6457 1
6437 6460 1
6460 6461 1
6299 6461 2
7086 6461 1
6380 6462 3
6465 6464 5
6466 6464 3
6352 6465 8
6464 6465 3
6219 6465 1
6205 6467 3
6817 6467 1
6191 6469 1
6916 6470 8
7616 6470 1
7470 6470 1
6508 6470 1
6601 6470 1
7746 6470 1
6469 6470 1
6191 6470 18
7500 6470 1
6893 6470 1
7720 6470 1
6938 6470 1
6186 6471 8
6564 6471 1
6523 6471 3
7781 6471 1
6469 6471 1
7215 6471 1
7150 6471 1
6473 6472 1
6246 6473 1
6281 6473 4
6594 6473 1
6472 6474 1
7499 6474 1
6158 6474 7
7115 6474 1
6811 6474 1
6493 6474 1
7282 6474 1
6931 6475 1
6474 6475 7
7304 6475 6
7639 6475 1
6930 6475 2
6362 6475 17
6570 6476 1
6477 6476 2
6464 6478 1
6479 6478 4
6325 6479 1
6481 6480 1
6959 6481 3
6480 6482 1
6483 6482 2
7229 6482 1
6481 6483 2
6500 6483 1
7534 6483 1
7560 6484 1
7105 6484 1
6315 6484 3
6315 6485 6
6782 6485 4
6484 6485 3
7014 6486 1
6577 6486 1
7096 6486 3
6384 6486 1
6489 6487 1
6163 6487 3
7014 6487 1
6486 6487 8
6487 6488 5
6487 6489 5
6491 6490 1
7292 6492 1
7450 6492 1
6930 6492 2
7531 6492 1
7214 6492 1
7742 6492 1
6931 6492 1
7712 6492 1
7633 6492 1
7229 6492 1
7708 6492 1
7493 6492 1
7208 6492 1
7804 6492 1
6362 6492 18
6490 6492 1
6918 6492 1
6811 6492 1
6156 6493 1
6493 6494 1
7760 6494 1
6158 6494 4
6511 6494 1
7610 6494 1
6495 6496 1
7375 6496 2
6495 6497 1
6810 6497 2
6495 6498 1
6956 6498 2
6500 6499 1
6246 6500 1
6281 6500 4
6501 6502 3
6234 6503 1
6247 6503 1
6241 6504 3
6506 6505 1
6652 6506 4
6709 6506 2
6153 6506 1
7519 6506 1
6186 6507 6
6505 6507 1
6891 6507 1
7270 6507 1
6601 6507 1
7781 6507 1
7468 6507 1
6191 6508 1
6387 6509 1
6186 6510 20
6523 6510 3
6617 6510 1
7588 6510 1
7596 6510 1
7535 6510 1
6509 6510 1
6916 6510 8
7657 6510 1
7781 6510 1
6689 6510 2
6283 6511 1
6312 6512 1
6514 6513 3
7441 6513 1
6664 6513 1
6325 6514 1
6614 6514 1
6514 6515 4
6513 6515 3
6965 6515 1
7038 6516 1
7360 6516 1
6268 6516 3
6518 6517 1
6723 6518 2
7780 6518 1
7779 6518 1
7192 6518 1
6520 6519 1
6381 6520 4
6381 6521 12
6819 6521 1
6943 6521 2
7721 6521 1
7045 6521 1
6519 6521 1
6696 6521 2
7035 6521 1
7012 6521 2
7763 6521 1
6524 6523 3
7368 6523 1
7807 6523 1
6294 6524 2
6828 6524 1
7389 6525 1
6938 6525 1
6523 6525 3
7474 6525 1
7753 6525 1
6186 6525 7
7084 6526 1
6202 6526 5
7187 6526 1
7368 6526 1
6523 6526 3
6202 6527 5
7811 6527 1
6523 6527 3
7368 6527 1
7701 6527 1
7811 6528 1
6523 6528 3
6268 6528 6
7360 6528 1
6523 6529 3
6524 6529 3
7807 6529 1
6523 6530 3
7656 6530 1
7368 6530 1
6524 6530 4
6451 6531 1
6150 6532 2
6246 6533 1
6281 6533 4
6238 6534 2
6222 6534 1
6266 6535 1
6912 6536 1
6535 6536 1
6268 6536 7
7502 6536 1
6988 6536 1
6913 6537 1
6658 6537 3
7136 6537 1
6535 6537 1
7736 6537 1
6268 6537 7
6870 6538 1
6631 6538 3
7068 6538 1
6877 6538 2
6535 6538 1
6878 6538 2
7512 6538 4
7494 6538 1
6923 6538 2
6195 6538 16
6279 6538 1
6924 6538 2
6268 6539 2
6535 6539 1
7390 6540 1
7679 6540 1
6535 6540 1
6655 6540 1
6320 6540 4
6535 6541 1
6268 6541 2
7438 6542 1
6535 6542 1
7390 6542 1
6363 6542 3
6172 6543 1
7471 6544 1
6158 6544 7
6999 6544 2
6821 6544 1
6543 6544 1
7225 6544 1
6177 6545 7
6543 6545 1
6588 6545 1
6821 6545 1
6907 6545 2
7629 6545 1
7621 6545 1
6177 6546 7
6545 6546 7
6341 6547 4
6188 6548 2
6437 6549 1
6151 6550 3
6735 6551 1
6268 6551 1
6196 6551 4
6807 6551 5
7624 6553 1
6554 6553 9
7515 6553 1
7533 6553 1
7302 6553 1
7521 6553 1
7607 6553 1
7758 6553 1
7439 6553 1
6646 6554 8
6555 6555 1
6556 6555 2
6555 6557 1
6556 6557 1
6555 6558 2
6556 6558 2
6500 6559 1
6561 6560 1
6563 6562 3
6560 6562 1
7775 6562 1
7337 6562 1
6481 6563 1
6561 6563 1
7338 6563 1
6184 6564 1
6204 6565 4
6656 6565 2
6568 6567 1
7179 6569 1
6603 6569 1
6567 6569 1
7582 6569 1
6844 6569 4
6570 6571 1
7335 6571 2
6570 6572 1
7757 6572 2
7077 6573 2
6570 6573 1
6575 6574 5
6295 6575 8
6579 6577 5
6188 6577 5
6620 6578 2
6203 6578 1
6618 6578 1
6489 6578 1
7014 6578 1
6807 6578 5
6387 6578 2
6587 6578 15
6836 6578 2
6651 6578 1
6888 6578 1
6487 6578 2
7096 6578 6
6238 6578 2
6993 6578 1
6834 6578 2
6578 6579 6
6618 6579 1
7096 6579 5
6291 6580 4
6238 6581 2
7654 6581 1
7123 6582 1
7543 6582 1
6578 6582 12
6772 6582 8
6581 6582 2
7370 6583 1
6534 6583 3
6581 6583 2
6585 6584 1
6586 6584 1
7168 6587 1
6334 6588 1
6544 6589 1
6590 6589 4
6588 6589 1
6821 6589 1
7544 6589 1
6166 6590 2
6578 6590 2
6576 6590 1
6587 6590 1
6328 6590 1
6334 6590 1
6172 6590 1
6158 6590 1
7471 6591 1
6907 6591 2
6588 6591 1
7629 6591 1
6590 6591 4
6397 6592 1
6397 6593 7
7772 6593 1
6592 6593 1
6890 6593 2
7595 6593 1
7727 6593 1
7784 6595 1
6596 6595 2
6595 6597 2
6596 6597 2
6740 6598 2
6842 6599 1
6312 6600 1
6191 6601 1
6188 6602 1
6568 6603 1
6380 6604 3
6514 6605 1
6605 6606 1
7571 6606 1
6837 6606 1
6844 6606 3
6605 6607 1
6514 6607 1
7281 6608 1
7248 6608 1
7213 6608 1
7639 6608 1
7724 6608 1
6578 6608 9
7208 6608 1
7641 6608 1
7137 6609 5
7283 6609 1
7712 6609 1
6608 6609 9
7401 6609 1
6578 6609 24
6764 6609 3
6787 6609 2
7401 6610 1
7707 6610 1
7283 6610 1
6936 6610 1
6609 6610 24
6722 6610 1
7544 6610 1
6578 6610 27
6437 6612 1
7345 6613 1
7223 6613 1
6175 6613 9
7733 6613 1
7205 6613 1
7598 6613 1
6734 6613 1
6905 6613 1
6612 6613 1
7792 6613 1
6232 6614 4
6281 6615 4
6246 6615 1
6240 6616 4
6618 6617 1
6247 6618 1
7573 6619 1
7549 6619 1
6620 6619 8
6984 6619 1
6774 6619 1
6617 6619 1
7226 6619 1
7013 6619 1
7390 6619 1
6384 6620 2
6836 6620 1
6708 6620 1
6807 6620 5
7096 6620 5
7475 6620 1
6577 6620 1
7014 6620 1
6487 6620 2
6587 6620 1
6651 6620 1
6618 6620 1
6203 6620 2
6770 6621 1
6689 6621 2
6620 6621 6
6617 6621 1
7265 6621 1
7612 6621 1
6984 6622 1
7573 6622 1
6578 6622 7
7013 6622 1
7549 6622 1
6774 6622 1
7226 6622 1
6617 6622 1
7013 6623 1
7549 6623 1
6774 6623 1
6617 6623 1
7573 6623 1
6984 6623 1
7226 6623 1
6578 6623 9
7095 6623 1
7283 6623 1
7460 6624 1
7651 6624 1
7576 6624 1
6617 6624 1
6579 6624 6
7783 6624 1
7308 6624 1
6384 6625 3
6617 6625 1
7465 6625 1
6384 6626 4
6687 6626 1
6625 6626 3
6343 6627 1
6237 6628 4
6237 6629 4
6328 6630 1
6876 6631 1
6268 6631 3
6922 6631 1
6196 6632 4
6807 6632 5
6268 6632 3
6234 6633 1
6503 6634 1
6785 6635 1
6844 6635 3
6634 6635 1
7696 6635 1
6636 6637 1
6746 6638 1
6637 6638 1
6640 6639 1
6247 6640 1
6234 6640 1
6594 6640 1
6969 6641 1
7796 6641 1
6385 6641 6
7397 6641 1
7462 6641 1
6639 6641 1
7507 6641 1
6194 6642 3
6247 6643 8
6645 6644 4
7253 6644 2
7252 6644 1
6665 6644 2
7064 6645 1
7344 6646 1
6326 6646 11
6971 6646 1
6554 6647 5
6554 6648 5
6437 6649 1
6649 6650 1
6437 6650 1
7425 6651 2
6153 6651 1
6653 6651 4
7520 6651 1
6154 6652 1
6710 6652 6
6387 6653 1
6154 6653 1
6949 6653 9
6387 6654 6
6656 6655 1
6643 6656 1
7679 6657 1
6565 6657 2
6655 6657 1
7679 6658 1
6565 6658 3
6655 6658 1
6660 6659 4
6658 6659 3
6565 6660 3
6972 6660 1
6796 6661 1
6659 6661 4
7137 6661 5
7078 6661 1
6320 6661 11
6565 6662 2
7679 6662 1
6655 6662 1
6614 6664 1
6645 6665 2
7252 6665 1
6665 6666 2
7253 6666 2
6718 6666 1
6645 6666 4
6156 6667 2
7033 6667 1
6184 6668 1
6188 6669 2
6204 6670 4
6285 6671 1
6673 6672 1
6234 6673 1
7483 6674 1
7488 6674 1
6234 6674 4
6678 6674 1
6672 6674 1
6651 6675 2
6983 6676 1
6212 6676 2
6675 6676 1
6679 6678 1
6234 6679 1
6681 6680 1
6234 6681 1
6680 6682 1
7256 6682 1
7745 6682 1
7235 6682 1
7760 6682 1
6954 6682 1
7754 6682 1
7325 6682 1
7482 6682 1
6158 6682 9
7579 6683 1
7473 6683 1
6158 6683 5
7432 6683 1
6680 6683 1
7459 6683 1
6295 6684 4
6325 6684 1
6203 6685 1
7227 6686 1
7248 6686 1
7549 6686 1
7283 6686 1
6787 6686 2
6578 6686 11
6764 6686 3
6685 6686 1
7639 6686 1
6684 6687 1
6884 6688 1
6684 6688 3
7465 6688 1
6687 6688 1
6384 6689 2
6687 6689 1
6283 6690 1
6692 6691 1
7283 6693 1
6919 6693 1
7390 6693 1
7136 6693 1
7573 6693 1
7248 6693 1
6202 6693 8
6691 6693 1
7602 6693 1
6520 6695 1
6520 6696 2
6695 6696 1
6578 6697 1
6697 6698 1
6697 6699 1
6697 6700 1
6697 6701 1
6697 6702 1
6697 6703 1
6697 6704 1
6697 6705 1
6707 6706 3
6643 6708 1
6154 6709 2
6245 6712 3
6587 6713 1
6713 6714 1
7123 6714 1
7558 6714 1
7802 6714 1
7543 6714 1
6772 6714 8
6578 6714 13
6839 6715 1
6715 6716 1
7162 6716 1
7253 6716 2
7578 6716 1
6790 6716 1
6718 6716 1
6160 6716 7
6328 6717 1
6645 6718 1
6354 6719 1
7623 6720 1
6719 6720 1
6156 6720 4
6381 6721 4
6578 6722 1
6291 6724 4
6281 6725 4
6726 6725 1
6246 6725 1
7356 6727 1
7297 6727 1
7786 6727 1
7653 6727 1
6992 6727 1
7463 6727 1
6315 6727 7
6341 6728 4
6341 6729 4
6341 6730 4
6341 6731 4
6341 6732 4
6328 6733 1
6437 6734 1
6643 6735 1
6737 6736 3
6740 6739 1
7310 6741 1
7248 6741 1
7655 6741 1
6739 6741 1
6844 6741 5
7353 6741 1
6312 6742 1
6744 6743 1
6594 6744 1
6247 6744 1
7764 6745 1
6908 6745 1
7713 6745 1
6747 6745 1
7150 6745 1
6186 6745 18
6743 6745 1
7514 6745 1
7308 6745 1
7781 6745 1
7576 6745 1
6893 6745 1
7390 6745 1
7474 6745 1
7095 6745 1
7535 6745 1
7753 6745 1
7460 6745 1
7265 6745 1
7710 6746 1
6636 6746 1
6378 6746 2
6744 6747 1
6749 6748 1
6234 6749 1
6749 6750 7
7428 6750 1
6748 6750 1
7528 6750 1
7452 6750 1
7361 6750 1
7298 6750 1
6151 6751 3
6651 6754 1
6896 6755 1
6754 6755 1
6315 6755 2
6156 6756 1
7604 6757 1
6756 6757 1
7146 6757 1
6158 6757 3
6203 6758 1
6758 6759 1
7799 6759 1
6620 6759 2
6506 6760 1
6675 6761 1
6212 6761 3
6760 6761 1
6889 6761 1
6587 6762 1
6609 6763 1
6764 6763 3
6762 6763 1
6362 6763 5
7208 6763 1
7422 6764 1
6762 6764 1
6578 6764 3
6362 6765 3
6764 6765 3
6684 6767 1
6684 6768 1
6767 6768 1
6326 6769 7
6620 6770 1
6770 6771 1
7097 6771 1
6578 6771 3
7549 6772 1
7374 6772 2
6578 6772 8
6771 6772 3
7424 6772 1
7095 6773 1
7460 6773 1
7137 6773 5
7474 6773 1
7390 6773 1
6770 6773 1
7576 6773 1
7588 6773 1
6620 6773 12
7308 6773 1
6487 6774 1
6774 6775 1
7283 6775 1
6487 6775 2
6867 6776 1
6774 6776 1
6487 6776 2
6774 6777 1
6487 6777 2
7283 6777 1
6774 6778 1
6487 6778 2
7283 6778 1
7126 6779 1
6399 6779 3
6325 6779 1
6398 6779 1
6241 6780 3
7560 6781 1
6315 6781 2
6781 6782 2
6164 6782 1
6315 6782 4
6784 6783 1
6399 6784 3
6786 6785 1
6247 6786 1
6578 6787 2
7544 6787 1
6590 6788 2
6787 6788 2
6241 6789 3
6791 6790 1
6790 6792 1
6791 6792 1
6150 6793 2
6240 6794 4
6297 6795 1
6339 6796 1
7363 6797 1
6167 6797 3
6799 6798 1
6381 6799 4
6798 6800 1
6799 6800 1
6802 6801 1
6179 6803 1
6737 6804 3
6234 6805 1
6281 6805 4
6594 6805 1
6246 6806 1
6281 6806 4
6325 6807 1
6708 6807 3
6328 6808 1
7226 6809 1
6651 6809 3
6675 6809 1
7778 6809 1
6473 6811 1
6811 6812 1
6813 6812 1
6473 6813 1
6811 6814 1
6175 6814 1
6811 6815 1
6175 6815 4
7532 6815 1
7223 6815 1
7703 6815 1
6437 6816 1
6463 6817 1
6205 6818 2
6467 6818 2
6820 6819 1
6381 6820 4
6328 6821 1
7544 6822 1
6823 6822 2
6821 6822 1
6587 6823 1
6328 6823 1
6188 6824 1
6437 6825 1
6827 6826 1
6247 6826 1
6643 6828 1
6941 6829 3
6830 6831 1
7119 6831 2
6753 6832 1
7306 6832 1
6204 6834 4
6204 6835 4
6204 6836 4
6838 6837 1
6325 6838 1
7274 6838 1
6840 6839 3
6842 6841 1
7625 6843 1
6801 6843 1
7386 6843 1
6302 6843 1
7609 6843 1
7542 6843 1
7224 6843 1
7078 6843 1
6921 6843 1
6844 6843 39
7537 6843 1
6785 6843 1
7765 6843 1
7259 6843 1
6230 6843 4
7715 6843 1
6178 6843 1
7438 6843 1
7627 6843 1
6796 6843 1
6841 6843 1
7756 6843 1
7176 6843 1
7632 6843 1
7782 6843 1
7381 6843 1
7190 6843 1
6803 6843 1
7795 6843 1
7539 6843 1
6252 6843 1
7711 6843 1
7294 6843 1
6599 6843 1
7546 6843 1
7696 6843 1
7608 6843 1
6253 6844 1
6514 6844 4
6694 6844 1
6205 6844 3
6518 6844 1
6227 6844 6
6337 6844 1
6673 6844 1
6179 6844 4
6343 6844 4
6207 6844 6
6339 6844 3
6577 6844 1
6842 6844 7
6973 6844 1
6835 6844 1
6268 6844 24
6712 6844 1
7132 6844 1
7317 6844 1
6807 6844 5
6169 6844 1
6834 6844 2
6708 6844 2
6375 6844 6
6629 6844 1
7509 6844 1
6998 6844 1
6328 6844 1
7085 6844 1
6464 6844 1
6303 6844 7
6325 6844 2
7121 6844 1
6244 6844 1
7540 6844 1
6894 6844 1
7382 6844 1
6802 6844 1
7260 6844 1
6633 6844 1
6736 6844 1
6397 6844 7
6598 6844 1
6786 6844 1
7206 6844 1
6503 6844 1
6381 6844 2
6749 6844 7
6838 6844 1
6489 6844 1
6670 6844 1
7092 6844 1
6568 6844 4
6587 6844 1
6740 6844 2
7541 6844 1
6150 6845 2
6837 6865 1
6838 6865 1
6838 6866 1
6837 6866 1
6487 6867 1
6487 6868 1
6867 6868 1
6487 6869 1
6867 6869 1
6565 6870 1
6184 6871 1
6725 6872 1
6872 6873 1
6234 6873 3
6985 6873 1
6377 6874 3
6266 6876 1
6268 6877 2
6876 6877 1
6268 6878 2
6876 6878 1
6285 6879 1
6882 6881 1
6234 6882 1
6881 6883 1
6882 6883 1
6325 6884 1
6210 6885 1
6212 6886 4
6939 6886 1
7777 6886 1
6885 6886 1
7430 6886 1
6573 6887 1
6465 6888 5
6506 6889 1
7158 6890 1
6397 6890 2
6387 6891 1
6191 6893 1
6312 6895 1
6897 6896 1
6381 6899 1
6459 6900 1
7586 6901 1
6207 6901 5
7690 6901 1
6900 6901 1
7069 6901 1
7148 6901 1
6437 6905 1
6166 6907 2
7629 6907 1
6735 6908 1
6268 6909 2
6908 6909 1
6908 6910 1
6269 6910 1
6551 6910 2
6437 6911 1
6266 6912 1
6988 6913 1
6268 6913 4
6912 6913 1
7502 6913 1
6912 6914 1
7502 6914 1
6268 6914 4
6988 6914 1
6268 6915 2
6912 6915 1
6915 6916 2
7137 6916 5
6191 6916 8
6915 6917 2
6988 6917 1
6268 6917 4
6437 6918 1
6184 6919 1
6835 6920 1
6325 6921 1
6266 6922 1
6268 6923 2
6922 6923 1
6268 6924 2
6922 6924 1
7586 6926 1
6670 6926 2
6204 6927 3
6926 6927 2
7586 6927 1
6240 6928 4
6347 6929 1
7362 6930 1
6797 6930 2
6932 6931 1
7221 6932 1
7192 6932 1
7222 6932 1
7220 6932 2
6328 6933 1
6934 6935 3
6587 6936 1
6191 6938 1
6210 6939 1
7777 6940 1
6212 6940 3
6939 6940 1
7474 6940 1
6381 6941 5
6383 6941 2
6721 6942 1
6942 6943 1
6721 6943 2
6945 6944 1
6947 6946 1
7791 6948 1
6947 6948 2
6946 6948 1
6465 6950 2
7384 6950 1
7384 6951 1
7236 6951 1
6950 6951 2
6465 6951 4
6465 6952 4
7236 6952 1
6951 6952 4
6950 6953 2
6465 6953 2
6640 6954 1
6451 6955 1
7522 6957 1
6279 6957 1
6913 6957 1
6632 6957 8
7137 6957 5
6959 6958 1
6234 6959 1
6158 6960 8
7661 6960 1
7229 6960 1
7380 6960 1
7775 6960 1
6958 6960 1
7804 6960 1
7734 6960 1
6362 6961 8
6960 6961 8
6362 6962 8
7626 6962 1
7532 6962 1
7663 6962 1
7431 6962 1
7790 6962 1
6958 6962 1
7652 6962 1
7489 6962 1
7734 6963 1
7775 6963 1
7380 6963 1
6481 6963 4
6958 6963 1
6500 6964 1
6514 6965 2
6514 6966 1
6965 6966 1
6965 6967 2
6514 6967 3
6941 6968 3
6640 6969 1
6970 6971 1
7189 6971 2
6970 6972 1
7189 6972 2
6156 6975 1
7554 6976 1
7745 6976 1
6975 6976 1
6158 6976 4
7451 6976 1
6240 6978 4
6312 6979 2
6291 6981 4
6506 6983 1
6487 6984 1
6234 6985 1
6985 6986 1
6234 6986 3
7326 6986 2
7325 6986 1
6985 6987 1
6234 6987 1
6266 6988 1
6347 6989 1
6200 6990 1
6280 6991 1
6993 6992 1
6653 6993 1
6620 6993 4
6315 6994 1
6994 6995 1
6315 6995 1
6998 6997 1
6245 6998 3
6283 6999 2
6247 7000 1
6234 7001 2
7523 7001 1
6328 7002 1
6234 7003 1
6219 7004 1
7537 7005 1
6465 7005 3
7004 7005 1
7384 7006 1
6465 7006 4
7005 7006 3
7009 7008 3
6769 7009 5
6280 7011 1
6820 7012 2
7480 7012 1
7014 7013 1
6487 7015 1
7013 7015 1
7013 7016 1
6486 7016 3
7588 7016 1
7308 7017 1
7016 7017 3
6486 7017 5
7576 7017 1
6486 7018 5
7016 7018 3
7576 7018 1
7308 7018 1
6486 7019 3
7016 7019 3
7576 7020 1
7308 7020 1
7013 7020 1
6486 7020 5
7016 7020 3
7013 7021 1
6486 7021 5
7016 7021 3
7095 7021 1
7308 7021 1
7095 7022 1
6486 7022 4
7013 7022 1
7016 7022 3
6486 7023 5
7308 7023 1
7013 7023 1
7576 7023 1
7016 7023 3
6486 7024 5
7308 7024 1
7016 7024 3
7576 7024 1
7576 7025 1
7016 7025 3
6486 7025 5
7308 7025 1
7016 7026 3
7657 7026 1
6486 7026 4
7028 7027 1
7588 7029 1
7027 7029 1
6316 7029 2
7027 7030 1
6316 7030 1
6207 7031 1
6207 7032 1
7031 7032 1
6354 7033 1
6373 7034 1
6721 7035 1
6354 7037 1
6184 7038 1
7038 7039 1
6202 7039 2
7339 7039 1
7009 7041 3
6156 7042 1
6328 7044 1
6721 7045 1
6437 7047 1
6315 7049 2
7453 7049 1
7049 7050 2
6315 7050 2
6387 7051 1
7051 7052 1
7764 7052 1
7781 7052 1
6186 7052 5
7720 7052 1
7722 7052 1
6184 7054 1
7055 7056 3
6643 7057 1
7057 7058 1
6643 7058 1
7057 7059 1
6643 7059 1
6643 7060 1
7057 7060 1
7586 7061 1
7728 7061 1
7441 7061 1
6352 7061 4
7057 7061 1
6643 7062 1
7057 7062 1
6268 7065 3
7676 7065 1
7360 7065 1
6376 7066 1
7066 7067 1
6376 7067 1
6268 7068 1
6459 7069 1
6572 7070 1
6398 7071 2
7545 7071 1
7070 7071 1
6268 7072 3
7242 7072 1
7593 7072 1
6834 7074 1
6337 7075 1
6325 7076 1
7075 7076 1
6339 7078 1
6234 7079 1
7081 7082 4
7081 7083 4
6200 7084 1
6297 7086 1
7089 7088 1
6156 7090 1
7092 7091 1
6740 7093 1
7096 7095 1
6247 7096 1
6594 7096 1
7095 7097 1
6578 7097 9
7651 7097 1
7460 7097 1
7764 7097 1
7783 7097 1
7576 7097 1
7308 7097 1
6387 7098 1
6186 7099 5
7098 7099 1
7781 7099 1
7588 7099 1
7616 7099 1
7514 7099 1
7192 7100 1
7102 7100 1
7101 7100 2
7103 7100 1
6445 7105 3
6645 7106 2
7252 7106 1
6194 7107 3
7109 7108 1
6575 7112 5
6285 7113 1
6725 7114 1
6328 7115 1
6240 7116 4
6207 7117 3
7387 7117 1
7690 7117 1
6207 7118 3
7117 7118 3
6587 7123 1
6365 7124 1
7124 7125 1
6365 7125 2
6399 7126 3
7328 7127 1
7105 7127 2
6445 7127 3
6445 7128 3
7105 7128 2
7328 7128 1
7130 7129 2
7667 7129 1
7129 7131 1
7396 7133 1
7135 7133 2
7134 7133 2
7395 7133 1
6708 7136 1
7441 7137 1
7390 7137 1
7136 7137 1
6807 7137 5
7736 7137 1
6551 7138 5
7137 7138 5
6320 7139 5
7137 7139 5
6240 7140 4
6240 7141 4
6240 7142 4
6240 7143 4
6240 7144 4
6834 7145 2
6280 7146 1
6291 7147 4
6459 7148 1
6328 7149 1
6744 7150 1
7781 7151 1
7583 7151 1
7150 7151 1
7753 7151 1
6186 7151 9
7500 7151 1
7514 7151 1
7687 7151 1
7764 7151 1
7474 7151 1
6186 7152 6
7330 7152 1
7753 7152 1
7150 7152 1
7470 7152 1
7474 7152 1
7764 7152 1
7154 7153 1
7154 7155 1
7153 7155 1
7157 7156 1
7153 7156 1
7154 7157 1
6397 7158 1
6283 7161 1
7163 7162 1
7162 7164 1
7163 7164 1
7387 7166 1
6207 7166 2
6184 7167 1
6156 7170 1
7745 7171 1
7325 7171 1
6158 7171 6
7459 7171 1
7290 7171 1
7170 7171 1
7649 7171 1
7173 7172 1
7600 7174 1
7747 7174 1
7172 7174 1
7173 7174 3
7600 7175 1
7172 7175 1
7173 7175 3
7747 7175 1
6973 7176 1
6297 7177 1
6568 7179 1
7181 7180 3
6707 7183 3
6437 7184 1
6575 7185 1
7185 7186 1
6575 7186 2
7660 7186 1
6184 7187 1
6673 7190 1
6234 7191 1
7433 7193 2
7435 7193 1
7434 7193 1
7192 7193 1
7638 7194 1
7192 7194 1
7536 7194 2
7192 7195 1
7299 7195 2
7354 7195 1
7355 7195 1
6315 7196 1
6315 7197 1
7196 7197 1
6225 7198 1
6227 7199 1
7198 7199 1
7198 7200 1
7580 7200 1
6227 7200 3
6227 7201 2
7580 7201 1
7198 7201 1
6354 7202 1
6437 7203 1
6241 7204 3
6437 7205 1
6459 7207 1
6587 7208 1
7210 7209 2
7566 7209 1
7211 7209 2
7565 7209 1
6343 7212 1
6387 7213 1
6500 7214 1
6387 7215 1
6503 7216 1
6291 7217 4
6291 7218 4
6291 7219 4
6437 7223 1
7085 7224 1
6156 7225 1
6651 7226 1
6578 7227 1
6194 7228 3
6500 7229 1
7229 7230 1
6483 7230 1
6483 7231 2
7775 7231 1
7229 7231 1
7229 7232 1
7804 7232 1
6483 7232 2
7229 7233 1
6483 7233 1
6483 7234 1
7229 7234 1
6328 7235 1
6464 7236 1
6464 7237 2
7537 7237 1
7236 7237 1
6497 7238 1
7238 7239 1
7240 7239 1
6497 7240 1
6241 7241 3
6266 7242 1
6268 7243 3
7242 7243 1
7748 7243 1
6294 7244 1
7244 7245 1
6294 7245 1
7246 7247 3
6834 7248 1
7074 7249 1
7248 7249 1
7074 7250 1
7248 7250 1
7248 7251 1
7074 7251 1
7064 7252 1
6645 7253 2
7252 7253 1
6791 7254 1
7698 7255 1
7555 7255 1
7254 7255 1
7410 7255 1
6160 7255 4
6156 7256 1
6971 7257 1
7343 7258 1
7257 7258 1
6646 7258 2
7260 7259 1
7262 7261 1
7259 7261 1
7260 7262 1
7259 7263 1
7262 7263 1
6188 7264 4
7096 7265 1
7260 7266 1
6280 7267 1
6246 7268 1
7267 7268 1
7168 7269 1
6643 7270 1
6352 7271 4
7441 7271 1
7586 7271 1
7270 7271 1
7695 7271 1
7273 7272 3
6399 7275 3
6156 7276 1
7459 7277 1
7276 7277 1
6158 7277 3
7774 7277 1
6283 7279 2
6283 7280 2
6587 7281 1
6473 7282 1
6489 7283 1
7283 7284 1
6487 7284 1
7283 7285 1
6487 7285 1
7283 7286 1
7689 7286 1
6315 7286 2
7283 7287 1
7288 7287 1
6489 7288 1
6487 7289 1
7283 7289 1
6328 7290 1
6232 7291 4
6533 7292 1
6210 7293 1
6694 7294 1
6437 7295 1
6437 7296 1
6160 7297 1
6749 7298 1
6343 7300 1
6234 7301 1
6554 7302 1
6156 7303 1
7482 7304 1
6158 7304 6
7303 7304 1
7741 7304 1
7771 7304 1
7770 7304 1
6328 7305 1
6197 7307 3
7096 7308 1
6437 7309 1
6834 7310 1
7550 7311 1
7310 7311 1
7312 7311 2
6834 7312 2
7310 7313 1
7312 7313 2
7550 7313 1
7145 7314 2
7550 7314 1
7310 7314 1
7310 7315 1
7145 7315 2
7550 7315 1
7316 7317 3
6151 7318 1
7318 7319 1
7318 7320 1
7318 7321 1
7318 7322 1
6151 7323 1
6433 7324 4
7323 7324 1
6246 7325 1
6246 7326 2
7325 7326 1
7326 7327 2
6175 7327 2
6445 7328 1
6387 7330 1
6366 7332 1
7804 7332 1
6367 7332 2
7180 7333 1
6202 7334 2
7333 7334 1
7441 7334 1
6156 7336 1
7338 7337 1
7592 7338 1
6198 7338 1
6203 7339 1
6437 7340 1
6437 7342 1
7344 7343 1
6437 7345 1
6518 7346 1
7063 7348 1
7348 7349 1
7063 7349 2
6188 7352 1
6740 7353 1
6188 7356 1
6578 7357 1
6578 7358 1
7767 7359 1
6598 7359 3
7735 7359 1
6266 7360 1
6749 7361 1
7363 7362 1
7110 7364 1
7364 7365 1
7110 7365 1
7364 7366 1
7110 7366 1
7364 7367 1
7110 7367 1
6828 7368 1
6222 7370 1
6234 7371 1
7612 7374 1
6578 7374 2
7003 7376 1
6440 7377 1
6283 7378 1
6959 7380 1
6842 7381 1
6465 7384 1
7384 7385 1
6465 7385 2
7801 7385 1
6842 7386 1
7388 7387 1
6387 7389 1
6708 7390 1
7502 7391 1
6268 7391 2
7390 7391 1
6437 7392 1
6500 7393 1
6640 7397 1
6195 7400 1
6587 7401 1
6150 7402 2
7178 7403 2
7578 7403 1
7178 7404 2
7403 7404 2
7178 7405 2
7403 7405 2
7403 7406 2
7178 7406 2
7403 7407 2
7178 7407 2
7178 7408 2
7403 7408 2
6354 7409 1
7178 7410 1
6163 7411 1
7410 7411 1
6478 7412 1
7496 7413 2
6478 7413 4
7495 7413 1
7412 7413 1
7631 7413 1
6478 7414 3
7496 7414 2
7412 7414 1
7495 7414 1
7495 7415 1
7412 7415 1
6478 7415 3
7496 7415 2
6478 7416 3
7495 7416 1
7412 7416 1
7496 7416 2
6478 7417 3
7495 7417 1
7496 7417 2
7412 7417 1
7496 7418 2
7495 7418 1
7412 7418 1
6478 7418 3
7412 7419 1
6478 7419 3
7495 7419 1
7496 7419 2
6897 7420 1
6587 7422 1
6328 7423 1
6587 7424 1
6154 7425 2
7125 7427 1
6365 7427 1
6749 7428 1
6629 7429 1
6210 7430 1
6354 7431 1
6806 7432 1
6354 7436 1
6163 7437 1
6633 7438 1
6554 7439 1
6280 7440 1
6325 7441 1
6352 7442 1
7441 7442 1
7441 7443 1
6479 7443 1
6202 7444 1
7441 7444 1
6232 7445 1
7441 7445 1
7441 7446 1
6838 7446 1
6779 7447 1
7441 7447 1
7441 7448 1
6838 7448 1
6184 7449 1
6437 7450 1
6328 7451 1
6749 7452 1
6320 7453 1
6268 7456 2
7502 7456 1
6312 7457 1
6806 7459 1
7096 7460 1
7082 7461 2
6640 7462 1
7178 7463 1
7178 7464 1
7463 7464 1
6684 7465 1
6297 7467 1
7096 7468 1
6191 7470 1
6172 7471 1
6188 7472 2
6156 7473 1
7475 7474 1
6247 7475 1
7474 7476 1
6212 7476 1
6212 7477 1
7474 7477 1
7479 7478 3
6820 7480 1
6285 7481 1
6805 7482 1
6679 7483 1
7398 7484 1
7274 7485 1
7485 7486 1
6838 7486 1
6156 7487 1
7079 7488 1
6500 7489 1
7003 7490 1
6437 7492 1
6533 7493 1
6268 7494 1
6478 7495 1
7495 7496 1
6478 7496 2
6478 7497 2
7496 7497 2
6500 7498 1
6283 7499 1
6191 7500 1
6440 7501 1
6266 7502 1
7502 7503 1
6268 7503 1
6234 7505 1
6640 7507 1
6271 7508 1
6203 7511 1
7511 7512 1
6268 7512 4
7547 7512 1
7564 7512 1
6744 7514 1
6554 7515 1
6451 7516 1
6153 7517 2
6153 7518 2
6154 7519 1
6154 7520 1
6554 7521 1
6268 7522 1
6640 7523 1
6315 7524 1
7524 7525 1
6315 7525 1
7163 7526 1
7526 7527 1
7163 7527 1
6749 7528 1
6437 7531 1
6437 7532 1
6554 7533 1
6744 7535 1
6464 7537 1
6202 7538 1
7537 7538 1
7540 7539 1
6339 7542 1
6587 7543 1
6587 7544 1
6476 7545 1
7317 7546 1
6398 7547 1
7564 7548 1
7547 7548 1
6779 7548 2
6587 7549 1
6834 7550 1
6468 7551 1
6468 7552 1
7551 7552 1
7551 7553 1
6468 7553 1
6806 7554 1
7163 7555 1
7421 7556 1
7421 7557 1
6587 7558 1
6712 7559 1
6195 7560 1
7154 7561 1
7561 7562 1
7154 7562 1
6437 7563 1
7126 7564 1
6184 7567 1
6200 7568 1
7593 7569 1
6202 7569 2
7568 7569 1
6184 7570 1
6303 7571 1
6184 7572 1
6836 7573 1
7469 7574 1
7574 7575 1
7469 7575 1
7096 7576 1
6297 7577 1
7178 7578 1
6328 7579 1
6225 7580 1
6568 7582 1
6744 7583 1
6223 7585 3
6670 7586 1
6352 7587 1
7586 7587 1
6577 7588 1
6188 7589 2
7588 7589 1
7588 7590 1
6188 7590 3
6188 7591 2
7588 7591 1
6184 7593 1
6328 7594 1
6397 7595 1
6184 7596 1
6804 7597 1
6437 7598 1
7173 7600 1
7747 7601 1
7173 7601 2
7600 7601 1
6219 7602 1
6328 7604 1
6156 7605 1
7666 7606 1
7605 7606 1
6158 7606 3
7745 7606 1
6554 7607 1
7382 7608 1
6842 7609 1
6328 7610 1
6620 7612 1
6347 7613 1
6972 7614 1
7614 7615 1
6660 7615 1
6191 7616 1
6387 7617 1
7617 7618 1
6653 7618 1
6172 7621 1
6354 7623 1
6554 7624 1
6842 7625 1
6725 7626 1
7206 7627 1
6437 7628 1
6576 7629 1
6478 7631 1
6179 7632 1
6533 7633 1
7635 7634 1
6414 7634 1
6242 7635 1
6415 7635 1
6409 7635 1
7635 7636 1
6414 7636 1
7635 7637 2
6414 7637 1
7671 7637 1
6408 7637 1
6834 7639 1
7000 7640 1
6387 7641 1
6804 7642 1
7642 7643 1
7597 7643 1
6381 7644 1
6184 7646 1
6315 7647 1
6315 7648 1
7647 7648 1
6640 7649 1
7003 7650 1
7096 7651 1
6437 7652 1
6387 7653 1
6184 7654 1
6736 7655 1
6294 7656 1
6384 7657 1
6241 7658 3
6575 7660 1
6283 7661 1
6354 7663 1
6328 7664 1
6328 7666 1
7513 7668 1
7668 7669 1
7513 7669 1
6242 7671 1
7635 7672 1
7671 7672 1
7635 7673 1
7671 7673 1
6343 7674 1
6184 7676 1
7676 7677 1
6202 7677 2
7799 7677 1
6656 7679 1
7682 7681 1
7681 7683 1
7682 7683 1
7682 7684 1
7681 7684 1
7681 7685 1
7682 7685 1
7682 7686 1
7681 7686 1
6387 7687 1
6315 7689 1
7388 7690 1
6451 7691 1
7693 7692 1
7693 7694 1
7692 7694 1
6464 7695 1
7121 7696 1
7178 7697 1
6645 7698 1
6283 7699 1
6158 7700 1
7699 7700 1
6203 7701 1
6251 7703 1
6315 7704 1
7703 7704 1
6836 7707 1
6533 7708 1
7710 7709 1
6378 7709 2
6179 7711 1
6587 7712 1
6387 7713 1
7509 7715 1
6184 7716 1
6191 7720 1
6520 7721 1
6744 7722 1
6210 7723 1
6993 7724 1
7056 7725 1
7056 7726 1
7725 7726 1
6397 7727 1
6464 7728 1
7728 7729 1
6478 7729 1
6465 7730 1
7728 7730 1
6315 7731 1
7731 7732 1
6315 7732 1
6437 7733 1
6959 7734 1
6740 7735 1
6708 7736 1
6615 7737 1
6437 7738 1
6283 7740 1
6328 7741 1
6500 7742 1
6838 7743 1
7743 7744 1
6838 7744 1
6806 7745 1
6191 7746 1
7173 7747 1
6184 7748 1
6244 7752 1
6744 7753 1
6805 7754 1
6188 7755 1
6337 7756 1
6554 7758 1
6188 7759 1
6805 7760 1
7762 7761 1
6820 7763 1
6888 7764 1
6894 7765 1
6806 7766 1
6740 7767 1
6188 7768 1
6312 7769 1
6283 7770 1
6328 7771 1
6397 7772 1
6184 7773 1
6328 7774 1
6481 7775 1
7775 7776 1
6483 7776 1
6210 7777 1
6651 7778 1
6744 7781 1
6842 7782 1
7096 7783 1
6596 7784 1
6479 7785 1
6163 7786 1
6315 7787 1
6315 7788 1
7787 7788 1
6437 7789 1
6354 7790 1
6947 7791 1
6437 7792 1
6573 7793 1
7793 7794 1
6887 7794 1
7132 7795 1
6640 7796 1
6188 7797 1
6203 7799 1
6465 7801 1
6587 7802 1
7534 7804 1
7804 7805 1
6369 7805 1
6367 7806 1
7804 7806 1
6294 7807 1
6271 7808 1
6184 7809 1
6184 7811 1
